之上,0.0,3.0,0.0,1.0
日,3.0,96.0,0.030303030303030304,0.9696969696969697
亟待解决,0.0,6.0,0.0,1.0
降费,0.0,3.0,0.0,1.0
走向,0.0,3.0,0.0,1.0
历程,3.0,0.0,1.0,0.0
反馈,3.0,0.0,1.0,0.0
…,0.0,6.0,0.0,1.0
提及,0.0,9.0,0.0,1.0
热衷于,0.0,6.0,0.0,1.0
及其,3.0,3.0,0.5,0.5
撤销,0.0,3.0,0.0,1.0
莅临,6.0,0.0,1.0,0.0
两融,0.0,3.0,0.0,1.0
六月份,0.0,6.0,0.0,1.0
书面,0.0,6.0,0.0,1.0
无论,0.0,3.0,0.0,1.0
拓尔思,0.0,3.0,0.0,1.0
回归,0.0,6.0,0.0,1.0
上证所,0.0,6.0,0.0,1.0
看鹏,0.0,3.0,0.0,1.0
同比,0.0,33.0,0.0,1.0
控制权,0.0,3.0,0.0,1.0
硕士,3.0,0.0,1.0,0.0
产业,4.0,3.0,0.5714285714285714,0.42857142857142855
广大,0.0,3.0,0.0,1.0
此次,12.0,21.0,0.36363636363636365,0.6363636363636364
彰显,0.0,3.0,0.0,1.0
经营范围,0.0,3.0,0.0,1.0
查询,0.0,12.0,0.0,1.0
i2,0.0,3.0,0.0,1.0
php,0.0,6.0,0.0,1.0
独到,0.0,3.0,0.0,1.0
:,9.0,27.0,0.25,0.75
持股,0.0,6.0,0.0,1.0
令人,0.0,6.0,0.0,1.0
乐思,0.0,3.0,0.0,1.0
0,0.0,15.0,0.0,1.0
旧有,0.0,3.0,0.0,1.0
认可,3.0,0.0,1.0,0.0
群众反映,0.0,9.0,0.0,1.0
柱形图,0.0,3.0,0.0,1.0
懂,0.0,3.0,0.0,1.0
辞呈,0.0,12.0,0.0,1.0
实际,0.0,12.0,0.0,1.0
至,3.0,0.0,1.0,0.0
三七开,0.0,6.0,0.0,1.0
推,0.0,30.0,0.0,1.0
多月,0.0,5.0,0.0,1.0
工作室,0.0,6.0,0.0,1.0
讳莫如深,0.0,6.0,0.0,1.0
标准,0.0,15.0,0.0,1.0
4.27,0.0,3.0,0.0,1.0
任职,0.0,6.0,0.0,1.0
员工,0.0,6.0,0.0,1.0
计算机,3.0,0.0,1.0,0.0
官方,0.0,6.0,0.0,1.0
成,0.0,15.0,0.0,1.0
增持,0.0,144.0,0.0,1.0
成都,0.0,6.0,0.0,1.0
电讯,0.0,6.0,0.0,1.0
华为,0.0,3.0,0.0,1.0
上海,0.0,27.0,0.0,1.0
制药,0.0,3.0,0.0,1.0
集体,0.0,6.0,0.0,1.0
请问,0.0,6.0,0.0,1.0
10,3.0,3.0,0.5,0.5
股份,0.0,36.0,0.0,1.0
换句话说,0.0,3.0,0.0,1.0
亿元,0.0,81.0,0.0,1.0
实质,0.0,6.0,0.0,1.0
之中,0.0,6.0,0.0,1.0
人工智能,0.0,6.0,0.0,1.0
来自,0.0,9.0,0.0,1.0
16827.09,0.0,3.0,0.0,1.0
lagou,0.0,6.0,0.0,1.0
越来越,3.0,0.0,1.0,0.0
增增持,0.0,3.0,0.0,1.0
浙江,1.0,0.0,1.0,0.0
13,0.0,12.0,0.0,1.0
走高,0.0,3.0,0.0,1.0
形式,0.0,6.0,0.0,1.0
听到,0.0,6.0,0.0,1.0
完成,0.0,6.0,0.0,1.0
而鹏,0.0,12.0,0.0,1.0
费用,0.0,3.0,0.0,1.0
集结,0.0,3.0,0.0,1.0
永远,0.0,3.0,0.0,1.0
各个,0.0,3.0,0.0,1.0
类别,0.0,3.0,0.0,1.0
进而,0.0,12.0,0.0,1.0
参加,3.0,0.0,1.0,0.0
不适感,0.0,3.0,0.0,1.0
H,0.0,6.0,0.0,1.0
计算机科学,3.0,0.0,1.0,0.0
宽带,0.0,147.0,0.0,1.0
事实,0.0,3.0,0.0,1.0
期间,0.0,6.0,0.0,1.0
反弹,0.0,3.0,0.0,1.0
png,0.0,27.0,0.0,1.0
hqpick,0.0,3.0,0.0,1.0
7,0.0,18.0,0.0,1.0
智慧,0.0,3.0,0.0,1.0
还是,3.0,24.0,0.1111111111111111,0.8888888888888888
暗访,0.0,6.0,0.0,1.0
还有,0.0,6.0,0.0,1.0
急先锋,0.0,3.0,0.0,1.0
】,12.0,3.0,0.8,0.2
上,3.0,36.0,0.07692307692307693,0.9230769230769231
学员,3.0,0.0,1.0,0.0
高性能,0.0,3.0,0.0,1.0
增速,0.0,6.0,0.0,1.0
遭到,0.0,3.0,0.0,1.0
2006,0.0,3.0,0.0,1.0
发展,7.0,78.0,0.08235294117647059,0.9176470588235294
发展壮大,0.0,6.0,0.0,1.0
云网,0.0,3.0,0.0,1.0
从,0.0,51.0,0.0,1.0
50,3.0,6.0,0.3333333333333333,0.6666666666666666
=,0.0,42.0,0.0,1.0
6.68,0.0,3.0,0.0,1.0
而鹏云,0.0,9.0,0.0,1.0
+,0.0,18.0,0.0,1.0
赵鹏,15.0,0.0,1.0,0.0
进展,0.0,9.0,0.0,1.0
联通,0.0,12.0,0.0,1.0
到,0.0,24.0,0.0,1.0
是否,0.0,9.0,0.0,1.0
出手,0.0,6.0,0.0,1.0
其次,0.0,3.0,0.0,1.0
研究员,0.0,3.0,0.0,1.0
总资产,0.0,15.0,0.0,1.0
担保,0.0,6.0,0.0,1.0
来说,0.0,3.0,0.0,1.0
资金,0.0,9.0,0.0,1.0
无,0.0,21.0,0.0,1.0
零售,0.0,3.0,0.0,1.0
通,0.0,21.0,0.0,1.0
所示,0.0,6.0,0.0,1.0
贡献,0.0,3.0,0.0,1.0
限售,0.0,3.0,0.0,1.0
加强,0.0,3.0,0.0,1.0
造成,0.0,6.0,0.0,1.0
营销,0.0,3.0,0.0,1.0
带头,0.0,3.0,0.0,1.0
实时,0.0,6.0,0.0,1.0
4.0,0.0,3.0,0.0,1.0
监管,0.0,3.0,0.0,1.0
价格,0.0,6.0,0.0,1.0
采访,0.0,6.0,0.0,1.0
披露,0.0,12.0,0.0,1.0
超过,0.0,6.0,0.0,1.0
闻,0.0,3.0,0.0,1.0
20170803,0.0,6.0,0.0,1.0
需求,0.0,9.0,0.0,1.0
超,0.0,9.0,0.0,1.0
代表大会,0.0,3.0,0.0,1.0
不错,0.0,6.0,0.0,1.0
低于,0.0,30.0,0.0,1.0
不强,0.0,6.0,0.0,1.0
无法,0.0,9.0,0.0,1.0
不给力,0.0,3.0,0.0,1.0
巨人,0.0,3.0,0.0,1.0
过程,3.0,6.0,0.3333333333333333,0.6666666666666666
海康,0.0,3.0,0.0,1.0
疑有,0.0,6.0,0.0,1.0
本质,0.0,3.0,0.0,1.0
关闭,3.0,0.0,1.0,0.0
000156,0.0,3.0,0.0,1.0
阿里,0.0,3.0,0.0,1.0
行动,0.0,19.0,0.0,1.0
金朝力,0.0,3.0,0.0,1.0
如此,0.0,3.0,0.0,1.0
月份,0.0,3.0,0.0,1.0
借此,0.0,3.0,0.0,1.0
集团股份,0.0,9.0,0.0,1.0
符合,0.0,3.0,0.0,1.0
立意,0.0,3.0,0.0,1.0
签约,3.0,0.0,1.0,0.0
中国,3.0,18.0,0.14285714285714285,0.8571428571428571
财务报告,0.0,6.0,0.0,1.0
提交,0.0,12.0,0.0,1.0
240,0.0,3.0,0.0,1.0
状态,0.0,6.0,0.0,1.0
资料,0.0,9.0,0.0,1.0
15996.06,0.0,3.0,0.0,1.0
违规行为,0.0,12.0,0.0,1.0
显得,0.0,6.0,0.0,1.0
少量,0.0,3.0,0.0,1.0
再融资,0.0,6.0,0.0,1.0
态度,0.0,3.0,0.0,1.0
部分,0.0,12.0,0.0,1.0
m,0.0,3.0,0.0,1.0
独特,0.0,3.0,0.0,1.0
企视通,0.0,6.0,0.0,1.0
资费,0.0,3.0,0.0,1.0
课堂,0.0,39.0,0.0,1.0
日期,0.0,3.0,0.0,1.0
共有,0.0,3.0,0.0,1.0
现有,0.0,3.0,0.0,1.0
不久,0.0,6.0,0.0,1.0
18463.16,0.0,3.0,0.0,1.0
12,0.0,3.0,0.0,1.0
一事,0.0,3.0,0.0,1.0
网络覆盖,0.0,6.0,0.0,1.0
总额,0.0,3.0,0.0,1.0
会,0.0,6.0,0.0,1.0
一种,0.0,6.0,0.0,1.0
覆盖,0.0,3.0,0.0,1.0
愿,3.0,0.0,1.0,0.0
激烈,0.0,6.0,0.0,1.0
说好,0.0,2.0,0.0,1.0
1.29,0.0,9.0,0.0,1.0
拓展,0.0,12.0,0.0,1.0
股权,0.0,3.0,0.0,1.0
没有,3.0,15.0,0.16666666666666666,0.8333333333333334
44,0.0,3.0,0.0,1.0
5,3.0,51.0,0.05555555555555555,0.9444444444444444
基本面,0.0,3.0,0.0,1.0
不算,0.0,3.0,0.0,1.0
虚拟,0.0,27.0,0.0,1.0
亦,0.0,6.0,0.0,1.0
日鹏,0.0,15.0,0.0,1.0
对,3.0,39.0,0.07142857142857142,0.9285714285714286
捆绑,0.0,12.0,0.0,1.0
采用,3.0,6.0,0.3333333333333333,0.6666666666666666
实名制,0.0,6.0,0.0,1.0
数码港,3.0,0.0,1.0,0.0
月,3.0,162.0,0.01818181818181818,0.9818181818181818
列,0.0,6.0,0.0,1.0
人,3.0,3.0,0.5,0.5
两次,0.0,6.0,0.0,1.0
摆脱,0.0,6.0,0.0,1.0
建投,0.0,6.0,0.0,1.0
专家,0.0,3.0,0.0,1.0
报道,0.0,6.0,0.0,1.0
曾,0.0,3.0,0.0,1.0
亿股,0.0,6.0,0.0,1.0
/,3.0,162.0,0.01818181818181818,0.9818181818181818
诊股,0.0,8.0,0.0,1.0
高鹏,45.0,0.0,1.0,0.0
大跌,0.0,6.0,0.0,1.0
—,0.0,31.0,0.0,1.0
亮相,0.0,3.0,0.0,1.0
无条件,0.0,3.0,0.0,1.0
路线,0.0,3.0,0.0,1.0
证券报,0.0,18.0,0.0,1.0
票面,0.0,6.0,0.0,1.0
秘密武器,3.0,0.0,1.0,0.0
通信,0.0,9.0,0.0,1.0
十二,0.0,3.0,0.0,1.0
拟,0.0,9.0,0.0,1.0
一番,3.0,0.0,1.0,0.0
差异,3.0,0.0,1.0,0.0
学霸,3.0,0.0,1.0,0.0
孙,0.0,6.0,0.0,1.0
控股,0.0,48.0,0.0,1.0
旺盛,0.0,3.0,0.0,1.0
增长点,0.0,6.0,0.0,1.0
股是,0.0,3.0,0.0,1.0
两个,0.0,5.0,0.0,1.0
内部,0.0,18.0,0.0,1.0
之大,0.0,3.0,0.0,1.0
高等院校,3.0,0.0,1.0,0.0
一线,0.0,6.0,0.0,1.0
汉钟,0.0,3.0,0.0,1.0
明显,0.0,6.0,0.0,1.0
先生,0.0,21.0,0.0,1.0
劣势,0.0,3.0,0.0,1.0
事务,0.0,12.0,0.0,1.0
2016,0.0,63.0,0.0,1.0
赢得,3.0,0.0,1.0,0.0
副总,6.0,0.0,1.0,0.0
分,3.0,3.0,0.5,0.5
公开,0.0,6.0,0.0,1.0
签署,3.0,0.0,1.0,0.0
1.15,0.0,6.0,0.0,1.0
面纱,0.0,6.0,0.0,1.0
谢幕,0.0,6.0,0.0,1.0
增强,0.0,3.0,0.0,1.0
称鹏博,0.0,6.0,0.0,1.0
东方,0.0,6.0,0.0,1.0
专线,0.0,6.0,0.0,1.0
后,0.0,33.0,0.0,1.0
提升,0.0,18.0,0.0,1.0
之,0.0,9.0,0.0,1.0
城市,0.0,3.0,0.0,1.0
大型,0.0,3.0,0.0,1.0
SWAN,0.0,6.0,0.0,1.0
占,0.0,15.0,0.0,1.0
强大,0.0,3.0,0.0,1.0
凸显,0.0,3.0,0.0,1.0
看重,0.0,6.0,0.0,1.0
时,0.0,21.0,0.0,1.0
从事,3.0,0.0,1.0,0.0
研发,3.0,0.0,1.0,0.0
22,0.0,6.0,0.0,1.0
大规模,0.0,9.0,0.0,1.0
办公室,0.0,3.0,0.0,1.0
受,0.0,3.0,0.0,1.0
收获,3.0,0.0,1.0,0.0
百家讲坛,0.0,3.0,0.0,1.0
对接,0.0,3.0,0.0,1.0
倍感,3.0,0.0,1.0,0.0
受该,0.0,3.0,0.0,1.0
林珂,0.0,3.0,0.0,1.0
贵,0.0,6.0,0.0,1.0
21.02,0.0,3.0,0.0,1.0
强,0.0,12.0,0.0,1.0
无异,0.0,3.0,0.0,1.0
旗下,0.0,15.0,0.0,1.0
31,0.0,9.0,0.0,1.0
券商,0.0,9.0,0.0,1.0
利益,0.0,3.0,0.0,1.0
600289,0.0,3.0,0.0,1.0
加入,0.0,9.0,0.0,1.0
视频,0.0,33.0,0.0,1.0
抓住,0.0,3.0,0.0,1.0
两位,0.0,3.0,0.0,1.0
cLsnA5RzyqoDiclicBoN4dgrkwERpia0WUp77jmSdb41pkFmZiaCscw1NnQknghcuq8aJ4iaa5q9CibGcib3Hm6rKHIcA,0.0,3.0,0.0,1.0
且,0.0,6.0,0.0,1.0
职务,0.0,12.0,0.0,1.0
19.12,0.0,3.0,0.0,1.0
陈立潮,3.0,0.0,1.0,0.0
四位,0.0,3.0,0.0,1.0
展翅,0.0,3.0,0.0,1.0
区域,0.0,6.0,0.0,1.0
还要,0.0,3.0,0.0,1.0
玩家,0.0,12.0,0.0,1.0
解惑,3.0,0.0,1.0,0.0
就让,0.0,3.0,0.0,1.0
启迪,0.0,3.0,0.0,1.0
可以,0.0,6.0,0.0,1.0
主营,0.0,12.0,0.0,1.0
深耕,0.0,6.0,0.0,1.0
制造,18.0,0.0,1.0,0.0
难升,0.0,3.0,0.0,1.0
本报记者,0.0,3.0,0.0,1.0
小,3.0,3.0,0.5,0.5
愿景,0.0,3.0,0.0,1.0
压,0.0,3.0,0.0,1.0
300245,0.0,3.0,0.0,1.0
服务,0.0,108.0,0.0,1.0
本周,0.0,6.0,0.0,1.0
一同,3.0,0.0,1.0,0.0
必要,0.0,6.0,0.0,1.0
迫切,3.0,0.0,1.0,0.0
便是,3.0,0.0,1.0,0.0
出资,0.0,6.0,0.0,1.0
书,3.0,0.0,1.0,0.0
偏好,0.0,3.0,0.0,1.0
华胜天,0.0,3.0,0.0,1.0
解析,3.0,0.0,1.0,0.0
三网,0.0,3.0,0.0,1.0
打造,0.0,15.0,0.0,1.0
观止,0.0,3.0,0.0,1.0
bBuhDkJZzzZYpTUiaDNh6dP01ej7oEm1l0OXT1uFhpVic1uCk7YkeBuFqicbA5pYX5EqDzFL4XvX7kwbbG7DnO3Iw,0.0,3.0,0.0,1.0
很大,0.0,9.0,0.0,1.0
定期,0.0,6.0,0.0,1.0
第四,0.0,3.0,0.0,1.0
定向,0.0,3.0,0.0,1.0
杭萧,0.0,3.0,0.0,1.0
）,0.0,93.0,0.0,1.0
最为,0.0,3.0,0.0,1.0
四川,0.0,3.0,0.0,1.0
云管端,0.0,3.0,0.0,1.0
展示,0.0,3.0,0.0,1.0
投资,0.0,6.0,0.0,1.0
万低,0.0,3.0,0.0,1.0
通胀,0.0,6.0,0.0,1.0
渠道,0.0,6.0,0.0,1.0
率先,0.0,6.0,0.0,1.0
8,3.0,24.0,0.1111111111111111,0.8888888888888888
形成,0.0,3.0,0.0,1.0
徐工,0.0,3.0,0.0,1.0
有效,3.0,0.0,1.0,0.0
智能,18.0,18.0,0.5,0.5
211,0.0,3.0,0.0,1.0
体验,0.0,6.0,0.0,1.0
上台,0.0,3.0,0.0,1.0
战场,0.0,3.0,0.0,1.0
商圈,0.0,15.0,0.0,1.0
价值,0.0,3.0,0.0,1.0
联盟,2.0,0.0,1.0,0.0
能力,0.0,18.0,0.0,1.0
上市,0.0,3.0,0.0,1.0
作大单,0.0,6.0,0.0,1.0
信息,0.0,30.0,0.0,1.0
后续,0.0,6.0,0.0,1.0
公司股票,0.0,21.0,0.0,1.0
协会,3.0,3.0,0.5,0.5
上半年,0.0,6.0,0.0,1.0
建立,0.0,6.0,0.0,1.0
正,0.0,3.0,0.0,1.0
0.12,0.0,3.0,0.0,1.0
周二,0.0,3.0,0.0,1.0
特别,3.0,0.0,1.0,0.0
一直,3.0,15.0,0.16666666666666666,0.8333333333333334
试水,0.0,9.0,0.0,1.0
早班车,0.0,3.0,0.0,1.0
实际行动,0.0,3.0,0.0,1.0
云,0.0,36.0,0.0,1.0
既然,0.0,3.0,0.0,1.0
蝉联,0.0,9.0,0.0,1.0
终端,0.0,3.0,0.0,1.0
慎重考虑,0.0,6.0,0.0,1.0
云化,0.0,3.0,0.0,1.0
书记,3.0,0.0,1.0,0.0
保,0.0,3.0,0.0,1.0
现金流量,0.0,6.0,0.0,1.0
扩大,0.0,3.0,0.0,1.0
拓宽,0.0,6.0,0.0,1.0
四大,0.0,21.0,0.0,1.0
拨打,0.0,6.0,0.0,1.0
中才,0.0,9.0,0.0,1.0
起,0.0,3.0,0.0,1.0
丰富,0.0,3.0,0.0,1.0
jpeg,0.0,9.0,0.0,1.0
师范,3.0,0.0,1.0,0.0
内容,0.0,60.0,0.0,1.0
发声,0.0,6.0,0.0,1.0
旋涡,0.0,6.0,0.0,1.0
万元,0.0,24.0,0.0,1.0
精机,0.0,3.0,0.0,1.0
hexun,0.0,3.0,0.0,1.0
晚间,0.0,9.0,0.0,1.0
张帆,3.0,0.0,1.0,0.0
家庭用户,0.0,3.0,0.0,1.0
文化,3.0,0.0,1.0,0.0
16.12,0.0,6.0,0.0,1.0
布局,0.0,24.0,0.0,1.0
天然,0.0,3.0,0.0,1.0
业务,3.0,294.0,0.010101010101010102,0.98989898989899
三一,0.0,3.0,0.0,1.0
不见,0.0,10.0,0.0,1.0
日增,0.0,6.0,0.0,1.0
延期,0.0,31.0,0.0,1.0
｜,0.0,3.0,0.0,1.0
社会,0.0,3.0,0.0,1.0
biz,0.0,6.0,0.0,1.0
来看,0.0,24.0,0.0,1.0
多种,0.0,3.0,0.0,1.0
8.14,0.0,6.0,0.0,1.0
风险,0.0,12.0,0.0,1.0
天源迪科,0.0,3.0,0.0,1.0
租用,0.0,9.0,0.0,1.0
：,6.0,99.0,0.05714285714285714,0.9428571428571428
报收,0.0,6.0,0.0,1.0
今年以来,0.0,3.0,0.0,1.0
引领,0.0,3.0,0.0,1.0
几位,0.0,12.0,0.0,1.0
辞职,0.0,9.0,0.0,1.0
端,0.0,3.0,0.0,1.0
经理,0.0,3.0,0.0,1.0
良多,3.0,0.0,1.0,0.0
发言人,0.0,6.0,0.0,1.0
300166,0.0,6.0,0.0,1.0
需,0.0,12.0,0.0,1.0
产品,0.0,27.0,0.0,1.0
4K,0.0,3.0,0.0,1.0
利用,0.0,3.0,0.0,1.0
管端,0.0,3.0,0.0,1.0
民营,0.0,24.0,0.0,1.0
主题,0.0,3.0,0.0,1.0
杨学平,0.0,6.0,0.0,1.0
时代,1.0,6.0,0.14285714285714285,0.8571428571428571
甚至,0.0,3.0,0.0,1.0
问鹏,0.0,3.0,0.0,1.0
另一方面,0.0,3.0,0.0,1.0
类型,0.0,3.0,0.0,1.0
提供商,0.0,12.0,0.0,1.0
或者,0.0,3.0,0.0,1.0
特邀,3.0,0.0,1.0,0.0
金砺,3.0,0.0,1.0,0.0
不可,0.0,3.0,0.0,1.0
海量,0.0,3.0,0.0,1.0
债券,0.0,18.0,0.0,1.0
与鹏,0.0,6.0,0.0,1.0
结束,3.0,0.0,1.0,0.0
品牌,0.0,12.0,0.0,1.0
真正,0.0,3.0,0.0,1.0
显示,0.0,30.0,0.0,1.0
电视,0.0,12.0,0.0,1.0
转型,0.0,15.0,0.0,1.0
万人,0.0,3.0,0.0,1.0
结构,0.0,3.0,0.0,1.0
明确提出,0.0,3.0,0.0,1.0
交流,6.0,6.0,0.5,0.5
《,0.0,21.0,0.0,1.0
难以,0.0,12.0,0.0,1.0
大幅,0.0,6.0,0.0,1.0
演出,0.0,3.0,0.0,1.0
职工,0.0,15.0,0.0,1.0
已,3.0,6.0,0.3333333333333333,0.6666666666666666
得,0.0,12.0,0.0,1.0
简称,0.0,3.0,0.0,1.0
竟然,0.0,6.0,0.0,1.0
信息化,18.0,6.0,0.75,0.25
信息中心,0.0,3.0,0.0,1.0
外部,0.0,3.0,0.0,1.0
能否,0.0,3.0,0.0,1.0
方案,0.0,3.0,0.0,1.0
响应,0.0,6.0,0.0,1.0
值得一提的是,0.0,9.0,0.0,1.0
十分重视,0.0,6.0,0.0,1.0
通过,0.0,51.0,0.0,1.0
抓,0.0,3.0,0.0,1.0
大鱼,0.0,3.0,0.0,1.0
三层,6.0,0.0,1.0,0.0
入口,0.0,3.0,0.0,1.0
子公司,0.0,3.0,0.0,1.0
报告会,3.0,0.0,1.0,0.0
高,0.0,33.0,0.0,1.0
进一步,0.0,15.0,0.0,1.0
经济,0.0,9.0,0.0,1.0
之下,0.0,6.0,0.0,1.0
宏伟,0.0,3.0,0.0,1.0
过后,3.0,0.0,1.0,0.0
O2O,0.0,9.0,0.0,1.0
空号,0.0,6.0,0.0,1.0
6,0.0,27.0,0.0,1.0
到底,0.0,24.0,0.0,1.0
逐步,0.0,6.0,0.0,1.0
HEVC,0.0,3.0,0.0,1.0
十分,0.0,9.0,0.0,1.0
7.22,0.0,9.0,0.0,1.0
e,0.0,12.0,0.0,1.0
最终,0.0,6.0,0.0,1.0
又,3.0,3.0,0.5,0.5
介绍,3.0,0.0,1.0,0.0
特色,3.0,0.0,1.0,0.0
引入,3.0,0.0,1.0,0.0
mmbiz,0.0,24.0,0.0,1.0
副理事长,3.0,0.0,1.0,0.0
其,0.0,156.0,0.0,1.0
进行,12.0,33.0,0.26666666666666666,0.7333333333333333
网络,0.0,12.0,0.0,1.0
fmt,0.0,15.0,0.0,1.0
题目,3.0,0.0,1.0,0.0
给出,0.0,6.0,0.0,1.0
仍,0.0,9.0,0.0,1.0
cn,0.0,15.0,0.0,1.0
发布公告,0.0,18.0,0.0,1.0
工商学院,3.0,0.0,1.0,0.0
得知,0.0,6.0,0.0,1.0
bBuhDkJZzzZYpTUiaDNh6dP01ej7oEm1lrm6UxuL60GwtoeoibWc8csISdllq6yicpQVcthDuSCuezeKeSG1cf6sA,0.0,3.0,0.0,1.0
精彩,3.0,0.0,1.0,0.0
虎,0.0,3.0,0.0,1.0
深度,6.0,0.0,1.0,0.0
最近,0.0,6.0,0.0,1.0
里,3.0,3.0,0.5,0.5
当日,0.0,3.0,0.0,1.0
速度,0.0,3.0,0.0,1.0
模式,0.0,9.0,0.0,1.0
重视,0.0,9.0,0.0,1.0
6A,0.0,3.0,0.0,1.0
问答,3.0,0.0,1.0,0.0
1501759773942331,0.0,3.0,0.0,1.0
表率,0.0,3.0,0.0,1.0
超值,0.0,3.0,0.0,1.0
效果,3.0,6.0,0.3333333333333333,0.6666666666666666
遭,0.0,11.0,0.0,1.0
深入,3.0,6.0,0.3333333333333333,0.6666666666666666
会谈,3.0,0.0,1.0,0.0
创新,4.0,0.0,1.0,0.0
小时,3.0,3.0,0.5,0.5
友好,3.0,0.0,1.0,0.0
不仅,0.0,6.0,0.0,1.0
较少鹏,0.0,3.0,0.0,1.0
而言,0.0,18.0,0.0,1.0
卓越,0.0,3.0,0.0,1.0
锌,0.0,3.0,0.0,1.0
补选,0.0,3.0,0.0,1.0
折线图,0.0,3.0,0.0,1.0
定制,4.0,0.0,1.0,0.0
之际,1.0,0.0,1.0,0.0
体育,0.0,3.0,0.0,1.0
包括,0.0,6.0,0.0,1.0
TV,0.0,3.0,0.0,1.0
工信部,0.0,9.0,0.0,1.0
卷入,0.0,6.0,0.0,1.0
据,0.0,18.0,0.0,1.0
季报,0.0,3.0,0.0,1.0
厂商,0.0,3.0,0.0,1.0
令鹏,0.0,3.0,0.0,1.0
精透,3.0,0.0,1.0,0.0
指导,3.0,0.0,1.0,0.0
社区,0.0,33.0,0.0,1.0
需要,0.0,6.0,0.0,1.0
许多,3.0,3.0,0.5,0.5
改头换面,0.0,3.0,0.0,1.0
到位,0.0,9.0,0.0,1.0
股,0.0,6.0,0.0,1.0
盈利模式,0.0,6.0,0.0,1.0
实达,0.0,3.0,0.0,1.0
足以,0.0,3.0,0.0,1.0
qpic,0.0,12.0,0.0,1.0
疲弱,0.0,9.0,0.0,1.0
1.5,0.0,3.0,0.0,1.0
建新,0.0,3.0,0.0,1.0
在线教育,0.0,3.0,0.0,1.0
生活,0.0,9.0,0.0,1.0
金额,0.0,30.0,0.0,1.0
函五,0.0,3.0,0.0,1.0
五粮液,0.0,3.0,0.0,1.0
山西,9.0,3.0,0.75,0.25
担任,0.0,3.0,0.0,1.0
沟通,0.0,6.0,0.0,1.0
本科,3.0,0.0,1.0,0.0
带来,0.0,15.0,0.0,1.0
实施,3.0,12.0,0.2,0.8
慕华,0.0,3.0,0.0,1.0
减少,0.0,6.0,0.0,1.0
石飞,0.0,3.0,0.0,1.0
定位,0.0,3.0,0.0,1.0
存在,0.0,66.0,0.0,1.0
负责,0.0,9.0,0.0,1.0
优质,6.0,12.0,0.3333333333333333,0.6666666666666666
布设,0.0,3.0,0.0,1.0
好剧,0.0,3.0,0.0,1.0
门店,0.0,3.0,0.0,1.0
接到,0.0,6.0,0.0,1.0
商,0.0,6.0,0.0,1.0
恒泰艾普,0.0,3.0,0.0,1.0
去年,0.0,3.0,0.0,1.0
有过,0.0,3.0,0.0,1.0
不够,0.0,3.0,0.0,1.0
前行,0.0,6.0,0.0,1.0
和鹏,0.0,3.0,0.0,1.0
提高,3.0,12.0,0.2,0.8
再次,3.0,0.0,1.0,0.0
23,0.0,6.0,0.0,1.0
eastmoney,0.0,3.0,0.0,1.0
吴纯勇,0.0,3.0,0.0,1.0
积极开展,0.0,3.0,0.0,1.0
下,3.0,24.0,0.1111111111111111,0.8888888888888888
相对,0.0,6.0,0.0,1.0
上市公司,0.0,24.0,0.0,1.0
运营,0.0,6.0,0.0,1.0
发起,0.0,3.0,0.0,1.0
落地,3.0,6.0,0.3333333333333333,0.6666666666666666
189159359,0.0,3.0,0.0,1.0
收入,0.0,6.0,0.0,1.0
作者,3.0,0.0,1.0,0.0
情况,0.0,33.0,0.0,1.0
解禁,0.0,9.0,0.0,1.0
做过,0.0,3.0,0.0,1.0
、,46.0,375.0,0.10926365795724466,0.8907363420427553
抽查,0.0,6.0,0.0,1.0
钢,0.0,3.0,0.0,1.0
不可逾越,0.0,3.0,0.0,1.0
缓慢,0.0,12.0,0.0,1.0
品牌手机,0.0,3.0,0.0,1.0
但,3.0,48.0,0.058823529411764705,0.9411764705882353
可得鹏,0.0,3.0,0.0,1.0
注入,0.0,3.0,0.0,1.0
货币,0.0,6.0,0.0,1.0
纷纷,0.0,6.0,0.0,1.0
血,0.0,3.0,0.0,1.0
主力,0.0,3.0,0.0,1.0
朱,0.0,6.0,0.0,1.0
对定,0.0,6.0,0.0,1.0
264,0.0,3.0,0.0,1.0
重要,0.0,3.0,0.0,1.0
力争,0.0,3.0,0.0,1.0
18634.35,0.0,3.0,0.0,1.0
增发,0.0,3.0,0.0,1.0
分散,0.0,3.0,0.0,1.0
stocknews,0.0,3.0,0.0,1.0
注意,0.0,3.0,0.0,1.0
概念,0.0,9.0,0.0,1.0
安全,0.0,3.0,0.0,1.0
发展前景,0.0,12.0,0.0,1.0
开放平台,0.0,3.0,0.0,1.0
报告厅,3.0,0.0,1.0,0.0
投诉,0.0,17.0,0.0,1.0
标杆,0.0,3.0,0.0,1.0
行情,0.0,8.0,0.0,1.0
鹏,0.0,680.0,0.0,1.0
手段,0.0,3.0,0.0,1.0
.,0.0,78.0,0.0,1.0
人数,0.0,6.0,0.0,1.0
统一,0.0,6.0,0.0,1.0
规定,0.0,3.0,0.0,1.0
2,0.0,45.0,0.0,1.0
发榜,0.0,6.0,0.0,1.0
未见,0.0,11.0,0.0,1.0
有限,0.0,6.0,0.0,1.0
良好,0.0,6.0,0.0,1.0
蓝鲸,0.0,54.0,0.0,1.0
移步,3.0,0.0,1.0,0.0
稳定,0.0,21.0,0.0,1.0
6008041,0.0,3.0,0.0,1.0
实训,18.0,0.0,1.0,0.0
一系列,0.0,3.0,0.0,1.0
欲定,0.0,3.0,0.0,1.0
一个半,3.0,0.0,1.0,0.0
计划,0.0,83.0,0.0,1.0
举,0.0,6.0,0.0,1.0
变动,0.0,12.0,0.0,1.0
向物,0.0,3.0,0.0,1.0
1.9,0.0,3.0,0.0,1.0
一项,0.0,9.0,0.0,1.0
市场,0.0,48.0,0.0,1.0
编码器,0.0,6.0,0.0,1.0
利率,0.0,3.0,0.0,1.0
价格战,0.0,3.0,0.0,1.0
债,0.0,3.0,0.0,1.0
万股,0.0,6.0,0.0,1.0
致词,3.0,0.0,1.0,0.0
600804,0.0,32.0,0.0,1.0
改性,3.0,0.0,1.0,0.0
资深,0.0,12.0,0.0,1.0
为,3.0,54.0,0.05263157894736842,0.9473684210526315
空中,0.0,3.0,0.0,1.0
高等教育,3.0,0.0,1.0,0.0
名列,0.0,6.0,0.0,1.0
7.03,0.0,6.0,0.0,1.0
成果,0.0,6.0,0.0,1.0
缄默,0.0,6.0,0.0,1.0
上升,3.0,12.0,0.2,0.8
砍掉,0.0,6.0,0.0,1.0
广电,0.0,3.0,0.0,1.0
正式,3.0,6.0,0.3333333333333333,0.6666666666666666
专属,0.0,3.0,0.0,1.0
com,0.0,15.0,0.0,1.0
已近,0.0,3.0,0.0,1.0
定时,0.0,9.0,0.0,1.0
板块,0.0,36.0,0.0,1.0
核心人物,3.0,0.0,1.0,0.0
主要,0.0,18.0,0.0,1.0
分析,3.0,6.0,0.3333333333333333,0.6666666666666666
暴跌,0.0,3.0,0.0,1.0
锗,0.0,3.0,0.0,1.0
一,0.0,3.0,0.0,1.0
公布,0.0,3.0,0.0,1.0
契机,0.0,3.0,0.0,1.0
今年,0.0,24.0,0.0,1.0
此后,0.0,6.0,0.0,1.0
生存空间,0.0,6.0,0.0,1.0
低位,0.0,3.0,0.0,1.0
打雷,0.0,8.0,0.0,1.0
年度报告,0.0,9.0,0.0,1.0
约,0.0,9.0,0.0,1.0
分管,0.0,9.0,0.0,1.0
原因,0.0,3.0,0.0,1.0
clR5PfPU3zmhvwm2BQQGCqbicZf0IRI1ftXRZag,0.0,3.0,0.0,1.0
困扰,3.0,0.0,1.0,0.0
达,0.0,6.0,0.0,1.0
买,0.0,3.0,0.0,1.0
对不起,0.0,6.0,0.0,1.0
聘任,0.0,9.0,0.0,1.0
有利于,0.0,3.0,0.0,1.0
同日,0.0,3.0,0.0,1.0
2.13,0.0,3.0,0.0,1.0
判断,0.0,3.0,0.0,1.0
到来,0.0,3.0,0.0,1.0
颇深,3.0,0.0,1.0,0.0
想象,0.0,3.0,0.0,1.0
可,0.0,6.0,0.0,1.0
尤甚,0.0,6.0,0.0,1.0
基于,0.0,9.0,0.0,1.0
增,0.0,6.0,0.0,1.0
海通,0.0,6.0,0.0,1.0
4.19,0.0,6.0,0.0,1.0
同时,0.0,9.0,0.0,1.0
30,0.0,12.0,0.0,1.0
着鹏,0.0,6.0,0.0,1.0
表示感谢,3.0,0.0,1.0,0.0
第十一位,0.0,3.0,0.0,1.0
是因为,0.0,6.0,0.0,1.0
重工,0.0,3.0,0.0,1.0
处于,0.0,12.0,0.0,1.0
东方集团,0.0,3.0,0.0,1.0
万户,0.0,9.0,0.0,1.0
数据,0.0,33.0,0.0,1.0
一个,0.0,33.0,0.0,1.0
满足,0.0,6.0,0.0,1.0
岗位,0.0,6.0,0.0,1.0
深刻,0.0,3.0,0.0,1.0
主打产品,0.0,3.0,0.0,1.0
股本,0.0,12.0,0.0,1.0
03,0.0,3.0,0.0,1.0
销售,0.0,36.0,0.0,1.0
看出,0.0,3.0,0.0,1.0
结合,0.0,9.0,0.0,1.0
消息,0.0,9.0,0.0,1.0
连接,0.0,3.0,0.0,1.0
4.91,0.0,3.0,0.0,1.0
千兆,0.0,3.0,0.0,1.0
发布,0.0,24.0,0.0,1.0
南京,0.0,3.0,0.0,1.0
拨通,0.0,6.0,0.0,1.0
买手机,0.0,3.0,0.0,1.0
境外,0.0,12.0,0.0,1.0
重点,0.0,3.0,0.0,1.0
首创股份,0.0,3.0,0.0,1.0
少,0.0,3.0,0.0,1.0
但二实,3.0,0.0,1.0,0.0
立体,3.0,0.0,1.0,0.0
轻装上阵,0.0,3.0,0.0,1.0
如果说,0.0,3.0,0.0,1.0
迟磊,0.0,3.0,0.0,1.0
接口,0.0,6.0,0.0,1.0
股票价值,0.0,3.0,0.0,1.0
葛洲坝,0.0,3.0,0.0,1.0
28,3.0,0.0,1.0,0.0
由思软,3.0,0.0,1.0,0.0
增值,0.0,15.0,0.0,1.0
同思软,3.0,0.0,1.0,0.0
如何,0.0,36.0,0.0,1.0
成本,9.0,9.0,0.5,0.5
联合推出,0.0,3.0,0.0,1.0
无从下手,0.0,6.0,0.0,1.0
资源整合,0.0,6.0,0.0,1.0
推荐,0.0,3.0,0.0,1.0
例如,0.0,3.0,0.0,1.0
标的,0.0,3.0,0.0,1.0
设立,0.0,12.0,0.0,1.0
聚焦,0.0,3.0,0.0,1.0
此前,0.0,6.0,0.0,1.0
净增,0.0,3.0,0.0,1.0
震荡,0.0,18.0,0.0,1.0
学院,6.0,0.0,1.0,0.0
打,0.0,6.0,0.0,1.0
同样,0.0,15.0,0.0,1.0
基地,15.0,0.0,1.0,0.0
子,0.0,6.0,0.0,1.0
神秘,0.0,6.0,0.0,1.0
目的,0.0,9.0,0.0,1.0
按照,0.0,3.0,0.0,1.0
让,6.0,0.0,1.0,0.0
UP,0.0,51.0,0.0,1.0
互动,0.0,3.0,0.0,1.0
看好,0.0,3.0,0.0,1.0
三通,0.0,3.0,0.0,1.0
下跌,0.0,12.0,0.0,1.0
最大,0.0,3.0,0.0,1.0
仍具,0.0,3.0,0.0,1.0
支撑,0.0,3.0,0.0,1.0
1501759772105569,0.0,3.0,0.0,1.0
被,3.0,27.0,0.1,0.9
成立,1.0,3.0,0.25,0.75
网速,0.0,15.0,0.0,1.0
9,6.0,0.0,1.0,0.0
关注,0.0,3.0,0.0,1.0
召开,0.0,3.0,0.0,1.0
一块,0.0,6.0,0.0,1.0
第一,0.0,6.0,0.0,1.0
提速,0.0,6.0,0.0,1.0
描构,3.0,0.0,1.0,0.0
这一,0.0,3.0,0.0,1.0
记者,0.0,21.0,0.0,1.0
环节,3.0,0.0,1.0,0.0
如今,0.0,9.0,0.0,1.0
指标,0.0,3.0,0.0,1.0
动作,0.0,6.0,0.0,1.0
跻身,0.0,3.0,0.0,1.0
五五开,0.0,6.0,0.0,1.0
软件园,3.0,0.0,1.0,0.0
稳步前进,0.0,3.0,0.0,1.0
听众,3.0,0.0,1.0,0.0
与会,3.0,0.0,1.0,0.0
IPTV,0.0,3.0,0.0,1.0
原有,0.0,3.0,0.0,1.0
除了,0.0,3.0,0.0,1.0
整合,0.0,21.0,0.0,1.0
商业,0.0,3.0,0.0,1.0
辞职报告,0.0,6.0,0.0,1.0
其外,0.0,6.0,0.0,1.0
一季度,0.0,15.0,0.0,1.0
21.93,0.0,6.0,0.0,1.0
产业革命,0.0,3.0,0.0,1.0
增幅,0.0,6.0,0.0,1.0
人力,6.0,0.0,1.0,0.0
新体验,0.0,9.0,0.0,1.0
超越,0.0,3.0,0.0,1.0
接受,0.0,6.0,0.0,1.0
股东,0.0,83.0,0.0,1.0
股权结构,0.0,3.0,0.0,1.0
产品升级,0.0,9.0,0.0,1.0
柳青,0.0,9.0,0.0,1.0
·,0.0,3.0,0.0,1.0
China,9.0,0.0,1.0,0.0
空间,0.0,39.0,0.0,1.0
较,0.0,12.0,0.0,1.0
供应商,0.0,3.0,0.0,1.0
网点,0.0,6.0,0.0,1.0
配售,0.0,3.0,0.0,1.0
安排,3.0,0.0,1.0,0.0
元,0.0,24.0,0.0,1.0
越发,0.0,9.0,0.0,1.0
63,0.0,3.0,0.0,1.0
&,0.0,3.0,0.0,1.0
展现,0.0,3.0,0.0,1.0
怎么样,0.0,3.0,0.0,1.0
有待,0.0,3.0,0.0,1.0
挤压,0.0,15.0,0.0,1.0
毫不逊色,0.0,3.0,0.0,1.0
000425,0.0,3.0,0.0,1.0
这块,0.0,6.0,0.0,1.0
拥有,0.0,9.0,0.0,1.0
难度,0.0,6.0,0.0,1.0
武超,0.0,3.0,0.0,1.0
主营业务,0.0,12.0,0.0,1.0
按克卖,1.0,0.0,1.0,0.0
破解,0.0,9.0,0.0,1.0
举办,3.0,9.0,0.25,0.75
下降,0.0,6.0,0.0,1.0
受益,3.0,3.0,0.5,0.5
继续发扬,0.0,3.0,0.0,1.0
昨日,0.0,3.0,0.0,1.0
电信,0.0,48.0,0.0,1.0
去年底,0.0,6.0,0.0,1.0
1.72,0.0,3.0,0.0,1.0
存疑,0.0,6.0,0.0,1.0
称,0.0,39.0,0.0,1.0
没,0.0,3.0,0.0,1.0
可行,0.0,3.0,0.0,1.0
日益,0.0,3.0,0.0,1.0
所有,3.0,0.0,1.0,0.0
免职,0.0,9.0,0.0,1.0
天士力,0.0,3.0,0.0,1.0
能,0.0,15.0,0.0,1.0
团队,6.0,6.0,0.5,0.5
会员,0.0,6.0,0.0,1.0
行业,3.0,18.0,0.14285714285714285,0.8571428571428571
首先,3.0,3.0,0.5,0.5
申请,0.0,3.0,0.0,1.0
思软,21.0,0.0,1.0,0.0
计算机信息,3.0,0.0,1.0,0.0
未能,0.0,9.0,0.0,1.0
中,18.0,120.0,0.13043478260869565,0.8695652173913043
间,0.0,3.0,0.0,1.0
眼球,0.0,3.0,0.0,1.0
;,0.0,96.0,0.0,1.0
istocknews,0.0,3.0,0.0,1.0
人马,0.0,3.0,0.0,1.0
影响,0.0,12.0,0.0,1.0
邮电报,0.0,6.0,0.0,1.0
收到,0.0,6.0,0.0,1.0
Window,9.0,0.0,1.0,0.0
分成,0.0,6.0,0.0,1.0
抛售,0.0,6.0,0.0,1.0
证监会,0.0,3.0,0.0,1.0
证明,0.0,3.0,0.0,1.0
教授,6.0,0.0,1.0,0.0
套餐,0.0,9.0,0.0,1.0
成功率,0.0,6.0,0.0,1.0
走马上任,0.0,6.0,0.0,1.0
持续,0.0,6.0,0.0,1.0
贵州,0.0,3.0,0.0,1.0
中扎,0.0,3.0,0.0,1.0
类似,0.0,3.0,0.0,1.0
项目,9.0,0.0,1.0,0.0
民企,0.0,3.0,0.0,1.0
业内人士,0.0,3.0,0.0,1.0
龙净环保,0.0,3.0,0.0,1.0
对此,0.0,3.0,0.0,1.0
本来,0.0,3.0,0.0,1.0
除,0.0,3.0,0.0,1.0
亿美元,0.0,6.0,0.0,1.0
选择,0.0,3.0,0.0,1.0
体量,0.0,6.0,0.0,1.0
上证,0.0,3.0,0.0,1.0
相差无几,0.0,6.0,0.0,1.0
upload,0.0,6.0,0.0,1.0
非常,0.0,3.0,0.0,1.0
积极,0.0,6.0,0.0,1.0
很长,0.0,6.0,0.0,1.0
未来,0.0,66.0,0.0,1.0
跌超,0.0,6.0,0.0,1.0
合计,0.0,3.0,0.0,1.0
一定,3.0,6.0,0.3333333333333333,0.6666666666666666
总,0.0,12.0,0.0,1.0
意向,3.0,0.0,1.0,0.0
蔡方,0.0,9.0,0.0,1.0
<,0.0,27.0,0.0,1.0
快速,3.0,9.0,0.25,0.75
时候,0.0,6.0,0.0,1.0
石墨,11.0,0.0,1.0,0.0
17.41,0.0,6.0,0.0,1.0
会议室,3.0,0.0,1.0,0.0
期限,0.0,9.0,0.0,1.0
推进,0.0,6.0,0.0,1.0
国内,3.0,12.0,0.2,0.8
对思软,3.0,0.0,1.0,0.0
业绩,0.0,30.0,0.0,1.0
乐观,0.0,3.0,0.0,1.0
赛道,0.0,9.0,0.0,1.0
多年,0.0,3.0,0.0,1.0
预期,0.0,9.0,0.0,1.0
确定,0.0,6.0,0.0,1.0
新蓝网,0.0,3.0,0.0,1.0
决策,0.0,3.0,0.0,1.0
?,0.0,39.0,0.0,1.0
互联网,0.0,33.0,0.0,1.0
所在,0.0,6.0,0.0,1.0
逾,0.0,6.0,0.0,1.0
6.9,0.0,3.0,0.0,1.0
这种,0.0,6.0,0.0,1.0
包,0.0,6.0,0.0,1.0
尝试,0.0,6.0,0.0,1.0
相关,6.0,18.0,0.25,0.75
盈利,0.0,33.0,0.0,1.0
盒子,0.0,48.0,0.0,1.0
■,0.0,3.0,0.0,1.0
仪式,3.0,0.0,1.0,0.0
留校,3.0,0.0,1.0,0.0
大力发展,0.0,3.0,0.0,1.0
向,6.0,9.0,0.4,0.6
竞品,0.0,3.0,0.0,1.0
不能,0.0,6.0,0.0,1.0
加之,0.0,3.0,0.0,1.0
三款,0.0,6.0,0.0,1.0
逐渐,0.0,3.0,0.0,1.0
亿阳信通,0.0,3.0,0.0,1.0
08,0.0,6.0,0.0,1.0
往来,0.0,6.0,0.0,1.0
角色,0.0,3.0,0.0,1.0
很,0.0,3.0,0.0,1.0
格局,0.0,3.0,0.0,1.0
基本,3.0,0.0,1.0,0.0
随后,3.0,0.0,1.0,0.0
针对,12.0,0.0,1.0,0.0
资源优势,0.0,3.0,0.0,1.0
增长,0.0,6.0,0.0,1.0
变化趋势,0.0,6.0,0.0,1.0
换血,0.0,9.0,0.0,1.0
教师,3.0,0.0,1.0,0.0
洋河,0.0,3.0,0.0,1.0
特点,3.0,0.0,1.0,0.0
推广应用,0.0,3.0,0.0,1.0
设施,3.0,0.0,1.0,0.0
素质,3.0,0.0,1.0,0.0
相当,0.0,9.0,0.0,1.0
周详,3.0,0.0,1.0,0.0
网,0.0,18.0,0.0,1.0
自,0.0,9.0,0.0,1.0
配图,0.0,3.0,0.0,1.0
于鹏,0.0,6.0,0.0,1.0
威视,0.0,3.0,0.0,1.0
依托,0.0,3.0,0.0,1.0
带,0.0,6.0,0.0,1.0
预计,0.0,3.0,0.0,1.0
基金,0.0,18.0,0.0,1.0
整个,3.0,0.0,1.0,0.0
万,0.0,9.0,0.0,1.0
上线,0.0,6.0,0.0,1.0
北京大学,3.0,0.0,1.0,0.0
image,0.0,6.0,0.0,1.0
享有,0.0,3.0,0.0,1.0
明显改善,0.0,3.0,0.0,1.0
事业部,3.0,0.0,1.0,0.0
两成,0.0,6.0,0.0,1.0
仅仅,0.0,9.0,0.0,1.0
缩减,0.0,6.0,0.0,1.0
高层,0.0,57.0,0.0,1.0
金融,0.0,3.0,0.0,1.0
把,0.0,3.0,0.0,1.0
国家,0.0,3.0,0.0,1.0
可得,0.0,3.0,0.0,1.0
看到,0.0,3.0,0.0,1.0
中北大学,3.0,0.0,1.0,0.0
企业,15.0,30.0,0.3333333333333333,0.6666666666666666
只,0.0,3.0,0.0,1.0
该司,0.0,12.0,0.0,1.0
决心,0.0,6.0,0.0,1.0
目前,0.0,42.0,0.0,1.0
2014,0.0,18.0,0.0,1.0
经历,3.0,0.0,1.0,0.0
k,0.0,3.0,0.0,1.0
此类,0.0,6.0,0.0,1.0
博士后,6.0,0.0,1.0,0.0
战略,0.0,6.0,0.0,1.0
节点,0.0,3.0,0.0,1.0
跨境,0.0,3.0,0.0,1.0
以上,0.0,6.0,0.0,1.0
；,0.0,18.0,0.0,1.0
增加,0.0,3.0,0.0,1.0
17,0.0,9.0,0.0,1.0
与此同时,0.0,6.0,0.0,1.0
缓存数据,0.0,3.0,0.0,1.0
活动,0.0,9.0,0.0,1.0
归属,0.0,3.0,0.0,1.0
600031,0.0,3.0,0.0,1.0
处理,0.0,3.0,0.0,1.0
大大,0.0,3.0,0.0,1.0
主任,0.0,3.0,0.0,1.0
600410,0.0,3.0,0.0,1.0
额,0.0,3.0,0.0,1.0
课程,0.0,3.0,0.0,1.0
人民币,0.0,9.0,0.0,1.0
即将,0.0,3.0,0.0,1.0
100,0.0,15.0,0.0,1.0
营业,0.0,6.0,0.0,1.0
净,0.0,3.0,0.0,1.0
两天,0.0,6.0,0.0,1.0
营收,0.0,27.0,0.0,1.0
05,3.0,6.0,0.3333333333333333,0.6666666666666666
宏观,0.0,6.0,0.0,1.0
高点,0.0,3.0,0.0,1.0
管道,0.0,3.0,0.0,1.0
观点,0.0,6.0,0.0,1.0
辞去,0.0,9.0,0.0,1.0
培训,3.0,0.0,1.0,0.0
风雨飘摇,0.0,6.0,0.0,1.0
路,0.0,15.0,0.0,1.0
远,0.0,3.0,0.0,1.0
榜单,0.0,15.0,0.0,1.0
上位,0.0,9.0,0.0,1.0
铁,0.0,3.0,0.0,1.0
德,12.0,0.0,1.0,0.0
小幅,0.0,3.0,0.0,1.0
管理层,0.0,3.0,0.0,1.0
看来,0.0,12.0,0.0,1.0
最,0.0,6.0,0.0,1.0
缩小,0.0,12.0,0.0,1.0
能够,3.0,0.0,1.0,0.0
茅台,0.0,3.0,0.0,1.0
1400,0.0,3.0,0.0,1.0
陪同,3.0,0.0,1.0,0.0
量级,0.0,3.0,0.0,1.0
常务,6.0,3.0,0.6666666666666666,0.3333333333333333
专用,3.0,0.0,1.0,0.0
创业,0.0,3.0,0.0,1.0
后方,0.0,3.0,0.0,1.0
暨,3.0,0.0,1.0,0.0
位,0.0,3.0,0.0,1.0
要,0.0,21.0,0.0,1.0
报告,0.0,6.0,0.0,1.0
德国,15.0,0.0,1.0,0.0
zbuRfTT1TVrpJqao4,0.0,3.0,0.0,1.0
任何,0.0,12.0,0.0,1.0
专题,3.0,0.0,1.0,0.0
20170517,0.0,3.0,0.0,1.0
稳固,0.0,3.0,0.0,1.0
客户,0.0,12.0,0.0,1.0
反响,0.0,3.0,0.0,1.0
一场,0.0,3.0,0.0,1.0
助力,6.0,0.0,1.0,0.0
半拍,0.0,3.0,0.0,1.0
15,0.0,18.0,0.0,1.0
 ,132.0,237.0,0.35772357723577236,0.6422764227642277
教育领域,0.0,24.0,0.0,1.0
更好,0.0,6.0,0.0,1.0
倒,0.0,6.0,0.0,1.0
开放,0.0,3.0,0.0,1.0
长城,0.0,18.0,0.0,1.0
进入,1.0,0.0,1.0,0.0
必然,0.0,3.0,0.0,1.0
恒泰,0.0,3.0,0.0,1.0
联网络,0.0,3.0,0.0,1.0
该,0.0,18.0,0.0,1.0
说道,0.0,6.0,0.0,1.0
支持,0.0,9.0,0.0,1.0
海外,0.0,12.0,0.0,1.0
替换,0.0,6.0,0.0,1.0
困局,0.0,9.0,0.0,1.0
算,0.0,3.0,0.0,1.0
5.05,0.0,9.0,0.0,1.0
孩子,0.0,3.0,0.0,1.0
15222.41,0.0,3.0,0.0,1.0
代表,0.0,21.0,0.0,1.0
管,0.0,6.0,0.0,1.0
以来,0.0,6.0,0.0,1.0
永泰,0.0,3.0,0.0,1.0
报,0.0,9.0,0.0,1.0
二级,0.0,6.0,0.0,1.0
劲松,0.0,6.0,0.0,1.0
首次,0.0,18.0,0.0,1.0
内,0.0,18.0,0.0,1.0
未有,0.0,6.0,0.0,1.0
AVS,0.0,3.0,0.0,1.0
怕,0.0,3.0,0.0,1.0
不再,0.0,3.0,0.0,1.0
之内,0.0,3.0,0.0,1.0
【,12.0,3.0,0.8,0.2
鹏云,0.0,57.0,0.0,1.0
另外,0.0,3.0,0.0,1.0
继续,3.0,0.0,1.0,0.0
近日,1.0,9.0,0.1,0.9
嘉宾,6.0,0.0,1.0,0.0
有望,0.0,12.0,0.0,1.0
人民,0.0,6.0,0.0,1.0
》,0.0,21.0,0.0,1.0
小于,0.0,3.0,0.0,1.0
scol,0.0,3.0,0.0,1.0
电信业,0.0,6.0,0.0,1.0
三座大山,0.0,3.0,0.0,1.0
战略规划,3.0,9.0,0.25,0.75
单机,0.0,3.0,0.0,1.0
产能,6.0,0.0,1.0,0.0
股价,0.0,42.0,0.0,1.0
作为,3.0,27.0,0.1,0.9
综合,0.0,3.0,0.0,1.0
董事会,0.0,3.0,0.0,1.0
大学,3.0,0.0,1.0,0.0
竞争,0.0,3.0,0.0,1.0
连续,0.0,12.0,0.0,1.0
截至,0.0,9.0,0.0,1.0
留给,0.0,9.0,0.0,1.0
人员,3.0,0.0,1.0,0.0
自身,0.0,9.0,0.0,1.0
说,3.0,6.0,0.3333333333333333,0.6666666666666666
产业结构,3.0,0.0,1.0,0.0
持有,0.0,12.0,0.0,1.0
调整,3.0,15.0,0.16666666666666666,0.8333333333333334
C,0.0,3.0,0.0,1.0
国信,0.0,6.0,0.0,1.0
公告,0.0,48.0,0.0,1.0
监事会,0.0,6.0,0.0,1.0
老窖,0.0,3.0,0.0,1.0
推出,0.0,27.0,0.0,1.0
2005,0.0,3.0,0.0,1.0
做,3.0,33.0,0.08333333333333333,0.9166666666666666
300047,0.0,3.0,0.0,1.0
ueditor,0.0,6.0,0.0,1.0
ZzzZYpTUiaDNh6dP01ej7oEm1lqZQBdy5a5jqTZKVtvA2Fw7MmMUs8oP0GN9oI2ke1JcCT0hOJialU7Eg,0.0,3.0,0.0,1.0
年报,0.0,51.0,0.0,1.0
分钟,3.0,3.0,0.5,0.5
AVC,0.0,3.0,0.0,1.0
前有,0.0,3.0,0.0,1.0
其中,3.0,0.0,1.0,0.0
本国,3.0,0.0,1.0,0.0
发布会,0.0,21.0,0.0,1.0
副教授,1.0,0.0,1.0,0.0
可能,0.0,27.0,0.0,1.0
读完,3.0,0.0,1.0,0.0
疑点,0.0,9.0,0.0,1.0
甚少,0.0,6.0,0.0,1.0
2017,6.0,60.0,0.09090909090909091,0.9090909090909091
根据,0.0,3.0,0.0,1.0
逊色,0.0,3.0,0.0,1.0
升级,3.0,33.0,0.08333333333333333,0.9166666666666666
叶希杰,9.0,0.0,1.0,0.0
教育工作者,0.0,3.0,0.0,1.0
实业集团,0.0,9.0,0.0,1.0
着,3.0,6.0,0.3333333333333333,0.6666666666666666
推广,0.0,3.0,0.0,1.0
千家万户,0.0,3.0,0.0,1.0
人次,0.0,3.0,0.0,1.0
大众,0.0,18.0,0.0,1.0
董事,0.0,3.0,0.0,1.0
荣幸,3.0,0.0,1.0,0.0
尤其,0.0,3.0,0.0,1.0
票面值,0.0,3.0,0.0,1.0
大连,0.0,3.0,0.0,1.0
落幕,0.0,3.0,0.0,1.0
万邦,0.0,3.0,0.0,1.0
招商,0.0,3.0,0.0,1.0
全国,0.0,9.0,0.0,1.0
刘玉鹏,6.0,0.0,1.0,0.0
大鹏,0.0,3.0,0.0,1.0
设定,0.0,6.0,0.0,1.0
监事,0.0,18.0,0.0,1.0
应邀参加,3.0,0.0,1.0,0.0
过,0.0,6.0,0.0,1.0
副,0.0,3.0,0.0,1.0
季度,0.0,3.0,0.0,1.0
我国,3.0,0.0,1.0,0.0
闪崩,0.0,6.0,0.0,1.0
此人,0.0,6.0,0.0,1.0
同业,0.0,3.0,0.0,1.0
京,0.0,3.0,0.0,1.0
难以预测,0.0,6.0,0.0,1.0
雷声大雨,0.0,3.0,0.0,1.0
为何,0.0,3.0,0.0,1.0
直播,0.0,3.0,0.0,1.0
净水器,0.0,3.0,0.0,1.0
学生,3.0,0.0,1.0,0.0
永纪,0.0,3.0,0.0,1.0
比较,0.0,9.0,0.0,1.0
信用,0.0,3.0,0.0,1.0
雪榕,0.0,3.0,0.0,1.0
中德,3.0,0.0,1.0,0.0
演讲,15.0,0.0,1.0,0.0
北京,0.0,36.0,0.0,1.0
点,6.0,12.0,0.3333333333333333,0.6666666666666666
13.96,0.0,6.0,0.0,1.0
并称,0.0,3.0,0.0,1.0
jrtzb,0.0,3.0,0.0,1.0
跌幅,0.0,6.0,0.0,1.0
办公,3.0,0.0,1.0,0.0
教学,3.0,0.0,1.0,0.0
表现,0.0,3.0,0.0,1.0
~,0.0,6.0,0.0,1.0
坐不住,0.0,3.0,0.0,1.0
为了,0.0,6.0,0.0,1.0
16,3.0,6.0,0.3333333333333333,0.6666666666666666
值得一提,0.0,3.0,0.0,1.0
64,0.0,3.0,0.0,1.0
好,0.0,6.0,0.0,1.0
三成,0.0,6.0,0.0,1.0
避免,0.0,6.0,0.0,1.0
还,0.0,18.0,0.0,1.0
问题,0.0,54.0,0.0,1.0
产值,3.0,0.0,1.0,0.0
教育,12.0,270.0,0.0425531914893617,0.9574468085106383
个股,0.0,9.0,0.0,1.0
并,6.0,15.0,0.2857142857142857,0.7142857142857143
用,0.0,3.0,0.0,1.0
沟通交流,3.0,0.0,1.0,0.0
联网,0.0,3.0,0.0,1.0
环境,3.0,0.0,1.0,0.0
投资者,0.0,27.0,0.0,1.0
香港,0.0,3.0,0.0,1.0
专业,9.0,0.0,1.0,0.0
合理,0.0,3.0,0.0,1.0
自有,0.0,15.0,0.0,1.0
在,12.0,282.0,0.04081632653061224,0.9591836734693877
掌声,3.0,0.0,1.0,0.0
在内,0.0,6.0,0.0,1.0
体系,3.0,0.0,1.0,0.0
灵通,0.0,6.0,0.0,1.0
19,0.0,9.0,0.0,1.0
高清,0.0,3.0,0.0,1.0
净利润,0.0,21.0,0.0,1.0
信号,0.0,3.0,0.0,1.0
鸿沟,0.0,3.0,0.0,1.0
学堂,0.0,3.0,0.0,1.0
活力,0.0,3.0,0.0,1.0
透露,3.0,0.0,1.0,0.0
这个,0.0,12.0,0.0,1.0
用户,3.0,33.0,0.08333333333333333,0.9166666666666666
光见,0.0,8.0,0.0,1.0
指出,0.0,6.0,0.0,1.0
董事长,12.0,6.0,0.6666666666666666,0.3333333333333333
迪马,0.0,3.0,0.0,1.0
整体,0.0,6.0,0.0,1.0
4.51,0.0,3.0,0.0,1.0
之一,3.0,3.0,0.5,0.5
爱,0.0,3.0,0.0,1.0
开展,0.0,6.0,0.0,1.0
兴林,0.0,3.0,0.0,1.0
自动化,3.0,0.0,1.0,0.0
4.82,0.0,3.0,0.0,1.0
两,0.0,6.0,0.0,1.0
5921.91,0.0,6.0,0.0,1.0
提问,0.0,9.0,0.0,1.0
纵横,3.0,0.0,1.0,0.0
全面,3.0,9.0,0.25,0.75
净流入,0.0,3.0,0.0,1.0
被鹏,0.0,6.0,0.0,1.0
年,3.0,147.0,0.02,0.98
家庭,0.0,30.0,0.0,1.0
具体,0.0,12.0,0.0,1.0
其时,0.0,6.0,0.0,1.0
上交所,0.0,3.0,0.0,1.0
学会,3.0,0.0,1.0,0.0
带宽,0.0,12.0,0.0,1.0
越深,0.0,3.0,0.0,1.0
高峰期,0.0,9.0,0.0,1.0
肯定,0.0,9.0,0.0,1.0
多点,0.0,3.0,0.0,1.0
免费,0.0,3.0,0.0,1.0
业内,0.0,6.0,0.0,1.0
之间,0.0,3.0,0.0,1.0
人才,12.0,6.0,0.6666666666666666,0.3333333333333333
视讯,0.0,6.0,0.0,1.0
再,0.0,6.0,0.0,1.0
职业技能,9.0,0.0,1.0,0.0
大,3.0,80.0,0.03614457831325301,0.963855421686747
扩张,0.0,3.0,0.0,1.0
热烈,3.0,0.0,1.0,0.0
跳水,0.0,6.0,0.0,1.0
累计,0.0,9.0,0.0,1.0
同一天,0.0,3.0,0.0,1.0
狼,0.0,3.0,0.0,1.0
更要,0.0,3.0,0.0,1.0
地级,0.0,3.0,0.0,1.0
核心内容,0.0,3.0,0.0,1.0
母公司,0.0,3.0,0.0,1.0
传统,0.0,6.0,0.0,1.0
40,0.0,3.0,0.0,1.0
jpg,0.0,6.0,0.0,1.0
搞,0.0,3.0,0.0,1.0
年利率,0.0,6.0,0.0,1.0
分会,3.0,0.0,1.0,0.0
家视,0.0,6.0,0.0,1.0
打下基础,0.0,3.0,0.0,1.0
近期,0.0,27.0,0.0,1.0
政企,0.0,6.0,0.0,1.0
虾米,0.0,3.0,0.0,1.0
兼,6.0,3.0,0.6666666666666666,0.3333333333333333
降低,3.0,12.0,0.2,0.8
从业者,0.0,18.0,0.0,1.0
首发,0.0,3.0,0.0,1.0
已经,0.0,12.0,0.0,1.0
远道而来,3.0,0.0,1.0,0.0
缺,0.0,3.0,0.0,1.0
买入,0.0,9.0,0.0,1.0
余,3.0,0.0,1.0,0.0
起来,0.0,9.0,0.0,1.0
姜超,0.0,3.0,0.0,1.0
抢生意,0.0,3.0,0.0,1.0
八位,0.0,9.0,0.0,1.0
控股权,0.0,3.0,0.0,1.0
来源,3.0,0.0,1.0,0.0
群体,0.0,3.0,0.0,1.0
此时,0.0,3.0,0.0,1.0
但鹏,0.0,3.0,0.0,1.0
装配,3.0,0.0,1.0,0.0
对外,0.0,12.0,0.0,1.0
3,0.0,42.0,0.0,1.0
%,0.0,69.0,0.0,1.0
共同,3.0,3.0,0.5,0.5
IMAGE,0.0,27.0,0.0,1.0
产出,0.0,3.0,0.0,1.0
净额,0.0,6.0,0.0,1.0
主编,0.0,3.0,0.0,1.0
作品,3.0,0.0,1.0,0.0
足,0.0,6.0,0.0,1.0
烯,11.0,0.0,1.0,0.0
基础,0.0,3.0,0.0,1.0
履行,0.0,3.0,0.0,1.0
宽带接入,0.0,9.0,0.0,1.0
院长,3.0,0.0,1.0,0.0
C114,0.0,3.0,0.0,1.0
老师,21.0,0.0,1.0,0.0
舞台,0.0,3.0,0.0,1.0
面临,0.0,9.0,0.0,1.0
结果,0.0,6.0,0.0,1.0
修订,0.0,6.0,0.0,1.0
大麦,0.0,36.0,0.0,1.0
原创,0.0,3.0,0.0,1.0
高度发达,0.0,3.0,0.0,1.0
面对,0.0,12.0,0.0,1.0
联系电话,0.0,6.0,0.0,1.0
所说,0.0,6.0,0.0,1.0
鹏博,0.0,24.0,0.0,1.0
7.80,0.0,3.0,0.0,1.0
CEO,6.0,0.0,1.0,0.0
讯,0.0,9.0,0.0,1.0
3.17,0.0,3.0,0.0,1.0
绝赞,3.0,0.0,1.0,0.0
外,0.0,6.0,0.0,1.0
一位,3.0,12.0,0.2,0.8
询问,0.0,3.0,0.0,1.0
出发,0.0,3.0,0.0,1.0
265,0.0,3.0,0.0,1.0
1000,0.0,3.0,0.0,1.0
虽,0.0,3.0,0.0,1.0
坚决,0.0,3.0,0.0,1.0
走势,0.0,3.0,0.0,1.0
管理者,0.0,6.0,0.0,1.0
身份,0.0,3.0,0.0,1.0
下滑,0.0,3.0,0.0,1.0
一点,0.0,6.0,0.0,1.0
02,0.0,3.0,0.0,1.0
多位,0.0,15.0,0.0,1.0
华数,0.0,3.0,0.0,1.0
致电,0.0,6.0,0.0,1.0
良好经营,0.0,3.0,0.0,1.0
实现,3.0,6.0,0.3333333333333333,0.6666666666666666
新闻,0.0,3.0,0.0,1.0
不会,0.0,3.0,0.0,1.0
遍布,0.0,3.0,0.0,1.0
边际,0.0,3.0,0.0,1.0
宣布,1.0,6.0,0.14285714285714285,0.8571428571428571
就鹏,0.0,6.0,0.0,1.0
),0.0,29.0,0.0,1.0
利好,0.0,3.0,0.0,1.0
涉及,0.0,6.0,0.0,1.0
杭州,1.0,0.0,1.0,0.0
数月,0.0,3.0,0.0,1.0
传媒,0.0,12.0,0.0,1.0
4.38,0.0,3.0,0.0,1.0
15633.11,0.0,3.0,0.0,1.0
聚合,3.0,0.0,1.0,0.0
叶鹏,7.0,0.0,1.0,0.0
加快速度,0.0,3.0,0.0,1.0
在场,6.0,0.0,1.0,0.0
将,1.0,60.0,0.01639344262295082,0.9836065573770492
双降,0.0,3.0,0.0,1.0
A股,0.0,12.0,0.0,1.0
天玑,0.0,3.0,0.0,1.0
分公司,0.0,6.0,0.0,1.0
网络资源,0.0,3.0,0.0,1.0
10950,0.0,3.0,0.0,1.0
普利,0.0,3.0,0.0,1.0
研究,3.0,3.0,0.5,0.5
决定,0.0,6.0,0.0,1.0
48,0.0,3.0,0.0,1.0
人士,0.0,12.0,0.0,1.0
电气,0.0,3.0,0.0,1.0
至今,0.0,6.0,0.0,1.0
所,0.0,21.0,0.0,1.0
开辟,0.0,3.0,0.0,1.0
三大,0.0,42.0,0.0,1.0
但于,0.0,3.0,0.0,1.0
快,0.0,6.0,0.0,1.0
极速,0.0,3.0,0.0,1.0
扮演,0.0,3.0,0.0,1.0
微,0.0,3.0,0.0,1.0
赫然,0.0,6.0,0.0,1.0
优势,3.0,6.0,0.3333333333333333,0.6666666666666666
从鹏,0.0,3.0,0.0,1.0
加速,0.0,3.0,0.0,1.0
一份,0.0,6.0,0.0,1.0
学习,3.0,0.0,1.0,0.0
http,0.0,27.0,0.0,1.0
熊猫,0.0,3.0,0.0,1.0
现场,3.0,0.0,1.0,0.0
优秀,3.0,6.0,0.3333333333333333,0.6666666666666666
应,0.0,18.0,0.0,1.0
瓶颈,3.0,0.0,1.0,0.0
每股,0.0,3.0,0.0,1.0
证券,0.0,21.0,0.0,1.0
深受,0.0,3.0,0.0,1.0
发行,0.0,18.0,0.0,1.0
融资,0.0,18.0,0.0,1.0
路桥,0.0,3.0,0.0,1.0
执行,0.0,6.0,0.0,1.0
实业,0.0,21.0,0.0,1.0
16280.49,0.0,3.0,0.0,1.0
收费,0.0,3.0,0.0,1.0
百兆,0.0,3.0,0.0,1.0
骨干,0.0,3.0,0.0,1.0
某位,0.0,3.0,0.0,1.0
商报讯,0.0,3.0,0.0,1.0
均,0.0,18.0,0.0,1.0
疑虑,0.0,6.0,0.0,1.0
等,9.0,53.0,0.14516129032258066,0.8548387096774194
王朝,0.0,9.0,0.0,1.0
成功,0.0,3.0,0.0,1.0
OTT,0.0,3.0,0.0,1.0
有些,0.0,3.0,0.0,1.0
事,0.0,3.0,0.0,1.0
天下,0.0,6.0,0.0,1.0
分歧,0.0,3.0,0.0,1.0
地要,0.0,3.0,0.0,1.0
跨界,0.0,6.0,0.0,1.0
飞,0.0,18.0,0.0,1.0
却是,0.0,2.0,0.0,1.0
转售,0.0,6.0,0.0,1.0
搭建,0.0,9.0,0.0,1.0
概念股,0.0,6.0,0.0,1.0
成绩,0.0,3.0,0.0,1.0
实在,0.0,6.0,0.0,1.0
提供,0.0,21.0,0.0,1.0
能源,0.0,3.0,0.0,1.0
优化,0.0,3.0,0.0,1.0
信息技术,6.0,0.0,1.0,0.0
以下,0.0,3.0,0.0,1.0
先天不足,0.0,3.0,0.0,1.0
这位,0.0,6.0,0.0,1.0
最低,0.0,3.0,0.0,1.0
考察,6.0,0.0,1.0,0.0
预案,0.0,12.0,0.0,1.0
导致,0.0,12.0,0.0,1.0
先天性,0.0,3.0,0.0,1.0
股票,0.0,15.0,0.0,1.0
16787.5,0.0,3.0,0.0,1.0
分享,3.0,6.0,0.3333333333333333,0.6666666666666666
回至,0.0,6.0,0.0,1.0
设备,3.0,0.0,1.0,0.0
于,0.0,42.0,0.0,1.0
一年,0.0,3.0,0.0,1.0
应用,0.0,24.0,0.0,1.0
诧异,0.0,6.0,0.0,1.0
运营商,0.0,93.0,0.0,1.0
分析师,0.0,6.0,0.0,1.0
好评,0.0,3.0,0.0,1.0
提出,0.0,18.0,0.0,1.0
才,0.0,18.0,0.0,1.0
以,0.0,15.0,0.0,1.0
斗争,0.0,6.0,0.0,1.0
电话,0.0,6.0,0.0,1.0
进军,0.0,6.0,0.0,1.0
崔晨,0.0,3.0,0.0,1.0
3.07,0.0,3.0,0.0,1.0
讲者,3.0,0.0,1.0,0.0
18,0.0,3.0,0.0,1.0
工作,3.0,6.0,0.3333333333333333,0.6666666666666666
四个,0.0,9.0,0.0,1.0
山西省,6.0,0.0,1.0,0.0
wx,0.0,15.0,0.0,1.0
逼仄,0.0,6.0,0.0,1.0
稳健,0.0,6.0,0.0,1.0
会议,9.0,0.0,1.0,0.0
教学方式,3.0,0.0,1.0,0.0
泸州,0.0,3.0,0.0,1.0
购买,0.0,6.0,0.0,1.0
想要,0.0,12.0,0.0,1.0
于思软,3.0,0.0,1.0,0.0
这些,0.0,9.0,0.0,1.0
大患,0.0,3.0,0.0,1.0
驰宏,0.0,3.0,0.0,1.0
总经理,3.0,6.0,0.3333333333333333,0.6666666666666666
头绪,0.0,6.0,0.0,1.0
送,0.0,6.0,0.0,1.0
本身,0.0,3.0,0.0,1.0
挖掘,0.0,6.0,0.0,1.0
理念,3.0,0.0,1.0,0.0
新,0.0,72.0,0.0,1.0
答疑,3.0,0.0,1.0,0.0
上涨,0.0,9.0,0.0,1.0
是,6.0,102.0,0.05555555555555555,0.9444444444444444
变革,0.0,6.0,0.0,1.0
解读,0.0,3.0,0.0,1.0
迎接,0.0,6.0,0.0,1.0
举步维艰,0.0,3.0,0.0,1.0
由鹏,0.0,3.0,0.0,1.0
像鹏,0.0,3.0,0.0,1.0
缩水,0.0,6.0,0.0,1.0
因,0.0,3.0,0.0,1.0
观察,0.0,6.0,0.0,1.0
52,3.0,0.0,1.0,0.0
理工大学,1.0,0.0,1.0,0.0
>,0.0,30.0,0.0,1.0
艰难,0.0,3.0,0.0,1.0
规划,3.0,0.0,1.0,0.0
2015,0.0,27.0,0.0,1.0
现实,0.0,9.0,0.0,1.0
头顶,0.0,3.0,0.0,1.0
远远,0.0,3.0,0.0,1.0
全球,3.0,24.0,0.1111111111111111,0.8888888888888888
技术,6.0,6.0,0.5,0.5
产生,0.0,6.0,0.0,1.0
太原,3.0,0.0,1.0,0.0
融合,3.0,9.0,0.25,0.75
或是,0.0,6.0,0.0,1.0
游族,0.0,3.0,0.0,1.0
轨迹,0.0,3.0,0.0,1.0
亿,0.0,6.0,0.0,1.0
王,0.0,3.0,0.0,1.0
时间,3.0,12.0,0.2,0.8
200,0.0,6.0,0.0,1.0
逐年,0.0,6.0,0.0,1.0
方面,6.0,3.0,0.6666666666666666,0.3333333333333333
三个,0.0,9.0,0.0,1.0
差强人意,0.0,3.0,0.0,1.0
一两年,0.0,6.0,0.0,1.0
出现,0.0,36.0,0.0,1.0
线下,0.0,3.0,0.0,1.0
更具,0.0,3.0,0.0,1.0
经营,0.0,12.0,0.0,1.0
理想,0.0,3.0,0.0,1.0
不温不火,0.0,6.0,0.0,1.0
编码方式,0.0,3.0,0.0,1.0
银行,0.0,3.0,0.0,1.0
所得,0.0,6.0,0.0,1.0
原始股,0.0,3.0,0.0,1.0
副总经理,0.0,30.0,0.0,1.0
SRC,0.0,27.0,0.0,1.0
地,0.0,33.0,0.0,1.0
相比,0.0,9.0,0.0,1.0
编码,0.0,9.0,0.0,1.0
迟迟,0.0,2.0,0.0,1.0
Bravo,0.0,3.0,0.0,1.0
第十三位,0.0,3.0,0.0,1.0
个性化,4.0,0.0,1.0,0.0
20,3.0,6.0,0.3333333333333333,0.6666666666666666
B座,3.0,0.0,1.0,0.0
日前,0.0,6.0,0.0,1.0
比,0.0,6.0,0.0,1.0
领域,0.0,30.0,0.0,1.0
中信,0.0,6.0,0.0,1.0
有限公司,0.0,30.0,0.0,1.0
　,0.0,278.0,0.0,1.0
期待,0.0,6.0,0.0,1.0
构建,0.0,6.0,0.0,1.0
任,0.0,6.0,0.0,1.0
对鹏,0.0,15.0,0.0,1.0
下雨,0.0,8.0,0.0,1.0
走,0.0,12.0,0.0,1.0
个,0.0,15.0,0.0,1.0
参观,6.0,0.0,1.0,0.0
收盘,0.0,3.0,0.0,1.0
负责人,0.0,12.0,0.0,1.0
对于,0.0,21.0,0.0,1.0
地区,0.0,9.0,0.0,1.0
金洲,0.0,3.0,0.0,1.0
金晶,0.0,3.0,0.0,1.0
毕竟,0.0,9.0,0.0,1.0
职工代表,0.0,3.0,0.0,1.0
集团,0.0,12.0,0.0,1.0
关于,0.0,6.0,0.0,1.0
困难重重,0.0,3.0,0.0,1.0
秘书长,4.0,0.0,1.0,0.0
引进,3.0,3.0,0.5,0.5
对应,0.0,3.0,0.0,1.0
比例,0.0,3.0,0.0,1.0
爆料,0.0,6.0,0.0,1.0
多,3.0,15.0,0.16666666666666666,0.8333333333333334
4,0.0,9.0,0.0,1.0
发现,0.0,36.0,0.0,1.0
生物,0.0,3.0,0.0,1.0
11,0.0,6.0,0.0,1.0
庞大,0.0,6.0,0.0,1.0
会上,0.0,6.0,0.0,1.0
周,0.0,9.0,0.0,1.0
据悉,0.0,3.0,0.0,1.0
更是,0.0,3.0,0.0,1.0
注册,0.0,6.0,0.0,1.0
回复,0.0,6.0,0.0,1.0
上午,6.0,0.0,1.0,0.0
必须,0.0,9.0,0.0,1.0
尴尬,0.0,3.0,0.0,1.0
教育资源,0.0,12.0,0.0,1.0
_,0.0,33.0,0.0,1.0
生效,0.0,3.0,0.0,1.0
是不是,0.0,6.0,0.0,1.0
一些,0.0,18.0,0.0,1.0
资源,3.0,9.0,0.25,0.75
缓解,0.0,3.0,0.0,1.0
应对,0.0,6.0,0.0,1.0
揭开,0.0,6.0,0.0,1.0
录播,0.0,3.0,0.0,1.0
吸引,0.0,3.0,0.0,1.0
东兴,0.0,3.0,0.0,1.0
年内,0.0,6.0,0.0,1.0
价格竞争,0.0,3.0,0.0,1.0
科技,3.0,15.0,0.16666666666666666,0.8333333333333334
激励,0.0,6.0,0.0,1.0
现状,3.0,12.0,0.2,0.8
的确,0.0,18.0,0.0,1.0
持,0.0,9.0,0.0,1.0
机构,0.0,15.0,0.0,1.0
回落,0.0,3.0,0.0,1.0
专业技能,12.0,0.0,1.0,0.0
方,0.0,12.0,0.0,1.0
正当,0.0,6.0,0.0,1.0
创新型,0.0,3.0,0.0,1.0
引爆,0.0,3.0,0.0,1.0
而且,0.0,18.0,0.0,1.0
平台,0.0,51.0,0.0,1.0
家用,0.0,3.0,0.0,1.0
残酷,0.0,3.0,0.0,1.0
钢构,0.0,3.0,0.0,1.0
为鹏,0.0,6.0,0.0,1.0
更加,0.0,3.0,0.0,1.0
5g,0.0,6.0,0.0,1.0
国际,6.0,0.0,1.0,0.0
外界,0.0,18.0,0.0,1.0
鉴于,0.0,6.0,0.0,1.0
发展趋势,0.0,3.0,0.0,1.0
牵头,0.0,3.0,0.0,1.0
荆棘,0.0,3.0,0.0,1.0
总结,3.0,9.0,0.25,0.75
(,0.0,29.0,0.0,1.0
中金公司,0.0,3.0,0.0,1.0
（,0.0,93.0,0.0,1.0
应运而生,0.0,3.0,0.0,1.0
更,0.0,24.0,0.0,1.0
1,0.0,36.0,0.0,1.0
表示,0.0,60.0,0.0,1.0
一日,0.0,3.0,0.0,1.0
高管,0.0,27.0,0.0,1.0
GDP,0.0,3.0,0.0,1.0
有没有,0.0,6.0,0.0,1.0
以及,0.0,24.0,0.0,1.0
合作,9.0,3.0,0.75,0.25
免俗,0.0,6.0,0.0,1.0
14,0.0,21.0,0.0,1.0
博士,58.0,773.0,0.06979542719614922,0.9302045728038508
巨头,0.0,6.0,0.0,1.0
本次,0.0,12.0,0.0,1.0
北新,0.0,3.0,0.0,1.0
今天,0.0,3.0,0.0,1.0
真的,0.0,6.0,0.0,1.0
工程学院,3.0,0.0,1.0,0.0
公司,6.0,162.0,0.03571428571428571,0.9642857142857143
起跑线,0.0,3.0,0.0,1.0
线路,0.0,3.0,0.0,1.0
数据分析,0.0,3.0,0.0,1.0
跑量,0.0,6.0,0.0,1.0
点评,0.0,3.0,0.0,1.0
坚定信心,0.0,6.0,0.0,1.0
全新,0.0,6.0,0.0,1.0
法定,0.0,3.0,0.0,1.0
断网,0.0,9.0,0.0,1.0
-,6.0,24.0,0.2,0.8
三年,0.0,18.0,0.0,1.0
华发,0.0,3.0,0.0,1.0
工业,0.0,3.0,0.0,1.0
百余位,3.0,0.0,1.0,0.0
看,0.0,3.0,0.0,1.0
机械,0.0,3.0,0.0,1.0
后仅,0.0,6.0,0.0,1.0
300229,0.0,3.0,0.0,1.0
直到,0.0,18.0,0.0,1.0
深圳,0.0,9.0,0.0,1.0
宽带用户,0.0,6.0,0.0,1.0
策略,0.0,3.0,0.0,1.0
哪个,0.0,6.0,0.0,1.0
金冠,0.0,3.0,0.0,1.0
到期,0.0,6.0,0.0,1.0
