日,24.0,23.0,0.5106382978723404,0.48936170212765956
1412.57,0.0,3.0,0.0,1.0
汇,3.0,0.0,1.0,0.0
行政,0.0,3.0,0.0,1.0
之,0.0,6.0,0.0,1.0
班车,0.0,12.0,0.0,1.0
至,0.0,3.0,0.0,1.0
孵化,18.0,6.0,0.75,0.25
优惠政策,0.0,3.0,0.0,1.0
数十家,3.0,0.0,1.0,0.0
黄金,0.0,3.0,0.0,1.0
完成,3.0,0.0,1.0,0.0
停,1.0,0.0,1.0,0.0
倾情,3.0,0.0,1.0,0.0
邀请,3.0,15.0,0.16666666666666666,0.8333333333333334
创意,0.0,18.0,0.0,1.0
功能区,0.0,3.0,0.0,1.0
呈贡,0.0,3.0,0.0,1.0
父母,6.0,24.0,0.2,0.8
533387.82241,0.0,3.0,0.0,1.0
同比,0.0,18.0,0.0,1.0
领导,0.0,3.0,0.0,1.0
选座,0.0,3.0,0.0,1.0
【,42.0,39.0,0.5185185185185185,0.48148148148148145
此次,0.0,9.0,0.0,1.0
经营范围,3.0,0.0,1.0,0.0
705,3.0,0.0,1.0,0.0
集群,0.0,6.0,0.0,1.0
:,0.0,48.0,0.0,1.0
奥林匹克,12.0,0.0,1.0,0.0
0,0.0,21.0,0.0,1.0
前十强,0.0,3.0,0.0,1.0
*,0.0,6.0,0.0,1.0
振奋人心,0.0,3.0,0.0,1.0
5.9,0.0,3.0,0.0,1.0
快报,0.0,3.0,0.0,1.0
加大,0.0,3.0,0.0,1.0
707,3.0,0.0,1.0,0.0
及其,0.0,3.0,0.0,1.0
珠江,0.0,6.0,0.0,1.0
央视,3.0,0.0,1.0,0.0
最后,0.0,6.0,0.0,1.0
坚持,3.0,0.0,1.0,0.0
赞许,0.0,3.0,0.0,1.0
原,6.0,12.0,0.3333333333333333,0.6666666666666666
程度,3.0,0.0,1.0,0.0
省政府,0.0,3.0,0.0,1.0
丨,24.0,0.0,1.0,0.0
chart,0.0,3.0,0.0,1.0
协办,0.0,6.0,0.0,1.0
车库,3.0,0.0,1.0,0.0
地方,0.0,3.0,0.0,1.0
热线,12.0,0.0,1.0,0.0
10,7.0,0.0,1.0,0.0
股份,0.0,24.0,0.0,1.0
内容,0.0,3.0,0.0,1.0
亿元,0.0,9.0,0.0,1.0
出,0.0,3.0,0.0,1.0
亚奥,0.0,3.0,0.0,1.0
颁发,3.0,0.0,1.0,0.0
48.6,0.0,3.0,0.0,1.0
（,16.0,51.0,0.23880597014925373,0.7611940298507462
银行,24.0,0.0,1.0,0.0
5.0,0.0,12.0,0.0,1.0
798,0.0,6.0,0.0,1.0
听到,0.0,3.0,0.0,1.0
各界,0.0,3.0,0.0,1.0
协议,0.0,9.0,0.0,1.0
联手,6.0,0.0,1.0,0.0
步伐,0.0,3.0,0.0,1.0
精品,3.0,0.0,1.0,0.0
mmbiz,0.0,30.0,0.0,1.0
微,6.0,3.0,0.6666666666666666,0.3333333333333333
之势,0.0,3.0,0.0,1.0
1.24,0.0,3.0,0.0,1.0
品牌效应,0.0,3.0,0.0,1.0
作为,9.0,30.0,0.23076923076923078,0.7692307692307693
倾力,0.0,3.0,0.0,1.0
开幕,0.0,3.0,0.0,1.0
孙鲁平,3.0,0.0,1.0,0.0
总部,0.0,32.0,0.0,1.0
专家学者,0.0,3.0,0.0,1.0
2004,6.0,0.0,1.0,0.0
UploadFiles,0.0,6.0,0.0,1.0
751,0.0,3.0,0.0,1.0
国电,0.0,3.0,0.0,1.0
png,0.0,15.0,0.0,1.0
7,16.0,6.0,0.7272727272727273,0.2727272727272727
智慧,0.0,9.0,0.0,1.0
王辉,0.0,3.0,0.0,1.0
京内,0.0,3.0,0.0,1.0
会上,0.0,3.0,0.0,1.0
担任,3.0,0.0,1.0,0.0
】,42.0,39.0,0.5185185185185185,0.48148148148148145
过远,0.0,3.0,0.0,1.0
单位,0.0,9.0,0.0,1.0
数据安全,0.0,3.0,0.0,1.0
独栋,0.0,3.0,0.0,1.0
京津冀,0.0,18.0,0.0,1.0
联想,3.0,0.0,1.0,0.0
前沿,3.0,0.0,1.0,0.0
发展,6.0,60.0,0.09090909090909091,0.9090909090909091
从,0.0,9.0,0.0,1.0
50,0.0,3.0,0.0,1.0
=,0.0,60.0,0.0,1.0
轻威,0.0,3.0,0.0,1.0
+,9.0,63.0,0.125,0.875
2000,6.0,0.0,1.0,0.0
新高,0.0,3.0,0.0,1.0
4000,9.0,0.0,1.0,0.0
电子产品,3.0,0.0,1.0,0.0
副董事长,0.0,12.0,0.0,1.0
专业,3.0,18.0,0.14285714285714285,0.8571428571428571
担保,3.0,0.0,1.0,0.0
齐聚,0.0,3.0,0.0,1.0
消息,0.0,3.0,0.0,1.0
走进,0.0,6.0,0.0,1.0
生态,0.0,6.0,0.0,1.0
原誉隆,3.0,0.0,1.0,0.0
下,0.0,15.0,0.0,1.0
如何,0.0,6.0,0.0,1.0
万科,0.0,6.0,0.0,1.0
设立,0.0,3.0,0.0,1.0
加强,0.0,3.0,0.0,1.0
互动,0.0,3.0,0.0,1.0
实时,0.0,3.0,0.0,1.0
编号,0.0,3.0,0.0,1.0
4.0,0.0,3.0,0.0,1.0
共识,3.0,0.0,1.0,0.0
政府,9.0,6.0,0.6,0.4
机遇,0.0,3.0,0.0,1.0
a6af90201c4058f,0.0,3.0,0.0,1.0
疏导,0.0,3.0,0.0,1.0
说话,3.0,12.0,0.2,0.8
上盖,1.0,0.0,1.0,0.0
举办,12.0,9.0,0.5714285714285714,0.42857142857142855
集,0.0,3.0,0.0,1.0
天使,3.0,0.0,1.0,0.0
需求,3.0,12.0,0.2,0.8
超,3.0,0.0,1.0,0.0
提倡,3.0,12.0,0.2,0.8
15.16,0.0,3.0,0.0,1.0
英雄,3.0,0.0,1.0,0.0
2.5,0.0,3.0,0.0,1.0
互联网,0.0,15.0,0.0,1.0
土地,0.0,3.0,0.0,1.0
零售业,3.0,0.0,1.0,0.0
行动,0.0,3.0,0.0,1.0
总监,0.0,3.0,0.0,1.0
毗邻,0.0,6.0,0.0,1.0
集团股份,0.0,3.0,0.0,1.0
仅限,3.0,0.0,1.0,0.0
中国,6.0,12.0,0.3333333333333333,0.6666666666666666
西南地区,0.0,3.0,0.0,1.0
旧,0.0,3.0,0.0,1.0
万众,3.0,3.0,0.5,0.5
西青,12.0,9.0,0.5714285714285714,0.42857142857142855
大力支持,0.0,3.0,0.0,1.0
部分,0.0,3.0,0.0,1.0
刚,0.0,3.0,0.0,1.0
财富,3.0,12.0,0.2,0.8
二手房,3.0,0.0,1.0,0.0
仓库,3.0,0.0,1.0,0.0
过巍,3.0,0.0,1.0,0.0
39,3.0,0.0,1.0,0.0
现有,3.0,0.0,1.0,0.0
开发区,12.0,3.0,0.8,0.2
咨询,3.0,0.0,1.0,0.0
活跃,0.0,3.0,0.0,1.0
承接,0.0,3.0,0.0,1.0
一期,12.0,3.0,0.8,0.2
设计,0.0,6.0,0.0,1.0
会,9.0,3.0,0.75,0.25
pics,0.0,6.0,0.0,1.0
推动,0.0,6.0,0.0,1.0
中关村,0.0,66.0,0.0,1.0
意义,0.0,3.0,0.0,1.0
公交,3.0,3.0,0.5,0.5
金融界,0.0,3.0,0.0,1.0
拓展,0.0,9.0,0.0,1.0
戴尔,3.0,0.0,1.0,0.0
财经频道,3.0,0.0,1.0,0.0
img1,0.0,6.0,0.0,1.0
5,6.0,12.0,0.3333333333333333,0.6666666666666666
中心,0.0,30.0,0.0,1.0
关停,6.0,0.0,1.0,0.0
立即,0.0,3.0,0.0,1.0
虚拟,0.0,3.0,0.0,1.0
暑期,0.0,12.0,0.0,1.0
关联,0.0,3.0,0.0,1.0
对,0.0,9.0,0.0,1.0
主办,0.0,6.0,0.0,1.0
自行,3.0,0.0,1.0,0.0
完全,3.0,0.0,1.0,0.0
电子器材,4.0,0.0,1.0,0.0
以为,3.0,0.0,1.0,0.0
外,0.0,3.0,0.0,1.0
月,25.0,26.0,0.49019607843137253,0.5098039215686274
人,3.0,5.0,0.375,0.625
毕业生,3.0,0.0,1.0,0.0
重工业,0.0,3.0,0.0,1.0
有力,0.0,3.0,0.0,1.0
525,0.0,3.0,0.0,1.0
收益,0.0,3.0,0.0,1.0
借此机会,3.0,0.0,1.0,0.0
每股,0.0,3.0,0.0,1.0
解决,0.0,6.0,0.0,1.0
再也,1.0,0.0,1.0,0.0
二维码,3.0,0.0,1.0,0.0
—,3.0,18.0,0.14285714285714285,0.8571428571428571
以下,6.0,0.0,1.0,0.0
路线,0.0,3.0,0.0,1.0
高度重视,0.0,3.0,0.0,1.0
通信,3.0,0.0,1.0,0.0
张晓峰,3.0,0.0,1.0,0.0
宁国,3.0,0.0,1.0,0.0
解读,0.0,6.0,0.0,1.0
处处长,0.0,3.0,0.0,1.0
全球,0.0,3.0,0.0,1.0
控股,0.0,3.0,0.0,1.0
在内,0.0,6.0,0.0,1.0
老旧,0.0,3.0,0.0,1.0
负责人,0.0,9.0,0.0,1.0
正是,0.0,6.0,0.0,1.0
先生,18.0,0.0,1.0,0.0
2016,0.0,3.0,0.0,1.0
企业家,0.0,9.0,0.0,1.0
详细,3.0,3.0,0.5,0.5
文化产业,0.0,3.0,0.0,1.0
城,3.0,3.0,0.5,0.5
600.00000,0.0,3.0,0.0,1.0
粤泰,0.0,6.0,0.0,1.0
后,0.0,6.0,0.0,1.0
专注,0.0,3.0,0.0,1.0
现代,0.0,9.0,0.0,1.0
DTCKG2016,0.0,3.0,0.0,1.0
新品,3.0,0.0,1.0,0.0
城市,0.0,3.0,0.0,1.0
快乐,0.0,6.0,0.0,1.0
产业布局,0.0,3.0,0.0,1.0
4.20,0.0,3.0,0.0,1.0
产业,0.0,69.0,0.0,1.0
著名品牌,3.0,0.0,1.0,0.0
占,0.0,6.0,0.0,1.0
欢迎,0.0,6.0,0.0,1.0
电子信息,0.0,6.0,0.0,1.0
22,3.0,0.0,1.0,0.0
张,3.0,0.0,1.0,0.0
领先,0.0,12.0,0.0,1.0
管理,3.0,6.0,0.3333333333333333,0.6666666666666666
讲话,0.0,3.0,0.0,1.0
京汉,0.0,6.0,0.0,1.0
31,9.0,3.0,0.75,0.25
对接,9.0,6.0,0.6,0.4
gtimg,0.0,6.0,0.0,1.0
三星,3.0,0.0,1.0,0.0
本着,0.0,3.0,0.0,1.0
名称,3.0,0.0,1.0,0.0
’,6.0,0.0,1.0,0.0
IBM,3.0,0.0,1.0,0.0
互联,0.0,6.0,0.0,1.0
轻,0.0,12.0,0.0,1.0
关闭,9.0,0.0,1.0,0.0
构筑,0.0,3.0,0.0,1.0
员工,0.0,6.0,0.0,1.0
大连市,12.0,0.0,1.0,0.0
旗舰店,3.0,0.0,1.0,0.0
使,0.0,6.0,0.0,1.0
创始人,0.0,3.0,0.0,1.0
线上,0.0,3.0,0.0,1.0
身,0.0,3.0,0.0,1.0
致辞,0.0,6.0,0.0,1.0
陆续,3.0,0.0,1.0,0.0
龙头企业,0.0,3.0,0.0,1.0
成熟,3.0,0.0,1.0,0.0
可行性,0.0,6.0,0.0,1.0
年老,3.0,12.0,0.2,0.8
023,0.0,3.0,0.0,1.0
打下,3.0,0.0,1.0,0.0
伟力,6.0,0.0,1.0,0.0
将军,6.0,0.0,1.0,0.0
团队,0.0,9.0,0.0,1.0
一步,0.0,3.0,0.0,1.0
近日,0.0,3.0,0.0,1.0
OPPO,3.0,0.0,1.0,0.0
19.86,0.0,3.0,0.0,1.0
商学院,18.0,0.0,1.0,0.0
NO,0.0,6.0,0.0,1.0
区域,0.0,6.0,0.0,1.0
体,0.0,6.0,0.0,1.0
服务,18.0,69.0,0.20689655172413793,0.7931034482758621
现将,0.0,3.0,0.0,1.0
制造,0.0,6.0,0.0,1.0
滇,0.0,27.0,0.0,1.0
收回,1.0,0.0,1.0,0.0
六,3.0,12.0,0.2,0.8
预备,3.0,0.0,1.0,0.0
呼叫,0.0,3.0,0.0,1.0
、,196.0,337.0,0.3677298311444653,0.6322701688555347
科技园区,0.0,6.0,0.0,1.0
123456,0.0,3.0,0.0,1.0
长期以来,0.0,3.0,0.0,1.0
：,102.0,21.0,0.8292682926829268,0.17073170731707318
打造,0.0,30.0,0.0,1.0
硅谷,0.0,3.0,0.0,1.0
部,3.0,0.0,1.0,0.0
手机,9.0,39.0,0.1875,0.8125
金源,0.0,3.0,0.0,1.0
601,0.0,3.0,0.0,1.0
）,16.0,54.0,0.22857142857142856,0.7714285714285715
业态,0.0,3.0,0.0,1.0
希望,3.0,15.0,0.16666666666666666,0.8333333333333334
挂满,0.0,3.0,0.0,1.0
投资,0.0,12.0,0.0,1.0
59,0.0,3.0,0.0,1.0
渠道,0.0,3.0,0.0,1.0
率先,0.0,3.0,0.0,1.0
8,19.0,5.0,0.7916666666666666,0.20833333333333334
纽曼,3.0,0.0,1.0,0.0
形成,0.0,3.0,0.0,1.0
有效,0.0,3.0,0.0,1.0
矿业权,0.0,3.0,0.0,1.0
身临其境,0.0,3.0,0.0,1.0
智能,0.0,27.0,0.0,1.0
赢,3.0,3.0,0.5,0.5
小,9.0,0.0,1.0,0.0
中小企业,3.0,0.0,1.0,0.0
商圈,6.0,3.0,0.6666666666666666,0.3333333333333333
价值,0.0,3.0,0.0,1.0
首都机场,0.0,3.0,0.0,1.0
上市,3.0,3.0,0.5,0.5
市委,0.0,3.0,0.0,1.0
信息,0.0,3.0,0.0,1.0
后续,3.0,0.0,1.0,0.0
委员会,0.0,18.0,0.0,1.0
服务业,0.0,15.0,0.0,1.0
协会,0.0,6.0,0.0,1.0
建立,3.0,3.0,0.5,0.5
扶持,0.0,3.0,0.0,1.0
力求,0.0,3.0,0.0,1.0
落实,0.0,3.0,0.0,1.0
成城,0.0,6.0,0.0,1.0
品,0.0,3.0,0.0,1.0
实际行动,0.0,3.0,0.0,1.0
云,9.0,0.0,1.0,0.0
永嘉,3.0,0.0,1.0,0.0
遵循,0.0,6.0,0.0,1.0
复制,0.0,3.0,0.0,1.0
发言,0.0,3.0,0.0,1.0
IT,6.0,9.0,0.4,0.6
三板,3.0,0.0,1.0,0.0
四大,0.0,3.0,0.0,1.0
量,0.0,3.0,0.0,1.0
操作,0.0,3.0,0.0,1.0
融,0.0,3.0,0.0,1.0
第二期,3.0,12.0,0.2,0.8
jpeg,0.0,18.0,0.0,1.0
完,0.0,3.0,0.0,1.0
506,33.0,0.0,1.0,0.0
一个,0.0,3.0,0.0,1.0
万元,0.0,3.0,0.0,1.0
股本,0.0,6.0,0.0,1.0
最正,3.0,0.0,1.0,0.0
没有,1.0,3.0,0.25,0.75
后市,0.0,3.0,0.0,1.0
文化,6.0,42.0,0.125,0.875
布局,0.0,3.0,0.0,1.0
kpic,0.0,3.0,0.0,1.0
47.93,0.0,3.0,0.0,1.0
详情,3.0,0.0,1.0,0.0
无人不知,3.0,0.0,1.0,0.0
早日,3.0,0.0,1.0,0.0
注意事项,0.0,3.0,0.0,1.0
抵达,0.0,3.0,0.0,1.0
换乘,0.0,3.0,0.0,1.0
有限公司,15.0,24.0,0.38461538461538464,0.6153846153846154
初创,3.0,0.0,1.0,0.0
一体,0.0,6.0,0.0,1.0
衷心感谢,0.0,3.0,0.0,1.0
下午,6.0,0.0,1.0,0.0
联合会,0.0,3.0,0.0,1.0
交流学习,0.0,3.0,0.0,1.0
大厅,0.0,6.0,0.0,1.0
产,0.0,3.0,0.0,1.0
外国人,0.0,6.0,0.0,1.0
产品,3.0,12.0,0.2,0.8
这次,0.0,3.0,0.0,1.0
于,9.0,14.0,0.391304347826087,0.6086956521739131
民营,0.0,6.0,0.0,1.0
主题,3.0,6.0,0.3333333333333333,0.6666666666666666
时代,3.0,15.0,0.16666666666666666,0.8333333333333334
营业时间,3.0,0.0,1.0,0.0
类型,3.0,0.0,1.0,0.0
业,3.0,0.0,1.0,0.0
黄金地段,3.0,0.0,1.0,0.0
网站,6.0,3.0,0.6666666666666666,0.3333333333333333
经济区,0.0,6.0,0.0,1.0
疗,0.0,3.0,0.0,1.0
战略,0.0,24.0,0.0,1.0
结束,0.0,3.0,0.0,1.0
闲置,3.0,0.0,1.0,0.0
期,12.0,0.0,1.0,0.0
围绕,0.0,3.0,0.0,1.0
显示,3.0,0.0,1.0,0.0
宪,0.0,3.0,0.0,1.0
力度,0.0,3.0,0.0,1.0
转型,0.0,39.0,0.0,1.0
结构,12.0,0.0,1.0,0.0
世荣兆业,0.0,3.0,0.0,1.0
阶段,0.0,3.0,0.0,1.0
交流,27.0,6.0,0.8181818181818182,0.18181818181818182
爱国者,3.0,0.0,1.0,0.0
成长,3.0,0.0,1.0,0.0
遥相呼应,0.0,3.0,0.0,1.0
地址,6.0,0.0,1.0,0.0
中兴通讯,0.0,3.0,0.0,1.0
E,0.0,33.0,0.0,1.0
职工,0.0,6.0,0.0,1.0
comment,0.0,6.0,0.0,1.0
嬗变,0.0,3.0,0.0,1.0
已,0.0,3.0,0.0,1.0
简称,6.0,0.0,1.0,0.0
区,3.0,42.0,0.06666666666666667,0.9333333333333333
多个,0.0,9.0,0.0,1.0
丽都,0.0,3.0,0.0,1.0
方案,0.0,3.0,0.0,1.0
响应,3.0,0.0,1.0,0.0
迈向,0.0,3.0,0.0,1.0
核心,3.0,6.0,0.3333333333333333,0.6666666666666666
子公司,0.0,6.0,0.0,1.0
硬件,0.0,15.0,0.0,1.0
应用,0.0,3.0,0.0,1.0
良好开端,0.0,3.0,0.0,1.0
十三,0.0,3.0,0.0,1.0
经济,0.0,3.0,0.0,1.0
宏伟,0.0,3.0,0.0,1.0
推崇,3.0,12.0,0.2,0.8
竞争力,0.0,3.0,0.0,1.0
启动,0.0,15.0,0.0,1.0
6,7.0,6.0,0.5384615384615384,0.46153846153846156
过,9.0,0.0,1.0,0.0
交易中心,0.0,6.0,0.0,1.0
介绍,6.0,6.0,0.5,0.5
充分,3.0,0.0,1.0,0.0
宣布,0.0,6.0,0.0,1.0
全,3.0,6.0,0.3333333333333333,0.6666666666666666
58,0.0,9.0,0.0,1.0
其,3.0,6.0,0.3333333333333333,0.6666666666666666
进行,6.0,12.0,0.3333333333333333,0.6666666666666666
fmt,0.0,18.0,0.0,1.0
485,0.0,6.0,0.0,1.0
动态,0.0,12.0,0.0,1.0
939,0.0,6.0,0.0,1.0
cn,0.0,30.0,0.0,1.0
创业基金,0.0,3.0,0.0,1.0
服务型,0.0,3.0,0.0,1.0
新兴产业,0.0,3.0,0.0,1.0
热点,0.0,3.0,0.0,1.0
义工,0.0,18.0,0.0,1.0
居然,3.0,0.0,1.0,0.0
全资,0.0,3.0,0.0,1.0
云南,0.0,21.0,0.0,1.0
未来,3.0,18.0,0.14285714285714285,0.8571428571428571
模式,0.0,3.0,0.0,1.0
基本概念,0.0,3.0,0.0,1.0
延伸,0.0,3.0,0.0,1.0
哈罗,0.0,9.0,0.0,1.0
存在,0.0,3.0,0.0,1.0
深入,3.0,12.0,0.2,0.8
绿色,0.0,12.0,0.0,1.0
创新,18.0,72.0,0.2,0.8
开园,0.0,12.0,0.0,1.0
投融资,15.0,0.0,1.0,0.0
越秀区,3.0,0.0,1.0,0.0
新一代,0.0,3.0,0.0,1.0
多,0.0,3.0,0.0,1.0
11,3.0,3.0,0.5,0.5
精英,0.0,3.0,0.0,1.0
园,0.0,9.0,0.0,1.0
查看,0.0,3.0,0.0,1.0
公交线路,0.0,3.0,0.0,1.0
定制,0.0,12.0,0.0,1.0
周期,0.0,3.0,0.0,1.0
包括,0.0,6.0,0.0,1.0
队,0.0,3.0,0.0,1.0
据,0.0,3.0,0.0,1.0
季报,0.0,3.0,0.0,1.0
工作人员,3.0,0.0,1.0,0.0
甘露,0.0,3.0,0.0,1.0
社区,0.0,21.0,0.0,1.0
需要,1.0,0.0,1.0,0.0
快速,3.0,0.0,1.0,0.0
省委,0.0,3.0,0.0,1.0
股,0.0,15.0,0.0,1.0
qpic,0.0,15.0,0.0,1.0
发表,0.0,6.0,0.0,1.0
大讲堂,9.0,0.0,1.0,0.0
促进,0.0,3.0,0.0,1.0
代理行,0.0,3.0,0.0,1.0
神舟,3.0,0.0,1.0,0.0
酒,0.0,3.0,0.0,1.0
既有,0.0,6.0,0.0,1.0
APP,3.0,0.0,1.0,0.0
702,3.0,0.0,1.0,0.0
较为,0.0,3.0,0.0,1.0
邮寄,6.0,0.0,1.0,0.0
定位,0.0,6.0,0.0,1.0
史,3.0,0.0,1.0,0.0
0.01,0.0,3.0,0.0,1.0
电子城,145.0,431.0,0.2517361111111111,0.7482638888888888
优质,0.0,9.0,0.0,1.0
六人,3.0,0.0,1.0,0.0
致力于,3.0,3.0,0.5,0.5
副总裁,0.0,3.0,0.0,1.0
同城,0.0,6.0,0.0,1.0
平方米,12.0,0.0,1.0,0.0
二线,0.0,3.0,0.0,1.0
通知,0.0,6.0,0.0,1.0
全国,0.0,12.0,0.0,1.0
报称,0.0,3.0,0.0,1.0
数据中心,0.0,6.0,0.0,1.0
建筑,3.0,2.0,0.6,0.4
重点项目,0.0,6.0,0.0,1.0
周二,0.0,3.0,0.0,1.0
5ce17fa69fca5235,0.0,3.0,0.0,1.0
上市公司,0.0,3.0,0.0,1.0
中关村科技园区,0.0,9.0,0.0,1.0
发起,0.0,3.0,0.0,1.0
落地,0.0,3.0,0.0,1.0
收入,0.0,6.0,0.0,1.0
4.2,0.0,3.0,0.0,1.0
情况,3.0,0.0,1.0,0.0
徐辉,0.0,3.0,0.0,1.0
989,0.0,3.0,0.0,1.0
代理,0.0,5.0,0.0,1.0
天津,0.0,24.0,0.0,1.0
重,0.0,3.0,0.0,1.0
405,3.0,0.0,1.0,0.0
挂牌,0.0,3.0,0.0,1.0
各地,0.0,3.0,0.0,1.0
条件,0.0,6.0,0.0,1.0
纷纷,0.0,3.0,0.0,1.0
交通,0.0,3.0,0.0,1.0
南方,0.0,3.0,0.0,1.0
党支部,0.0,3.0,0.0,1.0
高科,0.0,6.0,0.0,1.0
距离,0.0,3.0,0.0,1.0
地处,3.0,0.0,1.0,0.0
重要,0.0,3.0,0.0,1.0
#,6.0,0.0,1.0,0.0
长期,6.0,3.0,0.6666666666666666,0.3333333333333333
分析,0.0,3.0,0.0,1.0
欧盟,0.0,3.0,0.0,1.0
投资人,3.0,3.0,0.5,0.5
深度,0.0,3.0,0.0,1.0
行情,0.0,6.0,0.0,1.0
理念,0.0,9.0,0.0,1.0
.,0.0,141.0,0.0,1.0
撰稿,9.0,0.0,1.0,0.0
工大,3.0,0.0,1.0,0.0
2,6.0,6.0,0.5,0.5
Y4vOolib6aPkESw0od7o20SEh0RKcPqkbKWianqSGX1F7Wr67VY3aDBgRDxM6I0xoY7hF8LuZVYo77hiaoEXuefvQ,0.0,3.0,0.0,1.0
良好,0.0,3.0,0.0,1.0
政策,0.0,3.0,0.0,1.0
稳定,3.0,12.0,0.2,0.8
还,3.0,6.0,0.3333333333333333,0.6666666666666666
通讯,0.0,3.0,0.0,1.0
img,0.0,6.0,0.0,1.0
首先,0.0,3.0,0.0,1.0
辽宁省,3.0,0.0,1.0,0.0
为入,6.0,0.0,1.0,0.0
计划,3.0,0.0,1.0,0.0
运营,0.0,30.0,0.0,1.0
房地产,0.0,3.0,0.0,1.0
六位,3.0,0.0,1.0,0.0
首座,3.0,0.0,1.0,0.0
评级,0.0,3.0,0.0,1.0
好,0.0,3.0,0.0,1.0
经纪人,0.0,5.0,0.0,1.0
市场,3.0,3.0,0.5,0.5
重庆,0.0,3.0,0.0,1.0
侧,0.0,3.0,0.0,1.0
盛大,0.0,6.0,0.0,1.0
敬请,0.0,3.0,0.0,1.0
掌握,0.0,3.0,0.0,1.0
德胜门,3.0,0.0,1.0,0.0
南亚,0.0,3.0,0.0,1.0
少,0.0,3.0,0.0,1.0
品质,0.0,3.0,0.0,1.0
600585,0.0,3.0,0.0,1.0
昆明市,0.0,15.0,0.0,1.0
sourcepic,0.0,6.0,0.0,1.0
种子,3.0,0.0,1.0,0.0
加速器,3.0,0.0,1.0,0.0
正式,9.0,21.0,0.3,0.7
诚信,3.0,0.0,1.0,0.0
竞文,12.0,51.0,0.19047619047619047,0.8095238095238095
誉隆,7.0,0.0,1.0,0.0
标志,0.0,6.0,0.0,1.0
电控,0.0,6.0,0.0,1.0
疏解,0.0,3.0,0.0,1.0
一行,9.0,0.0,1.0,0.0
电器城,3.0,0.0,1.0,0.0
一,0.0,12.0,0.0,1.0
清场,6.0,0.0,1.0,0.0
0.64,0.0,3.0,0.0,1.0
省市,0.0,3.0,0.0,1.0
规模,3.0,0.0,1.0,0.0
佳,3.0,0.0,1.0,0.0
相互,0.0,3.0,0.0,1.0
卖场,15.0,12.0,0.5555555555555556,0.4444444444444444
VR,0.0,30.0,0.0,1.0
thsi,0.0,6.0,0.0,1.0
house,0.0,6.0,0.0,1.0
600658,0.0,18.0,0.0,1.0
上线,0.0,3.0,0.0,1.0
号,6.0,3.0,0.6666666666666666,0.3333333333333333
广大客户,3.0,12.0,0.2,0.8
东,6.0,0.0,1.0,0.0
311416.13380,0.0,3.0,0.0,1.0
到来,0.0,9.0,0.0,1.0
论坛,0.0,24.0,0.0,1.0
增,0.0,6.0,0.0,1.0
海通,0.0,15.0,0.0,1.0
管委会,3.0,21.0,0.125,0.875
同时,0.0,6.0,0.0,1.0
‘,6.0,0.0,1.0,0.0
绝大多数,3.0,12.0,0.2,0.8
中国区,0.0,3.0,0.0,1.0
开业,6.0,12.0,0.3333333333333333,0.6666666666666666
技术,3.0,0.0,1.0,0.0
系列产品,0.0,3.0,0.0,1.0
页,0.0,3.0,0.0,1.0
贷款,3.0,0.0,1.0,0.0
数据,3.0,12.0,0.2,0.8
满足,3.0,12.0,0.2,0.8
东北,3.0,0.0,1.0,0.0
南路,3.0,0.0,1.0,0.0
2ciahDI4SAnyEFc1puUnrBRyRKkOvvcDTcLTxSfhr9VBk7nL1envKoTPqVg64XeSJgjibw,0.0,3.0,0.0,1.0
园区,0.0,39.0,0.0,1.0
522,3.0,0.0,1.0,0.0
3.0,0.0,3.0,0.0,1.0
03,3.0,9.0,0.25,0.75
发布,3.0,9.0,0.25,0.75
出线,0.0,3.0,0.0,1.0
南京,0.0,3.0,0.0,1.0
撤场,1.0,0.0,1.0,0.0
311479.80300,0.0,3.0,0.0,1.0
振幅,0.0,6.0,0.0,1.0
研报,0.0,3.0,0.0,1.0
0PHiceLEGQEuOT9QPaNJE4PSJM6gQ2bfTdmTpSmrbr8n6eiamyOkc61xKIyqvmld7Qr8cxs2530bHEEhuGaSrwSg,0.0,9.0,0.0,1.0
大,9.0,12.0,0.42857142857142855,0.5714285714285714
新闻媒体,0.0,3.0,0.0,1.0
感谢,0.0,3.0,0.0,1.0
感受,0.0,3.0,0.0,1.0
26,0.0,3.0,0.0,1.0
目标价,0.0,3.0,0.0,1.0
143840457,0.0,3.0,0.0,1.0
放量,0.0,3.0,0.0,1.0
中路,3.0,0.0,1.0,0.0
65000,3.0,0.0,1.0,0.0
如此,0.0,3.0,0.0,1.0
534,3.0,0.0,1.0,0.0
承办,0.0,6.0,0.0,1.0
资深,0.0,3.0,0.0,1.0
类,0.0,12.0,0.0,1.0
华北电力大学,0.0,6.0,0.0,1.0
最好,3.0,0.0,1.0,0.0
近,0.0,3.0,0.0,1.0
推荐,0.0,3.0,0.0,1.0
上页,0.0,3.0,0.0,1.0
位置,3.0,0.0,1.0,0.0
探讨,0.0,3.0,0.0,1.0
酒仙桥,0.0,20.0,0.0,1.0
第二届,0.0,3.0,0.0,1.0
在建,0.0,3.0,0.0,1.0
学院,15.0,0.0,1.0,0.0
1.0,0.0,3.0,0.0,1.0
科技产业,0.0,3.0,0.0,1.0
封顶,12.0,0.0,1.0,0.0
基地,3.0,0.0,1.0,0.0
有关,0.0,3.0,0.0,1.0
创举,0.0,3.0,0.0,1.0
发起人,0.0,3.0,0.0,1.0
如下,0.0,3.0,0.0,1.0
目的,3.0,3.0,0.5,0.5
客户,0.0,3.0,0.0,1.0
让,3.0,3.0,0.5,0.5
看好,0.0,6.0,0.0,1.0
470,0.0,3.0,0.0,1.0
信息产业,0.0,6.0,0.0,1.0
支行,6.0,0.0,1.0,0.0
两百余,0.0,2.0,0.0,1.0
下跌,0.0,3.0,0.0,1.0
最大,3.0,0.0,1.0,0.0
支撑,0.0,3.0,0.0,1.0
出让,0.0,3.0,0.0,1.0
SRC,0.0,42.0,0.0,1.0
9,0.0,3.0,0.0,1.0
关注,0.0,8.0,0.0,1.0
东盟,0.0,3.0,0.0,1.0
ib0Zoa82k4bZ0WLsX2csZEKnEicbicEibHHX4HHX0LwRdicoLaMclRBhANCzQ,0.0,3.0,0.0,1.0
26.17,0.0,3.0,0.0,1.0
导师,15.0,0.0,1.0,0.0
服务平台,0.0,3.0,0.0,1.0
应该,3.0,0.0,1.0,0.0
刘星川,0.0,3.0,0.0,1.0
现在,0.0,3.0,0.0,1.0
友恺,6.0,0.0,1.0,0.0
复牌,0.0,6.0,0.0,1.0
深化,0.0,3.0,0.0,1.0
合作伙伴,3.0,0.0,1.0,0.0
以此,0.0,3.0,0.0,1.0
与会,0.0,5.0,0.0,1.0
苹果,3.0,0.0,1.0,0.0
531,3.0,0.0,1.0,0.0
入驻,12.0,6.0,0.6666666666666666,0.3333333333333333
整合,3.0,3.0,0.5,0.5
共赢,0.0,3.0,0.0,1.0
三是,0.0,6.0,0.0,1.0
资本,6.0,3.0,0.6666666666666666,0.3333333333333333
有车有房,3.0,12.0,0.2,0.8
股东,0.0,9.0,0.0,1.0
双创,3.0,15.0,0.16666666666666666,0.8333333333333334
jrjimg,0.0,3.0,0.0,1.0
空间,21.0,6.0,0.7777777777777778,0.2222222222222222
视频产品,0.0,3.0,0.0,1.0
实体,0.0,6.0,0.0,1.0
段,3.0,0.0,1.0,0.0
综合排名,0.0,3.0,0.0,1.0
元,0.0,12.0,0.0,1.0
640,0.0,3.0,0.0,1.0
广场,9.0,30.0,0.23076923076923078,0.7692307692307693
服务站,0.0,3.0,0.0,1.0
到,0.0,12.0,0.0,1.0
主旨,0.0,3.0,0.0,1.0
华硕,3.0,0.0,1.0,0.0
主,0.0,3.0,0.0,1.0
地铁,13.0,3.0,0.8125,0.1875
拥有,3.0,0.0,1.0,0.0
良好基础,3.0,0.0,1.0,0.0
渤海,24.0,0.0,1.0,0.0
地,0.0,18.0,0.0,1.0
何擎果,9.0,0.0,1.0,0.0
一带,0.0,3.0,0.0,1.0
报上,3.0,0.0,1.0,0.0
松下,3.0,0.0,1.0,0.0
20170726032749674,0.0,3.0,0.0,1.0
称,0.0,3.0,0.0,1.0
00,6.0,0.0,1.0,0.0
生产型,0.0,3.0,0.0,1.0
所有,0.0,3.0,0.0,1.0
竞得,0.0,3.0,0.0,1.0
二三十,0.0,3.0,0.0,1.0
UEditor,0.0,6.0,0.0,1.0
新区,0.0,24.0,0.0,1.0
主要,0.0,6.0,0.0,1.0
四月,3.0,0.0,1.0,0.0
历史,0.0,3.0,0.0,1.0
行业,0.0,36.0,0.0,1.0
惠普,3.0,0.0,1.0,0.0
合影留念,0.0,3.0,0.0,1.0
一体化,3.0,18.0,0.14285714285714285,0.8571428571428571
沙河口区,3.0,0.0,1.0,0.0
中,15.0,51.0,0.22727272727272727,0.7727272727272727
电影,0.0,3.0,0.0,1.0
000931,0.0,3.0,0.0,1.0
实验室,0.0,3.0,0.0,1.0
六月,3.0,0.0,1.0,0.0
携手,3.0,3.0,0.5,0.5
余家,0.0,3.0,0.0,1.0
入选,3.0,0.0,1.0,0.0
最早,0.0,9.0,0.0,1.0
党群,0.0,3.0,0.0,1.0
咖啡,0.0,12.0,0.0,1.0
新桥,0.0,3.0,0.0,1.0
类似,0.0,3.0,0.0,1.0
项目,18.0,66.0,0.21428571428571427,0.7857142857142857
31413425.84512,0.0,3.0,0.0,1.0
除,0.0,3.0,0.0,1.0
生命,0.0,3.0,0.0,1.0
3000,3.0,0.0,1.0,0.0
又,0.0,3.0,0.0,1.0
今年,6.0,3.0,0.6666666666666666,0.3333333333333333
分别,0.0,12.0,0.0,1.0
乘车,6.0,0.0,1.0,0.0
995,0.0,6.0,0.0,1.0
尼康,3.0,0.0,1.0,0.0
合计,0.0,3.0,0.0,1.0
总,12.0,6.0,0.6666666666666666,0.3333333333333333
意向,3.0,9.0,0.25,0.75
<,0.0,42.0,0.0,1.0
李泓轩,3.0,0.0,1.0,0.0
中小,6.0,0.0,1.0,0.0
生态圈,0.0,3.0,0.0,1.0
会议室,3.0,0.0,1.0,0.0
440.00,0.0,3.0,0.0,1.0
联合,3.0,6.0,0.3333333333333333,0.6666666666666666
推进,0.0,6.0,0.0,1.0
12.91,0.0,3.0,0.0,1.0
国内,0.0,9.0,0.0,1.0
宏基,3.0,0.0,1.0,0.0
与产,0.0,3.0,0.0,1.0
业绩,0.0,9.0,0.0,1.0
2.0,0.0,3.0,0.0,1.0
16.40,0.0,3.0,0.0,1.0
多年,0.0,6.0,0.0,1.0
国内外,3.0,0.0,1.0,0.0
国有,0.0,3.0,0.0,1.0
孵化器,78.0,12.0,0.8666666666666667,0.13333333333333333
到访,9.0,0.0,1.0,0.0
出行,0.0,60.0,0.0,1.0
决策,0.0,3.0,0.0,1.0
?,0.0,24.0,0.0,1.0
为,39.0,81.0,0.325,0.675
所在,0.0,3.0,0.0,1.0
北京分行,18.0,0.0,1.0,0.0
0.6,0.0,3.0,0.0,1.0
com,0.0,18.0,0.0,1.0
板块,0.0,6.0,0.0,1.0
相关,0.0,6.0,0.0,1.0
国有企业,3.0,0.0,1.0,0.0
盈利,0.0,3.0,0.0,1.0
仪式,0.0,3.0,0.0,1.0
老牌,4.0,6.0,0.4,0.6
配合,0.0,3.0,0.0,1.0
ST,0.0,12.0,0.0,1.0
pic430,0.0,3.0,0.0,1.0
大力发展,0.0,3.0,0.0,1.0
向,0.0,21.0,0.0,1.0
明细,0.0,9.0,0.0,1.0
缩影,3.0,0.0,1.0,0.0
08,6.0,0.0,1.0,0.0
0.9,0.0,3.0,0.0,1.0
很,0.0,3.0,0.0,1.0
着重,0.0,3.0,0.0,1.0
基本,0.0,3.0,0.0,1.0
其他,1.0,0.0,1.0,0.0
开发,0.0,48.0,0.0,1.0
针对,0.0,3.0,0.0,1.0
资源优势,0.0,3.0,0.0,1.0
燕莎,0.0,3.0,0.0,1.0
CBD,0.0,3.0,0.0,1.0
关系,3.0,3.0,0.5,0.5
上,9.0,15.0,0.375,0.625
大厦,0.0,6.0,0.0,1.0
有限责任,0.0,6.0,0.0,1.0
行及,0.0,2.0,0.0,1.0
组建,0.0,3.0,0.0,1.0
网,0.0,6.0,0.0,1.0
出入境,0.0,6.0,0.0,1.0
自,3.0,12.0,0.2,0.8
精心设计,0.0,3.0,0.0,1.0
两,1.0,0.0,1.0,0.0
07,0.0,3.0,0.0,1.0
立足,0.0,3.0,0.0,1.0
依托,0.0,3.0,0.0,1.0
预计,3.0,0.0,1.0,0.0
基金,0.0,3.0,0.0,1.0
聚集,0.0,36.0,0.0,1.0
第一家,3.0,0.0,1.0,0.0
维持,0.0,3.0,0.0,1.0
吉乐,0.0,3.0,0.0,1.0
hv1,0.0,6.0,0.0,1.0
主任,3.0,15.0,0.16666666666666666,0.8333333333333334
人民币,0.0,3.0,0.0,1.0
营业,3.0,6.0,0.3333333333333333,0.6666666666666666
合肥市,6.0,0.0,1.0,0.0
高层,0.0,3.0,0.0,1.0
金融,0.0,6.0,0.0,1.0
全方位,0.0,3.0,0.0,1.0
把,0.0,3.0,0.0,1.0
交通网络,0.0,3.0,0.0,1.0
积极,0.0,9.0,0.0,1.0
失重,0.0,3.0,0.0,1.0
成为,3.0,6.0,0.3333333333333333,0.6666666666666666
聘请,15.0,0.0,1.0,0.0
演变,0.0,3.0,0.0,1.0
方正,3.0,0.0,1.0,0.0
jpg,0.0,15.0,0.0,1.0
最新,0.0,3.0,0.0,1.0
目前,3.0,6.0,0.3333333333333333,0.6666666666666666
2014,1.0,0.0,1.0,0.0
聚集地,3.0,0.0,1.0,0.0
面向,0.0,9.0,0.0,1.0
味道,3.0,0.0,1.0,0.0
五个,0.0,3.0,0.0,1.0
望京,0.0,3.0,0.0,1.0
建筑面积,3.0,0.0,1.0,0.0
2017,18.0,30.0,0.375,0.625
产业链,0.0,3.0,0.0,1.0
29,3.0,0.0,1.0,0.0
首个,0.0,6.0,0.0,1.0
直达,0.0,3.0,0.0,1.0
并举,0.0,9.0,0.0,1.0
实地,0.0,3.0,0.0,1.0
百善孝为,3.0,12.0,0.2,0.8
涌现,3.0,0.0,1.0,0.0
；,12.0,30.0,0.2857142857142857,0.7142857142857143
乘坐,0.0,3.0,0.0,1.0
23,3.0,9.0,0.25,0.75
遗留,0.0,3.0,0.0,1.0
36,0.0,3.0,0.0,1.0
之一,0.0,3.0,0.0,1.0
改革,0.0,3.0,0.0,1.0
),0.0,24.0,0.0,1.0
环节,0.0,3.0,0.0,1.0
解决方案,0.0,3.0,0.0,1.0
商务,15.0,12.0,0.5555555555555556,0.4444444444444444
现况,3.0,0.0,1.0,0.0
品牌,3.0,9.0,0.25,0.75
结果,6.0,24.0,0.2,0.8
五,3.0,15.0,0.16666666666666666,0.8333333333333334
地点,3.0,0.0,1.0,0.0
位于,6.0,11.0,0.35294117647058826,0.6470588235294118
至今,0.0,3.0,0.0,1.0
常务,0.0,3.0,0.0,1.0
投入使用,3.0,0.0,1.0,0.0
http,0.0,42.0,0.0,1.0
要求,3.0,3.0,0.5,0.5
暨,0.0,6.0,0.0,1.0
位,0.0,3.0,0.0,1.0
要,0.0,3.0,0.0,1.0
众创,6.0,3.0,0.6666666666666666,0.3333333333333333
超级,3.0,0.0,1.0,0.0
任何,0.0,3.0,0.0,1.0
增资,3.0,0.0,1.0,0.0
辅导,3.0,0.0,1.0,0.0
展示中心,3.0,0.0,1.0,0.0
工程,12.0,0.0,1.0,0.0
楼,3.0,0.0,1.0,0.0
订阅,0.0,3.0,0.0,1.0
今后,6.0,3.0,0.6666666666666666,0.3333333333333333
 ,597.0,210.0,0.7397769516728625,0.26022304832713755
进入,0.0,6.0,0.0,1.0
源,0.0,3.0,0.0,1.0
领域,0.0,6.0,0.0,1.0
该,3.0,3.0,0.5,0.5
支持,0.0,3.0,0.0,1.0
如期,3.0,0.0,1.0,0.0
女士,3.0,0.0,1.0,0.0
职业,0.0,12.0,0.0,1.0
扣非,0.0,3.0,0.0,1.0
强势,3.0,0.0,1.0,0.0
孵,6.0,0.0,1.0,0.0
代表,0.0,12.0,0.0,1.0
处,0.0,3.0,0.0,1.0
征集,0.0,6.0,0.0,1.0
创业者,0.0,9.0,0.0,1.0
科技园,0.0,24.0,0.0,1.0
内,0.0,3.0,0.0,1.0
独特,0.0,3.0,0.0,1.0
厂房,6.0,6.0,0.5,0.5
互联网界,0.0,3.0,0.0,1.0
企业,42.0,87.0,0.32558139534883723,0.6744186046511628
另外,3.0,0.0,1.0,0.0
12,6.0,6.0,0.5,0.5
嘉宾,3.0,9.0,0.25,0.75
共谋,0.0,3.0,0.0,1.0
时尚,0.0,6.0,0.0,1.0
招牌,3.0,12.0,0.2,0.8
48.73,0.0,3.0,0.0,1.0
包河区,3.0,0.0,1.0,0.0
股价,0.0,3.0,0.0,1.0
tefX07PHvK,0.0,6.0,0.0,1.0
3C,3.0,0.0,1.0,0.0
顺义区,0.0,3.0,0.0,1.0
友好合作,6.0,3.0,0.6666666666666666,0.3333333333333333
积极响应,3.0,0.0,1.0,0.0
认定,3.0,0.0,1.0,0.0
各大,0.0,5.0,0.0,1.0
截至,0.0,3.0,0.0,1.0
4.4,0.0,3.0,0.0,1.0
城关,1.0,0.0,1.0,0.0
总向,3.0,0.0,1.0,0.0
说起,3.0,0.0,1.0,0.0
人员,0.0,2.0,0.0,1.0
951,0.0,3.0,0.0,1.0
持有,0.0,6.0,0.0,1.0
总经理,3.0,3.0,0.5,0.5
西侧,3.0,0.0,1.0,0.0
605,9.0,0.0,1.0,0.0
公告,0.0,3.0,0.0,1.0
普天,69.0,12.0,0.8518518518518519,0.14814814814814814
世纪,0.0,3.0,0.0,1.0
推出,0.0,3.0,0.0,1.0
客流,3.0,12.0,0.2,0.8
供给,0.0,3.0,0.0,1.0
做,0.0,9.0,0.0,1.0
开启,0.0,6.0,0.0,1.0
年报,3.0,0.0,1.0,0.0
406,3.0,0.0,1.0,0.0
电子商务,0.0,3.0,0.0,1.0
争取,3.0,0.0,1.0,0.0
要素,0.0,12.0,0.0,1.0
NxQtsaytsay,0.0,6.0,0.0,1.0
黑马,0.0,3.0,0.0,1.0
贯彻落实,0.0,6.0,0.0,1.0
发布会,0.0,9.0,0.0,1.0
经历,0.0,3.0,0.0,1.0
性,0.0,2.0,0.0,1.0
4.9,0.0,3.0,0.0,1.0
陶街,3.0,0.0,1.0,0.0
重点,0.0,9.0,0.0,1.0
根据,3.0,0.0,1.0,0.0
升级,0.0,3.0,0.0,1.0
了解,0.0,15.0,0.0,1.0
艺术,0.0,3.0,0.0,1.0
大众,3.0,3.0,0.5,0.5
书记,0.0,6.0,0.0,1.0
落幕,0.0,3.0,0.0,1.0
聚会,3.0,0.0,1.0,0.0
招商,12.0,42.0,0.2222222222222222,0.7777777777777778
国贸,0.0,3.0,0.0,1.0
中山,4.0,0.0,1.0,0.0
轻重,0.0,6.0,0.0,1.0
地下,3.0,0.0,1.0,0.0
副,0.0,18.0,0.0,1.0
达成,6.0,0.0,1.0,0.0
昨日,0.0,3.0,0.0,1.0
首批,0.0,3.0,0.0,1.0
中报,0.0,6.0,0.0,1.0
一致,0.0,3.0,0.0,1.0
链条,3.0,3.0,0.5,0.5
10jqka,0.0,6.0,0.0,1.0
展开,3.0,9.0,0.25,0.75
e,0.0,6.0,0.0,1.0
djeconomic,0.0,6.0,0.0,1.0
创投,0.0,3.0,0.0,1.0
演讲,0.0,3.0,0.0,1.0
研,0.0,3.0,0.0,1.0
领取,6.0,0.0,1.0,0.0
公交路线,6.0,0.0,1.0,0.0
对外,0.0,3.0,0.0,1.0
暗藏,3.0,0.0,1.0,0.0
并称,3.0,0.0,1.0,0.0
3,6.0,6.0,0.5,0.5
重轻,0.0,3.0,0.0,1.0
更多更好,3.0,0.0,1.0,0.0
保税区,0.0,3.0,0.0,1.0
配套,0.0,3.0,0.0,1.0
407,3.0,0.0,1.0,0.0
顾问,0.0,3.0,0.0,1.0
跌幅,0.0,6.0,0.0,1.0
办公,3.0,9.0,0.25,0.75
通勤,0.0,6.0,0.0,1.0
922,0.0,6.0,0.0,1.0
制造业,0.0,3.0,0.0,1.0
第三,3.0,0.0,1.0,0.0
16,6.0,12.0,0.3333333333333333,0.6666666666666666
顺利,6.0,0.0,1.0,0.0
装备,0.0,3.0,0.0,1.0
专业化,3.0,0.0,1.0,0.0
性质,3.0,0.0,1.0,0.0
L0KUibuFwbFiboN6hyBo0AZKMaUibyia3fGMiahb1ADicp9ibvXSGWH1kfw,0.0,3.0,0.0,1.0
问题,0.0,9.0,0.0,1.0
体验,0.0,12.0,0.0,1.0
无人不晓,3.0,0.0,1.0,0.0
5.7,0.0,3.0,0.0,1.0
变迁,3.0,0.0,1.0,0.0
并,3.0,21.0,0.125,0.875
半年度,0.0,3.0,0.0,1.0
来宾,3.0,0.0,1.0,0.0
讲解,0.0,6.0,0.0,1.0
海尔,3.0,0.0,1.0,0.0
在,33.0,114.0,0.22448979591836735,0.7755102040816326
官方网站,9.0,0.0,1.0,0.0
净利润,0.0,6.0,0.0,1.0
|,0.0,15.0,0.0,1.0
信号,0.0,3.0,0.0,1.0
扫,3.0,0.0,1.0,0.0
推介会,0.0,4.0,0.0,1.0
79,3.0,0.0,1.0,0.0
完美,0.0,3.0,0.0,1.0
告知,0.0,3.0,0.0,1.0
迈出,0.0,6.0,0.0,1.0
痛点,0.0,3.0,0.0,1.0
共创,0.0,3.0,0.0,1.0
研发,6.0,24.0,0.2,0.8
工业,0.0,3.0,0.0,1.0
整体,0.0,3.0,0.0,1.0
变,0.0,3.0,0.0,1.0
共享,0.0,15.0,0.0,1.0
开展,6.0,3.0,0.6666666666666666,0.3333333333333333
下降,0.0,3.0,0.0,1.0
隆重举行,0.0,2.0,0.0,1.0
预增,0.0,6.0,0.0,1.0
聘书,3.0,0.0,1.0,0.0
新建,3.0,12.0,0.2,0.8
全面,0.0,6.0,0.0,1.0
多达,0.0,2.0,0.0,1.0
驻场,0.0,3.0,0.0,1.0
四,3.0,12.0,0.2,0.8
年,31.0,18.0,0.6326530612244898,0.3673469387755102
使得,3.0,0.0,1.0,0.0
/,2.0,246.0,0.008064516129032258,0.9919354838709677
以西,3.0,0.0,1.0,0.0
朝阳,0.0,6.0,0.0,1.0
国,0.0,3.0,0.0,1.0
郭伟,0.0,3.0,0.0,1.0
周一,3.0,0.0,1.0,0.0
950.00000,0.0,3.0,0.0,1.0
电子商城,6.0,12.0,0.3333333333333333,0.6666666666666666
栖霞,0.0,3.0,0.0,1.0
热烈,0.0,5.0,0.0,1.0
熊申坤,0.0,3.0,0.0,1.0
们,3.0,3.0,0.5,0.5
本市,3.0,12.0,0.2,0.8
公里,0.0,3.0,0.0,1.0
创业,42.0,30.0,0.5833333333333334,0.4166666666666667
大饭店,0.0,3.0,0.0,1.0
这是,0.0,3.0,0.0,1.0
首次,0.0,3.0,0.0,1.0
兼,0.0,3.0,0.0,1.0
09,3.0,0.0,1.0,0.0
低价位,3.0,0.0,1.0,0.0
已经,3.0,12.0,0.2,0.8
由,0.0,18.0,0.0,1.0
朝阳区,0.0,14.0,0.0,1.0
姚劲波,0.0,3.0,0.0,1.0
着,0.0,6.0,0.0,1.0
大学生,3.0,3.0,0.5,0.5
华丽,0.0,3.0,0.0,1.0
北京,12.0,39.0,0.23529411764705882,0.7647058823529411
www,0.0,6.0,0.0,1.0
%,0.0,51.0,0.0,1.0
共同,3.0,12.0,0.2,0.8
IMAGE,0.0,42.0,0.0,1.0
活动,6.0,54.0,0.1,0.9
基础,0.0,9.0,0.0,1.0
合格,0.0,3.0,0.0,1.0
拆除,6.0,0.0,1.0,0.0
20170726033045408,0.0,3.0,0.0,1.0
路,6.0,0.0,1.0,0.0
背景,0.0,9.0,0.0,1.0
佳能,3.0,0.0,1.0,0.0
辐射,0.0,3.0,0.0,1.0
CEO,0.0,6.0,0.0,1.0
地标,0.0,2.0,0.0,1.0
电脑,6.0,0.0,1.0,0.0
具有,0.0,6.0,0.0,1.0
程立义,0.0,3.0,0.0,1.0
1000,3.0,0.0,1.0,0.0
截止,0.0,3.0,0.0,1.0
方式,6.0,6.0,0.5,0.5
停车位,3.0,0.0,1.0,0.0
先,3.0,12.0,0.2,0.8
直观,0.0,3.0,0.0,1.0
面积,6.0,0.0,1.0,0.0
下滑,0.0,12.0,0.0,1.0
如今,3.0,3.0,0.5,0.5
02,3.0,0.0,1.0,0.0
上调,0.0,3.0,0.0,1.0
较大,0.0,6.0,0.0,1.0
北京地区,0.0,3.0,0.0,1.0
特色,0.0,9.0,0.0,1.0
增值,0.0,3.0,0.0,1.0
实现,9.0,33.0,0.21428571428571427,0.7857142857142857
新闻,0.0,3.0,0.0,1.0
感极强,0.0,3.0,0.0,1.0
107,3.0,0.0,1.0,0.0
21,3.0,0.0,1.0,0.0
人民政府,0.0,6.0,0.0,1.0
BLDYNkfqWzp93ccXYdw1x4x5YicNFW6ZTqR2Y6MWEytWBG,0.0,3.0,0.0,1.0
50000,3.0,0.0,1.0,0.0
爱普生,3.0,0.0,1.0,0.0
东芝,3.0,0.0,1.0,0.0
南财共,0.0,3.0,0.0,1.0
收盘,0.0,3.0,0.0,1.0
532,3.0,0.0,1.0,0.0
利好,0.0,3.0,0.0,1.0
早,0.0,12.0,0.0,1.0
中国电子商务协会,0.0,6.0,0.0,1.0
大力,0.0,3.0,0.0,1.0
百家,3.0,0.0,1.0,0.0
893,0.0,3.0,0.0,1.0
讯,0.0,3.0,0.0,1.0
在场,0.0,6.0,0.0,1.0
将,15.0,36.0,0.29411764705882354,0.7058823529411765
短途,0.0,6.0,0.0,1.0
关于,0.0,6.0,0.0,1.0
纪宁,0.0,3.0,0.0,1.0
长兴,3.0,0.0,1.0,0.0
型,0.0,3.0,0.0,1.0
0411,6.0,0.0,1.0,0.0
购物中心,3.0,0.0,1.0,0.0
财富网,0.0,3.0,0.0,1.0
第二批,3.0,0.0,1.0,0.0
57,0.0,3.0,0.0,1.0
所,0.0,3.0,0.0,1.0
三大,3.0,0.0,1.0,0.0
摄影,6.0,0.0,1.0,0.0
部署,0.0,3.0,0.0,1.0
加快,3.0,0.0,1.0,0.0
现代科技,0.0,6.0,0.0,1.0
优势,0.0,12.0,0.0,1.0
参加,3.0,15.0,0.16666666666666666,0.8333333333333334
加速,9.0,3.0,0.75,0.25
交流会,0.0,6.0,0.0,1.0
成立,6.0,3.0,0.6666666666666666,0.3333333333333333
曾照,0.0,3.0,0.0,1.0
现场,0.0,11.0,0.0,1.0
优秀,6.0,6.0,0.5,0.5
曾,0.0,3.0,0.0,1.0
披露,0.0,3.0,0.0,1.0
融资,3.0,6.0,0.3333333333333333,0.6666666666666666
北京市,3.0,3.0,0.5,0.5
执行,0.0,3.0,0.0,1.0
示范,3.0,3.0,0.5,0.5
143840450,0.0,3.0,0.0,1.0
183,0.0,6.0,0.0,1.0
楼宇,0.0,3.0,0.0,1.0
换手率,0.0,3.0,0.0,1.0
朋友,0.0,3.0,0.0,1.0
空前,3.0,0.0,1.0,0.0
86.97,0.0,3.0,0.0,1.0
等,12.0,33.0,0.26666666666666666,0.7333333333333333
南郊,3.0,0.0,1.0,0.0
成功,3.0,12.0,0.2,0.8
高端,0.0,9.0,0.0,1.0
本,0.0,3.0,0.0,1.0
道,0.0,3.0,0.0,1.0
落户,0.0,6.0,0.0,1.0
张江,0.0,6.0,0.0,1.0
宗旨,3.0,3.0,0.5,0.5
清华同方,3.0,0.0,1.0,0.0
五大,0.0,5.0,0.0,1.0
搭建,0.0,3.0,0.0,1.0
身份,0.0,3.0,0.0,1.0
小编,3.0,0.0,1.0,0.0
提供,21.0,12.0,0.6363636363636364,0.36363636363636365
同行,0.0,9.0,0.0,1.0
一路,0.0,3.0,0.0,1.0
亮相,0.0,3.0,0.0,1.0
临时,3.0,0.0,1.0,0.0
区位,0.0,3.0,0.0,1.0
解放,3.0,0.0,1.0,0.0
出席,0.0,3.0,0.0,1.0
考察,0.0,6.0,0.0,1.0
2212,0.0,6.0,0.0,1.0
竣工,3.0,3.0,0.5,0.5
聚集区,0.0,3.0,0.0,1.0
分享,0.0,6.0,0.0,1.0
信贷,3.0,0.0,1.0,0.0
店,3.0,0.0,1.0,0.0
利用,0.0,3.0,0.0,1.0
总指挥,0.0,3.0,0.0,1.0
运营商,0.0,3.0,0.0,1.0
水泥,0.0,3.0,0.0,1.0
25,0.0,3.0,0.0,1.0
提出,0.0,3.0,0.0,1.0
以,0.0,27.0,0.0,1.0
目,0.0,3.0,0.0,1.0
去年同期,0.0,3.0,0.0,1.0
昆明,0.0,60.0,0.0,1.0
工作,3.0,0.0,1.0,0.0
下页,0.0,3.0,0.0,1.0
临空,0.0,9.0,0.0,1.0
wx,0.0,18.0,0.0,1.0
关德鹏,0.0,3.0,0.0,1.0
微信,3.0,0.0,1.0,0.0
资产,0.0,21.0,0.0,1.0
王俏梅,0.0,3.0,0.0,1.0
推介,0.0,3.0,0.0,1.0
EXlXVpeoNo5CaUdZGx0aKmXBy06wiaR4Nic1b1OolLJgiacic0GticUECiaX65KXC7QmADYMhw3HUfA,0.0,3.0,0.0,1.0
机会,0.0,9.0,0.0,1.0
健康,0.0,3.0,0.0,1.0
广泛,0.0,2.0,0.0,1.0
16.36,0.0,3.0,0.0,1.0
708,3.0,0.0,1.0,0.0
综合,3.0,6.0,0.3333333333333333,0.6666666666666666
联大,12.0,0.0,1.0,0.0
集合,0.0,3.0,0.0,1.0
魔方,0.0,15.0,0.0,1.0
是,6.0,42.0,0.125,0.875
关键词,0.0,6.0,0.0,1.0
孝道,3.0,12.0,0.2,0.8
非凡,0.0,2.0,0.0,1.0
突出,0.0,3.0,0.0,1.0
海螺,0.0,3.0,0.0,1.0
六路,4.0,0.0,1.0,0.0
赛达,0.0,6.0,0.0,1.0
地块,17.0,3.0,0.85,0.15
益华,0.0,3.0,0.0,1.0
>,0.0,51.0,0.0,1.0
小哨,0.0,3.0,0.0,1.0
规划,3.0,6.0,0.3333333333333333,0.6666666666666666
2015,6.0,0.0,1.0,0.0
15,3.0,0.0,1.0,0.0
处于,3.0,0.0,1.0,0.0
董登岳,0.0,3.0,0.0,1.0
组成,0.0,3.0,0.0,1.0
结合,0.0,9.0,0.0,1.0
党工委,0.0,3.0,0.0,1.0
通过,0.0,18.0,0.0,1.0
广州,9.0,3.0,0.75,0.25
时间,6.0,0.0,1.0,0.0
方面,3.0,0.0,1.0,0.0
三个,0.0,6.0,0.0,1.0
隶属,3.0,0.0,1.0,0.0
兵,0.0,3.0,0.0,1.0
RJ,10.0,0.0,1.0,0.0
龚晓青,0.0,24.0,0.0,1.0
77.61,0.0,3.0,0.0,1.0
丰硕,3.0,12.0,0.2,0.8
经营,3.0,0.0,1.0,0.0
以重,0.0,3.0,0.0,1.0
维修,9.0,0.0,1.0,0.0
以南,3.0,0.0,1.0,0.0
·,6.0,18.0,0.25,0.75
索尼,3.0,0.0,1.0,0.0
几十家,0.0,3.0,0.0,1.0
副总经理,6.0,3.0,0.6666666666666666,0.3333333333333333
被,4.0,0.0,1.0,0.0
日起,1.0,0.0,1.0,0.0
京外,0.0,9.0,0.0,1.0
加小编,3.0,0.0,1.0,0.0
队长,0.0,3.0,0.0,1.0
部门,3.0,0.0,1.0,0.0
万平方米,3.0,0.0,1.0,0.0
LG,3.0,0.0,1.0,0.0
个性化,0.0,12.0,0.0,1.0
20,0.0,15.0,0.0,1.0
515,3.0,0.0,1.0,0.0
比,0.0,6.0,0.0,1.0
地产,0.0,18.0,0.0,1.0
一号线,1.0,0.0,1.0,0.0
一是,0.0,3.0,0.0,1.0
　,0.0,270.0,0.0,1.0
荣安,0.0,9.0,0.0,1.0
商户,9.0,36.0,0.2,0.8
个,3.0,6.0,0.3333333333333333,0.6666666666666666
参观,9.0,3.0,0.75,0.25
商城,6.0,0.0,1.0,0.0
用地,0.0,3.0,0.0,1.0
参与,0.0,2.0,0.0,1.0
地区,0.0,5.0,0.0,1.0
改造,6.0,3.0,0.6666666666666666,0.3333333333333333
国家,0.0,3.0,0.0,1.0
联想集团,0.0,3.0,0.0,1.0
使用权,0.0,3.0,0.0,1.0
39833210,6.0,0.0,1.0,0.0
集团,3.0,138.0,0.02127659574468085,0.9787234042553191
服务中心,3.0,0.0,1.0,0.0
明显,0.0,3.0,0.0,1.0
产业园,12.0,102.0,0.10526315789473684,0.8947368421052632
秘书长,0.0,6.0,0.0,1.0
西安,12.0,0.0,1.0,0.0
董事长,3.0,0.0,1.0,0.0
4,3.0,3.0,0.5,0.5
天竺,0.0,3.0,0.0,1.0
电子,3.0,26.0,0.10344827586206896,0.896551724137931
4.8,0.0,3.0,0.0,1.0
知名,0.0,3.0,0.0,1.0
pngdata,0.0,3.0,0.0,1.0
新兴,0.0,6.0,0.0,1.0
高科技,12.0,30.0,0.2857142857142857,0.7142857142857143
上午,6.0,3.0,0.6666666666666666,0.3333333333333333
地段,3.0,0.0,1.0,0.0
西青区,0.0,9.0,0.0,1.0
旅之星,3.0,0.0,1.0,0.0
_,0.0,27.0,0.0,1.0
总裁,0.0,21.0,0.0,1.0
大连,39.0,0.0,1.0,0.0
借,0.0,3.0,0.0,1.0
移动,0.0,9.0,0.0,1.0
火爆,6.0,27.0,0.18181818181818182,0.8181818181818182
进驻,0.0,3.0,0.0,1.0
资源,0.0,6.0,0.0,1.0
之后,0.0,6.0,0.0,1.0
吸引,0.0,2.0,0.0,1.0
个股,0.0,6.0,0.0,1.0
聚合,0.0,3.0,0.0,1.0
倡导,0.0,3.0,0.0,1.0
科技,0.0,138.0,0.0,1.0
主体,12.0,15.0,0.4444444444444444,0.5555555555555556
机构,0.0,5.0,0.0,1.0
一段,12.0,0.0,1.0,0.0
创新型,0.0,3.0,0.0,1.0
平台,3.0,39.0,0.07142857142857142,0.9285714285714286
立体,0.0,3.0,0.0,1.0
建设,0.0,36.0,0.0,1.0
起来,0.0,3.0,0.0,1.0
签署,0.0,9.0,0.0,1.0
更加,0.0,6.0,0.0,1.0
国际,0.0,29.0,0.0,1.0
记忆,0.0,3.0,0.0,1.0
发展趋势,0.0,9.0,0.0,1.0
新,0.0,6.0,0.0,1.0
4.3,0.0,6.0,0.0,1.0
飞弦,3.0,0.0,1.0,0.0
(,0.0,24.0,0.0,1.0
中金公司,0.0,6.0,0.0,1.0
拿,0.0,6.0,0.0,1.0
以来,3.0,12.0,0.2,0.8
更,3.0,3.0,0.5,0.5
专车,0.0,3.0,0.0,1.0
举行,0.0,9.0,0.0,1.0
1,4.0,8.0,0.3333333333333333,0.6666666666666666
表示,9.0,15.0,0.375,0.625
空港,0.0,3.0,0.0,1.0
二期,6.0,41.0,0.1276595744680851,0.8723404255319149
中部,3.0,0.0,1.0,0.0
以及,0.0,27.0,0.0,1.0
写字楼,0.0,5.0,0.0,1.0
14,3.0,0.0,1.0,0.0
强有力,3.0,0.0,1.0,0.0
本次,0.0,11.0,0.0,1.0
金融中心,0.0,3.0,0.0,1.0
日立,3.0,0.0,1.0,0.0
继创,0.0,3.0,0.0,1.0
公司,6.0,36.0,0.14285714285714285,0.8571428571428571
起跑线,3.0,3.0,0.5,0.5
任雅倩,15.0,0.0,1.0,0.0
北京联合大学,3.0,0.0,1.0,0.0
线路,0.0,3.0,0.0,1.0
买入,0.0,6.0,0.0,1.0
TCL,3.0,0.0,1.0,0.0
全新,0.0,3.0,0.0,1.0
盛装,0.0,3.0,0.0,1.0
自由,3.0,12.0,0.2,0.8
-,76.0,96.0,0.4418604651162791,0.5581395348837209
良机,0.0,3.0,0.0,1.0
创,0.0,30.0,0.0,1.0
合作,18.0,15.0,0.5454545454545454,0.45454545454545453
协同,0.0,9.0,0.0,1.0
何刚,0.0,3.0,0.0,1.0
过生日,3.0,12.0,0.2,0.8
虚拟现实,0.0,21.0,0.0,1.0
探索,0.0,9.0,0.0,1.0
