日,12.0,39.0,0.23529411764705882,0.7647058823529411
12,0.0,9.0,0.0,1.0
一片,0.0,3.0,0.0,1.0
第九届,0.0,3.0,0.0,1.0
加盟商,0.0,18.0,0.0,1.0
广大,0.0,6.0,0.0,1.0
冬暖夏凉,0.0,3.0,0.0,1.0
双面,3.0,0.0,1.0,0.0
…,0.0,6.0,0.0,1.0
为家换,0.0,9.0,0.0,1.0
横空出世,0.0,3.0,0.0,1.0
日于,0.0,3.0,0.0,1.0
598,0.0,3.0,0.0,1.0
先得,0.0,3.0,0.0,1.0
创意,0.0,6.0,0.0,1.0
同比,0.0,24.0,0.0,1.0
共同,0.0,3.0,0.0,1.0
对门,0.0,3.0,0.0,1.0
产业,0.0,6.0,0.0,1.0
规则,0.0,3.0,0.0,1.0
不利,0.0,3.0,0.0,1.0
厂房,0.0,3.0,0.0,1.0
upload,0.0,9.0,0.0,1.0
此次,0.0,9.0,0.0,1.0
国门,0.0,6.0,0.0,1.0
中国,0.0,93.0,0.0,1.0
爱马仕,0.0,3.0,0.0,1.0
备货,0.0,12.0,0.0,1.0
!,0.0,6.0,0.0,1.0
拿到,0.0,3.0,0.0,1.0
深圳市,0.0,21.0,0.0,1.0
行政,0.0,3.0,0.0,1.0
引起,0.0,3.0,0.0,1.0
金卡,0.0,3.0,0.0,1.0
0,0.0,27.0,0.0,1.0
啥,0.0,6.0,0.0,1.0
哲学,0.0,15.0,0.0,1.0
艺术美,0.0,27.0,0.0,1.0
再,0.0,18.0,0.0,1.0
秀为,0.0,3.0,0.0,1.0
待,0.0,3.0,0.0,1.0
阵营,0.0,3.0,0.0,1.0
围剿,0.0,3.0,0.0,1.0
期待,0.0,3.0,0.0,1.0
还,0.0,18.0,0.0,1.0
干预,0.0,3.0,0.0,1.0
不懈努力,0.0,6.0,0.0,1.0
激增,0.0,24.0,0.0,1.0
浪潮,0.0,6.0,0.0,1.0
任职,3.0,0.0,1.0,0.0
稳扎稳打,0.0,3.0,0.0,1.0
数字化,0.0,3.0,0.0,1.0
最后,0.0,3.0,0.0,1.0
坚持,0.0,57.0,0.0,1.0
房屋,0.0,3.0,0.0,1.0
忘,0.0,6.0,0.0,1.0
丨,0.0,6.0,0.0,1.0
农行,0.0,18.0,0.0,1.0
爱步,0.0,3.0,0.0,1.0
特卖,0.0,6.0,0.0,1.0
全球化,0.0,3.0,0.0,1.0
侧面,0.0,9.0,0.0,1.0
拍卖,0.0,15.0,0.0,1.0
股份,3.0,24.0,0.1111111111111111,0.8888888888888888
内容,0.0,3.0,0.0,1.0
大牌,0.0,12.0,0.0,1.0
亿元,0.0,57.0,0.0,1.0
一眼,0.0,3.0,0.0,1.0
之中,0.0,3.0,0.0,1.0
出,0.0,6.0,0.0,1.0
20170526,0.0,6.0,0.0,1.0
来自,0.0,3.0,0.0,1.0
002327,0.0,18.0,0.0,1.0
用户,0.0,21.0,0.0,1.0
荣膺,0.0,3.0,0.0,1.0
形式,0.0,3.0,0.0,1.0
余应,3.0,0.0,1.0,0.0
搭配,0.0,3.0,0.0,1.0
这一高,0.0,3.0,0.0,1.0
19516782747,0.0,3.0,0.0,1.0
魄力,0.0,3.0,0.0,1.0
精品,0.0,3.0,0.0,1.0
mmbiz,0.0,39.0,0.0,1.0
勇猛,0.0,3.0,0.0,1.0
破域,0.0,3.0,0.0,1.0
奢华,0.0,3.0,0.0,1.0
年末,0.0,9.0,0.0,1.0
空间,3.0,15.0,0.16666666666666666,0.8333333333333334
授信,0.0,21.0,0.0,1.0
style,0.0,3.0,0.0,1.0
↓,0.0,18.0,0.0,1.0
春秋,0.0,6.0,0.0,1.0
地段,0.0,6.0,0.0,1.0
总部,0.0,3.0,0.0,1.0
平行,0.0,3.0,0.0,1.0
UploadFiles,0.0,12.0,0.0,1.0
这般,0.0,3.0,0.0,1.0
期间,0.0,3.0,0.0,1.0
png,0.0,27.0,0.0,1.0
7,9.0,9.0,0.5,0.5
完全,0.0,3.0,0.0,1.0
阳新,0.0,3.0,0.0,1.0
还是,0.0,12.0,0.0,1.0
坑梓,0.0,6.0,0.0,1.0
】,0.0,27.0,0.0,1.0
走向世界,0.0,6.0,0.0,1.0
上,9.0,39.0,0.1875,0.8125
故事,0.0,3.0,0.0,1.0
深,0.0,3.0,0.0,1.0
皮肤,0.0,3.0,0.0,1.0
革命者,0.0,3.0,0.0,1.0
机构,0.0,3.0,0.0,1.0
农业银行,0.0,6.0,0.0,1.0
发力,0.0,3.0,0.0,1.0
发展,0.0,39.0,0.0,1.0
成立,0.0,12.0,0.0,1.0
从,0.0,45.0,0.0,1.0
50,0.0,3.0,0.0,1.0
=,0.0,105.0,0.0,1.0
首届,0.0,18.0,0.0,1.0
新作,0.0,3.0,0.0,1.0
竞争,0.0,9.0,0.0,1.0
2000,0.0,9.0,0.0,1.0
安,0.0,3.0,0.0,1.0
传统,0.0,12.0,0.0,1.0
专业,0.0,3.0,0.0,1.0
致函,0.0,3.0,0.0,1.0
布置,0.0,6.0,0.0,1.0
无,0.0,3.0,0.0,1.0
零售,0.0,9.0,0.0,1.0
都,3.0,15.0,0.16666666666666666,0.8333333333333334
证书,0.0,3.0,0.0,1.0
如何,0.0,6.0,0.0,1.0
购,0.0,3.0,0.0,1.0
近,0.0,3.0,0.0,1.0
设立,0.0,3.0,0.0,1.0
混纺,3.0,0.0,1.0,0.0
加强,0.0,3.0,0.0,1.0
瓶颈,0.0,3.0,0.0,1.0
营销,0.0,15.0,0.0,1.0
增减,0.0,3.0,0.0,1.0
梓,3.0,0.0,1.0,0.0
休闲,0.0,3.0,0.0,1.0
回复,0.0,18.0,0.0,1.0
主橱,0.0,3.0,0.0,1.0
成就,0.0,3.0,0.0,1.0
顾客,0.0,9.0,0.0,1.0
采访,0.0,3.0,0.0,1.0
明艳,0.0,3.0,0.0,1.0
同比增加,0.0,3.0,0.0,1.0
购物,0.0,3.0,0.0,1.0
一换,0.0,3.0,0.0,1.0
三,0.0,9.0,0.0,1.0
170523,0.0,12.0,0.0,1.0
集,0.0,9.0,0.0,1.0
0.81,0.0,6.0,0.0,1.0
大刀阔斧,0.0,3.0,0.0,1.0
淡旺季,0.0,12.0,0.0,1.0
方式,0.0,6.0,0.0,1.0
3A041,0.0,3.0,0.0,1.0
不在少数,0.0,6.0,0.0,1.0
惠东,0.0,3.0,0.0,1.0
土地,0.0,9.0,0.0,1.0
意图,0.0,3.0,0.0,1.0
中级,0.0,9.0,0.0,1.0
总监,0.0,6.0,0.0,1.0
格,0.0,3.0,0.0,1.0
不断创新,0.0,3.0,0.0,1.0
道路,0.0,6.0,0.0,1.0
高速成长,0.0,3.0,0.0,1.0
比亚迪,0.0,15.0,0.0,1.0
签约,0.0,3.0,0.0,1.0
到,0.0,72.0,0.0,1.0
协调,0.0,3.0,0.0,1.0
状态,0.0,3.0,0.0,1.0
全新,0.0,12.0,0.0,1.0
真的,0.0,3.0,0.0,1.0
美好,0.0,3.0,0.0,1.0
并不需要,0.0,3.0,0.0,1.0
钜,0.0,6.0,0.0,1.0
专利,0.0,9.0,0.0,1.0
独特,0.0,3.0,0.0,1.0
艺术性,0.0,6.0,0.0,1.0
期任,0.0,3.0,0.0,1.0
》,0.0,6.0,0.0,1.0
早已,0.0,6.0,0.0,1.0
确定,0.0,3.0,0.0,1.0
梦洁,0.0,6.0,0.0,1.0
现有,0.0,3.0,0.0,1.0
双重,0.0,6.0,0.0,1.0
放眼,0.0,3.0,0.0,1.0
秀中,0.0,3.0,0.0,1.0
:,0.0,66.0,0.0,1.0
比近,0.0,3.0,0.0,1.0
民族,0.0,51.0,0.0,1.0
春节,0.0,12.0,0.0,1.0
925,0.0,3.0,0.0,1.0
致力于,0.0,15.0,0.0,1.0
无穷的,0.0,3.0,0.0,1.0
会,0.0,18.0,0.0,1.0
一种,0.0,3.0,0.0,1.0
先后,0.0,3.0,0.0,1.0
专卖店,0.0,3.0,0.0,1.0
领取,0.0,3.0,0.0,1.0
意义,0.0,3.0,0.0,1.0
冰淇淋机,9.0,0.0,1.0,0.0
不稳,0.0,3.0,0.0,1.0
多喜爱,0.0,6.0,0.0,1.0
拓展,0.0,12.0,0.0,1.0
日子,0.0,6.0,0.0,1.0
既定,0.0,3.0,0.0,1.0
觉得,0.0,6.0,0.0,1.0
5,0.0,6.0,0.0,1.0
中心,0.0,6.0,0.0,1.0
立即,0.0,6.0,0.0,1.0
开始,3.0,15.0,0.16666666666666666,0.8333333333333334
凡持,0.0,12.0,0.0,1.0
13993597685,0.0,3.0,0.0,1.0
厦门,0.0,6.0,0.0,1.0
余额,0.0,12.0,0.0,1.0
关系,0.0,3.0,0.0,1.0
年销售额,0.0,3.0,0.0,1.0
5A597C019F2248A4C1D97B6AC13B7D94,0.0,3.0,0.0,1.0
浅棕,3.0,0.0,1.0,0.0
铣工,0.0,3.0,0.0,1.0
认可,0.0,6.0,0.0,1.0
特价,3.0,3.0,0.5,0.5
室外,0.0,6.0,0.0,1.0
人,3.0,21.0,0.125,0.875
锅炉工,0.0,3.0,0.0,1.0
龙头企业,0.0,3.0,0.0,1.0
先进,0.0,3.0,0.0,1.0
习,0.0,3.0,0.0,1.0
首席,0.0,3.0,0.0,1.0
5.14,0.0,3.0,0.0,1.0
销售,0.0,48.0,0.0,1.0
以梦洁,0.0,3.0,0.0,1.0
地切,0.0,3.0,0.0,1.0
曾,0.0,3.0,0.0,1.0
Revolution,0.0,3.0,0.0,1.0
黎峻,0.0,3.0,0.0,1.0
热门,3.0,0.0,1.0,0.0
资源,0.0,9.0,0.0,1.0
二维码,0.0,3.0,0.0,1.0
—,0.0,9.0,0.0,1.0
亮相,0.0,3.0,0.0,1.0
受益,0.0,3.0,0.0,1.0
分为,0.0,3.0,0.0,1.0
物流,0.0,3.0,0.0,1.0
争抢,0.0,3.0,0.0,1.0
延长,0.0,3.0,0.0,1.0
生活态度,0.0,3.0,0.0,1.0
攻占,0.0,6.0,0.0,1.0
十二,0.0,6.0,0.0,1.0
第一季度,0.0,15.0,0.0,1.0
全球,0.0,18.0,0.0,1.0
方,0.0,3.0,0.0,1.0
增长点,0.0,3.0,0.0,1.0
01,0.0,12.0,0.0,1.0
负责人,3.0,9.0,0.25,0.75
炎炎夏日,0.0,6.0,0.0,1.0
正是,0.0,9.0,0.0,1.0
必将,0.0,3.0,0.0,1.0
边界,0.0,3.0,0.0,1.0
带去,0.0,6.0,0.0,1.0
2016,0.0,51.0,0.0,1.0
激励,0.0,6.0,0.0,1.0
分,0.0,3.0,0.0,1.0
从容,0.0,3.0,0.0,1.0
签署,0.0,9.0,0.0,1.0
走过,0.0,6.0,0.0,1.0
功底,0.0,3.0,0.0,1.0
美的,0.0,24.0,0.0,1.0
专柜,0.0,3.0,0.0,1.0
增强,0.0,6.0,0.0,1.0
重点,0.0,6.0,0.0,1.0
后,0.0,3.0,0.0,1.0
提升,0.0,3.0,0.0,1.0
力量,0.0,12.0,0.0,1.0
蓝调,3.0,0.0,1.0,0.0
新品,0.0,6.0,0.0,1.0
原材料,0.0,6.0,0.0,1.0
0.62,0.0,6.0,0.0,1.0
大型,0.0,3.0,0.0,1.0
润色,0.0,3.0,0.0,1.0
预告,0.0,3.0,0.0,1.0
占,0.0,12.0,0.0,1.0
整幅,0.0,6.0,0.0,1.0
强大,0.0,3.0,0.0,1.0
详情,3.0,0.0,1.0,0.0
有色,3.0,0.0,1.0,0.0
时,0.0,3.0,0.0,1.0
版权,0.0,6.0,0.0,1.0
节上,0.0,3.0,0.0,1.0
卡斯,0.0,3.0,0.0,1.0
积分,9.0,0.0,1.0,0.0
领先,0.0,9.0,0.0,1.0
几乎,0.0,3.0,0.0,1.0
受,0.0,9.0,0.0,1.0
images,0.0,6.0,0.0,1.0
获取,0.0,3.0,0.0,1.0
共同努力,0.0,3.0,0.0,1.0
龙岗区,0.0,6.0,0.0,1.0
贵,0.0,3.0,0.0,1.0
罗莱家纺,3.0,0.0,1.0,0.0
跨,0.0,3.0,0.0,1.0
赞,0.0,3.0,0.0,1.0
各种,3.0,3.0,0.5,0.5
告诉,0.0,3.0,0.0,1.0
旗下,0.0,3.0,0.0,1.0
商品,0.0,9.0,0.0,1.0
共,0.0,3.0,0.0,1.0
使,0.0,3.0,0.0,1.0
线上,0.0,6.0,0.0,1.0
彰显,0.0,3.0,0.0,1.0
破局,0.0,3.0,0.0,1.0
每经,0.0,6.0,0.0,1.0
薅,6.0,0.0,1.0,0.0
4.50,0.0,6.0,0.0,1.0
咖色,0.0,3.0,0.0,1.0
接待,0.0,6.0,0.0,1.0
低,0.0,3.0,0.0,1.0
输,0.0,3.0,0.0,1.0
300,3.0,0.0,1.0,0.0
夏天,0.0,6.0,0.0,1.0
工厂,0.0,3.0,0.0,1.0
传递,0.0,12.0,0.0,1.0
惊艳,0.0,3.0,0.0,1.0
且,0.0,3.0,0.0,1.0
订货会,0.0,9.0,0.0,1.0
阿迪达斯,0.0,3.0,0.0,1.0
问询,0.0,15.0,0.0,1.0
答复,0.0,3.0,0.0,1.0
历史,0.0,6.0,0.0,1.0
2017052611480540,0.0,3.0,0.0,1.0
金龙鱼,0.0,3.0,0.0,1.0
镍都,0.0,6.0,0.0,1.0
化,0.0,3.0,0.0,1.0
区域,0.0,3.0,0.0,1.0
情况,0.0,15.0,0.0,1.0
玩家,0.0,3.0,0.0,1.0
服务,0.0,18.0,0.0,1.0
可以,0.0,6.0,0.0,1.0
便捷,0.0,3.0,0.0,1.0
好了吗,0.0,9.0,0.0,1.0
制造,0.0,12.0,0.0,1.0
延续,0.0,3.0,0.0,1.0
体验,0.0,6.0,0.0,1.0
现金,0.0,6.0,0.0,1.0
所在地,0.0,3.0,0.0,1.0
电机,0.0,3.0,0.0,1.0
、,39.0,414.0,0.08609271523178808,0.9139072847682119
漫长,0.0,6.0,0.0,1.0
负面影响,0.0,3.0,0.0,1.0
确认,0.0,21.0,0.0,1.0
变得,0.0,3.0,0.0,1.0
打造,0.0,12.0,0.0,1.0
麦捷,0.0,3.0,0.0,1.0
期,0.0,3.0,0.0,1.0
相差不远,0.0,3.0,0.0,1.0
photos,0.0,6.0,0.0,1.0
增长率,0.0,6.0,0.0,1.0
）,9.0,36.0,0.2,0.8
最为,0.0,3.0,0.0,1.0
策划,0.0,3.0,0.0,1.0
希望,0.0,18.0,0.0,1.0
K5Sx6EAoyzjib9T9ORmia2MJoqibvdDR7118ia3zSjcEqQzDf1mux9CbVUJAMWTnd9jCSS2JJHjKTKrA,0.0,3.0,0.0,1.0
6EAoyzjib9T9ORmia2MJviaNGFvdnngpT0IMib3NNIoMyfAx5NjQ16GKUz0jUBxftWiafVdVSsI4Q,0.0,3.0,0.0,1.0
展示,0.0,9.0,0.0,1.0
投资,0.0,3.0,0.0,1.0
夏季,0.0,3.0,0.0,1.0
渠道,0.0,9.0,0.0,1.0
项,0.0,6.0,0.0,1.0
归功于,0.0,6.0,0.0,1.0
形成,0.0,9.0,0.0,1.0
有效,0.0,3.0,0.0,1.0
2017052611484213,0.0,3.0,0.0,1.0
延伸,0.0,9.0,0.0,1.0
选择性,0.0,3.0,0.0,1.0
关怀,0.0,3.0,0.0,1.0
辉煌,0.0,3.0,0.0,1.0
价值,0.0,12.0,0.0,1.0
线切割,0.0,3.0,0.0,1.0
能力,0.0,9.0,0.0,1.0
枕,0.0,3.0,0.0,1.0
上市,0.0,18.0,0.0,1.0
滋润,0.0,9.0,0.0,1.0
信息,0.0,3.0,0.0,1.0
上半年,0.0,6.0,0.0,1.0
建立,0.0,9.0,0.0,1.0
艾美特,0.0,3.0,0.0,1.0
冯继东,0.0,3.0,0.0,1.0
一直,0.0,39.0,0.0,1.0
辨认,0.0,3.0,0.0,1.0
遵循,0.0,3.0,0.0,1.0
网络平台,0.0,6.0,0.0,1.0
发言,0.0,6.0,0.0,1.0
家居服,0.0,3.0,0.0,1.0
事实上,0.0,3.0,0.0,1.0
百分点,0.0,12.0,0.0,1.0
生活观,0.0,6.0,0.0,1.0
配制,0.0,15.0,0.0,1.0
7414,0.0,3.0,0.0,1.0
国民,0.0,3.0,0.0,1.0
操作,0.0,3.0,0.0,1.0
仅,0.0,6.0,0.0,1.0
工业园,0.0,3.0,0.0,1.0
惠州市,0.0,12.0,0.0,1.0
詹姆斯,0.0,3.0,0.0,1.0
何雪晴,0.0,3.0,0.0,1.0
罗莱,3.0,12.0,0.2,0.8
公布,0.0,3.0,0.0,1.0
江欲,0.0,3.0,0.0,1.0
丰富,0.0,6.0,0.0,1.0
爱逛,3.0,0.0,1.0,0.0
完,0.0,6.0,0.0,1.0
一块,0.0,6.0,0.0,1.0
钣,0.0,3.0,0.0,1.0
天智,0.0,3.0,0.0,1.0
一个,0.0,21.0,0.0,1.0
奶酪,0.0,15.0,0.0,1.0
地位,0.0,6.0,0.0,1.0
成型,0.0,3.0,0.0,1.0
知名企业,0.0,3.0,0.0,1.0
天成,3.0,0.0,1.0,0.0
有所,0.0,6.0,0.0,1.0
img002,0.0,3.0,0.0,1.0
分期,0.0,6.0,0.0,1.0
img003,0.0,3.0,0.0,1.0
圆融,0.0,3.0,0.0,1.0
布局,0.0,9.0,0.0,1.0
上仅售,0.0,3.0,0.0,1.0
勇气,0.0,3.0,0.0,1.0
今天,0.0,9.0,0.0,1.0
现在,0.0,3.0,0.0,1.0
趋势,0.0,3.0,0.0,1.0
早日,0.0,6.0,0.0,1.0
上下,0.0,3.0,0.0,1.0
漂亮,3.0,0.0,1.0,0.0
业务,0.0,18.0,0.0,1.0
充满,0.0,3.0,0.0,1.0
设计师,0.0,3.0,0.0,1.0
令,0.0,3.0,0.0,1.0
竞买,0.0,6.0,0.0,1.0
店主,0.0,9.0,0.0,1.0
更有甚者,0.0,3.0,0.0,1.0
site1,0.0,6.0,0.0,1.0
：,6.0,81.0,0.06896551724137931,0.9310344827586207
沙井镇,0.0,3.0,0.0,1.0
维度,0.0,3.0,0.0,1.0
无限,0.0,15.0,0.0,1.0
逻辑,0.0,3.0,0.0,1.0
纯白,3.0,0.0,1.0,0.0
粗暴,0.0,3.0,0.0,1.0
辞职,3.0,0.0,1.0,0.0
风暴,3.0,0.0,1.0,0.0
自信,0.0,3.0,0.0,1.0
俗话说,0.0,3.0,0.0,1.0
英,0.0,3.0,0.0,1.0
需,0.0,3.0,0.0,1.0
产品,0.0,54.0,0.0,1.0
这次,0.0,3.0,0.0,1.0
全友,0.0,3.0,0.0,1.0
不断扩大,0.0,9.0,0.0,1.0
8085.22,0.0,3.0,0.0,1.0
8851,0.0,3.0,0.0,1.0
经典之作,0.0,6.0,0.0,1.0
公司,0.0,69.0,0.0,1.0
高速,0.0,3.0,0.0,1.0
或者,0.0,3.0,0.0,1.0
美邦,0.0,3.0,0.0,1.0
而且,3.0,0.0,1.0,0.0
战略,0.0,24.0,0.0,1.0
表现,0.0,9.0,0.0,1.0
原本,0.0,3.0,0.0,1.0
TOP100,0.0,3.0,0.0,1.0
签订,0.0,9.0,0.0,1.0
责任,0.0,6.0,0.0,1.0
结束,0.0,6.0,0.0,1.0
www,0.0,33.0,0.0,1.0
品牌,0.0,183.0,0.0,1.0
哥伦比亚,0.0,3.0,0.0,1.0
显示,0.0,12.0,0.0,1.0
bjsb,0.0,6.0,0.0,1.0
转型,0.0,6.0,0.0,1.0
一步一个脚印,0.0,6.0,0.0,1.0
结构,0.0,6.0,0.0,1.0
成长,0.0,12.0,0.0,1.0
浸润,0.0,6.0,0.0,1.0
视觉,3.0,3.0,0.5,0.5
Image,0.0,9.0,0.0,1.0
凉席,9.0,0.0,1.0,0.0
地址,0.0,3.0,0.0,1.0
E,0.0,3.0,0.0,1.0
即日起,0.0,3.0,0.0,1.0
有着,0.0,6.0,0.0,1.0
安装工,0.0,3.0,0.0,1.0
11.63,0.0,15.0,0.0,1.0
已,0.0,3.0,0.0,1.0
得,3.0,0.0,1.0,0.0
简称,0.0,6.0,0.0,1.0
飘忽不定,0.0,3.0,0.0,1.0
长,0.0,3.0,0.0,1.0
区,0.0,6.0,0.0,1.0
K5Sx6EAoyzjib9T9ORmia2MJ8HBNntEzCOwZjBkTRCgR9TfEQqiaM57PYs8TfY0hxqeceSnDfz7kSUA,0.0,3.0,0.0,1.0
多个,0.0,3.0,0.0,1.0
工,0.0,12.0,0.0,1.0
更大,0.0,3.0,0.0,1.0
当,0.0,6.0,0.0,1.0
行业,0.0,63.0,0.0,1.0
功效,0.0,3.0,0.0,1.0
冰蓝,6.0,0.0,1.0,0.0
一席,3.0,0.0,1.0,0.0
1.96,0.0,6.0,0.0,1.0
核心,0.0,9.0,0.0,1.0
18093529196,0.0,3.0,0.0,1.0
安心,0.0,3.0,0.0,1.0
子公司,0.0,9.0,0.0,1.0
德昌,0.0,12.0,0.0,1.0
高,0.0,6.0,0.0,1.0
凯盛家纺,3.0,0.0,1.0,0.0
多用户,0.0,3.0,0.0,1.0
淋漓,0.0,3.0,0.0,1.0
进一步,0.0,6.0,0.0,1.0
披露,0.0,9.0,0.0,1.0
经济,0.0,12.0,0.0,1.0
保持,0.0,6.0,0.0,1.0
说明,0.0,9.0,0.0,1.0
8850.88,0.0,3.0,0.0,1.0
比例,0.0,3.0,0.0,1.0
高品质,0.0,15.0,0.0,1.0
动力,0.0,3.0,0.0,1.0
年来,0.0,6.0,0.0,1.0
6,0.0,6.0,0.0,1.0
绫致,0.0,3.0,0.0,1.0
到底,0.0,3.0,0.0,1.0
搭扣,3.0,0.0,1.0,0.0
放在,0.0,3.0,0.0,1.0
最终,0.0,6.0,0.0,1.0
日春,0.0,3.0,0.0,1.0
介绍,0.0,3.0,0.0,1.0
特色,0.0,3.0,0.0,1.0
螨,0.0,3.0,0.0,1.0
其,0.0,18.0,0.0,1.0
9,3.0,0.0,1.0,0.0
50.25,0.0,3.0,0.0,1.0
平台,0.0,27.0,0.0,1.0
fmt,0.0,42.0,0.0,1.0
由,0.0,15.0,0.0,1.0
具备,0.0,3.0,0.0,1.0
给出,0.0,3.0,0.0,1.0
期后,0.0,3.0,0.0,1.0
发布公告,0.0,3.0,0.0,1.0
棉花,3.0,0.0,1.0,0.0
研祥,0.0,3.0,0.0,1.0
枕芯,0.0,3.0,0.0,1.0
匠心,0.0,18.0,0.0,1.0
精彩,0.0,3.0,0.0,1.0
纺,0.0,9.0,0.0,1.0
清新,0.0,9.0,0.0,1.0
极致,0.0,3.0,0.0,1.0
之间,0.0,3.0,0.0,1.0
最近,0.0,3.0,0.0,1.0
关于,0.0,3.0,0.0,1.0
全资,0.0,3.0,0.0,1.0
1994,0.0,15.0,0.0,1.0
模式,0.0,21.0,0.0,1.0
绝非,0.0,3.0,0.0,1.0
前,0.0,3.0,0.0,1.0
认为,0.0,6.0,0.0,1.0
元软,0.0,3.0,0.0,1.0
清晰,0.0,3.0,0.0,1.0
哦,0.0,6.0,0.0,1.0
经过,0.0,15.0,0.0,1.0
同步,0.0,3.0,0.0,1.0
年度,0.0,15.0,0.0,1.0
遭,0.0,3.0,0.0,1.0
深入,0.0,3.0,0.0,1.0
赢,0.0,3.0,0.0,1.0
创新,0.0,27.0,0.0,1.0
原则,0.0,9.0,0.0,1.0
4B083,0.0,3.0,0.0,1.0
肖尚略,0.0,12.0,0.0,1.0
归,0.0,6.0,0.0,1.0
自由,0.0,3.0,0.0,1.0
凭借,0.0,3.0,0.0,1.0
不仅,3.0,12.0,0.2,0.8
床上用品,0.0,6.0,0.0,1.0
标致,0.0,3.0,0.0,1.0
而言,0.0,3.0,0.0,1.0
园,0.0,6.0,0.0,1.0
卓越,0.0,3.0,0.0,1.0
呵护,0.0,3.0,0.0,1.0
业界,0.0,6.0,0.0,1.0
定制,0.0,24.0,0.0,1.0
周期,0.0,3.0,0.0,1.0
包括,0.0,9.0,0.0,1.0
几十年,0.0,3.0,0.0,1.0
盛世,0.0,3.0,0.0,1.0
走来,0.0,6.0,0.0,1.0
不同,0.0,6.0,0.0,1.0
据,0.0,18.0,0.0,1.0
博士,0.0,3.0,0.0,1.0
常熟,0.0,3.0,0.0,1.0
涉足,0.0,3.0,0.0,1.0
玩,0.0,3.0,0.0,1.0
0.06,0.0,3.0,0.0,1.0
↑,0.0,3.0,0.0,1.0
数百,0.0,3.0,0.0,1.0
助理,0.0,12.0,0.0,1.0
album,0.0,6.0,0.0,1.0
这份,0.0,6.0,0.0,1.0
淘宝网,0.0,6.0,0.0,1.0
采购,0.0,6.0,0.0,1.0
一方,0.0,3.0,0.0,1.0
美文,0.0,3.0,0.0,1.0
在内,0.0,3.0,0.0,1.0
gif,0.0,18.0,0.0,1.0
qpic,0.0,18.0,0.0,1.0
lvJZZuE0Eibb1icqq7SDibWJp479tCkhRVJic380BObyFK4Ly2YichWqjEOYSzppQ6VJwbpQ,0.0,3.0,0.0,1.0
世界,0.0,3.0,0.0,1.0
attpic,0.0,3.0,0.0,1.0
生活,0.0,66.0,0.0,1.0
促成,0.0,3.0,0.0,1.0
请点,0.0,3.0,0.0,1.0
2017052611511100,0.0,3.0,0.0,1.0
61.22,0.0,6.0,0.0,1.0
差异化,0.0,3.0,0.0,1.0
2,0.0,9.0,0.0,1.0
沟通,0.0,3.0,0.0,1.0
贴心,0.0,15.0,0.0,1.0
严重,0.0,3.0,0.0,1.0
带来,0.0,9.0,0.0,1.0
APP,3.0,0.0,1.0,0.0
随性,0.0,3.0,0.0,1.0
沐歌,0.0,3.0,0.0,1.0
家私,0.0,3.0,0.0,1.0
.,0.0,195.0,0.0,1.0
服装,0.0,9.0,0.0,1.0
白热化,0.0,3.0,0.0,1.0
优质,0.0,12.0,0.0,1.0
百款,0.0,6.0,0.0,1.0
门店,0.0,9.0,0.0,1.0
江苏,0.0,3.0,0.0,1.0
日报,6.0,0.0,1.0,0.0
副总裁,0.0,3.0,0.0,1.0
壮大,0.0,3.0,0.0,1.0
多次,0.0,3.0,0.0,1.0
喜临门,0.0,3.0,0.0,1.0
去年,0.0,3.0,0.0,1.0
1F523095130152,0.0,3.0,0.0,1.0
有过,0.0,3.0,0.0,1.0
小件,0.0,3.0,0.0,1.0
前行,0.0,3.0,0.0,1.0
提高,0.0,3.0,0.0,1.0
传承,0.0,3.0,0.0,1.0
过于,0.0,3.0,0.0,1.0
再次,0.0,3.0,0.0,1.0
戳,0.0,3.0,0.0,1.0
宋清辉,0.0,3.0,0.0,1.0
999,9.0,0.0,1.0,0.0
运动,0.0,3.0,0.0,1.0
31,0.0,3.0,0.0,1.0
来说,0.0,3.0,0.0,1.0
intozg,0.0,12.0,0.0,1.0
收入,0.0,66.0,0.0,1.0
家新,0.0,3.0,0.0,1.0
理性,0.0,3.0,0.0,1.0
便是,0.0,6.0,0.0,1.0
迎来,0.0,3.0,0.0,1.0
极具,0.0,3.0,0.0,1.0
美家,0.0,15.0,0.0,1.0
但,0.0,9.0,0.0,1.0
注入,0.0,3.0,0.0,1.0
~,0.0,27.0,0.0,1.0
万元,0.0,24.0,0.0,1.0
时装秀,0.0,3.0,0.0,1.0
绿之源,0.0,3.0,0.0,1.0
8.5,0.0,3.0,0.0,1.0
修改,0.0,3.0,0.0,1.0
复制,0.0,3.0,0.0,1.0
公司总部,0.0,6.0,0.0,1.0
描述,0.0,3.0,0.0,1.0
不断,0.0,24.0,0.0,1.0
86,0.0,3.0,0.0,1.0
重要,0.0,9.0,0.0,1.0
配色,0.0,6.0,0.0,1.0
特步,0.0,3.0,0.0,1.0
终端,0.0,3.0,0.0,1.0
征程,0.0,3.0,0.0,1.0
夏,9.0,24.0,0.2727272727272727,0.7272727272727273
分析,0.0,9.0,0.0,1.0
注意,0.0,3.0,0.0,1.0
概念,0.0,9.0,0.0,1.0
逆势,0.0,3.0,0.0,1.0
空隙,0.0,3.0,0.0,1.0
以往,0.0,6.0,0.0,1.0
尚,0.0,3.0,0.0,1.0
周三,6.0,0.0,1.0,0.0
丽人,0.0,3.0,0.0,1.0
某种意义,0.0,3.0,0.0,1.0
转移,0.0,6.0,0.0,1.0
建博,0.0,3.0,0.0,1.0
有人,0.0,6.0,0.0,1.0
刚刚,0.0,3.0,0.0,1.0
原文,3.0,9.0,0.25,0.75
友好,0.0,3.0,0.0,1.0
方向,0.0,6.0,0.0,1.0
索菲亚,0.0,3.0,0.0,1.0
天龙,0.0,3.0,0.0,1.0
刻画,0.0,6.0,0.0,1.0
三板,0.0,3.0,0.0,1.0
日用品,0.0,3.0,0.0,1.0
600,3.0,3.0,0.5,0.5
波动,0.0,18.0,0.0,1.0
款,0.0,6.0,0.0,1.0
应价,0.0,6.0,0.0,1.0
前列,0.0,3.0,0.0,1.0
是,0.0,132.0,0.0,1.0
与日俱增,0.0,3.0,0.0,1.0
政策,0.0,27.0,0.0,1.0
市场,0.0,39.0,0.0,1.0
芯润,0.0,6.0,0.0,1.0
利郎,0.0,3.0,0.0,1.0
产生,0.0,3.0,0.0,1.0
一次,0.0,6.0,0.0,1.0
2006,0.0,3.0,0.0,1.0
打磨,0.0,3.0,0.0,1.0
变动,0.0,6.0,0.0,1.0
1F523095251361,0.0,3.0,0.0,1.0
康铭盛,0.0,3.0,0.0,1.0
领威,0.0,3.0,0.0,1.0
新鲜,0.0,3.0,0.0,1.0
太,0.0,3.0,0.0,1.0
追求,0.0,18.0,0.0,1.0
曾于,3.0,0.0,1.0,0.0
以此为准,0.0,3.0,0.0,1.0
套件,0.0,3.0,0.0,1.0
震动,0.0,3.0,0.0,1.0
单店,0.0,3.0,0.0,1.0
反而,0.0,6.0,0.0,1.0
栩栩如生,0.0,9.0,0.0,1.0
堪称,0.0,6.0,0.0,1.0
纪年,0.0,3.0,0.0,1.0
衍生品,0.0,3.0,0.0,1.0
排他性,0.0,3.0,0.0,1.0
之,0.0,9.0,0.0,1.0
都市,0.0,3.0,0.0,1.0
商业模式,0.0,6.0,0.0,1.0
最大化,0.0,6.0,0.0,1.0
顺络,0.0,3.0,0.0,1.0
颜色,0.0,9.0,0.0,1.0
品质,0.0,18.0,0.0,1.0
人文,0.0,3.0,0.0,1.0
亲们,0.0,3.0,0.0,1.0
为,0.0,78.0,0.0,1.0
最初,0.0,3.0,0.0,1.0
沉甸甸,0.0,6.0,0.0,1.0
四家,0.0,3.0,0.0,1.0
成本上升,0.0,6.0,0.0,1.0
项义妹,0.0,3.0,0.0,1.0
较大,0.0,18.0,0.0,1.0
重估,0.0,9.0,0.0,1.0
富士康,0.0,3.0,0.0,1.0
06,0.0,6.0,0.0,1.0
正式,0.0,9.0,0.0,1.0
各自,0.0,3.0,0.0,1.0
愿意,0.0,3.0,0.0,1.0
个性,0.0,9.0,0.0,1.0
逾,0.0,3.0,0.0,1.0
大致,0.0,3.0,0.0,1.0
赠,0.0,3.0,0.0,1.0
占地面积,0.0,3.0,0.0,1.0
先到,0.0,3.0,0.0,1.0
细节,3.0,0.0,1.0,0.0
没少,3.0,0.0,1.0,0.0
婚庆,0.0,3.0,0.0,1.0
一,0.0,3.0,0.0,1.0
市场价,0.0,3.0,0.0,1.0
防滑,3.0,0.0,1.0,0.0
今年,0.0,3.0,0.0,1.0
夏品,0.0,9.0,0.0,1.0
拿货,0.0,3.0,0.0,1.0
卖出,0.0,6.0,0.0,1.0
湖北,0.0,3.0,0.0,1.0
二是,0.0,6.0,0.0,1.0
较为,0.0,6.0,0.0,1.0
经贸,0.0,3.0,0.0,1.0
jpeg,0.0,21.0,0.0,1.0
「,3.0,0.0,1.0,0.0
容积,0.0,3.0,0.0,1.0
文末,0.0,3.0,0.0,1.0
构成,0.0,3.0,0.0,1.0
创造者,0.0,3.0,0.0,1.0
TOP5,0.0,3.0,0.0,1.0
龙华,0.0,15.0,0.0,1.0
达,0.0,3.0,0.0,1.0
买,0.0,3.0,0.0,1.0
采取,0.0,3.0,0.0,1.0
号,0.0,6.0,0.0,1.0
成为,0.0,15.0,0.0,1.0
居家,0.0,24.0,0.0,1.0
折弯,0.0,3.0,0.0,1.0
21cnimg,0.0,6.0,0.0,1.0
可,0.0,12.0,0.0,1.0
炒作,0.0,3.0,0.0,1.0
基于,0.0,12.0,0.0,1.0
橱柜,0.0,3.0,0.0,1.0
最本,0.0,3.0,0.0,1.0
二次,0.0,3.0,0.0,1.0
回,0.0,6.0,0.0,1.0
上年,0.0,3.0,0.0,1.0
同时,0.0,15.0,0.0,1.0
30,0.0,6.0,0.0,1.0
中国农业银行,0.0,3.0,0.0,1.0
处,0.0,3.0,0.0,1.0
第一位,0.0,6.0,0.0,1.0
仿佛,0.0,3.0,0.0,1.0
处于,0.0,6.0,0.0,1.0
多元化,0.0,3.0,0.0,1.0
总经理,0.0,3.0,0.0,1.0
T,0.0,3.0,0.0,1.0
],0.0,12.0,0.0,1.0
走得,0.0,6.0,0.0,1.0
刷新,0.0,3.0,0.0,1.0
庆钜惠,0.0,6.0,0.0,1.0
直降,0.0,6.0,0.0,1.0
固定,0.0,3.0,0.0,1.0
湿而,0.0,3.0,0.0,1.0
279,0.0,3.0,0.0,1.0
认知,0.0,6.0,0.0,1.0
本店,0.0,3.0,0.0,1.0
三次,0.0,6.0,0.0,1.0
为家纺,0.0,6.0,0.0,1.0
增长幅度,0.0,9.0,0.0,1.0
接听,0.0,3.0,0.0,1.0
19516766993,0.0,3.0,0.0,1.0
旁人,0.0,3.0,0.0,1.0
国人,0.0,6.0,0.0,1.0
发布,0.0,12.0,0.0,1.0
2017052611481709,0.0,3.0,0.0,1.0
切入,0.0,6.0,0.0,1.0
国际化,0.0,12.0,0.0,1.0
璞,0.0,3.0,0.0,1.0
正常,0.0,3.0,0.0,1.0
善于,0.0,3.0,0.0,1.0
生活用品,0.0,3.0,0.0,1.0
带回家,0.0,12.0,0.0,1.0
门,0.0,3.0,0.0,1.0
艺术家,0.0,6.0,0.0,1.0
JgicKpibt7WFL8l5vkdPicLwEyeibNFxtrIw,0.0,3.0,0.0,1.0
血液,0.0,3.0,0.0,1.0
细滑,0.0,3.0,0.0,1.0
时间,0.0,9.0,0.0,1.0
回馈,0.0,6.0,0.0,1.0
如此,0.0,3.0,0.0,1.0
开拓,0.0,12.0,0.0,1.0
输出,0.0,3.0,0.0,1.0
成本,0.0,3.0,0.0,1.0
类,0.0,6.0,0.0,1.0
推荐,0.0,6.0,0.0,1.0
机床,0.0,3.0,0.0,1.0
契机,0.0,3.0,0.0,1.0
双方,0.0,12.0,0.0,1.0
潮流,0.0,3.0,0.0,1.0
RGz2LWLARA4gKW844LKkgcbicJcBIZLIeAmBLGzVObh3SkOlibI5865Uy8HbRbzr9MI4eRnrxBZibKhibh8jWPCMA,0.0,3.0,0.0,1.0
简单,0.0,6.0,0.0,1.0
搭,0.0,3.0,0.0,1.0
浅绿,3.0,0.0,1.0,0.0
庆,0.0,6.0,0.0,1.0
线,0.0,6.0,0.0,1.0
基地,0.0,3.0,0.0,1.0
电话,0.0,6.0,0.0,1.0
饼,0.0,3.0,0.0,1.0
让,3.0,42.0,0.06666666666666667,0.9333333333333333
优势,0.0,18.0,0.0,1.0
快速增长,0.0,3.0,0.0,1.0
限于,0.0,3.0,0.0,1.0
最大,0.0,3.0,0.0,1.0
跳出,0.0,3.0,0.0,1.0
横向,0.0,3.0,0.0,1.0
延展,0.0,6.0,0.0,1.0
被,9.0,45.0,0.16666666666666666,0.8333333333333334
iakyIdEKslpaVlQO5ZrwjfIPdDFc9VrjSfpdicaibNCgAMlUz8MnLR37PibsRqIVrFznhvr80skgYsCAZ6Vg,0.0,3.0,0.0,1.0
生产,0.0,18.0,0.0,1.0
招工,0.0,9.0,0.0,1.0
4B071,0.0,3.0,0.0,1.0
合理性,0.0,6.0,0.0,1.0
行列,0.0,6.0,0.0,1.0
紧张,0.0,3.0,0.0,1.0
应该,0.0,3.0,0.0,1.0
这一,0.0,3.0,0.0,1.0
记者,0.0,15.0,0.0,1.0
行走,0.0,9.0,0.0,1.0
如今,0.0,9.0,0.0,1.0
深交所,0.0,33.0,0.0,1.0
美学家,0.0,3.0,0.0,1.0
竞价,0.0,6.0,0.0,1.0
深化,0.0,6.0,0.0,1.0
保有,0.0,6.0,0.0,1.0
美居,0.0,6.0,0.0,1.0
彭明,0.0,6.0,0.0,1.0
韵致,0.0,3.0,0.0,1.0
而是,0.0,3.0,0.0,1.0
N8758,0.0,3.0,0.0,1.0
展现,0.0,6.0,0.0,1.0
花鸟,0.0,6.0,0.0,1.0
爆款,0.0,3.0,0.0,1.0
入驻,0.0,3.0,0.0,1.0
美炫美,0.0,3.0,0.0,1.0
工业,0.0,6.0,0.0,1.0
席来,3.0,0.0,1.0,0.0
共赢,0.0,3.0,0.0,1.0
44xbKUiakyIdEKslpaVlQO5Zrwj,0.0,3.0,0.0,1.0
三是,0.0,3.0,0.0,1.0
免费送,0.0,3.0,0.0,1.0
一季度,0.0,3.0,0.0,1.0
扩张,0.0,3.0,0.0,1.0
资本,0.0,3.0,0.0,1.0
人力,0.0,3.0,0.0,1.0
取胜,3.0,0.0,1.0,0.0
股东,0.0,12.0,0.0,1.0
域,0.0,3.0,0.0,1.0
蚕丝,0.0,42.0,0.0,1.0
亮眼,0.0,3.0,0.0,1.0
知识产权,0.0,3.0,0.0,1.0
协议,0.0,18.0,0.0,1.0
34.80,0.0,3.0,0.0,1.0
游戏,0.0,15.0,0.0,1.0
较,0.0,12.0,0.0,1.0
具体情况,0.0,3.0,0.0,1.0
▲,0.0,3.0,0.0,1.0
净利,0.0,6.0,0.0,1.0
3.13,0.0,6.0,0.0,1.0
最多,0.0,3.0,0.0,1.0
值得注意,0.0,9.0,0.0,1.0
元,0.0,30.0,0.0,1.0
640,0.0,18.0,0.0,1.0
守护,0.0,3.0,0.0,1.0
万物,0.0,3.0,0.0,1.0
广场,0.0,6.0,0.0,1.0
占据,0.0,3.0,0.0,1.0
流动资金,0.0,3.0,0.0,1.0
IPO,0.0,3.0,0.0,1.0
加盟,0.0,12.0,0.0,1.0
事情,0.0,3.0,0.0,1.0
拥有,0.0,21.0,0.0,1.0
难度,0.0,3.0,0.0,1.0
bjbusiness,0.0,6.0,0.0,1.0
B,0.0,6.0,0.0,1.0
获得,0.0,3.0,0.0,1.0
协商,0.0,3.0,0.0,1.0
《,0.0,6.0,0.0,1.0
美,0.0,21.0,0.0,1.0
举办,0.0,3.0,0.0,1.0
八成,0.0,3.0,0.0,1.0
不同于,0.0,3.0,0.0,1.0
佳木斯,0.0,6.0,0.0,1.0
闷热,0.0,3.0,0.0,1.0
工艺,3.0,6.0,0.3333333333333333,0.6666666666666666
充沛,0.0,3.0,0.0,1.0
补充,0.0,9.0,0.0,1.0
uploads,0.0,12.0,0.0,1.0
龙头,0.0,6.0,0.0,1.0
称,0.0,12.0,0.0,1.0
缩短,0.0,3.0,0.0,1.0
毛毯,0.0,3.0,0.0,1.0
50.24,0.0,3.0,0.0,1.0
开疆,0.0,3.0,0.0,1.0
所有,0.0,15.0,0.0,1.0
竞得,0.0,3.0,0.0,1.0
已然,0.0,3.0,0.0,1.0
一体,0.0,3.0,0.0,1.0
范围,0.0,3.0,0.0,1.0
能,0.0,9.0,0.0,1.0
团队,0.0,9.0,0.0,1.0
会员,3.0,6.0,0.3333333333333333,0.6666666666666666
陈敏,0.0,3.0,0.0,1.0
大放价,0.0,12.0,0.0,1.0
季度,0.0,15.0,0.0,1.0
天堂伞,0.0,3.0,0.0,1.0
创立,0.0,6.0,0.0,1.0
创造,0.0,12.0,0.0,1.0
中,0.0,27.0,0.0,1.0
人事,0.0,3.0,0.0,1.0
;,0.0,9.0,0.0,1.0
禧,0.0,3.0,0.0,1.0
睡得,0.0,9.0,0.0,1.0
影响,0.0,24.0,0.0,1.0
收到,0.0,3.0,0.0,1.0
在家,3.0,6.0,0.3333333333333333,0.6666666666666666
芭田,3.0,0.0,1.0,0.0
高效,0.0,6.0,0.0,1.0
携手,0.0,15.0,0.0,1.0
不错,0.0,3.0,0.0,1.0
oYzTacgnibTZzkPqUw2eAzzEB7FmXlLYBOMkvMTNibLGOShkyCe8qFdfh0iaycAXj0S0ufwV1dROtibyw,0.0,3.0,0.0,1.0
入围,0.0,24.0,0.0,1.0
1721,0.0,12.0,0.0,1.0
持续,0.0,3.0,0.0,1.0
展与,0.0,3.0,0.0,1.0
10.46,0.0,3.0,0.0,1.0
项目,0.0,6.0,0.0,1.0
争做,0.0,3.0,0.0,1.0
四川,0.0,3.0,0.0,1.0
对此,0.0,12.0,0.0,1.0
除,0.0,3.0,0.0,1.0
选择,0.0,12.0,0.0,1.0
梦,0.0,6.0,0.0,1.0
又,0.0,12.0,0.0,1.0
日前,0.0,6.0,0.0,1.0
上门,0.0,3.0,0.0,1.0
一定,0.0,9.0,0.0,1.0
引领,0.0,3.0,0.0,1.0
分别,0.0,12.0,0.0,1.0
里,0.0,15.0,0.0,1.0
未来,0.0,18.0,0.0,1.0
因素,0.0,6.0,0.0,1.0
办理,3.0,0.0,1.0,0.0
雪铁龙,0.0,3.0,0.0,1.0
总,0.0,3.0,0.0,1.0
根植,0.0,6.0,0.0,1.0
<,0.0,57.0,0.0,1.0
份,9.0,0.0,1.0,0.0
快速,3.0,3.0,0.5,0.5
年,3.0,144.0,0.02040816326530612,0.9795918367346939
动物,0.0,6.0,0.0,1.0
红色,0.0,3.0,0.0,1.0
生态圈,0.0,12.0,0.0,1.0
夏凉,0.0,6.0,0.0,1.0
mrtp,0.0,9.0,0.0,1.0
林国芳,0.0,6.0,0.0,1.0
凸显,0.0,3.0,0.0,1.0
1F523095243L1,0.0,3.0,0.0,1.0
赢家,0.0,3.0,0.0,1.0
健康,0.0,15.0,0.0,1.0
过渡,0.0,3.0,0.0,1.0
业绩,0.0,66.0,0.0,1.0
铆工,0.0,3.0,0.0,1.0
排行榜,0.0,9.0,0.0,1.0
一是,0.0,6.0,0.0,1.0
22.23,0.0,3.0,0.0,1.0
国内外,0.0,3.0,0.0,1.0
平网,0.0,9.0,0.0,1.0
第一件,0.0,6.0,0.0,1.0
器具,0.0,3.0,0.0,1.0
迅速,0.0,3.0,0.0,1.0
特性,0.0,3.0,0.0,1.0
即可,0.0,3.0,0.0,1.0
?,0.0,54.0,0.0,1.0
到方,0.0,3.0,0.0,1.0
欣喜,0.0,12.0,0.0,1.0
中称,0.0,3.0,0.0,1.0
com,0.0,33.0,0.0,1.0
板块,0.0,6.0,0.0,1.0
周年,0.0,12.0,0.0,1.0
第四季度,0.0,15.0,0.0,1.0
包,0.0,3.0,0.0,1.0
尝试,0.0,15.0,0.0,1.0
James,0.0,3.0,0.0,1.0
相关,0.0,3.0,0.0,1.0
彩棉,3.0,0.0,1.0,0.0
印象,0.0,3.0,0.0,1.0
盈利,0.0,9.0,0.0,1.0
花心思,3.0,0.0,1.0,0.0
闭合,0.0,3.0,0.0,1.0
7930.83,0.0,3.0,0.0,1.0
床品,0.0,3.0,0.0,1.0
利润,0.0,3.0,0.0,1.0
优惠,0.0,3.0,0.0,1.0
出品,0.0,6.0,0.0,1.0
沉淀,0.0,6.0,0.0,1.0
享受,0.0,9.0,0.0,1.0
印证,0.0,6.0,0.0,1.0
端,0.0,6.0,0.0,1.0
明日,0.0,9.0,0.0,1.0
不能,0.0,6.0,0.0,1.0
第一,0.0,6.0,0.0,1.0
消费者,0.0,42.0,0.0,1.0
32,0.0,6.0,0.0,1.0
色泽,0.0,3.0,0.0,1.0
很,0.0,12.0,0.0,1.0
同质化,0.0,3.0,0.0,1.0
格局,0.0,3.0,0.0,1.0
时代,0.0,3.0,0.0,1.0
基本,0.0,3.0,0.0,1.0
其他,0.0,15.0,0.0,1.0
开发,0.0,3.0,0.0,1.0
广东,0.0,9.0,0.0,1.0
原因,0.0,21.0,0.0,1.0
增长,0.0,51.0,0.0,1.0
27,0.0,6.0,0.0,1.0
公司业绩,0.0,3.0,0.0,1.0
主要,0.0,18.0,0.0,1.0
七匹狼,0.0,3.0,0.0,1.0
进口,0.0,3.0,0.0,1.0
一款,0.0,6.0,0.0,1.0
大厦,0.0,9.0,0.0,1.0
个,0.0,12.0,0.0,1.0
打破,0.0,3.0,0.0,1.0
力作,0.0,3.0,0.0,1.0
绿驰,0.0,3.0,0.0,1.0
关注,0.0,9.0,0.0,1.0
论述,0.0,9.0,0.0,1.0
自,0.0,6.0,0.0,1.0
包含,0.0,6.0,0.0,1.0
群雄逐鹿,0.0,3.0,0.0,1.0
参股,0.0,6.0,0.0,1.0
人民法院,0.0,6.0,0.0,1.0
毛利率,0.0,24.0,0.0,1.0
擅长,0.0,3.0,0.0,1.0
19516774619,0.0,3.0,0.0,1.0
预计,0.0,3.0,0.0,1.0
包揽,0.0,3.0,0.0,1.0
整个,0.0,9.0,0.0,1.0
福州,0.0,6.0,0.0,1.0
亿,0.0,3.0,0.0,1.0
m600,0.0,6.0,0.0,1.0
24,0.0,9.0,0.0,1.0
维持,0.0,6.0,0.0,1.0
席,3.0,0.0,1.0,0.0
),6.0,24.0,0.2,0.8
营业,0.0,30.0,0.0,1.0
市场部,0.0,3.0,0.0,1.0
全方位,0.0,3.0,0.0,1.0
把,0.0,15.0,0.0,1.0
双,0.0,12.0,0.0,1.0
粘度,0.0,3.0,0.0,1.0
方便,0.0,3.0,0.0,1.0
市值,0.0,6.0,0.0,1.0
多万元,0.0,3.0,0.0,1.0
者,0.0,3.0,0.0,1.0
瑞声,0.0,9.0,0.0,1.0
至今,0.0,3.0,0.0,1.0
成衣,0.0,30.0,0.0,1.0
企业,0.0,48.0,0.0,1.0
最新,0.0,3.0,0.0,1.0
决心,0.0,6.0,0.0,1.0
花哨,0.0,3.0,0.0,1.0
温暖,0.0,3.0,0.0,1.0
珠三角,0.0,6.0,0.0,1.0
SRC,0.0,63.0,0.0,1.0
一身,0.0,3.0,0.0,1.0
风口,0.0,3.0,0.0,1.0
家纺,6.0,75.0,0.07407407407407407,0.9259259259259259
执御,0.0,9.0,0.0,1.0
电工,0.0,3.0,0.0,1.0
Carse,0.0,3.0,0.0,1.0
2017,3.0,81.0,0.03571428571428571,0.9642857142857143
产业链,0.0,3.0,0.0,1.0
首个,0.0,12.0,0.0,1.0
跨境,0.0,15.0,0.0,1.0
；,0.0,33.0,0.0,1.0
重估价,0.0,3.0,0.0,1.0
杰尼亚,0.0,3.0,0.0,1.0
17,0.0,3.0,0.0,1.0
[,0.0,12.0,0.0,1.0
印花,3.0,6.0,0.3333333333333333,0.6666666666666666
活动,3.0,12.0,0.2,0.8
23,0.0,60.0,0.0,1.0
消费,0.0,24.0,0.0,1.0
工业用地,0.0,6.0,0.0,1.0
品牌优势,0.0,3.0,0.0,1.0
高温,0.0,6.0,0.0,1.0
改革,0.0,6.0,0.0,1.0
四是,0.0,3.0,0.0,1.0
即将,0.0,6.0,0.0,1.0
家居,0.0,33.0,0.0,1.0
暗示,0.0,3.0,0.0,1.0
解决方案,0.0,6.0,0.0,1.0
商务,0.0,3.0,0.0,1.0
固有,0.0,6.0,0.0,1.0
演绎,0.0,3.0,0.0,1.0
传说,0.0,3.0,0.0,1.0
来源,0.0,3.0,0.0,1.0
财务,3.0,0.0,1.0,0.0
真正,0.0,3.0,0.0,1.0
路,0.0,6.0,0.0,1.0
波段,0.0,3.0,0.0,1.0
瑞斯,0.0,3.0,0.0,1.0
70,0.0,3.0,0.0,1.0
最,0.0,3.0,0.0,1.0
fMkM3bib3O9Yta4Tzl1154ZR5nfUtT8Czzzh59KC5dhOYWT7QXC4mxqWShIAS57rLsujk3Q,0.0,3.0,0.0,1.0
位于,0.0,3.0,0.0,1.0
极易,0.0,3.0,0.0,1.0
北方,0.0,9.0,0.0,1.0
人力资源,0.0,6.0,0.0,1.0
嫩,0.0,3.0,0.0,1.0
http,0.0,63.0,0.0,1.0
44xbKUiakyIdEKslpaVlQO5ZrwjfIPd,0.0,3.0,0.0,1.0
要求,0.0,12.0,0.0,1.0
201705,0.0,12.0,0.0,1.0
经营报,0.0,3.0,0.0,1.0
报告,0.0,6.0,0.0,1.0
Sx6EAoyzjib9T9ORmia2MJdiaOVfcZbcdAHd9f9UOgjLtiboYJGF5D0FsAVejH7hG27QETxcXjicWJQ,0.0,3.0,0.0,1.0
落后,0.0,3.0,0.0,1.0
设计者,0.0,3.0,0.0,1.0
丝巾,0.0,3.0,0.0,1.0
uTUOZhXibrzH4gS5PA638p30VrbO6kd94iccSrkojlBeVXn9buUiaPgFJcofgCaQVbA8TWA,0.0,3.0,0.0,1.0
金号,0.0,3.0,0.0,1.0
23.11,0.0,3.0,0.0,1.0
卡,0.0,18.0,0.0,1.0
依,0.0,3.0,0.0,1.0
出货,0.0,3.0,0.0,1.0
传统产业,0.0,3.0,0.0,1.0
中信银行,3.0,12.0,0.2,0.8
提供者,0.0,6.0,0.0,1.0
康佳,0.0,3.0,0.0,1.0
 ,147.0,336.0,0.30434782608695654,0.6956521739130435
更好,3.0,3.0,0.5,0.5
注意力,0.0,3.0,0.0,1.0
进入,0.0,6.0,0.0,1.0
源,0.0,3.0,0.0,1.0
cFhJV7uwOp2pdTt7CzTTrtPWuUAcVmxKobqYKWpzL8pEw1ibqOaqydejxeCuRVJicEcQCpXDuQjTb4WAFjiceu9Yw,0.0,3.0,0.0,1.0
领域,0.0,39.0,0.0,1.0
纤维,0.0,3.0,0.0,1.0
意味着,0.0,6.0,0.0,1.0
res02,0.0,3.0,0.0,1.0
不懈,0.0,6.0,0.0,1.0
零,0.0,3.0,0.0,1.0
提前,0.0,3.0,0.0,1.0
份额,0.0,6.0,0.0,1.0
产品线,0.0,3.0,0.0,1.0
已有,0.0,6.0,0.0,1.0
规律,0.0,15.0,0.0,1.0
居,0.0,30.0,0.0,1.0
色彩,3.0,3.0,0.5,0.5
托,0.0,6.0,0.0,1.0
epaper,0.0,6.0,0.0,1.0
近期,0.0,3.0,0.0,1.0
以来,0.0,12.0,0.0,1.0
金牌,0.0,3.0,0.0,1.0
脉搏,0.0,3.0,0.0,1.0
耐克,0.0,3.0,0.0,1.0
内,0.0,9.0,0.0,1.0
ORmia2MJmiapaAfkeyZ1hjgAs5yrmzUjKDEPAJJcf1jibXs9ckEM5H96V1qLvXgQ,0.0,3.0,0.0,1.0
柔软,0.0,3.0,0.0,1.0
不再,0.0,3.0,0.0,1.0
针对性,0.0,9.0,0.0,1.0
储备,0.0,3.0,0.0,1.0
【,0.0,27.0,0.0,1.0
900,3.0,0.0,1.0,0.0
jpg,0.0,30.0,0.0,1.0
另外,0.0,6.0,0.0,1.0
室内,0.0,3.0,0.0,1.0
一抹,0.0,9.0,0.0,1.0
有望,0.0,3.0,0.0,1.0
原作者,0.0,3.0,0.0,1.0
每月,0.0,3.0,0.0,1.0
时尚,0.0,9.0,0.0,1.0
单一,0.0,6.0,0.0,1.0
安踏,0.0,3.0,0.0,1.0
传达,0.0,3.0,0.0,1.0
重燃,0.0,3.0,0.0,1.0
股价,0.0,3.0,0.0,1.0
作为,0.0,30.0,0.0,1.0
胜出,0.0,6.0,0.0,1.0
酷暑,0.0,3.0,0.0,1.0
居室,0.0,15.0,0.0,1.0
榜,0.0,21.0,0.0,1.0
两家,0.0,3.0,0.0,1.0
图案,0.0,3.0,0.0,1.0
截至,0.0,3.0,0.0,1.0
相同,0.0,6.0,0.0,1.0
变化,0.0,12.0,0.0,1.0
温情,0.0,3.0,0.0,1.0
目前,0.0,12.0,0.0,1.0
去,0.0,3.0,0.0,1.0
自身,0.0,12.0,0.0,1.0
优质产品,0.0,3.0,0.0,1.0
货源,0.0,3.0,0.0,1.0
手,0.0,3.0,0.0,1.0
调整,0.0,3.0,0.0,1.0
能够,0.0,6.0,0.0,1.0
多家,0.0,6.0,0.0,1.0
测算,0.0,3.0,0.0,1.0
23.12,0.0,3.0,0.0,1.0
做,3.0,21.0,0.125,0.875
开启,0.0,15.0,0.0,1.0
坚实,0.0,6.0,0.0,1.0
年报,0.0,6.0,0.0,1.0
泰富,0.0,6.0,0.0,1.0
电子商务,0.0,6.0,0.0,1.0
阅读,3.0,9.0,0.25,0.75
睡眠,0.0,18.0,0.0,1.0
其中,0.0,15.0,0.0,1.0
知名品牌,0.0,3.0,0.0,1.0
allimg,0.0,12.0,0.0,1.0
可能,0.0,6.0,0.0,1.0
折,0.0,3.0,0.0,1.0
富安娜,24.0,702.0,0.03305785123966942,0.9669421487603306
发掘,0.0,3.0,0.0,1.0
4.39,0.0,3.0,0.0,1.0
机修工,0.0,3.0,0.0,1.0
以人为本,0.0,3.0,0.0,1.0
解释权,0.0,3.0,0.0,1.0
全城,0.0,12.0,0.0,1.0
3A050,0.0,3.0,0.0,1.0
过猛,0.0,3.0,0.0,1.0
居于,0.0,3.0,0.0,1.0
了解,0.0,12.0,0.0,1.0
状况,0.0,9.0,0.0,1.0
应收,0.0,33.0,0.0,1.0
地价,0.0,3.0,0.0,1.0
推广,0.0,3.0,0.0,1.0
账款,0.0,33.0,0.0,1.0
大都,0.0,3.0,0.0,1.0
大众,0.0,15.0,0.0,1.0
裹挟,0.0,3.0,0.0,1.0
场景,0.0,6.0,0.0,1.0
荣幸,0.0,12.0,0.0,1.0
扩大,0.0,15.0,0.0,1.0
家具,0.0,21.0,0.0,1.0
较强,0.0,3.0,0.0,1.0
国贸,0.0,9.0,0.0,1.0
全国,0.0,6.0,0.0,1.0
焊工,0.0,3.0,0.0,1.0
9.64,0.0,6.0,0.0,1.0
大幅,0.0,15.0,0.0,1.0
无论是,0.0,6.0,0.0,1.0
函,0.0,6.0,0.0,1.0
初心,0.0,6.0,0.0,1.0
成长性,0.0,6.0,0.0,1.0
永丰,0.0,3.0,0.0,1.0
8085,0.0,3.0,0.0,1.0
IP,0.0,3.0,0.0,1.0
可观,0.0,3.0,0.0,1.0
不燥,0.0,3.0,0.0,1.0
配置,0.0,3.0,0.0,1.0
特此,0.0,6.0,0.0,1.0
受到,0.0,3.0,0.0,1.0
低至,0.0,3.0,0.0,1.0
盆多肉,0.0,3.0,0.0,1.0
疆域,0.0,6.0,0.0,1.0
柒牌,0.0,3.0,0.0,1.0
铸造,0.0,3.0,0.0,1.0
链条,0.0,3.0,0.0,1.0
芯,0.0,3.0,0.0,1.0
最高,0.0,12.0,0.0,1.0
展开,0.0,6.0,0.0,1.0
覆盖全国,0.0,3.0,0.0,1.0
基因,0.0,12.0,0.0,1.0
投入,0.0,9.0,0.0,1.0
烦躁,0.0,3.0,0.0,1.0
比较,0.0,3.0,0.0,1.0
信用,0.0,3.0,0.0,1.0
馆,0.0,6.0,0.0,1.0
一起,0.0,3.0,0.0,1.0
希冀,0.0,6.0,0.0,1.0
增加,0.0,3.0,0.0,1.0
直接,0.0,12.0,0.0,1.0
经典,0.0,3.0,0.0,1.0
吸湿性,0.0,3.0,0.0,1.0
年线,0.0,3.0,0.0,1.0
达康,0.0,3.0,0.0,1.0
幻化成,0.0,3.0,0.0,1.0
切得,0.0,3.0,0.0,1.0
估值,0.0,3.0,0.0,1.0
kyIdEKslpaVlQO5ZrwjfIPdDFc9VrjSfpdicaibNCgAMlUz8MnLR37PibsRqIVrFznhvr80skgYsCAZ6Vg,0.0,3.0,0.0,1.0
完整,0.0,9.0,0.0,1.0
时装,0.0,6.0,0.0,1.0
物业,0.0,6.0,0.0,1.0
销售额,0.0,3.0,0.0,1.0
通勤,0.0,3.0,0.0,1.0
主业,0.0,18.0,0.0,1.0
照明,0.0,3.0,0.0,1.0
为了,0.0,9.0,0.0,1.0
手段,0.0,3.0,0.0,1.0
好,0.0,27.0,0.0,1.0
专业化,0.0,3.0,0.0,1.0
宿,0.0,3.0,0.0,1.0
原始,0.0,3.0,0.0,1.0
人生,0.0,3.0,0.0,1.0
茶花,0.0,3.0,0.0,1.0
准备,0.0,9.0,0.0,1.0
目标,0.0,6.0,0.0,1.0
买买,0.0,3.0,0.0,1.0
并,0.0,6.0,0.0,1.0
用,0.0,12.0,0.0,1.0
常见,0.0,3.0,0.0,1.0
4.67,0.0,6.0,0.0,1.0
经济学家,0.0,3.0,0.0,1.0
调和,0.0,3.0,0.0,1.0
合理,0.0,3.0,0.0,1.0
Development,0.0,3.0,0.0,1.0
在,3.0,147.0,0.02,0.98
TK25,0.0,3.0,0.0,1.0
出库,0.0,3.0,0.0,1.0
自主,0.0,21.0,0.0,1.0
19,12.0,0.0,1.0,0.0
净利润,0.0,27.0,0.0,1.0
走出,0.0,6.0,0.0,1.0
微店,0.0,39.0,0.0,1.0
不变,0.0,6.0,0.0,1.0
活力,0.0,3.0,0.0,1.0
下,0.0,18.0,0.0,1.0
透露,0.0,3.0,0.0,1.0
呈现,0.0,18.0,0.0,1.0
这个,0.0,6.0,0.0,1.0
研发,0.0,24.0,0.0,1.0
指出,0.0,9.0,0.0,1.0
秀,0.0,9.0,0.0,1.0
1F523094951a1,0.0,3.0,0.0,1.0
之一,0.0,15.0,0.0,1.0
迭代,0.0,3.0,0.0,1.0
爱,0.0,3.0,0.0,1.0
确保,0.0,3.0,0.0,1.0
开展,0.0,9.0,0.0,1.0
基础,0.0,3.0,0.0,1.0
下降,0.0,15.0,0.0,1.0
昨日,0.0,6.0,0.0,1.0
水星,6.0,6.0,0.5,0.5
预估,0.0,6.0,0.0,1.0
水平,0.0,3.0,0.0,1.0
全面,0.0,6.0,0.0,1.0
多达,0.0,6.0,0.0,1.0
升值,0.0,6.0,0.0,1.0
时候,0.0,6.0,0.0,1.0
领军,0.0,6.0,0.0,1.0
具体,0.0,6.0,0.0,1.0
使得,0.0,9.0,0.0,1.0
只,0.0,12.0,0.0,1.0
/,0.0,486.0,0.0,1.0
掌握者,0.0,3.0,0.0,1.0
很大,0.0,3.0,0.0,1.0
美术设计,0.0,3.0,0.0,1.0
日常,0.0,3.0,0.0,1.0
肯定,0.0,6.0,0.0,1.0
免费,0.0,6.0,0.0,1.0
业内,0.0,6.0,0.0,1.0
真丝,0.0,3.0,0.0,1.0
归属于,0.0,12.0,0.0,1.0
大,0.0,39.0,0.0,1.0
开料,0.0,3.0,0.0,1.0
南山区,0.0,9.0,0.0,1.0
努力,0.0,9.0,0.0,1.0
799,0.0,6.0,0.0,1.0
华美,0.0,3.0,0.0,1.0
从而,0.0,9.0,0.0,1.0
林镇成,0.0,12.0,0.0,1.0
积累,0.0,3.0,0.0,1.0
勇攀高峰,0.0,3.0,0.0,1.0
创业,0.0,18.0,0.0,1.0
润,0.0,3.0,0.0,1.0
营收,0.0,12.0,0.0,1.0
一家,0.0,3.0,0.0,1.0
梦想,0.0,6.0,0.0,1.0
仍然,0.0,3.0,0.0,1.0
不足,0.0,9.0,0.0,1.0
9.42,0.0,3.0,0.0,1.0
EF0247CB107449258D44951,0.0,3.0,0.0,1.0
天地,0.0,6.0,0.0,1.0
刀光剑影,0.0,3.0,0.0,1.0
推出,0.0,12.0,0.0,1.0
总书记,0.0,3.0,0.0,1.0
已经,3.0,12.0,0.2,0.8
远道而来,0.0,3.0,0.0,1.0
著名,0.0,3.0,0.0,1.0
对,0.0,60.0,0.0,1.0
识别,0.0,3.0,0.0,1.0
热爱,0.0,3.0,0.0,1.0
竞争力,0.0,3.0,0.0,1.0
着,0.0,33.0,0.0,1.0
团购,0.0,3.0,0.0,1.0
华丽,0.0,6.0,0.0,1.0
用于,3.0,0.0,1.0,0.0
cet,0.0,9.0,0.0,1.0
7414.27,0.0,3.0,0.0,1.0
3,0.0,3.0,0.0,1.0
惠州,0.0,6.0,0.0,1.0
起来,0.0,9.0,0.0,1.0
董秘,0.0,3.0,0.0,1.0
IMAGE,0.0,57.0,0.0,1.0
华斯,0.0,3.0,0.0,1.0
艺术设计,0.0,33.0,0.0,1.0
剪板,0.0,3.0,0.0,1.0
可享,0.0,6.0,0.0,1.0
一系列,0.0,3.0,0.0,1.0
视为,0.0,6.0,0.0,1.0
总裁,0.0,12.0,0.0,1.0
主角,0.0,3.0,0.0,1.0
相较,0.0,3.0,0.0,1.0
ceesz,0.0,12.0,0.0,1.0
创维,0.0,3.0,0.0,1.0
羽,0.0,18.0,0.0,1.0
面临,0.0,9.0,0.0,1.0
拖累,0.0,6.0,0.0,1.0
美馨家纺,0.0,6.0,0.0,1.0
降温,3.0,0.0,1.0,0.0
效应,0.0,3.0,0.0,1.0
原创,0.0,57.0,0.0,1.0
面对,0.0,6.0,0.0,1.0
书记,0.0,3.0,0.0,1.0
集中,0.0,3.0,0.0,1.0
系,0.0,3.0,0.0,1.0
作木坊,0.0,3.0,0.0,1.0
实则,0.0,3.0,0.0,1.0
iaMIlxymXZt9K729LlpKV5PCI72nUY2jBowhI9GGQUMWERufug9vurLnw0WvaOqLHqdvt5AoWCD4IHdZR34CN0g,0.0,3.0,0.0,1.0
CEO,0.0,9.0,0.0,1.0
讯,0.0,3.0,0.0,1.0
动卡,3.0,0.0,1.0,0.0
一位,0.0,3.0,0.0,1.0
装配工,0.0,6.0,0.0,1.0
女性,0.0,3.0,0.0,1.0
具有,0.0,3.0,0.0,1.0
雕琢,0.0,12.0,0.0,1.0
优惠活动,0.0,6.0,0.0,1.0
惠东县,0.0,6.0,0.0,1.0
释放,0.0,3.0,0.0,1.0
限制,0.0,3.0,0.0,1.0
截止,0.0,3.0,0.0,1.0
钻床,0.0,3.0,0.0,1.0
多,0.0,27.0,0.0,1.0
月,9.0,45.0,0.16666666666666666,0.8333333333333334
身份,0.0,6.0,0.0,1.0
下滑,0.0,6.0,0.0,1.0
红,0.0,3.0,0.0,1.0
越战越勇,0.0,6.0,0.0,1.0
铺陈,0.0,3.0,0.0,1.0
不得不,0.0,6.0,0.0,1.0
四季度,0.0,9.0,0.0,1.0
付出,0.0,3.0,0.0,1.0
致电,0.0,3.0,0.0,1.0
取得,0.0,12.0,0.0,1.0
新闻,0.0,3.0,0.0,1.0
社交,0.0,15.0,0.0,1.0
一大批,0.0,9.0,0.0,1.0
始终,0.0,12.0,0.0,1.0
三件,0.0,3.0,0.0,1.0
树立,0.0,3.0,0.0,1.0
将会,0.0,9.0,0.0,1.0
YWluHXphF9QOdQKjy9qia61GUb193kVFfj,0.0,3.0,0.0,1.0
(,6.0,21.0,0.2222222222222222,0.7777777777777778
每年,0.0,12.0,0.0,1.0
一周,0.0,3.0,0.0,1.0
野性,0.0,3.0,0.0,1.0
福利,0.0,12.0,0.0,1.0
对于,0.0,21.0,0.0,1.0
按,0.0,6.0,0.0,1.0
brief,0.0,3.0,0.0,1.0
信心,0.0,3.0,0.0,1.0
今誉,0.0,3.0,0.0,1.0
版图,0.0,6.0,0.0,1.0
编辑,0.0,3.0,0.0,1.0
人心,3.0,0.0,1.0,0.0
进行,0.0,9.0,0.0,1.0
蚕丝被,0.0,12.0,0.0,1.0
将,3.0,33.0,0.08333333333333333,0.9166666666666666
看法,0.0,3.0,0.0,1.0
展馆,0.0,6.0,0.0,1.0
世间,0.0,3.0,0.0,1.0
两块,0.0,3.0,0.0,1.0
这是,0.0,3.0,0.0,1.0
步森,0.0,3.0,0.0,1.0
兑,9.0,0.0,1.0,0.0
719,3.0,0.0,1.0,0.0
加上,0.0,6.0,0.0,1.0
一些,0.0,3.0,0.0,1.0
生产线,0.0,3.0,0.0,1.0
独幅,0.0,3.0,0.0,1.0
人士,0.0,9.0,0.0,1.0
网络,0.0,6.0,0.0,1.0
南光路,0.0,3.0,0.0,1.0
保证,0.0,6.0,0.0,1.0
自动化,0.0,3.0,0.0,1.0
柔滑,0.0,9.0,0.0,1.0
所,0.0,12.0,0.0,1.0
开辟,0.0,3.0,0.0,1.0
并重,0.0,3.0,0.0,1.0
花稿,0.0,9.0,0.0,1.0
美学,0.0,15.0,0.0,1.0
副手,0.0,3.0,0.0,1.0
帮助,0.0,6.0,0.0,1.0
快,0.0,6.0,0.0,1.0
13,0.0,3.0,0.0,1.0
国瓷,0.0,3.0,0.0,1.0
省心,0.0,3.0,0.0,1.0
微,0.0,3.0,0.0,1.0
近年来,0.0,12.0,0.0,1.0
智造,0.0,6.0,0.0,1.0
TOP10,0.0,3.0,0.0,1.0
分行,0.0,3.0,0.0,1.0
加速,0.0,3.0,0.0,1.0
一份,0.0,9.0,0.0,1.0
推,0.0,3.0,0.0,1.0
中证网,0.0,3.0,0.0,1.0
百丽,0.0,3.0,0.0,1.0
金工,0.0,3.0,0.0,1.0
荣登,0.0,6.0,0.0,1.0
司法,0.0,12.0,0.0,1.0
花,0.0,12.0,0.0,1.0
哲学家,0.0,3.0,0.0,1.0
平方米,0.0,3.0,0.0,1.0
免息,0.0,6.0,0.0,1.0
包边,3.0,0.0,1.0,0.0
杭州,0.0,3.0,0.0,1.0
浴巾,0.0,3.0,0.0,1.0
植入,0.0,3.0,0.0,1.0
相信,0.0,12.0,0.0,1.0
纺企,0.0,3.0,0.0,1.0
cn,0.0,45.0,0.0,1.0
抢,9.0,3.0,0.75,0.25
07,0.0,15.0,0.0,1.0
之前,0.0,3.0,0.0,1.0
设计,6.0,63.0,0.08695652173913043,0.9130434782608695
资源管理,0.0,3.0,0.0,1.0
服饰,0.0,24.0,0.0,1.0
独树一帜,0.0,6.0,0.0,1.0
要,0.0,12.0,0.0,1.0
60,0.0,3.0,0.0,1.0
向,0.0,27.0,0.0,1.0
女人,0.0,9.0,0.0,1.0
点击,3.0,9.0,0.25,0.75
均,0.0,15.0,0.0,1.0
提花,9.0,3.0,0.75,0.25
飞拓,0.0,3.0,0.0,1.0
陈列,0.0,3.0,0.0,1.0
等,3.0,66.0,0.043478260869565216,0.9565217391304348
成功,0.0,3.0,0.0,1.0
A,0.0,3.0,0.0,1.0
整体,0.0,12.0,0.0,1.0
电商,0.0,54.0,0.0,1.0
事,0.0,3.0,0.0,1.0
尽享,0.0,6.0,0.0,1.0
旺季,0.0,6.0,0.0,1.0
跨界,0.0,9.0,0.0,1.0
SZ,0.0,6.0,0.0,1.0
单杯,9.0,0.0,1.0,0.0
影响力,0.0,15.0,0.0,1.0
五大,0.0,6.0,0.0,1.0
第一幅,0.0,6.0,0.0,1.0
3.81,0.0,3.0,0.0,1.0
小编,0.0,9.0,0.0,1.0
成绩,0.0,3.0,0.0,1.0
必不可少,0.0,6.0,0.0,1.0
做大,0.0,3.0,0.0,1.0
提供,0.0,21.0,0.0,1.0
更为,0.0,6.0,0.0,1.0
可能性,0.0,3.0,0.0,1.0
人体,0.0,3.0,0.0,1.0
一路,0.0,6.0,0.0,1.0
以下,0.0,9.0,0.0,1.0
转身,0.0,6.0,0.0,1.0
中闯出,0.0,3.0,0.0,1.0
出席,0.0,3.0,0.0,1.0
放宽,0.0,3.0,0.0,1.0
节,0.0,3.0,0.0,1.0
导致,0.0,6.0,0.0,1.0
成品,0.0,6.0,0.0,1.0
大岭,0.0,6.0,0.0,1.0
芊,0.0,18.0,0.0,1.0
显现,0.0,6.0,0.0,1.0
破除,0.0,3.0,0.0,1.0
至,0.0,15.0,0.0,1.0
」,3.0,0.0,1.0,0.0
于,0.0,45.0,0.0,1.0
纺到,0.0,9.0,0.0,1.0
一年,0.0,6.0,0.0,1.0
浙江,0.0,9.0,0.0,1.0
短兵相接,0.0,3.0,0.0,1.0
巨头,0.0,6.0,0.0,1.0
一点,0.0,3.0,0.0,1.0
专享,0.0,3.0,0.0,1.0
提出,0.0,6.0,0.0,1.0
想,0.0,6.0,0.0,1.0
才,0.0,3.0,0.0,1.0
以,3.0,30.0,0.09090909090909091,0.9090909090909091
空调,0.0,18.0,0.0,1.0
配饰,0.0,6.0,0.0,1.0
试图,0.0,6.0,0.0,1.0
每每,0.0,3.0,0.0,1.0
进军,0.0,9.0,0.0,1.0
轻松,0.0,12.0,0.0,1.0
唯一,0.0,6.0,0.0,1.0
存在,0.0,3.0,0.0,1.0
上市公司,0.0,21.0,0.0,1.0
客户,0.0,12.0,0.0,1.0
UAJwjBV9MDibvdx76UKVJUYEzCUiblPvLJn6KvoNVJpqVCND,0.0,3.0,0.0,1.0
wx,0.0,42.0,0.0,1.0
坐垫,0.0,3.0,0.0,1.0
稳健,0.0,12.0,0.0,1.0
隐藏,0.0,3.0,0.0,1.0
购买,0.0,6.0,0.0,1.0
资产,0.0,6.0,0.0,1.0
●,0.0,12.0,0.0,1.0
这些,0.0,6.0,0.0,1.0
透气,0.0,3.0,0.0,1.0
强调,0.0,6.0,0.0,1.0
讯号,0.0,3.0,0.0,1.0
送,0.0,3.0,0.0,1.0
实现,0.0,24.0,0.0,1.0
骄人,0.0,6.0,0.0,1.0
赫基,0.0,3.0,0.0,1.0
之困,0.0,3.0,0.0,1.0
挖掘,0.0,3.0,0.0,1.0
艺术品,0.0,9.0,0.0,1.0
理念,0.0,3.0,0.0,1.0
新,0.0,36.0,0.0,1.0
上涨,0.0,6.0,0.0,1.0
2009,0.0,3.0,0.0,1.0
从家,0.0,12.0,0.0,1.0
早年,0.0,3.0,0.0,1.0
路径,3.0,0.0,1.0,0.0
标志,0.0,12.0,0.0,1.0
观察,0.0,6.0,0.0,1.0
据点,0.0,6.0,0.0,1.0
规模,0.0,9.0,0.0,1.0
压力,0.0,3.0,0.0,1.0
>,0.0,84.0,0.0,1.0
家装,0.0,9.0,0.0,1.0
规划,0.0,3.0,0.0,1.0
2015,0.0,12.0,0.0,1.0
美国,0.0,3.0,0.0,1.0
打砂工,0.0,3.0,0.0,1.0
天猫,0.0,3.0,0.0,1.0
技术,0.0,6.0,0.0,1.0
做出,0.0,3.0,0.0,1.0
家居用品,0.0,18.0,0.0,1.0
结合,0.0,9.0,0.0,1.0
涉猎,0.0,6.0,0.0,1.0
通过,0.0,48.0,0.0,1.0
感受,0.0,3.0,0.0,1.0
束缚,0.0,3.0,0.0,1.0
200,0.0,6.0,0.0,1.0
方面,0.0,21.0,0.0,1.0
三个,0.0,6.0,0.0,1.0
例如,0.0,3.0,0.0,1.0
预约,0.0,3.0,0.0,1.0
季节性,0.0,3.0,0.0,1.0
最具,0.0,12.0,0.0,1.0
经营,0.0,18.0,0.0,1.0
良好,0.0,3.0,0.0,1.0
双增长,0.0,3.0,0.0,1.0
力劲,0.0,3.0,0.0,1.0
·,0.0,12.0,0.0,1.0
五楼,0.0,3.0,0.0,1.0
zhnews,0.0,12.0,0.0,1.0
和谐,0.0,3.0,0.0,1.0
品类,0.0,6.0,0.0,1.0
产品品质,0.0,3.0,0.0,1.0
地,0.0,24.0,0.0,1.0
相比,0.0,12.0,0.0,1.0
创造力,0.0,3.0,0.0,1.0
部门,0.0,3.0,0.0,1.0
该,0.0,6.0,0.0,1.0
载,0.0,6.0,0.0,1.0
不便,0.0,3.0,0.0,1.0
个性化,0.0,3.0,0.0,1.0
亲肤性,3.0,0.0,1.0,0.0
qdbfgm,0.0,3.0,0.0,1.0
家纺变,0.0,3.0,0.0,1.0
千百次,0.0,3.0,0.0,1.0
百套,0.0,3.0,0.0,1.0
比,0.0,15.0,0.0,1.0
复函,0.0,6.0,0.0,1.0
中信,6.0,3.0,0.6666666666666666,0.3333333333333333
苹果,0.0,3.0,0.0,1.0
有限公司,0.0,24.0,0.0,1.0
花样,6.0,0.0,1.0,0.0
　,0.0,528.0,0.0,1.0
品牌价值,0.0,3.0,0.0,1.0
抱,0.0,3.0,0.0,1.0
Transform,0.0,3.0,0.0,1.0
分级,0.0,3.0,0.0,1.0
安莉芳,0.0,3.0,0.0,1.0
08,0.0,12.0,0.0,1.0
黏性,0.0,3.0,0.0,1.0
走,0.0,9.0,0.0,1.0
花型,0.0,15.0,0.0,1.0
独具匠心,0.0,6.0,0.0,1.0
高地,0.0,6.0,0.0,1.0
丝,0.0,3.0,0.0,1.0
参与,3.0,0.0,1.0,0.0
领,0.0,3.0,0.0,1.0
发生变化,0.0,3.0,0.0,1.0
海外,0.0,3.0,0.0,1.0
影儿,0.0,3.0,0.0,1.0
使用权,0.0,3.0,0.0,1.0
灵动,0.0,6.0,0.0,1.0
集团,0.0,3.0,0.0,1.0
镇,0.0,6.0,0.0,1.0
明显,0.0,3.0,0.0,1.0
涉及,0.0,3.0,0.0,1.0
打动,3.0,0.0,1.0,0.0
所致,0.0,12.0,0.0,1.0
引进,0.0,3.0,0.0,1.0
奖,0.0,3.0,0.0,1.0
4,0.0,3.0,0.0,1.0
电子,0.0,3.0,0.0,1.0
沉稳,0.0,9.0,0.0,1.0
11,0.0,15.0,0.0,1.0
知名,0.0,3.0,0.0,1.0
第三次,0.0,15.0,0.0,1.0
惠,0.0,6.0,0.0,1.0
态势,0.0,9.0,0.0,1.0
业内人士,0.0,3.0,0.0,1.0
毛,6.0,3.0,0.6666666666666666,0.3333333333333333
长安,0.0,3.0,0.0,1.0
主机,0.0,3.0,0.0,1.0
上午,0.0,3.0,0.0,1.0
广州,0.0,3.0,0.0,1.0
_,0.0,84.0,0.0,1.0
无人,0.0,3.0,0.0,1.0
7000,0.0,3.0,0.0,1.0
以外,0.0,3.0,0.0,1.0
艺术,0.0,84.0,0.0,1.0
十楼,0.0,3.0,0.0,1.0
国内,0.0,12.0,0.0,1.0
借,0.0,3.0,0.0,1.0
移动,0.0,3.0,0.0,1.0
干货,0.0,3.0,0.0,1.0
特征,0.0,3.0,0.0,1.0
名企,0.0,9.0,0.0,1.0
乘着,0.0,6.0,0.0,1.0
强化,0.0,3.0,0.0,1.0
自然,0.0,9.0,0.0,1.0
受家纺,0.0,3.0,0.0,1.0
着眼,0.0,3.0,0.0,1.0
科技,0.0,6.0,0.0,1.0
云集,0.0,54.0,0.0,1.0
引导,0.0,3.0,0.0,1.0
仅为,0.0,3.0,0.0,1.0
晚间,0.0,3.0,0.0,1.0
可谓,0.0,6.0,0.0,1.0
持,0.0,6.0,0.0,1.0
纺界,3.0,0.0,1.0,0.0
朝,0.0,3.0,0.0,1.0
涨幅,0.0,3.0,0.0,1.0
清风,3.0,0.0,1.0,0.0
京东,0.0,6.0,0.0,1.0
公开,0.0,9.0,0.0,1.0
更大时,0.0,3.0,0.0,1.0
甄选,0.0,6.0,0.0,1.0
回款,0.0,3.0,0.0,1.0
%,0.0,33.0,0.0,1.0
钢构,0.0,3.0,0.0,1.0
更加,0.0,3.0,0.0,1.0
审美观,0.0,6.0,0.0,1.0
国际,0.0,3.0,0.0,1.0
南充,0.0,3.0,0.0,1.0
诠释,0.0,3.0,0.0,1.0
风格,0.0,12.0,0.0,1.0
姚治宇,0.0,3.0,0.0,1.0
百变,0.0,6.0,0.0,1.0
看,0.0,3.0,0.0,1.0
宝姿,0.0,3.0,0.0,1.0
198,0.0,3.0,0.0,1.0
在于,0.0,3.0,0.0,1.0
全屋,0.0,21.0,0.0,1.0
（,9.0,36.0,0.2,0.8
A股,0.0,3.0,0.0,1.0
更,0.0,45.0,0.0,1.0
1,0.0,30.0,0.0,1.0
表示,0.0,12.0,0.0,1.0
GDP,0.0,3.0,0.0,1.0
十大,0.0,3.0,0.0,1.0
以及,0.0,36.0,0.0,1.0
10.39,0.0,3.0,0.0,1.0
突破,0.0,6.0,0.0,1.0
有限,0.0,15.0,0.0,1.0
肌肤,0.0,3.0,0.0,1.0
本次,0.0,15.0,0.0,1.0
诚信,0.0,3.0,0.0,1.0
目之所及,0.0,3.0,0.0,1.0
低迷,0.0,3.0,0.0,1.0
小时,0.0,3.0,0.0,1.0
咖啡机,9.0,0.0,1.0,0.0
4.31,0.0,9.0,0.0,1.0
出来,0.0,6.0,0.0,1.0
在讲话中,0.0,3.0,0.0,1.0
同期,0.0,6.0,0.0,1.0
困境,0.0,12.0,0.0,1.0
TCL,0.0,3.0,0.0,1.0
倡导者,0.0,3.0,0.0,1.0
20,0.0,12.0,0.0,1.0
春夏,0.0,3.0,0.0,1.0
智能家居,0.0,3.0,0.0,1.0
天气,0.0,3.0,0.0,1.0
N2653,0.0,3.0,0.0,1.0
-,9.0,60.0,0.13043478260869565,0.8695652173913043
三年,0.0,3.0,0.0,1.0
讲好,0.0,3.0,0.0,1.0
粉丝,0.0,15.0,0.0,1.0
高水平,0.0,3.0,0.0,1.0
信用卡,3.0,12.0,0.2,0.8
合作,0.0,42.0,0.0,1.0
左右,0.0,3.0,0.0,1.0
深圳,0.0,12.0,0.0,1.0
全,0.0,6.0,0.0,1.0
期内,0.0,3.0,0.0,1.0
翘楚,0.0,6.0,0.0,1.0
每日,0.0,3.0,0.0,1.0
探索,0.0,3.0,0.0,1.0
图,0.0,3.0,0.0,1.0
