指出,0.0,3.0,0.0,1.0
路口,0.0,3.0,0.0,1.0
商业,0.0,6.0,0.0,1.0
变,0.0,6.0,0.0,1.0
百货业,0.0,3.0,0.0,1.0
设计师,0.0,6.0,0.0,1.0
而活,0.0,3.0,0.0,1.0
再观,0.0,3.0,0.0,1.0
接受,0.0,3.0,0.0,1.0
EEA0,0.0,3.0,0.0,1.0
得到,0.0,3.0,0.0,1.0
维度,0.0,3.0,0.0,1.0
市长,0.0,12.0,0.0,1.0
空间,0.0,6.0,0.0,1.0
年,0.0,12.0,0.0,1.0
简风,0.0,3.0,0.0,1.0
新花样,0.0,3.0,0.0,1.0
领军,0.0,3.0,0.0,1.0
产品,0.0,12.0,0.0,1.0
/,0.0,108.0,0.0,1.0
于,0.0,3.0,0.0,1.0
顾客,0.0,6.0,0.0,1.0
一波极,0.0,3.0,0.0,1.0
大师,0.0,3.0,0.0,1.0
&,0.0,3.0,0.0,1.0
进一步,0.0,3.0,0.0,1.0
矗立,0.0,3.0,0.0,1.0
开拓,0.0,3.0,0.0,1.0
基调,0.0,3.0,0.0,1.0
到,0.0,12.0,0.0,1.0
47CB,0.0,3.0,0.0,1.0
不少,0.0,3.0,0.0,1.0
副,0.0,9.0,0.0,1.0
:,0.0,18.0,0.0,1.0
确保,0.0,3.0,0.0,1.0
文化交流,0.0,6.0,0.0,1.0
表现,0.0,3.0,0.0,1.0
证书,0.0,3.0,0.0,1.0
品牌,0.0,21.0,0.0,1.0
消费者,0.0,9.0,0.0,1.0
12,0.0,3.0,0.0,1.0
至,0.0,6.0,0.0,1.0
迎,0.0,3.0,0.0,1.0
情景,0.0,21.0,0.0,1.0
《,0.0,3.0,0.0,1.0
首次,0.0,3.0,0.0,1.0
shanghai,0.0,9.0,0.0,1.0
EB6C,0.0,3.0,0.0,1.0
推出,0.0,9.0,0.0,1.0
小狗,0.0,6.0,0.0,1.0
远道而来,0.0,3.0,0.0,1.0
AWDC,0.0,3.0,0.0,1.0
诉求,0.0,3.0,0.0,1.0
揭幕,0.0,3.0,0.0,1.0
F1B3,0.0,3.0,0.0,1.0
联名,0.0,3.0,0.0,1.0
热门话题,0.0,3.0,0.0,1.0
热爱,0.0,3.0,0.0,1.0
国外,0.0,3.0,0.0,1.0
前后,0.0,3.0,0.0,1.0
战略,0.0,3.0,0.0,1.0
着,0.0,3.0,0.0,1.0
坚持,0.0,9.0,0.0,1.0
一同,0.0,3.0,0.0,1.0
群体,0.0,3.0,0.0,1.0
多个,0.0,3.0,0.0,1.0
中,0.0,3.0,0.0,1.0
分解,0.0,3.0,0.0,1.0
Nello,0.0,3.0,0.0,1.0
71F3,0.0,3.0,0.0,1.0
飞赴,0.0,3.0,0.0,1.0
用途,0.0,3.0,0.0,1.0
10,0.0,3.0,0.0,1.0
地带,0.0,3.0,0.0,1.0
言情,0.0,3.0,0.0,1.0
提出,0.0,3.0,0.0,1.0
携手,0.0,9.0,0.0,1.0
出,0.0,9.0,0.0,1.0
活动,0.0,3.0,0.0,1.0
艺术类,0.0,3.0,0.0,1.0
可见,0.0,3.0,0.0,1.0
经济,0.0,3.0,0.0,1.0
高质量,0.0,3.0,0.0,1.0
28DD34088853,0.0,3.0,0.0,1.0
展示,0.0,3.0,0.0,1.0
搭配,0.0,3.0,0.0,1.0
选择,0.0,6.0,0.0,1.0
紧握,0.0,3.0,0.0,1.0
E4A6F10B39F3,0.0,3.0,0.0,1.0
特色,0.0,3.0,0.0,1.0
1879,0.0,3.0,0.0,1.0
旅行团,0.0,3.0,0.0,1.0
适合,0.0,3.0,0.0,1.0
玩出,0.0,3.0,0.0,1.0
地标,0.0,3.0,0.0,1.0
<,0.0,15.0,0.0,1.0
钻石,0.0,60.0,0.0,1.0
创意,0.0,3.0,0.0,1.0
进而,0.0,3.0,0.0,1.0
女性,0.0,3.0,0.0,1.0
赛事,0.0,3.0,0.0,1.0
周宗文,0.0,6.0,0.0,1.0
cn,0.0,9.0,0.0,1.0
De,0.0,3.0,0.0,1.0
7,0.0,15.0,0.0,1.0
传承,0.0,12.0,0.0,1.0
大生,0.0,99.0,0.0,1.0
月,0.0,9.0,0.0,1.0
国内,0.0,6.0,0.0,1.0
时光,0.0,3.0,0.0,1.0
便,0.0,3.0,0.0,1.0
一座,0.0,3.0,0.0,1.0
各地,0.0,3.0,0.0,1.0
27,0.0,9.0,0.0,1.0
烙上,0.0,3.0,0.0,1.0
多年,0.0,3.0,0.0,1.0
多位,0.0,3.0,0.0,1.0
0EA3F25A7CE3,0.0,3.0,0.0,1.0
负面,0.0,3.0,0.0,1.0
模式,0.0,3.0,0.0,1.0
实现,0.0,3.0,0.0,1.0
发展,0.0,12.0,0.0,1.0
业者,0.0,3.0,0.0,1.0
从,0.0,12.0,0.0,1.0
Patrasche,0.0,3.0,0.0,1.0
=,0.0,18.0,0.0,1.0
为,0.0,6.0,0.0,1.0
大胆,0.0,6.0,0.0,1.0
com,0.0,18.0,0.0,1.0
Ludo,0.0,6.0,0.0,1.0
停止,0.0,3.0,0.0,1.0
创新,0.0,18.0,0.0,1.0
对于,0.0,6.0,0.0,1.0
专业,0.0,3.0,0.0,1.0
大赛,0.0,6.0,0.0,1.0
新机遇,0.0,3.0,0.0,1.0
体系,0.0,3.0,0.0,1.0
延展,0.0,3.0,0.0,1.0
Mr,0.0,6.0,0.0,1.0
现场,0.0,3.0,0.0,1.0
走进,0.0,3.0,0.0,1.0
都,0.0,3.0,0.0,1.0
将,0.0,27.0,0.0,1.0
如何,0.0,3.0,0.0,1.0
A股,0.0,3.0,0.0,1.0
不同,0.0,6.0,0.0,1.0
队,0.0,3.0,0.0,1.0
线,0.0,3.0,0.0,1.0
向,0.0,3.0,0.0,1.0
营销,0.0,18.0,0.0,1.0
玩,0.0,3.0,0.0,1.0
赴,0.0,3.0,0.0,1.0
研究,0.0,3.0,0.0,1.0
机遇,0.0,3.0,0.0,1.0
推荐,0.0,3.0,0.0,1.0
人士,0.0,3.0,0.0,1.0
印象派,0.0,3.0,0.0,1.0
事宜,0.0,3.0,0.0,1.0
寻求,0.0,3.0,0.0,1.0
致力,0.0,6.0,0.0,1.0
举办,0.0,6.0,0.0,1.0
开辟,0.0,3.0,0.0,1.0
需求,0.0,3.0,0.0,1.0
完周,0.0,3.0,0.0,1.0
世界,0.0,3.0,0.0,1.0
上海,0.0,3.0,0.0,1.0
浪漫,0.0,3.0,0.0,1.0
体现,0.0,3.0,0.0,1.0
无一,0.0,3.0,0.0,1.0
生来,0.0,3.0,0.0,1.0
近年来,0.0,3.0,0.0,1.0
参加,0.0,3.0,0.0,1.0
上,0.0,6.0,0.0,1.0
互联网,0.0,3.0,0.0,1.0
相匹配,0.0,3.0,0.0,1.0
带来,0.0,9.0,0.0,1.0
零售,0.0,3.0,0.0,1.0
行动,0.0,3.0,0.0,1.0
38917,0.0,3.0,0.0,1.0
Wever,0.0,3.0,0.0,1.0
.,0.0,72.0,0.0,1.0
期间,0.0,6.0,0.0,1.0
权威机构,0.0,3.0,0.0,1.0
优质,0.0,3.0,0.0,1.0
致敬,0.0,3.0,0.0,1.0
内涵,0.0,3.0,0.0,1.0
中国,0.0,18.0,0.0,1.0
上线,0.0,3.0,0.0,1.0
亿,0.0,3.0,0.0,1.0
设计,0.0,9.0,0.0,1.0
聚,0.0,3.0,0.0,1.0
副总裁,0.0,9.0,0.0,1.0
演画,0.0,3.0,0.0,1.0
),0.0,9.0,0.0,1.0
颇受,0.0,3.0,0.0,1.0
议会,0.0,3.0,0.0,1.0
高层,0.0,3.0,0.0,1.0
方式,0.0,3.0,0.0,1.0
美好,0.0,3.0,0.0,1.0
主流,0.0,3.0,0.0,1.0
直击,0.0,3.0,0.0,1.0
Campenhout,0.0,6.0,0.0,1.0
者,0.0,3.0,0.0,1.0
必将,0.0,3.0,0.0,1.0
跨界,0.0,15.0,0.0,1.0
独特,0.0,6.0,0.0,1.0
jpg,0.0,18.0,0.0,1.0
推进,0.0,3.0,0.0,1.0
永不,0.0,3.0,0.0,1.0
整合营销,0.0,3.0,0.0,1.0
五大,0.0,6.0,0.0,1.0
下,0.0,12.0,0.0,1.0
人员,0.0,3.0,0.0,1.0
SRC,0.0,18.0,0.0,1.0
F43F6DBC08BE,0.0,3.0,0.0,1.0
因素,0.0,3.0,0.0,1.0
海量,0.0,3.0,0.0,1.0
2017,0.0,15.0,0.0,1.0
优化,0.0,3.0,0.0,1.0
董事,0.0,9.0,0.0,1.0
企业,0.0,3.0,0.0,1.0
推动,0.0,3.0,0.0,1.0
年轻,0.0,6.0,0.0,1.0
钢,0.0,3.0,0.0,1.0
进步,0.0,3.0,0.0,1.0
内地,0.0,3.0,0.0,1.0
认证,0.0,3.0,0.0,1.0
流行风,0.0,3.0,0.0,1.0
23,0.0,3.0,0.0,1.0
狂热,0.0,3.0,0.0,1.0
之旅,0.0,18.0,0.0,1.0
消费,0.0,3.0,0.0,1.0
数百万,0.0,3.0,0.0,1.0
受到,0.0,3.0,0.0,1.0
5,0.0,3.0,0.0,1.0
」,0.0,18.0,0.0,1.0
高度,0.0,3.0,0.0,1.0
中心,0.0,3.0,0.0,1.0
立足于,0.0,3.0,0.0,1.0
顾客群,0.0,3.0,0.0,1.0
重磅,0.0,3.0,0.0,1.0
3120,0.0,3.0,0.0,1.0
纽约时代广场,0.0,3.0,0.0,1.0
定义,0.0,3.0,0.0,1.0
对,0.0,6.0,0.0,1.0
比,0.0,3.0,0.0,1.0
高阶层,0.0,3.0,0.0,1.0
多重,0.0,3.0,0.0,1.0
视野,0.0,9.0,0.0,1.0
魅力,0.0,3.0,0.0,1.0
以,0.0,3.0,0.0,1.0
举行,0.0,3.0,0.0,1.0
接见,0.0,3.0,0.0,1.0
合影,0.0,3.0,0.0,1.0
微博,0.0,3.0,0.0,1.0
关于,0.0,6.0,0.0,1.0
两次,0.0,3.0,0.0,1.0
从而,0.0,3.0,0.0,1.0
最,0.0,6.0,0.0,1.0
人群,0.0,6.0,0.0,1.0
保证,0.0,3.0,0.0,1.0
报道,0.0,3.0,0.0,1.0
波动,0.0,3.0,0.0,1.0
2,0.0,3.0,0.0,1.0
http,0.0,18.0,0.0,1.0
暨,0.0,3.0,0.0,1.0
这些,0.0,3.0,0.0,1.0
日,0.0,9.0,0.0,1.0
访问团,0.0,3.0,0.0,1.0
名字,0.0,3.0,0.0,1.0
稳定,0.0,3.0,0.0,1.0
亲切,0.0,3.0,0.0,1.0
—,0.0,6.0,0.0,1.0
市场,0.0,9.0,0.0,1.0
极具,0.0,6.0,0.0,1.0
img,0.0,9.0,0.0,1.0
测评,0.0,3.0,0.0,1.0
Van,0.0,6.0,0.0,1.0
生活态度,0.0,3.0,0.0,1.0
理念,0.0,3.0,0.0,1.0
新,0.0,12.0,0.0,1.0
客户,0.0,3.0,0.0,1.0
是,0.0,6.0,0.0,1.0
不明朗,0.0,3.0,0.0,1.0
众多,0.0,3.0,0.0,1.0
15,0.0,9.0,0.0,1.0
通过,0.0,3.0,0.0,1.0
独创,0.0,3.0,0.0,1.0
4698,0.0,3.0,0.0,1.0
>,0.0,21.0,0.0,1.0
aliyuncs,0.0,9.0,0.0,1.0
天猫,0.0,6.0,0.0,1.0
62996,0.0,3.0,0.0,1.0
崭新,0.0,3.0,0.0,1.0
结合,0.0,3.0,0.0,1.0
2016,0.0,6.0,0.0,1.0
致词,0.0,3.0,0.0,1.0
 ,0.0,84.0,0.0,1.0
迷人,0.0,3.0,0.0,1.0
签署,0.0,3.0,0.0,1.0
品质,0.0,6.0,0.0,1.0
风格,0.0,39.0,0.0,1.0
名为,0.0,3.0,0.0,1.0
shanghainb,0.0,9.0,0.0,1.0
之美,0.0,3.0,0.0,1.0
萧条,0.0,3.0,0.0,1.0
脉搏,0.0,3.0,0.0,1.0
落成典礼,0.0,3.0,0.0,1.0
提升,0.0,3.0,0.0,1.0
新品,0.0,12.0,0.0,1.0
新一波,0.0,3.0,0.0,1.0
872205E5,0.0,3.0,0.0,1.0
黄金价格,0.0,3.0,0.0,1.0
继续,0.0,3.0,0.0,1.0
珠宝,0.0,69.0,0.0,1.0
行业,0.0,3.0,0.0,1.0
时,0.0,3.0,0.0,1.0
》,0.0,3.0,0.0,1.0
时尚,0.0,3.0,0.0,1.0
22,0.0,6.0,0.0,1.0
表达,0.0,3.0,0.0,1.0
注重,0.0,3.0,0.0,1.0
作为,0.0,3.0,0.0,1.0
领先,0.0,3.0,0.0,1.0
有趣,0.0,3.0,0.0,1.0
花样,0.0,3.0,0.0,1.0
热烈欢迎,0.0,3.0,0.0,1.0
　,0.0,42.0,0.0,1.0
收获,0.0,3.0,0.0,1.0
期待,0.0,3.0,0.0,1.0
「,0.0,18.0,0.0,1.0
分级,0.0,3.0,0.0,1.0
构建,0.0,3.0,0.0,1.0
前景,0.0,3.0,0.0,1.0
Antwerp,0.0,3.0,0.0,1.0
走,0.0,3.0,0.0,1.0
马不停蹄,0.0,3.0,0.0,1.0
积极,0.0,3.0,0.0,1.0
成为,0.0,3.0,0.0,1.0
旗舰店,0.0,3.0,0.0,1.0
专访,0.0,3.0,0.0,1.0
出席,0.0,3.0,0.0,1.0
坚实,0.0,3.0,0.0,1.0
桥梁,0.0,3.0,0.0,1.0
董事长,0.0,3.0,0.0,1.0
欢聚,0.0,3.0,0.0,1.0
多,0.0,3.0,0.0,1.0
应时而变,0.0,3.0,0.0,1.0
drbd01,0.0,9.0,0.0,1.0
在,0.0,18.0,0.0,1.0
带队,0.0,3.0,0.0,1.0
发布会,0.0,3.0,0.0,1.0
周,0.0,90.0,0.0,1.0
鼓励,0.0,3.0,0.0,1.0
301E,0.0,3.0,0.0,1.0
实力,0.0,3.0,0.0,1.0
认真,0.0,3.0,0.0,1.0
根据,0.0,3.0,0.0,1.0
化,0.0,3.0,0.0,1.0
满足,0.0,3.0,0.0,1.0
EDC2,0.0,3.0,0.0,1.0
播放,0.0,3.0,0.0,1.0
升级,0.0,3.0,0.0,1.0
摩登,0.0,3.0,0.0,1.0
艺术,0.0,12.0,0.0,1.0
高级,0.0,3.0,0.0,1.0
带队参加,0.0,3.0,0.0,1.0
便捷,0.0,3.0,0.0,1.0
6A930B44,0.0,3.0,0.0,1.0
推广,0.0,3.0,0.0,1.0
延续,0.0,3.0,0.0,1.0
410,0.0,3.0,0.0,1.0
赞助,0.0,3.0,0.0,1.0
经典,0.0,3.0,0.0,1.0
精尖,0.0,3.0,0.0,1.0
服务,0.0,6.0,0.0,1.0
自然,0.0,3.0,0.0,1.0
发布,0.0,3.0,0.0,1.0
64A9,0.0,3.0,0.0,1.0
众所周知,0.0,3.0,0.0,1.0
倡导,0.0,6.0,0.0,1.0
、,0.0,42.0,0.0,1.0
勇于创新,0.0,3.0,0.0,1.0
比利时,0.0,27.0,0.0,1.0
绽放,0.0,3.0,0.0,1.0
标语,0.0,3.0,0.0,1.0
：,0.0,24.0,0.0,1.0
机构,0.0,3.0,0.0,1.0
打造,0.0,3.0,0.0,1.0
E6667C97,0.0,3.0,0.0,1.0
IP,0.0,6.0,0.0,1.0
升华,0.0,3.0,0.0,1.0
传播,0.0,3.0,0.0,1.0
oss,0.0,9.0,0.0,1.0
引爆,0.0,3.0,0.0,1.0
平台,0.0,6.0,0.0,1.0
希望,0.0,6.0,0.0,1.0
由周,0.0,3.0,0.0,1.0
展开,0.0,3.0,0.0,1.0
国际,0.0,12.0,0.0,1.0
直播,0.0,3.0,0.0,1.0
珠宝首饰,0.0,3.0,0.0,1.0
客人,0.0,3.0,0.0,1.0
装扮,0.0,6.0,0.0,1.0
刚忙,0.0,3.0,0.0,1.0
(,0.0,9.0,0.0,1.0
影响力,0.0,3.0,0.0,1.0
首创,0.0,3.0,0.0,1.0
体验,0.0,6.0,0.0,1.0
雕塑,0.0,12.0,0.0,1.0
价值,0.0,3.0,0.0,1.0
更,0.0,21.0,0.0,1.0
尼洛,0.0,6.0,0.0,1.0
上市,0.0,6.0,0.0,1.0
尽兴,0.0,3.0,0.0,1.0
文化,0.0,33.0,0.0,1.0
委员会,0.0,3.0,0.0,1.0
组织,0.0,3.0,0.0,1.0
简单,0.0,9.0,0.0,1.0
正,0.0,3.0,0.0,1.0
66582,0.0,3.0,0.0,1.0
视角,0.0,3.0,0.0,1.0
作用,0.0,3.0,0.0,1.0
Upload,0.0,9.0,0.0,1.0
一直,0.0,3.0,0.0,1.0
长远,0.0,3.0,0.0,1.0
第二次,0.0,3.0,0.0,1.0
本次,0.0,3.0,0.0,1.0
16,0.0,3.0,0.0,1.0
梵高,0.0,27.0,0.0,1.0
让,0.0,6.0,0.0,1.0
IMAGE,0.0,15.0,0.0,1.0
来周,0.0,3.0,0.0,1.0
还,0.0,3.0,0.0,1.0
月初,0.0,3.0,0.0,1.0
量,0.0,6.0,0.0,1.0
挑战,0.0,3.0,0.0,1.0
推陈出新,0.0,3.0,0.0,1.0
公司,0.0,6.0,0.0,1.0
IIDGR,0.0,3.0,0.0,1.0
目标,0.0,3.0,0.0,1.0
数据分析,0.0,3.0,0.0,1.0
并,0.0,6.0,0.0,1.0
用,0.0,9.0,0.0,1.0
jpeg,0.0,12.0,0.0,1.0
卞凌,0.0,6.0,0.0,1.0
来宾,0.0,3.0,0.0,1.0
悦心,0.0,3.0,0.0,1.0
登陆,0.0,3.0,0.0,1.0
备忘录,0.0,3.0,0.0,1.0
这一,0.0,3.0,0.0,1.0
一个,0.0,3.0,0.0,1.0
安特卫普,0.0,21.0,0.0,1.0
-,0.0,72.0,0.0,1.0
亚洲,0.0,3.0,0.0,1.0
系列,0.0,3.0,0.0,1.0
此前,0.0,3.0,0.0,1.0
优雅,0.0,3.0,0.0,1.0
合作,0.0,6.0,0.0,1.0
出去,0.0,3.0,0.0,1.0
痛点,0.0,3.0,0.0,1.0
HRD,0.0,6.0,0.0,1.0
图,0.0,21.0,0.0,1.0
研发,0.0,3.0,0.0,1.0
