日,0.0,108.0,0.0,1.0
名录,0.0,6.0,0.0,1.0
进店,0.0,9.0,0.0,1.0
热土,0.0,3.0,0.0,1.0
灵动,0.0,3.0,0.0,1.0
hWQKibaDflnwINe5Pb9Ru5vFbqjXIC8sKc1A5rxnCCic01P8t5w,0.0,3.0,0.0,1.0
62.2,0.0,3.0,0.0,1.0
走向,0.0,3.0,0.0,1.0
高中,0.0,3.0,0.0,1.0
一片,0.0,3.0,0.0,1.0
中华人民共和国,0.0,3.0,0.0,1.0
新品,0.0,54.0,0.0,1.0
复苏,0.0,6.0,0.0,1.0
利邦,0.0,3.0,0.0,1.0
一切,0.0,6.0,0.0,1.0
重庆百货,0.0,39.0,0.0,1.0
经销商,0.0,15.0,0.0,1.0
维多利,0.0,6.0,0.0,1.0
工艺美术,0.0,9.0,0.0,1.0
黄金,0.0,146.0,0.0,1.0
广为流传,0.0,3.0,0.0,1.0
莅临,0.0,3.0,0.0,1.0
放缓,0.0,3.0,0.0,1.0
完成,0.0,12.0,0.0,1.0
非金,0.0,3.0,0.0,1.0
先得,0.0,12.0,0.0,1.0
绩效,0.0,3.0,0.0,1.0
占,0.0,39.0,0.0,1.0
黄水,0.0,3.0,0.0,1.0
SBR7ANeH7ofXbblopuv4K5JXSHyyf535eBOwKvBN,0.0,3.0,0.0,1.0
ROE,0.0,3.0,0.0,1.0
同比,0.0,6.0,0.0,1.0
涨幅,0.0,3.0,0.0,1.0
tvBatUU2wfoENRaibAGlRXMXJuIoRzvYwxQDwa9mKGr1Wg,0.0,3.0,0.0,1.0
为何,0.0,3.0,0.0,1.0
美丽,0.0,18.0,0.0,1.0
2,0.0,63.0,0.0,1.0
优先,0.0,3.0,0.0,1.0
限时,0.0,3.0,0.0,1.0
LoveForever,0.0,6.0,0.0,1.0
表演,0.0,3.0,0.0,1.0
此次,0.0,6.0,0.0,1.0
一向,0.0,3.0,0.0,1.0
妖娆,0.0,3.0,0.0,1.0
中国,3.0,184.0,0.016042780748663103,0.983957219251337
东侧,0.0,3.0,0.0,1.0
眼前一亮,0.0,3.0,0.0,1.0
优良,0.0,3.0,0.0,1.0
五月,0.0,3.0,0.0,1.0
:,0.0,225.0,0.0,1.0
历程,3.0,18.0,0.14285714285714285,0.8571428571428571
提示,0.0,15.0,0.0,1.0
太行,0.0,9.0,0.0,1.0
至诚,0.0,3.0,0.0,1.0
0,0.0,138.0,0.0,1.0
输入,0.0,3.0,0.0,1.0
认可,0.0,6.0,0.0,1.0
民盛,0.0,6.0,0.0,1.0
66.2,0.0,3.0,0.0,1.0
文人墨客,0.0,3.0,0.0,1.0
…,0.0,6.0,0.0,1.0
7.50,0.0,3.0,0.0,1.0
至,0.0,24.0,0.0,1.0
*,0.0,3.0,0.0,1.0
司空见惯,0.0,3.0,0.0,1.0
平稳,0.0,9.0,0.0,1.0
qpic,0.0,183.0,0.0,1.0
看,0.0,3.0,0.0,1.0
感恩,0.0,15.0,0.0,1.0
比和妹,0.0,3.0,0.0,1.0
许昌,0.0,3.0,0.0,1.0
标准,0.0,3.0,0.0,1.0
HEccPGlhrH02zh4ePKoooC1heIQNutfzquTsEg9PhPPYXIWLYVCsOWQSS5K0zGMxJ2tibqpOrmnrF0A,0.0,3.0,0.0,1.0
aK2Kdgiclrk87xt07mLzXEckKicYIro7tnyj9c2VO4d8WNiaMww,0.0,3.0,0.0,1.0
激情,0.0,3.0,0.0,1.0
改变,0.0,3.0,0.0,1.0
员工,0.0,3.0,0.0,1.0
利益,0.0,3.0,0.0,1.0
J8LTV9XWbfibDWJTeVSju5j5ygY500d22LMIg7LSsiciaQ4LBZEKK8VIr0Vhd2HIib7QNsfpQ9mZWzoJf0icruH134A,0.0,3.0,0.0,1.0
DUjkEE2DJ1hb8XAPDAJow,0.0,3.0,0.0,1.0
增持,0.0,66.0,0.0,1.0
人来,0.0,9.0,0.0,1.0
登峰造极,0.0,3.0,0.0,1.0
只要,0.0,15.0,0.0,1.0
坚持,3.0,24.0,0.1111111111111111,0.8888888888888888
(,0.0,6.0,0.0,1.0
店长,0.0,15.0,0.0,1.0
世界,0.0,18.0,0.0,1.0
05,0.0,3.0,0.0,1.0
农行,0.0,6.0,0.0,1.0
王府井,0.0,18.0,0.0,1.0
大陆,0.0,3.0,0.0,1.0
具备,0.0,6.0,0.0,1.0
热线,0.0,18.0,0.0,1.0
堪称,0.0,3.0,0.0,1.0
10,0.0,6.0,0.0,1.0
80,0.0,6.0,0.0,1.0
赫章县,0.0,6.0,0.0,1.0
股份,0.0,78.0,0.0,1.0
大牌,0.0,9.0,0.0,1.0
亿元,0.0,18.0,0.0,1.0
7881088,0.0,3.0,0.0,1.0
自营,0.0,3.0,0.0,1.0
聪明,0.0,3.0,0.0,1.0
年华,0.0,9.0,0.0,1.0
三店,0.0,3.0,0.0,1.0
获,0.0,3.0,0.0,1.0
104,0.0,6.0,0.0,1.0
用户,0.0,6.0,0.0,1.0
喜欢,0.0,6.0,0.0,1.0
新世纪,0.0,9.0,0.0,1.0
合肥,0.0,9.0,0.0,1.0
搜索,3.0,3.0,0.5,0.5
出色,0.0,3.0,0.0,1.0
刷,0.0,21.0,0.0,1.0
李府,0.0,9.0,0.0,1.0
紧握,0.0,3.0,0.0,1.0
精品,0.0,3.0,0.0,1.0
西,3.0,0.0,1.0,0.0
mmbiz,0.0,375.0,0.0,1.0
防守反击,0.0,6.0,0.0,1.0
幸运,0.0,6.0,0.0,1.0
几年,0.0,6.0,0.0,1.0
中华,0.0,12.0,0.0,1.0
年龄,0.0,6.0,0.0,1.0
美美,0.0,3.0,0.0,1.0
↓,0.0,3.0,0.0,1.0
春秋,0.0,3.0,0.0,1.0
诚实,0.0,3.0,0.0,1.0
开幕,0.0,16.0,0.0,1.0
创意,0.0,9.0,0.0,1.0
河南省,0.0,3.0,0.0,1.0
提升,0.0,30.0,0.0,1.0
管理,0.0,6.0,0.0,1.0
期间,0.0,18.0,0.0,1.0
镶嵌,0.0,12.0,0.0,1.0
邹德标,0.0,12.0,0.0,1.0
爱人,0.0,3.0,0.0,1.0
7,0.0,18.0,0.0,1.0
商业街,0.0,3.0,0.0,1.0
蓄势待发,0.0,6.0,0.0,1.0
招贤纳士,0.0,9.0,0.0,1.0
张掖,0.0,12.0,0.0,1.0
神州,0.0,3.0,0.0,1.0
结果显示,0.0,3.0,0.0,1.0
掐指一算,0.0,3.0,0.0,1.0
铺设,0.0,3.0,0.0,1.0
走向世界,3.0,24.0,0.1111111111111111,0.8888888888888888
加速,0.0,12.0,0.0,1.0
单位,0.0,6.0,0.0,1.0
不必,0.0,9.0,0.0,1.0
15285038483,0.0,3.0,0.0,1.0
伴侣,0.0,12.0,0.0,1.0
不到,0.0,3.0,0.0,1.0
发展,6.0,108.0,0.05263157894736842,0.9473684210526315
从,0.0,39.0,0.0,1.0
50,0.0,21.0,0.0,1.0
结果,0.0,3.0,0.0,1.0
=,0.0,363.0,0.0,1.0
首届,0.0,3.0,0.0,1.0
免工费换,0.0,6.0,0.0,1.0
做人,0.0,15.0,0.0,1.0
+,0.0,21.0,0.0,1.0
足金,0.0,12.0,0.0,1.0
考究,0.0,3.0,0.0,1.0
商圈,0.0,3.0,0.0,1.0
刷卡,0.0,3.0,0.0,1.0
带来,0.0,3.0,0.0,1.0
幅度,0.0,6.0,0.0,1.0
型材,0.0,3.0,0.0,1.0
新婚夫妇,0.0,3.0,0.0,1.0
专业,0.0,3.0,0.0,1.0
Because,0.0,3.0,0.0,1.0
来说,0.0,3.0,0.0,1.0
三包,0.0,3.0,0.0,1.0
下降时,0.0,3.0,0.0,1.0
走进,0.0,9.0,0.0,1.0
折旧,0.0,3.0,0.0,1.0
金钰,0.0,6.0,0.0,1.0
都,0.0,45.0,0.0,1.0
通,0.0,9.0,0.0,1.0
元,0.0,66.0,0.0,1.0
购,0.0,3.0,0.0,1.0
近,0.0,9.0,0.0,1.0
老先生,0.0,3.0,0.0,1.0
不止,0.0,3.0,0.0,1.0
邂逅,0.0,12.0,0.0,1.0
画卷,0.0,3.0,0.0,1.0
就要,0.0,15.0,0.0,1.0
入围,0.0,3.0,0.0,1.0
燃情,0.0,3.0,0.0,1.0
共识,0.0,9.0,0.0,1.0
价格,0.0,18.0,0.0,1.0
烈日,0.0,3.0,0.0,1.0
顾客,0.0,15.0,0.0,1.0
嘉善,0.0,12.0,0.0,1.0
饰品,0.0,12.0,0.0,1.0
建县,0.0,3.0,0.0,1.0
超过,0.0,9.0,0.0,1.0
是否,0.0,9.0,0.0,1.0
集,3.0,27.0,0.1,0.9
大师,0.0,6.0,0.0,1.0
做强,0.0,3.0,0.0,1.0
超,0.0,9.0,0.0,1.0
按,3.0,6.0,0.3333333333333333,0.6666666666666666
技能,0.0,3.0,0.0,1.0
反应,0.0,3.0,0.0,1.0
合,0.0,3.0,0.0,1.0
当前,0.0,6.0,0.0,1.0
天富,0.0,12.0,0.0,1.0
福地,0.0,3.0,0.0,1.0
前身,0.0,3.0,0.0,1.0
数名,0.0,3.0,0.0,1.0
45,0.0,3.0,0.0,1.0
7604398,0.0,3.0,0.0,1.0
比仅,0.0,3.0,0.0,1.0
2.5,0.0,3.0,0.0,1.0
国家,0.0,15.0,0.0,1.0
当期,0.0,3.0,0.0,1.0
善事,0.0,3.0,0.0,1.0
强,0.0,30.0,0.0,1.0
WohcNpO48dlZf5urMhu0awPicjgBGjEicga9AEcHr2z1YTvibiaoZWNy,0.0,18.0,0.0,1.0
43.49,0.0,3.0,0.0,1.0
清道光,0.0,3.0,0.0,1.0
新昌,0.0,9.0,0.0,1.0
增长,0.0,15.0,0.0,1.0
路南,0.0,3.0,0.0,1.0
明星,0.0,6.0,0.0,1.0
不断创新,0.0,6.0,0.0,1.0
国门,0.0,3.0,0.0,1.0
同步,0.0,3.0,0.0,1.0
签约,0.0,3.0,0.0,1.0
蓝,0.0,3.0,0.0,1.0
 ,282.0,1245.0,0.18467583497053044,0.8153241650294696
商场,0.0,24.0,0.0,1.0
4KCFooerFctWRLRG64OgXOcSAV9uUTv85MbxaPsxgKOnIhFo4NdPYAn6cJYNVkan9Wasx3Cm9MGf8UCMicoFEzg,0.0,3.0,0.0,1.0
状态,0.0,3.0,0.0,1.0
必学,0.0,3.0,0.0,1.0
0635,0.0,3.0,0.0,1.0
财富,0.0,6.0,0.0,1.0
保护,0.0,12.0,0.0,1.0
显得,0.0,3.0,0.0,1.0
WohcNpO48dnibNtiaZbEu3mIkol4L7vzdXXmufo7ymib,0.0,3.0,0.0,1.0
臻,0.0,3.0,0.0,1.0
旧,0.0,3.0,0.0,1.0
真,0.0,6.0,0.0,1.0
扫描,3.0,0.0,1.0,0.0
大力支持,0.0,3.0,0.0,1.0
系列,0.0,84.0,0.0,1.0
一店,0.0,6.0,0.0,1.0
SRC,0.0,201.0,0.0,1.0
小朋友,0.0,6.0,0.0,1.0
2.77,0.0,3.0,0.0,1.0
》,0.0,72.0,0.0,1.0
黄金珠宝,0.0,30.0,0.0,1.0
涉嫌,0.0,6.0,0.0,1.0
135,0.0,3.0,0.0,1.0
通讯录,3.0,3.0,0.5,0.5
咨询,0.0,9.0,0.0,1.0
涵盖,0.0,9.0,0.0,1.0
民族,6.0,81.0,0.06896551724137931,0.9310344827586207
dnibNtiaZbEu3mIkol4L7vzdXXmufo7ymib4bs4ibpWicxSanD1kJRT4pkyolibMfdOrbcR77L5DlMjU5tQ,0.0,6.0,0.0,1.0
潮,0.0,21.0,0.0,1.0
需求,0.0,9.0,0.0,1.0
加工费,0.0,3.0,0.0,1.0
dwz,0.0,21.0,0.0,1.0
2.82,0.0,3.0,0.0,1.0
会,0.0,39.0,0.0,1.0
一种,0.0,3.0,0.0,1.0
推动,0.0,3.0,0.0,1.0
先后,0.0,6.0,0.0,1.0
专卖店,3.0,36.0,0.07692307692307693,0.9230769230769231
即止,0.0,9.0,0.0,1.0
fTMLGN49XDJLW40RRgwcyZU6MCY9cZGUNXjTmzdJvw,0.0,3.0,0.0,1.0
惊喜,3.0,27.0,0.1,0.9
内地,0.0,3.0,0.0,1.0
顾问,0.0,9.0,0.0,1.0
敬请期待,0.0,9.0,0.0,1.0
迁安,0.0,12.0,0.0,1.0
门市,0.0,3.0,0.0,1.0
qpi,0.0,3.0,0.0,1.0
66754326,0.0,3.0,0.0,1.0
明珠,0.0,3.0,0.0,1.0
8109628,0.0,3.0,0.0,1.0
5,0.0,84.0,0.0,1.0
基本面,0.0,3.0,0.0,1.0
中心,0.0,9.0,0.0,1.0
一员,0.0,3.0,0.0,1.0
舞台,0.0,3.0,0.0,1.0
150,0.0,3.0,0.0,1.0
造型,0.0,3.0,0.0,1.0
获得,0.0,9.0,0.0,1.0
凤祥裕记,0.0,3.0,0.0,1.0
对,0.0,33.0,0.0,1.0
002336,0.0,3.0,0.0,1.0
本轮,0.0,3.0,0.0,1.0
主办,0.0,6.0,0.0,1.0
联保,0.0,3.0,0.0,1.0
苏宁,0.0,36.0,0.0,1.0
年销售额,0.0,6.0,0.0,1.0
宜水,0.0,3.0,0.0,1.0
首饰,0.0,75.0,0.0,1.0
金鹰,0.0,3.0,0.0,1.0
朋友,0.0,24.0,0.0,1.0
动,0.0,12.0,0.0,1.0
特价,0.0,3.0,0.0,1.0
人,0.0,39.0,0.0,1.0
高端化,0.0,9.0,0.0,1.0
此,0.0,3.0,0.0,1.0
龙头企业,0.0,18.0,0.0,1.0
均,0.0,15.0,0.0,1.0
长春,0.0,3.0,0.0,1.0
级别,0.0,6.0,0.0,1.0
报道,0.0,3.0,0.0,1.0
远胜,0.0,3.0,0.0,1.0
光临,0.0,3.0,0.0,1.0
曾,0.0,9.0,0.0,1.0
VaYjEIWXXb0yASSZbA,0.0,3.0,0.0,1.0
12,0.0,9.0,0.0,1.0
懂,0.0,3.0,0.0,1.0
二线,0.0,3.0,0.0,1.0
持续增长,0.0,3.0,0.0,1.0
二维码,9.0,9.0,0.5,0.5
更深,0.0,3.0,0.0,1.0
亮相,0.0,3.0,0.0,1.0
受益,0.0,9.0,0.0,1.0
百,3.0,21.0,0.125,0.875
101,0.0,3.0,0.0,1.0
南非,0.0,3.0,0.0,1.0
物流,0.0,18.0,0.0,1.0
°,0.0,6.0,0.0,1.0
想,0.0,12.0,0.0,1.0
18,0.0,6.0,0.0,1.0
写下,0.0,3.0,0.0,1.0
工艺,0.0,24.0,0.0,1.0
12.74,0.0,3.0,0.0,1.0
500,0.0,30.0,0.0,1.0
通知,0.0,6.0,0.0,1.0
全球,0.0,51.0,0.0,1.0
控股,0.0,6.0,0.0,1.0
开场,0.0,3.0,0.0,1.0
绘画,0.0,3.0,0.0,1.0
毛利,0.0,6.0,0.0,1.0
遥遥领先,0.0,3.0,0.0,1.0
崛起,0.0,15.0,0.0,1.0
代码,0.0,3.0,0.0,1.0
两个,0.0,9.0,0.0,1.0
轻奢,0.0,33.0,0.0,1.0
023,0.0,9.0,0.0,1.0
TxibjrbeKaaexhBPX58DP8WhMEB6sUoXfMq0uB0qmfzjeic42CEexAZb9hEQiaVgQqdEInI758zynOEKtJrO2jRicQ,0.0,3.0,0.0,1.0
正是,0.0,6.0,0.0,1.0
必将,0.0,3.0,0.0,1.0
先生,0.0,3.0,0.0,1.0
西路,0.0,3.0,0.0,1.0
电商,0.0,6.0,0.0,1.0
VRyaSAuG4xZCYTFJJDs5iaQaUWrVicoicry,0.0,3.0,0.0,1.0
费汝明,0.0,3.0,0.0,1.0
难得一见,0.0,3.0,0.0,1.0
支付,0.0,15.0,0.0,1.0
公开,0.0,3.0,0.0,1.0
相信,0.0,3.0,0.0,1.0
走过,0.0,6.0,0.0,1.0
pJV7icmIOHbRhDibSkfx2tp8Z4hYJj4xpaJpD2p,0.0,3.0,0.0,1.0
等待,0.0,3.0,0.0,1.0
再次,0.0,9.0,0.0,1.0
专业厂,0.0,6.0,0.0,1.0
专柜,3.0,45.0,0.0625,0.9375
每卡限享,0.0,9.0,0.0,1.0
之美,0.0,3.0,0.0,1.0
城,0.0,18.0,0.0,1.0
00,0.0,3.0,0.0,1.0
后,0.0,6.0,0.0,1.0
添加,3.0,6.0,0.3333333333333333,0.6666666666666666
0991,0.0,6.0,0.0,1.0
市占率,0.0,9.0,0.0,1.0
9.07,0.0,3.0,0.0,1.0
现代,0.0,3.0,0.0,1.0
建议,0.0,33.0,0.0,1.0
创造,0.0,3.0,0.0,1.0
一颗,0.0,6.0,0.0,1.0
298,0.0,3.0,0.0,1.0
城市,0.0,12.0,0.0,1.0
快乐,0.0,3.0,0.0,1.0
60,0.0,3.0,0.0,1.0
END,0.0,15.0,0.0,1.0
大型,0.0,3.0,0.0,1.0
9Y,0.0,3.0,0.0,1.0
著名品牌,0.0,6.0,0.0,1.0
其中,0.0,9.0,0.0,1.0
裸,0.0,3.0,0.0,1.0
轻工业,0.0,3.0,0.0,1.0
事业,0.0,6.0,0.0,1.0
时,3.0,24.0,0.1111111111111111,0.8888888888888888
找,0.0,3.0,0.0,1.0
报告,0.0,12.0,0.0,1.0
公斤,0.0,6.0,0.0,1.0
版,3.0,3.0,0.5,0.5
文章,0.0,3.0,0.0,1.0
注意,0.0,9.0,0.0,1.0
并且,0.0,3.0,0.0,1.0
领先,0.0,9.0,0.0,1.0
几乎,0.0,3.0,0.0,1.0
钻,0.0,9.0,0.0,1.0
受,3.0,6.0,0.3333333333333333,0.6666666666666666
现价,0.0,3.0,0.0,1.0
中国建设银行,0.0,3.0,0.0,1.0
TSMPW8hhCBCoto4X0bZi,0.0,3.0,0.0,1.0
下,0.0,3.0,0.0,1.0
心,0.0,6.0,0.0,1.0
PE,0.0,15.0,0.0,1.0
本着,0.0,6.0,0.0,1.0
名称,0.0,3.0,0.0,1.0
金镶玉,0.0,9.0,0.0,1.0
调研,0.0,12.0,0.0,1.0
娄烦,0.0,9.0,0.0,1.0
各种,0.0,3.0,0.0,1.0
关闭,3.0,0.0,1.0,0.0
金字招牌,0.0,6.0,0.0,1.0
超市,0.0,54.0,0.0,1.0
来袭,0.0,6.0,0.0,1.0
旗下,0.0,3.0,0.0,1.0
奖,0.0,3.0,0.0,1.0
旗舰店,3.0,3.0,0.5,0.5
一等奖,0.0,3.0,0.0,1.0
正确性,0.0,3.0,0.0,1.0
2.58,0.0,3.0,0.0,1.0
劵,0.0,3.0,0.0,1.0
344,0.0,3.0,0.0,1.0
空气,0.0,3.0,0.0,1.0
寻,0.0,3.0,0.0,1.0
2900077,3.0,3.0,0.5,0.5
开设,0.0,6.0,0.0,1.0
严格执行,0.0,3.0,0.0,1.0
历来,0.0,3.0,0.0,1.0
257,0.0,3.0,0.0,1.0
惊艳,0.0,3.0,0.0,1.0
名表,0.0,9.0,0.0,1.0
转发,0.0,6.0,0.0,1.0
选出,0.0,3.0,0.0,1.0
且,0.0,12.0,0.0,1.0
双轮,0.0,3.0,0.0,1.0
◆,15.0,150.0,0.09090909090909091,0.9090909090909091
订货会,0.0,12.0,0.0,1.0
6cWVMQ,0.0,6.0,0.0,1.0
然后,0.0,3.0,0.0,1.0
最受,0.0,3.0,0.0,1.0
纯度,0.0,6.0,0.0,1.0
商标,0.0,6.0,0.0,1.0
一楼,3.0,42.0,0.06666666666666667,0.9333333333333333
情况,0.0,3.0,0.0,1.0
正好,0.0,3.0,0.0,1.0
业务,0.0,3.0,0.0,1.0
服务,0.0,12.0,0.0,1.0
可以,0.0,21.0,0.0,1.0
大事,0.0,3.0,0.0,1.0
回升,0.0,12.0,0.0,1.0
小,0.0,6.0,0.0,1.0
国际品牌,0.0,6.0,0.0,1.0
利率,0.0,3.0,0.0,1.0
敬请光临,3.0,24.0,0.1111111111111111,0.8888888888888888
铜牌,0.0,3.0,0.0,1.0
本周,0.0,9.0,0.0,1.0
bAuib8TKrhmest13hqZEzXpmTibXLERBQia9QtAv5IrRvGtL5iaFYykP7eeWJ4lU9Dj0jWQ,0.0,3.0,0.0,1.0
安徽,0.0,6.0,0.0,1.0
解释权,0.0,3.0,0.0,1.0
下去,0.0,3.0,0.0,1.0
恋爱,0.0,3.0,0.0,1.0
83881988,0.0,3.0,0.0,1.0
字号,0.0,6.0,0.0,1.0
您,0.0,39.0,0.0,1.0
养生,0.0,3.0,0.0,1.0
：,9.0,381.0,0.023076923076923078,0.9769230769230769
打电话,0.0,3.0,0.0,1.0
变得,0.0,3.0,0.0,1.0
打造,0.0,18.0,0.0,1.0
文化节,0.0,25.0,0.0,1.0
发言人,0.0,3.0,0.0,1.0
深厚,3.0,21.0,0.125,0.875
期,0.0,3.0,0.0,1.0
高级技师,0.0,3.0,0.0,1.0
国兴,0.0,3.0,0.0,1.0
上线,0.0,12.0,0.0,1.0
）,0.0,126.0,0.0,1.0
最为,0.0,3.0,0.0,1.0
策划,0.0,3.0,0.0,1.0
希望,0.0,3.0,0.0,1.0
闪耀,0.0,9.0,0.0,1.0
延续,0.0,3.0,0.0,1.0
投资,0.0,12.0,0.0,1.0
正在,0.0,12.0,0.0,1.0
华为,0.0,3.0,0.0,1.0
渠道,0.0,3.0,0.0,1.0
靓丽,0.0,3.0,0.0,1.0
8,0.0,18.0,0.0,1.0
继续,0.0,6.0,0.0,1.0
0794,0.0,6.0,0.0,1.0
兰州市,0.0,3.0,0.0,1.0
求婚,0.0,39.0,0.0,1.0
年收入,0.0,3.0,0.0,1.0
2990006,0.0,3.0,0.0,1.0
价值,0.0,24.0,0.0,1.0
上市,0.0,54.0,0.0,1.0
陶冶情操,0.0,3.0,0.0,1.0
后续,0.0,3.0,0.0,1.0
博览会,0.0,3.0,0.0,1.0
热烈祝贺,0.0,9.0,0.0,1.0
fXmRS1GCjTxebkR7tkNCYzzJtfn7tZYiaWRqRGtpHbyu2woNAD9zjibYvYQVrKaTqkJTTg,0.0,3.0,0.0,1.0
正,0.0,6.0,0.0,1.0
气质佳,0.0,3.0,0.0,1.0
16,0.0,6.0,0.0,1.0
成城,0.0,6.0,0.0,1.0
品,0.0,3.0,0.0,1.0
前期,0.0,3.0,0.0,1.0
年轻化,0.0,12.0,0.0,1.0
远高于,0.0,6.0,0.0,1.0
不管,0.0,9.0,0.0,1.0
DE,0.0,3.0,0.0,1.0
终端,0.0,12.0,0.0,1.0
皇家,0.0,3.0,0.0,1.0
kOpwYUqMsAnwicOialQarECpZ8PtOtosib8gLnvOZXxzNqOlD1wjQnbpBp92H0rEmkhHibibMv7QQSqJiaXyypPvdw5w,0.0,3.0,0.0,1.0
首席,0.0,3.0,0.0,1.0
5.35,0.0,3.0,0.0,1.0
兼具,0.0,9.0,0.0,1.0
注,0.0,3.0,0.0,1.0
铂金,0.0,6.0,0.0,1.0
四大,0.0,6.0,0.0,1.0
量,0.0,3.0,0.0,1.0
情侣,0.0,6.0,0.0,1.0
记录,0.0,3.0,0.0,1.0
IF,0.0,3.0,0.0,1.0
商厦,3.0,0.0,1.0,0.0
赞皇县,0.0,6.0,0.0,1.0
厚,0.0,6.0,0.0,1.0
总动员,0.0,6.0,0.0,1.0
鑫鑫,0.0,6.0,0.0,1.0
细读,0.0,9.0,0.0,1.0
公布,0.0,3.0,0.0,1.0
丰富,0.0,3.0,0.0,1.0
jpeg,0.0,96.0,0.0,1.0
完,0.0,9.0,0.0,1.0
108,0.0,3.0,0.0,1.0
凤祥银,6.0,172.0,0.033707865168539325,0.9662921348314607
庆丰,0.0,3.0,0.0,1.0
淮北,0.0,132.0,0.0,1.0
携手,0.0,6.0,0.0,1.0
加入,0.0,9.0,0.0,1.0
发声,0.0,6.0,0.0,1.0
一个,0.0,72.0,0.0,1.0
到,0.0,57.0,0.0,1.0
甜蜜,0.0,6.0,0.0,1.0
没有,0.0,18.0,0.0,1.0
mupPqx3LAkNWXHQyPH8k3BW6ZiczeIENXb,0.0,3.0,0.0,1.0
联系,0.0,6.0,0.0,1.0
6cWIwk,0.0,6.0,0.0,1.0
充盈,0.0,3.0,0.0,1.0
有所,0.0,3.0,0.0,1.0
亚洲,0.0,3.0,0.0,1.0
发送给,0.0,18.0,0.0,1.0
分期,0.0,3.0,0.0,1.0
换,0.0,18.0,0.0,1.0
文化,0.0,33.0,0.0,1.0
榜首,0.0,9.0,0.0,1.0
雅致,0.0,3.0,0.0,1.0
春暖花开,0.0,3.0,0.0,1.0
精益求精,0.0,3.0,0.0,1.0
11.3,0.0,3.0,0.0,1.0
一颦一笑,0.0,3.0,0.0,1.0
出,0.0,3.0,0.0,1.0
制作,0.0,18.0,0.0,1.0
详情,3.0,42.0,0.06666666666666667,0.9333333333333333
分享,0.0,36.0,0.0,1.0
DoubleBeauty,0.0,6.0,0.0,1.0
｜,30.0,207.0,0.12658227848101267,0.8734177215189873
任意,0.0,3.0,0.0,1.0
米,6.0,3.0,0.6666666666666666,0.3333333333333333
335,0.0,3.0,0.0,1.0
弘扬,0.0,3.0,0.0,1.0
BIgX10IRebp3gsic3xO3Pc4JvLouPghgDOIjjPMRW3jia65r8ZDmrHaDEfcYHpm13F4QxHYPfv4phibWwrdC4S8WA,0.0,3.0,0.0,1.0
qp,0.0,3.0,0.0,1.0
恭迎,0.0,3.0,0.0,1.0
设计师,0.0,3.0,0.0,1.0
令,0.0,3.0,0.0,1.0
汇合处,0.0,3.0,0.0,1.0
协会,0.0,9.0,0.0,1.0
0898,0.0,3.0,0.0,1.0
初创,0.0,3.0,0.0,1.0
一体,0.0,27.0,0.0,1.0
国资委,0.0,3.0,0.0,1.0
属于,0.0,3.0,0.0,1.0
结缘,0.0,3.0,0.0,1.0
得到,0.0,3.0,0.0,1.0
蓝字,0.0,3.0,0.0,1.0
下午,0.0,3.0,0.0,1.0
引领,0.0,9.0,0.0,1.0
相反,0.0,3.0,0.0,1.0
比高,0.0,3.0,0.0,1.0
需,0.0,6.0,0.0,1.0
产品,0.0,27.0,0.0,1.0
嗨,0.0,3.0,0.0,1.0
存货,0.0,3.0,0.0,1.0
主题,0.0,24.0,0.0,1.0
诚聘,0.0,9.0,0.0,1.0
②,3.0,9.0,0.25,0.75
hica,0.0,3.0,0.0,1.0
庄严,0.0,3.0,0.0,1.0
奥斯卡,0.0,3.0,0.0,1.0
公司,0.0,36.0,0.0,1.0
够,0.0,3.0,0.0,1.0
高速,0.0,6.0,0.0,1.0
弈棋,0.0,3.0,0.0,1.0
18X,0.0,3.0,0.0,1.0
业,0.0,42.0,0.0,1.0
高级人才,0.0,3.0,0.0,1.0
部,0.0,6.0,0.0,1.0
11.55,0.0,3.0,0.0,1.0
掀起,0.0,3.0,0.0,1.0
战略,0.0,6.0,0.0,1.0
品味,0.0,3.0,0.0,1.0
品牌,9.0,312.0,0.028037383177570093,0.9719626168224299
15,0.0,12.0,0.0,1.0
重磅,0.0,12.0,0.0,1.0
材质,0.0,12.0,0.0,1.0
之,0.0,12.0,0.0,1.0
转型,0.0,6.0,0.0,1.0
横盘,0.0,3.0,0.0,1.0
结构,0.0,9.0,0.0,1.0
精致,0.0,3.0,0.0,1.0
用心,0.0,3.0,0.0,1.0
总店,0.0,6.0,0.0,1.0
GB11887,0.0,3.0,0.0,1.0
权威,0.0,3.0,0.0,1.0
htt,0.0,3.0,0.0,1.0
四友,0.0,3.0,0.0,1.0
逐渐,0.0,3.0,0.0,1.0
销售网,0.0,3.0,0.0,1.0
地址,0.0,54.0,0.0,1.0
即日起,0.0,3.0,0.0,1.0
大幅,0.0,18.0,0.0,1.0
三代人,0.0,3.0,0.0,1.0
兴旺,0.0,3.0,0.0,1.0
金锁,0.0,3.0,0.0,1.0
已,0.0,27.0,0.0,1.0
2017Q1,0.0,6.0,0.0,1.0
长,3.0,6.0,0.3333333333333333,0.6666666666666666
忠诚,0.0,9.0,0.0,1.0
多个,0.0,3.0,0.0,1.0
更显,0.0,3.0,0.0,1.0
交叉口,0.0,3.0,0.0,1.0
金来,0.0,3.0,0.0,1.0
传承者,0.0,3.0,0.0,1.0
无色,0.0,3.0,0.0,1.0
底楼,0.0,3.0,0.0,1.0
起步,0.0,3.0,0.0,1.0
自豪,0.0,6.0,0.0,1.0
核心,0.0,6.0,0.0,1.0
角度看,0.0,3.0,0.0,1.0
0857,0.0,3.0,0.0,1.0
典范,0.0,6.0,0.0,1.0
仅,0.0,9.0,0.0,1.0
子公司,0.0,6.0,0.0,1.0
楼微信,0.0,3.0,0.0,1.0
高,0.0,9.0,0.0,1.0
十三,0.0,9.0,0.0,1.0
真情,0.0,9.0,0.0,1.0
前所未有,0.0,3.0,0.0,1.0
进一步,0.0,27.0,0.0,1.0
经济,0.0,3.0,0.0,1.0
以共进,0.0,3.0,0.0,1.0
BONpA5AqcaucWibJBvwoJedia665nHEHulAgtyR2UrA1j5GlTw,0.0,3.0,0.0,1.0
保证质量,0.0,6.0,0.0,1.0
公众,6.0,15.0,0.2857142857142857,0.7142857142857143
带给,0.0,3.0,0.0,1.0
展示,0.0,3.0,0.0,1.0
识别,0.0,3.0,0.0,1.0
竞争力,0.0,3.0,0.0,1.0
6,0.0,21.0,0.0,1.0
40,0.0,6.0,0.0,1.0
逐步,0.0,3.0,0.0,1.0
别着急,0.0,3.0,0.0,1.0
引发,0.0,3.0,0.0,1.0
第十三位,0.0,12.0,0.0,1.0
Q1,0.0,9.0,0.0,1.0
Q2,0.0,9.0,0.0,1.0
FwaBBFqBkQCiaLMlnLaeib0FuUia1Byo2A6d28vaYoSxj,0.0,3.0,0.0,1.0
又,0.0,12.0,0.0,1.0
7126026,0.0,3.0,0.0,1.0
新款,0.0,18.0,0.0,1.0
产品质量,0.0,3.0,0.0,1.0
58,0.0,15.0,0.0,1.0
其,0.0,9.0,0.0,1.0
9,0.0,18.0,0.0,1.0
遍布全国,0.0,3.0,0.0,1.0
fmt,0.0,162.0,0.0,1.0
传奇,0.0,6.0,0.0,1.0
600247,0.0,3.0,0.0,1.0
滨江,0.0,3.0,0.0,1.0
边际,0.0,3.0,0.0,1.0
好好,0.0,3.0,0.0,1.0
cn,0.0,204.0,0.0,1.0
盛典,0.0,3.0,0.0,1.0
LdiacHhsfhkyrPNbQcPrCVSSGOibTUppGFv3FCs,0.0,3.0,0.0,1.0
匠心,0.0,3.0,0.0,1.0
精彩,0.0,15.0,0.0,1.0
文化遗产,0.0,9.0,0.0,1.0
亲民,0.0,3.0,0.0,1.0
未来,0.0,6.0,0.0,1.0
提到,0.0,3.0,0.0,1.0
最近,0.0,3.0,0.0,1.0
至信,0.0,3.0,0.0,1.0
FlfFibxhtbevmtq7MJnqKxt2SicPaT0mjrA0iapxouTcIbExFb1bP0hw7HmQgkJhnyrcwlA,0.0,3.0,0.0,1.0
欢迎,0.0,12.0,0.0,1.0
粮食局,0.0,3.0,0.0,1.0
驰名商标,0.0,3.0,0.0,1.0
模式,0.0,6.0,0.0,1.0
前,0.0,3.0,0.0,1.0
万达,0.0,6.0,0.0,1.0
0315,0.0,3.0,0.0,1.0
哦,0.0,9.0,0.0,1.0
经过,0.0,3.0,0.0,1.0
龙,0.0,12.0,0.0,1.0
咨询机构,0.0,3.0,0.0,1.0
⑥,0.0,3.0,0.0,1.0
年度,0.0,9.0,0.0,1.0
管理中心,0.0,6.0,0.0,1.0
一定,5.0,15.0,0.25,0.75
老,9.0,229.0,0.037815126050420166,0.9621848739495799
创新,3.0,60.0,0.047619047619047616,0.9523809523809523
研究所,0.0,9.0,0.0,1.0
专人,0.0,3.0,0.0,1.0
物质,0.0,9.0,0.0,1.0
县城,0.0,3.0,0.0,1.0
法国,0.0,3.0,0.0,1.0
11,0.0,12.0,0.0,1.0
大赛,0.0,3.0,0.0,1.0
精英,0.0,3.0,0.0,1.0
K,0.0,18.0,0.0,1.0
卓越,0.0,3.0,0.0,1.0
金价,0.0,18.0,0.0,1.0
银器,0.0,3.0,0.0,1.0
业界,0.0,3.0,0.0,1.0
新街口,0.0,3.0,0.0,1.0
包括,0.0,6.0,0.0,1.0
最美,0.0,9.0,0.0,1.0
弹性,0.0,6.0,0.0,1.0
珠宝店,0.0,3.0,0.0,1.0
据,0.0,3.0,0.0,1.0
WohcNpO48dnibNtiaZbEu3mIkol4L7vzdXXmufo7ymib4bs4i,0.0,6.0,0.0,1.0
始于,0.0,6.0,0.0,1.0
对盛源,0.0,3.0,0.0,1.0
玩,0.0,3.0,0.0,1.0
第八次,0.0,3.0,0.0,1.0
↑,0.0,9.0,0.0,1.0
需要,0.0,6.0,0.0,1.0
中段,0.0,3.0,0.0,1.0
162cm,0.0,3.0,0.0,1.0
珍珠,0.0,6.0,0.0,1.0
每颗,0.0,3.0,0.0,1.0
3272261,0.0,3.0,0.0,1.0
股,0.0,3.0,0.0,1.0
金店,0.0,27.0,0.0,1.0
gif,0.0,51.0,0.0,1.0
备受,0.0,3.0,0.0,1.0
商贸,0.0,15.0,0.0,1.0
见证者,0.0,3.0,0.0,1.0
上海,0.0,69.0,0.0,1.0
责任心,0.0,3.0,0.0,1.0
生活,0.0,3.0,0.0,1.0
信息,0.0,3.0,0.0,1.0
精业,0.0,3.0,0.0,1.0
WohcNpO48dnibNtiaZbEu3mIkol4L7vzdXXmufo7ymib4bs,0.0,3.0,0.0,1.0
沟通,0.0,3.0,0.0,1.0
元素,0.0,3.0,0.0,1.0
壁垒,0.0,6.0,0.0,1.0
身上,5.0,0.0,1.0,0.0
微信,9.0,24.0,0.2727272727272727,0.7272727272727273
百大,0.0,3.0,0.0,1.0
售卖,0.0,6.0,0.0,1.0
造成,0.0,3.0,0.0,1.0
县政府,0.0,3.0,0.0,1.0
MsAnwicOialQarECpZ8PtOtosib8ult27CXbusQ3bzpjyLqr50SHwHgJwfOU1QmQUDBLywyzxZ8ScHfkIg,0.0,3.0,0.0,1.0
Double,0.0,18.0,0.0,1.0
浪漫,0.0,27.0,0.0,1.0
存在,0.0,6.0,0.0,1.0
优质,0.0,6.0,0.0,1.0
成长性,0.0,3.0,0.0,1.0
门店,0.0,30.0,0.0,1.0
比太高,0.0,3.0,0.0,1.0
png,0.0,57.0,0.0,1.0
更佳,0.0,3.0,0.0,1.0
19.01,0.0,3.0,0.0,1.0
多次,0.0,3.0,0.0,1.0
凤舞,0.0,3.0,0.0,1.0
做到,0.0,9.0,0.0,1.0
去年,0.0,3.0,0.0,1.0
善人,0.0,3.0,0.0,1.0
营业额,0.0,3.0,0.0,1.0
点半,0.0,3.0,0.0,1.0
3195650,0.0,3.0,0.0,1.0
唯美,0.0,3.0,0.0,1.0
不辱使命,0.0,3.0,0.0,1.0
提高,0.0,3.0,0.0,1.0
老凤祥,14.0,1155.0,0.011976047904191617,0.9880239520958084
多项,0.0,3.0,0.0,1.0
六福,0.0,3.0,0.0,1.0
-,0.0,486.0,0.0,1.0
999,0.0,3.0,0.0,1.0
包退,0.0,3.0,0.0,1.0
每周六,0.0,9.0,0.0,1.0
凸显,0.0,6.0,0.0,1.0
一字一句,0.0,3.0,0.0,1.0
一群,0.0,3.0,0.0,1.0
31,0.0,9.0,0.0,1.0
月场,0.0,3.0,0.0,1.0
上市公司,0.0,27.0,0.0,1.0
百联,0.0,45.0,0.0,1.0
2012,0.0,9.0,0.0,1.0
商业广场,6.0,3.0,0.6666666666666666,0.3333333333333333
收入,0.0,33.0,0.0,1.0
苹果公司,3.0,3.0,0.5,0.5
D5K9ChDxS2A,0.0,3.0,0.0,1.0
重百,0.0,3.0,0.0,1.0
一生,0.0,21.0,0.0,1.0
一直,0.0,3.0,0.0,1.0
细工,0.0,18.0,0.0,1.0
、,9.0,962.0,0.009268795056642637,0.9907312049433573
5feXIiajDItfdWiajCNe91vhqrzI9BmGcqd55wib1Wib2tYwm1,0.0,3.0,0.0,1.0
两件,0.0,6.0,0.0,1.0
感悟,0.0,3.0,0.0,1.0
情意,0.0,3.0,0.0,1.0
年轻,0.0,6.0,0.0,1.0
3.15,0.0,3.0,0.0,1.0
还有,0.0,3.0,0.0,1.0
策划部,0.0,6.0,0.0,1.0
但,0.0,24.0,0.0,1.0
黄金首饰,0.0,18.0,0.0,1.0
71ib14EqsW8ibrF3c5qHo9tHjbquv7icpH3W7cSjOpJOibk8ibqakWBjEmQD7B9cLQ,0.0,3.0,0.0,1.0
南大街,0.0,9.0,0.0,1.0
大白,0.0,6.0,0.0,1.0
旁,0.0,12.0,0.0,1.0
万元,0.0,6.0,0.0,1.0
】,5.0,114.0,0.04201680672268908,0.957983193277311
条件,0.0,9.0,0.0,1.0
1eRcricehpRxOWNUuKt0KmKhU1eDeXEFT0icOhfTsLFVN9g,0.0,3.0,0.0,1.0
经销网,0.0,3.0,0.0,1.0
600612,0.0,3.0,0.0,1.0
牵手,0.0,3.0,0.0,1.0
拉大,0.0,3.0,0.0,1.0
全过程,0.0,3.0,0.0,1.0
史亮,0.0,3.0,0.0,1.0
高科,0.0,3.0,0.0,1.0
⑦,0.0,3.0,0.0,1.0
地处,0.0,3.0,0.0,1.0
重要,0.0,15.0,0.0,1.0
创建,3.0,18.0,0.14285714285714285,0.8571428571428571
被誉为,0.0,3.0,0.0,1.0
坚守,0.0,3.0,0.0,1.0
项链,0.0,3.0,0.0,1.0
分析,0.0,3.0,0.0,1.0
华润,0.0,3.0,0.0,1.0
逆势,0.0,3.0,0.0,1.0
更大,0.0,3.0,0.0,1.0
为重,0.0,3.0,0.0,1.0
街道,0.0,6.0,0.0,1.0
安全,0.0,3.0,0.0,1.0
叠加,0.0,3.0,0.0,1.0
年龄段,0.0,3.0,0.0,1.0
359,0.0,3.0,0.0,1.0
深度,0.0,12.0,0.0,1.0
行情,0.0,3.0,0.0,1.0
刚刚,0.0,3.0,0.0,1.0
有着,3.0,18.0,0.14285714285714285,0.8571428571428571
.,0.0,417.0,0.0,1.0
方向,0.0,15.0,0.0,1.0
0377,0.0,3.0,0.0,1.0
FwaBBFqBkQAAUGyyZvxduR9mFPiaJM0Fibw0bls1RKxyaTkF53smGB,0.0,3.0,0.0,1.0
统一,0.0,3.0,0.0,1.0
之手,0.0,3.0,0.0,1.0
荣誉称号,0.0,3.0,0.0,1.0
风采,0.0,3.0,0.0,1.0
增速,0.0,36.0,0.0,1.0
恒强,0.0,3.0,0.0,1.0
波动,0.0,3.0,0.0,1.0
款,0.0,6.0,0.0,1.0
突破,3.0,27.0,0.1,0.9
东路,0.0,3.0,0.0,1.0
2.40,0.0,3.0,0.0,1.0
权益,0.0,3.0,0.0,1.0
比达,0.0,3.0,0.0,1.0
巨大,0.0,3.0,0.0,1.0
诚意,0.0,3.0,0.0,1.0
路北,3.0,0.0,1.0,0.0
稳定,0.0,18.0,0.0,1.0
朋友圈,0.0,21.0,0.0,1.0
还,0.0,12.0,0.0,1.0
五洲,0.0,6.0,0.0,1.0
黄金饰品,0.0,18.0,0.0,1.0
首先,0.0,6.0,0.0,1.0
600086,0.0,3.0,0.0,1.0
一次,0.0,15.0,0.0,1.0
平均,0.0,6.0,0.0,1.0
管理体系,0.0,3.0,0.0,1.0
Cp05KsAerzymibnFb0u2YAPRHtvRHrmicK6gvoiakFL1ZZ,0.0,3.0,0.0,1.0
O36UWIPIsBysTxicVhptE9Xec2QmSYR1Jf8TiceTxTcicsouXY1XA53qZ7ADSmKEyGibWQgY2nanVnZJz5XJ7Wib95g,0.0,3.0,0.0,1.0
武商,0.0,51.0,0.0,1.0
追求,0.0,3.0,0.0,1.0
一尊,5.0,0.0,1.0,0.0
宜黄,0.0,6.0,0.0,1.0
面向世界,0.0,6.0,0.0,1.0
名额有限,0.0,12.0,0.0,1.0
赞皇,0.0,6.0,0.0,1.0
诚信,0.0,15.0,0.0,1.0
主推,0.0,3.0,0.0,1.0
民主,3.0,0.0,1.0,0.0
顶级,0.0,3.0,0.0,1.0
江西省,0.0,3.0,0.0,1.0
520,0.0,33.0,0.0,1.0
之源,0.0,3.0,0.0,1.0
已近尾声,0.0,3.0,0.0,1.0
盛大,0.0,22.0,0.0,1.0
敬请,0.0,3.0,0.0,1.0
全程,0.0,3.0,0.0,1.0
仍仅,0.0,6.0,0.0,1.0
q,0.0,3.0,0.0,1.0
龙卡,0.0,3.0,0.0,1.0
欧盟,0.0,3.0,0.0,1.0
新潮流,0.0,3.0,0.0,1.0
少,0.0,3.0,0.0,1.0
品质,0.0,6.0,0.0,1.0
0476,0.0,3.0,0.0,1.0
亲们,0.0,3.0,0.0,1.0
消费,0.0,33.0,0.0,1.0
名族,0.0,6.0,0.0,1.0
一对,0.0,6.0,0.0,1.0
4522272,0.0,3.0,0.0,1.0
成果,0.0,3.0,0.0,1.0
上升,0.0,12.0,0.0,1.0
圆满结束,0.0,12.0,0.0,1.0
物超所值,0.0,3.0,0.0,1.0
正式,0.0,3.0,0.0,1.0
手工艺,0.0,6.0,0.0,1.0
经,3.0,21.0,0.125,0.875
愿意,0.0,3.0,0.0,1.0
个性,0.0,6.0,0.0,1.0
市级,0.0,3.0,0.0,1.0
重构,0.0,3.0,0.0,1.0
技艺,0.0,15.0,0.0,1.0
阁,0.0,3.0,0.0,1.0
一幅,0.0,3.0,0.0,1.0
先到,0.0,12.0,0.0,1.0
称为,0.0,3.0,0.0,1.0
再创新高,0.0,3.0,0.0,1.0
170,0.0,3.0,0.0,1.0
铭记,0.0,3.0,0.0,1.0
暴跌,0.0,12.0,0.0,1.0
婚庆,0.0,3.0,0.0,1.0
点近,0.0,3.0,0.0,1.0
终身,0.0,9.0,0.0,1.0
勇敢,0.0,27.0,0.0,1.0
大会,0.0,6.0,0.0,1.0
张心一,0.0,3.0,0.0,1.0
享誉,0.0,6.0,0.0,1.0
旅游文化节,0.0,9.0,0.0,1.0
5200,0.0,3.0,0.0,1.0
查看,0.0,3.0,0.0,1.0
「,0.0,18.0,0.0,1.0
秀山,0.0,3.0,0.0,1.0
名,0.0,9.0,0.0,1.0
创造者,0.0,3.0,0.0,1.0
产物,0.0,3.0,0.0,1.0
现如今,0.0,3.0,0.0,1.0
彩色,0.0,6.0,0.0,1.0
稳定性,0.0,3.0,0.0,1.0
达,0.0,15.0,0.0,1.0
买,0.0,18.0,0.0,1.0
精工细作,0.0,3.0,0.0,1.0
▏,0.0,6.0,0.0,1.0
香港,0.0,3.0,0.0,1.0
号,6.0,48.0,0.1111111111111111,0.8888888888888888
成为,0.0,30.0,0.0,1.0
甘肃兰州,0.0,3.0,0.0,1.0
不断,3.0,36.0,0.07692307692307693,0.9230769230769231
爱情,0.0,15.0,0.0,1.0
留着,0.0,3.0,0.0,1.0
伙伴儿,0.0,3.0,0.0,1.0
WpdyYia5zI2GygRXIZDunTK6WTOjAwTMd8pMJiaY8MV2QhPyPnjGXicEqlNQ0FibfYeqq3BGZ9FBDicp8w,0.0,3.0,0.0,1.0
居,0.0,9.0,0.0,1.0
基于,0.0,3.0,0.0,1.0
LFX,0.0,6.0,0.0,1.0
楼钜惠,0.0,9.0,0.0,1.0
荣获,0.0,12.0,0.0,1.0
查找,3.0,6.0,0.3333333333333333,0.6666666666666666
同时,0.0,12.0,0.0,1.0
30,0.0,18.0,0.0,1.0
满,0.0,15.0,0.0,1.0
典,3.0,21.0,0.125,0.875
以店,0.0,3.0,0.0,1.0
迄今已有,0.0,3.0,0.0,1.0
gveCNDWA8icbsthxGqv2rNzKvxsfUzR505RUbdE03g,0.0,3.0,0.0,1.0
系列产品,0.0,18.0,0.0,1.0
祥凤,0.0,6.0,0.0,1.0
带上,0.0,12.0,0.0,1.0
总经理,0.0,3.0,0.0,1.0
多家,0.0,18.0,0.0,1.0
],0.0,15.0,0.0,1.0
此刻,0.0,9.0,0.0,1.0
岗位,0.0,3.0,0.0,1.0
几千家,0.0,3.0,0.0,1.0
集中度,0.0,9.0,0.0,1.0
体系,0.0,3.0,0.0,1.0
股本,0.0,6.0,0.0,1.0
高级,0.0,18.0,0.0,1.0
包修,0.0,3.0,0.0,1.0
电冰箱,0.0,3.0,0.0,1.0
销售,0.0,57.0,0.0,1.0
批发,0.0,3.0,0.0,1.0
消息,0.0,3.0,0.0,1.0
接听,0.0,3.0,0.0,1.0
销量,0.0,3.0,0.0,1.0
强者,0.0,3.0,0.0,1.0
拓展,0.0,6.0,0.0,1.0
WohcNpO48dnibNtiaZbEu3mIkol4L7vzdXXmufo7ymib4b,0.0,3.0,0.0,1.0
发布,0.0,12.0,0.0,1.0
友好,0.0,6.0,0.0,1.0
南京,0.0,3.0,0.0,1.0
拐点,0.0,3.0,0.0,1.0
严苛,0.0,3.0,0.0,1.0
参赛,0.0,6.0,0.0,1.0
yzicpOYEicLxE8BtaCAxSiasarPMyRARwr9s5zvLYr1GV4UO7zCo4HjHkiak9wlcIXM16M3KfzWFYGjlXtAS367euA,0.0,3.0,0.0,1.0
位居,0.0,3.0,0.0,1.0
信念,0.0,3.0,0.0,1.0
老店,0.0,12.0,0.0,1.0
境外,0.0,3.0,0.0,1.0
奢侈品,0.0,24.0,0.0,1.0
特色,0.0,3.0,0.0,1.0
清代,0.0,3.0,0.0,1.0
1462,0.0,3.0,0.0,1.0
每克,0.0,3.0,0.0,1.0
升华,0.0,3.0,0.0,1.0
精湛,0.0,3.0,0.0,1.0
感谢,0.0,3.0,0.0,1.0
稍微,0.0,6.0,0.0,1.0
26,0.0,3.0,0.0,1.0
实物,0.0,3.0,0.0,1.0
目标价,0.0,15.0,0.0,1.0
nrHWR1iclHEc7q7nBClTaQRynCvlbyfpCaS3U7,0.0,3.0,0.0,1.0
ST,0.0,6.0,0.0,1.0
凭,0.0,6.0,0.0,1.0
回馈,0.0,15.0,0.0,1.0
中路,6.0,0.0,1.0,0.0
28,0.0,9.0,0.0,1.0
排名,0.0,9.0,0.0,1.0
11.57,0.0,3.0,0.0,1.0
青春,0.0,3.0,0.0,1.0
dtKU5bxfcbn4wrImaNibkT2AiaAm1cHYwlrxGCGpISqr5LaQqKHlt0ZWz0oIibyrpOhke2l47VuCwouqkbsBYyicJA,0.0,3.0,0.0,1.0
开拓,0.0,3.0,0.0,1.0
总体,0.0,3.0,0.0,1.0
领跑,0.0,3.0,0.0,1.0
等权,0.0,3.0,0.0,1.0
纸,0.0,3.0,0.0,1.0
类,0.0,9.0,0.0,1.0
友,0.0,3.0,0.0,1.0
延安,0.0,9.0,0.0,1.0
最好,0.0,9.0,0.0,1.0
卡地亚,0.0,12.0,0.0,1.0
推荐,0.0,3.0,0.0,1.0
占率,0.0,3.0,0.0,1.0
标的,0.0,3.0,0.0,1.0
农,0.0,3.0,0.0,1.0
聚焦,0.0,6.0,0.0,1.0
肾,0.0,3.0,0.0,1.0
第二届,0.0,16.0,0.0,1.0
再造,0.0,3.0,0.0,1.0
路西,3.0,0.0,1.0,0.0
南部,0.0,3.0,0.0,1.0
荣列,0.0,9.0,0.0,1.0
以上学历,0.0,3.0,0.0,1.0
打,0.0,3.0,0.0,1.0
相当于,0.0,3.0,0.0,1.0
活力,0.0,3.0,0.0,1.0
做大,0.0,3.0,0.0,1.0
很多,0.0,6.0,0.0,1.0
同样,0.0,3.0,0.0,1.0
今日,0.0,15.0,0.0,1.0
四季,0.0,9.0,0.0,1.0
基地,0.0,3.0,0.0,1.0
醇厚,0.0,3.0,0.0,1.0
如下,0.0,3.0,0.0,1.0
电话,0.0,48.0,0.0,1.0
要求,0.0,3.0,0.0,1.0
按照,0.0,6.0,0.0,1.0
让,0.0,27.0,0.0,1.0
5.8,0.0,3.0,0.0,1.0
公告,0.0,3.0,0.0,1.0
至此,0.0,3.0,0.0,1.0
新增,0.0,3.0,0.0,1.0
下跌,0.0,9.0,0.0,1.0
最大,0.0,3.0,0.0,1.0
解体,0.0,3.0,0.0,1.0
一如既往,0.0,9.0,0.0,1.0
A座,0.0,3.0,0.0,1.0
被,3.0,3.0,0.5,0.5
1285,0.0,3.0,0.0,1.0
尚,3.0,21.0,0.125,0.875
更进一步,0.0,3.0,0.0,1.0
桐柏县,0.0,6.0,0.0,1.0
关注,6.0,69.0,0.08,0.92
指,0.0,3.0,0.0,1.0
工商局,0.0,3.0,0.0,1.0
紧张,0.0,3.0,0.0,1.0
借助,0.0,3.0,0.0,1.0
傲视群雄,0.0,3.0,0.0,1.0
态势,0.0,3.0,0.0,1.0
望海,0.0,3.0,0.0,1.0
现在,0.0,3.0,0.0,1.0
标题,0.0,3.0,0.0,1.0
十佳,0.0,21.0,0.0,1.0
经销,0.0,3.0,0.0,1.0
周周,0.0,6.0,0.0,1.0
家族,0.0,3.0,0.0,1.0
为数不多,0.0,3.0,0.0,1.0
以后,0.0,3.0,0.0,1.0
圆,0.0,15.0,0.0,1.0
凡,0.0,9.0,0.0,1.0
603777,0.0,3.0,0.0,1.0
设于,0.0,3.0,0.0,1.0
电影院,0.0,3.0,0.0,1.0
加盟店,0.0,9.0,0.0,1.0
业中,0.0,3.0,0.0,1.0
上海市,0.0,3.0,0.0,1.0
O36UWIPIsBzGBtQgDXJWHmGCZW30hcgCnEPy0C9paibcDv95uV30mk26paNnJPgme0XTic4KwiaoKVFtMdTC5sNow,0.0,3.0,0.0,1.0
资料,0.0,3.0,0.0,1.0
入驻,0.0,9.0,0.0,1.0
商业,0.0,15.0,0.0,1.0
共赢,0.0,3.0,0.0,1.0
龙凤,0.0,3.0,0.0,1.0
春光,0.0,3.0,0.0,1.0
上海地区,0.0,3.0,0.0,1.0
特等奖,0.0,6.0,0.0,1.0
细则,0.0,6.0,0.0,1.0
银饰,0.0,28.0,0.0,1.0
小孩,0.0,3.0,0.0,1.0
瞬间,0.0,3.0,0.0,1.0
茂业,0.0,6.0,0.0,1.0
十周年,0.0,3.0,0.0,1.0
wkrFqiadsJJ7OJLbibuLL5YhhQ,0.0,3.0,0.0,1.0
滞涨,0.0,6.0,0.0,1.0
多姿多彩,0.0,3.0,0.0,1.0
※,0.0,9.0,0.0,1.0
最萌,0.0,12.0,0.0,1.0
回顾,0.0,3.0,0.0,1.0
L3,0.0,3.0,0.0,1.0
空间,0.0,6.0,0.0,1.0
较,0.0,9.0,0.0,1.0
LVMH,0.0,9.0,0.0,1.0
网点,0.0,12.0,0.0,1.0
▲,0.0,3.0,0.0,1.0
③,0.0,6.0,0.0,1.0
基本,0.0,3.0,0.0,1.0
640,0.0,66.0,0.0,1.0
广场,0.0,36.0,0.0,1.0
来看,0.0,21.0,0.0,1.0
&,0.0,15.0,0.0,1.0
过程,0.0,9.0,0.0,1.0
海底,0.0,6.0,0.0,1.0
周大福,0.0,63.0,0.0,1.0
35.8,0.0,3.0,0.0,1.0
加盟,0.0,9.0,0.0,1.0
Love,0.0,6.0,0.0,1.0
契合,0.0,3.0,0.0,1.0
拥有,0.0,24.0,0.0,1.0
大爷,0.0,3.0,0.0,1.0
反映,0.0,3.0,0.0,1.0
一下,0.0,3.0,0.0,1.0
Cp05KsAerzxicrXUqTB3sCkL,0.0,3.0,0.0,1.0
76670296,0.0,3.0,0.0,1.0
3D,0.0,3.0,0.0,1.0
美,0.0,3.0,0.0,1.0
举办,0.0,6.0,0.0,1.0
寻找,0.0,24.0,0.0,1.0
广汇,0.0,18.0,0.0,1.0
观点,0.0,9.0,0.0,1.0
历年来,0.0,3.0,0.0,1.0
铸就,0.0,6.0,0.0,1.0
举报,0.0,3.0,0.0,1.0
心机,0.0,9.0,0.0,1.0
龙头,0.0,33.0,0.0,1.0
步行街,0.0,24.0,0.0,1.0
13238577668,0.0,3.0,0.0,1.0
没,0.0,3.0,0.0,1.0
美好,0.0,3.0,0.0,1.0
二,0.0,3.0,0.0,1.0
大起大落,0.0,3.0,0.0,1.0
所有,0.0,9.0,0.0,1.0
新华路,0.0,3.0,0.0,1.0
新颖,0.0,3.0,0.0,1.0
提炼,0.0,3.0,0.0,1.0
转账,6.0,3.0,0.6666666666666666,0.3333333333333333
主要,0.0,9.0,0.0,1.0
能,0.0,24.0,0.0,1.0
亚一,0.0,3.0,0.0,1.0
leRMcESnzxQsyWr8ibBN91OmDjOgmicgt3Cz0uZmVia2wxSibYVBLZNUIH62vicDktKxAosVVA,0.0,3.0,0.0,1.0
团队,0.0,3.0,0.0,1.0
历史,3.0,30.0,0.09090909090909091,0.9090909090909091
质量,0.0,18.0,0.0,1.0
祥瑞,0.0,3.0,0.0,1.0
完整性,0.0,3.0,0.0,1.0
驾临,0.0,3.0,0.0,1.0
大选,0.0,3.0,0.0,1.0
杂志,0.0,3.0,0.0,1.0
细分,0.0,3.0,0.0,1.0
中,3.0,66.0,0.043478260869565216,0.9565217391304348
传家宝,0.0,3.0,0.0,1.0
百货,0.0,15.0,0.0,1.0
iclrk87xt07mLzXEckKicYIro7tnyj9c2VO4d8WNiaMww,0.0,6.0,0.0,1.0
影响,3.0,12.0,0.2,0.8
消弱,0.0,6.0,0.0,1.0
形象,0.0,12.0,0.0,1.0
实验室,0.0,6.0,0.0,1.0
陆战队,0.0,6.0,0.0,1.0
提醒,0.0,3.0,0.0,1.0
肯德基,0.0,3.0,0.0,1.0
余家,0.0,3.0,0.0,1.0
入选,0.0,3.0,0.0,1.0
中有,0.0,3.0,0.0,1.0
一,0.0,12.0,0.0,1.0
BRANDZ2,0.0,3.0,0.0,1.0
持续,0.0,15.0,0.0,1.0
创立者,0.0,3.0,0.0,1.0
《,0.0,72.0,0.0,1.0
经验,0.0,3.0,0.0,1.0
体现,0.0,12.0,0.0,1.0
请,5.0,3.0,0.625,0.375
亿美元,0.0,3.0,0.0,1.0
梦,0.0,33.0,0.0,1.0
3000,0.0,15.0,0.0,1.0
权益保护法,0.0,3.0,0.0,1.0
三国,0.0,3.0,0.0,1.0
因县,0.0,3.0,0.0,1.0
高勒,0.0,6.0,0.0,1.0
分别,0.0,9.0,0.0,1.0
明牌,0.0,3.0,0.0,1.0
里,0.0,3.0,0.0,1.0
仿制,0.0,3.0,0.0,1.0
20,0.0,51.0,0.0,1.0
限次,0.0,3.0,0.0,1.0
注重,0.0,3.0,0.0,1.0
楼店,0.0,3.0,0.0,1.0
<,0.0,204.0,0.0,1.0
MCrGbZDs4icL,0.0,3.0,0.0,1.0
郑重,0.0,3.0,0.0,1.0
钻石,0.0,45.0,0.0,1.0
立减,0.0,21.0,0.0,1.0
港股,0.0,6.0,0.0,1.0
季节,0.0,3.0,0.0,1.0
投资者,0.0,6.0,0.0,1.0
足够,0.0,3.0,0.0,1.0
精美,0.0,3.0,0.0,1.0
品牌形象,0.0,3.0,0.0,1.0
结婚,0.0,9.0,0.0,1.0
传承,3.0,42.0,0.06666666666666667,0.9333333333333333
推进,0.0,6.0,0.0,1.0
国内,0.0,24.0,0.0,1.0
宏基,0.0,21.0,0.0,1.0
省市,0.0,3.0,0.0,1.0
家乡,0.0,15.0,0.0,1.0
业绩,0.0,21.0,0.0,1.0
排行榜,0.0,15.0,0.0,1.0
店面,0.0,9.0,0.0,1.0
多年,3.0,18.0,0.14285714285714285,0.8571428571428571
享不,0.0,3.0,0.0,1.0
传世,0.0,3.0,0.0,1.0
国内外,0.0,3.0,0.0,1.0
欢迎您,0.0,6.0,0.0,1.0
19X,0.0,3.0,0.0,1.0
诚信为本,0.0,3.0,0.0,1.0
治,0.0,3.0,0.0,1.0
工匠,0.0,3.0,0.0,1.0
即可,0.0,3.0,0.0,1.0
美人,0.0,9.0,0.0,1.0
?,0.0,213.0,0.0,1.0
为,0.0,60.0,0.0,1.0
这次,0.0,3.0,0.0,1.0
亿左右,0.0,6.0,0.0,1.0
板块,0.0,6.0,0.0,1.0
QKDxrVYehiccmnWGzOxbQvDF9lIKsVMS,0.0,3.0,0.0,1.0
当之无愧,0.0,3.0,0.0,1.0
期待,0.0,9.0,0.0,1.0
分期付款,0.0,3.0,0.0,1.0
回调,0.0,9.0,0.0,1.0
素养,0.0,3.0,0.0,1.0
相关,0.0,6.0,0.0,1.0
国有企业,0.0,3.0,0.0,1.0
三维,9.0,6.0,0.6,0.4
盈利,0.0,3.0,0.0,1.0
驾到,0.0,9.0,0.0,1.0
仪式,0.0,18.0,0.0,1.0
甘肃,0.0,6.0,0.0,1.0
利润,0.0,9.0,0.0,1.0
股票价值,0.0,6.0,0.0,1.0
优惠,0.0,15.0,0.0,1.0
略,0.0,3.0,0.0,1.0
有时,0.0,9.0,0.0,1.0
68825888,0.0,3.0,0.0,1.0
4lRtI0APT61E0fPNeAE310wicOvtVwovj0abvK0pJzDmR6cwS1HFy8yF0IdTEpXmCw,0.0,3.0,0.0,1.0
主业,0.0,9.0,0.0,1.0
双方,0.0,3.0,0.0,1.0
Ar7mD7kqDWLOrAic9YzGs5uSfH5ia0leR3EFPr2o6BV1cJ0HDUQ,0.0,3.0,0.0,1.0
线,0.0,12.0,0.0,1.0
NsDKUib6jKPRlTmFBe2dhNdBC1iccPdfJ3iaGwQ15ibOT8ibw,0.0,3.0,0.0,1.0
b8hSibkEQNU2icdFQcX3icQHFgpnMhdOic7PxCWAsaibWPdnHLMSg4IwpGicgQ,0.0,9.0,0.0,1.0
情商,0.0,3.0,0.0,1.0
第一,0.0,21.0,0.0,1.0
消费者,0.0,66.0,0.0,1.0
08,0.0,6.0,0.0,1.0
彩宝,0.0,24.0,0.0,1.0
0.9,0.0,3.0,0.0,1.0
很,0.0,9.0,0.0,1.0
格局,0.0,3.0,0.0,1.0
顶灯,0.0,3.0,0.0,1.0
满额,0.0,6.0,0.0,1.0
名牌产品,0.0,3.0,0.0,1.0
跨越,3.0,39.0,0.07142857142857142,0.9285714285714286
原因,0.0,3.0,0.0,1.0
情绪,0.0,3.0,0.0,1.0
问候,0.0,3.0,0.0,1.0
心中,0.0,3.0,0.0,1.0
赫章,0.0,45.0,0.0,1.0
元及,0.0,9.0,0.0,1.0
MWv1wxyYgwMWaKBdiaia0pyOBrYTnPDwiayIZLd3DpnJeicSwXKQuUEtx0rCDe21zAecPn7jjzpXae7DfwjA,0.0,3.0,0.0,1.0
高不高,0.0,6.0,0.0,1.0
走,0.0,3.0,0.0,1.0
6929609,0.0,3.0,0.0,1.0
大厦,0.0,6.0,0.0,1.0
命名,0.0,3.0,0.0,1.0
楼及,0.0,3.0,0.0,1.0
雅苑,0.0,3.0,0.0,1.0
对错,0.0,3.0,0.0,1.0
身高,0.0,3.0,0.0,1.0
35,0.0,3.0,0.0,1.0
节,0.0,3.0,0.0,1.0
一身,0.0,15.0,0.0,1.0
预计,0.0,12.0,0.0,1.0
立足,0.0,9.0,0.0,1.0
毛利率,0.0,3.0,0.0,1.0
亲爱,0.0,3.0,0.0,1.0
07,0.0,3.0,0.0,1.0
及时,0.0,6.0,0.0,1.0
陶良宝,0.0,3.0,0.0,1.0
现货,0.0,9.0,0.0,1.0
亿,0.0,6.0,0.0,1.0
备,0.0,3.0,0.0,1.0
维持,0.0,3.0,0.0,1.0
采取,0.0,3.0,0.0,1.0
老化,0.0,6.0,0.0,1.0
享有,0.0,3.0,0.0,1.0
行业龙头,0.0,6.0,0.0,1.0
营业,0.0,3.0,0.0,1.0
强中,0.0,6.0,0.0,1.0
同店,0.0,9.0,0.0,1.0
市场部,0.0,3.0,0.0,1.0
花香,0.0,3.0,0.0,1.0
杨亚琴,0.0,9.0,0.0,1.0
风尚,0.0,3.0,0.0,1.0
p6Vlqvia1UiczdxM52HlkJOl4iaW4RavE2WPMKgrjq2Czaonq5nH813cty0LvKea7xfYxZ1icUqGIbfmbkUmpArT9g,0.0,3.0,0.0,1.0
金洲,0.0,9.0,0.0,1.0
店铺,0.0,3.0,0.0,1.0
→,24.0,51.0,0.32,0.68
者,0.0,15.0,0.0,1.0
ic6H5Fx7VrzvwPe1Bnb8ibvGAtnYuQJYG9fPOYqwStKfUTqTibxE9qicHhugM0XnbbbDckSapunaA,0.0,3.0,0.0,1.0
而行,0.0,3.0,0.0,1.0
城关区,0.0,3.0,0.0,1.0
企业,0.0,75.0,0.0,1.0
最新,0.0,6.0,0.0,1.0
步骤,0.0,3.0,0.0,1.0
合法权益,0.0,3.0,0.0,1.0
东阿县,0.0,3.0,0.0,1.0
不可,0.0,3.0,0.0,1.0
温暖,0.0,3.0,0.0,1.0
④,0.0,6.0,0.0,1.0
2014,0.0,21.0,0.0,1.0
表白,0.0,12.0,0.0,1.0
周百生,0.0,21.0,0.0,1.0
味道,0.0,9.0,0.0,1.0
4.39,0.0,3.0,0.0,1.0
2017,0.0,111.0,0.0,1.0
产业链,0.0,6.0,0.0,1.0
29,0.0,3.0,0.0,1.0
新疆,0.0,3.0,0.0,1.0
淅川,0.0,25.0,0.0,1.0
上方,0.0,9.0,0.0,1.0
跨境,0.0,9.0,0.0,1.0
以上,0.0,42.0,0.0,1.0
；,3.0,39.0,0.07142857142857142,0.9285714285714286
增加,0.0,6.0,0.0,1.0
无疑,0.0,3.0,0.0,1.0
呐喊助威,0.0,6.0,0.0,1.0
解除,0.0,3.0,0.0,1.0
善学,0.0,3.0,0.0,1.0
[,0.0,15.0,0.0,1.0
顺利,0.0,3.0,0.0,1.0
女孩,0.0,9.0,0.0,1.0
讨论,0.0,3.0,0.0,1.0
53.6,0.0,3.0,0.0,1.0
社会,0.0,3.0,0.0,1.0
相遇,0.0,3.0,0.0,1.0
2020,0.0,3.0,0.0,1.0
我爱你,0.0,6.0,0.0,1.0
oLper5JcgpPwULfZAI0R2esicfMMianF6shcxFcOsiaEukB9fRCQacSXPHNSZIgvshFek4TpP17LNjM2l4QIiazkg,0.0,3.0,0.0,1.0
票据,0.0,3.0,0.0,1.0
),0.0,3.0,0.0,1.0
御典,0.0,3.0,0.0,1.0
即将,0.0,18.0,0.0,1.0
100,6.0,15.0,0.2857142857142857,0.7142857142857143
回家,0.0,3.0,0.0,1.0
净,0.0,3.0,0.0,1.0
大放送,0.0,21.0,0.0,1.0
由负,0.0,3.0,0.0,1.0
可,3.0,18.0,0.14285714285714285,0.8571428571428571
第二轮,0.0,3.0,0.0,1.0
交际,0.0,3.0,0.0,1.0
演绎,0.0,6.0,0.0,1.0
倍,0.0,9.0,0.0,1.0
为准,0.0,3.0,0.0,1.0
濉溪,0.0,6.0,0.0,1.0
魅力,0.0,6.0,0.0,1.0
举行,0.0,9.0,0.0,1.0
七天,0.0,6.0,0.0,1.0
非常,0.0,3.0,0.0,1.0
emZv2qwsVF0sJvdcRp1aORZD0Gcs8jK8jqbeqByGua6V5bwGDpbzV66bTUiarZB2V6S0ueGq1dPrGVibNyzBUEKA,0.0,3.0,0.0,1.0
结合,0.0,3.0,0.0,1.0
五,0.0,12.0,0.0,1.0
第七届,0.0,9.0,0.0,1.0
2008,0.0,9.0,0.0,1.0
没关系,0.0,3.0,0.0,1.0
授予,0.0,9.0,0.0,1.0
181,0.0,6.0,0.0,1.0
绩优,0.0,6.0,0.0,1.0
地点,0.0,3.0,0.0,1.0
大盘,0.0,3.0,0.0,1.0
戒指,0.0,3.0,0.0,1.0
幻想,0.0,9.0,0.0,1.0
珠宝饰品,0.0,3.0,0.0,1.0
情话,0.0,3.0,0.0,1.0
保证,0.0,6.0,0.0,1.0
赴约,0.0,9.0,0.0,1.0
气息,0.0,6.0,0.0,1.0
差异,0.0,15.0,0.0,1.0
传统,0.0,12.0,0.0,1.0
潮流,0.0,3.0,0.0,1.0
东购,0.0,3.0,0.0,1.0
宜黄县,0.0,6.0,0.0,1.0
2.57,0.0,3.0,0.0,1.0
中百,0.0,3.0,0.0,1.0
6cWYHi,0.0,6.0,0.0,1.0
建行,0.0,36.0,0.0,1.0
祝,0.0,12.0,0.0,1.0
克,0.0,15.0,0.0,1.0
长假,0.0,3.0,0.0,1.0
任何,0.0,9.0,0.0,1.0
申万,0.0,3.0,0.0,1.0
卡,0.0,6.0,0.0,1.0
简单,0.0,3.0,0.0,1.0
一场,0.0,21.0,0.0,1.0
底商,0.0,6.0,0.0,1.0
助力,0.0,6.0,0.0,1.0
楼,6.0,154.0,0.0375,0.9625
订阅,0.0,9.0,0.0,1.0
通过,3.0,9.0,0.25,0.75
国家级,0.0,12.0,0.0,1.0
分厂,0.0,3.0,0.0,1.0
党委,0.0,3.0,0.0,1.0
纪念,0.0,3.0,0.0,1.0
豫园,0.0,9.0,0.0,1.0
进入,0.0,6.0,0.0,1.0
4.93,0.0,3.0,0.0,1.0
边炳森,0.0,3.0,0.0,1.0
领域,0.0,3.0,0.0,1.0
该,0.0,6.0,0.0,1.0
标签,0.0,3.0,0.0,1.0
支持,3.0,6.0,0.3333333333333333,0.6666666666666666
海外,0.0,6.0,0.0,1.0
专卖,0.0,31.0,0.0,1.0
厂,0.0,12.0,0.0,1.0
非遗,0.0,3.0,0.0,1.0
打开,6.0,3.0,0.6666666666666666,0.3333333333333333
凤,3.0,21.0,0.125,0.875
触底,0.0,3.0,0.0,1.0
8108575,0.0,3.0,0.0,1.0
76.9,0.0,3.0,0.0,1.0
扣非,0.0,3.0,0.0,1.0
圆满成功,0.0,9.0,0.0,1.0
开具,0.0,3.0,0.0,1.0
大同路,0.0,3.0,0.0,1.0
代表,0.0,15.0,0.0,1.0
珠宝首饰,0.0,57.0,0.0,1.0
近期,0.0,9.0,0.0,1.0
普通,0.0,3.0,0.0,1.0
以来,0.0,9.0,0.0,1.0
两点,0.0,3.0,0.0,1.0
征集,0.0,12.0,0.0,1.0
国庆,0.0,3.0,0.0,1.0
金牌,0.0,9.0,0.0,1.0
EN0nJibf0M2KjVGnDibAXPPpUK82sVStDmQCeCgfCkItjKeJbUtJEMdJHDMOwC74RMsc8tVSECbfStQ,0.0,3.0,0.0,1.0
环县,0.0,3.0,0.0,1.0
看到,0.0,3.0,0.0,1.0
各地,0.0,6.0,0.0,1.0
博物馆,0.0,3.0,0.0,1.0
功能,3.0,3.0,0.5,0.5
eZ4QE99ibZW9XJJAOicTicsvBy4e0DOTwoXPibFias6g,0.0,3.0,0.0,1.0
林东,0.0,9.0,0.0,1.0
内,0.0,12.0,0.0,1.0
想到,0.0,3.0,0.0,1.0
繁多,0.0,3.0,0.0,1.0
~,0.0,51.0,0.0,1.0
悠久,3.0,21.0,0.125,0.875
樱桃,0.0,12.0,0.0,1.0
5ZHMKG,0.0,3.0,0.0,1.0
【,5.0,114.0,0.04201680672268908,0.957983193277311
36,0.0,3.0,0.0,1.0
Mu21us68CZambqLHGjwzLryx7RibtvfclLODl6ZbVRtV3rlDpjibicPbQup4nT8Ejw,0.0,3.0,0.0,1.0
钻饰,0.0,6.0,0.0,1.0
小熊维尼,0.0,6.0,0.0,1.0
保障,0.0,6.0,0.0,1.0
多元化,0.0,3.0,0.0,1.0
人民,0.0,12.0,0.0,1.0
儿,0.0,3.0,0.0,1.0
小于,0.0,3.0,0.0,1.0
时尚,0.0,66.0,0.0,1.0
海口市,0.0,6.0,0.0,1.0
fDiaeKRCsb1JibfecLPkFlDCRqQlbicQriaUrHlKwnk4Dk7RVGI4nv1q0ISss7YQE4DdcLg06BWibIE1qA,0.0,3.0,0.0,1.0
表达,0.0,12.0,0.0,1.0
国君,0.0,12.0,0.0,1.0
237.19,0.0,3.0,0.0,1.0
股价,0.0,15.0,0.0,1.0
作为,0.0,15.0,0.0,1.0
2.94,0.0,3.0,0.0,1.0
自身,0.0,3.0,0.0,1.0
手镯,0.0,3.0,0.0,1.0
189,0.0,9.0,0.0,1.0
7668766,0.0,3.0,0.0,1.0
榜,0.0,9.0,0.0,1.0
两家,0.0,3.0,0.0,1.0
连续,0.0,9.0,0.0,1.0
文化底蕴,3.0,21.0,0.125,0.875
硬,0.0,3.0,0.0,1.0
回复,0.0,6.0,0.0,1.0
目前,0.0,24.0,0.0,1.0
航线,0.0,3.0,0.0,1.0
大气,0.0,12.0,0.0,1.0
产业结构,3.0,21.0,0.125,0.875
调整,0.0,15.0,0.0,1.0
东方女性,0.0,3.0,0.0,1.0
DQ2wxdbNkqEcOCTJdicuqHxs3FtXwVndg,0.0,3.0,0.0,1.0
时代,0.0,6.0,0.0,1.0
交流,0.0,3.0,0.0,1.0
世纪,3.0,45.0,0.0625,0.9375
课堂,0.0,9.0,0.0,1.0
24.05,0.0,3.0,0.0,1.0
买入,0.0,6.0,0.0,1.0
起点,0.0,3.0,0.0,1.0
湾,0.0,9.0,0.0,1.0
装修,0.0,6.0,0.0,1.0
加强,0.0,6.0,0.0,1.0
做,0.0,27.0,0.0,1.0
强势,0.0,9.0,0.0,1.0
代言人,0.0,3.0,0.0,1.0
争取,0.0,6.0,0.0,1.0
ianq03UUWGmKBiaFRAtInJGYgEuY433yBFzhHLZ3teoD3buiaMl,0.0,3.0,0.0,1.0
阅读,0.0,3.0,0.0,1.0
婚姻,0.0,12.0,0.0,1.0
触动,0.0,3.0,0.0,1.0
祥,3.0,21.0,0.125,0.875
广发,0.0,12.0,0.0,1.0
帮,0.0,18.0,0.0,1.0
光彩,0.0,3.0,0.0,1.0
薰,0.0,3.0,0.0,1.0
发布会,0.0,9.0,0.0,1.0
可能,0.0,9.0,0.0,1.0
让利,0.0,3.0,0.0,1.0
我心,0.0,6.0,0.0,1.0
迪士尼,0.0,57.0,0.0,1.0
357.12,0.0,3.0,0.0,1.0
重点,0.0,18.0,0.0,1.0
址,0.0,3.0,0.0,1.0
ztk6KKShLzPkZ3afW4icZer,0.0,3.0,0.0,1.0
76050600,0.0,3.0,0.0,1.0
条例,0.0,9.0,0.0,1.0
最佳,0.0,6.0,0.0,1.0
多元,0.0,3.0,0.0,1.0
处理结果,0.0,3.0,0.0,1.0
升级,0.0,9.0,0.0,1.0
相伴,0.0,3.0,0.0,1.0
智商,0.0,3.0,0.0,1.0
着,0.0,3.0,0.0,1.0
了解,0.0,9.0,0.0,1.0
YQNiau2w19ibWpB7188KwbzE450ADOtA,0.0,3.0,0.0,1.0
8255458,0.0,3.0,0.0,1.0
iOS,3.0,3.0,0.5,0.5
满意,0.0,6.0,0.0,1.0
区,3.0,9.0,0.25,0.75
以,0.0,27.0,0.0,1.0
近几年,0.0,3.0,0.0,1.0
可怕,0.0,9.0,0.0,1.0
222.91,0.0,6.0,0.0,1.0
书记,0.0,3.0,0.0,1.0
尤其,0.0,3.0,0.0,1.0
向往,0.0,3.0,0.0,1.0
抢先,0.0,3.0,0.0,1.0
全国,0.0,27.0,0.0,1.0
一层,0.0,6.0,0.0,1.0
热情,0.0,3.0,0.0,1.0
无论是,0.0,3.0,0.0,1.0
弹琴,0.0,3.0,0.0,1.0
总额,0.0,6.0,0.0,1.0
过,0.0,3.0,0.0,1.0
投料,0.0,3.0,0.0,1.0
颁奖,0.0,6.0,0.0,1.0
副,0.0,3.0,0.0,1.0
我国,0.0,3.0,0.0,1.0
配置,0.0,6.0,0.0,1.0
王先生,0.0,6.0,0.0,1.0
包换,0.0,3.0,0.0,1.0
走心,0.0,3.0,0.0,1.0
血红,0.0,3.0,0.0,1.0
YNgmZ5ATibLicTwLumibdc5h5MrgTSxtxQXZUg8Gvqu54rDHxASJCbcZDRvfj35UlC88KSUdTzWjCA,0.0,3.0,0.0,1.0
牌子,0.0,9.0,0.0,1.0
书法,0.0,3.0,0.0,1.0
最高,0.0,3.0,0.0,1.0
款式,0.0,12.0,0.0,1.0
覆盖全国,0.0,12.0,0.0,1.0
宣传,0.0,3.0,0.0,1.0
珐琅,0.0,9.0,0.0,1.0
应聘,0.0,6.0,0.0,1.0
每一件,0.0,3.0,0.0,1.0
产供销,0.0,15.0,0.0,1.0
比较,0.0,9.0,0.0,1.0
店,0.0,30.0,0.0,1.0
传统工艺,0.0,3.0,0.0,1.0
思维,0.0,3.0,0.0,1.0
一起,0.0,6.0,0.0,1.0
卡通,0.0,3.0,0.0,1.0
街,0.0,3.0,0.0,1.0
出示,0.0,3.0,0.0,1.0
直接,0.0,6.0,0.0,1.0
经典,3.0,69.0,0.041666666666666664,0.9583333333333334
沪,0.0,3.0,0.0,1.0
一方,0.0,3.0,0.0,1.0
恒久,0.0,6.0,0.0,1.0
人过,0.0,9.0,0.0,1.0
老字号,0.0,21.0,0.0,1.0
人人乐,0.0,3.0,0.0,1.0
黄,0.0,3.0,0.0,1.0
估值,0.0,18.0,0.0,1.0
美钻,0.0,6.0,0.0,1.0
WohcNpO48dnibNtiaZbEu3mIkol4L7vzdXXmufo,0.0,3.0,0.0,1.0
至善,0.0,3.0,0.0,1.0
2017.4,0.0,3.0,0.0,1.0
镇平,0.0,9.0,0.0,1.0
完整,0.0,6.0,0.0,1.0
oq7ztdp7Cp0ia7TOiar1vGUdkd3IiaQYzXuvPi,0.0,3.0,0.0,1.0
意义,0.0,12.0,0.0,1.0
跌幅,0.0,3.0,0.0,1.0
销售额,0.0,9.0,0.0,1.0
162,0.0,3.0,0.0,1.0
表现,0.0,12.0,0.0,1.0
1759,0.0,3.0,0.0,1.0
源于,0.0,6.0,0.0,1.0
89,0.0,3.0,0.0,1.0
精神,0.0,3.0,0.0,1.0
加工,0.0,9.0,0.0,1.0
黄浦区,0.0,3.0,0.0,1.0
发票,0.0,3.0,0.0,1.0
家化,0.0,6.0,0.0,1.0
从而,0.0,3.0,0.0,1.0
规定,3.0,9.0,0.25,0.75
文人,0.0,3.0,0.0,1.0
财务指标,0.0,3.0,0.0,1.0
市场,0.0,27.0,0.0,1.0
单身,0.0,9.0,0.0,1.0
问题,0.0,18.0,0.0,1.0
每天,0.0,3.0,0.0,1.0
人生,0.0,3.0,0.0,1.0
体验,0.0,6.0,0.0,1.0
高达,0.0,3.0,0.0,1.0
文艺,0.0,3.0,0.0,1.0
目标,0.0,3.0,0.0,1.0
并,0.0,12.0,0.0,1.0
用,0.0,12.0,0.0,1.0
万家,0.0,3.0,0.0,1.0
来宾,0.0,3.0,0.0,1.0
Beauty,0.0,18.0,0.0,1.0
分子,0.0,3.0,0.0,1.0
在,11.0,183.0,0.05670103092783505,0.9432989690721649
产品设计,0.0,9.0,0.0,1.0
二等奖,0.0,3.0,0.0,1.0
发扬,0.0,3.0,0.0,1.0
19,0.0,6.0,0.0,1.0
侵权,0.0,6.0,0.0,1.0
净利润,0.0,3.0,0.0,1.0
走出,0.0,3.0,0.0,1.0
|,0.0,84.0,0.0,1.0
差距,0.0,3.0,0.0,1.0
信号,0.0,6.0,0.0,1.0
扫,0.0,3.0,0.0,1.0
不变,0.0,3.0,0.0,1.0
貔貅,5.0,0.0,1.0,0.0
新婚,0.0,3.0,0.0,1.0
端庄,0.0,3.0,0.0,1.0
完美,0.0,21.0,0.0,1.0
告知,0.0,6.0,0.0,1.0
透露,0.0,3.0,0.0,1.0
aWpdyYia5zI2GygRXIZDunTK6icDFVpPBiaPAp3cmmhMTkBkQZhzDh4pJESGGpY9ibTvkEAtdVD5Rgn7lg,0.0,3.0,0.0,1.0
这个,0.0,12.0,0.0,1.0
RS6Xbdg3v5DwO6CUC0iaiaYibzPNVurAE7w55Tibnhb1VRmg5gwsyeBXy8KibukGFEtnNSI6dhfnpMqM0feNPamefUg,0.0,3.0,0.0,1.0
下白,0.0,3.0,0.0,1.0
研发,0.0,3.0,0.0,1.0
信誉,0.0,12.0,0.0,1.0
品牌优势,0.0,3.0,0.0,1.0
活动,0.0,102.0,0.0,1.0
共享,0.0,3.0,0.0,1.0
创始,0.0,15.0,0.0,1.0
爱,0.0,84.0,0.0,1.0
确保,0.0,9.0,0.0,1.0
慈航,0.0,9.0,0.0,1.0
下降,0.0,12.0,0.0,1.0
―,0.0,24.0,0.0,1.0
手机,0.0,3.0,0.0,1.0
大多数,0.0,6.0,0.0,1.0
领取,0.0,39.0,0.0,1.0
售后服务,0.0,9.0,0.0,1.0
宝石,0.0,12.0,0.0,1.0
高标准,0.0,3.0,0.0,1.0
水平,0.0,15.0,0.0,1.0
全面,0.0,3.0,0.0,1.0
德金,0.0,6.0,0.0,1.0
字牌,0.0,9.0,0.0,1.0
5.21,0.0,3.0,0.0,1.0
对应,0.0,6.0,0.0,1.0
年,6.0,249.0,0.023529411764705882,0.9764705882352941
鄂,0.0,51.0,0.0,1.0
领军,0.0,3.0,0.0,1.0
1.7,0.0,3.0,0.0,1.0
具体,0.0,3.0,0.0,1.0
使得,0.0,3.0,0.0,1.0
mPXbrwaEgbGjv7JdcKicHfqdH1w,0.0,3.0,0.0,1.0
质量保证,0.0,3.0,0.0,1.0
/,0.0,1041.0,0.0,1.0
鸽,0.0,3.0,0.0,1.0
刚泰,0.0,3.0,0.0,1.0
每人,0.0,9.0,0.0,1.0
免费,0.0,15.0,0.0,1.0
家电,0.0,3.0,0.0,1.0
抽奖,0.0,15.0,0.0,1.0
7000,0.0,3.0,0.0,1.0
26.82,0.0,3.0,0.0,1.0
科工贸,3.0,24.0,0.1111111111111111,0.8888888888888888
人才,0.0,9.0,0.0,1.0
来源于,0.0,6.0,0.0,1.0
永恒,0.0,9.0,0.0,1.0
大,0.0,30.0,0.0,1.0
典当行,0.0,3.0,0.0,1.0
丹尼斯,0.0,6.0,0.0,1.0
宴用,0.0,3.0,0.0,1.0
店中店,0.0,3.0,0.0,1.0
exKjGPYDsEN0FPu8W6q8MTUBKyBbaadz2Ex09gc9o5l54jyzR,0.0,3.0,0.0,1.0
德勤,0.0,9.0,0.0,1.0
们,0.0,3.0,0.0,1.0
简介,0.0,3.0,0.0,1.0
＆,0.0,6.0,0.0,1.0
陪伴,0.0,9.0,0.0,1.0
榜单,0.0,12.0,0.0,1.0
相对,0.0,12.0,0.0,1.0
大厂,0.0,9.0,0.0,1.0
48,0.0,3.0,0.0,1.0
荣登,0.0,3.0,0.0,1.0
创业,0.0,9.0,0.0,1.0
开始,0.0,15.0,0.0,1.0
jpg,0.0,54.0,0.0,1.0
搞,0.0,6.0,0.0,1.0
交易所,0.0,3.0,0.0,1.0
戴着,0.0,3.0,0.0,1.0
尊贵,0.0,3.0,0.0,1.0
老伴,0.0,3.0,0.0,1.0
本店,0.0,3.0,0.0,1.0
梦想,0.0,3.0,0.0,1.0
五一,0.0,30.0,0.0,1.0
仍然,0.0,6.0,0.0,1.0
精良,0.0,3.0,0.0,1.0
首商,0.0,3.0,0.0,1.0
涨跌幅,0.0,3.0,0.0,1.0
人物,0.0,3.0,0.0,1.0
推出,0.0,3.0,0.0,1.0
87,0.0,3.0,0.0,1.0
已经,0.0,9.0,0.0,1.0
抚州市,0.0,3.0,0.0,1.0
著名,0.0,15.0,0.0,1.0
米奇,0.0,21.0,0.0,1.0
前河路,0.0,6.0,0.0,1.0
高品质,0.0,9.0,0.0,1.0
银,0.0,12.0,0.0,1.0
76663629,0.0,3.0,0.0,1.0
天虹,0.0,21.0,0.0,1.0
王恩生,0.0,3.0,0.0,1.0
后面,0.0,3.0,0.0,1.0
86562608,0.0,3.0,0.0,1.0
师傅,0.0,3.0,0.0,1.0
右上角,3.0,45.0,0.0625,0.9375
眼眸,0.0,3.0,0.0,1.0
约惠,0.0,9.0,0.0,1.0
5.19,0.0,3.0,0.0,1.0
华丽,0.0,3.0,0.0,1.0
无瑕,0.0,3.0,0.0,1.0
周转率,0.0,3.0,0.0,1.0
极佳,0.0,3.0,0.0,1.0
3,0.0,12.0,0.0,1.0
共同,0.0,3.0,0.0,1.0
卡有,0.0,6.0,0.0,1.0
好,0.0,18.0,0.0,1.0
ZUI,0.0,3.0,0.0,1.0
谅解,0.0,3.0,0.0,1.0
后顾之忧,0.0,3.0,0.0,1.0
5.1,0.0,3.0,0.0,1.0
底部,0.0,3.0,0.0,1.0
伊份,0.0,3.0,0.0,1.0
到底,0.0,24.0,0.0,1.0
三个,3.0,39.0,0.07142857142857142,0.9285714285714286
基础,0.0,3.0,0.0,1.0
媒体,0.0,3.0,0.0,1.0
见证,0.0,18.0,0.0,1.0
合格,0.0,3.0,0.0,1.0
可见,0.0,3.0,0.0,1.0
第二名,0.0,3.0,0.0,1.0
将要,0.0,6.0,0.0,1.0
选三金,0.0,3.0,0.0,1.0
路,0.0,6.0,0.0,1.0
hica1dNib6RcEEjyTQ2wbLibFJSV8SG8ajYqU7jjY8pP5hO6ib9RT5eczE8dT5Ax9g6E5GqfSLOrziczNvVvU9GaNMQ,0.0,3.0,0.0,1.0
大奖,0.0,15.0,0.0,1.0
价从,0.0,3.0,0.0,1.0
珠宝行,0.0,15.0,0.0,1.0
大叔,0.0,3.0,0.0,1.0
组合,0.0,3.0,0.0,1.0
①,3.0,6.0,0.3333333333333333,0.6666666666666666
—,0.0,84.0,0.0,1.0
过去,0.0,6.0,0.0,1.0
一位,0.0,12.0,0.0,1.0
限购,0.0,9.0,0.0,1.0
老庙,0.0,31.0,0.0,1.0
比如,0.0,6.0,0.0,1.0
IMAGE,0.0,204.0,0.0,1.0
把关,0.0,3.0,0.0,1.0
鸾凤和鸣,0.0,3.0,0.0,1.0
走势,0.0,9.0,0.0,1.0
最终,0.0,6.0,0.0,1.0
多,3.0,72.0,0.04,0.96
月,0.0,123.0,0.0,1.0
为什么,5.0,3.0,0.625,0.375
获得者,0.0,9.0,0.0,1.0
领略,0.0,3.0,0.0,1.0
下滑,0.0,6.0,0.0,1.0
第一手,0.0,3.0,0.0,1.0
百年,0.0,69.0,0.0,1.0
耀眼,0.0,3.0,0.0,1.0
那天,0.0,9.0,0.0,1.0
沿革,0.0,6.0,0.0,1.0
实现,0.0,9.0,0.0,1.0
新闻,0.0,6.0,0.0,1.0
百变,0.0,6.0,0.0,1.0
21,0.0,24.0,0.0,1.0
获颁,0.0,12.0,0.0,1.0
周生生,0.0,3.0,0.0,1.0
招聘,0.0,3.0,0.0,1.0
大中华,0.0,6.0,0.0,1.0
1959,0.0,3.0,0.0,1.0
单,0.0,3.0,0.0,1.0
每年,0.0,3.0,0.0,1.0
1300,0.0,3.0,0.0,1.0
夏天,0.0,3.0,0.0,1.0
!,0.0,12.0,0.0,1.0
福利,0.0,12.0,0.0,1.0
对于,0.0,3.0,0.0,1.0
全,0.0,3.0,0.0,1.0
云商,0.0,30.0,0.0,1.0
信心,0.0,6.0,0.0,1.0
覆盖率,0.0,3.0,0.0,1.0
琴棋书画,0.0,12.0,0.0,1.0
最,0.0,21.0,0.0,1.0
扫一扫,3.0,0.0,1.0,0.0
后来,0.0,3.0,0.0,1.0
Fb0u2YAPRHtvRHrmicKOOrfqubqoQsicxZHialdJs9M1BiaGDkveaibwObJwC31VicbMWicND1awuug,0.0,3.0,0.0,1.0
这门,0.0,3.0,0.0,1.0
进行,0.0,6.0,0.0,1.0
拿,0.0,3.0,0.0,1.0
检测,0.0,3.0,0.0,1.0
耐心,0.0,3.0,0.0,1.0
220.34,0.0,3.0,0.0,1.0
陇海路,0.0,3.0,0.0,1.0
带有,0.0,3.0,0.0,1.0
春天,0.0,3.0,0.0,1.0
名列,0.0,21.0,0.0,1.0
能够,0.0,3.0,0.0,1.0
得名,0.0,3.0,0.0,1.0
这是,0.0,3.0,0.0,1.0
评选,0.0,3.0,0.0,1.0
楼下,0.0,3.0,0.0,1.0
一部,0.0,3.0,0.0,1.0
研究,0.0,3.0,0.0,1.0
小宝贝,0.0,12.0,0.0,1.0
1943,0.0,3.0,0.0,1.0
宏图,0.0,3.0,0.0,1.0
购物中心,0.0,6.0,0.0,1.0
市,0.0,3.0,0.0,1.0
第二批,0.0,3.0,0.0,1.0
青睐,0.0,3.0,0.0,1.0
所,0.0,9.0,0.0,1.0
成,0.0,6.0,0.0,1.0
低估,0.0,3.0,0.0,1.0
Q04aic6k6BlOa0t3nwam8t4oCcjYH6ic,0.0,3.0,0.0,1.0
美学,0.0,3.0,0.0,1.0
成长,0.0,6.0,0.0,1.0
快,0.0,6.0,0.0,1.0
1848,3.0,45.0,0.0625,0.9375
13,0.0,15.0,0.0,1.0
加快,0.0,3.0,0.0,1.0
微,0.0,6.0,0.0,1.0
检测站,0.0,3.0,0.0,1.0
精,0.0,12.0,0.0,1.0
优势,0.0,12.0,0.0,1.0
参加,0.0,9.0,0.0,1.0
上,0.0,15.0,0.0,1.0
转正,0.0,3.0,0.0,1.0
米妮,0.0,3.0,0.0,1.0
8877676,0.0,3.0,0.0,1.0
幸福,0.0,18.0,0.0,1.0
http,0.0,219.0,0.0,1.0
正规,0.0,3.0,0.0,1.0
现场,0.0,3.0,0.0,1.0
优秀,0.0,9.0,0.0,1.0
由,0.0,27.0,0.0,1.0
滞后,0.0,3.0,0.0,1.0
love,0.0,6.0,0.0,1.0
名牌,0.0,6.0,0.0,1.0
2900011,3.0,3.0,0.5,0.5
差,0.0,12.0,0.0,1.0
承诺,0.0,12.0,0.0,1.0
1000,0.0,6.0,0.0,1.0
特别,0.0,3.0,0.0,1.0
本县,0.0,3.0,0.0,1.0
一景,0.0,6.0,0.0,1.0
仿冒,0.0,3.0,0.0,1.0
再谈,0.0,6.0,0.0,1.0
更新,0.0,3.0,0.0,1.0
位,0.0,48.0,0.0,1.0
Interbrand,0.0,3.0,0.0,1.0
抢,0.0,9.0,0.0,1.0
呈现,0.0,6.0,0.0,1.0
秘诀,0.0,6.0,0.0,1.0
设计,0.0,24.0,0.0,1.0
AjGFOL51rKuom7qDKPaDmTXbfUTZWwiauj8V7nYsLyXPkQxDticWhQQPmo7ibAQx4POge7ncCJBg,0.0,3.0,0.0,1.0
连锁,0.0,12.0,0.0,1.0
要,5.0,12.0,0.29411764705882354,0.7058823529411765
美的,0.0,9.0,0.0,1.0
盛源,0.0,18.0,0.0,1.0
凤祥,0.0,6.0,0.0,1.0
女人,0.0,6.0,0.0,1.0
点击,9.0,66.0,0.12,0.88
方式,0.0,12.0,0.0,1.0
600828,0.0,3.0,0.0,1.0
等,3.0,108.0,0.02702702702702703,0.972972972972973
报名,0.0,18.0,0.0,1.0
成功,0.0,9.0,0.0,1.0
A,0.0,27.0,0.0,1.0
Lo7ia7UsPa9A8TkQWWF74nqI1ibfZ2oiaHIHBmKQrev4,0.0,3.0,0.0,1.0
遇见,0.0,12.0,0.0,1.0
高端,0.0,3.0,0.0,1.0
金银,0.0,18.0,0.0,1.0
起家,0.0,3.0,0.0,1.0
可不,0.0,3.0,0.0,1.0
本,0.0,3.0,0.0,1.0
落户,0.0,3.0,0.0,1.0
影响力,0.0,3.0,0.0,1.0
贵金属,0.0,3.0,0.0,1.0
身份,0.0,3.0,0.0,1.0
善,0.0,3.0,0.0,1.0
小编,0.0,3.0,0.0,1.0
围观,0.0,6.0,0.0,1.0
00011,0.0,3.0,0.0,1.0
300,0.0,6.0,0.0,1.0
告白,0.0,36.0,0.0,1.0
动动手,0.0,3.0,0.0,1.0
提供,0.0,18.0,0.0,1.0
东方,0.0,12.0,0.0,1.0
冰凉,0.0,3.0,0.0,1.0
抽,0.0,3.0,0.0,1.0
敢,0.0,9.0,0.0,1.0
365,0.0,3.0,0.0,1.0
这位,0.0,3.0,0.0,1.0
解放,3.0,6.0,0.3333333333333333,0.6666666666666666
出席,0.0,3.0,0.0,1.0
全城,0.0,33.0,0.0,1.0
礼品厂,0.0,3.0,0.0,1.0
代表性,0.0,3.0,0.0,1.0
导致,0.0,9.0,0.0,1.0
战略目标,0.0,6.0,0.0,1.0
任性,0.0,3.0,0.0,1.0
0l8orDVfKlsLcpYdDTJzSFrT5HCCfh6ZKAoxb8uAQw,0.0,3.0,0.0,1.0
股票,0.0,3.0,0.0,1.0
14,0.0,6.0,0.0,1.0
显现,0.0,6.0,0.0,1.0
新亚,3.0,0.0,1.0,0.0
一号,0.0,3.0,0.0,1.0
mate9,0.0,3.0,0.0,1.0
特别奖,0.0,3.0,0.0,1.0
总是,0.0,3.0,0.0,1.0
」,0.0,18.0,0.0,1.0
于,6.0,93.0,0.06060606060606061,0.9393939393939394
餐具,0.0,3.0,0.0,1.0
中街,0.0,3.0,0.0,1.0
翡翠,0.0,3.0,0.0,1.0
浙江,0.0,3.0,0.0,1.0
黄金价格,0.0,15.0,0.0,1.0
啤酒,0.0,3.0,0.0,1.0
对待,0.0,3.0,0.0,1.0
好运,0.0,3.0,0.0,1.0
其以,0.0,3.0,0.0,1.0
25,0.0,12.0,0.0,1.0
深,0.0,3.0,0.0,1.0
完善,0.0,6.0,0.0,1.0
才,0.0,6.0,0.0,1.0
随意,0.0,3.0,0.0,1.0
各类,0.0,6.0,0.0,1.0
向,3.0,15.0,0.16666666666666666,0.8333333333333334
End,0.0,3.0,0.0,1.0
温馨,0.0,9.0,0.0,1.0
公元,3.0,21.0,0.125,0.875
关于,3.0,18.0,0.14285714285714285,0.8571428571428571
yQXzK9ibQmYQGpicqK3LQMeOM4UKIx1icN3Qe94RccvicQBfMIdew2eO2cd3Tw,0.0,3.0,0.0,1.0
唯一,0.0,3.0,0.0,1.0
工作,0.0,3.0,0.0,1.0
2010,0.0,3.0,0.0,1.0
工商行政管理局,0.0,3.0,0.0,1.0
四个,0.0,3.0,0.0,1.0
拍卖行,0.0,3.0,0.0,1.0
不晚,0.0,3.0,0.0,1.0
显著,0.0,18.0,0.0,1.0
wx,0.0,162.0,0.0,1.0
稳健,0.0,3.0,0.0,1.0
永辉,0.0,45.0,0.0,1.0
南极,0.0,6.0,0.0,1.0
请拨,0.0,3.0,0.0,1.0
淮河路,0.0,9.0,0.0,1.0
购买,0.0,12.0,0.0,1.0
想要,0.0,6.0,0.0,1.0
这些,0.0,3.0,0.0,1.0
醉入,0.0,3.0,0.0,1.0
费诚昌,0.0,3.0,0.0,1.0
北京人民大会堂,0.0,3.0,0.0,1.0
机会,0.0,15.0,0.0,1.0
2988,0.0,3.0,0.0,1.0
越,0.0,3.0,0.0,1.0
草根,0.0,9.0,0.0,1.0
送,0.0,27.0,0.0,1.0
取得,0.0,6.0,0.0,1.0
本身,0.0,3.0,0.0,1.0
稳步,0.0,3.0,0.0,1.0
五角,0.0,3.0,0.0,1.0
二店,0.0,6.0,0.0,1.0
理念,0.0,9.0,0.0,1.0
新,6.0,42.0,0.125,0.875
葵花,0.0,3.0,0.0,1.0
上涨,0.0,3.0,0.0,1.0
是,0.0,174.0,0.0,1.0
变革,0.0,3.0,0.0,1.0
对面,0.0,21.0,0.0,1.0
钟爱,0.0,3.0,0.0,1.0
喜爱,0.0,6.0,0.0,1.0
众多,0.0,3.0,0.0,1.0
爱心,0.0,3.0,0.0,1.0
授权,0.0,3.0,0.0,1.0
许下,0.0,3.0,0.0,1.0
顺应,0.0,3.0,0.0,1.0
使用,0.0,12.0,0.0,1.0
季,0.0,6.0,0.0,1.0
观察,0.0,3.0,0.0,1.0
车站,0.0,3.0,0.0,1.0
规模,3.0,27.0,0.1,0.9
黄雯,0.0,3.0,0.0,1.0
>,0.0,198.0,0.0,1.0
启航,0.0,6.0,0.0,1.0
规划,0.0,6.0,0.0,1.0
2015,0.0,6.0,0.0,1.0
零售,0.0,30.0,0.0,1.0
美国,0.0,6.0,0.0,1.0
有望,0.0,12.0,0.0,1.0
详情请,0.0,3.0,0.0,1.0
混改,0.0,3.0,0.0,1.0
费祖寿,0.0,3.0,0.0,1.0
做优,0.0,3.0,0.0,1.0
购物,0.0,3.0,0.0,1.0
总代,0.0,3.0,0.0,1.0
时间,0.0,33.0,0.0,1.0
200,0.0,15.0,0.0,1.0
届,0.0,12.0,0.0,1.0
方面,3.0,36.0,0.07692307692307693,0.9230769230769231
奖品,0.0,12.0,0.0,1.0
荣誉,0.0,18.0,0.0,1.0
出现,0.0,12.0,0.0,1.0
驱动,0.0,6.0,0.0,1.0
西大街,0.0,6.0,0.0,1.0
ibiaF4IVzCL1mJ7WKTUQpGj4QTDV8oIu0Brhwm0d3tiboR68vVNRdGlkRmjrMM8Lkz44HY914ofjtjEHDEaLyydsQ,0.0,3.0,0.0,1.0
带动,0.0,3.0,0.0,1.0
最具,0.0,18.0,0.0,1.0
经营,0.0,18.0,0.0,1.0
付款,0.0,9.0,0.0,1.0
90,0.0,3.0,0.0,1.0
珍惜,0.0,3.0,0.0,1.0
白银,0.0,3.0,0.0,1.0
·,0.0,189.0,0.0,1.0
选,0.0,9.0,0.0,1.0
先进,0.0,3.0,0.0,1.0
岁月,0.0,3.0,0.0,1.0
产品类别,0.0,3.0,0.0,1.0
不好,0.0,6.0,0.0,1.0
品类,0.0,3.0,0.0,1.0
地,0.0,15.0,0.0,1.0
偏东,0.0,3.0,0.0,1.0
珠宝,3.0,165.0,0.017857142857142856,0.9821428571428571
行业,0.0,45.0,0.0,1.0
监控,0.0,3.0,0.0,1.0
间,0.0,3.0,0.0,1.0
超值,0.0,6.0,0.0,1.0
个性化,0.0,3.0,0.0,1.0
huaibei,0.0,6.0,0.0,1.0
QraoibYhvxOtW0VVvVbpTrEqdmjMianmCZ4tM2oZDggIOibxKZRjmIzbpFFMIUVhYC3lV5viajESnEWEluicIclAFcQ,0.0,3.0,0.0,1.0
zCL1n1ITn2edsMibIcM2DbbEbPsPzltpaubfo9uBgZkx95S7AUIea3d1yKqT0Nt4vSBeGQtuUJRhD6Nag,0.0,3.0,0.0,1.0
日前,0.0,3.0,0.0,1.0
比,0.0,27.0,0.0,1.0
岁,0.0,6.0,0.0,1.0
早晚,0.0,3.0,0.0,1.0
达到,0.0,6.0,0.0,1.0
生产,0.0,6.0,0.0,1.0
有限公司,0.0,45.0,0.0,1.0
只,0.0,9.0,0.0,1.0
吴太平,0.0,3.0,0.0,1.0
资金雄厚,0.0,6.0,0.0,1.0
品牌价值,0.0,12.0,0.0,1.0
南,3.0,0.0,1.0,0.0
一件,0.0,12.0,0.0,1.0
耗时,0.0,3.0,0.0,1.0
严要求,0.0,3.0,0.0,1.0
蝉联,0.0,18.0,0.0,1.0
个,0.0,12.0,0.0,1.0
商城,0.0,9.0,0.0,1.0
建设银行,0.0,3.0,0.0,1.0
13343779796,0.0,3.0,0.0,1.0
18839101456,0.0,3.0,0.0,1.0
地区,0.0,9.0,0.0,1.0
积极,0.0,3.0,0.0,1.0
零,0.0,3.0,0.0,1.0
香港地区,0.0,6.0,0.0,1.0
珍贵,0.0,3.0,0.0,1.0
旗袍,0.0,3.0,0.0,1.0
集团,0.0,15.0,0.0,1.0
提前,0.0,21.0,0.0,1.0
归,0.0,3.0,0.0,1.0
女士,0.0,3.0,0.0,1.0
位列,0.0,6.0,0.0,1.0
银楼,0.0,24.0,0.0,1.0
9878,0.0,3.0,0.0,1.0
4,0.0,15.0,0.0,1.0
特立独行,0.0,6.0,0.0,1.0
更换,0.0,3.0,0.0,1.0
发现,3.0,6.0,0.3333333333333333,0.6666666666666666
展销会,0.0,6.0,0.0,1.0
不仅,0.0,3.0,0.0,1.0
知名,0.0,6.0,0.0,1.0
0vj89SiaMZWebicMFUHpGYUShuYKrMbaEXiblhBhTHIV2B7hdSjKxvporvHiafmtfxFqus2Flt0nvPic1epsdwnOTZA,0.0,3.0,0.0,1.0
说白了,0.0,3.0,0.0,1.0
特殊,0.0,12.0,0.0,1.0
周,0.0,6.0,0.0,1.0
5.93,0.0,3.0,0.0,1.0
更是,0.0,3.0,0.0,1.0
产品线,0.0,3.0,0.0,1.0
说,0.0,15.0,0.0,1.0
八宝,0.0,3.0,0.0,1.0
等等,0.0,3.0,0.0,1.0
TSMPW8hhCBCoto4X0bZiar,0.0,6.0,0.0,1.0
香炉,0.0,3.0,0.0,1.0
_,0.0,258.0,0.0,1.0
梦幻,0.0,12.0,0.0,1.0
翻倍,0.0,3.0,0.0,1.0
15779100012,0.0,3.0,0.0,1.0
以外,0.0,3.0,0.0,1.0
艺术,0.0,3.0,0.0,1.0
比邻而居,0.0,3.0,0.0,1.0
每个,0.0,9.0,0.0,1.0
火爆,0.0,9.0,0.0,1.0
百强,0.0,18.0,0.0,1.0
之后,0.0,3.0,0.0,1.0
三四,0.0,12.0,0.0,1.0
购三金,0.0,3.0,0.0,1.0
强化,0.0,3.0,0.0,1.0
2016,0.0,27.0,0.0,1.0
指数,0.0,6.0,0.0,1.0
倡导,0.0,3.0,0.0,1.0
第一个,0.0,3.0,0.0,1.0
WohcNpO48dnibNtiaZbEu3mIkol4L7vzdXXmufo7ym,0.0,3.0,0.0,1.0
喝上,0.0,3.0,0.0,1.0
68P2uWupHOrjEuDud0RGQEfAEGjaUf5tzHZNRSm9dxeZ5,0.0,3.0,0.0,1.0
定制,0.0,3.0,0.0,1.0
令人,0.0,6.0,0.0,1.0
机构,0.0,6.0,0.0,1.0
精艺,0.0,3.0,0.0,1.0
长期,0.0,9.0,0.0,1.0
如玉,0.0,3.0,0.0,1.0
ADD,0.0,3.0,0.0,1.0
为主,0.0,9.0,0.0,1.0
不仅仅,0.0,3.0,0.0,1.0
而且,0.0,3.0,0.0,1.0
平台,0.0,9.0,0.0,1.0
7weU8magiboILpueF6xxzJQxgzLGOzoCFYIMz5Lg,0.0,3.0,0.0,1.0
建设,3.0,21.0,0.125,0.875
7606281,0.0,3.0,0.0,1.0
%,0.0,114.0,0.0,1.0
vKyCxZp9OmGjPc,0.0,6.0,0.0,1.0
160,3.0,21.0,0.125,0.875
丰厚,0.0,3.0,0.0,1.0
国际,0.0,36.0,0.0,1.0
择,0.0,3.0,0.0,1.0
老鳳祥,0.0,3.0,0.0,1.0
戴,0.0,6.0,0.0,1.0
诠释,0.0,3.0,0.0,1.0
金,0.0,24.0,0.0,1.0
QUBONpA5AqcaucWibJBvwoJedia665nHEHulAgtyR2UrA1j5GlTw,0.0,3.0,0.0,1.0
通灵,0.0,15.0,0.0,1.0
p1cuh52dB4yQ1YWl0ZdcM5HXkagWEIlcUF0r1,0.0,3.0,0.0,1.0
　,0.0,2484.0,0.0,1.0
随着,0.0,3.0,0.0,1.0
（,0.0,117.0,0.0,1.0
⑤,0.0,3.0,0.0,1.0
消,0.0,3.0,0.0,1.0
方法,0.0,21.0,0.0,1.0
更,3.0,66.0,0.043478260869565216,0.9565217391304348
唯看,0.0,3.0,0.0,1.0
1,0.0,84.0,0.0,1.0
WohcNpO48dkSvjcH3bwrOoDAmrT2MibgqNcbkw7aK2Kdgiclrk87xt07mLzXEckKicYIro7tnyj9c2VO4d8WNiaMww,0.0,9.0,0.0,1.0
一日,0.0,3.0,0.0,1.0
LdiacHhsfhkxfdn3SicCt0xKEFRTnJwoLr0dw,0.0,3.0,0.0,1.0
中部,0.0,3.0,0.0,1.0
十大,0.0,9.0,0.0,1.0
沚,0.0,9.0,0.0,1.0
以及,0.0,6.0,0.0,1.0
沈,0.0,3.0,0.0,1.0
法规,0.0,3.0,0.0,1.0
人们,0.0,6.0,0.0,1.0
14.2,0.0,3.0,0.0,1.0
万票,0.0,3.0,0.0,1.0
积极参与,0.0,3.0,0.0,1.0
严格,0.0,9.0,0.0,1.0
第,0.0,30.0,0.0,1.0
将,0.0,51.0,0.0,1.0
五九,0.0,6.0,0.0,1.0
●,0.0,36.0,0.0,1.0
易购,0.0,15.0,0.0,1.0
简约,0.0,3.0,0.0,1.0
开赛,0.0,9.0,0.0,1.0
焦作,11.0,15.0,0.4230769230769231,0.5769230769230769
派,0.0,3.0,0.0,1.0
排名第,0.0,6.0,0.0,1.0
品鉴,0.0,3.0,0.0,1.0
0479,0.0,12.0,0.0,1.0
出来,0.0,3.0,0.0,1.0
芭莎,0.0,3.0,0.0,1.0
礼品,0.0,6.0,0.0,1.0
模特儿,0.0,3.0,0.0,1.0
全新,0.0,3.0,0.0,1.0
17,0.0,12.0,0.0,1.0
锡盟,0.0,9.0,0.0,1.0
太平洋,0.0,3.0,0.0,1.0
首饰厂,0.0,3.0,0.0,1.0
赞赏,6.0,6.0,0.5,0.5
三年,0.0,3.0,0.0,1.0
前十,0.0,3.0,0.0,1.0
周末,0.0,6.0,0.0,1.0
齐全,0.0,3.0,0.0,1.0
属性,0.0,12.0,0.0,1.0
飞亚达,0.0,36.0,0.0,1.0
除了,0.0,3.0,0.0,1.0
信用卡,0.0,12.0,0.0,1.0
左右,0.0,9.0,0.0,1.0
陇海,0.0,3.0,0.0,1.0
合作,0.0,6.0,0.0,1.0
美誉,0.0,3.0,0.0,1.0
联手,0.0,3.0,0.0,1.0
最低价,0.0,9.0,0.0,1.0
一个月,0.0,3.0,0.0,1.0
务实,0.0,3.0,0.0,1.0
入怀,0.0,3.0,0.0,1.0
强调,0.0,3.0,0.0,1.0
