日,0.0,552.0,0.0,1.0
分期付款,0.0,15.0,0.0,1.0
倍,0.0,9.0,0.0,1.0
加上,0.0,3.0,0.0,1.0
安全性,0.0,3.0,0.0,1.0
至,0.0,120.0,0.0,1.0
横空出世,0.0,3.0,0.0,1.0
称高管,0.0,3.0,0.0,1.0
减弱,0.0,6.0,0.0,1.0
完成,0.0,27.0,0.0,1.0
同一,0.0,3.0,0.0,1.0
回归,0.0,3.0,0.0,1.0
引燃,0.0,18.0,0.0,1.0
jrj,0.0,6.0,0.0,1.0
同比,0.0,30.0,0.0,1.0
控制权,0.0,3.0,0.0,1.0
规则,0.0,9.0,0.0,1.0
客,0.0,6.0,0.0,1.0
京城,6.0,0.0,1.0,0.0
IMG,0.0,3.0,0.0,1.0
誉为,0.0,3.0,0.0,1.0
见习,0.0,3.0,0.0,1.0
引起,0.0,6.0,0.0,1.0
1.93,0.0,3.0,0.0,1.0
0,0.0,48.0,0.0,1.0
3700,0.0,27.0,0.0,1.0
叫做,0.0,3.0,0.0,1.0
再,0.0,9.0,0.0,1.0
从中,0.0,3.0,0.0,1.0
*,0.0,27.0,0.0,1.0
综合性,0.0,6.0,0.0,1.0
为此,0.0,3.0,0.0,1.0
庙会,3.0,0.0,1.0,0.0
图论,0.0,6.0,0.0,1.0
14.13,0.0,6.0,0.0,1.0
标准,0.0,3.0,0.0,1.0
22.5,0.0,9.0,0.0,1.0
利益,0.0,6.0,0.0,1.0
比为,0.0,12.0,0.0,1.0
许可,0.0,3.0,0.0,1.0
举动,0.0,3.0,0.0,1.0
盘面,0.0,6.0,0.0,1.0
最后,0.0,36.0,0.0,1.0
坚持,0.0,3.0,0.0,1.0
程度,0.0,12.0,0.0,1.0
微博上,0.0,3.0,0.0,1.0
历时,0.0,3.0,0.0,1.0
任瑞华,0.0,3.0,0.0,1.0
chart,0.0,3.0,0.0,1.0
一举,0.0,3.0,0.0,1.0
7759.42,0.0,12.0,0.0,1.0
sz000802,0.0,3.0,0.0,1.0
股份,0.0,147.0,0.0,1.0
由此,0.0,3.0,0.0,1.0
之中,0.0,3.0,0.0,1.0
场次,0.0,3.0,0.0,1.0
1.02,0.0,3.0,0.0,1.0
喜欢,0.0,3.0,0.0,1.0
培育,0.0,3.0,0.0,1.0
算算,0.0,3.0,0.0,1.0
多方,0.0,3.0,0.0,1.0
担心,0.0,3.0,0.0,1.0
费用,0.0,87.0,0.0,1.0
宋歌,0.0,60.0,0.0,1.0
0.13,0.0,3.0,0.0,1.0
电视剧,0.0,18.0,0.0,1.0
好股,0.0,6.0,0.0,1.0
逆势上涨,0.0,15.0,0.0,1.0
逗,0.0,3.0,0.0,1.0
年末,0.0,6.0,0.0,1.0
0.85,0.0,12.0,0.0,1.0
财务,0.0,6.0,0.0,1.0
石英,0.0,3.0,0.0,1.0
网友,0.0,3.0,0.0,1.0
五位,0.0,9.0,0.0,1.0
参考,0.0,12.0,0.0,1.0
发出,0.0,3.0,0.0,1.0
5877,0.0,3.0,0.0,1.0
金盾,0.0,3.0,0.0,1.0
亿到,0.0,3.0,0.0,1.0
第一,0.0,30.0,0.0,1.0
52.3,0.0,30.0,0.0,1.0
VibzNcBY2WiaG2V4zX9ywREXxibCia6BZIyHE7psKXtcZ7ARpTOerBw,0.0,3.0,0.0,1.0
7,0.0,417.0,0.0,1.0
86.62,0.0,3.0,0.0,1.0
会上,0.0,6.0,0.0,1.0
季度末,0.0,24.0,0.0,1.0
还有,0.0,54.0,0.0,1.0
】,6.0,48.0,0.1111111111111111,0.8888888888888888
故事,0.0,3.0,0.0,1.0
3.53,0.0,3.0,0.0,1.0
不到,0.0,9.0,0.0,1.0
高开高,0.0,6.0,0.0,1.0
当时,0.0,30.0,0.0,1.0
日向,0.0,12.0,0.0,1.0
工作,0.0,18.0,0.0,1.0
+,0.0,12.0,0.0,1.0
好莱坞,0.0,9.0,0.0,1.0
第二天,0.0,3.0,0.0,1.0
；,0.0,174.0,0.0,1.0
4000,0.0,45.0,0.0,1.0
是否,0.0,3.0,0.0,1.0
87,0.0,3.0,0.0,1.0
2082,0.0,3.0,0.0,1.0
副董事长,0.0,6.0,0.0,1.0
孔蓉,0.0,6.0,0.0,1.0
公司公告,0.0,3.0,0.0,1.0
1.00,0.0,3.0,0.0,1.0
取整,0.0,3.0,0.0,1.0
◆,9.0,0.0,1.0,0.0
资金,0.0,33.0,0.0,1.0
消息,0.0,24.0,0.0,1.0
将士,0.0,6.0,0.0,1.0
都,0.0,36.0,0.0,1.0
1.83,0.0,3.0,0.0,1.0
心花,0.0,33.0,0.0,1.0
如何,0.0,21.0,0.0,1.0
盘,0.0,3.0,0.0,1.0
职,0.0,3.0,0.0,1.0
当日,0.0,9.0,0.0,1.0
官网,0.0,3.0,0.0,1.0
不小,0.0,9.0,0.0,1.0
确切,0.0,3.0,0.0,1.0
涨停板,0.0,18.0,0.0,1.0
价格,0.0,42.0,0.0,1.0
采访,0.0,12.0,0.0,1.0
举办,3.0,9.0,0.25,0.75
开拍,0.0,18.0,0.0,1.0
定位,0.0,3.0,0.0,1.0
按,0.0,15.0,0.0,1.0
不错,0.0,3.0,0.0,1.0
低于,0.0,12.0,0.0,1.0
无法,0.0,3.0,0.0,1.0
45,0.0,18.0,0.0,1.0
崭露头角,0.0,3.0,0.0,1.0
热火,0.0,6.0,0.0,1.0
5555,0.0,3.0,0.0,1.0
行动,0.0,3.0,0.0,1.0
增长,0.0,66.0,0.0,1.0
道路,0.0,3.0,0.0,1.0
男,0.0,6.0,0.0,1.0
小头,0.0,6.0,0.0,1.0
sinajs,0.0,3.0,0.0,1.0
856.13,0.0,6.0,0.0,1.0
状态,0.0,3.0,0.0,1.0
承载,0.0,3.0,0.0,1.0
坚定,0.0,3.0,0.0,1.0
显得,0.0,3.0,0.0,1.0
口,0.0,3.0,0.0,1.0
田晖,0.0,3.0,0.0,1.0
注明,0.0,3.0,0.0,1.0
长尾,0.0,3.0,0.0,1.0
意味着,0.0,9.0,0.0,1.0
保证,0.0,6.0,0.0,1.0
大小,0.0,3.0,0.0,1.0
早已,0.0,3.0,0.0,1.0
共有,0.0,12.0,0.0,1.0
现有,0.0,3.0,0.0,1.0
咨询,0.0,3.0,0.0,1.0
涵盖,0.0,6.0,0.0,1.0
登峰,0.0,75.0,0.0,1.0
刀背,0.0,6.0,0.0,1.0
HQKmmX2R8CvMw8X5YwmyLCSFl7Fk1vRaDLFg,0.0,3.0,0.0,1.0
外人,0.0,3.0,0.0,1.0
张峻,0.0,3.0,0.0,1.0
pics,0.0,3.0,0.0,1.0
推动,3.0,6.0,0.3333333333333333,0.6666666666666666
2160.86,0.0,3.0,0.0,1.0
专业版,0.0,3.0,0.0,1.0
激烈,0.0,3.0,0.0,1.0
连阳,0.0,12.0,0.0,1.0
促,0.0,3.0,0.0,1.0
一剂,0.0,3.0,0.0,1.0
之旅,3.0,0.0,1.0,0.0
股权,0.0,15.0,0.0,1.0
坚挺,0.0,3.0,0.0,1.0
杨,0.0,12.0,0.0,1.0
5,0.0,159.0,0.0,1.0
高度,0.0,9.0,0.0,1.0
中心,0.0,90.0,0.0,1.0
云岗,0.0,9.0,0.0,1.0
指环王,0.0,6.0,0.0,1.0
关联,0.0,36.0,0.0,1.0
3036.81,0.0,3.0,0.0,1.0
对,0.0,132.0,0.0,1.0
本轮,0.0,6.0,0.0,1.0
张蜀君,0.0,3.0,0.0,1.0
联保,0.0,3.0,0.0,1.0
1.2,0.0,15.0,0.0,1.0
完全,0.0,21.0,0.0,1.0
博纳,0.0,9.0,0.0,1.0
00082,0.0,3.0,0.0,1.0
善豪,0.0,3.0,0.0,1.0
也就是说,0.0,9.0,0.0,1.0
款项,0.0,3.0,0.0,1.0
去年,0.0,63.0,0.0,1.0
此,0.0,3.0,0.0,1.0
亿对,0.0,3.0,0.0,1.0
推升,0.0,6.0,0.0,1.0
影视剧,0.0,3.0,0.0,1.0
525,0.0,21.0,0.0,1.0
橙子,0.0,9.0,0.0,1.0
qlogo,0.0,3.0,0.0,1.0
宏源,0.0,6.0,0.0,1.0
张怡,0.0,3.0,0.0,1.0
可比性,0.0,3.0,0.0,1.0
解决,0.0,6.0,0.0,1.0
9.39,0.0,3.0,0.0,1.0
多万,0.0,6.0,0.0,1.0
持续增长,0.0,3.0,0.0,1.0
3600,0.0,12.0,0.0,1.0
—,0.0,102.0,0.0,1.0
捷成,0.0,42.0,0.0,1.0
贸易,3.0,15.0,0.16666666666666666,0.8333333333333334
垫付,0.0,18.0,0.0,1.0
想,0.0,6.0,0.0,1.0
18,0.0,3.0,0.0,1.0
攀,0.0,3.0,0.0,1.0
亿至,0.0,12.0,0.0,1.0
真庸,0.0,12.0,0.0,1.0
500,0.0,21.0,0.0,1.0
拟,0.0,39.0,0.0,1.0
追一,0.0,6.0,0.0,1.0
娱琅,0.0,9.0,0.0,1.0
控股,0.0,36.0,0.0,1.0
在内,3.0,12.0,0.2,0.8
主演,0.0,18.0,0.0,1.0
其中,0.0,126.0,0.0,1.0
化名,0.0,3.0,0.0,1.0
01,0.0,3.0,0.0,1.0
下面,0.0,3.0,0.0,1.0
一线,0.0,3.0,0.0,1.0
帮,0.0,6.0,0.0,1.0
正是,0.0,3.0,0.0,1.0
依然,0.0,6.0,0.0,1.0
2016,0.0,108.0,0.0,1.0
支付,0.0,48.0,0.0,1.0
十多部,0.0,3.0,0.0,1.0
金,0.0,3.0,0.0,1.0
退税,0.0,3.0,0.0,1.0
考虑,0.0,6.0,0.0,1.0
张苗,0.0,15.0,0.0,1.0
明,0.0,3.0,0.0,1.0
发展前景,0.0,3.0,0.0,1.0
将来,0.0,3.0,0.0,1.0
提升,0.0,6.0,0.0,1.0
大使,0.0,6.0,0.0,1.0
之,3.0,9.0,0.25,0.75
显然,0.0,9.0,0.0,1.0
演员阵容,0.0,3.0,0.0,1.0
产业布局,0.0,3.0,0.0,1.0
主题公园,0.0,3.0,0.0,1.0
产业,3.0,27.0,0.1,0.9
预告,0.0,21.0,0.0,1.0
普适性,0.0,3.0,0.0,1.0
7.17,0.0,3.0,0.0,1.0
凸显,0.0,3.0,0.0,1.0
看重,0.0,6.0,0.0,1.0
沪综指,0.0,3.0,0.0,1.0
7760,0.0,3.0,0.0,1.0
7.33,0.0,12.0,0.0,1.0
大规模,0.0,3.0,0.0,1.0
办公室,0.0,6.0,0.0,1.0
受,0.0,15.0,0.0,1.0
images,0.0,27.0,0.0,1.0
封于,0.0,3.0,0.0,1.0
对接,0.0,6.0,0.0,1.0
满钵,0.0,3.0,0.0,1.0
自筹,0.0,3.0,0.0,1.0
来说,0.0,3.0,0.0,1.0
调研,0.0,15.0,0.0,1.0
强,0.0,6.0,0.0,1.0
运营,0.0,6.0,0.0,1.0
告诉,0.0,3.0,0.0,1.0
共,0.0,12.0,0.0,1.0
2011,0.0,3.0,0.0,1.0
专访,0.0,3.0,0.0,1.0
1.29,0.0,6.0,0.0,1.0
陆续,0.0,3.0,0.0,1.0
列表,0.0,3.0,0.0,1.0
强劲,0.0,9.0,0.0,1.0
图据,0.0,3.0,0.0,1.0
门头沟区,0.0,3.0,0.0,1.0
最受,0.0,3.0,0.0,1.0
19.68,0.0,3.0,0.0,1.0
问询,0.0,3.0,0.0,1.0
dzzzz5,0.0,3.0,0.0,1.0
文投会杯,0.0,9.0,0.0,1.0
出乎意料,0.0,3.0,0.0,1.0
低,0.0,3.0,0.0,1.0
酒店,0.0,3.0,0.0,1.0
服务,3.0,30.0,0.09090909090909091,0.9090909090909091
可以,0.0,48.0,0.0,1.0
9754.29,0.0,3.0,0.0,1.0
当然,0.0,6.0,0.0,1.0
排出,0.0,3.0,0.0,1.0
文旅,0.0,3.0,0.0,1.0
本报记者,0.0,12.0,0.0,1.0
体验,3.0,0.0,1.0,0.0
带到,0.0,6.0,0.0,1.0
2.3,0.0,12.0,0.0,1.0
原,0.0,15.0,0.0,1.0
督导,0.0,3.0,0.0,1.0
公共,0.0,3.0,0.0,1.0
股海,0.0,9.0,0.0,1.0
十亿,0.0,6.0,0.0,1.0
确认,0.0,6.0,0.0,1.0
34.54,0.0,6.0,0.0,1.0
打造,0.0,15.0,0.0,1.0
部,0.0,12.0,0.0,1.0
低迷,0.0,9.0,0.0,1.0
推广,0.0,6.0,0.0,1.0
增长率,0.0,3.0,0.0,1.0
靖宇,0.0,3.0,0.0,1.0
希望,0.0,12.0,0.0,1.0
超跌,0.0,3.0,0.0,1.0
展示,0.0,6.0,0.0,1.0
铁道,0.0,6.0,0.0,1.0
渠道,0.0,9.0,0.0,1.0
靓丽,0.0,3.0,0.0,1.0
8,0.0,621.0,0.0,1.0
形成,0.0,15.0,0.0,1.0
价值,0.0,6.0,0.0,1.0
one,0.0,6.0,0.0,1.0
上市,0.0,3.0,0.0,1.0
市委,0.0,3.0,0.0,1.0
03,0.0,3.0,0.0,1.0
挑战,0.0,3.0,0.0,1.0
中国电影集团公司,0.0,3.0,0.0,1.0
上半年,0.0,42.0,0.0,1.0
普遍认为,0.0,3.0,0.0,1.0
转向,0.0,3.0,0.0,1.0
前期,0.0,15.0,0.0,1.0
死,0.0,3.0,0.0,1.0
影视制作,0.0,6.0,0.0,1.0
真为,0.0,3.0,0.0,1.0
5.62,0.0,6.0,0.0,1.0
瞩目,0.0,3.0,0.0,1.0
三世,0.0,21.0,0.0,1.0
363801,0.0,3.0,0.0,1.0
期望,0.0,6.0,0.0,1.0
兼具,0.0,3.0,0.0,1.0
笑谈,0.0,3.0,0.0,1.0
平静,0.0,3.0,0.0,1.0
英雄本色,0.0,3.0,0.0,1.0
第二期,0.0,3.0,0.0,1.0
撬动,0.0,3.0,0.0,1.0
愿意,0.0,3.0,0.0,1.0
19.11,0.0,3.0,0.0,1.0
jpeg,0.0,24.0,0.0,1.0
完,0.0,3.0,0.0,1.0
38,0.0,3.0,0.0,1.0
31.46,0.0,6.0,0.0,1.0
之日起,0.0,24.0,0.0,1.0
内容,0.0,15.0,0.0,1.0
一个,0.0,99.0,0.0,1.0
万元,0.0,255.0,0.0,1.0
collective,0.0,18.0,0.0,1.0
开机,0.0,6.0,0.0,1.0
眼光,0.0,6.0,0.0,1.0
追捧,0.0,12.0,0.0,1.0
实物,0.0,3.0,0.0,1.0
叫,0.0,3.0,0.0,1.0
3333,0.0,3.0,0.0,1.0
海航,0.0,3.0,0.0,1.0
影联,0.0,240.0,0.0,1.0
赠送,3.0,0.0,1.0,0.0
新西兰,0.0,9.0,0.0,1.0
布局,0.0,27.0,0.0,1.0
当下,0.0,3.0,0.0,1.0
张黎,0.0,9.0,0.0,1.0
出,0.0,9.0,0.0,1.0
饮用水,0.0,6.0,0.0,1.0
新长征,0.0,3.0,0.0,1.0
取暖,0.0,3.0,0.0,1.0
有余,0.0,3.0,0.0,1.0
哥,0.0,6.0,0.0,1.0
发迹,0.0,3.0,0.0,1.0
业务,0.0,30.0,0.0,1.0
契合,0.0,3.0,0.0,1.0
有限公司,0.0,150.0,0.0,1.0
风险,0.0,39.0,0.0,1.0
一体,0.0,3.0,0.0,1.0
毛毛,0.0,6.0,0.0,1.0
陈晨,0.0,42.0,0.0,1.0
属于,0.0,3.0,0.0,1.0
反咬,0.0,3.0,0.0,1.0
环球,0.0,12.0,0.0,1.0
UBOAneo0IZ2JAJNsZB1Z9877GlZoetC2xdrVjuYEX4mIkJSKB2YVickrsKdUBCw9Yv5e7bK1GaBtTw,0.0,3.0,0.0,1.0
相反,0.0,3.0,0.0,1.0
辞职,0.0,6.0,0.0,1.0
getimg,0.0,3.0,0.0,1.0
看盘,0.0,6.0,0.0,1.0
脸盆,0.0,3.0,0.0,1.0
0.41,0.0,6.0,0.0,1.0
毛利润,0.0,9.0,0.0,1.0
档,0.0,21.0,0.0,1.0
刘震云,0.0,6.0,0.0,1.0
财,0.0,3.0,0.0,1.0
三月,0.0,3.0,0.0,1.0
甚至,0.0,12.0,0.0,1.0
公司业绩,0.0,3.0,0.0,1.0
好汉,0.0,6.0,0.0,1.0
负责人,0.0,9.0,0.0,1.0
唐七,0.0,3.0,0.0,1.0
指定,0.0,15.0,0.0,1.0
高速,0.0,12.0,0.0,1.0
人寿,0.0,39.0,0.0,1.0
十个,0.0,3.0,0.0,1.0
IP,0.0,33.0,0.0,1.0
或者,0.0,24.0,0.0,1.0
不可,0.0,3.0,0.0,1.0
三部曲,0.0,63.0,0.0,1.0
战略,0.0,12.0,0.0,1.0
表现,0.0,48.0,0.0,1.0
原本,0.0,6.0,0.0,1.0
可观,0.0,3.0,0.0,1.0
能为,0.0,3.0,0.0,1.0
2361.30,0.0,3.0,0.0,1.0
一共,0.0,9.0,0.0,1.0
首映,0.0,9.0,0.0,1.0
万人,0.0,3.0,0.0,1.0
7759.4,0.0,3.0,0.0,1.0
神话,0.0,18.0,0.0,1.0
自然人,0.0,6.0,0.0,1.0
佳绩,0.0,3.0,0.0,1.0
大同,0.0,3.0,0.0,1.0
六个,0.0,3.0,0.0,1.0
提振,0.0,3.0,0.0,1.0
听,0.0,6.0,0.0,1.0
已,3.0,63.0,0.045454545454545456,0.9545454545454546
得,0.0,24.0,0.0,1.0
简称,0.0,21.0,0.0,1.0
平开,0.0,3.0,0.0,1.0
0.11,0.0,3.0,0.0,1.0
19.62,0.0,6.0,0.0,1.0
或许,0.0,6.0,0.0,1.0
85,0.0,3.0,0.0,1.0
实现,0.0,30.0,0.0,1.0
估计,0.0,9.0,0.0,1.0
财务总监,0.0,27.0,0.0,1.0
方案,0.0,9.0,0.0,1.0
当,0.0,33.0,0.0,1.0
重要依据,0.0,3.0,0.0,1.0
自家,0.0,3.0,0.0,1.0
四天,0.0,21.0,0.0,1.0
富春,0.0,3.0,0.0,1.0
拟定,0.0,3.0,0.0,1.0
两,0.0,3.0,0.0,1.0
导演,0.0,57.0,0.0,1.0
进一步,0.0,3.0,0.0,1.0
极限,0.0,6.0,0.0,1.0
之下,0.0,6.0,0.0,1.0
说明,0.0,3.0,0.0,1.0
燃眉之急,0.0,3.0,0.0,1.0
赢家,0.0,36.0,0.0,1.0
动力,0.0,3.0,0.0,1.0
启动,0.0,12.0,0.0,1.0
到底,0.0,12.0,0.0,1.0
大涨,0.0,51.0,0.0,1.0
6.6,0.0,45.0,0.0,1.0
介绍,3.0,18.0,0.14285714285714285,0.8571428571428571
研报,0.0,3.0,0.0,1.0
引入,0.0,3.0,0.0,1.0
类别,0.0,3.0,0.0,1.0
全,0.0,24.0,0.0,1.0
后来,0.0,6.0,0.0,1.0
进行,0.0,78.0,0.0,1.0
保驾护航,0.0,3.0,0.0,1.0
网络,0.0,6.0,0.0,1.0
fmt,0.0,45.0,0.0,1.0
传奇,0.0,9.0,0.0,1.0
具备,0.0,3.0,0.0,1.0
题目,0.0,3.0,0.0,1.0
千万级,0.0,3.0,0.0,1.0
发布公告,0.0,45.0,0.0,1.0
知乎,0.0,3.0,0.0,1.0
呵呵,0.0,3.0,0.0,1.0
Y0Vbn7Z7oJAAYvvK9XnkiaZZY2yawGGNJhEzNJCrqqM,0.0,3.0,0.0,1.0
文投,0.0,21.0,0.0,1.0
精彩,0.0,12.0,0.0,1.0
八月,0.0,3.0,0.0,1.0
琊,0.0,9.0,0.0,1.0
没法,0.0,3.0,0.0,1.0
出品人,0.0,3.0,0.0,1.0
深度,0.0,15.0,0.0,1.0
关于,0.0,24.0,0.0,1.0
当中,0.0,6.0,0.0,1.0
模式,0.0,15.0,0.0,1.0
行情,0.0,114.0,0.0,1.0
中来,0.0,3.0,0.0,1.0
定向,0.0,3.0,0.0,1.0
深入,0.0,6.0,0.0,1.0
0.71,0.0,3.0,0.0,1.0
塑造,0.0,3.0,0.0,1.0
万至,0.0,3.0,0.0,1.0
此番,0.0,3.0,0.0,1.0
5.22,0.0,21.0,0.0,1.0
即便,0.0,3.0,0.0,1.0
查看,0.0,6.0,0.0,1.0
业界,0.0,15.0,0.0,1.0
定制,0.0,3.0,0.0,1.0
恒业,0.0,3.0,0.0,1.0
主题乐园,0.0,3.0,0.0,1.0
不同,0.0,36.0,0.0,1.0
季报,0.0,15.0,0.0,1.0
厂商,0.0,3.0,0.0,1.0
西部,0.0,3.0,0.0,1.0
日涨,0.0,3.0,0.0,1.0
指导,0.0,6.0,0.0,1.0
悄然,0.0,3.0,0.0,1.0
合约,0.0,3.0,0.0,1.0
201708071758011882862153,0.0,6.0,0.0,1.0
不禁,0.0,3.0,0.0,1.0
股,0.0,105.0,0.0,1.0
找到,0.0,3.0,0.0,1.0
备受,0.0,6.0,0.0,1.0
经纪,0.0,18.0,0.0,1.0
1.5,0.0,3.0,0.0,1.0
udn7588,0.0,3.0,0.0,1.0
生活,0.0,3.0,0.0,1.0
金额,0.0,51.0,0.0,1.0
芳华,0.0,18.0,0.0,1.0
猛烈,0.0,6.0,0.0,1.0
票房,0.0,1032.0,0.0,1.0
审计,0.0,42.0,0.0,1.0
1.6,0.0,3.0,0.0,1.0
沟通,0.0,3.0,0.0,1.0
英明,0.0,3.0,0.0,1.0
严重,0.0,9.0,0.0,1.0
投资总额,0.0,3.0,0.0,1.0
眼看,0.0,3.0,0.0,1.0
减少,0.0,3.0,0.0,1.0
创下,0.0,9.0,0.0,1.0
霍尔果斯,0.0,15.0,0.0,1.0
优质,0.0,6.0,0.0,1.0
艺术品,0.0,24.0,0.0,1.0
接到,0.0,3.0,0.0,1.0
日报,0.0,12.0,0.0,1.0
png,0.0,36.0,0.0,1.0
副总裁,0.0,66.0,0.0,1.0
资讯,0.0,21.0,0.0,1.0
hqpick,0.0,6.0,0.0,1.0
完整,0.0,3.0,0.0,1.0
政策,0.0,3.0,0.0,1.0
概念,0.0,15.0,0.0,1.0
通知,0.0,3.0,0.0,1.0
重组,0.0,6.0,0.0,1.0
扒,0.0,6.0,0.0,1.0
多项,0.0,6.0,0.0,1.0
000802,0.0,174.0,0.0,1.0
重点项目,3.0,0.0,1.0,0.0
23,0.0,6.0,0.0,1.0
eastmoney,0.0,6.0,0.0,1.0
赌,0.0,3.0,0.0,1.0
从事,0.0,3.0,0.0,1.0
2012,0.0,6.0,0.0,1.0
收入,0.0,312.0,0.0,1.0
敢于,0.0,3.0,0.0,1.0
ep,0.0,3.0,0.0,1.0
、,3.0,915.0,0.0032679738562091504,0.9967320261437909
嘉,0.0,3.0,0.0,1.0
生产,0.0,3.0,0.0,1.0
影视文化,0.0,36.0,0.0,1.0
年轻,0.0,6.0,0.0,1.0
激活,0.0,3.0,0.0,1.0
体旅,0.0,3.0,0.0,1.0
但,0.0,45.0,0.0,1.0
税收,0.0,3.0,0.0,1.0
电视栏目,0.0,9.0,0.0,1.0
2.18,0.0,9.0,0.0,1.0
白百何,0.0,3.0,0.0,1.0
mmhead,0.0,3.0,0.0,1.0
血腥,0.0,3.0,0.0,1.0
声音,0.0,3.0,0.0,1.0
6000,0.0,93.0,0.0,1.0
noteshare,0.0,3.0,0.0,1.0
不断,0.0,9.0,0.0,1.0
技术,0.0,3.0,0.0,1.0
重要,0.0,21.0,0.0,1.0
增发,0.0,3.0,0.0,1.0
夏,0.0,9.0,0.0,1.0
贡献,0.0,33.0,0.0,1.0
焦点,0.0,9.0,0.0,1.0
文投汇,0.0,15.0,0.0,1.0
逆势,0.0,6.0,0.0,1.0
剧集,0.0,3.0,0.0,1.0
实际上,0.0,9.0,0.0,1.0
王敏,0.0,6.0,0.0,1.0
之间,0.0,75.0,0.0,1.0
股市,0.0,9.0,0.0,1.0
凭借,0.0,12.0,0.0,1.0
扭亏,0.0,3.0,0.0,1.0
历史记录,0.0,3.0,0.0,1.0
动漫,0.0,6.0,0.0,1.0
参投,0.0,9.0,0.0,1.0
华谊,0.0,6.0,0.0,1.0
有人,0.0,3.0,0.0,1.0
热映,0.0,6.0,0.0,1.0
双债,0.0,21.0,0.0,1.0
良好,3.0,12.0,0.2,0.8
x,0.0,12.0,0.0,1.0
58FHnJjhHsXY8Ficlj3c4xWi,0.0,3.0,0.0,1.0
稳定,0.0,3.0,0.0,1.0
着急,0.0,3.0,0.0,1.0
市场,0.0,132.0,0.0,1.0
两地,3.0,0.0,1.0,0.0
img,0.0,6.0,0.0,1.0
五洲,0.0,3.0,0.0,1.0
受损,0.0,3.0,0.0,1.0
纪录,0.0,18.0,0.0,1.0
首先,0.0,9.0,0.0,1.0
就算,0.0,3.0,0.0,1.0
打磨,0.0,6.0,0.0,1.0
计划,0.0,84.0,0.0,1.0
z1,0.0,12.0,0.0,1.0
太,0.0,3.0,0.0,1.0
评级,0.0,6.0,0.0,1.0
制片,0.0,18.0,0.0,1.0
一项,0.0,6.0,0.0,1.0
反而,0.0,3.0,0.0,1.0
34,0.0,6.0,0.0,1.0
控股权,0.0,3.0,0.0,1.0
全称,0.0,6.0,0.0,1.0
四期,0.0,3.0,0.0,1.0
梦华,0.0,3.0,0.0,1.0
36.35,0.0,3.0,0.0,1.0
成交,0.0,9.0,0.0,1.0
生意,0.0,12.0,0.0,1.0
猫眼,0.0,6.0,0.0,1.0
衍生品,0.0,3.0,0.0,1.0
全程,6.0,0.0,1.0,0.0
50,0.0,135.0,0.0,1.0
高达,0.0,24.0,0.0,1.0
业务收入,0.0,3.0,0.0,1.0
体制改革,0.0,6.0,0.0,1.0
各有,0.0,9.0,0.0,1.0
如此,0.0,9.0,0.0,1.0
165.22,0.0,12.0,0.0,1.0
任职,0.0,3.0,0.0,1.0
只要,0.0,6.0,0.0,1.0
15.81,0.0,3.0,0.0,1.0
上升,0.0,3.0,0.0,1.0
动作,0.0,6.0,0.0,1.0
新作,0.0,18.0,0.0,1.0
正式,0.0,21.0,0.0,1.0
经,0.0,39.0,0.0,1.0
合伙,0.0,18.0,0.0,1.0
元年,0.0,3.0,0.0,1.0
放大,0.0,3.0,0.0,1.0
题材,0.0,9.0,0.0,1.0
王晓辉,0.0,3.0,0.0,1.0
如果说,0.0,3.0,0.0,1.0
收缩,0.0,3.0,0.0,1.0
生命,0.0,39.0,0.0,1.0
今年,0.0,78.0,0.0,1.0
此后,0.0,3.0,0.0,1.0
短剑,0.0,3.0,0.0,1.0
开发阶段,0.0,3.0,0.0,1.0
卖出,0.0,51.0,0.0,1.0
艾美,0.0,3.0,0.0,1.0
4180,0.0,3.0,0.0,1.0
约定,0.0,21.0,0.0,1.0
重庆,0.0,9.0,0.0,1.0
2.25,0.0,3.0,0.0,1.0
总数,0.0,9.0,0.0,1.0
金及,0.0,3.0,0.0,1.0
其余,0.0,15.0,0.0,1.0
两连,0.0,3.0,0.0,1.0
买,0.0,6.0,0.0,1.0
上线,0.0,3.0,0.0,1.0
想见,0.0,3.0,0.0,1.0
号,0.0,9.0,0.0,1.0
拿下,0.0,3.0,0.0,1.0
华策,0.0,9.0,0.0,1.0
大业,0.0,6.0,0.0,1.0
可,0.0,51.0,0.0,1.0
CN,0.0,6.0,0.0,1.0
基于,0.0,3.0,0.0,1.0
海通,0.0,3.0,0.0,1.0
投资方,0.0,15.0,0.0,1.0
视觉,0.0,6.0,0.0,1.0
同时,0.0,57.0,0.0,1.0
找上门,0.0,3.0,0.0,1.0
董高,0.0,3.0,0.0,1.0
处,3.0,0.0,1.0,0.0
镜像,0.0,3.0,0.0,1.0
十余年,0.0,3.0,0.0,1.0
后者,0.0,6.0,0.0,1.0
多家,0.0,27.0,0.0,1.0
霸气,0.0,3.0,0.0,1.0
dfcfw,0.0,12.0,0.0,1.0
50.4,0.0,3.0,0.0,1.0
后,0.0,102.0,0.0,1.0
冲破,0.0,12.0,0.0,1.0
看出,0.0,9.0,0.0,1.0
8900,0.0,3.0,0.0,1.0
无,0.0,9.0,0.0,1.0
8.3,0.0,3.0,0.0,1.0
数量,0.0,9.0,0.0,1.0
20.74,0.0,15.0,0.0,1.0
拐点,0.0,3.0,0.0,1.0
火热,0.0,3.0,0.0,1.0
栏目,0.0,6.0,0.0,1.0
停牌,0.0,3.0,0.0,1.0
363798,0.0,3.0,0.0,1.0
兼任,0.0,3.0,0.0,1.0
宣布,0.0,36.0,0.0,1.0
老本行,0.0,3.0,0.0,1.0
文创,0.0,6.0,0.0,1.0
重点,0.0,12.0,0.0,1.0
践行,0.0,3.0,0.0,1.0
对标,0.0,15.0,0.0,1.0
艺术家,0.0,3.0,0.0,1.0
紧随其后,0.0,6.0,0.0,1.0
钨业,0.0,3.0,0.0,1.0
3612,0.0,3.0,0.0,1.0
26,0.0,3.0,0.0,1.0
关联方,0.0,42.0,0.0,1.0
陆毅,0.0,3.0,0.0,1.0
协作,0.0,3.0,0.0,1.0
较大,0.0,3.0,0.0,1.0
青春,0.0,3.0,0.0,1.0
承办,0.0,6.0,0.0,1.0
总体,0.0,3.0,0.0,1.0
四日,0.0,3.0,0.0,1.0
不得,0.0,27.0,0.0,1.0
资源整合,0.0,6.0,0.0,1.0
融通,0.0,9.0,0.0,1.0
img1,0.0,3.0,0.0,1.0
【,6.0,45.0,0.11764705882352941,0.8823529411764706
标的,0.0,9.0,0.0,1.0
第二届,0.0,9.0,0.0,1.0
weixin,0.0,6.0,0.0,1.0
文创板,0.0,15.0,0.0,1.0
震荡,0.0,12.0,0.0,1.0
入账,0.0,3.0,0.0,1.0
nbd,0.0,9.0,0.0,1.0
同样,0.0,27.0,0.0,1.0
今日,0.0,63.0,0.0,1.0
目的,0.0,6.0,0.0,1.0
运作,0.0,6.0,0.0,1.0
让,0.0,27.0,0.0,1.0
师扬,0.0,3.0,0.0,1.0
金玉,0.0,6.0,0.0,1.0
温,0.0,3.0,0.0,1.0
大剧,0.0,3.0,0.0,1.0
8.25,0.0,60.0,0.0,1.0
最大,0.0,84.0,0.0,1.0
剧本,0.0,6.0,0.0,1.0
SRC,0.0,84.0,0.0,1.0
末,0.0,6.0,0.0,1.0
底,0.0,3.0,0.0,1.0
越过,0.0,3.0,0.0,1.0
第三期,0.0,3.0,0.0,1.0
鹿鸣,0.0,3.0,0.0,1.0
字,0.0,3.0,0.0,1.0
这一,0.0,3.0,0.0,1.0
财经,0.0,6.0,0.0,1.0
如今,0.0,12.0,0.0,1.0
标题,0.0,3.0,0.0,1.0
十保九输,0.0,6.0,0.0,1.0
彻底,0.0,3.0,0.0,1.0
应得,0.0,3.0,0.0,1.0
对战,0.0,3.0,0.0,1.0
系列,0.0,21.0,0.0,1.0
老辣,0.0,3.0,0.0,1.0
台北,3.0,0.0,1.0,0.0
3795,0.0,9.0,0.0,1.0
豪掷,0.0,3.0,0.0,1.0
爆款,0.0,12.0,0.0,1.0
整合,0.0,15.0,0.0,1.0
住,0.0,3.0,0.0,1.0
各种因素,0.0,3.0,0.0,1.0
宁浩,0.0,9.0,0.0,1.0
阶梯,0.0,18.0,0.0,1.0
瞬间,0.0,3.0,0.0,1.0
旋即,0.0,3.0,0.0,1.0
已超,0.0,9.0,0.0,1.0
频频,0.0,3.0,0.0,1.0
各自,0.0,12.0,0.0,1.0
方捷成,0.0,3.0,0.0,1.0
五部,0.0,3.0,0.0,1.0
回顾,0.0,3.0,0.0,1.0
协议,0.0,90.0,0.0,1.0
jrjimg,0.0,6.0,0.0,1.0
时候,0.0,12.0,0.0,1.0
空间,0.0,12.0,0.0,1.0
泛,0.0,6.0,0.0,1.0
最据,0.0,3.0,0.0,1.0
即时,0.0,3.0,0.0,1.0
56.13,0.0,6.0,0.0,1.0
净利,0.0,6.0,0.0,1.0
值得注意,0.0,18.0,0.0,1.0
元,0.0,162.0,0.0,1.0
640,0.0,3.0,0.0,1.0
银瑞信,0.0,9.0,0.0,1.0
话,0.0,9.0,0.0,1.0
B3b001,0.0,3.0,0.0,1.0
131.81,0.0,6.0,0.0,1.0
满分,0.0,3.0,0.0,1.0
史上,0.0,6.0,0.0,1.0
不少,0.0,15.0,0.0,1.0
股中,0.0,6.0,0.0,1.0
事情,0.0,6.0,0.0,1.0
缺少,0.0,3.0,0.0,1.0
套现,0.0,12.0,0.0,1.0
整年,0.0,3.0,0.0,1.0
主营业务,0.0,9.0,0.0,1.0
获得,0.0,84.0,0.0,1.0
多日,0.0,3.0,0.0,1.0
苗苗,0.0,3.0,0.0,1.0
飙升,0.0,60.0,0.0,1.0
撑起,0.0,6.0,0.0,1.0
eps,0.0,3.0,0.0,1.0
影视,0.0,147.0,0.0,1.0
龙头,0.0,9.0,0.0,1.0
称,0.0,57.0,0.0,1.0
三日,6.0,0.0,1.0,0.0
没,0.0,6.0,0.0,1.0
天使,0.0,3.0,0.0,1.0
隔壁,0.0,3.0,0.0,1.0
杜扬,0.0,30.0,0.0,1.0
副处长,3.0,0.0,1.0,0.0
日益,0.0,3.0,0.0,1.0
刑侦,0.0,3.0,0.0,1.0
主控,0.0,15.0,0.0,1.0
能,0.0,51.0,0.0,1.0
团队,0.0,18.0,0.0,1.0
称为,0.0,3.0,0.0,1.0
颗星,0.0,3.0,0.0,1.0
季度,0.0,6.0,0.0,1.0
亿多,0.0,6.0,0.0,1.0
抄袭,0.0,3.0,0.0,1.0
算法,0.0,3.0,0.0,1.0
超,0.0,72.0,0.0,1.0
而据,0.0,3.0,0.0,1.0
内大涨,0.0,3.0,0.0,1.0
电影,0.0,360.0,0.0,1.0
2018,0.0,3.0,0.0,1.0
收到,0.0,9.0,0.0,1.0
张富根,0.0,9.0,0.0,1.0
携手,0.0,12.0,0.0,1.0
相争,0.0,3.0,0.0,1.0
各方对,0.0,3.0,0.0,1.0
6hbyfia3SsxGsTyLub9kQibtnIuLL3ZibjiaQDERMgjQDqOlcicaiblf4KDfyHrEfQ,0.0,3.0,0.0,1.0
样子,0.0,3.0,0.0,1.0
个板,0.0,12.0,0.0,1.0
东方财富网,0.0,3.0,0.0,1.0
势头,0.0,6.0,0.0,1.0
AYvvK9XnkiaZZY2yawGGNJ89DRic3Uvf4zCoXLW7oYmYuz9vFwkB3ottRIhk46g91YGBKNCYuLibiag,0.0,3.0,0.0,1.0
回到,0.0,6.0,0.0,1.0
49.6,0.0,3.0,0.0,1.0
成长,0.0,3.0,0.0,1.0
四次,0.0,6.0,0.0,1.0
宣发,0.0,69.0,0.0,1.0
对此,0.0,3.0,0.0,1.0
表面,0.0,3.0,0.0,1.0
亿美元,0.0,9.0,0.0,1.0
选择,0.0,3.0,0.0,1.0
public,0.0,3.0,0.0,1.0
分红,0.0,3.0,0.0,1.0
中旬,0.0,6.0,0.0,1.0
冲击,0.0,3.0,0.0,1.0
非常,0.0,3.0,0.0,1.0
未来,0.0,33.0,0.0,1.0
合计,0.0,30.0,0.0,1.0
stock,0.0,3.0,0.0,1.0
监制,0.0,12.0,0.0,1.0
工作日,0.0,12.0,0.0,1.0
<,0.0,99.0,0.0,1.0
81Nneu8nKOcAquA,0.0,3.0,0.0,1.0
报里,0.0,3.0,0.0,1.0
yC82Hy1OLj84WCicuiaYiax8VA87eF0v2cmqvLyKS2qDUIa17xoeXyoPic8taib2mcBIY7EGcPQv5WDdw,0.0,3.0,0.0,1.0
向着,0.0,3.0,0.0,1.0
推进,0.0,6.0,0.0,1.0
重磅,0.0,6.0,0.0,1.0
促进,3.0,3.0,0.5,0.5
英雄,0.0,9.0,0.0,1.0
冯小刚,0.0,18.0,0.0,1.0
具体,0.0,18.0,0.0,1.0
乐观,0.0,3.0,0.0,1.0
马路,0.0,3.0,0.0,1.0
预期,0.0,33.0,0.0,1.0
国有,0.0,15.0,0.0,1.0
电影版,0.0,3.0,0.0,1.0
3056,0.0,3.0,0.0,1.0
420,0.0,3.0,0.0,1.0
写,0.0,3.0,0.0,1.0
com,0.0,72.0,0.0,1.0
青年,6.0,0.0,1.0,0.0
前线,0.0,6.0,0.0,1.0
这种,0.0,9.0,0.0,1.0
6.60,0.0,3.0,0.0,1.0
装入,0.0,3.0,0.0,1.0
鹏华,0.0,27.0,0.0,1.0
凭,0.0,6.0,0.0,1.0
印象,0.0,3.0,0.0,1.0
盈利,0.0,21.0,0.0,1.0
陶飞,0.0,3.0,0.0,1.0
颇丰,0.0,3.0,0.0,1.0
体系,0.0,9.0,0.0,1.0
追加,0.0,3.0,0.0,1.0
利润,0.0,72.0,0.0,1.0
排行,0.0,3.0,0.0,1.0
～,0.0,6.0,0.0,1.0
双方,0.0,6.0,0.0,1.0
拉长,0.0,3.0,0.0,1.0
pic430,0.0,3.0,0.0,1.0
享受,0.0,12.0,0.0,1.0
全部,0.0,3.0,0.0,1.0
明日,0.0,9.0,0.0,1.0
逐渐,0.0,6.0,0.0,1.0
1986,0.0,3.0,0.0,1.0
婧,0.0,3.0,0.0,1.0
创富,0.0,3.0,0.0,1.0
11.79,0.0,3.0,0.0,1.0
0.9,0.0,3.0,0.0,1.0
其他,0.0,42.0,0.0,1.0
开发,0.0,24.0,0.0,1.0
暑期,0.0,21.0,0.0,1.0
几个,0.0,18.0,0.0,1.0
一部,0.0,9.0,0.0,1.0
推算,0.0,3.0,0.0,1.0
aI3Vfw,0.0,3.0,0.0,1.0
收,0.0,6.0,0.0,1.0
相当,0.0,9.0,0.0,1.0
方中,0.0,3.0,0.0,1.0
武动,0.0,6.0,0.0,1.0
邓超,0.0,6.0,0.0,1.0
习惯,0.0,3.0,0.0,1.0
大片,0.0,9.0,0.0,1.0
制片方,0.0,6.0,0.0,1.0
带,0.0,3.0,0.0,1.0
高能,0.0,3.0,0.0,1.0
万,0.0,90.0,0.0,1.0
亿,0.0,462.0,0.0,1.0
妖精,0.0,18.0,0.0,1.0
参投战,0.0,12.0,0.0,1.0
春秋时代,0.0,6.0,0.0,1.0
合作伙伴,0.0,3.0,0.0,1.0
聘任,0.0,3.0,0.0,1.0
孔蓉国元,0.0,3.0,0.0,1.0
人民币,0.0,36.0,0.0,1.0
冷淡,0.0,6.0,0.0,1.0
保荐,0.0,15.0,0.0,1.0
金融,0.0,6.0,0.0,1.0
把,0.0,18.0,0.0,1.0
胜过,0.0,3.0,0.0,1.0
环比,0.0,3.0,0.0,1.0
53.18,0.0,18.0,0.0,1.0
多万元,0.0,9.0,0.0,1.0
方正,0.0,9.0,0.0,1.0
企业,0.0,30.0,0.0,1.0
最新,0.0,9.0,0.0,1.0
银幕,0.0,6.0,0.0,1.0
退去,0.0,3.0,0.0,1.0
风口,0.0,3.0,0.0,1.0
高于,0.0,72.0,0.0,1.0
一半,0.0,3.0,0.0,1.0
经历,0.0,3.0,0.0,1.0
2017,0.0,216.0,0.0,1.0
产业链,0.0,27.0,0.0,1.0
29,0.0,9.0,0.0,1.0
模拟,0.0,3.0,0.0,1.0
剧乐部,0.0,9.0,0.0,1.0
3.7,0.0,3.0,0.0,1.0
特效,0.0,6.0,0.0,1.0
the,0.0,18.0,0.0,1.0
增加,0.0,21.0,0.0,1.0
无疑,0.0,15.0,0.0,1.0
morningpost,0.0,3.0,0.0,1.0
西澳,0.0,3.0,0.0,1.0
归属,0.0,9.0,0.0,1.0
10.3,0.0,3.0,0.0,1.0
最快,0.0,12.0,0.0,1.0
受到,0.0,3.0,0.0,1.0
对应,0.0,3.0,0.0,1.0
平安,0.0,12.0,0.0,1.0
两天,0.0,18.0,0.0,1.0
商务,3.0,0.0,1.0,0.0
营收,0.0,33.0,0.0,1.0
一己,0.0,6.0,0.0,1.0
05,0.0,9.0,0.0,1.0
自有,0.0,3.0,0.0,1.0
辞去,0.0,6.0,0.0,1.0
话语,0.0,3.0,0.0,1.0
有完没完,0.0,3.0,0.0,1.0
炒作,0.0,3.0,0.0,1.0
结果,0.0,3.0,0.0,1.0
远,0.0,6.0,0.0,1.0
不提,0.0,6.0,0.0,1.0
DF142,0.0,3.0,0.0,1.0
看来,0.0,9.0,0.0,1.0
后及,0.0,6.0,0.0,1.0
影,0.0,6.0,0.0,1.0
媒体报道,0.0,3.0,0.0,1.0
能够,0.0,21.0,0.0,1.0
超过,0.0,204.0,0.0,1.0
北方,0.0,9.0,0.0,1.0
立体化,0.0,3.0,0.0,1.0
位,0.0,6.0,0.0,1.0
豪赌,0.0,12.0,0.0,1.0
40,0.0,45.0,0.0,1.0
报告,0.0,9.0,0.0,1.0
扳,0.0,3.0,0.0,1.0
女,3.0,0.0,1.0,0.0
韩政府,0.0,3.0,0.0,1.0
出货,0.0,3.0,0.0,1.0
趁机,0.0,6.0,0.0,1.0
日讯,0.0,9.0,0.0,1.0
0.1978,0.0,27.0,0.0,1.0
美人鱼,0.0,6.0,0.0,1.0
15,0.0,267.0,0.0,1.0
新阳,0.0,3.0,0.0,1.0
热度,0.0,6.0,0.0,1.0
长城,0.0,6.0,0.0,1.0
进入,0.0,15.0,0.0,1.0
涨约,0.0,6.0,0.0,1.0
必然,0.0,3.0,0.0,1.0
略有,0.0,9.0,0.0,1.0
留,0.0,3.0,0.0,1.0
超近,0.0,3.0,0.0,1.0
bjnews,0.0,6.0,0.0,1.0
触底,0.0,3.0,0.0,1.0
顺利完成,0.0,6.0,0.0,1.0
承受能力,0.0,3.0,0.0,1.0
电影票房,0.0,27.0,0.0,1.0
发,0.0,12.0,0.0,1.0
300133,0.0,6.0,0.0,1.0
sYjGKZC93Z6hbyfialCLhCkib6uveuaVsaBU8vHf9Tleedl5VsREVKbCuQfosfvQvXQPPDxQ,0.0,3.0,0.0,1.0
乌尔,0.0,33.0,0.0,1.0
二级,0.0,15.0,0.0,1.0
财报,0.0,6.0,0.0,1.0
嘲风,0.0,6.0,0.0,1.0
责任编辑,0.0,3.0,0.0,1.0
1.51,0.0,6.0,0.0,1.0
独,0.0,3.0,0.0,1.0
不再,0.0,3.0,0.0,1.0
独家,0.0,6.0,0.0,1.0
新文化,0.0,6.0,0.0,1.0
占据,0.0,9.0,0.0,1.0
元至,0.0,3.0,0.0,1.0
刷屏,0.0,3.0,0.0,1.0
保障,0.0,3.0,0.0,1.0
国产片,0.0,3.0,0.0,1.0
亿是,0.0,3.0,0.0,1.0
行程,3.0,0.0,1.0,0.0
班底,0.0,6.0,0.0,1.0
飘红,0.0,9.0,0.0,1.0
实控,0.0,3.0,0.0,1.0
董事会,0.0,39.0,0.0,1.0
业务部门,0.0,3.0,0.0,1.0
top10,0.0,3.0,0.0,1.0
连续,0.0,45.0,0.0,1.0
变化,0.0,6.0,0.0,1.0
去,0.0,15.0,0.0,1.0
新高,0.0,24.0,0.0,1.0
何在,0.0,3.0,0.0,1.0
数据,0.0,75.0,0.0,1.0
1917.38,0.0,3.0,0.0,1.0
谈及,0.0,3.0,0.0,1.0
大超,0.0,3.0,0.0,1.0
国富,0.0,12.0,0.0,1.0
公告,0.0,207.0,0.0,1.0
走高,0.0,15.0,0.0,1.0
世纪,0.0,39.0,0.0,1.0
可算为,0.0,3.0,0.0,1.0
供给,0.0,3.0,0.0,1.0
做,0.0,30.0,0.0,1.0
开启,3.0,9.0,0.25,0.75
次,0.0,6.0,0.0,1.0
吴京,0.0,147.0,0.0,1.0
钢铁股,0.0,3.0,0.0,1.0
大约,0.0,6.0,0.0,1.0
跟着,0.0,6.0,0.0,1.0
战略性,0.0,3.0,0.0,1.0
3036.8,0.0,6.0,0.0,1.0
江,0.0,3.0,0.0,1.0
根据,0.0,120.0,0.0,1.0
难谈,0.0,3.0,0.0,1.0
四处,0.0,3.0,0.0,1.0
2250,0.0,9.0,0.0,1.0
万一,0.0,3.0,0.0,1.0
仅鹏华,0.0,6.0,0.0,1.0
22.50,0.0,6.0,0.0,1.0
中青旅,0.0,9.0,0.0,1.0
盯,0.0,6.0,0.0,1.0
邮箱,0.0,3.0,0.0,1.0
刷新纪录,0.0,3.0,0.0,1.0
微涨,0.0,6.0,0.0,1.0
扩大,0.0,6.0,0.0,1.0
接下来,0.0,6.0,0.0,1.0
一度,0.0,9.0,0.0,1.0
全国,0.0,21.0,0.0,1.0
换手,0.0,3.0,0.0,1.0
额外,0.0,9.0,0.0,1.0
alt,0.0,3.0,0.0,1.0
复权,0.0,3.0,0.0,1.0
妖王,0.0,3.0,0.0,1.0
会展,0.0,3.0,0.0,1.0
组,0.0,3.0,0.0,1.0
中报,0.0,6.0,0.0,1.0
工,0.0,9.0,0.0,1.0
网剧,0.0,6.0,0.0,1.0
20170806,0.0,6.0,0.0,1.0
链条,0.0,3.0,0.0,1.0
投入,0.0,24.0,0.0,1.0
比较,0.0,6.0,0.0,1.0
挂牌,0.0,6.0,0.0,1.0
进账,0.0,6.0,0.0,1.0
0.88,0.0,12.0,0.0,1.0
直接,0.0,27.0,0.0,1.0
中华民族,0.0,12.0,0.0,1.0
www,0.0,12.0,0.0,1.0
获悉,0.0,9.0,0.0,1.0
系统,0.0,3.0,0.0,1.0
私交,0.0,3.0,0.0,1.0
方在票,0.0,3.0,0.0,1.0
涨近,0.0,6.0,0.0,1.0
点燃,0.0,15.0,0.0,1.0
该部,0.0,3.0,0.0,1.0
主业,0.0,3.0,0.0,1.0
源于,0.0,3.0,0.0,1.0
共同,0.0,18.0,0.0,1.0
规定,0.0,21.0,0.0,1.0
孔子,0.0,3.0,0.0,1.0
问题,0.0,9.0,0.0,1.0
243,0.0,9.0,0.0,1.0
准备,0.0,3.0,0.0,1.0
Top1,0.0,9.0,0.0,1.0
资料,0.0,24.0,0.0,1.0
21.86,0.0,3.0,0.0,1.0
江山,0.0,3.0,0.0,1.0
并非,0.0,12.0,0.0,1.0
公式,0.0,9.0,0.0,1.0
投资者,0.0,33.0,0.0,1.0
这笔,0.0,3.0,0.0,1.0
请,0.0,6.0,0.0,1.0
在,6.0,714.0,0.008333333333333333,0.9916666666666667
作品,0.0,21.0,0.0,1.0
好玩,0.0,6.0,0.0,1.0
净利润,0.0,66.0,0.0,1.0
4444,0.0,3.0,0.0,1.0
走出,0.0,9.0,0.0,1.0
差距,0.0,9.0,0.0,1.0
信号,0.0,3.0,0.0,1.0
轻松,0.0,6.0,0.0,1.0
冯绍峰,0.0,3.0,0.0,1.0
过渡期,0.0,3.0,0.0,1.0
跌,0.0,3.0,0.0,1.0
话题,0.0,9.0,0.0,1.0
告知,0.0,15.0,0.0,1.0
刘明涛,0.0,3.0,0.0,1.0
透露,0.0,21.0,0.0,1.0
呈现,0.0,3.0,0.0,1.0
这个,0.0,24.0,0.0,1.0
原有,0.0,6.0,0.0,1.0
分到,0.0,6.0,0.0,1.0
一个个,0.0,3.0,0.0,1.0
5.27,0.0,3.0,0.0,1.0
边缘,0.0,3.0,0.0,1.0
桃花,0.0,12.0,0.0,1.0
基础,0.0,12.0,0.0,1.0
下降,0.0,6.0,0.0,1.0
昨日,0.0,21.0,0.0,1.0
高点,0.0,3.0,0.0,1.0
支出,0.0,9.0,0.0,1.0
细分,0.0,3.0,0.0,1.0
多只,0.0,6.0,0.0,1.0
入局,0.0,3.0,0.0,1.0
制作方,0.0,9.0,0.0,1.0
全面,0.0,3.0,0.0,1.0
规范,0.0,6.0,0.0,1.0
马程,0.0,3.0,0.0,1.0
窗口期,0.0,24.0,0.0,1.0
年,0.0,300.0,0.0,1.0
片子,0.0,9.0,0.0,1.0
只,0.0,45.0,0.0,1.0
看片,0.0,6.0,0.0,1.0
出于,0.0,3.0,0.0,1.0
口碑,0.0,3.0,0.0,1.0
泡沫,0.0,12.0,0.0,1.0
损益表,0.0,3.0,0.0,1.0
1.8,0.0,3.0,0.0,1.0
掉,0.0,3.0,0.0,1.0
爆料,0.0,9.0,0.0,1.0
转盈,0.0,3.0,0.0,1.0
大手笔,0.0,3.0,0.0,1.0
跳水,0.0,3.0,0.0,1.0
累计,0.0,111.0,0.0,1.0
亦,0.0,18.0,0.0,1.0
进发,0.0,3.0,0.0,1.0
保底,0.0,693.0,0.0,1.0
宗旨,0.0,6.0,0.0,1.0
相较,0.0,3.0,0.0,1.0
开始,0.0,51.0,0.0,1.0
一财网,0.0,3.0,0.0,1.0
一个月,0.0,6.0,0.0,1.0
一字,0.0,24.0,0.0,1.0
将要,0.0,3.0,0.0,1.0
首次,0.0,24.0,0.0,1.0
兼,0.0,9.0,0.0,1.0
仅近,0.0,3.0,0.0,1.0
勇,0.0,9.0,0.0,1.0
自身,0.0,12.0,0.0,1.0
能否,0.0,6.0,0.0,1.0
导游,6.0,0.0,1.0,0.0
由,0.0,72.0,0.0,1.0
292.61,0.0,9.0,0.0,1.0
热门话题,0.0,3.0,0.0,1.0
着,0.0,30.0,0.0,1.0
抱团,0.0,12.0,0.0,1.0
纪元,0.0,3.0,0.0,1.0
设定,0.0,6.0,0.0,1.0
用于,0.0,12.0,0.0,1.0
企事业,0.0,3.0,0.0,1.0
0.917,0.0,9.0,0.0,1.0
兄弟,0.0,6.0,0.0,1.0
对外,3.0,3.0,0.5,0.5
3,0.0,57.0,0.0,1.0
沈阳,0.0,3.0,0.0,1.0
进来,0.0,3.0,0.0,1.0
IMAGE,0.0,81.0,0.0,1.0
增厚,0.0,3.0,0.0,1.0
商业,0.0,3.0,0.0,1.0
净额,0.0,3.0,0.0,1.0
foundersc,0.0,3.0,0.0,1.0
Wind,0.0,24.0,0.0,1.0
底部,0.0,3.0,0.0,1.0
恰为,0.0,3.0,0.0,1.0
C06,0.0,3.0,0.0,1.0
严歌苓,0.0,9.0,0.0,1.0
Box,0.0,3.0,0.0,1.0
登场,3.0,0.0,1.0,0.0
第一部,0.0,3.0,0.0,1.0
年租金,0.0,6.0,0.0,1.0
可见,0.0,3.0,0.0,1.0
老师,0.0,3.0,0.0,1.0
确定,0.0,6.0,0.0,1.0
面临,0.0,3.0,0.0,1.0
右上角,0.0,3.0,0.0,1.0
背景,0.0,6.0,0.0,1.0
清晰,0.0,3.0,0.0,1.0
20170807175801466757874,0.0,6.0,0.0,1.0
小阳,0.0,3.0,0.0,1.0
算账,0.0,3.0,0.0,1.0
集中,0.0,24.0,0.0,1.0
有线电视,0.0,3.0,0.0,1.0
实则,0.0,3.0,0.0,1.0
间接,0.0,3.0,0.0,1.0
执导,0.0,15.0,0.0,1.0
外,0.0,15.0,0.0,1.0
帮助,0.0,3.0,0.0,1.0
收为,0.0,3.0,0.0,1.0
1000,0.0,3.0,0.0,1.0
虽,0.0,3.0,0.0,1.0
截止,0.0,15.0,0.0,1.0
上述,0.0,9.0,0.0,1.0
逼近,0.0,3.0,0.0,1.0
月,0.0,663.0,0.0,1.0
为什么,0.0,9.0,0.0,1.0
11.82,0.0,3.0,0.0,1.0
起底,0.0,3.0,0.0,1.0
第一季度,0.0,18.0,0.0,1.0
02,0.0,3.0,0.0,1.0
发行权,0.0,9.0,0.0,1.0
计算,0.0,81.0,0.0,1.0
SMG,0.0,3.0,0.0,1.0
失败,0.0,6.0,0.0,1.0
致电,0.0,3.0,0.0,1.0
全天,0.0,6.0,0.0,1.0
年底,0.0,3.0,0.0,1.0
征信,0.0,3.0,0.0,1.0
队长,0.0,3.0,0.0,1.0
摆在,0.0,3.0,0.0,1.0
ywdf441537,0.0,3.0,0.0,1.0
始终,0.0,3.0,0.0,1.0
知名度,0.0,3.0,0.0,1.0
16.82,0.0,18.0,0.0,1.0
斩获,0.0,3.0,0.0,1.0
Q3auHgzwzM6yOJ6JehTEH7Qxk4XkhBsfbPtg0PnB1XqnNl71MYdwCA,0.0,3.0,0.0,1.0
前五,0.0,6.0,0.0,1.0
影片,0.0,327.0,0.0,1.0
涨,0.0,21.0,0.0,1.0
收盘,0.0,66.0,0.0,1.0
4YndNcFkmLAEH6qKGzxmLdYlvZKic1jlIyL7t9aUfRhDoDPzXgo1BSfficc54ewBQ,0.0,3.0,0.0,1.0
涉及,0.0,6.0,0.0,1.0
早,0.0,24.0,0.0,1.0
信心,0.0,9.0,0.0,1.0
控制,0.0,6.0,0.0,1.0
编辑,0.0,6.0,0.0,1.0
聚合,0.0,237.0,0.0,1.0
淘票票,0.0,3.0,0.0,1.0
将,0.0,156.0,0.0,1.0
席位,0.0,24.0,0.0,1.0
面,0.0,6.0,0.0,1.0
过去,0.0,12.0,0.0,1.0
A股,0.0,27.0,0.0,1.0
stcn,0.0,6.0,0.0,1.0
5.4,0.0,18.0,0.0,1.0
多场次,0.0,3.0,0.0,1.0
收于,0.0,9.0,0.0,1.0
创展,3.0,0.0,1.0,0.0
15.6752,0.0,3.0,0.0,1.0
363799,0.0,3.0,0.0,1.0
美元,0.0,3.0,0.0,1.0
决定,0.0,6.0,0.0,1.0
强烈推荐,0.0,3.0,0.0,1.0
及北文,0.0,6.0,0.0,1.0
合作方,0.0,6.0,0.0,1.0
中文网,0.0,6.0,0.0,1.0
影视业,0.0,9.0,0.0,1.0
青睐,0.0,3.0,0.0,1.0
一位,0.0,9.0,0.0,1.0
别光,0.0,6.0,0.0,1.0
所,0.0,21.0,0.0,1.0
开辟,0.0,3.0,0.0,1.0
成,0.0,6.0,0.0,1.0
SBXFAXIcrcEHsSm795KJRnricharpcLGKrAYIFjbG6SFqUIAkCwhtXXXOl6hWncCJGw,0.0,3.0,0.0,1.0
150.62,0.0,18.0,0.0,1.0
13,0.0,36.0,0.0,1.0
遗憾,0.0,6.0,0.0,1.0
近年来,0.0,3.0,0.0,1.0
出具,0.0,6.0,0.0,1.0
滑铁卢,0.0,3.0,0.0,1.0
18.80,0.0,3.0,0.0,1.0
上,0.0,93.0,0.0,1.0
嘉诚,0.0,3.0,0.0,1.0
成立,0.0,3.0,0.0,1.0
梯队,0.0,3.0,0.0,1.0
5.16,0.0,12.0,0.0,1.0
8000,0.0,9.0,0.0,1.0
优秀,0.0,3.0,0.0,1.0
花,0.0,3.0,0.0,1.0
000776,0.0,3.0,0.0,1.0
证券,0.0,102.0,0.0,1.0
发行,0.0,612.0,0.0,1.0
诊断,0.0,3.0,0.0,1.0
园林,0.0,9.0,0.0,1.0
执行,0.0,9.0,0.0,1.0
收盘价,0.0,9.0,0.0,1.0
引人瞩目,0.0,6.0,0.0,1.0
换手率,0.0,21.0,0.0,1.0
发行股票,0.0,3.0,0.0,1.0
高调,0.0,3.0,0.0,1.0
走势,0.0,6.0,0.0,1.0
追涨,0.0,9.0,0.0,1.0
并购,0.0,9.0,0.0,1.0
起始,0.0,3.0,0.0,1.0
超额完成,0.0,3.0,0.0,1.0
等,3.0,138.0,0.02127659574468085,0.9787234042553191
如若,0.0,6.0,0.0,1.0
363800,0.0,3.0,0.0,1.0
有些,0.0,3.0,0.0,1.0
金银,0.0,3.0,0.0,1.0
特工,0.0,6.0,0.0,1.0
分歧,0.0,3.0,0.0,1.0
底气,0.0,3.0,0.0,1.0
叶峰,0.0,3.0,0.0,1.0
newchart,0.0,3.0,0.0,1.0
锅炉,0.0,6.0,0.0,1.0
善,0.0,30.0,0.0,1.0
第五天,0.0,3.0,0.0,1.0
上涨幅度,0.0,3.0,0.0,1.0
％,0.0,3.0,0.0,1.0
台基,0.0,6.0,0.0,1.0
信息技术,0.0,3.0,0.0,1.0
迄今为止,0.0,6.0,0.0,1.0
藏身,0.0,6.0,0.0,1.0
一评,0.0,6.0,0.0,1.0
华语,0.0,36.0,0.0,1.0
皆,0.0,6.0,0.0,1.0
主创,0.0,3.0,0.0,1.0
预测,0.0,21.0,0.0,1.0
商报,0.0,6.0,0.0,1.0
44.13,0.0,3.0,0.0,1.0
策略,0.0,6.0,0.0,1.0
股票,0.0,63.0,0.0,1.0
分享,0.0,3.0,0.0,1.0
北京东方,0.0,3.0,0.0,1.0
助推,0.0,3.0,0.0,1.0
董事,0.0,66.0,0.0,1.0
于,0.0,93.0,0.0,1.0
一年,0.0,9.0,0.0,1.0
速度,0.0,3.0,0.0,1.0
排片,0.0,6.0,0.0,1.0
6.75,0.0,24.0,0.0,1.0
分析师,0.0,9.0,0.0,1.0
证券时报,0.0,9.0,0.0,1.0
视野,0.0,3.0,0.0,1.0
操盘手,0.0,3.0,0.0,1.0
以,0.0,75.0,0.0,1.0
各类,0.0,6.0,0.0,1.0
大举,0.0,3.0,0.0,1.0
去年同期,0.0,9.0,0.0,1.0
知道,0.0,21.0,0.0,1.0
新闻部,0.0,6.0,0.0,1.0
王长,0.0,6.0,0.0,1.0
常泽鲲,3.0,0.0,1.0,0.0
从而,0.0,3.0,0.0,1.0
首都,0.0,3.0,0.0,1.0
客户端,0.0,3.0,0.0,1.0
会议,0.0,3.0,0.0,1.0
购买,0.0,3.0,0.0,1.0
这些,0.0,15.0,0.0,1.0
牟彦达,0.0,3.0,0.0,1.0
越,0.0,6.0,0.0,1.0
明显增强,0.0,3.0,0.0,1.0
002445,0.0,6.0,0.0,1.0
看好,0.0,3.0,0.0,1.0
点,0.0,12.0,0.0,1.0
新闻,0.0,9.0,0.0,1.0
集合,0.0,6.0,0.0,1.0
男单,3.0,0.0,1.0,0.0
陶蓉,0.0,6.0,0.0,1.0
是,3.0,288.0,0.010309278350515464,0.9896907216494846
华泰,0.0,3.0,0.0,1.0
52.77,0.0,3.0,0.0,1.0
宋,0.0,3.0,0.0,1.0
使用,0.0,3.0,0.0,1.0
标志,0.0,3.0,0.0,1.0
规模,0.0,3.0,0.0,1.0
打开,0.0,6.0,0.0,1.0
>,0.0,141.0,0.0,1.0
骤降,0.0,3.0,0.0,1.0
美国,0.0,15.0,0.0,1.0
艺人,0.0,27.0,0.0,1.0
之相,0.0,3.0,0.0,1.0
产生,3.0,9.0,0.25,0.75
西藏,0.0,9.0,0.0,1.0
合同,0.0,12.0,0.0,1.0
X,0.0,3.0,0.0,1.0
正常,0.0,3.0,0.0,1.0
硬汉,0.0,6.0,0.0,1.0
压中,0.0,3.0,0.0,1.0
例如,0.0,3.0,0.0,1.0
长盛,0.0,9.0,0.0,1.0
多部,0.0,3.0,0.0,1.0
出现,0.0,21.0,0.0,1.0
支撑,0.0,3.0,0.0,1.0
关机,0.0,6.0,0.0,1.0
基金净值,0.0,12.0,0.0,1.0
邓勇,0.0,30.0,0.0,1.0
丁,0.0,3.0,0.0,1.0
什么样,0.0,3.0,0.0,1.0
55,0.0,15.0,0.0,1.0
接近,0.0,15.0,0.0,1.0
选,0.0,3.0,0.0,1.0
千股,0.0,3.0,0.0,1.0
日起,0.0,6.0,0.0,1.0
地,0.0,18.0,0.0,1.0
保定,0.0,3.0,0.0,1.0
地狱,0.0,6.0,0.0,1.0
涨停,0.0,123.0,0.0,1.0
父子关系,0.0,6.0,0.0,1.0
K,0.0,6.0,0.0,1.0
2022,0.0,3.0,0.0,1.0
上扬,0.0,6.0,0.0,1.0
Y,0.0,6.0,0.0,1.0
赛区,0.0,3.0,0.0,1.0
达到,0.0,138.0,0.0,1.0
新股,0.0,3.0,0.0,1.0
19.19,0.0,3.0,0.0,1.0
流浪,0.0,3.0,0.0,1.0
　,0.0,927.0,0.0,1.0
条款,0.0,3.0,0.0,1.0
关注,0.0,30.0,0.0,1.0
公募,0.0,12.0,0.0,1.0
兜底,0.0,9.0,0.0,1.0
以后,0.0,3.0,0.0,1.0
唯一,0.0,3.0,0.0,1.0
徐浩峰,0.0,9.0,0.0,1.0
08,0.0,60.0,0.0,1.0
5672,0.0,3.0,0.0,1.0
分账,0.0,39.0,0.0,1.0
走,0.0,6.0,0.0,1.0
路放,0.0,33.0,0.0,1.0
流转,0.0,3.0,0.0,1.0
不妨,0.0,3.0,0.0,1.0
参与,0.0,93.0,0.0,1.0
预估,0.0,3.0,0.0,1.0
积极,3.0,18.0,0.14285714285714285,0.8571428571428571
调入,0.0,3.0,0.0,1.0
线图,0.0,6.0,0.0,1.0
154,0.0,6.0,0.0,1.0
再度,0.0,12.0,0.0,1.0
畅,0.0,3.0,0.0,1.0
偏高,0.0,6.0,0.0,1.0
引进,0.0,3.0,0.0,1.0
位列,0.0,3.0,0.0,1.0
合瑞,0.0,3.0,0.0,1.0
歌华有线,0.0,3.0,0.0,1.0
4,0.0,168.0,0.0,1.0
发现,0.0,15.0,0.0,1.0
龙泉,0.0,3.0,0.0,1.0
后续,0.0,6.0,0.0,1.0
态势,0.0,12.0,0.0,1.0
002739,0.0,6.0,0.0,1.0
据悉,0.0,6.0,0.0,1.0
影视娱乐,0.0,3.0,0.0,1.0
更是,0.0,18.0,0.0,1.0
敏感性,0.0,12.0,0.0,1.0
上午,0.0,12.0,0.0,1.0
B3,0.0,3.0,0.0,1.0
跨界,0.0,3.0,0.0,1.0
必须,0.0,3.0,0.0,1.0
等等,0.0,3.0,0.0,1.0
_,0.0,117.0,0.0,1.0
7000,0.0,9.0,0.0,1.0
生效,0.0,6.0,0.0,1.0
以外,0.0,9.0,0.0,1.0
zqrb,0.0,3.0,0.0,1.0
暂定为,0.0,3.0,0.0,1.0
炭素,0.0,6.0,0.0,1.0
津冀,0.0,3.0,0.0,1.0
监督管理,0.0,6.0,0.0,1.0
七年,0.0,6.0,0.0,1.0
联动,0.0,3.0,0.0,1.0
同桌,0.0,3.0,0.0,1.0
揭开,0.0,3.0,0.0,1.0
募集,0.0,9.0,0.0,1.0
科锐,0.0,6.0,0.0,1.0
吸引,0.0,6.0,0.0,1.0
岛内,3.0,0.0,1.0,0.0
爆,0.0,9.0,0.0,1.0
现状,0.0,3.0,0.0,1.0
差评,0.0,3.0,0.0,1.0
0.0825,0.0,3.0,0.0,1.0
仅为,0.0,3.0,0.0,1.0
兴盛,0.0,3.0,0.0,1.0
相对,0.0,6.0,0.0,1.0
债务,0.0,3.0,0.0,1.0
机构,0.0,78.0,0.0,1.0
积极探索,0.0,3.0,0.0,1.0
涨幅,0.0,132.0,0.0,1.0
方大,0.0,9.0,0.0,1.0
分,0.0,30.0,0.0,1.0
交易所,0.0,6.0,0.0,1.0
旅等,3.0,0.0,1.0,0.0
131.8,0.0,3.0,0.0,1.0
保守,0.0,6.0,0.0,1.0
0.95,0.0,12.0,0.0,1.0
详细,0.0,3.0,0.0,1.0
摘要,0.0,15.0,0.0,1.0
丰厚,0.0,6.0,0.0,1.0
国际,0.0,96.0,0.0,1.0
后期,0.0,9.0,0.0,1.0
监会,0.0,3.0,0.0,1.0
自导自演,0.0,6.0,0.0,1.0
新,0.0,48.0,0.0,1.0
走低,0.0,3.0,0.0,1.0
逼,0.0,3.0,0.0,1.0
丁明山,0.0,3.0,0.0,1.0
复盘,0.0,6.0,0.0,1.0
(,0.0,243.0,0.0,1.0
随着,0.0,12.0,0.0,1.0
（,3.0,324.0,0.009174311926605505,0.9908256880733946
方法,0.0,6.0,0.0,1.0
15.68,0.0,6.0,0.0,1.0
20170802075241733,0.0,3.0,0.0,1.0
1,0.0,144.0,0.0,1.0
表示,0.0,60.0,0.0,1.0
809,0.0,3.0,0.0,1.0
现场会议,0.0,6.0,0.0,1.0
十大,0.0,6.0,0.0,1.0
金石,0.0,3.0,0.0,1.0
总收入,0.0,15.0,0.0,1.0
作用,0.0,6.0,0.0,1.0
彩虹,0.0,6.0,0.0,1.0
投资商,0.0,3.0,0.0,1.0
aWtGibIttQeew3DHNqx5uVb92eFJH7TRFGL6RvQwmaI0MAmEGwGCBF9eWCsowNbUQvV8KfYicuA,0.0,3.0,0.0,1.0
方向,0.0,3.0,0.0,1.0
南极,0.0,3.0,0.0,1.0
人丁,0.0,3.0,0.0,1.0
掌舵,0.0,3.0,0.0,1.0
0.25,0.0,3.0,0.0,1.0
精选,0.0,12.0,0.0,1.0
亿左右,0.0,9.0,0.0,1.0
把握,0.0,3.0,0.0,1.0
太平洋,0.0,3.0,0.0,1.0
-,3.0,189.0,0.015625,0.984375
周末,0.0,9.0,0.0,1.0
已于,0.0,9.0,0.0,1.0
型,0.0,6.0,0.0,1.0
创,0.0,6.0,0.0,1.0
看,0.0,45.0,0.0,1.0
早上,0.0,3.0,0.0,1.0
左右,0.0,42.0,0.0,1.0
公安部,0.0,3.0,0.0,1.0
业绩,0.0,81.0,0.0,1.0
办法,0.0,12.0,0.0,1.0
参展,0.0,6.0,0.0,1.0
超出,0.0,12.0,0.0,1.0
累积,0.0,3.0,0.0,1.0
JPu6ibviaEbhkkOPBRicSQAhDLBWbVfic69BQASnOCWqr5vicxSnpLCnKYTouibsgOFOJA9rrvqVQcXiaKVg0u0RkJE7g,0.0,3.0,0.0,1.0
北美,0.0,6.0,0.0,1.0
6387.4,0.0,3.0,0.0,1.0
…,0.0,6.0,0.0,1.0
提及,0.0,3.0,0.0,1.0
文化素质,0.0,3.0,0.0,1.0
及其,0.0,3.0,0.0,1.0
西水股份,0.0,6.0,0.0,1.0
星光,0.0,3.0,0.0,1.0
陈,0.0,12.0,0.0,1.0
概率,0.0,6.0,0.0,1.0
书面,0.0,6.0,0.0,1.0
无论,0.0,6.0,0.0,1.0
创意,3.0,15.0,0.16666666666666666,0.8333333333333334
并于,0.0,3.0,0.0,1.0
领导,0.0,3.0,0.0,1.0
bcee,0.0,3.0,0.0,1.0
市,0.0,12.0,0.0,1.0
卖座,0.0,6.0,0.0,1.0
一方面,0.0,3.0,0.0,1.0
此次,0.0,21.0,0.0,1.0
出席,0.0,3.0,0.0,1.0
中国,0.0,105.0,0.0,1.0
一手,0.0,3.0,0.0,1.0
杨洋,0.0,3.0,0.0,1.0
仪式,0.0,12.0,0.0,1.0
拿到,0.0,9.0,0.0,1.0
:,0.0,102.0,0.0,1.0
持股,0.0,36.0,0.0,1.0
提示,0.0,3.0,0.0,1.0
发挥,0.0,6.0,0.0,1.0
就文,0.0,3.0,0.0,1.0
2013,0.0,15.0,0.0,1.0
189534182,0.0,3.0,0.0,1.0
啥,0.0,3.0,0.0,1.0
认可,0.0,6.0,0.0,1.0
制片人,0.0,9.0,0.0,1.0
该项,0.0,6.0,0.0,1.0
实际,0.0,27.0,0.0,1.0
管们,0.0,6.0,0.0,1.0
高位,0.0,9.0,0.0,1.0
推,0.0,6.0,0.0,1.0
15.37,0.0,3.0,0.0,1.0
期待,0.0,3.0,0.0,1.0
现金流量,0.0,3.0,0.0,1.0
11.5,0.0,3.0,0.0,1.0
4.27,0.0,3.0,0.0,1.0
12.827,0.0,3.0,0.0,1.0
秘书,0.0,27.0,0.0,1.0
首部,0.0,3.0,0.0,1.0
增持,0.0,42.0,0.0,1.0
人来,0.0,3.0,0.0,1.0
其共,0.0,6.0,0.0,1.0
周松清,0.0,3.0,0.0,1.0
综,0.0,3.0,0.0,1.0
账户,0.0,6.0,0.0,1.0
多维度,0.0,3.0,0.0,1.0
KDP,0.0,9.0,0.0,1.0
天,0.0,57.0,0.0,1.0
large,0.0,12.0,0.0,1.0
10,0.0,93.0,0.0,1.0
80,0.0,3.0,0.0,1.0
拍卖,0.0,3.0,0.0,1.0
连板,0.0,3.0,0.0,1.0
之道,0.0,6.0,0.0,1.0
亿元,0.0,924.0,0.0,1.0
巨资,0.0,6.0,0.0,1.0
10.03,0.0,3.0,0.0,1.0
华尔街,0.0,6.0,0.0,1.0
4.6,0.0,3.0,0.0,1.0
形式,0.0,6.0,0.0,1.0
21.14,0.0,21.0,0.0,1.0
离场,0.0,3.0,0.0,1.0
上映,0.0,240.0,0.0,1.0
大热,0.0,9.0,0.0,1.0
显露,0.0,3.0,0.0,1.0
不难理解,0.0,6.0,0.0,1.0
mmbiz,0.0,48.0,0.0,1.0
微,0.0,3.0,0.0,1.0
逾,0.0,51.0,0.0,1.0
04,0.0,9.0,0.0,1.0
排,0.0,9.0,0.0,1.0
见面会,0.0,9.0,0.0,1.0
下文,0.0,6.0,0.0,1.0
期间,0.0,15.0,0.0,1.0
反弹,0.0,12.0,0.0,1.0
1.35,0.0,3.0,0.0,1.0
102.62,0.0,6.0,0.0,1.0
优势,0.0,3.0,0.0,1.0
还是,0.0,9.0,0.0,1.0
归母,0.0,9.0,0.0,1.0
参加,0.0,3.0,0.0,1.0
艺术化,0.0,3.0,0.0,1.0
对折,0.0,3.0,0.0,1.0
短线,0.0,3.0,0.0,1.0
日则,0.0,3.0,0.0,1.0
单位,0.0,6.0,0.0,1.0
电影史,0.0,6.0,0.0,1.0
扣除,0.0,9.0,0.0,1.0
33.4,0.0,12.0,0.0,1.0
@,0.0,3.0,0.0,1.0
发展,0.0,39.0,0.0,1.0
从,0.0,105.0,0.0,1.0
辜负,0.0,6.0,0.0,1.0
=,0.0,156.0,0.0,1.0
两次,0.0,9.0,0.0,1.0
式,0.0,3.0,0.0,1.0
13410,0.0,3.0,0.0,1.0
Mojo,0.0,3.0,0.0,1.0
进展,0.0,3.0,0.0,1.0
押宝,0.0,6.0,0.0,1.0
法人,0.0,3.0,0.0,1.0
公映,0.0,12.0,0.0,1.0
导致,0.0,9.0,0.0,1.0
研究员,0.0,3.0,0.0,1.0
日该,0.0,6.0,0.0,1.0
刷新,0.0,12.0,0.0,1.0
志强,0.0,3.0,0.0,1.0
3668,0.0,3.0,0.0,1.0
生态,0.0,3.0,0.0,1.0
近,0.0,96.0,0.0,1.0
多少,0.0,30.0,0.0,1.0
营销,0.0,12.0,0.0,1.0
咖,0.0,3.0,0.0,1.0
从码,0.0,3.0,0.0,1.0
休闲,0.0,3.0,0.0,1.0
监管,0.0,3.0,0.0,1.0
创出,0.0,6.0,0.0,1.0
披露,0.0,78.0,0.0,1.0
AGE,0.0,3.0,0.0,1.0
6666,0.0,3.0,0.0,1.0
段时间,0.0,3.0,0.0,1.0
集,0.0,3.0,0.0,1.0
由此看来,0.0,3.0,0.0,1.0
需求,0.0,3.0,0.0,1.0
91.7,0.0,3.0,0.0,1.0
第,0.0,3.0,0.0,1.0
分摊,0.0,3.0,0.0,1.0
反应,0.0,3.0,0.0,1.0
旅游局,0.0,9.0,0.0,1.0
前身,0.0,3.0,0.0,1.0
无止境,0.0,3.0,0.0,1.0
3.57,0.0,3.0,0.0,1.0
互联网,0.0,3.0,0.0,1.0
伟大,0.0,9.0,0.0,1.0
特别,3.0,3.0,0.5,0.5
孤例,0.0,3.0,0.0,1.0
53,0.0,33.0,0.0,1.0
总监,0.0,3.0,0.0,1.0
月份,0.0,15.0,0.0,1.0
其泛,0.0,3.0,0.0,1.0
创了,0.0,3.0,0.0,1.0
摩天轮,0.0,12.0,0.0,1.0
1.65,0.0,12.0,0.0,1.0
到,0.0,96.0,0.0,1.0
大概,0.0,3.0,0.0,1.0
囊括,0.0,3.0,0.0,1.0
或超,0.0,3.0,0.0,1.0
会计师,0.0,3.0,0.0,1.0
双双,0.0,3.0,0.0,1.0
new,0.0,3.0,0.0,1.0
影都,0.0,3.0,0.0,1.0
万到,0.0,6.0,0.0,1.0
短,0.0,3.0,0.0,1.0
部分,0.0,138.0,0.0,1.0
不大,0.0,6.0,0.0,1.0
财富,0.0,12.0,0.0,1.0
启范,0.0,9.0,0.0,1.0
引爆,0.0,18.0,0.0,1.0
1.07,0.0,6.0,0.0,1.0
》,0.0,1335.0,0.0,1.0
二代,0.0,3.0,0.0,1.0
拍摄,0.0,6.0,0.0,1.0
越高,0.0,6.0,0.0,1.0
2230,0.0,3.0,0.0,1.0
双重,0.0,3.0,0.0,1.0
破,0.0,21.0,0.0,1.0
人买,0.0,3.0,0.0,1.0
民族,0.0,6.0,0.0,1.0
一期,0.0,3.0,0.0,1.0
之前,0.0,9.0,0.0,1.0
璀璨,0.0,3.0,0.0,1.0
一股,0.0,6.0,0.0,1.0
总额,0.0,3.0,0.0,1.0
会,0.0,33.0,0.0,1.0
分担,0.0,3.0,0.0,1.0
覆盖,0.0,3.0,0.0,1.0
先后,0.0,3.0,0.0,1.0
83,0.0,3.0,0.0,1.0
顾问,0.0,6.0,0.0,1.0
长远,0.0,3.0,0.0,1.0
金融界,0.0,3.0,0.0,1.0
33.92,0.0,3.0,0.0,1.0
估算,0.0,3.0,0.0,1.0
投拍,0.0,6.0,0.0,1.0
603505,0.0,3.0,0.0,1.0
排除,0.0,3.0,0.0,1.0
2.17,0.0,30.0,0.0,1.0
不久前,0.0,6.0,0.0,1.0
地球,0.0,3.0,0.0,1.0
向上,0.0,9.0,0.0,1.0
一只,0.0,6.0,0.0,1.0
立即,0.0,3.0,0.0,1.0
加入,0.0,12.0,0.0,1.0
总成本,0.0,3.0,0.0,1.0
媒体,0.0,27.0,0.0,1.0
几度,0.0,6.0,0.0,1.0
2361.29,0.0,9.0,0.0,1.0
下称,0.0,3.0,0.0,1.0
主办,0.0,6.0,0.0,1.0
料到,0.0,3.0,0.0,1.0
youdao,0.0,3.0,0.0,1.0
京台文,3.0,0.0,1.0,0.0
套利,0.0,3.0,0.0,1.0
影联则,0.0,3.0,0.0,1.0
点击,0.0,6.0,0.0,1.0
0.22,0.0,3.0,0.0,1.0
但据,0.0,3.0,0.0,1.0
梯度,0.0,9.0,0.0,1.0
人,0.0,6.0,0.0,1.0
赚,0.0,66.0,0.0,1.0
迹象,0.0,3.0,0.0,1.0
收益,0.0,153.0,0.0,1.0
报道,0.0,24.0,0.0,1.0
曾,0.0,54.0,0.0,1.0
亿股,0.0,6.0,0.0,1.0
12,0.0,87.0,0.0,1.0
热门,0.0,3.0,0.0,1.0
诊股,0.0,105.0,0.0,1.0
井喷,0.0,3.0,0.0,1.0
猛增,0.0,6.0,0.0,1.0
密切合作,0.0,3.0,0.0,1.0
以下,0.0,15.0,0.0,1.0
飙高,0.0,3.0,0.0,1.0
流向,0.0,3.0,0.0,1.0
证券报,0.0,9.0,0.0,1.0
潭柘寺,0.0,6.0,0.0,1.0
报收,0.0,24.0,0.0,1.0
13.75,0.0,48.0,0.0,1.0
拉开,0.0,12.0,0.0,1.0
事件,0.0,12.0,0.0,1.0
关键词,0.0,3.0,0.0,1.0
水涨船高,0.0,6.0,0.0,1.0
全球,0.0,15.0,0.0,1.0
方,0.0,453.0,0.0,1.0
费,0.0,6.0,0.0,1.0
崛起,0.0,3.0,0.0,1.0
参股,0.0,3.0,0.0,1.0
两个,0.0,27.0,0.0,1.0
刘慈欣,0.0,3.0,0.0,1.0
施加压力,0.0,3.0,0.0,1.0
历史,0.0,6.0,0.0,1.0
明显,0.0,9.0,0.0,1.0
先生,0.0,3.0,0.0,1.0
9.83,0.0,45.0,0.0,1.0
c71af78c789696a186e459ad8f4a8faf,0.0,3.0,0.0,1.0
知情,0.0,6.0,0.0,1.0
58188,0.0,6.0,0.0,1.0
公开,0.0,36.0,0.0,1.0
签署,0.0,18.0,0.0,1.0
理解,0.0,3.0,0.0,1.0
万参,0.0,3.0,0.0,1.0
做好,0.0,6.0,0.0,1.0
三方,0.0,3.0,0.0,1.0
文化周,0.0,3.0,0.0,1.0
本,0.0,12.0,0.0,1.0
建议,0.0,3.0,0.0,1.0
城市,0.0,6.0,0.0,1.0
买方,0.0,3.0,0.0,1.0
1.74,0.0,6.0,0.0,1.0
占,0.0,90.0,0.0,1.0
结算,0.0,9.0,0.0,1.0
强大,0.0,6.0,0.0,1.0
000166,0.0,3.0,0.0,1.0
职务,0.0,6.0,0.0,1.0
时,0.0,123.0,0.0,1.0
OeQrYCAi,0.0,3.0,0.0,1.0
阶段性,0.0,3.0,0.0,1.0
22,0.0,18.0,0.0,1.0
等央企,0.0,3.0,0.0,1.0
领先,0.0,6.0,0.0,1.0
高管,0.0,42.0,0.0,1.0
深,0.0,6.0,0.0,1.0
收获,0.0,9.0,0.0,1.0
牛,0.0,3.0,0.0,1.0
格外,0.0,3.0,0.0,1.0
心,0.0,3.0,0.0,1.0
gtimg,0.0,3.0,0.0,1.0
承担,0.0,3.0,0.0,1.0
工作日内,0.0,9.0,0.0,1.0
提交,0.0,12.0,0.0,1.0
万名,0.0,3.0,0.0,1.0
旗下,0.0,27.0,0.0,1.0
86.69,0.0,3.0,0.0,1.0
买卖,0.0,3.0,0.0,1.0
使,0.0,3.0,0.0,1.0
券商,0.0,12.0,0.0,1.0
处在,0.0,6.0,0.0,1.0
第二个,0.0,3.0,0.0,1.0
每经,0.0,15.0,0.0,1.0
自豪感,0.0,6.0,0.0,1.0
总价,0.0,6.0,0.0,1.0
喜上眉梢,0.0,3.0,0.0,1.0
亿算,0.0,3.0,0.0,1.0
切合,0.0,3.0,0.0,1.0
首现,0.0,3.0,0.0,1.0
436,0.0,21.0,0.0,1.0
转发,0.0,3.0,0.0,1.0
且,0.0,18.0,0.0,1.0
交易日,0.0,120.0,0.0,1.0
DA20,0.0,3.0,0.0,1.0
近日,0.0,21.0,0.0,1.0
阅读,0.0,3.0,0.0,1.0
更为,0.0,3.0,0.0,1.0
该片,0.0,30.0,0.0,1.0
燃烧,0.0,6.0,0.0,1.0
何尝,0.0,3.0,0.0,1.0
0008022,0.0,6.0,0.0,1.0
管拟,0.0,6.0,0.0,1.0
证券日报,0.0,15.0,0.0,1.0
主营,0.0,6.0,0.0,1.0
评,0.0,3.0,0.0,1.0
传播,0.0,15.0,0.0,1.0
延续,0.0,6.0,0.0,1.0
爆破,0.0,3.0,0.0,1.0
小,0.0,3.0,0.0,1.0
启迪,0.0,3.0,0.0,1.0
本周,0.0,3.0,0.0,1.0
之际,0.0,3.0,0.0,1.0
1.41,0.0,3.0,0.0,1.0
组的局,0.0,6.0,0.0,1.0
综艺,0.0,21.0,0.0,1.0
错过,0.0,6.0,0.0,1.0
ywdf,0.0,3.0,0.0,1.0
中影,0.0,15.0,0.0,1.0
长江,0.0,3.0,0.0,1.0
您,0.0,12.0,0.0,1.0
：,9.0,342.0,0.02564102564102564,0.9743589743589743
一路,0.0,24.0,0.0,1.0
创造,0.0,21.0,0.0,1.0
6959,0.0,3.0,0.0,1.0
期,0.0,18.0,0.0,1.0
上浮,0.0,6.0,0.0,1.0
眼睛,0.0,3.0,0.0,1.0
13.54,0.0,15.0,0.0,1.0
中,0.0,117.0,0.0,1.0
）,3.0,324.0,0.009174311926605505,0.9908256880733946
加利,0.0,21.0,0.0,1.0
受此,0.0,6.0,0.0,1.0
亿后,0.0,24.0,0.0,1.0
IW7LPbLZcziajdwjzQTXQhKkpCfXvFPicMftL3145P4hfUHGxBKb2eUr2XvibQ,0.0,3.0,0.0,1.0
正在,0.0,18.0,0.0,1.0
1997,0.0,3.0,0.0,1.0
市场监管,0.0,3.0,0.0,1.0
相继,0.0,6.0,0.0,1.0
总共,0.0,3.0,0.0,1.0
昨天,0.0,21.0,0.0,1.0
繁荣,0.0,3.0,0.0,1.0
共计,0.0,15.0,0.0,1.0
时说,0.0,6.0,0.0,1.0
不可同日而语,0.0,3.0,0.0,1.0
总裁兼,0.0,27.0,0.0,1.0
借机,0.0,3.0,0.0,1.0
整体,0.0,9.0,0.0,1.0
消费市场,0.0,3.0,0.0,1.0
大部分,0.0,9.0,0.0,1.0
投机,0.0,3.0,0.0,1.0
一直,0.0,18.0,0.0,1.0
年轻化,0.0,3.0,0.0,1.0
天安门,3.0,0.0,1.0,0.0
复制,0.0,15.0,0.0,1.0
只想,0.0,6.0,0.0,1.0
辅助,0.0,6.0,0.0,1.0
田,0.0,6.0,0.0,1.0
保,0.0,3.0,0.0,1.0
三板,0.0,3.0,0.0,1.0
羊城晚报,0.0,6.0,0.0,1.0
其它,0.0,15.0,0.0,1.0
蒋洁琼,0.0,6.0,0.0,1.0
量,0.0,3.0,0.0,1.0
操作,0.0,3.0,0.0,1.0
尚未,0.0,3.0,0.0,1.0
打算,0.0,6.0,0.0,1.0
拉,0.0,3.0,0.0,1.0
万达,0.0,48.0,0.0,1.0
起,0.0,6.0,0.0,1.0
002673,0.0,3.0,0.0,1.0
编,0.0,3.0,0.0,1.0
minpic,0.0,3.0,0.0,1.0
发声,0.0,3.0,0.0,1.0
股本,0.0,51.0,0.0,1.0
发行人,0.0,6.0,0.0,1.0
没有,0.0,57.0,0.0,1.0
据市,3.0,0.0,1.0,0.0
出资,0.0,21.0,0.0,1.0
放量,0.0,3.0,0.0,1.0
以此,0.0,6.0,0.0,1.0
优选,0.0,3.0,0.0,1.0
勇气,0.0,3.0,0.0,1.0
日晚,0.0,27.0,0.0,1.0
今天,0.0,18.0,0.0,1.0
现在,0.0,27.0,0.0,1.0
新纪录,0.0,6.0,0.0,1.0
趋势,0.0,6.0,0.0,1.0
还会,0.0,3.0,0.0,1.0
偏好,0.0,3.0,0.0,1.0
上下,0.0,3.0,0.0,1.0
帮忙,0.0,3.0,0.0,1.0
来看,0.0,21.0,0.0,1.0
挤压,0.0,3.0,0.0,1.0
令,0.0,3.0,0.0,1.0
等级,0.0,6.0,0.0,1.0
理财师,0.0,3.0,0.0,1.0
往前,0.0,3.0,0.0,1.0
封神,0.0,75.0,0.0,1.0
双,0.0,3.0,0.0,1.0
罗素,0.0,3.0,0.0,1.0
霏,0.0,3.0,0.0,1.0
得到,0.0,3.0,0.0,1.0
无限,0.0,3.0,0.0,1.0
今年以来,0.0,6.0,0.0,1.0
单日,0.0,9.0,0.0,1.0
广泛,3.0,0.0,1.0,0.0
以一字,0.0,6.0,0.0,1.0
各家,0.0,3.0,0.0,1.0
需,0.0,3.0,0.0,1.0
产品,0.0,3.0,0.0,1.0
这次,0.0,9.0,0.0,1.0
1.38,0.0,18.0,0.0,1.0
三倍,0.0,3.0,0.0,1.0
时代,0.0,3.0,0.0,1.0
1.04,0.0,6.0,0.0,1.0
总和,0.0,24.0,0.0,1.0
打个,0.0,3.0,0.0,1.0
6.20,0.0,3.0,0.0,1.0
天狂,0.0,3.0,0.0,1.0
热潮,0.0,9.0,0.0,1.0
网站,0.0,3.0,0.0,1.0
问,0.0,6.0,0.0,1.0
债券,0.0,21.0,0.0,1.0
品味,6.0,0.0,1.0,0.0
签订,0.0,9.0,0.0,1.0
2020,0.0,3.0,0.0,1.0
红包,0.0,3.0,0.0,1.0
不悔,0.0,3.0,0.0,1.0
租金,0.0,6.0,0.0,1.0
围绕,0.0,9.0,0.0,1.0
显示,0.0,120.0,0.0,1.0
电视,0.0,9.0,0.0,1.0
经营报,0.0,3.0,0.0,1.0
转型,0.0,51.0,0.0,1.0
巨额,0.0,6.0,0.0,1.0
签订协议,0.0,3.0,0.0,1.0
亿时,0.0,27.0,0.0,1.0
五颗星,0.0,3.0,0.0,1.0
阶段,0.0,6.0,0.0,1.0
为例,0.0,6.0,0.0,1.0
项目,0.0,123.0,0.0,1.0
升温,0.0,3.0,0.0,1.0
杜洋,0.0,3.0,0.0,1.0
宾馆,0.0,3.0,0.0,1.0
300236,0.0,3.0,0.0,1.0
4S6dxDGtXE5wl0aksYj,0.0,3.0,0.0,1.0
大幅,0.0,6.0,0.0,1.0
2591.58,0.0,3.0,0.0,1.0
交流,9.0,0.0,1.0,0.0
A17,0.0,3.0,0.0,1.0
区间,0.0,21.0,0.0,1.0
多个,3.0,3.0,0.5,0.5
一笔,0.0,18.0,0.0,1.0
波动,0.0,6.0,0.0,1.0
不超,0.0,30.0,0.0,1.0
国内,0.0,15.0,0.0,1.0
单天,0.0,3.0,0.0,1.0
值得一提的是,0.0,3.0,0.0,1.0
25,0.0,39.0,0.0,1.0
印度,0.0,3.0,0.0,1.0
放映,0.0,9.0,0.0,1.0
核心,0.0,6.0,0.0,1.0
子公司,0.0,21.0,0.0,1.0
终止,0.0,3.0,0.0,1.0
试错,0.0,3.0,0.0,1.0
潜力,0.0,3.0,0.0,1.0
马云,0.0,6.0,0.0,1.0
经济,0.0,18.0,0.0,1.0
成效显著,3.0,0.0,1.0,0.0
比例,0.0,249.0,0.0,1.0
YqiaPhu3bNbdPmbm5,0.0,3.0,0.0,1.0
重仓,0.0,6.0,0.0,1.0
拍片,0.0,3.0,0.0,1.0
酝酿,0.0,3.0,0.0,1.0
投资,0.0,225.0,0.0,1.0
纯,0.0,3.0,0.0,1.0
–,0.0,6.0,0.0,1.0
逐步,0.0,3.0,0.0,1.0
muyanda,0.0,3.0,0.0,1.0
中持,0.0,9.0,0.0,1.0
日大涨,0.0,3.0,0.0,1.0
钱,0.0,15.0,0.0,1.0
最终,0.0,72.0,0.0,1.0
景区,0.0,3.0,0.0,1.0
酱油,0.0,9.0,0.0,1.0
3.4,0.0,3.0,0.0,1.0
其,0.0,102.0,0.0,1.0
9,0.0,21.0,0.0,1.0
当天,0.0,15.0,0.0,1.0
爆表,0.0,3.0,0.0,1.0
给出,0.0,6.0,0.0,1.0
仍,0.0,24.0,0.0,1.0
假设,0.0,9.0,0.0,1.0
自费,6.0,0.0,1.0,0.0
拯救,0.0,6.0,0.0,1.0
该股,0.0,6.0,0.0,1.0
掷,0.0,3.0,0.0,1.0
优化,0.0,3.0,0.0,1.0
出炉,0.0,3.0,0.0,1.0
便,0.0,18.0,0.0,1.0
提到,0.0,6.0,0.0,1.0
热点,0.0,3.0,0.0,1.0
全资,0.0,3.0,0.0,1.0
分钟,0.0,6.0,0.0,1.0
群像,0.0,3.0,0.0,1.0
II,0.0,3.0,0.0,1.0
重视,0.0,3.0,0.0,1.0
降魔,0.0,3.0,0.0,1.0
认为,0.0,24.0,0.0,1.0
7759,0.0,3.0,0.0,1.0
扣掉,0.0,12.0,0.0,1.0
但净,0.0,9.0,0.0,1.0
营,0.0,3.0,0.0,1.0
三人间,3.0,0.0,1.0,0.0
年度,0.0,12.0,0.0,1.0
遭,0.0,3.0,0.0,1.0
摇摆不定,0.0,3.0,0.0,1.0
老,6.0,0.0,1.0,0.0
创新,0.0,18.0,0.0,1.0
投融资,0.0,3.0,0.0,1.0
相,0.0,12.0,0.0,1.0
多,0.0,33.0,0.0,1.0
11,0.0,12.0,0.0,1.0
ccstock,0.0,3.0,0.0,1.0
咖都,0.0,3.0,0.0,1.0
而言,0.0,6.0,0.0,1.0
四个,0.0,9.0,0.0,1.0
南五,0.0,3.0,0.0,1.0
新人,0.0,6.0,0.0,1.0
包括,3.0,48.0,0.058823529411764705,0.9411764705882353
下半年,0.0,3.0,0.0,1.0
浮现,0.0,6.0,0.0,1.0
华创,0.0,9.0,0.0,1.0
据,0.0,87.0,0.0,1.0
因而,0.0,6.0,0.0,1.0
异常,0.0,6.0,0.0,1.0
坦承,0.0,3.0,0.0,1.0
0.06,0.0,3.0,0.0,1.0
需要,0.0,3.0,0.0,1.0
黑豹,0.0,6.0,0.0,1.0
股自,0.0,3.0,0.0,1.0
流通,0.0,6.0,0.0,1.0
资本论,0.0,6.0,0.0,1.0
gif,0.0,15.0,0.0,1.0
qpic,0.0,24.0,0.0,1.0
上海,0.0,12.0,0.0,1.0
attpic,0.0,3.0,0.0,1.0
势必,0.0,6.0,0.0,1.0
李菲菲,0.0,3.0,0.0,1.0
列强,0.0,6.0,0.0,1.0
促成,3.0,0.0,1.0,0.0
几年,0.0,6.0,0.0,1.0
56,0.0,15.0,0.0,1.0
分起,0.0,3.0,0.0,1.0
担任,0.0,6.0,0.0,1.0
那个,0.0,3.0,0.0,1.0
带来,0.0,33.0,0.0,1.0
大卖,0.0,21.0,0.0,1.0
事务所,0.0,3.0,0.0,1.0
获利,0.0,12.0,0.0,1.0
造成,0.0,3.0,0.0,1.0
回报,0.0,3.0,0.0,1.0
战争,0.0,3.0,0.0,1.0
负责,0.0,12.0,0.0,1.0
宝贝,0.0,6.0,0.0,1.0
国泰君安,0.0,6.0,0.0,1.0
提神,0.0,6.0,0.0,1.0
日期,0.0,9.0,0.0,1.0
建立,0.0,3.0,0.0,1.0
阐述,0.0,3.0,0.0,1.0
有所,0.0,6.0,0.0,1.0
上行,0.0,3.0,0.0,1.0
进击,0.0,3.0,0.0,1.0
note,0.0,3.0,0.0,1.0
险资,0.0,3.0,0.0,1.0
方耀莱,0.0,3.0,0.0,1.0
西游,0.0,3.0,0.0,1.0
超燃,0.0,6.0,0.0,1.0
天涨,0.0,3.0,0.0,1.0
白芸,0.0,3.0,0.0,1.0
再次,0.0,12.0,0.0,1.0
联合,0.0,69.0,0.0,1.0
在劫难逃,0.0,3.0,0.0,1.0
局,0.0,6.0,0.0,1.0
背后,0.0,51.0,0.0,1.0
周二,0.0,6.0,0.0,1.0
31,0.0,108.0,0.0,1.0
上市公司,0.0,27.0,0.0,1.0
43,0.0,9.0,0.0,1.0
方上,0.0,6.0,0.0,1.0
涨价,0.0,3.0,0.0,1.0
英国,0.0,3.0,0.0,1.0
情况,0.0,21.0,0.0,1.0
并未,0.0,12.0,0.0,1.0
迎来,0.0,6.0,0.0,1.0
涉案,0.0,9.0,0.0,1.0
内有,0.0,3.0,0.0,1.0
组织,0.0,3.0,0.0,1.0
衍生,0.0,3.0,0.0,1.0
后向泛,0.0,3.0,0.0,1.0
0.2,0.0,3.0,0.0,1.0
启泰,0.0,12.0,0.0,1.0
升幅,0.0,6.0,0.0,1.0
稳赚,0.0,12.0,0.0,1.0
本报,0.0,3.0,0.0,1.0
澎湃,0.0,3.0,0.0,1.0
龙虎,0.0,3.0,0.0,1.0
主力,0.0,3.0,0.0,1.0
胜,0.0,15.0,0.0,1.0
本身,0.0,3.0,0.0,1.0
只有,0.0,12.0,0.0,1.0
掀起,0.0,3.0,0.0,1.0
0.43,0.0,6.0,0.0,1.0
报跌,0.0,6.0,0.0,1.0
债基,0.0,6.0,0.0,1.0
更加,0.0,9.0,0.0,1.0
分析,0.0,27.0,0.0,1.0
70,0.0,3.0,0.0,1.0
董事长,0.0,45.0,0.0,1.0
涨一涨,0.0,3.0,0.0,1.0
困难,0.0,3.0,0.0,1.0
暴增,0.0,6.0,0.0,1.0
事实上,0.0,3.0,0.0,1.0
刚刚,0.0,6.0,0.0,1.0
.,0.0,357.0,0.0,1.0
／,0.0,3.0,0.0,1.0
人数,0.0,6.0,0.0,1.0
撰稿,0.0,3.0,0.0,1.0
个人,0.0,9.0,0.0,1.0
统一,0.0,3.0,0.0,1.0
少年,0.0,3.0,0.0,1.0
至少,0.0,9.0,0.0,1.0
盈收,0.0,3.0,0.0,1.0
2,0.0,1200.0,0.0,1.0
0.1375,0.0,3.0,0.0,1.0
假定,0.0,3.0,0.0,1.0
权益,0.0,3.0,0.0,1.0
影联向,0.0,3.0,0.0,1.0
反包,0.0,3.0,0.0,1.0
成片,0.0,3.0,0.0,1.0
一系列,0.0,6.0,0.0,1.0
一次,0.0,12.0,0.0,1.0
樊,0.0,6.0,0.0,1.0
伙伴,0.0,12.0,0.0,1.0
星,0.0,3.0,0.0,1.0
17701135488,0.0,3.0,0.0,1.0
网上,0.0,3.0,0.0,1.0
余万,0.0,3.0,0.0,1.0
投,0.0,9.0,0.0,1.0
三声,0.0,3.0,0.0,1.0
属,0.0,3.0,0.0,1.0
综艺节目,0.0,3.0,0.0,1.0
众多,0.0,6.0,0.0,1.0
0.99,0.0,12.0,0.0,1.0
光线,0.0,57.0,0.0,1.0
押,0.0,6.0,0.0,1.0
万股,0.0,69.0,0.0,1.0
遭高管,0.0,6.0,0.0,1.0
产权,0.0,3.0,0.0,1.0
远洋,0.0,3.0,0.0,1.0
于晓萍,0.0,30.0,0.0,1.0
望超,0.0,3.0,0.0,1.0
登顶,0.0,6.0,0.0,1.0
旅游,0.0,99.0,0.0,1.0
广电,0.0,3.0,0.0,1.0
小觑,0.0,3.0,0.0,1.0
06,0.0,12.0,0.0,1.0
epaper,0.0,9.0,0.0,1.0
前述,0.0,3.0,0.0,1.0
已近,0.0,9.0,0.0,1.0
2017.8,0.0,3.0,0.0,1.0
主要,0.0,27.0,0.0,1.0
敢,0.0,12.0,0.0,1.0
与此同时,0.0,6.0,0.0,1.0
一,0.0,48.0,0.0,1.0
公布,0.0,18.0,0.0,1.0
勇敢,0.0,3.0,0.0,1.0
发酵,0.0,3.0,0.0,1.0
确实,0.0,3.0,0.0,1.0
二是,0.0,6.0,0.0,1.0
低位,0.0,3.0,0.0,1.0
影史,0.0,3.0,0.0,1.0
半年,0.0,3.0,0.0,1.0
营业部,0.0,18.0,0.0,1.0
压力,0.0,6.0,0.0,1.0
第一次,0.0,9.0,0.0,1.0
约,0.0,123.0,0.0,1.0
减持,0.0,126.0,0.0,1.0
原因,0.0,24.0,0.0,1.0
上涨,0.0,126.0,0.0,1.0
达,0.0,48.0,0.0,1.0
bjcb,0.0,3.0,0.0,1.0
采取,0.0,3.0,0.0,1.0
市值,0.0,177.0,0.0,1.0
成为,0.0,69.0,0.0,1.0
瞄准,0.0,3.0,0.0,1.0
之神,0.0,6.0,0.0,1.0
id,0.0,3.0,0.0,1.0
增,0.0,12.0,0.0,1.0
7.27,0.0,6.0,0.0,1.0
上年,0.0,3.0,0.0,1.0
反响,3.0,0.0,1.0,0.0
东阳,0.0,9.0,0.0,1.0
30,0.0,114.0,0.0,1.0
满,0.0,12.0,0.0,1.0
活跃,0.0,3.0,0.0,1.0
×,0.0,6.0,0.0,1.0
大钟,0.0,3.0,0.0,1.0
万户,0.0,3.0,0.0,1.0
■,0.0,3.0,0.0,1.0
澳大利亚,0.0,9.0,0.0,1.0
主推,0.0,3.0,0.0,1.0
高级,0.0,9.0,0.0,1.0
操盘,0.0,6.0,0.0,1.0
建军,0.0,3.0,0.0,1.0
销售,0.0,3.0,0.0,1.0
信用,0.0,21.0,0.0,1.0
一飞冲天,0.0,12.0,0.0,1.0
9.26,0.0,3.0,0.0,1.0
b,0.0,12.0,0.0,1.0
名单,0.0,12.0,0.0,1.0
发布,0.0,39.0,0.0,1.0
摇摆,0.0,3.0,0.0,1.0
南京,0.0,6.0,0.0,1.0
值,0.0,3.0,0.0,1.0
大,0.0,75.0,0.0,1.0
瓷碗,0.0,3.0,0.0,1.0
立体,0.0,15.0,0.0,1.0
600977,0.0,6.0,0.0,1.0
张黎向,0.0,3.0,0.0,1.0
后市,0.0,3.0,0.0,1.0
篇,0.0,3.0,0.0,1.0
24.69,0.0,3.0,0.0,1.0
28,0.0,33.0,0.0,1.0
四成,0.0,3.0,0.0,1.0
排名,0.0,3.0,0.0,1.0
迅猛,0.0,3.0,0.0,1.0
创板,0.0,3.0,0.0,1.0
16.50,0.0,6.0,0.0,1.0
成本,0.0,27.0,0.0,1.0
风向标,0.0,3.0,0.0,1.0
集体照,3.0,0.0,1.0,0.0
理由,0.0,6.0,0.0,1.0
brief,0.0,3.0,0.0,1.0
股报,0.0,3.0,0.0,1.0
三个,0.0,18.0,0.0,1.0
300299,0.0,3.0,0.0,1.0
推荐,0.0,6.0,0.0,1.0
出品,0.0,126.0,0.0,1.0
聚焦,0.0,9.0,0.0,1.0
此前,0.0,45.0,0.0,1.0
大战,0.0,6.0,0.0,1.0
六大,0.0,3.0,0.0,1.0
打,0.0,12.0,0.0,1.0
旅游车,3.0,0.0,1.0,0.0
相当于,0.0,3.0,0.0,1.0
王明山,0.0,3.0,0.0,1.0
雄安,0.0,3.0,0.0,1.0
电,0.0,6.0,0.0,1.0
影联以,0.0,3.0,0.0,1.0
8.22,0.0,3.0,0.0,1.0
4.36,0.0,3.0,0.0,1.0
厚德,0.0,3.0,0.0,1.0
如下,0.0,9.0,0.0,1.0
电话,0.0,6.0,0.0,1.0
按照,0.0,81.0,0.0,1.0
稀土,0.0,6.0,0.0,1.0
抢眼,0.0,3.0,0.0,1.0
很难,0.0,3.0,0.0,1.0
新增,0.0,3.0,0.0,1.0
海,0.0,3.0,0.0,1.0
股民,0.0,3.0,0.0,1.0
被,0.0,24.0,0.0,1.0
略低,0.0,3.0,0.0,1.0
召开,0.0,18.0,0.0,1.0
300336,0.0,6.0,0.0,1.0
行列,0.0,3.0,0.0,1.0
选中,0.0,3.0,0.0,1.0
应该,0.0,9.0,0.0,1.0
三部,0.0,9.0,0.0,1.0
深交所,0.0,3.0,0.0,1.0
吸附,0.0,3.0,0.0,1.0
竞价,0.0,24.0,0.0,1.0
借战,0.0,6.0,0.0,1.0
追,0.0,9.0,0.0,1.0
各路,0.0,3.0,0.0,1.0
路演,0.0,6.0,0.0,1.0
格调,0.0,3.0,0.0,1.0
独卫,3.0,0.0,1.0,0.0
18.15,0.0,15.0,0.0,1.0
除了,0.0,36.0,0.0,1.0
角色,0.0,3.0,0.0,1.0
触及,0.0,3.0,0.0,1.0
多亿,0.0,6.0,0.0,1.0
投资额,0.0,3.0,0.0,1.0
朱星,0.0,3.0,0.0,1.0
辞职报告,0.0,3.0,0.0,1.0
300251,0.0,12.0,0.0,1.0
一季度,0.0,6.0,0.0,1.0
21.24,0.0,3.0,0.0,1.0
资本,0.0,48.0,0.0,1.0
期打款,0.0,6.0,0.0,1.0
增幅,0.0,3.0,0.0,1.0
超越,0.0,3.0,0.0,1.0
接受,0.0,18.0,0.0,1.0
股东,0.0,87.0,0.0,1.0
低吸,0.0,3.0,0.0,1.0
昨,0.0,3.0,0.0,1.0
刚好,0.0,3.0,0.0,1.0
已达,0.0,3.0,0.0,1.0
搜索,0.0,3.0,0.0,1.0
游戏,0.0,6.0,0.0,1.0
较,0.0,33.0,0.0,1.0
实体,0.0,3.0,0.0,1.0
告捷,0.0,3.0,0.0,1.0
PK,0.0,3.0,0.0,1.0
社会,3.0,0.0,1.0,0.0
▲,0.0,12.0,0.0,1.0
庞大,0.0,3.0,0.0,1.0
文化,18.0,2775.0,0.00644468313641246,0.9935553168635876
安排,3.0,6.0,0.3333333333333333,0.6666666666666666
系,0.0,3.0,0.0,1.0
百分点,0.0,6.0,0.0,1.0
若有,0.0,3.0,0.0,1.0
h,0.0,18.0,0.0,1.0
过程,0.0,9.0,0.0,1.0
误差,0.0,9.0,0.0,1.0
入坑,0.0,3.0,0.0,1.0
今年春节,0.0,3.0,0.0,1.0
生活化,0.0,3.0,0.0,1.0
主,0.0,6.0,0.0,1.0
拥有,0.0,12.0,0.0,1.0
估值,0.0,12.0,0.0,1.0
大宗,0.0,24.0,0.0,1.0
半边天,0.0,6.0,0.0,1.0
冰雪,0.0,6.0,0.0,1.0
受益,0.0,30.0,0.0,1.0
乾景,0.0,9.0,0.0,1.0
报上,0.0,3.0,0.0,1.0
封,0.0,3.0,0.0,1.0
涨至,0.0,3.0,0.0,1.0
11004,0.0,3.0,0.0,1.0
刺激,0.0,9.0,0.0,1.0
本文,0.0,3.0,0.0,1.0
二,0.0,36.0,0.0,1.0
郭,0.0,3.0,0.0,1.0
三生,0.0,21.0,0.0,1.0
十分之一,0.0,6.0,0.0,1.0
6.18,0.0,6.0,0.0,1.0
质量,0.0,3.0,0.0,1.0
登上,0.0,6.0,0.0,1.0
33,0.0,3.0,0.0,1.0
增量,0.0,3.0,0.0,1.0
分层,0.0,3.0,0.0,1.0
狼,0.0,24.0,0.0,1.0
75.6,0.0,3.0,0.0,1.0
根据上述,0.0,9.0,0.0,1.0
istocknews,0.0,3.0,0.0,1.0
影响,3.0,30.0,0.09090909090909091,0.9090909090909091
数说,0.0,6.0,0.0,1.0
团,0.0,3.0,0.0,1.0
分成,0.0,249.0,0.0,1.0
抛售,0.0,9.0,0.0,1.0
望,0.0,9.0,0.0,1.0
贾立斌,0.0,9.0,0.0,1.0
一零四,0.0,6.0,0.0,1.0
揽,0.0,3.0,0.0,1.0
系中,0.0,3.0,0.0,1.0
持续,0.0,39.0,0.0,1.0
贵州,0.0,6.0,0.0,1.0
隐形,0.0,6.0,0.0,1.0
《,0.0,1335.0,0.0,1.0
剧,0.0,18.0,0.0,1.0
本来,0.0,3.0,0.0,1.0
产权交易,0.0,66.0,0.0,1.0
除,0.0,6.0,0.0,1.0
41.14,0.0,3.0,0.0,1.0
正确,0.0,9.0,0.0,1.0
3000,0.0,15.0,0.0,1.0
又,0.0,36.0,0.0,1.0
7500,0.0,3.0,0.0,1.0
分别,0.0,60.0,0.0,1.0
里,0.0,27.0,0.0,1.0
已破,0.0,6.0,0.0,1.0
p51,0.0,3.0,0.0,1.0
一定,0.0,3.0,0.0,1.0
总,0.0,243.0,0.0,1.0
社保,0.0,15.0,0.0,1.0
交易,0.0,66.0,0.0,1.0
快速,0.0,12.0,0.0,1.0
数字,0.0,12.0,0.0,1.0
药神,0.0,3.0,0.0,1.0
之作,0.0,6.0,0.0,1.0
急剧,0.0,6.0,0.0,1.0
王健林,0.0,9.0,0.0,1.0
杜杨,0.0,3.0,0.0,1.0
28.68,0.0,3.0,0.0,1.0
首日,0.0,9.0,0.0,1.0
人民日报,0.0,3.0,0.0,1.0
极大,0.0,3.0,0.0,1.0
看看,0.0,3.0,0.0,1.0
71.5,0.0,3.0,0.0,1.0
回收,0.0,3.0,0.0,1.0
16.40,0.0,3.0,0.0,1.0
其实,0.0,12.0,0.0,1.0
落袋,0.0,3.0,0.0,1.0
寻龙姐,0.0,9.0,0.0,1.0
对片方,0.0,3.0,0.0,1.0
决策,0.0,3.0,0.0,1.0
?,0.0,51.0,0.0,1.0
为,0.0,588.0,0.0,1.0
0.6,0.0,3.0,0.0,1.0
板块,0.0,39.0,0.0,1.0
Office,0.0,3.0,0.0,1.0
144,0.0,9.0,0.0,1.0
相关,0.0,24.0,0.0,1.0
1LQwU3Q3yn5j8FRcT8giaV34L,0.0,3.0,0.0,1.0
双人,3.0,0.0,1.0,0.0
一亿,0.0,3.0,0.0,1.0
res,0.0,6.0,0.0,1.0
遭遇,0.0,3.0,0.0,1.0
通常,0.0,3.0,0.0,1.0
很多,0.0,12.0,0.0,1.0
向,0.0,15.0,0.0,1.0
ycwb,0.0,3.0,0.0,1.0
燃,0.0,3.0,0.0,1.0
赢时,0.0,12.0,0.0,1.0
电影院,0.0,3.0,0.0,1.0
文资办,3.0,0.0,1.0,0.0
姐夫,0.0,3.0,0.0,1.0
很,0.0,21.0,0.0,1.0
上周四,0.0,3.0,0.0,1.0
基本,0.0,9.0,0.0,1.0
随后,0.0,3.0,0.0,1.0
daily,0.0,3.0,0.0,1.0
27,0.0,135.0,0.0,1.0
关系,0.0,3.0,0.0,1.0
1093,0.0,6.0,0.0,1.0
蝉联,0.0,9.0,0.0,1.0
加速,0.0,3.0,0.0,1.0
游,6.0,0.0,1.0,0.0
在此期间,0.0,3.0,0.0,1.0
特点,0.0,3.0,0.0,1.0
签约,0.0,3.0,0.0,1.0
擅长,0.0,3.0,0.0,1.0
有限责任,0.0,3.0,0.0,1.0
长生,0.0,15.0,0.0,1.0
300182,0.0,12.0,0.0,1.0
预,0.0,9.0,0.0,1.0
值得,0.0,15.0,0.0,1.0
另一方面,0.0,3.0,0.0,1.0
自,0.0,99.0,0.0,1.0
35,0.0,6.0,0.0,1.0
谱写,0.0,6.0,0.0,1.0
级,0.0,3.0,0.0,1.0
07,0.0,27.0,0.0,1.0
成交额,0.0,15.0,0.0,1.0
打破,0.0,9.0,0.0,1.0
依托,0.0,6.0,0.0,1.0
预计,0.0,30.0,0.0,1.0
类型,0.0,6.0,0.0,1.0
基金,0.0,135.0,0.0,1.0
整个,0.0,15.0,0.0,1.0
38.27,0.0,3.0,0.0,1.0
3070,0.0,3.0,0.0,1.0
24,0.0,30.0,0.0,1.0
经常,0.0,3.0,0.0,1.0
视,0.0,3.0,0.0,1.0
柠檬,0.0,3.0,0.0,1.0
),0.0,243.0,0.0,1.0
事业部,0.0,15.0,0.0,1.0
仅仅,0.0,12.0,0.0,1.0
健全,0.0,3.0,0.0,1.0
8827,0.0,3.0,0.0,1.0
期内,0.0,3.0,0.0,1.0
年定,0.0,3.0,0.0,1.0
沉寂已久,0.0,3.0,0.0,1.0
方约,0.0,3.0,0.0,1.0
立案,0.0,3.0,0.0,1.0
全文,0.0,3.0,0.0,1.0
暴涨,0.0,21.0,0.0,1.0
演变,0.0,3.0,0.0,1.0
中航,0.0,6.0,0.0,1.0
对宝,0.0,3.0,0.0,1.0
逊于,0.0,3.0,0.0,1.0
jpg,0.0,63.0,0.0,1.0
飞虎,0.0,6.0,0.0,1.0
周五,0.0,9.0,0.0,1.0
决心,0.0,3.0,0.0,1.0
人员,0.0,3.0,0.0,1.0
32.1,0.0,3.0,0.0,1.0
2014,0.0,36.0,0.0,1.0
VftFRuIbTzJLcOnnUR1QrYia4MBHgkUTZhm95IwcESe93JbMZzXHMsJA,0.0,3.0,0.0,1.0
k,0.0,6.0,0.0,1.0
之力,0.0,6.0,0.0,1.0
以上,0.0,60.0,0.0,1.0
宣传,0.0,21.0,0.0,1.0
尤为,0.0,6.0,0.0,1.0
三分之一,0.0,3.0,0.0,1.0
独立,0.0,6.0,0.0,1.0
17,0.0,21.0,0.0,1.0
感觉,0.0,3.0,0.0,1.0
顺利,0.0,3.0,0.0,1.0
hv1,0.0,3.0,0.0,1.0
狂热,0.0,6.0,0.0,1.0
戒台寺,0.0,3.0,0.0,1.0
消费,0.0,6.0,0.0,1.0
看作,0.0,3.0,0.0,1.0
即将,0.0,3.0,0.0,1.0
100,0.0,6.0,0.0,1.0
刘亦菲,0.0,3.0,0.0,1.0
营业,0.0,63.0,0.0,1.0
净,0.0,9.0,0.0,1.0
参与方,0.0,6.0,0.0,1.0
持续性,0.0,3.0,0.0,1.0
零头,0.0,3.0,0.0,1.0
还要,0.0,3.0,0.0,1.0
金羊网,0.0,3.0,0.0,1.0
重新,0.0,3.0,0.0,1.0
来源,0.0,12.0,0.0,1.0
早盘,0.0,9.0,0.0,1.0
高开,0.0,6.0,0.0,1.0
主升,0.0,3.0,0.0,1.0
粗略,0.0,3.0,0.0,1.0
15000,0.0,3.0,0.0,1.0
举行,0.0,6.0,0.0,1.0
北文,0.0,30.0,0.0,1.0
净资产,0.0,3.0,0.0,1.0
公司财务,0.0,3.0,0.0,1.0
筹备,0.0,9.0,0.0,1.0
最,0.0,54.0,0.0,1.0
顶尖,0.0,6.0,0.0,1.0
定价,0.0,6.0,0.0,1.0
丁江勇,0.0,30.0,0.0,1.0
至今,0.0,12.0,0.0,1.0
丝路,0.0,3.0,0.0,1.0
9000,0.0,30.0,0.0,1.0
;,0.0,6.0,0.0,1.0
http,0.0,87.0,0.0,1.0
合一,0.0,3.0,0.0,1.0
暨,0.0,3.0,0.0,1.0
中南,0.0,6.0,0.0,1.0
网,0.0,9.0,0.0,1.0
股票行情,0.0,6.0,0.0,1.0
方将,0.0,3.0,0.0,1.0
注,0.0,6.0,0.0,1.0
超级,0.0,12.0,0.0,1.0
专题,0.0,6.0,0.0,1.0
申万,0.0,6.0,0.0,1.0
午盘,0.0,3.0,0.0,1.0
本人,0.0,6.0,0.0,1.0
趋紧,0.0,3.0,0.0,1.0
助力,0.0,3.0,0.0,1.0
 ,57.0,978.0,0.05507246376811594,0.9449275362318841
亿之,0.0,3.0,0.0,1.0
强心针,0.0,3.0,0.0,1.0
携,0.0,3.0,0.0,1.0
上影,0.0,9.0,0.0,1.0
领域,0.0,9.0,0.0,1.0
零,6.0,0.0,1.0,0.0
组团,0.0,3.0,0.0,1.0
提前,0.0,6.0,0.0,1.0
2.26,0.0,9.0,0.0,1.0
风险管理,0.0,3.0,0.0,1.0
身份,0.0,6.0,0.0,1.0
扣非,0.0,3.0,0.0,1.0
强势,0.0,27.0,0.0,1.0
pngdata,0.0,3.0,0.0,1.0
军事,0.0,9.0,0.0,1.0
盘中,0.0,6.0,0.0,1.0
代表,0.0,3.0,0.0,1.0
07IFC,0.0,3.0,0.0,1.0
普通,0.0,3.0,0.0,1.0
以来,0.0,105.0,0.0,1.0
报,0.0,24.0,0.0,1.0
介入,0.0,3.0,0.0,1.0
并表,0.0,3.0,0.0,1.0
进出,0.0,3.0,0.0,1.0
未经,0.0,3.0,0.0,1.0
纵观,0.0,3.0,0.0,1.0
9782,0.0,3.0,0.0,1.0
可见一斑,0.0,3.0,0.0,1.0
生意人,0.0,3.0,0.0,1.0
易方达,0.0,9.0,0.0,1.0
艺,0.0,3.0,0.0,1.0
奇怪,0.0,6.0,0.0,1.0
签,0.0,6.0,0.0,1.0
另外,0.0,6.0,0.0,1.0
继续,0.0,33.0,0.0,1.0
一盘,0.0,9.0,0.0,1.0
寻找,0.0,3.0,0.0,1.0
有望,0.0,54.0,0.0,1.0
集体,0.0,3.0,0.0,1.0
助攻,0.0,3.0,0.0,1.0
日连拉,0.0,3.0,0.0,1.0
撬起,0.0,6.0,0.0,1.0
战略规划,0.0,3.0,0.0,1.0
股价,0.0,279.0,0.0,1.0
作为,0.0,138.0,0.0,1.0
综合,0.0,6.0,0.0,1.0
铺设,0.0,3.0,0.0,1.0
榜,0.0,12.0,0.0,1.0
两家,0.0,30.0,0.0,1.0
截至,0.0,111.0,0.0,1.0
回复,0.0,3.0,0.0,1.0
不乏,0.0,3.0,0.0,1.0
目前,0.0,87.0,0.0,1.0
查阅,0.0,9.0,0.0,1.0
11.7,0.0,12.0,0.0,1.0
说,0.0,15.0,0.0,1.0
陈安在,0.0,3.0,0.0,1.0
持有,0.0,78.0,0.0,1.0
成龙,0.0,3.0,0.0,1.0
这部分,0.0,3.0,0.0,1.0
5.73,0.0,3.0,0.0,1.0
陈泽云,0.0,3.0,0.0,1.0
测算,0.0,39.0,0.0,1.0
不仅如此,0.0,6.0,0.0,1.0
扭亏为盈,0.0,9.0,0.0,1.0
作,0.0,3.0,0.0,1.0
采用,0.0,3.0,0.0,1.0
年报,0.0,27.0,0.0,1.0
拉萨,0.0,3.0,0.0,1.0
微影,0.0,6.0,0.0,1.0
争取,0.0,3.0,0.0,1.0
证券部,0.0,3.0,0.0,1.0
161,0.0,9.0,0.0,1.0
13.23,0.0,3.0,0.0,1.0
□,0.0,6.0,0.0,1.0
支付现金,0.0,3.0,0.0,1.0
6.4,0.0,3.0,0.0,1.0
广发,0.0,30.0,0.0,1.0
丁晟,0.0,6.0,0.0,1.0
黑马,0.0,9.0,0.0,1.0
专项,0.0,3.0,0.0,1.0
发布会,0.0,18.0,0.0,1.0
IFC,0.0,6.0,0.0,1.0
可能,0.0,21.0,0.0,1.0
官,0.0,3.0,0.0,1.0
263.17,0.0,9.0,0.0,1.0
冒险,0.0,6.0,0.0,1.0
第二,0.0,9.0,0.0,1.0
回应,0.0,9.0,0.0,1.0
接力,0.0,3.0,0.0,1.0
周全,0.0,3.0,0.0,1.0
大国,0.0,3.0,0.0,1.0
猛超,0.0,3.0,0.0,1.0
了解,0.0,3.0,0.0,1.0
一档,0.0,3.0,0.0,1.0
发稿,0.0,12.0,0.0,1.0
委托,0.0,3.0,0.0,1.0
奇迹,0.0,9.0,0.0,1.0
总裁,0.0,6.0,0.0,1.0
起舞,0.0,3.0,0.0,1.0
以及,0.0,45.0,0.0,1.0
流出,0.0,3.0,0.0,1.0
一些,0.0,18.0,0.0,1.0
境内,0.0,3.0,0.0,1.0
撕,0.0,3.0,0.0,1.0
函,0.0,12.0,0.0,1.0
赚钱,0.0,3.0,0.0,1.0
当年,0.0,12.0,0.0,1.0
过,0.0,6.0,0.0,1.0
证券网,0.0,6.0,0.0,1.0
KhW3U8icSnGL3pYjriazhQtXuQkcgAAJ3sSZrib4roCZMxgfDmzgwN4NuHPYVpZkEsRELux4etXMpcMnNPtWBKbMw,0.0,3.0,0.0,1.0
副,0.0,27.0,0.0,1.0
达成,0.0,3.0,0.0,1.0
八个,0.0,6.0,0.0,1.0
挺进,0.0,6.0,0.0,1.0
全年,0.0,6.0,0.0,1.0
卸下,0.0,3.0,0.0,1.0
资源,0.0,18.0,0.0,1.0
京,0.0,3.0,0.0,1.0
最高,0.0,27.0,0.0,1.0
展开,0.0,3.0,0.0,1.0
为何,0.0,9.0,0.0,1.0
1501660979188,0.0,3.0,0.0,1.0
思维,0.0,3.0,0.0,1.0
盆满,0.0,12.0,0.0,1.0
既,0.0,6.0,0.0,1.0
冠军,0.0,9.0,0.0,1.0
序幕,0.0,6.0,0.0,1.0
亭,0.0,3.0,0.0,1.0
陈安,0.0,3.0,0.0,1.0
华北,0.0,12.0,0.0,1.0
今开,0.0,3.0,0.0,1.0
上游,0.0,6.0,0.0,1.0
20170802213658955,0.0,3.0,0.0,1.0
配套,0.0,3.0,0.0,1.0
华力,0.0,39.0,0.0,1.0
统计,0.0,39.0,0.0,1.0
~,0.0,3.0,0.0,1.0
常胜将军,0.0,6.0,0.0,1.0
实地,0.0,3.0,0.0,1.0
距离,0.0,3.0,0.0,1.0
为了,0.0,9.0,0.0,1.0
16,0.0,12.0,0.0,1.0
两岸,3.0,0.0,1.0,0.0
还,0.0,120.0,0.0,1.0
美拉,0.0,3.0,0.0,1.0
指数,0.0,9.0,0.0,1.0
潜伏,0.0,3.0,0.0,1.0
并,0.0,78.0,0.0,1.0
用,0.0,3.0,0.0,1.0
半年度,0.0,6.0,0.0,1.0
上证指数,0.0,6.0,0.0,1.0
转嫁,0.0,3.0,0.0,1.0
每股,0.0,15.0,0.0,1.0
励志,0.0,3.0,0.0,1.0
出击,0.0,3.0,0.0,1.0
工业化,0.0,3.0,0.0,1.0
0.02,0.0,3.0,0.0,1.0
方分,0.0,6.0,0.0,1.0
竟会,0.0,3.0,0.0,1.0
19,0.0,12.0,0.0,1.0
少于,0.0,3.0,0.0,1.0
局势,0.0,3.0,0.0,1.0
|,0.0,24.0,0.0,1.0
推介会,0.0,6.0,0.0,1.0
记者,0.0,78.0,0.0,1.0
坑里,0.0,6.0,0.0,1.0
五成,0.0,6.0,0.0,1.0
下,0.0,60.0,0.0,1.0
碳素,0.0,3.0,0.0,1.0
研发,0.0,3.0,0.0,1.0
指出,0.0,6.0,0.0,1.0
投资规模,0.0,3.0,0.0,1.0
坚信,0.0,3.0,0.0,1.0
改编,0.0,6.0,0.0,1.0
变,0.0,3.0,0.0,1.0
之一,0.0,54.0,0.0,1.0
可谓,0.0,15.0,0.0,1.0
1.4,0.0,57.0,0.0,1.0
持,0.0,6.0,0.0,1.0
预增,0.0,3.0,0.0,1.0
uploads,0.0,12.0,0.0,1.0
复杂,0.0,3.0,0.0,1.0
吴京战,0.0,3.0,0.0,1.0
院线,0.0,9.0,0.0,1.0
水平,0.0,3.0,0.0,1.0
型基金,0.0,6.0,0.0,1.0
样板,0.0,3.0,0.0,1.0
精准,0.0,3.0,0.0,1.0
要,0.0,27.0,0.0,1.0
好奇,0.0,6.0,0.0,1.0
使得,0.0,9.0,0.0,1.0
办,0.0,3.0,0.0,1.0
/,0.0,651.0,0.0,1.0
一字板,0.0,15.0,0.0,1.0
hexun,0.0,3.0,0.0,1.0
复兴,0.0,9.0,0.0,1.0
映像,0.0,6.0,0.0,1.0
业内,0.0,27.0,0.0,1.0
王绍林,0.0,12.0,0.0,1.0
此举,0.0,3.0,0.0,1.0
人才,0.0,6.0,0.0,1.0
22.87,0.0,3.0,0.0,1.0
四,0.0,3.0,0.0,1.0
交易会,0.0,15.0,0.0,1.0
徐峥,0.0,3.0,0.0,1.0
们,0.0,3.0,0.0,1.0
半年报,0.0,6.0,0.0,1.0
母公司,0.0,3.0,0.0,1.0
跟踪,0.0,3.0,0.0,1.0
乾坤,0.0,6.0,0.0,1.0
创业,0.0,9.0,0.0,1.0
18.85,0.0,3.0,0.0,1.0
一家,0.0,15.0,0.0,1.0
近期,0.0,30.0,0.0,1.0
公众,0.0,9.0,0.0,1.0
不足,0.0,6.0,0.0,1.0
降低,0.0,12.0,0.0,1.0
推出,0.0,3.0,0.0,1.0
底线,0.0,3.0,0.0,1.0
已经,0.0,84.0,0.0,1.0
平台,0.0,15.0,0.0,1.0
据易观,0.0,3.0,0.0,1.0
要素,0.0,3.0,0.0,1.0
影业,0.0,45.0,0.0,1.0
推向,0.0,3.0,0.0,1.0
华丽,0.0,3.0,0.0,1.0
不确定性,0.0,3.0,0.0,1.0
北京,12.0,2838.0,0.004210526315789474,0.9957894736842106
董秘,0.0,15.0,0.0,1.0
好,0.0,15.0,0.0,1.0
16.5,0.0,39.0,0.0,1.0
最新消息,0.0,6.0,0.0,1.0
拉动,0.0,3.0,0.0,1.0
第五期,0.0,3.0,0.0,1.0
检查,0.0,3.0,0.0,1.0
培训,0.0,3.0,0.0,1.0
活动,0.0,9.0,0.0,1.0
高,0.0,45.0,0.0,1.0
视为,0.0,3.0,0.0,1.0
乡伴,0.0,3.0,0.0,1.0
春季,0.0,3.0,0.0,1.0
继,0.0,6.0,0.0,1.0
六成,0.0,6.0,0.0,1.0
8.2,0.0,6.0,0.0,1.0
详解,0.0,3.0,0.0,1.0
妖,0.0,3.0,0.0,1.0
效应,0.0,9.0,0.0,1.0
原创,0.0,12.0,0.0,1.0
北美票房,0.0,3.0,0.0,1.0
面对,0.0,3.0,0.0,1.0
十分,0.0,3.0,0.0,1.0
净赚,0.0,3.0,0.0,1.0
组合,0.0,6.0,0.0,1.0
星河,0.0,15.0,0.0,1.0
究竟,0.0,9.0,0.0,1.0
规格,0.0,3.0,0.0,1.0
讯,0.0,18.0,0.0,1.0
制作人员,0.0,3.0,0.0,1.0
京台,9.0,0.0,1.0,0.0
三家,0.0,6.0,0.0,1.0
豪迈,0.0,3.0,0.0,1.0
热力,0.0,3.0,0.0,1.0
阵容,0.0,9.0,0.0,1.0
具有,0.0,3.0,0.0,1.0
比如,0.0,9.0,0.0,1.0
甚,0.0,3.0,0.0,1.0
坚决,0.0,3.0,0.0,1.0
60,0.0,6.0,0.0,1.0
方式,0.0,51.0,0.0,1.0
带动,0.0,3.0,0.0,1.0
炒上,0.0,3.0,0.0,1.0
38.26,0.0,3.0,0.0,1.0
并购案,0.0,3.0,0.0,1.0
特色,3.0,0.0,1.0,0.0
res01,0.0,3.0,0.0,1.0
取得,0.0,18.0,0.0,1.0
邮件,0.0,3.0,0.0,1.0
不会,0.0,3.0,0.0,1.0
开心,0.0,9.0,0.0,1.0
股浮亏,0.0,9.0,0.0,1.0
App,0.0,3.0,0.0,1.0
21,0.0,33.0,0.0,1.0
编剧,0.0,9.0,0.0,1.0
7600,0.0,3.0,0.0,1.0
开盘,0.0,39.0,0.0,1.0
单,3.0,0.0,1.0,0.0
一周,0.0,15.0,0.0,1.0
!,0.0,3.0,0.0,1.0
对于,0.0,15.0,0.0,1.0
总投资额,0.0,12.0,0.0,1.0
利好,0.0,15.0,0.0,1.0
文化产业,0.0,12.0,0.0,1.0
传媒,0.0,108.0,0.0,1.0
控股集团,0.0,9.0,0.0,1.0
天内,0.0,12.0,0.0,1.0
电视机,0.0,3.0,0.0,1.0
如潮,0.0,3.0,0.0,1.0
制作,0.0,93.0,0.0,1.0
1.17,0.0,12.0,0.0,1.0
7.26,0.0,9.0,0.0,1.0
管理人员,0.0,9.0,0.0,1.0
wudn7592,0.0,3.0,0.0,1.0
硕士,0.0,3.0,0.0,1.0
攀升,0.0,15.0,0.0,1.0
现象,0.0,3.0,0.0,1.0
更,0.0,42.0,0.0,1.0
开幕式,0.0,6.0,0.0,1.0
短短,0.0,15.0,0.0,1.0
15.05,0.0,6.0,0.0,1.0
143.65,0.0,6.0,0.0,1.0
绝恋,0.0,3.0,0.0,1.0
研究,0.0,15.0,0.0,1.0
李奎元,0.0,3.0,0.0,1.0
前该,0.0,3.0,0.0,1.0
10.28,0.0,9.0,0.0,1.0
人士,0.0,15.0,0.0,1.0
创近,0.0,3.0,0.0,1.0
12.4,0.0,6.0,0.0,1.0
空调,6.0,0.0,1.0,0.0
创赢,0.0,3.0,0.0,1.0
大陆,0.0,36.0,0.0,1.0
摄影,0.0,3.0,0.0,1.0
获益,0.0,9.0,0.0,1.0
部署,0.0,3.0,0.0,1.0
9.27,0.0,15.0,0.0,1.0
6,0.0,93.0,0.0,1.0
32,0.0,6.0,0.0,1.0
交通,3.0,0.0,1.0,0.0
八,0.0,12.0,0.0,1.0
末期,0.0,3.0,0.0,1.0
33377,0.0,3.0,0.0,1.0
仍旧,0.0,3.0,0.0,1.0
传输,0.0,3.0,0.0,1.0
会计年度,0.0,45.0,0.0,1.0
Z,0.0,9.0,0.0,1.0
现场,0.0,9.0,0.0,1.0
应,0.0,3.0,0.0,1.0
娱乐业,0.0,3.0,0.0,1.0
路上,0.0,3.0,0.0,1.0
差,0.0,12.0,0.0,1.0
承诺,0.0,18.0,0.0,1.0
融资,0.0,6.0,0.0,1.0
北京市,0.0,9.0,0.0,1.0
合伙人,0.0,3.0,0.0,1.0
触,0.0,3.0,0.0,1.0
再创,0.0,3.0,0.0,1.0
身影,0.0,18.0,0.0,1.0
新风,0.0,3.0,0.0,1.0
谨慎,0.0,3.0,0.0,1.0
这部,0.0,36.0,0.0,1.0
均,0.0,27.0,0.0,1.0
国元,0.0,27.0,0.0,1.0
敬酒,0.0,3.0,0.0,1.0
成功,3.0,18.0,0.14285714285714285,0.8571428571428571
A,0.0,3.0,0.0,1.0
京西,0.0,21.0,0.0,1.0
一代,0.0,15.0,0.0,1.0
浮动,0.0,3.0,0.0,1.0
这波,0.0,3.0,0.0,1.0
SZ,0.0,15.0,0.0,1.0
细致,0.0,3.0,0.0,1.0
创作,0.0,6.0,0.0,1.0
影响力,0.0,6.0,0.0,1.0
五大,0.0,12.0,0.0,1.0
拿出,0.0,3.0,0.0,1.0
搭建,0.0,9.0,0.0,1.0
概念股,0.0,6.0,0.0,1.0
成绩,0.0,42.0,0.0,1.0
情节,0.0,3.0,0.0,1.0
提供,0.0,24.0,0.0,1.0
中华文化,0.0,3.0,0.0,1.0
钵,0.0,12.0,0.0,1.0
0.15,0.0,3.0,0.0,1.0
方做,0.0,12.0,0.0,1.0
跳楼,0.0,3.0,0.0,1.0
马喆明,0.0,6.0,0.0,1.0
胡敏,0.0,9.0,0.0,1.0
千评,0.0,3.0,0.0,1.0
晋级,0.0,6.0,0.0,1.0
前一天,0.0,3.0,0.0,1.0
能力,0.0,27.0,0.0,1.0
激发,0.0,6.0,0.0,1.0
放宽,0.0,3.0,0.0,1.0
仅,0.0,27.0,0.0,1.0
盛宴,0.0,12.0,0.0,1.0
articles,0.0,12.0,0.0,1.0
7750,0.0,3.0,0.0,1.0
14,0.0,30.0,0.0,1.0
000835,0.0,6.0,0.0,1.0
纪要,0.0,6.0,0.0,1.0
发到,0.0,3.0,0.0,1.0
增资,0.0,3.0,0.0,1.0
浙江,0.0,6.0,0.0,1.0
20170802213656953,0.0,3.0,0.0,1.0
内地,3.0,6.0,0.3333333333333333,0.6666666666666666
最近,0.0,66.0,0.0,1.0
提出,0.0,6.0,0.0,1.0
包含,0.0,3.0,0.0,1.0
才,0.0,18.0,0.0,1.0
许可证,0.0,3.0,0.0,1.0
试图,0.0,3.0,0.0,1.0
每日,0.0,12.0,0.0,1.0
进军,0.0,6.0,0.0,1.0
收购,0.0,18.0,0.0,1.0
前,0.0,45.0,0.0,1.0
存在,0.0,12.0,0.0,1.0
娱乐,0.0,15.0,0.0,1.0
显著,0.0,6.0,0.0,1.0
wx,0.0,48.0,0.0,1.0
潘金莲,0.0,9.0,0.0,1.0
微信,0.0,3.0,0.0,1.0
资产,0.0,27.0,0.0,1.0
明确,0.0,3.0,0.0,1.0
百亿,0.0,3.0,0.0,1.0
摇滚,0.0,3.0,0.0,1.0
推介,0.0,6.0,0.0,1.0
饰演,0.0,6.0,0.0,1.0
机会,0.0,12.0,0.0,1.0
强调,0.0,3.0,0.0,1.0
同期,0.0,12.0,0.0,1.0
总经理,0.0,24.0,0.0,1.0
包袱,0.0,3.0,0.0,1.0
一串,0.0,3.0,0.0,1.0
十里,0.0,12.0,0.0,1.0
再生,0.0,3.0,0.0,1.0
接,0.0,3.0,0.0,1.0
31.6,0.0,3.0,0.0,1.0
代表人,0.0,15.0,0.0,1.0
56.02,0.0,3.0,0.0,1.0
授权,0.0,12.0,0.0,1.0
财经网,0.0,6.0,0.0,1.0
因,0.0,6.0,0.0,1.0
本周一,0.0,3.0,0.0,1.0
倪爽,0.0,3.0,0.0,1.0
按此,0.0,6.0,0.0,1.0
规划,0.0,3.0,0.0,1.0
今时,0.0,6.0,0.0,1.0
2015,0.0,15.0,0.0,1.0
宣传部,0.0,3.0,0.0,1.0
做出,0.0,9.0,0.0,1.0
融合,0.0,9.0,0.0,1.0
演员,0.0,6.0,0.0,1.0
通过,0.0,72.0,0.0,1.0
时间,0.0,30.0,0.0,1.0
影院,0.0,3.0,0.0,1.0
方面,3.0,42.0,0.06666666666666667,0.9333333333333333
1626,0.0,3.0,0.0,1.0
今,0.0,3.0,0.0,1.0
各方,0.0,6.0,0.0,1.0
经营,0.0,6.0,0.0,1.0
快捷酒店,3.0,0.0,1.0,0.0
银行,0.0,30.0,0.0,1.0
各大,0.0,3.0,0.0,1.0
画千股,0.0,6.0,0.0,1.0
转载,0.0,6.0,0.0,1.0
不弱,0.0,3.0,0.0,1.0
谋求,0.0,3.0,0.0,1.0
一则,0.0,3.0,0.0,1.0
B07,0.0,3.0,0.0,1.0
行业,0.0,33.0,0.0,1.0
股票交易,0.0,6.0,0.0,1.0
原名,0.0,3.0,0.0,1.0
145026971,0.0,3.0,0.0,1.0
以内,0.0,3.0,0.0,1.0
20,0.0,114.0,0.0,1.0
章源,0.0,3.0,0.0,1.0
比,0.0,39.0,0.0,1.0
体系化,0.0,3.0,0.0,1.0
杰赛,0.0,6.0,0.0,1.0
一是,0.0,6.0,0.0,1.0
格拉斯哥,0.0,3.0,0.0,1.0
片,0.0,9.0,0.0,1.0
一件,0.0,3.0,0.0,1.0
山,0.0,3.0,0.0,1.0
任,0.0,3.0,0.0,1.0
该,0.0,117.0,0.0,1.0
金事,0.0,6.0,0.0,1.0
个,0.0,168.0,0.0,1.0
阴跌,0.0,3.0,0.0,1.0
分得,0.0,27.0,0.0,1.0
成新晋,0.0,6.0,0.0,1.0
image,0.0,12.0,0.0,1.0
地区,0.0,39.0,0.0,1.0
疑似,0.0,6.0,0.0,1.0
毕竟,0.0,6.0,0.0,1.0
孵化,0.0,3.0,0.0,1.0
集团,0.0,36.0,0.0,1.0
撞墙,0.0,3.0,0.0,1.0
归,0.0,12.0,0.0,1.0
见,0.0,6.0,0.0,1.0
站上,0.0,6.0,0.0,1.0
数家,0.0,3.0,0.0,1.0
短信,0.0,3.0,0.0,1.0
住宿,3.0,0.0,1.0,0.0
更换,0.0,15.0,0.0,1.0
不仅,0.0,15.0,0.0,1.0
信息,0.0,6.0,0.0,1.0
大赛,0.0,9.0,0.0,1.0
新闻记者,0.0,9.0,0.0,1.0
周,3.0,12.0,0.2,0.8
业内人士,0.0,3.0,0.0,1.0
大学,0.0,3.0,0.0,1.0
i3,0.0,3.0,0.0,1.0
第四期,0.0,6.0,0.0,1.0
开外,0.0,3.0,0.0,1.0
联办,0.0,3.0,0.0,1.0
11.25,0.0,12.0,0.0,1.0
艺术,0.0,36.0,0.0,1.0
上周,0.0,3.0,0.0,1.0
第一期,0.0,6.0,0.0,1.0
收益分配,0.0,3.0,0.0,1.0
火爆,0.0,30.0,0.0,1.0
国产电影,0.0,3.0,0.0,1.0
之后,0.0,27.0,0.0,1.0
8700,0.0,3.0,0.0,1.0
个股,0.0,24.0,0.0,1.0
5781,0.0,3.0,0.0,1.0
飙涨,0.0,24.0,0.0,1.0
云集,0.0,3.0,0.0,1.0
京报,0.0,9.0,0.0,1.0
晚间,0.0,75.0,0.0,1.0
的确,0.0,3.0,0.0,1.0
播出,0.0,3.0,0.0,1.0
文,0.0,12.0,0.0,1.0
粉丝,0.0,3.0,0.0,1.0
601211,0.0,3.0,0.0,1.0
28.94,0.0,3.0,0.0,1.0
磁场,0.0,6.0,0.0,1.0
前天,0.0,3.0,0.0,1.0
标准间,3.0,0.0,1.0,0.0
而且,0.0,6.0,0.0,1.0
两部,0.0,3.0,0.0,1.0
怎样,0.0,6.0,0.0,1.0
%,0.0,939.0,0.0,1.0
在意,0.0,3.0,0.0,1.0
疑问,0.0,3.0,0.0,1.0
鉴于,0.0,3.0,0.0,1.0
独董,0.0,3.0,0.0,1.0
陈安称,0.0,3.0,0.0,1.0
在于,0.0,3.0,0.0,1.0
挖出来,0.0,6.0,0.0,1.0
只能,0.0,9.0,0.0,1.0
分公司,0.0,9.0,0.0,1.0
变更,0.0,3.0,0.0,1.0
锁定,0.0,3.0,0.0,1.0
未,0.0,30.0,0.0,1.0
尾盘,0.0,6.0,0.0,1.0
8.03,0.0,6.0,0.0,1.0
娱乐圈,0.0,3.0,0.0,1.0
出演,0.0,3.0,0.0,1.0
相比,0.0,6.0,0.0,1.0
特约,0.0,3.0,0.0,1.0
持仓,0.0,6.0,0.0,1.0
八届,3.0,0.0,1.0,0.0
突破,0.0,45.0,0.0,1.0
巨头,0.0,6.0,0.0,1.0
cn,0.0,66.0,0.0,1.0
n,0.0,3.0,0.0,1.0
妖灵,0.0,3.0,0.0,1.0
战狼,0.0,1104.0,0.0,1.0
助,0.0,6.0,0.0,1.0
原著,0.0,3.0,0.0,1.0
国产,0.0,6.0,0.0,1.0
文化传媒,0.0,39.0,0.0,1.0
小时,0.0,12.0,0.0,1.0
公司,0.0,492.0,0.0,1.0
src,0.0,3.0,0.0,1.0
龙虎榜,0.0,3.0,0.0,1.0
抛去,0.0,3.0,0.0,1.0
出来,0.0,3.0,0.0,1.0
买入,0.0,30.0,0.0,1.0
上直,0.0,6.0,0.0,1.0
九天,0.0,3.0,0.0,1.0
家之多,0.0,3.0,0.0,1.0
5372,0.0,3.0,0.0,1.0
合并,0.0,3.0,0.0,1.0
飞天,0.0,6.0,0.0,1.0
上仅,0.0,6.0,0.0,1.0
记录,0.0,3.0,0.0,1.0
合作,3.0,39.0,0.07142857142857142,0.9285714285714286
协同,0.0,12.0,0.0,1.0
不设,0.0,3.0,0.0,1.0
内,0.0,63.0,0.0,1.0
点评,0.0,6.0,0.0,1.0
换算,0.0,3.0,0.0,1.0
主导,0.0,6.0,0.0,1.0
图,0.0,3.0,0.0,1.0
