产能,0.0,6.0,0.0,1.0
日,0.0,81.0,0.0,1.0
抽水,0.0,3.0,0.0,1.0
1.34,0.0,3.0,0.0,1.0
荣膺,0.0,39.0,0.0,1.0
广大,0.0,3.0,0.0,1.0
大旗,0.0,3.0,0.0,1.0
高峰论坛,0.0,3.0,0.0,1.0
离家,0.0,6.0,0.0,1.0
…,0.0,6.0,0.0,1.0
至,0.0,15.0,0.0,1.0
防污,0.0,9.0,0.0,1.0
遗址,1.0,0.0,1.0,0.0
经销商,0.0,9.0,0.0,1.0
12573ac6,0.0,3.0,0.0,1.0
中外,0.0,3.0,0.0,1.0
凸显,0.0,3.0,0.0,1.0
原因,0.0,3.0,0.0,1.0
殊荣,0.0,15.0,0.0,1.0
完成,0.0,9.0,0.0,1.0
颠覆,0.0,6.0,0.0,1.0
邀请,0.0,3.0,0.0,1.0
创意,0.0,3.0,0.0,1.0
以上,3.0,3.0,0.5,0.5
回归,0.0,3.0,0.0,1.0
c0d14855,0.0,3.0,0.0,1.0
可以,0.0,9.0,0.0,1.0
同比,0.0,27.0,0.0,1.0
涨幅,0.0,6.0,0.0,1.0
专场,0.0,3.0,0.0,1.0
高端,0.0,3.0,0.0,1.0
市,0.0,3.0,0.0,1.0
产业,0.0,6.0,0.0,1.0
款漆,0.0,3.0,0.0,1.0
一方面,0.0,9.0,0.0,1.0
声誉,0.0,3.0,0.0,1.0
002460,0.0,3.0,0.0,1.0
建,0.0,15.0,0.0,1.0
此次,0.0,30.0,0.0,1.0
吹倒,1.0,0.0,1.0,0.0
彰显,0.0,3.0,0.0,1.0
环保,0.0,36.0,0.0,1.0
周益聪,0.0,3.0,0.0,1.0
自然而然,0.0,3.0,0.0,1.0
头条,0.0,6.0,0.0,1.0
汇聚,3.0,0.0,1.0,0.0
:,0.0,90.0,0.0,1.0
身处,0.0,3.0,0.0,1.0
引起,0.0,3.0,0.0,1.0
2013,0.0,3.0,0.0,1.0
0,0.0,54.0,0.0,1.0
认可,0.0,9.0,0.0,1.0
采伐,3.0,0.0,1.0,0.0
股东权益,0.0,3.0,0.0,1.0
乡村,0.0,24.0,0.0,1.0
多份,0.0,3.0,0.0,1.0
实际,3.0,12.0,0.2,0.8
高性价比,0.0,3.0,0.0,1.0
暑期,3.0,0.0,1.0,0.0
绿标,0.0,12.0,0.0,1.0
*,0.0,3.0,0.0,1.0
彩石,0.0,12.0,0.0,1.0
多月,0.0,3.0,0.0,1.0
为此,0.0,9.0,0.0,1.0
平稳,0.0,3.0,0.0,1.0
qpic,0.0,24.0,0.0,1.0
称赞,0.0,3.0,0.0,1.0
承压,0.0,3.0,0.0,1.0
不懈努力,0.0,3.0,0.0,1.0
无名,0.0,3.0,0.0,1.0
50.70,0.0,3.0,0.0,1.0
标准,0.0,24.0,0.0,1.0
案例,0.0,3.0,0.0,1.0
激情,0.0,3.0,0.0,1.0
改变,0.0,6.0,0.0,1.0
招股书,0.0,3.0,0.0,1.0
及其,0.0,12.0,0.0,1.0
官方,0.0,3.0,0.0,1.0
成,0.0,6.0,0.0,1.0
亚健康,0.0,6.0,0.0,1.0
鼓励,0.0,3.0,0.0,1.0
状态,0.0,3.0,0.0,1.0
来源,0.0,3.0,0.0,1.0
只要,0.0,3.0,0.0,1.0
发动机,0.0,3.0,0.0,1.0
福建省,0.0,27.0,0.0,1.0
原,0.0,12.0,0.0,1.0
多维度,0.0,3.0,0.0,1.0
忘,0.0,3.0,0.0,1.0
chart,0.0,3.0,0.0,1.0
20000,0.0,3.0,0.0,1.0
单上,0.0,3.0,0.0,1.0
建新,0.0,6.0,0.0,1.0
大于,0.0,6.0,0.0,1.0
内心,0.0,9.0,0.0,1.0
清洁,0.0,15.0,0.0,1.0
地方,3.0,0.0,1.0,0.0
用途,0.0,6.0,0.0,1.0
10,0.0,15.0,0.0,1.0
品牌形象,0.0,3.0,0.0,1.0
高度肯定,0.0,6.0,0.0,1.0
归乡,0.0,6.0,0.0,1.0
由此,0.0,3.0,0.0,1.0
亿元,0.0,120.0,0.0,1.0
qiaATLubTwyoLx9QQxj4zs5K92G7Rz6KdibusbPhWZiaA24A7a8HuRm8c9CxmYA3HY2ZbFWlNFsicGZWdVDByNHCvw,0.0,3.0,0.0,1.0
几则,0.0,3.0,0.0,1.0
也许,0.0,3.0,0.0,1.0
史文超,0.0,3.0,0.0,1.0
一战,0.0,6.0,0.0,1.0
高薪,0.0,3.0,0.0,1.0
锂业,0.0,3.0,0.0,1.0
明光市,0.0,12.0,0.0,1.0
单一,0.0,6.0,0.0,1.0
生活,0.0,18.0,0.0,1.0
获,0.0,9.0,0.0,1.0
店网,0.0,3.0,0.0,1.0
很久,0.0,3.0,0.0,1.0
极速,0.0,6.0,0.0,1.0
共计,0.0,12.0,0.0,1.0
易居,0.0,3.0,0.0,1.0
86621493954291,0.0,3.0,0.0,1.0
控股,0.0,9.0,0.0,1.0
多家,0.0,3.0,0.0,1.0
郑州,15.0,0.0,1.0,0.0
协议,0.0,9.0,0.0,1.0
永远,0.0,3.0,0.0,1.0
步伐,0.0,3.0,0.0,1.0
游刃有余,0.0,3.0,0.0,1.0
游将,0.0,3.0,0.0,1.0
精品,0.0,6.0,0.0,1.0
落下,0.0,3.0,0.0,1.0
水漆,0.0,3.0,0.0,1.0
获评,0.0,9.0,0.0,1.0
二合一,0.0,9.0,0.0,1.0
污渍,0.0,15.0,0.0,1.0
经过,0.0,2.0,0.0,1.0
股价,0.0,3.0,0.0,1.0
胶粘剂,0.0,3.0,0.0,1.0
4f62,0.0,3.0,0.0,1.0
较,0.0,6.0,0.0,1.0
多乐士,0.0,24.0,0.0,1.0
网友,0.0,12.0,0.0,1.0
能源,0.0,3.0,0.0,1.0
实控,0.0,3.0,0.0,1.0
发出,0.0,3.0,0.0,1.0
修炼,0.0,3.0,0.0,1.0
几乎,0.0,3.0,0.0,1.0
期间,0.0,6.0,0.0,1.0
1.6,0.0,3.0,0.0,1.0
png,0.0,27.0,0.0,1.0
第三届,0.0,3.0,0.0,1.0
奋斗者,0.0,3.0,0.0,1.0
智慧,0.0,3.0,0.0,1.0
击中,0.0,3.0,0.0,1.0
还是,0.0,3.0,0.0,1.0
本心,0.0,3.0,0.0,1.0
归母,0.0,3.0,0.0,1.0
留下,0.0,3.0,0.0,1.0
结果显示,0.0,3.0,0.0,1.0
】,0.0,54.0,0.0,1.0
兴业,0.0,15.0,0.0,1.0
单位,0.0,3.0,0.0,1.0
故事,0.0,3.0,0.0,1.0
走路,3.0,0.0,1.0,0.0
帷幕,0.0,3.0,0.0,1.0
继而,0.0,3.0,0.0,1.0
世贸,0.0,3.0,0.0,1.0
14.7,0.0,3.0,0.0,1.0
增速,0.0,6.0,0.0,1.0
太阳热,0.0,6.0,0.0,1.0
归巢,0.0,6.0,0.0,1.0
晨阳,0.0,12.0,0.0,1.0
2290,0.0,3.0,0.0,1.0
发力,0.0,9.0,0.0,1.0
发展,0.0,51.0,0.0,1.0
内核,0.0,3.0,0.0,1.0
从,0.0,30.0,0.0,1.0
50,0.0,18.0,0.0,1.0
大量,0.0,6.0,0.0,1.0
=,0.0,144.0,0.0,1.0
首届,0.0,3.0,0.0,1.0
▲,0.0,6.0,0.0,1.0
式,0.0,6.0,0.0,1.0
生物制药,0.0,3.0,0.0,1.0
2000,0.0,9.0,0.0,1.0
造势,0.0,3.0,0.0,1.0
昌九,0.0,3.0,0.0,1.0
进展,0.0,9.0,0.0,1.0
海南,0.0,3.0,0.0,1.0
25,0.0,9.0,0.0,1.0
传统,0.0,3.0,0.0,1.0
坐拥,0.0,3.0,0.0,1.0
专业,0.0,6.0,0.0,1.0
1.00,0.0,3.0,0.0,1.0
75,0.0,6.0,0.0,1.0
来说,0.0,6.0,0.0,1.0
资金,0.0,48.0,0.0,1.0
写照,0.0,3.0,0.0,1.0
361,0.0,12.0,0.0,1.0
cE97uGsfHOCUImLllTKOqWCZalBlM6jx2xXRIZnRiarHgWa7xrZJWx3dQf2a1DmXTxXc2mpeZCA,0.0,6.0,0.0,1.0
执着,0.0,3.0,0.0,1.0
生态,0.0,36.0,0.0,1.0
机器声,0.0,3.0,0.0,1.0
都,3.0,15.0,0.16666666666666666,0.8333333333333334
下,0.0,24.0,0.0,1.0
荔城区,0.0,3.0,0.0,1.0
如何,3.0,3.0,0.5,0.5
中途,0.0,3.0,0.0,1.0
万科,0.0,3.0,0.0,1.0
限售,0.0,18.0,0.0,1.0
业主,0.0,3.0,0.0,1.0
智谷,0.0,3.0,0.0,1.0
营销,0.0,21.0,0.0,1.0
向,0.0,12.0,0.0,1.0
官网,0.0,6.0,0.0,1.0
入围,0.0,24.0,0.0,1.0
vR4trQ6LnmAVxPgSCEJVGnE4uzeIOiaYUH6LBUUzVdpxz63ibRoExDg0kOwOfZDhibmmrCfhSGRuMvJIxQ,0.0,3.0,0.0,1.0
序号,0.0,3.0,0.0,1.0
生态旅游,0.0,3.0,0.0,1.0
政府,0.0,9.0,0.0,1.0
单月,0.0,3.0,0.0,1.0
机遇,3.0,0.0,1.0,0.0
强烈,0.0,3.0,0.0,1.0
价格,0.0,12.0,0.0,1.0
采访,0.0,3.0,0.0,1.0
AGE,0.0,3.0,0.0,1.0
三,0.0,3.0,0.0,1.0
Ur9g4hoM5KqRpl9SN4YzeJwVYs9NASWw24UyzwwFflsFcDdEp2Sk5HHCLpEKWXZia3uKl97ibgYT5A,0.0,3.0,0.0,1.0
大师,0.0,6.0,0.0,1.0
超,0.0,9.0,0.0,1.0
按,0.0,3.0,0.0,1.0
社交圈,0.0,3.0,0.0,1.0
合,0.0,3.0,0.0,1.0
笃定,0.0,3.0,0.0,1.0
集泰,0.0,12.0,0.0,1.0
国瓷,0.0,3.0,0.0,1.0
红地毯,0.0,3.0,0.0,1.0
巨人,0.0,6.0,0.0,1.0
发行,0.0,12.0,0.0,1.0
继续,0.0,18.0,0.0,1.0
调整,0.0,3.0,0.0,1.0
互联网,0.0,15.0,0.0,1.0
快讯,0.0,6.0,0.0,1.0
参与,0.0,6.0,0.0,1.0
天洋,0.0,3.0,0.0,1.0
行动,0.0,9.0,0.0,1.0
消费品,0.0,3.0,0.0,1.0
新家,0.0,3.0,0.0,1.0
增长,0.0,54.0,0.0,1.0
石化,0.0,3.0,0.0,1.0
道路,0.0,6.0,0.0,1.0
优质,0.0,9.0,0.0,1.0
抗污自,0.0,6.0,0.0,1.0
 ,240.0,303.0,0.4419889502762431,0.5580110497237569
告诉,0.0,3.0,0.0,1.0
2.78,0.0,3.0,0.0,1.0
诚功,0.0,3.0,0.0,1.0
承载,0.0,3.0,0.0,1.0
公益行,0.0,6.0,0.0,1.0
会计师,0.0,3.0,0.0,1.0
旗下,0.0,6.0,0.0,1.0
坚定,0.0,6.0,0.0,1.0
品格,6.0,0.0,1.0,0.0
候鸟,0.0,3.0,0.0,1.0
美好,0.0,3.0,0.0,1.0
新安,0.0,6.0,0.0,1.0
思考,0.0,3.0,0.0,1.0
德美特,0.0,3.0,0.0,1.0
翻倍,0.0,3.0,0.0,1.0
部分,0.0,24.0,0.0,1.0
_,0.0,90.0,0.0,1.0
不少,0.0,3.0,0.0,1.0
入手,0.0,3.0,0.0,1.0
巨大,0.0,3.0,0.0,1.0
》,9.0,45.0,0.16666666666666666,0.8333333333333334
永不,0.0,3.0,0.0,1.0
涉嫌,3.0,0.0,1.0,0.0
共有,0.0,3.0,0.0,1.0
现有,0.0,3.0,0.0,1.0
华金,0.0,3.0,0.0,1.0
开发区,0.0,6.0,0.0,1.0
咨询,6.0,6.0,0.5,0.5
倡议,0.0,3.0,0.0,1.0
拥抱,0.0,6.0,0.0,1.0
承接,0.0,3.0,0.0,1.0
民族,0.0,15.0,0.0,1.0
奠定,0.0,6.0,0.0,1.0
一期,0.0,3.0,0.0,1.0
服务体系,0.0,6.0,0.0,1.0
需求,0.0,24.0,0.0,1.0
体验式,6.0,0.0,1.0,0.0
一股,0.0,3.0,0.0,1.0
会,0.0,9.0,0.0,1.0
一种,3.0,0.0,1.0,0.0
推动,0.0,9.0,0.0,1.0
先后,0.0,3.0,0.0,1.0
83,0.0,3.0,0.0,1.0
环境友好,0.0,6.0,0.0,1.0
房地产,0.0,45.0,0.0,1.0
惊喜,0.0,3.0,0.0,1.0
内地,0.0,6.0,0.0,1.0
意义,0.0,3.0,0.0,1.0
醉,0.0,3.0,0.0,1.0
imgcdc,0.0,6.0,0.0,1.0
性能,0.0,15.0,0.0,1.0
声量,0.0,3.0,0.0,1.0
美涂士,0.0,12.0,0.0,1.0
fangchan,0.0,9.0,0.0,1.0
话题,0.0,18.0,0.0,1.0
主营业务,0.0,3.0,0.0,1.0
目光,3.0,3.0,0.5,0.5
6037371,0.0,3.0,0.0,1.0
硅丙,0.0,6.0,0.0,1.0
5,0.0,72.0,0.0,1.0
化工,0.0,42.0,0.0,1.0
高度,0.0,6.0,0.0,1.0
中心,0.0,27.0,0.0,1.0
迅速,0.0,3.0,0.0,1.0
立即,0.0,3.0,0.0,1.0
150,0.0,9.0,0.0,1.0
开始,0.0,18.0,0.0,1.0
相信,0.0,12.0,0.0,1.0
安徽,0.0,15.0,0.0,1.0
黑榜,0.0,6.0,0.0,1.0
对,0.0,48.0,0.0,1.0
广为,0.0,6.0,0.0,1.0
一以贯之,0.0,6.0,0.0,1.0
都芳,0.0,6.0,0.0,1.0
31c749f0f1834b20b9d9820,0.0,3.0,0.0,1.0
三月份,0.0,6.0,0.0,1.0
Top25,0.0,6.0,0.0,1.0
年报,0.0,6.0,0.0,1.0
过剩,0.0,3.0,0.0,1.0
0hjLDCS1GqlOEm7U0gOXpiaPkOweoUj8yXLITR1t8YiaFDvibibrwY1icWXBgEkKf42ClIPnKjb8kA,0.0,3.0,0.0,1.0
月,0.0,111.0,0.0,1.0
22,0.0,15.0,0.0,1.0
人,0.0,27.0,0.0,1.0
中试,0.0,3.0,0.0,1.0
此,3.0,9.0,0.25,0.75
大风,1.0,0.0,1.0,0.0
数十位,0.0,3.0,0.0,1.0
20170704,0.0,3.0,0.0,1.0
真人,0.0,3.0,0.0,1.0
专家,0.0,9.0,0.0,1.0
把握住,0.0,3.0,0.0,1.0
推进,0.0,21.0,0.0,1.0
曾,0.0,3.0,0.0,1.0
百鸟,0.0,6.0,0.0,1.0
12,0.0,18.0,0.0,1.0
深入人心,0.0,6.0,0.0,1.0
诊股,0.0,3.0,0.0,1.0
多万,0.0,3.0,0.0,1.0
第六次,0.0,3.0,0.0,1.0
即便,0.0,3.0,0.0,1.0
视频,0.0,6.0,0.0,1.0
img3,0.0,3.0,0.0,1.0
以下,0.0,6.0,0.0,1.0
领导品牌,0.0,15.0,0.0,1.0
河北,0.0,12.0,0.0,1.0
亲子关系,6.0,0.0,1.0,0.0
FM910,3.0,0.0,1.0,0.0
单数,0.0,3.0,0.0,1.0
访客,0.0,3.0,0.0,1.0
利民,0.0,3.0,0.0,1.0
早期,3.0,0.0,1.0,0.0
18,0.0,15.0,0.0,1.0
中止,0.0,3.0,0.0,1.0
正大,0.0,6.0,0.0,1.0
电台,6.0,0.0,1.0,0.0
500,0.0,54.0,0.0,1.0
解读,0.0,3.0,0.0,1.0
拟,0.0,6.0,0.0,1.0
星源,0.0,3.0,0.0,1.0
全球,0.0,18.0,0.0,1.0
生化,0.0,12.0,0.0,1.0
20170801,0.0,3.0,0.0,1.0
荣誉,0.0,6.0,0.0,1.0
其中,0.0,27.0,0.0,1.0
涂界,0.0,15.0,0.0,1.0
两个,0.0,3.0,0.0,1.0
层为,0.0,3.0,0.0,1.0
15.71,0.0,6.0,0.0,1.0
产销两旺,0.0,3.0,0.0,1.0
负责人,0.0,3.0,0.0,1.0
正是,0.0,6.0,0.0,1.0
提高,0.0,9.0,0.0,1.0
先生,0.0,27.0,0.0,1.0
富民,0.0,3.0,0.0,1.0
短时间,0.0,3.0,0.0,1.0
事务,0.0,3.0,0.0,1.0
2016,0.0,72.0,0.0,1.0
赢得,0.0,9.0,0.0,1.0
8926b0082f2d4f36a47ce70016985dea,0.0,3.0,0.0,1.0
五项,0.0,12.0,0.0,1.0
重大,0.0,3.0,0.0,1.0
辅料,0.0,6.0,0.0,1.0
详细,0.0,3.0,0.0,1.0
金,0.0,6.0,0.0,1.0
慈善事业,0.0,6.0,0.0,1.0
罪,3.0,0.0,1.0,0.0
成长期,0.0,3.0,0.0,1.0
感叹,0.0,3.0,0.0,1.0
接替,0.0,6.0,0.0,1.0
TIKKURILA,0.0,6.0,0.0,1.0
东方,0.0,3.0,0.0,1.0
少年,6.0,0.0,1.0,0.0
进而,0.0,3.0,0.0,1.0
后,0.0,30.0,0.0,1.0
工程项目,0.0,3.0,0.0,1.0
建设项目,0.0,6.0,0.0,1.0
提升,0.0,18.0,0.0,1.0
力量,0.0,6.0,0.0,1.0
另一面,0.0,3.0,0.0,1.0
之,0.0,24.0,0.0,1.0
城市,3.0,18.0,0.14285714285714285,0.8571428571428571
背靠,0.0,3.0,0.0,1.0
R4trQ6LnmAVxPgSCEJVGnE4uanh31fM0pqZQBJ8N9PMcj9Gt3iaWfARxvicibp9lk5bLNia5hpdNdbBx5A,0.0,3.0,0.0,1.0
大型,0.0,3.0,0.0,1.0
㎡,0.0,6.0,0.0,1.0
相差,0.0,3.0,0.0,1.0
占,0.0,30.0,0.0,1.0
2.2,0.0,3.0,0.0,1.0
老房,0.0,3.0,0.0,1.0
强大,0.0,12.0,0.0,1.0
全力,0.0,3.0,0.0,1.0
事业,0.0,3.0,0.0,1.0
时,0.0,3.0,0.0,1.0
初审,0.0,3.0,0.0,1.0
卷起,0.0,3.0,0.0,1.0
峰会,0.0,6.0,0.0,1.0
层,0.0,3.0,0.0,1.0
相辅相成,0.0,3.0,0.0,1.0
生产商,0.0,6.0,0.0,1.0
7.4,0.0,6.0,0.0,1.0
领先,0.0,3.0,0.0,1.0
趁势,0.0,3.0,0.0,1.0
日起,0.0,6.0,0.0,1.0
必涨,3.0,0.0,1.0,0.0
时隔,0.0,3.0,0.0,1.0
新颖,0.0,3.0,0.0,1.0
抑或,0.0,3.0,0.0,1.0
images,0.0,9.0,0.0,1.0
天,0.0,6.0,0.0,1.0
18613106840,0.0,3.0,0.0,1.0
擦破,0.0,9.0,0.0,1.0
万华,0.0,12.0,0.0,1.0
9ea9,0.0,3.0,0.0,1.0
飞凯,0.0,3.0,0.0,1.0
抓不住,3.0,0.0,1.0,0.0
白天,0.0,3.0,0.0,1.0
调研,0.0,6.0,0.0,1.0
莱恩,0.0,6.0,0.0,1.0
强,0.0,6.0,0.0,1.0
装备,0.0,3.0,0.0,1.0
提交,0.0,3.0,0.0,1.0
保护,3.0,3.0,0.5,0.5
发起,0.0,21.0,0.0,1.0
共,0.0,15.0,0.0,1.0
2011,0.0,3.0,0.0,1.0
加班,0.0,3.0,0.0,1.0
使,0.0,6.0,0.0,1.0
专访,0.0,3.0,0.0,1.0
豹皮,0.0,3.0,0.0,1.0
我要,0.0,6.0,0.0,1.0
线上,0.0,6.0,0.0,1.0
主席,0.0,3.0,0.0,1.0
最佳,0.0,9.0,0.0,1.0
频繁,0.0,3.0,0.0,1.0
严格,0.0,3.0,0.0,1.0
项,0.0,18.0,0.0,1.0
复合材料,0.0,6.0,0.0,1.0
测评,0.0,9.0,0.0,1.0
抓住,3.0,3.0,0.5,0.5
艾迪,0.0,3.0,0.0,1.0
转发,0.0,3.0,0.0,1.0
修建,3.0,0.0,1.0,0.0
且,0.0,3.0,0.0,1.0
交易日,0.0,3.0,0.0,1.0
典型,0.0,3.0,0.0,1.0
对比,0.0,3.0,0.0,1.0
因素,0.0,3.0,0.0,1.0
近日,0.0,9.0,0.0,1.0
22.96,0.0,6.0,0.0,1.0
白领,0.0,12.0,0.0,1.0
空气质量,0.0,6.0,0.0,1.0
4.2,0.0,3.0,0.0,1.0
商学院,0.0,3.0,0.0,1.0
化,0.0,3.0,0.0,1.0
区域,0.0,6.0,0.0,1.0
永太,0.0,3.0,0.0,1.0
白恒飞,0.0,9.0,0.0,1.0
关键技术,0.0,9.0,0.0,1.0
新型,0.0,6.0,0.0,1.0
启迪,0.0,3.0,0.0,1.0
i,0.0,9.0,0.0,1.0
东西,0.0,3.0,0.0,1.0
传播,0.0,18.0,0.0,1.0
V,0.0,3.0,0.0,1.0
六,0.0,3.0,0.0,1.0
延续,0.0,3.0,0.0,1.0
相继,0.0,3.0,0.0,1.0
体验,0.0,3.0,0.0,1.0
愿景,0.0,3.0,0.0,1.0
内容,0.0,3.0,0.0,1.0
40.30,0.0,3.0,0.0,1.0
服务,0.0,120.0,0.0,1.0
所在地,0.0,3.0,0.0,1.0
乡,0.0,6.0,0.0,1.0
本周,0.0,9.0,0.0,1.0
楼盘,0.0,3.0,0.0,1.0
新天地,0.0,9.0,0.0,1.0
督导,0.0,6.0,0.0,1.0
解决,0.0,12.0,0.0,1.0
天津,0.0,6.0,0.0,1.0
社交,0.0,3.0,0.0,1.0
梳理,0.0,3.0,0.0,1.0
涂料厂,0.0,3.0,0.0,1.0
涂层,0.0,3.0,0.0,1.0
样品,0.0,57.0,0.0,1.0
兔,0.0,3.0,0.0,1.0
023,0.0,3.0,0.0,1.0
600030,0.0,3.0,0.0,1.0
扬农,0.0,12.0,0.0,1.0
603737,0.0,36.0,0.0,1.0
创立,0.0,3.0,0.0,1.0
防潮,0.0,3.0,0.0,1.0
打造,0.0,24.0,0.0,1.0
业,0.0,3.0,0.0,1.0
当然,0.0,3.0,0.0,1.0
手机,0.0,9.0,0.0,1.0
真实,0.0,3.0,0.0,1.0
密不可分,0.0,3.0,0.0,1.0
独具,0.0,9.0,0.0,1.0
89.3935,0.0,3.0,0.0,1.0
趣味性,0.0,3.0,0.0,1.0
博野,0.0,3.0,0.0,1.0
沟通,0.0,3.0,0.0,1.0
家人,3.0,0.0,1.0,0.0
策划,0.0,3.0,0.0,1.0
许家,0.0,3.0,0.0,1.0
最强,6.0,0.0,1.0,0.0
O2O,0.0,9.0,0.0,1.0
投资,0.0,24.0,0.0,1.0
正在,0.0,6.0,0.0,1.0
旨在,0.0,3.0,0.0,1.0
率先,0.0,6.0,0.0,1.0
8,0.0,33.0,0.0,1.0
形成,0.0,3.0,0.0,1.0
漆,0.0,81.0,0.0,1.0
有效,0.0,3.0,0.0,1.0
本报记者,0.0,3.0,0.0,1.0
年轻,0.0,3.0,0.0,1.0
金发,0.0,6.0,0.0,1.0
赢,0.0,6.0,0.0,1.0
木器,0.0,3.0,0.0,1.0
偿债,0.0,3.0,0.0,1.0
人类,3.0,0.0,1.0,0.0
走来,0.0,6.0,0.0,1.0
价值,0.0,54.0,0.0,1.0
诺贝尔化学奖,0.0,6.0,0.0,1.0
出席,0.0,12.0,0.0,1.0
上榜,0.0,3.0,0.0,1.0
恒强,0.0,6.0,0.0,1.0
信息,0.0,3.0,0.0,1.0
挑战,0.0,3.0,0.0,1.0
委员会,0.0,9.0,0.0,1.0
40.18,0.0,3.0,0.0,1.0
公开,0.0,6.0,0.0,1.0
协会,0.0,3.0,0.0,1.0
上半年,0.0,9.0,0.0,1.0
建立,0.0,15.0,0.0,1.0
正,0.0,9.0,0.0,1.0
异乡,0.0,3.0,0.0,1.0
不让,3.0,0.0,1.0,0.0
积累资金,0.0,3.0,0.0,1.0
五年,0.0,6.0,0.0,1.0
新闻热线,0.0,3.0,0.0,1.0
一直,0.0,15.0,0.0,1.0
振幅,0.0,12.0,0.0,1.0
2018,0.0,3.0,0.0,1.0
远高于,0.0,3.0,0.0,1.0
促进作用,0.0,3.0,0.0,1.0
多名,0.0,6.0,0.0,1.0
情怀,0.0,3.0,0.0,1.0
终端,0.0,3.0,0.0,1.0
诉求点,0.0,3.0,0.0,1.0
收到,0.0,3.0,0.0,1.0
精密,0.0,3.0,0.0,1.0
澳门,0.0,12.0,0.0,1.0
首席,0.0,3.0,0.0,1.0
传颂,0.0,3.0,0.0,1.0
1498441347451822,0.0,3.0,0.0,1.0
四大,0.0,9.0,0.0,1.0
量,0.0,12.0,0.0,1.0
操作,0.0,3.0,0.0,1.0
广告,0.0,9.0,0.0,1.0
坐落于,0.0,3.0,0.0,1.0
小小,6.0,0.0,1.0,0.0
设计方案,0.0,3.0,0.0,1.0
宅,3.0,0.0,1.0,0.0
两人,3.0,0.0,1.0,0.0
大中华区,0.0,3.0,0.0,1.0
压抑,0.0,3.0,0.0,1.0
img0,0.0,3.0,0.0,1.0
起,0.0,6.0,0.0,1.0
df2020fffb31,0.0,3.0,0.0,1.0
类别,0.0,3.0,0.0,1.0
jpeg,0.0,48.0,0.0,1.0
施工单位,0.0,3.0,0.0,1.0
股份,0.0,96.0,0.0,1.0
4b48c2f034e58828,0.0,3.0,0.0,1.0
往日,0.0,3.0,0.0,1.0
房屋,6.0,0.0,1.0,0.0
更换,0.0,3.0,0.0,1.0
一度,0.0,3.0,0.0,1.0
一个,0.0,30.0,0.0,1.0
股本,0.0,15.0,0.0,1.0
地位,0.0,9.0,0.0,1.0
没有,6.0,0.0,1.0,0.0
Uploads,0.0,3.0,0.0,1.0
乳液,0.0,3.0,0.0,1.0
美丽,0.0,42.0,0.0,1.0
后市,0.0,3.0,0.0,1.0
亚洲,0.0,3.0,0.0,1.0
设立,0.0,3.0,0.0,1.0
助力,0.0,15.0,0.0,1.0
以此,0.0,3.0,0.0,1.0
优雅,0.0,6.0,0.0,1.0
余家,0.0,3.0,0.0,1.0
如此一来,0.0,3.0,0.0,1.0
恒大,0.0,81.0,0.0,1.0
日晚,0.0,9.0,0.0,1.0
kpic,0.0,3.0,0.0,1.0
今天,0.0,9.0,0.0,1.0
现在,3.0,0.0,1.0,0.0
实力雄厚,0.0,3.0,0.0,1.0
趋势,0.0,3.0,0.0,1.0
城央,3.0,0.0,1.0,0.0
有余,0.0,9.0,0.0,1.0
证明,0.0,3.0,0.0,1.0
22850,0.0,3.0,0.0,1.0
社会,0.0,15.0,0.0,1.0
组合拳,0.0,3.0,0.0,1.0
分离,0.0,6.0,0.0,1.0
来看,0.0,3.0,0.0,1.0
充满,0.0,3.0,0.0,1.0
醉美,0.0,9.0,0.0,1.0
新版,0.0,6.0,0.0,1.0
竞买,0.0,2.0,0.0,1.0
何去何从,0.0,3.0,0.0,1.0
做点,0.0,3.0,0.0,1.0
：,6.0,90.0,0.0625,0.9375
山东,0.0,12.0,0.0,1.0
共鸣,0.0,9.0,0.0,1.0
结缘,0.0,3.0,0.0,1.0
飞鹿,0.0,9.0,0.0,1.0
得到,0.0,9.0,0.0,1.0
日讯,0.0,3.0,0.0,1.0
湖南,0.0,6.0,0.0,1.0
今年以来,0.0,3.0,0.0,1.0
引领,0.0,3.0,0.0,1.0
所用,0.0,3.0,0.0,1.0
DXoxTHwq94W71yd2sILxv1EXicjfsszA,0.0,3.0,0.0,1.0
试验,0.0,18.0,0.0,1.0
刻板,0.0,3.0,0.0,1.0
产品,0.0,105.0,0.0,1.0
这次,0.0,3.0,0.0,1.0
广为流传,0.0,3.0,0.0,1.0
于,3.0,66.0,0.043478260869565216,0.9565217391304348
内外墙,0.0,3.0,0.0,1.0
企业家,0.0,6.0,0.0,1.0
主题,6.0,3.0,0.6666666666666666,0.3333333333333333
着重,0.0,6.0,0.0,1.0
1.04,0.0,3.0,0.0,1.0
公司业绩,0.0,3.0,0.0,1.0
前,0.0,6.0,0.0,1.0
享有,0.0,3.0,0.0,1.0
港,0.0,3.0,0.0,1.0
另一方面,0.0,3.0,0.0,1.0
合作,0.0,30.0,0.0,1.0
高速,0.0,9.0,0.0,1.0
城乡居民,0.0,6.0,0.0,1.0
20170623,0.0,3.0,0.0,1.0
内墙,0.0,3.0,0.0,1.0
高度评价,0.0,3.0,0.0,1.0
或者,0.0,6.0,0.0,1.0
热潮,0.0,3.0,0.0,1.0
用户,0.0,3.0,0.0,1.0
情感,0.0,12.0,0.0,1.0
不可,0.0,9.0,0.0,1.0
战略,0.0,57.0,0.0,1.0
工程部,0.0,3.0,0.0,1.0
原本,0.0,3.0,0.0,1.0
签订,0.0,6.0,0.0,1.0
绝妙,0.0,3.0,0.0,1.0
相仿,0.0,3.0,0.0,1.0
闲置,0.0,21.0,0.0,1.0
品牌,0.0,264.0,0.0,1.0
真正,0.0,3.0,0.0,1.0
19.48,0.0,3.0,0.0,1.0
材质,0.0,3.0,0.0,1.0
玻璃纤维,0.0,3.0,0.0,1.0
资产负债率,0.0,3.0,0.0,1.0
代办,0.0,3.0,0.0,1.0
采样,0.0,3.0,0.0,1.0
同路,0.0,6.0,0.0,1.0
华东,0.0,9.0,0.0,1.0
新材,0.0,3.0,0.0,1.0
千亩,0.0,3.0,0.0,1.0
难,0.0,3.0,0.0,1.0
阶段,0.0,9.0,0.0,1.0
使得,0.0,6.0,0.0,1.0
嘉化,0.0,3.0,0.0,1.0
成长,0.0,9.0,0.0,1.0
巧妙,0.0,3.0,0.0,1.0
好坏,0.0,3.0,0.0,1.0
23750,0.0,3.0,0.0,1.0
业务,0.0,15.0,0.0,1.0
博士后,0.0,6.0,0.0,1.0
ba1e,0.0,3.0,0.0,1.0
表明,0.0,3.0,0.0,1.0
有着,0.0,6.0,0.0,1.0
得主,0.0,6.0,0.0,1.0
交流,0.0,15.0,0.0,1.0
替,0.0,3.0,0.0,1.0
已,3.0,39.0,0.07142857142857142,0.9285714285714286
得,0.0,11.0,0.0,1.0
简称,0.0,6.0,0.0,1.0
子,0.0,3.0,0.0,1.0
多个,0.0,6.0,0.0,1.0
发生,0.0,3.0,0.0,1.0
品质,0.0,9.0,0.0,1.0
更显,0.0,3.0,0.0,1.0
一句,0.0,3.0,0.0,1.0
）,6.0,141.0,0.04081632653061224,0.9591836734693877
前进,0.0,3.0,0.0,1.0
方案,0.0,3.0,0.0,1.0
当,0.0,6.0,0.0,1.0
境界,0.0,3.0,0.0,1.0
值得一提的是,0.0,3.0,0.0,1.0
分析,0.0,6.0,0.0,1.0
接单,0.0,3.0,0.0,1.0
刷,0.0,3.0,0.0,1.0
img2,0.0,6.0,0.0,1.0
603737SH,0.0,6.0,0.0,1.0
列入,0.0,3.0,0.0,1.0
马鞍山,0.0,3.0,0.0,1.0
核心,0.0,12.0,0.0,1.0
四川,0.0,9.0,0.0,1.0
437c,0.0,3.0,0.0,1.0
货物,0.0,6.0,0.0,1.0
参评,0.0,3.0,0.0,1.0
选择,0.0,12.0,0.0,1.0
子公司,0.0,3.0,0.0,1.0
07a8,0.0,3.0,0.0,1.0
○,0.0,3.0,0.0,1.0
高,0.0,9.0,0.0,1.0
化工行业,0.0,6.0,0.0,1.0
互相,0.0,3.0,0.0,1.0
逆城市化,0.0,3.0,0.0,1.0
进一步,0.0,6.0,0.0,1.0
经济,0.0,18.0,0.0,1.0
遥远,0.0,3.0,0.0,1.0
连连,0.0,9.0,0.0,1.0
涂料,0.0,333.0,0.0,1.0
收约,0.0,3.0,0.0,1.0
20170505,0.0,3.0,0.0,1.0
比例,0.0,6.0,0.0,1.0
动力,0.0,6.0,0.0,1.0
6,0.0,75.0,0.0,1.0
晚上,3.0,0.0,1.0,0.0
到底,0.0,6.0,0.0,1.0
b68bb0b9e6ee,0.0,3.0,0.0,1.0
大涨,0.0,9.0,0.0,1.0
45.344,0.0,3.0,0.0,1.0
最终,0.0,3.0,0.0,1.0
可控,0.0,3.0,0.0,1.0
强势,0.0,6.0,0.0,1.0
介绍,0.0,3.0,0.0,1.0
节能,0.0,15.0,0.0,1.0
522.09,0.0,6.0,0.0,1.0
其,0.0,24.0,0.0,1.0
多层次,0.0,3.0,0.0,1.0
覆盖,0.0,3.0,0.0,1.0
一纸,0.0,3.0,0.0,1.0
fmt,0.0,66.0,0.0,1.0
传奇,0.0,3.0,0.0,1.0
焦点,3.0,3.0,0.5,0.5
飞速发展,0.0,12.0,0.0,1.0
仍,0.0,3.0,0.0,1.0
cn,0.0,42.0,0.0,1.0
盛典,0.0,12.0,0.0,1.0
阿拉善,0.0,9.0,0.0,1.0
报名,3.0,0.0,1.0,0.0
嘉澳,0.0,3.0,0.0,1.0
共铸,0.0,6.0,0.0,1.0
匠心,0.0,6.0,0.0,1.0
优化,0.0,3.0,0.0,1.0
出炉,0.0,6.0,0.0,1.0
便,0.0,6.0,0.0,1.0
04,0.0,12.0,0.0,1.0
组委会,0.0,6.0,0.0,1.0
提到,0.0,3.0,0.0,1.0
标杆,0.0,3.0,0.0,1.0
故乡,0.0,9.0,0.0,1.0
观,0.0,3.0,0.0,1.0
当日,0.0,3.0,0.0,1.0
全资,0.0,3.0,0.0,1.0
欢迎,0.0,3.0,0.0,1.0
当中,3.0,0.0,1.0,0.0
看上去,3.0,0.0,1.0,0.0
护城河,0.0,3.0,0.0,1.0
模式,0.0,3.0,0.0,1.0
除甲醛,0.0,6.0,0.0,1.0
放在首位,0.0,6.0,0.0,1.0
认为,0.0,12.0,0.0,1.0
思维,0.0,3.0,0.0,1.0
7215f72c4a794385932812939e091b2f,0.0,3.0,0.0,1.0
公益,0.0,18.0,0.0,1.0
线下,0.0,3.0,0.0,1.0
边上,3.0,0.0,1.0,0.0
年度,0.0,30.0,0.0,1.0
效果,0.0,6.0,0.0,1.0
一定,0.0,3.0,0.0,1.0
深入,0.0,12.0,0.0,1.0
绿色,0.0,42.0,0.0,1.0
参会,0.0,3.0,0.0,1.0
创新,0.0,12.0,0.0,1.0
相,0.0,3.0,0.0,1.0
新一代,0.0,3.0,0.0,1.0
多,0.0,21.0,0.0,1.0
11,0.0,9.0,0.0,1.0
大赛,0.0,6.0,0.0,1.0
0.23,0.0,3.0,0.0,1.0
客户,0.0,9.0,0.0,1.0
而言,0.0,3.0,0.0,1.0
5.22,0.0,9.0,0.0,1.0
卓越,0.0,9.0,0.0,1.0
攀枝花,6.0,0.0,1.0,0.0
五强,0.0,15.0,0.0,1.0
年内,0.0,3.0,0.0,1.0
奖,0.0,36.0,0.0,1.0
定制,6.0,6.0,0.5,0.5
周期,0.0,3.0,0.0,1.0
9aRePN92DOcNcEF3Sukiac3P0TFGYP2icrnm65KhWD4wsQibwMte8cMTHrM2oRd7PvicxBK7SVYptwz7RQPV1Zkic9A,0.0,3.0,0.0,1.0
包括,0.0,12.0,0.0,1.0
最美,0.0,15.0,0.0,1.0
商家,6.0,0.0,1.0,0.0
千家万户,0.0,3.0,0.0,1.0
弹性,0.0,6.0,0.0,1.0
不同,0.0,3.0,0.0,1.0
据,0.0,33.0,0.0,1.0
一滴,0.0,3.0,0.0,1.0
工作人员,1.0,6.0,0.14285714285714285,0.8571428571428571
捐种,0.0,3.0,0.0,1.0
白色,0.0,3.0,0.0,1.0
显著,0.0,3.0,0.0,1.0
国际品牌,0.0,3.0,0.0,1.0
指导,0.0,6.0,0.0,1.0
氟,0.0,6.0,0.0,1.0
通知,0.0,3.0,0.0,1.0
需要,0.0,9.0,0.0,1.0
恒泰城,0.0,3.0,0.0,1.0
会面,0.0,3.0,0.0,1.0
水系,0.0,6.0,0.0,1.0
这份,0.0,6.0,0.0,1.0
工作站,0.0,12.0,0.0,1.0
始建,0.0,3.0,0.0,1.0
来威,0.0,6.0,0.0,1.0
心理,0.0,3.0,0.0,1.0
采购,0.0,6.0,0.0,1.0
股,0.0,21.0,0.0,1.0
芳超,0.0,3.0,0.0,1.0
流通,0.0,6.0,0.0,1.0
技术人员,0.0,3.0,0.0,1.0
总部,0.0,3.0,0.0,1.0
找到,0.0,3.0,0.0,1.0
gif,0.0,3.0,0.0,1.0
深安,0.0,3.0,0.0,1.0
派驻,0.0,3.0,0.0,1.0
呼唤,0.0,3.0,0.0,1.0
世界,0.0,27.0,0.0,1.0
上海,0.0,9.0,0.0,1.0
远离,0.0,3.0,0.0,1.0
自身,0.0,6.0,0.0,1.0
宠爱,3.0,0.0,1.0,0.0
品牌策略,0.0,6.0,0.0,1.0
金额,0.0,24.0,0.0,1.0
发表,0.0,3.0,0.0,1.0
猛烈,0.0,3.0,0.0,1.0
精彩,0.0,6.0,0.0,1.0
研制成功,0.0,3.0,0.0,1.0
以前,0.0,3.0,0.0,1.0
呼吸,0.0,6.0,0.0,1.0
大势,0.0,3.0,0.0,1.0
3.79,0.0,3.0,0.0,1.0
担任,0.0,6.0,0.0,1.0
差异化,0.0,3.0,0.0,1.0
image,0.0,3.0,0.0,1.0
知名度,0.0,6.0,0.0,1.0
贴心,0.0,3.0,0.0,1.0
另起炉灶,0.0,3.0,0.0,1.0
重金属,0.0,3.0,0.0,1.0
中期,0.0,3.0,0.0,1.0
微信,0.0,9.0,0.0,1.0
内训,6.0,0.0,1.0,0.0
事务所,0.0,3.0,0.0,1.0
服务业,0.0,15.0,0.0,1.0
实施,0.0,3.0,0.0,1.0
东湖,0.0,3.0,0.0,1.0
民生,0.0,3.0,0.0,1.0
张桂梅,0.0,6.0,0.0,1.0
综合,0.0,27.0,0.0,1.0
定位,0.0,3.0,0.0,1.0
.,0.0,240.0,0.0,1.0
48f2,0.0,3.0,0.0,1.0
负责,0.0,3.0,0.0,1.0
棕榈岛,0.0,15.0,0.0,1.0
经验,0.0,3.0,0.0,1.0
省级,0.0,6.0,0.0,1.0
江苏,0.0,3.0,0.0,1.0
日期,0.0,3.0,0.0,1.0
致力于,0.0,15.0,0.0,1.0
阐述,0.0,3.0,0.0,1.0
副总裁,0.0,6.0,0.0,1.0
资讯,0.0,6.0,0.0,1.0
多次,0.0,6.0,0.0,1.0
养成,0.0,3.0,0.0,1.0
hqpick,0.0,3.0,0.0,1.0
工贸,0.0,3.0,0.0,1.0
MDI,0.0,12.0,0.0,1.0
新型建材,0.0,12.0,0.0,1.0
去年,0.0,24.0,0.0,1.0
7,0.0,24.0,0.0,1.0
85681495510294,0.0,3.0,0.0,1.0
探寻,0.0,3.0,0.0,1.0
适应,0.0,3.0,0.0,1.0
36530f4a,0.0,3.0,0.0,1.0
前行,0.0,3.0,0.0,1.0
仿,0.0,3.0,0.0,1.0
6389,0.0,3.0,0.0,1.0
外墙,0.0,12.0,0.0,1.0
b145,0.0,3.0,0.0,1.0
恒泰湘,0.0,3.0,0.0,1.0
变更,0.0,21.0,0.0,1.0
地为,0.0,3.0,0.0,1.0
建筑,0.0,69.0,0.0,1.0
重点项目,0.0,9.0,0.0,1.0
物业,3.0,0.0,1.0,0.0
eastmoney,0.0,3.0,0.0,1.0
漆膜,0.0,12.0,0.0,1.0
0.7,0.0,3.0,0.0,1.0
31,0.0,3.0,0.0,1.0
会上,0.0,3.0,0.0,1.0
运营,0.0,3.0,0.0,1.0
暂时,0.0,3.0,0.0,1.0
—,0.0,60.0,0.0,1.0
2012,0.0,9.0,0.0,1.0
呼吁,0.0,3.0,0.0,1.0
收入,0.0,12.0,0.0,1.0
关系,0.0,6.0,0.0,1.0
马上,0.0,45.0,0.0,1.0
情况,0.0,12.0,0.0,1.0
解禁,0.0,3.0,0.0,1.0
前期,0.0,3.0,0.0,1.0
明光,0.0,6.0,0.0,1.0
、,39.0,813.0,0.045774647887323945,0.954225352112676
中国,0.0,201.0,0.0,1.0
款,0.0,27.0,0.0,1.0
其间,0.0,3.0,0.0,1.0
首倡者,0.0,3.0,0.0,1.0
东营市,0.0,3.0,0.0,1.0
组织,0.0,6.0,0.0,1.0
缓慢,0.0,3.0,0.0,1.0
不争,0.0,3.0,0.0,1.0
但,0.0,18.0,0.0,1.0
0.2,0.0,3.0,0.0,1.0
极大,0.0,3.0,0.0,1.0
高度集中,0.0,3.0,0.0,1.0
~,0.0,3.0,0.0,1.0
万元,0.0,12.0,0.0,1.0
各地,0.0,3.0,0.0,1.0
蜕变,0.0,9.0,0.0,1.0
纷纷,0.0,3.0,0.0,1.0
牵手,0.0,3.0,0.0,1.0
泰,0.0,3.0,0.0,1.0
国鹰,0.0,3.0,0.0,1.0
logo,0.0,3.0,0.0,1.0
认可度,0.0,3.0,0.0,1.0
额度,0.0,3.0,0.0,1.0
坚实基础,0.0,3.0,0.0,1.0
描述,0.0,3.0,0.0,1.0
264,0.0,3.0,0.0,1.0
技术,0.0,36.0,0.0,1.0
重要,0.0,3.0,0.0,1.0
重点,0.0,21.0,0.0,1.0
热爱生活,0.0,3.0,0.0,1.0
发言,0.0,6.0,0.0,1.0
#,0.0,18.0,0.0,1.0
长期,0.0,15.0,0.0,1.0
成效,0.0,3.0,0.0,1.0
17.81,0.0,3.0,0.0,1.0
WFF4VSOh0NrSFP9AvItF2NW8jtbQUDvvXefBx0HoI0IlYfaQmXA8gfhB6AaKYWwAZC3Gw,0.0,3.0,0.0,1.0
概念,0.0,12.0,0.0,1.0
逆势,0.0,3.0,0.0,1.0
补习班,3.0,0.0,1.0,0.0
同号,0.0,9.0,0.0,1.0
d496d9c7,0.0,3.0,0.0,1.0
安全,0.0,6.0,0.0,1.0
深度,0.0,3.0,0.0,1.0
行情,0.0,3.0,0.0,1.0
阻碍,0.0,3.0,0.0,1.0
yuqing,0.0,3.0,0.0,1.0
欧铁华,0.0,6.0,0.0,1.0
凭借,0.0,12.0,0.0,1.0
方向,0.0,9.0,0.0,1.0
老家,0.0,6.0,0.0,1.0
巴德,0.0,9.0,0.0,1.0
可信赖,0.0,3.0,0.0,1.0
管理,6.0,12.0,0.3333333333333333,0.6666666666666666
士,0.0,6.0,0.0,1.0
年轮,0.0,3.0,0.0,1.0
荣誉称号,0.0,15.0,0.0,1.0
规定,0.0,3.0,0.0,1.0
2,0.0,9.0,0.0,1.0
56.42,0.0,3.0,0.0,1.0
权益,0.0,12.0,0.0,1.0
459x0,0.0,3.0,0.0,1.0
良好,0.0,6.0,0.0,1.0
和平,0.0,6.0,0.0,1.0
进行,0.0,33.0,0.0,1.0
质押,0.0,21.0,0.0,1.0
稳定,0.0,3.0,0.0,1.0
答案,0.0,3.0,0.0,1.0
还,3.0,15.0,0.16666666666666666,0.8333333333333334
显示,0.0,27.0,0.0,1.0
img,0.0,9.0,0.0,1.0
船,0.0,3.0,0.0,1.0
0.8,0.0,3.0,0.0,1.0
心中,0.0,6.0,0.0,1.0
x9zmbMy6lS7lJTjsuUccjYsLCO4O7C1BcicjuiazIksq1ib7OHtQ18Im1kkfF6bsnt24eLYiatg,0.0,3.0,0.0,1.0
一系列,0.0,3.0,0.0,1.0
华润,0.0,3.0,0.0,1.0
令营,6.0,0.0,1.0,0.0
革新,0.0,3.0,0.0,1.0
合作者,0.0,3.0,0.0,1.0
涂刷,0.0,15.0,0.0,1.0
拉善,0.0,3.0,0.0,1.0
创新力,0.0,3.0,0.0,1.0
协顺,0.0,6.0,0.0,1.0
责任感,0.0,3.0,0.0,1.0
保本,0.0,3.0,0.0,1.0
人生,0.0,3.0,0.0,1.0
投,0.0,3.0,0.0,1.0
神舟,0.0,6.0,0.0,1.0
追求,0.0,6.0,0.0,1.0
属,0.0,3.0,0.0,1.0
花天,0.0,3.0,0.0,1.0
stcn,0.0,3.0,0.0,1.0
高低,0.0,3.0,0.0,1.0
盛大,0.0,3.0,0.0,1.0
全程,0.0,9.0,0.0,1.0
都市,0.0,6.0,0.0,1.0
文化,0.0,6.0,0.0,1.0
万股,0.0,18.0,0.0,1.0
漂在,0.0,3.0,0.0,1.0
初始,0.0,3.0,0.0,1.0
pngdata,0.0,3.0,0.0,1.0
业务培训,0.0,6.0,0.0,1.0
产权,0.0,3.0,0.0,1.0
18127987922,0.0,3.0,0.0,1.0
如此,0.0,3.0,0.0,1.0
人文,3.0,0.0,1.0,0.0
资深,0.0,3.0,0.0,1.0
墙清霾,0.0,3.0,0.0,1.0
莲池,0.0,3.0,0.0,1.0
数量,3.0,0.0,1.0,0.0
人为,0.0,3.0,0.0,1.0
成果,0.0,6.0,0.0,1.0
热议,0.0,3.0,0.0,1.0
主张,0.0,3.0,0.0,1.0
上升,0.0,9.0,0.0,1.0
房地产业,0.0,3.0,0.0,1.0
制订,0.0,3.0,0.0,1.0
反其道而行之,0.0,3.0,0.0,1.0
06,0.0,12.0,0.0,1.0
正式,0.0,3.0,0.0,1.0
借债,0.0,9.0,0.0,1.0
0.25,0.0,3.0,0.0,1.0
建有,0.0,3.0,0.0,1.0
纳米材料,0.0,3.0,0.0,1.0
异氰酸酯,0.0,3.0,0.0,1.0
400,0.0,9.0,0.0,1.0
47b0,0.0,3.0,0.0,1.0
28.7,0.0,3.0,0.0,1.0
巨石,0.0,9.0,0.0,1.0
占地面积,0.0,3.0,0.0,1.0
重工,0.0,3.0,0.0,1.0
主要,0.0,15.0,0.0,1.0
5.92,0.0,6.0,0.0,1.0
罩面,0.0,3.0,0.0,1.0
与此同时,0.0,3.0,0.0,1.0
一,9.0,18.0,0.3333333333333333,0.6666666666666666
公布,0.0,9.0,0.0,1.0
不了,0.0,3.0,0.0,1.0
服务网络,0.0,3.0,0.0,1.0
今年,0.0,36.0,0.0,1.0
注重,0.0,9.0,0.0,1.0
大会,0.0,3.0,0.0,1.0
记者,0.0,30.0,0.0,1.0
5000,0.0,9.0,0.0,1.0
较为,0.0,6.0,0.0,1.0
唤起,0.0,3.0,0.0,1.0
拍,0.0,8.0,0.0,1.0
再迎,0.0,6.0,0.0,1.0
赣锋,0.0,3.0,0.0,1.0
二度,0.0,6.0,0.0,1.0
全部,0.0,6.0,0.0,1.0
thsi,0.0,3.0,0.0,1.0
约,0.0,15.0,0.0,1.0
精工,0.0,6.0,0.0,1.0
碰撞,0.0,3.0,0.0,1.0
进一步提高,0.0,3.0,0.0,1.0
奥运会,0.0,3.0,0.0,1.0
侧,0.0,3.0,0.0,1.0
宝宝,0.0,3.0,0.0,1.0
达,0.0,6.0,0.0,1.0
上线,0.0,6.0,0.0,1.0
聘任,0.0,3.0,0.0,1.0
绝对,0.0,3.0,0.0,1.0
号,0.0,3.0,0.0,1.0
今时,0.0,3.0,0.0,1.0
东,0.0,3.0,0.0,1.0
不断,0.0,30.0,0.0,1.0
背后,0.0,9.0,0.0,1.0
竹炭,0.0,3.0,0.0,1.0
广告商,0.0,3.0,0.0,1.0
最新,0.0,9.0,0.0,1.0
可,0.0,15.0,0.0,1.0
审,0.0,3.0,0.0,1.0
应当,0.0,3.0,0.0,1.0
基于,0.0,12.0,0.0,1.0
荣获,0.0,9.0,0.0,1.0
一新,0.0,3.0,0.0,1.0
同时,0.0,24.0,0.0,1.0
男子,12.0,0.0,1.0,0.0
30,0.0,6.0,0.0,1.0
亲近,0.0,3.0,0.0,1.0
擦洗,0.0,3.0,0.0,1.0
在,9.0,264.0,0.03296703296703297,0.967032967032967
之路,0.0,3.0,0.0,1.0
活跃,0.0,6.0,0.0,1.0
98,0.0,3.0,0.0,1.0
十余年,0.0,3.0,0.0,1.0
马里,0.0,6.0,0.0,1.0
多元化,0.0,6.0,0.0,1.0
绥中,0.0,3.0,0.0,1.0
海洋,0.0,3.0,0.0,1.0
发声,0.0,3.0,0.0,1.0
夏,6.0,0.0,1.0,0.0
贷款,0.0,3.0,0.0,1.0
两款,0.0,12.0,0.0,1.0
数据,0.0,3.0,0.0,1.0
T,0.0,3.0,0.0,1.0
涿州,0.0,3.0,0.0,1.0
刷新,0.0,3.0,0.0,1.0
关怀,0.0,3.0,0.0,1.0
附赠,0.0,3.0,0.0,1.0
深刻,0.0,3.0,0.0,1.0
铝塑板,0.0,3.0,0.0,1.0
九牧,0.0,6.0,0.0,1.0
乳胶漆,0.0,12.0,0.0,1.0
高级,0.0,6.0,0.0,1.0
组成,0.0,3.0,0.0,1.0
认知,0.0,15.0,0.0,1.0
销售,0.0,27.0,0.0,1.0
打拼,0.0,3.0,0.0,1.0
结合,0.0,12.0,0.0,1.0
消息,0.0,3.0,0.0,1.0
22.27,0.0,9.0,0.0,1.0
强者,0.0,6.0,0.0,1.0
拓展,0.0,3.0,0.0,1.0
比重,0.0,3.0,0.0,1.0
名单,0.0,6.0,0.0,1.0
发布,0.0,33.0,0.0,1.0
雄心,0.0,3.0,0.0,1.0
资料,0.0,3.0,0.0,1.0
国标,0.0,6.0,0.0,1.0
随机,0.0,9.0,0.0,1.0
做到,0.0,3.0,0.0,1.0
位居,0.0,9.0,0.0,1.0
信念,0.0,3.0,0.0,1.0
蜿蜒,0.0,3.0,0.0,1.0
47.419,0.0,3.0,0.0,1.0
研究院,0.0,3.0,0.0,1.0
践行,0.0,6.0,0.0,1.0
口碑,0.0,3.0,0.0,1.0
大,0.0,9.0,0.0,1.0
抢食,0.0,3.0,0.0,1.0
亩,0.0,6.0,0.0,1.0
潜移默化,0.0,3.0,0.0,1.0
明天,0.0,9.0,0.0,1.0
26,0.0,12.0,0.0,1.0
价值观,0.0,3.0,0.0,1.0
103,0.0,3.0,0.0,1.0
之称,0.0,3.0,0.0,1.0
能量,0.0,6.0,0.0,1.0
植物,6.0,0.0,1.0,0.0
1.2,0.0,3.0,0.0,1.0
四成,0.0,3.0,0.0,1.0
排名,0.0,3.0,0.0,1.0
改性,0.0,6.0,0.0,1.0
联化,0.0,12.0,0.0,1.0
林艳芳,0.0,3.0,0.0,1.0
两倍,3.0,0.0,1.0,0.0
省份,0.0,3.0,0.0,1.0
总体,0.0,6.0,0.0,1.0
成本,0.0,6.0,0.0,1.0
LOGO,0.0,3.0,0.0,1.0
类,0.0,3.0,0.0,1.0
1.70,0.0,6.0,0.0,1.0
同意,0.0,3.0,0.0,1.0
最好,0.0,6.0,0.0,1.0
近,0.0,18.0,0.0,1.0
少点,0.0,3.0,0.0,1.0
img1,0.0,6.0,0.0,1.0
琉金,0.0,3.0,0.0,1.0
8.9,0.0,6.0,0.0,1.0
双方,0.0,6.0,0.0,1.0
聚焦,0.0,18.0,0.0,1.0
此前,0.0,3.0,0.0,1.0
家里,0.0,3.0,0.0,1.0
晚归,0.0,3.0,0.0,1.0
0.18,0.0,3.0,0.0,1.0
ssimg,0.0,9.0,0.0,1.0
这仅,0.0,3.0,0.0,1.0
渗透率,0.0,3.0,0.0,1.0
贡献,0.0,3.0,0.0,1.0
次,0.0,21.0,0.0,1.0
08d2439c,0.0,3.0,0.0,1.0
做大,0.0,3.0,0.0,1.0
享受,0.0,15.0,0.0,1.0
布局,0.0,15.0,0.0,1.0
今日,0.0,3.0,0.0,1.0
出现,0.0,3.0,0.0,1.0
质量奖,0.0,3.0,0.0,1.0
分期分批,0.0,3.0,0.0,1.0
file,0.0,9.0,0.0,1.0
苦情,0.0,3.0,0.0,1.0
大举,0.0,3.0,0.0,1.0
加强,0.0,3.0,0.0,1.0
结构性,0.0,3.0,0.0,1.0
让,0.0,75.0,0.0,1.0
SH,0.0,6.0,0.0,1.0
互动,0.0,15.0,0.0,1.0
看好,0.0,3.0,0.0,1.0
质保,0.0,3.0,0.0,1.0
影响力,0.0,42.0,0.0,1.0
人家,0.0,15.0,0.0,1.0
下跌,0.0,6.0,0.0,1.0
最大,0.0,15.0,0.0,1.0
批准,0.0,3.0,0.0,1.0
方式,0.0,9.0,0.0,1.0
海,0.0,3.0,0.0,1.0
设置,0.0,3.0,0.0,1.0
石材,0.0,6.0,0.0,1.0
50.06,0.0,9.0,0.0,1.0
三友,0.0,6.0,0.0,1.0
发展商,0.0,3.0,0.0,1.0
慈善,0.0,15.0,0.0,1.0
mmbiz,0.0,48.0,0.0,1.0
关注,0.0,15.0,0.0,1.0
壹府,0.0,3.0,0.0,1.0
召开,0.0,3.0,0.0,1.0
资源节约型,0.0,3.0,0.0,1.0
上下游,0.0,9.0,0.0,1.0
中信证券,0.0,9.0,0.0,1.0
中科院,0.0,12.0,0.0,1.0
提速,0.0,6.0,0.0,1.0
新规,0.0,6.0,0.0,1.0
借助,0.0,6.0,0.0,1.0
无毒,0.0,3.0,0.0,1.0
这一,0.0,12.0,0.0,1.0
而是,0.0,3.0,0.0,1.0
如今,0.0,3.0,0.0,1.0
标题,0.0,3.0,0.0,1.0
品牌战略,0.0,3.0,0.0,1.0
募集,0.0,30.0,0.0,1.0
强乡,0.0,3.0,0.0,1.0
指标,0.0,12.0,0.0,1.0
试生产,0.0,6.0,0.0,1.0
v0Y73AcDY0SueppcwhjD5dRoTJ5Pz3gzRE3PGTia3gu431utcDkicoKZkdls3wwjjGKMHibraIMEt8IQ,0.0,3.0,0.0,1.0
经销,0.0,3.0,0.0,1.0
跻身,0.0,3.0,0.0,1.0
各路,3.0,0.0,1.0,0.0
29.08,0.0,3.0,0.0,1.0
微降,0.0,3.0,0.0,1.0
7.2,0.0,6.0,0.0,1.0
日益增长,0.0,3.0,0.0,1.0
展现,0.0,3.0,0.0,1.0
受邀,0.0,6.0,0.0,1.0
翻,0.0,6.0,0.0,1.0
比上,0.0,9.0,0.0,1.0
自发,0.0,3.0,0.0,1.0
创新能力,0.0,3.0,0.0,1.0
融入,0.0,9.0,0.0,1.0
除了,0.0,6.0,0.0,1.0
事实上,0.0,3.0,0.0,1.0
周边,0.0,3.0,0.0,1.0
整合,0.0,3.0,0.0,1.0
鲜,0.0,6.0,0.0,1.0
住,0.0,51.0,0.0,1.0
共赢,0.0,9.0,0.0,1.0
4b2d,0.0,3.0,0.0,1.0
林德殿,0.0,6.0,0.0,1.0
至全,0.0,3.0,0.0,1.0
一跃,0.0,3.0,0.0,1.0
一季度,0.0,3.0,0.0,1.0
为仿,0.0,3.0,0.0,1.0
水性,0.0,27.0,0.0,1.0
玻纤,0.0,3.0,0.0,1.0
资本,0.0,15.0,0.0,1.0
轮,0.0,2.0,0.0,1.0
接受,0.0,3.0,0.0,1.0
股东,0.0,15.0,0.0,1.0
经,0.0,12.0,0.0,1.0
泰华,0.0,3.0,0.0,1.0
沧桑感,3.0,0.0,1.0,0.0
技术开发区,0.0,3.0,0.0,1.0
反射,0.0,6.0,0.0,1.0
28.28,0.0,6.0,0.0,1.0
jrjimg,0.0,3.0,0.0,1.0
泛,0.0,6.0,0.0,1.0
34,0.0,3.0,0.0,1.0
供应商,0.0,18.0,0.0,1.0
1498441419120692,0.0,3.0,0.0,1.0
网点,0.0,6.0,0.0,1.0
196,0.0,3.0,0.0,1.0
grab,0.0,6.0,0.0,1.0
......,6.0,0.0,1.0,0.0
净利,0.0,3.0,0.0,1.0
争执,0.0,15.0,0.0,1.0
应该,0.0,3.0,0.0,1.0
总局,0.0,3.0,0.0,1.0
元,0.0,11.0,0.0,1.0
640,0.0,12.0,0.0,1.0
守护,0.0,3.0,0.0,1.0
高分子,0.0,15.0,0.0,1.0
心灵,0.0,3.0,0.0,1.0
认知度,0.0,3.0,0.0,1.0
9.2,0.0,3.0,0.0,1.0
过程,0.0,24.0,0.0,1.0
积极参与,0.0,9.0,0.0,1.0
月份,0.0,9.0,0.0,1.0
鼎龙,0.0,3.0,0.0,1.0
到,0.0,45.0,0.0,1.0
力,0.0,3.0,0.0,1.0
流动资金,0.0,3.0,0.0,1.0
日止,0.0,3.0,0.0,1.0
竞争力,0.0,12.0,0.0,1.0
专利,0.0,12.0,0.0,1.0
疏水,0.0,3.0,0.0,1.0
街访,0.0,3.0,0.0,1.0
南翔,0.0,3.0,0.0,1.0
拥有,0.0,9.0,0.0,1.0
国泰,0.0,6.0,0.0,1.0
反映,0.0,3.0,0.0,1.0
7031,0.0,3.0,0.0,1.0
获得,0.0,27.0,0.0,1.0
恒升,0.0,9.0,0.0,1.0
苯系物,0.0,3.0,0.0,1.0
美,0.0,6.0,0.0,1.0
成为,0.0,24.0,0.0,1.0
超过,3.0,3.0,0.5,0.5
百家,0.0,3.0,0.0,1.0
工艺,0.0,3.0,0.0,1.0
109,0.0,3.0,0.0,1.0
补充,0.0,15.0,0.0,1.0
龙头,0.0,3.0,0.0,1.0
莆田,0.0,6.0,0.0,1.0
称,0.0,6.0,0.0,1.0
明城墙,1.0,0.0,1.0,0.0
27,0.0,12.0,0.0,1.0
历年,0.0,6.0,0.0,1.0
华中地区,0.0,3.0,0.0,1.0
所有,0.0,3.0,0.0,1.0
屡获,0.0,6.0,0.0,1.0
何以,0.0,3.0,0.0,1.0
公园,1.0,0.0,1.0,0.0
阳光,0.0,3.0,0.0,1.0
龙蟠,0.0,3.0,0.0,1.0
黄晓霞,0.0,3.0,0.0,1.0
请参阅,0.0,3.0,0.0,1.0
能,0.0,9.0,0.0,1.0
俘获,0.0,3.0,0.0,1.0
团队,0.0,3.0,0.0,1.0
历史,6.0,3.0,0.6666666666666666,0.3333333333333333
前后,0.0,3.0,0.0,1.0
申请,0.0,3.0,0.0,1.0
右手,0.0,6.0,0.0,1.0
和谐,0.0,9.0,0.0,1.0
一体化,0.0,15.0,0.0,1.0
多彩,0.0,3.0,0.0,1.0
属于,3.0,0.0,1.0,0.0
中,0.0,72.0,0.0,1.0
42.63,0.0,3.0,0.0,1.0
;,0.0,21.0,0.0,1.0
电影,0.0,12.0,0.0,1.0
影响,0.0,9.0,0.0,1.0
诗珑,0.0,6.0,0.0,1.0
当地,0.0,3.0,0.0,1.0
形象,0.0,9.0,0.0,1.0
实验室,0.0,15.0,0.0,1.0
在家,3.0,0.0,1.0,0.0
民品,0.0,3.0,0.0,1.0
高效,0.0,3.0,0.0,1.0
GB,0.0,3.0,0.0,1.0
携手,0.0,6.0,0.0,1.0
得益于,0.0,3.0,0.0,1.0
服务商,0.0,12.0,0.0,1.0
惠达,0.0,6.0,0.0,1.0
证监会,0.0,3.0,0.0,1.0
入选,0.0,21.0,0.0,1.0
教授,0.0,9.0,0.0,1.0
中有,0.0,6.0,0.0,1.0
很强,0.0,3.0,0.0,1.0
传为佳话,0.0,3.0,0.0,1.0
能耗,0.0,6.0,0.0,1.0
福建,0.0,6.0,0.0,1.0
持续,0.0,39.0,0.0,1.0
同居一室,3.0,0.0,1.0,0.0
《,9.0,45.0,0.16666666666666666,0.8333333333333334
国泰君安,0.0,6.0,0.0,1.0
游,0.0,18.0,0.0,1.0
88800,0.0,5.0,0.0,1.0
首选,0.0,3.0,0.0,1.0
梦,0.0,9.0,0.0,1.0
姿态,0.0,6.0,0.0,1.0
又,0.0,18.0,0.0,1.0
别墅,0.0,18.0,0.0,1.0
行业,0.0,84.0,0.0,1.0
分别,0.0,48.0,0.0,1.0
里,0.0,3.0,0.0,1.0
未来,0.0,24.0,0.0,1.0
jykx,0.0,18.0,0.0,1.0
办理,0.0,3.0,0.0,1.0
明星,0.0,3.0,0.0,1.0
总,0.0,24.0,0.0,1.0
颜世龙,0.0,3.0,0.0,1.0
单厂,0.0,3.0,0.0,1.0
148.65,0.0,24.0,0.0,1.0
<,0.0,75.0,0.0,1.0
交易,0.0,9.0,0.0,1.0
快速,0.0,6.0,0.0,1.0
地产,0.0,3.0,0.0,1.0
地理信息,3.0,0.0,1.0,0.0
Signeo,0.0,3.0,0.0,1.0
心目,0.0,3.0,0.0,1.0
郁亮,0.0,9.0,0.0,1.0
写下,0.0,3.0,0.0,1.0
28.68,0.0,3.0,0.0,1.0
项目,0.0,90.0,0.0,1.0
上能,0.0,3.0,0.0,1.0
巍巍,0.0,3.0,0.0,1.0
有些,0.0,3.0,0.0,1.0
联合,0.0,3.0,0.0,1.0
居住,0.0,3.0,0.0,1.0
技术顾问,0.0,6.0,0.0,1.0
国内,0.0,18.0,0.0,1.0
角度,0.0,3.0,0.0,1.0
一座,3.0,0.0,1.0,0.0
kIl5eZibK4v0xJGvLoYI2Vjv1cNqmhtMZrNA4zOEAspibqICXOpMjLFlWvmcdiaewjcpjHaD5eCdFZCOed6nJX18Q,0.0,3.0,0.0,1.0
家乡,0.0,3.0,0.0,1.0
业绩,0.0,12.0,0.0,1.0
合格品,0.0,6.0,0.0,1.0
广告牌,0.0,3.0,0.0,1.0
脸盆,3.0,0.0,1.0,0.0
阅读数,0.0,3.0,0.0,1.0
预期,0.0,6.0,0.0,1.0
操办,0.0,3.0,0.0,1.0
骥,0.0,15.0,0.0,1.0
比率,0.0,3.0,0.0,1.0
只,3.0,0.0,1.0,0.0
决策,0.0,6.0,0.0,1.0
?,0.0,81.0,0.0,1.0
迅猛发展,0.0,6.0,0.0,1.0
所在,0.0,6.0,0.0,1.0
半年,0.0,9.0,0.0,1.0
com,0.0,45.0,0.0,1.0
品赫美乐,0.0,6.0,0.0,1.0
全民,0.0,3.0,0.0,1.0
院士,0.0,12.0,0.0,1.0
相关,0.0,21.0,0.0,1.0
印象,0.0,3.0,0.0,1.0
悬念,0.0,3.0,0.0,1.0
人声,0.0,3.0,0.0,1.0
2019,0.0,3.0,0.0,1.0
体系,0.0,9.0,0.0,1.0
登陆,0.0,9.0,0.0,1.0
交由,0.0,3.0,0.0,1.0
雄厚,0.0,6.0,0.0,1.0
TOP200,0.0,3.0,0.0,1.0
云南,0.0,3.0,0.0,1.0
ST,0.0,3.0,0.0,1.0
构建,0.0,12.0,0.0,1.0
小觑,0.0,3.0,0.0,1.0
第十一次,0.0,15.0,0.0,1.0
pic430,0.0,3.0,0.0,1.0
很多,0.0,3.0,0.0,1.0
正丹,0.0,12.0,0.0,1.0
第七次,0.0,9.0,0.0,1.0
紫荆花,0.0,9.0,0.0,1.0
第一,0.0,3.0,0.0,1.0
贾珊珊,0.0,3.0,0.0,1.0
棵,3.0,9.0,0.25,0.75
首倡,0.0,3.0,0.0,1.0
青少年,6.0,0.0,1.0,0.0
入驻,3.0,6.0,0.3333333333333333,0.6666666666666666
化合物,0.0,3.0,0.0,1.0
很,0.0,3.0,0.0,1.0
注册资本,0.0,3.0,0.0,1.0
格局,0.0,3.0,0.0,1.0
首付,3.0,0.0,1.0,0.0
其他,0.0,6.0,0.0,1.0
华彩,0.0,21.0,0.0,1.0
开发,0.0,18.0,0.0,1.0
针对,0.0,6.0,0.0,1.0
宣导,0.0,3.0,0.0,1.0
60.00,0.0,3.0,0.0,1.0
石天,0.0,3.0,0.0,1.0
问候,0.0,3.0,0.0,1.0
哪些,0.0,3.0,0.0,1.0
在外,0.0,3.0,0.0,1.0
种下,0.0,3.0,0.0,1.0
放松,0.0,3.0,0.0,1.0
装饰,0.0,9.0,0.0,1.0
走,0.0,12.0,0.0,1.0
洗刷,0.0,9.0,0.0,1.0
举措,0.0,6.0,0.0,1.0
标称,0.0,3.0,0.0,1.0
体现,0.0,3.0,0.0,1.0
赶走,0.0,3.0,0.0,1.0
迈进,0.0,6.0,0.0,1.0
给予,0.0,6.0,0.0,1.0
20170615,0.0,6.0,0.0,1.0
网,0.0,6.0,0.0,1.0
盛况,0.0,3.0,0.0,1.0
自,0.0,48.0,0.0,1.0
资金量,0.0,3.0,0.0,1.0
习惯,0.0,3.0,0.0,1.0
光催化,0.0,6.0,0.0,1.0
立足,0.0,3.0,0.0,1.0
毛利率,0.0,6.0,0.0,1.0
07,3.0,3.0,0.5,0.5
博大,0.0,3.0,0.0,1.0
整个,0.0,6.0,0.0,1.0
万,0.0,12.0,0.0,1.0
稳定增长,0.0,3.0,0.0,1.0
心,0.0,3.0,0.0,1.0
24,0.0,6.0,0.0,1.0
旁,3.0,0.0,1.0,0.0
安心,0.0,6.0,0.0,1.0
9606,0.0,3.0,0.0,1.0
呈现出,0.0,3.0,0.0,1.0
准确,0.0,3.0,0.0,1.0
颗粒,0.0,6.0,0.0,1.0
人民币,0.0,9.0,0.0,1.0
营业,0.0,9.0,0.0,1.0
跨入,0.0,6.0,0.0,1.0
保荐,0.0,18.0,0.0,1.0
聚氨酯,0.0,3.0,0.0,1.0
高层,0.0,6.0,0.0,1.0
金融,0.0,3.0,0.0,1.0
全方位,0.0,3.0,0.0,1.0
初,0.0,3.0,0.0,1.0
坚持,0.0,33.0,0.0,1.0
报国,0.0,3.0,0.0,1.0
主流,0.0,3.0,0.0,1.0
积极,0.0,6.0,0.0,1.0
现金管理,0.0,3.0,0.0,1.0
纪要,0.0,3.0,0.0,1.0
中消协,0.0,9.0,0.0,1.0
短期,0.0,3.0,0.0,1.0
主办,0.0,9.0,0.0,1.0
聘请,0.0,9.0,0.0,1.0
加大,0.0,3.0,0.0,1.0
接,0.0,3.0,0.0,1.0
厦门大学,0.0,6.0,0.0,1.0
涞水,0.0,3.0,0.0,1.0
真石漆,0.0,9.0,0.0,1.0
环保型,0.0,3.0,0.0,1.0
决心,0.0,3.0,0.0,1.0
目前,0.0,24.0,0.0,1.0
SRC,0.0,78.0,0.0,1.0
回购,0.0,6.0,0.0,1.0
硕果累累,0.0,6.0,0.0,1.0
2017,3.0,132.0,0.022222222222222223,0.9777777777777777
California,0.0,6.0,0.0,1.0
产业链,0.0,3.0,0.0,1.0
黄琨,0.0,3.0,0.0,1.0
今年初,0.0,3.0,0.0,1.0
实地,0.0,3.0,0.0,1.0
合作伙伴,0.0,24.0,0.0,1.0
40.08,0.0,3.0,0.0,1.0
七号,0.0,3.0,0.0,1.0
；,0.0,63.0,0.0,1.0
经常,0.0,3.0,0.0,1.0
增加,0.0,12.0,0.0,1.0
17,0.0,6.0,0.0,1.0
恒泰月悦季,0.0,3.0,0.0,1.0
难题,0.0,15.0,0.0,1.0
使用,0.0,27.0,0.0,1.0
讨论,0.0,12.0,0.0,1.0
归属,0.0,3.0,0.0,1.0
指派,0.0,3.0,0.0,1.0
进步,0.0,3.0,0.0,1.0
大大,0.0,3.0,0.0,1.0
充分发挥,0.0,3.0,0.0,1.0
消费,0.0,6.0,0.0,1.0
china,0.0,21.0,0.0,1.0
票据,0.0,3.0,0.0,1.0
之一,0.0,9.0,0.0,1.0
改革,0.0,3.0,0.0,1.0
),0.0,48.0,0.0,1.0
平日,0.0,3.0,0.0,1.0
结束,0.0,3.0,0.0,1.0
即将,0.0,3.0,0.0,1.0
家居,0.0,6.0,0.0,1.0
梭梭,0.0,12.0,0.0,1.0
回家,0.0,42.0,0.0,1.0
净,0.0,3.0,0.0,1.0
追梦,0.0,3.0,0.0,1.0
解决方案,0.0,3.0,0.0,1.0
看,0.0,3.0,0.0,1.0
营收,0.0,6.0,0.0,1.0
落实,0.0,3.0,0.0,1.0
05,0.0,9.0,0.0,1.0
生产性,0.0,12.0,0.0,1.0
倍,0.0,9.0,0.0,1.0
第二,0.0,3.0,0.0,1.0
周期性,0.0,3.0,0.0,1.0
观点,0.0,9.0,0.0,1.0
Sig,0.0,3.0,0.0,1.0
培训,6.0,0.0,1.0,0.0
院校,0.0,3.0,0.0,1.0
粗略,0.0,3.0,0.0,1.0
产业园,0.0,9.0,0.0,1.0
路,0.0,18.0,0.0,1.0
遭疑,0.0,6.0,0.0,1.0
青山绿水,0.0,3.0,0.0,1.0
速度,0.0,9.0,0.0,1.0
精进,0.0,6.0,0.0,1.0
第七届,0.0,6.0,0.0,1.0
2008,0.0,6.0,0.0,1.0
飚,0.0,3.0,0.0,1.0
建材,0.0,6.0,0.0,1.0
积累,0.0,3.0,0.0,1.0
表现出色,0.0,3.0,0.0,1.0
同样,0.0,3.0,0.0,1.0
最,0.0,9.0,0.0,1.0
40.80,0.0,3.0,0.0,1.0
把,0.0,18.0,0.0,1.0
洁净,0.0,3.0,0.0,1.0
至今,0.0,3.0,0.0,1.0
受益者,0.0,3.0,0.0,1.0
董事局,0.0,3.0,0.0,1.0
蓄能,0.0,3.0,0.0,1.0
仍旧,0.0,3.0,0.0,1.0
http,0.0,81.0,0.0,1.0
基金会,0.0,3.0,0.0,1.0
要求,0.0,9.0,0.0,1.0
一次,0.0,6.0,0.0,1.0
位,0.0,6.0,0.0,1.0
12.9,3.0,0.0,1.0,0.0
经营报,0.0,3.0,0.0,1.0
报告,0.0,12.0,0.0,1.0
转型,0.0,27.0,0.0,1.0
最差,0.0,3.0,0.0,1.0
一站式,0.0,21.0,0.0,1.0
门槛,0.0,3.0,0.0,1.0
回,0.0,12.0,0.0,1.0
宿州,0.0,3.0,0.0,1.0
万棵,0.0,3.0,0.0,1.0
上年,0.0,6.0,0.0,1.0
a8ed61bdf8c3,0.0,3.0,0.0,1.0
无形资产,0.0,3.0,0.0,1.0
意识,0.0,3.0,0.0,1.0
进取,0.0,3.0,0.0,1.0
一场,0.0,3.0,0.0,1.0
517,0.0,21.0,0.0,1.0
工程,0.0,54.0,0.0,1.0
LDCS1GqlOEm7U0gOv5HHib8CUs0fnnoLYAyNicwoGerzqFIuuyEMZN2kkrPe6XEhK6iahY4Vg,0.0,3.0,0.0,1.0
合成,0.0,3.0,0.0,1.0
15,0.0,12.0,0.0,1.0
2007,0.0,9.0,0.0,1.0
亿,0.0,3.0,0.0,1.0
剥离,0.0,3.0,0.0,1.0
国家级,0.0,6.0,0.0,1.0
分厂,0.0,3.0,0.0,1.0
热度,0.0,6.0,0.0,1.0
注意力,0.0,3.0,0.0,1.0
进入,0.0,3.0,0.0,1.0
漆节,0.0,27.0,0.0,1.0
恒泰,0.0,27.0,0.0,1.0
监测,0.0,6.0,0.0,1.0
不懈,0.0,6.0,0.0,1.0
质检,0.0,3.0,0.0,1.0
留言,0.0,3.0,0.0,1.0
年产,0.0,9.0,0.0,1.0
一家,0.0,6.0,0.0,1.0
冬,6.0,0.0,1.0,0.0
左右,0.0,3.0,0.0,1.0
扣非,0.0,3.0,0.0,1.0
居,0.0,6.0,0.0,1.0
奖于,0.0,3.0,0.0,1.0
理财,0.0,12.0,0.0,1.0
董事长,0.0,18.0,0.0,1.0
海等,0.0,3.0,0.0,1.0
代表,0.0,6.0,0.0,1.0
层峰,0.0,3.0,0.0,1.0
较差,0.0,15.0,0.0,1.0
普通,0.0,6.0,0.0,1.0
以来,0.0,39.0,0.0,1.0
订单,0.0,6.0,0.0,1.0
圆梦,0.0,3.0,0.0,1.0
二级,3.0,0.0,1.0,0.0
000,0.0,3.0,0.0,1.0
为期,0.0,3.0,0.0,1.0
71.00,0.0,3.0,0.0,1.0
财报,0.0,3.0,0.0,1.0
立邦,0.0,39.0,0.0,1.0
首次,0.0,12.0,0.0,1.0
内,1.0,24.0,0.04,0.96
喜讯,0.0,12.0,0.0,1.0
展播,0.0,3.0,0.0,1.0
爱丽净,0.0,6.0,0.0,1.0
不再,0.0,3.0,0.0,1.0
海利,0.0,6.0,0.0,1.0
内功,0.0,3.0,0.0,1.0
【,0.0,54.0,0.0,1.0
企业,12.0,156.0,0.07142857142857142,0.9285714285714286
金麻,0.0,3.0,0.0,1.0
第一位,0.0,3.0,0.0,1.0
再,0.0,6.0,0.0,1.0
华南,0.0,3.0,0.0,1.0
保持,0.0,3.0,0.0,1.0
315x0,0.0,3.0,0.0,1.0
保障,0.0,3.0,0.0,1.0
有望,0.0,6.0,0.0,1.0
化学,0.0,9.0,0.0,1.0
才能,0.0,6.0,0.0,1.0
反复,0.0,3.0,0.0,1.0
雨虹,0.0,3.0,0.0,1.0
氟碳,0.0,3.0,0.0,1.0
江化微,0.0,3.0,0.0,1.0
594cd5edcc0b6,0.0,3.0,0.0,1.0
作为,0.0,51.0,0.0,1.0
有序,0.0,3.0,0.0,1.0
董事会,0.0,3.0,0.0,1.0
衍生,0.0,3.0,0.0,1.0
砍,9.0,0.0,1.0,0.0
榜,0.0,6.0,0.0,1.0
竞争,0.0,6.0,0.0,1.0
连续,0.0,18.0,0.0,1.0
截至,0.0,3.0,0.0,1.0
主辅,0.0,6.0,0.0,1.0
变化,0.0,6.0,0.0,1.0
温情,0.0,3.0,0.0,1.0
左手,0.0,6.0,0.0,1.0
去,0.0,9.0,0.0,1.0
已经,0.0,18.0,0.0,1.0
行为,0.0,6.0,0.0,1.0
低碳,0.0,6.0,0.0,1.0
表现,0.0,6.0,0.0,1.0
米易,9.0,0.0,1.0,0.0
持有,0.0,15.0,0.0,1.0
2.5,0.0,3.0,0.0,1.0
0.3,0.0,9.0,0.0,1.0
不久,0.0,6.0,0.0,1.0
势,3.0,0.0,1.0,0.0
非法,3.0,0.0,1.0,0.0
公告,0.0,42.0,0.0,1.0
诉求,0.0,3.0,0.0,1.0
非常重视,0.0,3.0,0.0,1.0
花岗岩,0.0,3.0,0.0,1.0
2003,0.0,12.0,0.0,1.0
装修,0.0,39.0,0.0,1.0
父,0.0,3.0,0.0,1.0
供给,0.0,3.0,0.0,1.0
做,0.0,27.0,0.0,1.0
募资,0.0,9.0,0.0,1.0
ueditor,0.0,3.0,0.0,1.0
采用,0.0,3.0,0.0,1.0
占营收,0.0,3.0,0.0,1.0
一亿,0.0,9.0,0.0,1.0
金力,0.0,3.0,0.0,1.0
代言人,0.0,9.0,0.0,1.0
要素,0.0,6.0,0.0,1.0
满足,0.0,6.0,0.0,1.0
兴发,0.0,3.0,0.0,1.0
隆重,0.0,3.0,0.0,1.0
黑马,0.0,6.0,0.0,1.0
变动,0.0,3.0,0.0,1.0
信息化,0.0,3.0,0.0,1.0
发布会,0.0,9.0,0.0,1.0
将来,0.0,6.0,0.0,1.0
可能,0.0,3.0,0.0,1.0
折,0.0,3.0,0.0,1.0
性,0.0,18.0,0.0,1.0
有机,0.0,3.0,0.0,1.0
五路,0.0,3.0,0.0,1.0
满城,0.0,3.0,0.0,1.0
SEE,0.0,18.0,0.0,1.0
稀缺,3.0,0.0,1.0,0.0
7000,0.0,3.0,0.0,1.0
k,0.0,3.0,0.0,1.0
根据,0.0,9.0,0.0,1.0
单车,0.0,3.0,0.0,1.0
升级,0.0,15.0,0.0,1.0
万润,0.0,6.0,0.0,1.0
度过,3.0,0.0,1.0,0.0
了解,0.0,27.0,0.0,1.0
应收,0.0,3.0,0.0,1.0
地价,0.0,3.0,0.0,1.0
推广,0.0,12.0,0.0,1.0
大都,0.0,3.0,0.0,1.0
年收入,0.0,3.0,0.0,1.0
满意,0.0,12.0,0.0,1.0
24.32,0.0,3.0,0.0,1.0
ad9576536ecf,0.0,3.0,0.0,1.0
房企,0.0,9.0,0.0,1.0
董事,0.0,6.0,0.0,1.0
扩大,0.0,3.0,0.0,1.0
园区,0.0,9.0,0.0,1.0
快车道,0.0,3.0,0.0,1.0
接下来,0.0,3.0,0.0,1.0
更新,0.0,3.0,0.0,1.0
全国,0.0,24.0,0.0,1.0
晚间,0.0,12.0,0.0,1.0
名,0.0,27.0,0.0,1.0
升,0.0,3.0,0.0,1.0
扶正,1.0,0.0,1.0,0.0
绳索,1.0,0.0,1.0,0.0
亲力亲为,0.0,3.0,0.0,1.0
初心,0.0,3.0,0.0,1.0
伟星,0.0,3.0,0.0,1.0
洗脸,3.0,0.0,1.0,0.0
第三季,0.0,6.0,0.0,1.0
颁奖,0.0,3.0,0.0,1.0
登,0.0,6.0,0.0,1.0
副,0.0,3.0,0.0,1.0
达成,0.0,6.0,0.0,1.0
航天,0.0,3.0,0.0,1.0
奋斗,0.0,3.0,0.0,1.0
万起,3.0,0.0,1.0,0.0
分销,0.0,3.0,0.0,1.0
训练,6.0,0.0,1.0,0.0
走心,0.0,3.0,0.0,1.0
商业中心,3.0,0.0,1.0,0.0
522,0.0,3.0,0.0,1.0
供应,0.0,6.0,0.0,1.0
修房子,6.0,0.0,1.0,0.0
一等品,0.0,3.0,0.0,1.0
最高,0.0,6.0,0.0,1.0
展开,0.0,3.0,0.0,1.0
游客,0.0,3.0,0.0,1.0
基因,0.0,3.0,0.0,1.0
e,0.0,3.0,0.0,1.0
这声,0.0,3.0,0.0,1.0
投入,0.0,45.0,0.0,1.0
律师,0.0,3.0,0.0,1.0
比较,0.0,15.0,0.0,1.0
天人合一,0.0,3.0,0.0,1.0
紧紧围绕,0.0,3.0,0.0,1.0
专卖店,0.0,3.0,0.0,1.0
业内人士,0.0,3.0,0.0,1.0
净味,0.0,18.0,0.0,1.0
激烈,0.0,3.0,0.0,1.0
关键,0.0,3.0,0.0,1.0
直接,0.0,12.0,0.0,1.0
归属感,0.0,3.0,0.0,1.0
点击,0.0,3.0,0.0,1.0
389x0,0.0,3.0,0.0,1.0
标志,3.0,12.0,0.2,0.8
万吨,0.0,9.0,0.0,1.0
趋弱,0.0,3.0,0.0,1.0
www,0.0,12.0,0.0,1.0
6.3,0.0,3.0,0.0,1.0
项目名称,0.0,3.0,0.0,1.0
沉静,3.0,0.0,1.0,0.0
游子,0.0,6.0,0.0,1.0
更多更好,0.0,3.0,0.0,1.0
配套,0.0,15.0,0.0,1.0
顾问,0.0,3.0,0.0,1.0
跌幅,0.0,6.0,0.0,1.0
想,0.0,3.0,0.0,1.0
有多火,0.0,3.0,0.0,1.0
当红,3.0,0.0,1.0,0.0
统计,0.0,3.0,0.0,1.0
共同,0.0,15.0,0.0,1.0
制造业,0.0,3.0,0.0,1.0
Zv5yzAPWa5gKZ0aoxP0ZWVR1TCu8WxtIfYrUk1DW9pS1onUFIZr17PdZYwGJllVemv84DvY77g,0.0,3.0,0.0,1.0
内墙漆,0.0,12.0,0.0,1.0
为了,3.0,3.0,0.5,0.5
实际上,0.0,3.0,0.0,1.0
顺利,0.0,3.0,0.0,1.0
广发,0.0,3.0,0.0,1.0
市场,0.0,78.0,0.0,1.0
装,0.0,6.0,0.0,1.0
问题,0.0,6.0,0.0,1.0
清流,0.0,3.0,0.0,1.0
追击,0.0,3.0,0.0,1.0
涂装,0.0,63.0,0.0,1.0
高达,0.0,6.0,0.0,1.0
实现,0.0,42.0,0.0,1.0
契约,0.0,6.0,0.0,1.0
目标,0.0,9.0,0.0,1.0
荔枝林,0.0,6.0,0.0,1.0
分题,0.0,12.0,0.0,1.0
并,0.0,63.0,0.0,1.0
用,1.0,33.0,0.029411764705882353,0.9705882352941176
期至,0.0,3.0,0.0,1.0
+,0.0,75.0,0.0,1.0
a5ca,0.0,3.0,0.0,1.0
随,0.0,3.0,0.0,1.0
环境,0.0,6.0,0.0,1.0
公式,0.0,3.0,0.0,1.0
来宾,0.0,3.0,0.0,1.0
香港,0.0,3.0,0.0,1.0
放量,0.0,6.0,0.0,1.0
分子,0.0,3.0,0.0,1.0
游离,0.0,6.0,0.0,1.0
苯,0.0,3.0,0.0,1.0
aaae,0.0,3.0,0.0,1.0
河南,0.0,9.0,0.0,1.0
发明专利,0.0,6.0,0.0,1.0
作品,0.0,6.0,0.0,1.0
自主,0.0,6.0,0.0,1.0
·,6.0,6.0,0.5,0.5
净利润,0.0,12.0,0.0,1.0
农村,0.0,9.0,0.0,1.0
走出,0.0,9.0,0.0,1.0
|,0.0,6.0,0.0,1.0
哥本哈根大学,0.0,3.0,0.0,1.0
信号,0.0,3.0,0.0,1.0
不变,0.0,3.0,0.0,1.0
制备,0.0,9.0,0.0,1.0
长沙,0.0,3.0,0.0,1.0
告知,0.0,3.0,0.0,1.0
痛点,0.0,9.0,0.0,1.0
这个,6.0,6.0,0.5,0.5
供应链,0.0,15.0,0.0,1.0
共创,0.0,9.0,0.0,1.0
原有,0.0,3.0,0.0,1.0
29,0.0,6.0,0.0,1.0
最快,0.0,3.0,0.0,1.0
直接对话,0.0,3.0,0.0,1.0
整体,0.0,42.0,0.0,1.0
常态,0.0,3.0,0.0,1.0
共享,0.0,6.0,0.0,1.0
围绕,0.0,6.0,0.0,1.0
执著,0.0,3.0,0.0,1.0
旅行,0.0,3.0,0.0,1.0
确保,0.0,3.0,0.0,1.0
开展,0.0,6.0,0.0,1.0
隆重举行,0.0,3.0,0.0,1.0
易,0.0,3.0,0.0,1.0
应用,0.0,24.0,0.0,1.0
新建,0.0,6.0,0.0,1.0
大多数,0.0,6.0,0.0,1.0
不小,0.0,3.0,0.0,1.0
依赖,0.0,3.0,0.0,1.0
水平,0.0,3.0,0.0,1.0
全面,0.0,9.0,0.0,1.0
硅,0.0,6.0,0.0,1.0
前列,0.0,3.0,0.0,1.0
精准,0.0,3.0,0.0,1.0
含,0.0,6.0,0.0,1.0
年,0.0,186.0,0.0,1.0
见证,0.0,6.0,0.0,1.0
家庭,0.0,24.0,0.0,1.0
嘉宝莉,0.0,18.0,0.0,1.0
增进,0.0,3.0,0.0,1.0
美誉度,0.0,3.0,0.0,1.0
吨,0.0,6.0,0.0,1.0
上交所,0.0,12.0,0.0,1.0
/,0.0,558.0,0.0,1.0
很大,0.0,3.0,0.0,1.0
健康,0.0,297.0,0.0,1.0
室内,0.0,6.0,0.0,1.0
肯定,0.0,9.0,0.0,1.0
记载,3.0,3.0,0.5,0.5
寻求,0.0,9.0,0.0,1.0
王家,0.0,15.0,0.0,1.0
较大,0.0,15.0,0.0,1.0
人才,0.0,6.0,0.0,1.0
基调,0.0,3.0,0.0,1.0
每周,0.0,6.0,0.0,1.0
造福,0.0,3.0,0.0,1.0
曝光,0.0,3.0,0.0,1.0
有形资产,0.0,3.0,0.0,1.0
',0.0,18.0,0.0,1.0
扩张,0.0,3.0,0.0,1.0
性是,0.0,3.0,0.0,1.0
从而,0.0,3.0,0.0,1.0
累计,0.0,6.0,0.0,1.0
亦,0.0,6.0,0.0,1.0
简介,0.0,3.0,0.0,1.0
继,0.0,6.0,0.0,1.0
40.42,0.0,3.0,0.0,1.0
榜单,0.0,21.0,0.0,1.0
华鲁,0.0,15.0,0.0,1.0
无文,3.0,0.0,1.0,0.0
荣登,0.0,15.0,0.0,1.0
创业,0.0,3.0,0.0,1.0
媒体,0.0,9.0,0.0,1.0
施工,0.0,15.0,0.0,1.0
坚毅,0.0,6.0,0.0,1.0
树脂,0.0,9.0,0.0,1.0
小作坊,0.0,3.0,0.0,1.0
总面积,0.0,3.0,0.0,1.0
引爆,0.0,3.0,0.0,1.0
梦想,0.0,6.0,0.0,1.0
29FM910,3.0,0.0,1.0,0.0
这是,0.0,3.0,0.0,1.0
福斯特,0.0,6.0,0.0,1.0
气味,0.0,3.0,0.0,1.0
资质,0.0,6.0,0.0,1.0
推出,0.0,15.0,0.0,1.0
首发,0.0,9.0,0.0,1.0
底线,0.0,3.0,0.0,1.0
富亚,0.0,27.0,0.0,1.0
抓到,0.0,3.0,0.0,1.0
由,0.0,27.0,0.0,1.0
童军,6.0,0.0,1.0,0.0
替代,0.0,12.0,0.0,1.0
造节,0.0,3.0,0.0,1.0
文案,0.0,3.0,0.0,1.0
着,0.0,27.0,0.0,1.0
抱团,0.0,3.0,0.0,1.0
师傅,0.0,9.0,0.0,1.0
群体,0.0,3.0,0.0,1.0
唐山,0.0,3.0,0.0,1.0
0.5,0.0,6.0,0.0,1.0
H5,0.0,6.0,0.0,1.0
用于,0.0,12.0,0.0,1.0
拖鞋,3.0,0.0,1.0,0.0
5224b2e2ac82,0.0,3.0,0.0,1.0
北京,1.0,18.0,0.05263157894736842,0.9473684210526315
3,3.0,27.0,0.1,0.9
明显,0.0,12.0,0.0,1.0
起来,0.0,6.0,0.0,1.0
价格上涨,0.0,3.0,0.0,1.0
余额,0.0,3.0,0.0,1.0
好,3.0,3.0,0.5,0.5
对于,0.0,12.0,0.0,1.0
0.0,0.0,36.0,0.0,1.0
净额,0.0,3.0,0.0,1.0
4697,0.0,3.0,0.0,1.0
财务,0.0,6.0,0.0,1.0
羽化,0.0,9.0,0.0,1.0
纯,0.0,6.0,0.0,1.0
基础,0.0,9.0,0.0,1.0
履行,0.0,3.0,0.0,1.0
从此,0.0,3.0,0.0,1.0
控制,0.0,9.0,0.0,1.0
合格,0.0,6.0,0.0,1.0
可见,0.0,3.0,0.0,1.0
重大项目,0.0,3.0,0.0,1.0
市政府,0.0,3.0,0.0,1.0
对话,0.0,3.0,0.0,1.0
搭载,0.0,3.0,0.0,1.0
再现,0.0,3.0,0.0,1.0
面临,0.0,6.0,0.0,1.0
结果,6.0,3.0,0.6666666666666666,0.3333333333333333
队伍,0.0,3.0,0.0,1.0
涂企,0.0,6.0,0.0,1.0
主板,0.0,3.0,0.0,1.0
面对,0.0,12.0,0.0,1.0
chinahqjjw,0.0,9.0,0.0,1.0
利菲诺,0.0,6.0,0.0,1.0
基地,0.0,12.0,0.0,1.0
促进,0.0,6.0,0.0,1.0
不能,3.0,3.0,0.5,0.5
所说,0.0,3.0,0.0,1.0
负,0.0,3.0,0.0,1.0
组合,0.0,6.0,0.0,1.0
不论是,0.0,3.0,0.0,1.0
东营,0.0,18.0,0.0,1.0
科研,0.0,9.0,0.0,1.0
2ZB4m1lvR4trQ6LnmAVxPgSCEJVGnE4ueH9vczFlc3d96RovZN9MOejeKbCdicLqGiaK9DMQUniaQ6pa2dy2PnuAg,0.0,3.0,0.0,1.0
讯,0.0,3.0,0.0,1.0
印,0.0,3.0,0.0,1.0
鸟声,0.0,3.0,0.0,1.0
墙面漆,0.0,30.0,0.0,1.0
外,0.0,6.0,0.0,1.0
119,0.0,6.0,0.0,1.0
遍布,0.0,3.0,0.0,1.0
具有,0.0,6.0,0.0,1.0
注意,0.0,15.0,0.0,1.0
互动式,0.0,3.0,0.0,1.0
1000,0.0,3.0,0.0,1.0
释放,0.0,3.0,0.0,1.0
截止,0.0,9.0,0.0,1.0
瓷砖,0.0,3.0,0.0,1.0
前三甲,0.0,6.0,0.0,1.0
上述,0.0,6.0,0.0,1.0
微博,0.0,9.0,0.0,1.0
身份,0.0,6.0,0.0,1.0
先,0.0,3.0,0.0,1.0
直观,0.0,3.0,0.0,1.0
面积,0.0,9.0,0.0,1.0
审核,0.0,3.0,0.0,1.0
进新家,0.0,3.0,0.0,1.0
红,6.0,0.0,1.0,0.0
开拓,0.0,9.0,0.0,1.0
百年,0.0,3.0,0.0,1.0
a5ce,0.0,3.0,0.0,1.0
特色,0.0,9.0,0.0,1.0
年底,0.0,6.0,0.0,1.0
取得,0.0,3.0,0.0,1.0
新闻,0.0,3.0,0.0,1.0
2009,0.0,3.0,0.0,1.0
不会,6.0,3.0,0.6666666666666666,0.3333333333333333
107,0.0,2.0,0.0,1.0
场景,0.0,3.0,0.0,1.0
始终,0.0,18.0,0.0,1.0
科研机构,0.0,3.0,0.0,1.0
将会,0.0,3.0,0.0,1.0
捐赠,0.0,6.0,0.0,1.0
斩获,0.0,9.0,0.0,1.0
九华山,0.0,3.0,0.0,1.0
辐射,0.0,3.0,0.0,1.0
(,0.0,45.0,0.0,1.0
海报,0.0,3.0,0.0,1.0
每年,0.0,9.0,0.0,1.0
涨,0.0,3.0,0.0,1.0
扩建,0.0,15.0,0.0,1.0
光荣,0.0,3.0,0.0,1.0
中国消费者协会,0.0,9.0,0.0,1.0
旅游,9.0,0.0,1.0,0.0
聚首,0.0,3.0,0.0,1.0
涉及,0.0,6.0,0.0,1.0
早,0.0,9.0,0.0,1.0
信心,0.0,3.0,0.0,1.0
芒市,3.0,0.0,1.0,0.0
覆盖率,0.0,3.0,0.0,1.0
card,0.0,3.0,0.0,1.0
每个,0.0,3.0,0.0,1.0
陶瓷砖,0.0,6.0,0.0,1.0
树,1.0,3.0,0.25,0.75
IMAGE,0.0,75.0,0.0,1.0
18520161281,0.0,3.0,0.0,1.0
拿,0.0,9.0,0.0,1.0
上市,0.0,45.0,0.0,1.0
马拉松,0.0,3.0,0.0,1.0
随着,0.0,3.0,0.0,1.0
A股,0.0,27.0,0.0,1.0
同年,0.0,3.0,0.0,1.0
顶尖,0.0,3.0,0.0,1.0
主料,0.0,3.0,0.0,1.0
印证,0.0,3.0,0.0,1.0
结局,0.0,3.0,0.0,1.0
跃居,0.0,3.0,0.0,1.0
neo,0.0,3.0,0.0,1.0
型,0.0,21.0,0.0,1.0
一贯,0.0,6.0,0.0,1.0
获奖,0.0,12.0,0.0,1.0
研究,0.0,15.0,0.0,1.0
分享,0.0,3.0,0.0,1.0
决定,0.0,3.0,0.0,1.0
链绿,0.0,6.0,0.0,1.0
推荐,0.0,12.0,0.0,1.0
党,0.0,3.0,0.0,1.0
硕士,0.0,3.0,0.0,1.0
网络,0.0,6.0,0.0,1.0
基点,0.0,6.0,0.0,1.0
9756,0.0,3.0,0.0,1.0
青睐,0.0,9.0,0.0,1.0
一位,0.0,3.0,0.0,1.0
所,0.0,12.0,0.0,1.0
书写,0.0,6.0,0.0,1.0
情绪,0.0,3.0,0.0,1.0
夜晚,0.0,3.0,0.0,1.0
陈雁冰,0.0,3.0,0.0,1.0
使命,0.0,9.0,0.0,1.0
见闻,0.0,3.0,0.0,1.0
13,0.0,15.0,0.0,1.0
加快,0.0,9.0,0.0,1.0
中国式,0.0,3.0,0.0,1.0
微,0.0,15.0,0.0,1.0
近年来,0.0,3.0,0.0,1.0
更好,0.0,9.0,0.0,1.0
智造,0.0,3.0,0.0,1.0
优势,0.0,15.0,0.0,1.0
表示,0.0,24.0,0.0,1.0
上,0.0,57.0,0.0,1.0
一份,3.0,3.0,0.5,0.5
有个,0.0,3.0,0.0,1.0
成立,0.0,30.0,0.0,1.0
想起,0.0,3.0,0.0,1.0
广州,0.0,3.0,0.0,1.0
称号,0.0,6.0,0.0,1.0
大多,0.0,3.0,0.0,1.0
现场,0.0,3.0,0.0,1.0
优秀,0.0,18.0,0.0,1.0
干净,3.0,0.0,1.0,0.0
五棵松,3.0,0.0,1.0,0.0
协助,0.0,3.0,0.0,1.0
粘性,0.0,3.0,0.0,1.0
证券,0.0,12.0,0.0,1.0
路上,0.0,3.0,0.0,1.0
差,0.0,3.0,0.0,1.0
承诺,0.0,6.0,0.0,1.0
严峻,0.0,3.0,0.0,1.0
植入,0.0,3.0,0.0,1.0
特别,0.0,6.0,0.0,1.0
暨,0.0,6.0,0.0,1.0
甚,0.0,3.0,0.0,1.0
研发,0.0,72.0,0.0,1.0
bTwyoLx9QQxj4zs5K92G7Rz6KddLvXt2b5T7LOicP8WDSBxn0842PvsjCkWeFeVGfzHPT9votW6lUS6QA,0.0,3.0,0.0,1.0
坚实,0.0,3.0,0.0,1.0
PIGROL,0.0,6.0,0.0,1.0
恒,0.0,12.0,0.0,1.0
呈现,0.0,9.0,0.0,1.0
0.40,0.0,3.0,0.0,1.0
融资,0.0,3.0,0.0,1.0
之前,0.0,3.0,0.0,1.0
设计,0.0,3.0,0.0,1.0
换手率,0.0,6.0,0.0,1.0
要,0.0,6.0,0.0,1.0
举办,0.0,15.0,0.0,1.0
首家,0.0,12.0,0.0,1.0
抗衡,0.0,3.0,0.0,1.0
性达,0.0,3.0,0.0,1.0
起始,0.0,3.0,0.0,1.0
太空,0.0,3.0,0.0,1.0
均,0.0,6.0,0.0,1.0
泰达,0.0,3.0,0.0,1.0
濮阳,0.0,9.0,0.0,1.0
等,0.0,87.0,0.0,1.0
大力推广,0.0,3.0,0.0,1.0
市场占有率,0.0,18.0,0.0,1.0
成功,0.0,8.0,0.0,1.0
A,0.0,3.0,0.0,1.0
特种,0.0,9.0,0.0,1.0
20170523,0.0,3.0,0.0,1.0
电商,0.0,3.0,0.0,1.0
天下,0.0,3.0,0.0,1.0
制高点,0.0,6.0,0.0,1.0
专注,0.0,12.0,0.0,1.0
耐,0.0,15.0,0.0,1.0
去年初,0.0,3.0,0.0,1.0
1.3,0.0,6.0,0.0,1.0
74.77,0.0,3.0,0.0,1.0
旺角,6.0,0.0,1.0,0.0
洪杰,0.0,30.0,0.0,1.0
转变,0.0,12.0,0.0,1.0
－,0.0,3.0,0.0,1.0
300,0.0,6.0,0.0,1.0
木器漆,0.0,6.0,0.0,1.0
实在,0.0,3.0,0.0,1.0
提供,0.0,6.0,0.0,1.0
同行,0.0,3.0,0.0,1.0
％,0.0,9.0,0.0,1.0
0.15,0.0,3.0,0.0,1.0
申报,0.0,3.0,0.0,1.0
栋,0.0,3.0,0.0,1.0
程序,0.0,3.0,0.0,1.0
不忘,0.0,3.0,0.0,1.0
一路,0.0,6.0,0.0,1.0
赎回,0.0,3.0,0.0,1.0
67,0.0,3.0,0.0,1.0
广告节,0.0,3.0,0.0,1.0
那些,0.0,3.0,0.0,1.0
盛会,0.0,18.0,0.0,1.0
能力,0.0,12.0,0.0,1.0
一道,0.0,9.0,0.0,1.0
椿树,6.0,0.0,1.0,0.0
零距离,0.0,3.0,0.0,1.0
一条,0.0,6.0,0.0,1.0
竣工,0.0,3.0,0.0,1.0
尚未,0.0,6.0,0.0,1.0
策略,0.0,3.0,0.0,1.0
耐洗刷,0.0,21.0,0.0,1.0
路线,0.0,3.0,0.0,1.0
股票,0.0,9.0,0.0,1.0
系列产品,0.0,9.0,0.0,1.0
福州大学,0.0,6.0,0.0,1.0
教育,15.0,0.0,1.0,0.0
荣盛,0.0,3.0,0.0,1.0
汽车,6.0,0.0,1.0,0.0
设备,0.0,3.0,0.0,1.0
利用,0.0,6.0,0.0,1.0
主,0.0,3.0,0.0,1.0
鲍雁辛,0.0,3.0,0.0,1.0
一年,0.0,9.0,0.0,1.0
浙江,0.0,3.0,0.0,1.0
制定,0.0,3.0,0.0,1.0
服务项目,0.0,3.0,0.0,1.0
大理石,0.0,3.0,0.0,1.0
证券时报,0.0,6.0,0.0,1.0
提出,0.0,9.0,0.0,1.0
甲醛,0.0,6.0,0.0,1.0
才,3.0,3.0,0.5,0.5
以,0.0,86.0,0.0,1.0
引发,0.0,6.0,0.0,1.0
三棵树,37.0,971.0,0.03670634920634921,0.9632936507936508
去年同期,0.0,3.0,0.0,1.0
知道,0.0,3.0,0.0,1.0
唯一,0.0,12.0,0.0,1.0
99.46,0.0,3.0,0.0,1.0
工作,0.0,9.0,0.0,1.0
存在,0.0,3.0,0.0,1.0
江西,0.0,3.0,0.0,1.0
上市公司,0.0,27.0,0.0,1.0
按照,0.0,3.0,0.0,1.0
9,0.0,6.0,0.0,1.0
认同,0.0,3.0,0.0,1.0
重要性,0.0,3.0,0.0,1.0
wx,0.0,66.0,0.0,1.0
活动,15.0,33.0,0.3125,0.6875
稳健,0.0,3.0,0.0,1.0
会议,0.0,6.0,0.0,1.0
褒奖,0.0,3.0,0.0,1.0
b1f5,0.0,3.0,0.0,1.0
d,0.0,9.0,0.0,1.0
违法,0.0,3.0,0.0,1.0
购买,0.0,33.0,0.0,1.0
交汇,0.0,3.0,0.0,1.0
kIl5eZibK4v32dpxekGvRP4fMW,0.0,3.0,0.0,1.0
夏令营,12.0,0.0,1.0,0.0
电站,0.0,3.0,0.0,1.0
机会,3.0,0.0,1.0,0.0
强调,0.0,3.0,0.0,1.0
同期,0.0,3.0,0.0,1.0
感动,0.0,3.0,0.0,1.0
法律,0.0,3.0,0.0,1.0
送,0.0,12.0,0.0,1.0
20170627,0.0,6.0,0.0,1.0
公益活动,0.0,3.0,0.0,1.0
固克,0.0,3.0,0.0,1.0
购齐,0.0,3.0,0.0,1.0
理念,0.0,24.0,0.0,1.0
高举,0.0,3.0,0.0,1.0
总营,0.0,3.0,0.0,1.0
上涨,0.0,18.0,0.0,1.0
是,9.0,108.0,0.07692307692307693,0.9230769230769231
造价,0.0,3.0,0.0,1.0
4605,0.0,3.0,0.0,1.0
迎接,0.0,3.0,0.0,1.0
倍数,0.0,3.0,0.0,1.0
代表人,0.0,18.0,0.0,1.0
爱意,0.0,3.0,0.0,1.0
11e5413a,0.0,3.0,0.0,1.0
本省,0.0,3.0,0.0,1.0
授权,0.0,9.0,0.0,1.0
40,0.0,3.0,0.0,1.0
北京公交,0.0,3.0,0.0,1.0
因,0.0,9.0,0.0,1.0
yuncii,0.0,3.0,0.0,1.0
缔造,0.0,3.0,0.0,1.0
42.85,0.0,3.0,0.0,1.0
差异,0.0,3.0,0.0,1.0
销售收入,0.0,9.0,0.0,1.0
规模,0.0,6.0,0.0,1.0
自建房,0.0,18.0,0.0,1.0
>,0.0,111.0,0.0,1.0
家装,0.0,27.0,0.0,1.0
规划,0.0,3.0,0.0,1.0
商铺,6.0,0.0,1.0,0.0
2015,0.0,15.0,0.0,1.0
img03,0.0,3.0,0.0,1.0
入住,0.0,3.0,0.0,1.0
天猫,0.0,6.0,0.0,1.0
处于,0.0,9.0,0.0,1.0
消费者,0.0,105.0,0.0,1.0
做出,0.0,6.0,0.0,1.0
产生,0.0,3.0,0.0,1.0
信同,0.0,3.0,0.0,1.0
融合,0.0,3.0,0.0,1.0
或是,0.0,3.0,0.0,1.0
个人简历,0.0,3.0,0.0,1.0
通过,0.0,57.0,0.0,1.0
损害,0.0,3.0,0.0,1.0
时间,0.0,6.0,0.0,1.0
200,0.0,3.0,0.0,1.0
中粮,0.0,12.0,0.0,1.0
方面,0.0,18.0,0.0,1.0
utuku,0.0,18.0,0.0,1.0
舒展,0.0,3.0,0.0,1.0
驱动,0.0,3.0,0.0,1.0
产品开发,0.0,6.0,0.0,1.0
603638,0.0,3.0,0.0,1.0
jpg,0.0,54.0,0.0,1.0
257x0,0.0,3.0,0.0,1.0
LDCS1GqlOEm7U0gOo3WJQic4nqKPUmdlhExWicSNVN16x8zXnUyBofs1YicxCIFFaGzazrxOA,0.0,3.0,0.0,1.0
最具,0.0,48.0,0.0,1.0
经营,0.0,18.0,0.0,1.0
第五届,0.0,6.0,0.0,1.0
天德,0.0,3.0,0.0,1.0
接近,0.0,3.0,0.0,1.0
个别,0.0,3.0,0.0,1.0
银行,0.0,9.0,0.0,1.0
无人机,0.0,3.0,0.0,1.0
346x0,0.0,3.0,0.0,1.0
岁月,0.0,3.0,0.0,1.0
被,1.0,18.0,0.05263157894736842,0.9473684210526315
产品品质,0.0,3.0,0.0,1.0
地,0.0,12.0,0.0,1.0
先行者,0.0,15.0,0.0,1.0
相比,0.0,3.0,0.0,1.0
不谋而合,0.0,3.0,0.0,1.0
部门,0.0,3.0,0.0,1.0
万平方米,0.0,3.0,0.0,1.0
间,0.0,3.0,0.0,1.0
呈报,0.0,3.0,0.0,1.0
排行榜,0.0,12.0,0.0,1.0
3.35,0.0,3.0,0.0,1.0
自我,0.0,3.0,0.0,1.0
第三位,0.0,3.0,0.0,1.0
20,0.0,39.0,0.0,1.0
必然,0.0,6.0,0.0,1.0
日前,0.0,3.0,0.0,1.0
身边,0.0,3.0,0.0,1.0
比,0.0,6.0,0.0,1.0
集中区,0.0,6.0,0.0,1.0
达到,0.0,12.0,0.0,1.0
金淼,0.0,3.0,0.0,1.0
生产,0.0,39.0,0.0,1.0
有限公司,0.0,57.0,0.0,1.0
改善,0.0,6.0,0.0,1.0
　,0.0,702.0,0.0,1.0
品牌价值,0.0,39.0,0.0,1.0
抱,0.0,3.0,0.0,1.0
亚士,0.0,27.0,0.0,1.0
!,0.0,15.0,0.0,1.0
高新区,0.0,3.0,0.0,1.0
受理,0.0,3.0,0.0,1.0
该,3.0,18.0,0.14285714285714285,0.8571428571428571
重点保护,3.0,0.0,1.0,0.0
停歇,0.0,3.0,0.0,1.0
蝉联,0.0,6.0,0.0,1.0
个,0.0,30.0,0.0,1.0
士等,0.0,3.0,0.0,1.0
img02,0.0,3.0,0.0,1.0
用地,0.0,6.0,0.0,1.0
抢占,0.0,3.0,0.0,1.0
威胁,0.0,3.0,0.0,1.0
支持,0.0,3.0,0.0,1.0
流通股,0.0,3.0,0.0,1.0
地区,0.0,6.0,0.0,1.0
国家,6.0,18.0,0.25,0.75
DOf81ZQ0FWFF4VSOh0NrSFP9Hb5JEkO4skFrrggnbH4AzajvqSZjibM5iaCnwcDBVH9leuNeKMQia7fHg,0.0,3.0,0.0,1.0
睡觉,3.0,0.0,1.0,0.0
哪想,3.0,0.0,1.0,0.0
指,0.0,3.0,0.0,1.0
288x0,0.0,3.0,0.0,1.0
地名,6.0,0.0,1.0,0.0
集团,0.0,57.0,0.0,1.0
科技部,0.0,3.0,0.0,1.0
行列,0.0,3.0,0.0,1.0
关于,0.0,3.0,0.0,1.0
再度,0.0,6.0,0.0,1.0
打动,0.0,6.0,0.0,1.0
2ZB4m1lvR4ul7UFoLVQaKfMFdHXf3oiamER3fjnTSn64ccxN8CZt,0.0,3.0,0.0,1.0
评估,0.0,3.0,0.0,1.0
三条,0.0,3.0,0.0,1.0
oUasbnGoS6VlJRL0PkJeibdAhpoY1g43ZsHw147BdRlCnSLpQBrhfUxegYZr0TOru0E036x56GYv16JVv4uPfTg,0.0,3.0,0.0,1.0
爆料,0.0,3.0,0.0,1.0
质感,0.0,15.0,0.0,1.0
4,0.0,9.0,0.0,1.0
发现,0.0,6.0,0.0,1.0
4.8,0.0,6.0,0.0,1.0
不仅,3.0,24.0,0.1111111111111111,0.8888888888888888
VOC,0.0,6.0,0.0,1.0
1.30,0.0,3.0,0.0,1.0
公告日,0.0,3.0,0.0,1.0
特殊,0.0,6.0,0.0,1.0
态势,0.0,6.0,0.0,1.0
只有,0.0,9.0,0.0,1.0
据悉,0.0,12.0,0.0,1.0
更是,3.0,15.0,0.16666666666666666,0.8333333333333334
财经,0.0,3.0,0.0,1.0
注册,0.0,6.0,0.0,1.0
回复,0.0,3.0,0.0,1.0
说,0.0,3.0,0.0,1.0
总体目标,0.0,3.0,0.0,1.0
世博会,0.0,3.0,0.0,1.0
纳米,0.0,6.0,0.0,1.0
aI8CPG4ESFnaSDltIIYSiaZZQtISiaSQExhXwvAiatLKcHug3FQuzj0ia3icxdQI8f5DH3TsJrQ,0.0,3.0,0.0,1.0
易县,0.0,3.0,0.0,1.0
实力,0.0,36.0,0.0,1.0
oUasbnGoS6XCrka9uV4hJZKBDXL3IBLhHatgxlh4WSLYZrMlJRLzOL1tW4rFYMTLAU3ibnmqTumGW4p2B8EXWYg,0.0,3.0,0.0,1.0
装修工,0.0,3.0,0.0,1.0
三度,0.0,3.0,0.0,1.0
发来,0.0,3.0,0.0,1.0
国人,0.0,3.0,0.0,1.0
题,0.0,3.0,0.0,1.0
长青,0.0,3.0,0.0,1.0
资源,0.0,6.0,0.0,1.0
之后,0.0,24.0,0.0,1.0
查看,0.0,3.0,0.0,1.0
穿越,0.0,3.0,0.0,1.0
创办,0.0,3.0,0.0,1.0
强化,0.0,3.0,0.0,1.0
违规,0.0,3.0,0.0,1.0
自然,0.0,21.0,0.0,1.0
强度,0.0,6.0,0.0,1.0
吸引,0.0,3.0,0.0,1.0
个股,0.0,12.0,0.0,1.0
聚合,0.0,12.0,0.0,1.0
倡导,0.0,18.0,0.0,1.0
科技,0.0,33.0,0.0,1.0
爆,0.0,3.0,0.0,1.0
特种兵,6.0,0.0,1.0,0.0
仅为,0.0,3.0,0.0,1.0
208,0.0,3.0,0.0,1.0
的确,0.0,3.0,0.0,1.0
主体,0.0,3.0,0.0,1.0
机构,0.0,6.0,0.0,1.0
兴虎,0.0,3.0,0.0,1.0
销售额,0.0,9.0,0.0,1.0
编织,0.0,3.0,0.0,1.0
氟碳漆,0.0,6.0,0.0,1.0
证券网,0.0,3.0,0.0,1.0
全用,0.0,3.0,0.0,1.0
道,0.0,9.0,0.0,1.0
正如,0.0,3.0,0.0,1.0
为主,0.0,3.0,0.0,1.0
投资性,0.0,3.0,0.0,1.0
施工人员,0.0,3.0,0.0,1.0
而且,0.0,3.0,0.0,1.0
平台,0.0,12.0,0.0,1.0
建设,0.0,18.0,0.0,1.0
%,0.0,180.0,0.0,1.0
桐昆,0.0,3.0,0.0,1.0
领跑者,0.0,6.0,0.0,1.0
惠成,0.0,9.0,0.0,1.0
签署,0.0,6.0,0.0,1.0
更加,0.0,15.0,0.0,1.0
隔热,0.0,9.0,0.0,1.0
计划,0.0,18.0,0.0,1.0
国际,0.0,12.0,0.0,1.0
记忆,3.0,0.0,1.0,0.0
发展趋势,0.0,3.0,0.0,1.0
新,0.0,57.0,0.0,1.0
挥发性,0.0,3.0,0.0,1.0
顾问团,0.0,6.0,0.0,1.0
今后,0.0,3.0,0.0,1.0
极致,0.0,9.0,0.0,1.0
系列,0.0,6.0,0.0,1.0
研制,0.0,6.0,0.0,1.0
首创,0.0,6.0,0.0,1.0
在于,0.0,3.0,0.0,1.0
148,0.0,6.0,0.0,1.0
（,6.0,141.0,0.04081632653061224,0.9591836734693877
墙面,0.0,12.0,0.0,1.0
更,0.0,57.0,0.0,1.0
折射出,0.0,3.0,0.0,1.0
举行,0.0,6.0,0.0,1.0
1,0.0,21.0,0.0,1.0
中化,0.0,3.0,0.0,1.0
主任,0.0,3.0,0.0,1.0
十大,0.0,12.0,0.0,1.0
足迹,3.0,0.0,1.0,0.0
以及,0.0,6.0,0.0,1.0
募,0.0,3.0,0.0,1.0
7766,0.0,3.0,0.0,1.0
人们,0.0,6.0,0.0,1.0
破损,0.0,6.0,0.0,1.0
写字楼,0.0,3.0,0.0,1.0
食品级,0.0,3.0,0.0,1.0
材料,0.0,9.0,0.0,1.0
杰,0.0,6.0,0.0,1.0
第,0.0,3.0,0.0,1.0
蹲点,0.0,3.0,0.0,1.0
本次,0.0,24.0,0.0,1.0
漆创,0.0,3.0,0.0,1.0
将,1.0,72.0,0.0136986301369863,0.9863013698630136
日常,0.0,3.0,0.0,1.0
为,9.0,150.0,0.05660377358490566,0.9433962264150944
小时,0.0,3.0,0.0,1.0
公司,0.0,99.0,0.0,1.0
实效,0.0,3.0,0.0,1.0
城,0.0,3.0,0.0,1.0
排名第,0.0,3.0,0.0,1.0
发审委,0.0,3.0,0.0,1.0
理财产品,0.0,21.0,0.0,1.0
出来,0.0,6.0,0.0,1.0
购回,0.0,3.0,0.0,1.0
触犯,3.0,0.0,1.0,0.0
秀,0.0,3.0,0.0,1.0
导致,0.0,3.0,0.0,1.0
论坛,0.0,12.0,0.0,1.0
高层住宅,0.0,3.0,0.0,1.0
功能,0.0,9.0,0.0,1.0
新城,0.0,3.0,0.0,1.0
发邮件,0.0,3.0,0.0,1.0
呈,0.0,3.0,0.0,1.0
们,0.0,12.0,0.0,1.0
涨涨,0.0,3.0,0.0,1.0
-,6.0,144.0,0.04,0.96
蛋糕,0.0,3.0,0.0,1.0
周末,6.0,0.0,1.0,0.0
度,0.0,3.0,0.0,1.0
最能,0.0,3.0,0.0,1.0
首要,0.0,3.0,0.0,1.0
合成树脂,0.0,3.0,0.0,1.0
美誉,0.0,3.0,0.0,1.0
省,0.0,3.0,0.0,1.0
心智,0.0,3.0,0.0,1.0
日后,0.0,3.0,0.0,1.0
参展,0.0,6.0,0.0,1.0
各项,0.0,3.0,0.0,1.0
议价,0.0,3.0,0.0,1.0
h5,0.0,3.0,0.0,1.0
想到,0.0,3.0,0.0,1.0
到期,0.0,3.0,0.0,1.0
许多,0.0,3.0,0.0,1.0
