日,117.0,21.0,0.8478260869565217,0.15217391304347827
生活区,0.0,6.0,0.0,1.0
广大,6.0,3.0,0.6666666666666666,0.3333333333333333
历程,3.0,0.0,1.0,0.0
股东权益,3.0,0.0,1.0,0.0
至,21.0,6.0,0.7777777777777778,0.2222222222222222
交警,0.0,9.0,0.0,1.0
Ａ,0.0,3.0,0.0,1.0
里程碑式,3.0,0.0,1.0,0.0
完成,54.0,0.0,1.0,0.0
同一,0.0,3.0,0.0,1.0
缺陷,15.0,0.0,1.0,0.0
易筋经,3.0,0.0,1.0,0.0
同比,0.0,3.0,0.0,1.0
独家,6.0,0.0,1.0,0.0
策,0.0,3.0,0.0,1.0
总收入,21.0,0.0,1.0,0.0
经济运行,3.0,0.0,1.0,0.0
进出口额,3.0,0.0,1.0,0.0
执惠,3.0,0.0,1.0,0.0
促使,0.0,3.0,0.0,1.0
妮维雅,0.0,3.0,0.0,1.0
行政,3.0,0.0,1.0,0.0
储油,3.0,0.0,1.0,0.0
半个,3.0,0.0,1.0,0.0
Group,3.0,0.0,1.0,0.0
0,99.0,0.0,1.0,0.0
张伟,18.0,0.0,1.0,0.0
码头,12.0,0.0,1.0,0.0
派出所,3.0,0.0,1.0,0.0
双赢,9.0,0.0,1.0,0.0
945,3.0,0.0,1.0,0.0
客观情况,3.0,0.0,1.0,0.0
挪威,3.0,0.0,1.0,0.0
管理工作,6.0,0.0,1.0,0.0
国际贸易中心,3.0,0.0,1.0,0.0
最多,6.0,0.0,1.0,0.0
一线,0.0,3.0,0.0,1.0
Maritime,12.0,0.0,1.0,0.0
综合性,3.0,3.0,0.5,0.5
聂凯,3.0,0.0,1.0,0.0
示范作用,0.0,3.0,0.0,1.0
标准,6.0,0.0,1.0,0.0
案例,3.0,0.0,1.0,0.0
浪潮,3.0,0.0,1.0,0.0
解正林,3.0,0.0,1.0,0.0
员工,3.0,3.0,0.5,0.5
市场主体,6.0,3.0,0.6666666666666666,0.3333333333333333
利益,3.0,0.0,1.0,0.0
106,3.0,0.0,1.0,0.0
串起,3.0,0.0,1.0,0.0
SEM,3.0,0.0,1.0,0.0
最后,6.0,3.0,0.6666666666666666,0.3333333333333333
坚持,12.0,0.0,1.0,0.0
喜庆,6.0,0.0,1.0,0.0
警示,3.0,0.0,1.0,0.0
历时,3.0,0.0,1.0,0.0
993,6.0,0.0,1.0,0.0
防务,6.0,0.0,1.0,0.0
总队,0.0,9.0,0.0,1.0
地方,3.0,0.0,1.0,0.0
用途,6.0,0.0,1.0,0.0
附近,3.0,0.0,1.0,0.0
股份,30.0,24.0,0.5555555555555556,0.4444444444444444
由此,3.0,0.0,1.0,0.0
出,12.0,3.0,0.8,0.2
总包,3.0,0.0,1.0,0.0
抢夺,3.0,0.0,1.0,0.0
来自,3.0,3.0,0.5,0.5
建成,6.0,0.0,1.0,0.0
纽卡斯尔,3.0,0.0,1.0,0.0
三板,3.0,0.0,1.0,0.0
培育,9.0,0.0,1.0,0.0
抓手,3.0,0.0,1.0,0.0
赖晓宜,3.0,0.0,1.0,0.0
乐山,0.0,6.0,0.0,1.0
费用,6.0,0.0,1.0,0.0
步伐,6.0,3.0,0.6666666666666666,0.3333333333333333
常设,0.0,3.0,0.0,1.0
长三角,0.0,3.0,0.0,1.0
年末,39.0,0.0,1.0,0.0
框架,3.0,0.0,1.0,0.0
获批,3.0,0.0,1.0,0.0
邀请,3.0,0.0,1.0,0.0
56,3.0,0.0,1.0,0.0
如数家珍,3.0,0.0,1.0,0.0
代为,0.0,3.0,0.0,1.0
118,12.0,0.0,1.0,0.0
鑫,3.0,0.0,1.0,0.0
拆,3.0,0.0,1.0,0.0
png,18.0,0.0,1.0,0.0
礼炮,9.0,0.0,1.0,0.0
会上,6.0,0.0,1.0,0.0
499,3.0,0.0,1.0,0.0
还有,6.0,6.0,0.5,0.5
统一规划,0.0,3.0,0.0,1.0
】,123.0,24.0,0.8367346938775511,0.16326530612244897
Oceanbulk,15.0,0.0,1.0,0.0
积极响应,3.0,0.0,1.0,0.0
不到,0.0,6.0,0.0,1.0
Hv0mDbbb0bPtl6HbY9QI54JBXt4hrlryCBY68b98gjjM6dTzS3ibUvyFLge1bCY1jvuk2LHYg,3.0,0.0,1.0,0.0
当时,6.0,0.0,1.0,0.0
康沈路,3.0,0.0,1.0,0.0
欧莱雅,0.0,6.0,0.0,1.0
广,9.0,0.0,1.0,0.0
气体,3.0,0.0,1.0,0.0
造船厂,18.0,0.0,1.0,0.0
+,15.0,0.0,1.0,0.0
运,3.0,0.0,1.0,0.0
第二天,3.0,0.0,1.0,0.0
中远,105.0,0.0,1.0,0.0
祝愿,3.0,0.0,1.0,0.0
带来,3.0,0.0,1.0,0.0
精度,12.0,0.0,1.0,0.0
传统,3.0,0.0,1.0,0.0
副董事长,9.0,0.0,1.0,0.0
涨幅,0.0,30.0,0.0,1.0
布置,3.0,0.0,1.0,0.0
资金,3.0,3.0,0.5,0.5
宣读,3.0,0.0,1.0,0.0
消息,0.0,9.0,0.0,1.0
提质,18.0,0.0,1.0,0.0
都,0.0,12.0,0.0,1.0
散货船,123.0,0.0,1.0,0.0
如何,9.0,0.0,1.0,0.0
治理,0.0,3.0,0.0,1.0
设立,6.0,3.0,0.6666666666666666,0.3333333333333333
行业协会,6.0,9.0,0.4,0.6
73,3.0,0.0,1.0,0.0
集装箱船,27.0,0.0,1.0,0.0
编号,0.0,6.0,0.0,1.0
涨停板,0.0,3.0,0.0,1.0
穿梭,3.0,0.0,1.0,0.0
政府,15.0,3.0,0.8333333333333334,0.16666666666666666
船东,42.0,0.0,1.0,0.0
机遇,3.0,0.0,1.0,0.0
raised,3.0,0.0,1.0,0.0
中新网,3.0,0.0,1.0,0.0
购物,3.0,0.0,1.0,0.0
上层建筑,3.0,0.0,1.0,0.0
举办,3.0,0.0,1.0,0.0
按,9.0,0.0,1.0,0.0
yd7l401EkN5NibMQEC9h70Ijks9w4jXRTRFMia2U9Pi,3.0,0.0,1.0,0.0
分局,0.0,6.0,0.0,1.0
早餐,3.0,0.0,1.0,0.0
周密,12.0,0.0,1.0,0.0
开通,15.0,0.0,1.0,0.0
增长,9.0,0.0,1.0,0.0
第七代,3.0,0.0,1.0,0.0
符合,21.0,3.0,0.875,0.125
同步,6.0,3.0,0.6666666666666666,0.3333333333333333
签约,15.0,0.0,1.0,0.0
中国,135.0,27.0,0.8333333333333334,0.16666666666666666
谈及,3.0,0.0,1.0,0.0
5A,3.0,0.0,1.0,0.0
the,3.0,0.0,1.0,0.0
船移,3.0,0.0,1.0,0.0
海事局,12.0,0.0,1.0,0.0
厅,3.0,0.0,1.0,0.0
永达,3.0,0.0,1.0,0.0
肩负着,3.0,0.0,1.0,0.0
大力支持,0.0,3.0,0.0,1.0
意味着,3.0,0.0,1.0,0.0
m,3.0,0.0,1.0,0.0
入手,3.0,0.0,1.0,0.0
独特,6.0,0.0,1.0,0.0
仓库,0.0,6.0,0.0,1.0
H1396,21.0,0.0,1.0,0.0
节奏,3.0,0.0,1.0,0.0
豪华,18.0,0.0,1.0,0.0
开发区,0.0,3.0,0.0,1.0
咨询,9.0,3.0,0.75,0.25
涵盖,3.0,9.0,0.25,0.75
承接,18.0,0.0,1.0,0.0
接下来,3.0,0.0,1.0,0.0
升,3.0,0.0,1.0,0.0
我国,3.0,0.0,1.0,0.0
AUcDJXrRqPZBxToCibiaHNHvp4nMyzicdAZ2zEf2hAk3oLscFlvXKRZIby2gQ,3.0,0.0,1.0,0.0
馆,42.0,27.0,0.6086956521739131,0.391304347826087
长期投资,0.0,3.0,0.0,1.0
开班,3.0,0.0,1.0,0.0
一天,3.0,0.0,1.0,0.0
自由贸易区,3.0,0.0,1.0,0.0
拓展,15.0,9.0,0.625,0.375
庄家,3.0,0.0,1.0,0.0
股权,12.0,9.0,0.5714285714285714,0.42857142857142855
1990,0.0,3.0,0.0,1.0
营运,6.0,18.0,0.25,0.75
杨,3.0,0.0,1.0,0.0
5,48.0,24.0,0.6666666666666666,0.3333333333333333
高度,3.0,0.0,1.0,0.0
中心,57.0,21.0,0.7307692307692307,0.2692307692307692
经济指标,6.0,0.0,1.0,0.0
关联,0.0,9.0,0.0,1.0
对,63.0,12.0,0.84,0.16
余额,3.0,0.0,1.0,0.0
原文,6.0,3.0,0.6666666666666666,0.3333333333333333
路威,0.0,3.0,0.0,1.0
完全,6.0,0.0,1.0,0.0
外,3.0,0.0,1.0,0.0
消费者,9.0,3.0,0.75,0.25
款项,12.0,0.0,1.0,0.0
此,6.0,0.0,1.0,0.0
四艘,3.0,0.0,1.0,0.0
abAQaQkOpowlFnkGtVGGkibh0QxcscViarFtTw,3.0,0.0,1.0,0.0
储存,3.0,0.0,1.0,0.0
解决,6.0,0.0,1.0,0.0
RkrjOaLjvhaS9Buovfkyxy6DB67aniaNWMMKzB8nJ25KHjVajp7MUQ,3.0,0.0,1.0,0.0
持续增长,3.0,0.0,1.0,0.0
载体,3.0,0.0,1.0,0.0
—,54.0,12.0,0.8181818181818182,0.18181818181818182
兰骁毅,9.0,0.0,1.0,0.0
精益求精,3.0,0.0,1.0,0.0
核辐射,9.0,0.0,1.0,0.0
18,9.0,3.0,0.75,0.25
届时,3.0,0.0,1.0,0.0
甲级,3.0,0.0,1.0,0.0
原先,3.0,0.0,1.0,0.0
500,3.0,9.0,0.25,0.75
十二,3.0,0.0,1.0,0.0
号角,3.0,0.0,1.0,0.0
控股,6.0,24.0,0.2,0.8
平衡,3.0,0.0,1.0,0.0
机动车辆,0.0,6.0,0.0,1.0
结出,3.0,0.0,1.0,0.0
01,0.0,3.0,0.0,1.0
016,0.0,3.0,0.0,1.0
炎炎夏日,3.0,0.0,1.0,0.0
to,3.0,0.0,1.0,0.0
干部,6.0,0.0,1.0,0.0
超大,3.0,0.0,1.0,0.0
2016,99.0,27.0,0.7857142857142857,0.21428571428571427
支付,12.0,0.0,1.0,0.0
详细,9.0,0.0,1.0,0.0
权利义务,3.0,0.0,1.0,0.0
作出,0.0,3.0,0.0,1.0
优先股,0.0,3.0,0.0,1.0
EMERGER,3.0,0.0,1.0,0.0
平稳,3.0,0.0,1.0,0.0
健体,3.0,0.0,1.0,0.0
三艘,6.0,0.0,1.0,0.0
东方,15.0,0.0,1.0,0.0
刘樱,0.0,3.0,0.0,1.0
后,21.0,9.0,0.7,0.3
工程项目,3.0,0.0,1.0,0.0
现代,0.0,3.0,0.0,1.0
提升,45.0,3.0,0.9375,0.0625
094,3.0,0.0,1.0,0.0
焊接,3.0,0.0,1.0,0.0
显然,3.0,0.0,1.0,0.0
轮船,6.0,0.0,1.0,0.0
齐聚,3.0,0.0,1.0,0.0
传习,3.0,0.0,1.0,0.0
新工艺,18.0,0.0,1.0,0.0
房屋,6.0,0.0,1.0,0.0
船队,9.0,0.0,1.0,0.0
处置,9.0,0.0,1.0,0.0
亟需,0.0,3.0,0.0,1.0
层,6.0,0.0,1.0,0.0
张,3.0,0.0,1.0,0.0
办公室,6.0,0.0,1.0,0.0
受,3.0,0.0,1.0,0.0
images,3.0,0.0,1.0,0.0
对接,6.0,0.0,1.0,0.0
主动性,3.0,0.0,1.0,0.0
钢板,3.0,0.0,1.0,0.0
resfile,3.0,0.0,1.0,0.0
名称,0.0,3.0,0.0,1.0
’,12.0,0.0,1.0,0.0
调研,12.0,0.0,1.0,0.0
种类,0.0,6.0,0.0,1.0
轻,0.0,3.0,0.0,1.0
强,0.0,3.0,0.0,1.0
运营,0.0,18.0,0.0,1.0
驳船,6.0,0.0,1.0,0.0
保护,6.0,0.0,1.0,0.0
商品,3.0,6.0,0.3333333333333333,0.6666666666666666
制船,3.0,0.0,1.0,0.0
共,9.0,3.0,0.75,0.25
坏帐,3.0,0.0,1.0,0.0
专访,6.0,0.0,1.0,0.0
主线,3.0,0.0,1.0,0.0
最佳,3.0,12.0,0.2,0.8
陆续,6.0,0.0,1.0,0.0
件,0.0,3.0,0.0,1.0
有力,3.0,0.0,1.0,0.0
执行力,3.0,0.0,1.0,0.0
小盘,0.0,3.0,0.0,1.0
测评,6.0,0.0,1.0,0.0
20170519,3.0,0.0,1.0,0.0
强劲,6.0,0.0,1.0,0.0
试航,9.0,0.0,1.0,0.0
典型,3.0,0.0,1.0,0.0
王琦,9.0,0.0,1.0,0.0
应邀出席,12.0,0.0,1.0,0.0
问询,3.0,0.0,1.0,0.0
云山,3.0,0.0,1.0,0.0
年限,3.0,0.0,1.0,0.0
跨省,0.0,3.0,0.0,1.0
新型,6.0,0.0,1.0,0.0
酒店,36.0,0.0,1.0,0.0
服务,15.0,72.0,0.1724137931034483,0.8275862068965517
可以,6.0,3.0,0.6666666666666666,0.3333333333333333
去夏,6.0,0.0,1.0,0.0
体验,54.0,30.0,0.6428571428571429,0.35714285714285715
愿景,3.0,0.0,1.0,0.0
2005,3.0,0.0,1.0,0.0
大类,0.0,6.0,0.0,1.0
雅顿,0.0,3.0,0.0,1.0
职能部门,3.0,3.0,0.5,0.5
FSU,3.0,0.0,1.0,0.0
四人,3.0,0.0,1.0,0.0
使命,0.0,3.0,0.0,1.0
确认,30.0,0.0,1.0,0.0
外高桥,1092.0,333.0,0.7663157894736842,0.2336842105263158
打造,15.0,9.0,0.625,0.375
部,24.0,0.0,1.0,0.0
低迷,3.0,0.0,1.0,0.0
真实,3.0,0.0,1.0,0.0
吃水,3.0,0.0,1.0,0.0
管控,42.0,0.0,1.0,0.0
时刻,6.0,0.0,1.0,0.0
希望,3.0,0.0,1.0,0.0
保持,21.0,0.0,1.0,0.0
展示,24.0,21.0,0.5333333333333333,0.4666666666666667
经营部,3.0,0.0,1.0,0.0
渠道,0.0,6.0,0.0,1.0
率先,3.0,0.0,1.0,0.0
8,6.0,12.0,0.3333333333333333,0.6666666666666666
形成,15.0,6.0,0.7142857142857143,0.2857142857142857
有效,18.0,0.0,1.0,0.0
认真学习,3.0,0.0,1.0,0.0
价值,3.0,9.0,0.25,0.75
上市,6.0,0.0,1.0,0.0
03,0.0,3.0,0.0,1.0
海工,258.0,0.0,1.0,0.0
600648,21.0,27.0,0.4375,0.5625
上半年,51.0,0.0,1.0,0.0
建立,3.0,3.0,0.5,0.5
正,6.0,0.0,1.0,0.0
理,3.0,0.0,1.0,0.0
ESSM1LTD,6.0,0.0,1.0,0.0
pIia2OU3VjibXnWm5QIBEyBr6iaMwzXlhHg,3.0,0.0,1.0,0.0
品牌形象,3.0,0.0,1.0,0.0
13916661157,3.0,0.0,1.0,0.0
特,9.0,3.0,0.75,0.25
首席,3.0,0.0,1.0,0.0
期望,6.0,0.0,1.0,0.0
尤其,0.0,3.0,0.0,1.0
65.6,3.0,0.0,1.0,0.0
希腊,6.0,0.0,1.0,0.0
东海,3.0,0.0,1.0,0.0
丰富,9.0,0.0,1.0,0.0
jpeg,78.0,0.0,1.0,0.0
第一次,3.0,0.0,1.0,0.0
中转港,3.0,0.0,1.0,0.0
内容,12.0,9.0,0.5714285714285714,0.42857142857142855
一个,9.0,18.0,0.3333333333333333,0.6666666666666666
开馆,12.0,6.0,0.6666666666666666,0.3333333333333333
到,21.0,9.0,0.7,0.3
知名企业,0.0,3.0,0.0,1.0
346,3.0,0.0,1.0,0.0
全体,3.0,3.0,0.5,0.5
汇聚,0.0,3.0,0.0,1.0
差于,3.0,0.0,1.0,0.0
布局,6.0,0.0,1.0,0.0
当下,3.0,3.0,0.5,0.5
结构性,3.0,0.0,1.0,0.0
凡,3.0,0.0,1.0,0.0
｜,0.0,12.0,0.0,1.0
取暖,6.0,0.0,1.0,0.0
68,3.0,0.0,1.0,0.0
335,3.0,0.0,1.0,0.0
一门,0.0,6.0,0.0,1.0
业务,12.0,42.0,0.2222222222222222,0.7777777777777778
堆场,3.0,0.0,1.0,0.0
勘探,3.0,0.0,1.0,0.0
片区,3.0,3.0,0.5,0.5
国家,27.0,6.0,0.8181818181818182,0.18181818181818182
初心,3.0,0.0,1.0,0.0
朝着,3.0,0.0,1.0,0.0
造船,618.0,0.0,1.0,0.0
投票,0.0,15.0,0.0,1.0
下午,18.0,3.0,0.8571428571428571,0.14285714285714285
黄韬,3.0,0.0,1.0,0.0
当年,9.0,3.0,0.75,0.25
贵,0.0,3.0,0.0,1.0
三位,3.0,0.0,1.0,0.0
园中园,0.0,3.0,0.0,1.0
外观,0.0,6.0,0.0,1.0
表彰大会,9.0,0.0,1.0,0.0
民营,3.0,0.0,1.0,0.0
知贸,6.0,0.0,1.0,0.0
共和国,3.0,0.0,1.0,0.0
港,21.0,0.0,1.0,0.0
VLOC,6.0,0.0,1.0,0.0
这套,3.0,0.0,1.0,0.0
或者,0.0,3.0,0.0,1.0
办证,0.0,12.0,0.0,1.0
战略,15.0,3.0,0.8333333333333334,0.16666666666666666
以上,6.0,0.0,1.0,0.0
王辛翎,0.0,6.0,0.0,1.0
仓储,0.0,6.0,0.0,1.0
闲置,3.0,0.0,1.0,0.0
品牌,75.0,9.0,0.8928571428571429,0.10714285714285714
真正,9.0,0.0,1.0,0.0
不断,21.0,3.0,0.875,0.125
浦东新区,9.0,6.0,0.6,0.4
分零,6.0,0.0,1.0,0.0
质量技术监督局,6.0,0.0,1.0,0.0
结构,3.0,3.0,0.5,0.5
结构调整,3.0,0.0,1.0,0.0
佳绩,3.0,0.0,1.0,0.0
设计院,6.0,0.0,1.0,0.0
1cLquib1ibn1tLLIVvmSiagxZZylUicgDibsDicFmdabHIr823AqtCiaTSg,3.0,0.0,1.0,0.0
海关,3.0,3.0,0.5,0.5
党委书记,18.0,0.0,1.0,0.0
认定,3.0,0.0,1.0,0.0
补助,15.0,0.0,1.0,0.0
节约,3.0,0.0,1.0,0.0
率,6.0,0.0,1.0,0.0
坚守,6.0,0.0,1.0,0.0
简称,15.0,30.0,0.3333333333333333,0.6666666666666666
长,9.0,0.0,1.0,0.0
执政,3.0,0.0,1.0,0.0
区,6.0,0.0,1.0,0.0
kKvicSufORxEntPSicsJkeD90tjs5o6pAUTWQ9vEZVXrWAmtaLNccQficg3XD8rcnWa4ialHicCPUrN8MJw,3.0,0.0,1.0,0.0
信息化,12.0,0.0,1.0,0.0
篇章,9.0,0.0,1.0,0.0
实现,33.0,9.0,0.7857142857142857,0.21428571428571427
1TDibzw0fhlnrYZrcLovBHdMO1PlCMzvBOOibRGDDjHbeL1yIQboZ6Wag,3.0,0.0,1.0,0.0
330,3.0,0.0,1.0,0.0
冠军,6.0,0.0,1.0,0.0
方案,6.0,0.0,1.0,0.0
国证,0.0,3.0,0.0,1.0
起步,0.0,3.0,0.0,1.0
签订合同,6.0,0.0,1.0,0.0
办案,3.0,0.0,1.0,0.0
大方向,3.0,0.0,1.0,0.0
几十分钟,3.0,0.0,1.0,0.0
高,12.0,0.0,1.0,0.0
予以,3.0,0.0,1.0,0.0
精细化,15.0,0.0,1.0,0.0
进一步,24.0,9.0,0.7272727272727273,0.2727272727272727
远远,0.0,3.0,0.0,1.0
合同文本,3.0,0.0,1.0,0.0
余人,3.0,0.0,1.0,0.0
说明,3.0,0.0,1.0,0.0
惬意,3.0,0.0,1.0,0.0
公众,3.0,12.0,0.2,0.8
驾驶,0.0,6.0,0.0,1.0
高品质,12.0,0.0,1.0,0.0
动力,12.0,0.0,1.0,0.0
王晖,18.0,0.0,1.0,0.0
启动,0.0,6.0,0.0,1.0
存放,3.0,0.0,1.0,0.0
精品,9.0,0.0,1.0,0.0
投入,6.0,0.0,1.0,0.0
孵化,3.0,0.0,1.0,0.0
报备,0.0,3.0,0.0,1.0
畅联,0.0,9.0,0.0,1.0
介绍,9.0,6.0,0.6,0.4
特色,27.0,0.0,1.0,0.0
引入,3.0,3.0,0.5,0.5
一艘,18.0,0.0,1.0,0.0
全,3.0,6.0,0.3333333333333333,0.6666666666666666
进行,42.0,0.0,1.0,0.0
措施,21.0,3.0,0.875,0.125
年初,3.0,0.0,1.0,0.0
网络,0.0,9.0,0.0,1.0
fmt,102.0,0.0,1.0,0.0
动态,12.0,6.0,0.6666666666666666,0.3333333333333333
抢,3.0,0.0,1.0,0.0
张江,6.0,0.0,1.0,0.0
航空,3.0,0.0,1.0,0.0
准确性,0.0,3.0,0.0,1.0
关于,6.0,9.0,0.4,0.6
临,0.0,3.0,0.0,1.0
现,0.0,3.0,0.0,1.0
模式,9.0,12.0,0.42857142857142855,0.5714285714285714
行情,6.0,6.0,0.5,0.5
国际贸易,21.0,12.0,0.6363636363636364,0.36363636363636365
机器,3.0,0.0,1.0,0.0
线下,3.0,0.0,1.0,0.0
qlEVYibnwH55jPCfaPFVMpQrebCc9ptEwGJmYgOUSTuDibfLaBDeK45LKVw,3.0,0.0,1.0,0.0
龙,0.0,6.0,0.0,1.0
部长,6.0,0.0,1.0,0.0
工法,6.0,0.0,1.0,0.0
效果,3.0,0.0,1.0,0.0
绿色,18.0,0.0,1.0,0.0
分界,3.0,0.0,1.0,0.0
原则,15.0,3.0,0.8333333333333334,0.16666666666666666
.,147.0,12.0,0.9245283018867925,0.07547169811320754
公共卫生,3.0,0.0,1.0,0.0
园,0.0,3.0,0.0,1.0
查看,3.0,6.0,0.3333333333333333,0.6666666666666666
定制,3.0,0.0,1.0,0.0
SURABAYA,3.0,0.0,1.0,0.0
工信部,6.0,0.0,1.0,0.0
这家,3.0,0.0,1.0,0.0
jOaLjvhaS9Buovfkyxy6DB67aniaNWMMKzB8nJ25KHjVajp7MUQ,3.0,0.0,1.0,0.0
工时,6.0,0.0,1.0,0.0
服务供应商,0.0,3.0,0.0,1.0
皇冠,3.0,3.0,0.5,0.5
通知,0.0,9.0,0.0,1.0
周到,3.0,0.0,1.0,0.0
涨到,0.0,3.0,0.0,1.0
按时,12.0,0.0,1.0,0.0
助理,6.0,0.0,1.0,0.0
股,0.0,15.0,0.0,1.0
1.5,0.0,3.0,0.0,1.0
世界,15.0,6.0,0.7142857142857143,0.2857142857142857
想造,3.0,0.0,1.0,0.0
生活,0.0,6.0,0.0,1.0
金额,6.0,0.0,1.0,0.0
处室,3.0,0.0,1.0,0.0
万吨,72.0,0.0,1.0,0.0
申华,0.0,6.0,0.0,1.0
隶属于,3.0,3.0,0.5,0.5
阅读,0.0,3.0,0.0,1.0
表决,0.0,12.0,0.0,1.0
称未,3.0,0.0,1.0,0.0
往返机票,3.0,0.0,1.0,0.0
180000,6.0,0.0,1.0,0.0
实施,12.0,0.0,1.0,0.0
减少,6.0,3.0,0.6666666666666666,0.3333333333333333
一大堆,3.0,0.0,1.0,0.0
定位,3.0,3.0,0.5,0.5
日电,3.0,0.0,1.0,0.0
阿芙,3.0,0.0,1.0,0.0
冀东,0.0,15.0,0.0,1.0
优质,3.0,3.0,0.5,0.5
经营之道,3.0,0.0,1.0,0.0
李芝忠,3.0,0.0,1.0,0.0
江苏,6.0,0.0,1.0,0.0
新路,3.0,0.0,1.0,0.0
试行,3.0,0.0,1.0,0.0
商,3.0,0.0,1.0,0.0
电广,6.0,0.0,1.0,0.0
消息人士,6.0,0.0,1.0,0.0
资讯,21.0,0.0,1.0,0.0
销魂,0.0,3.0,0.0,1.0
7,54.0,9.0,0.8571428571428571,0.14285714285714285
前行,6.0,0.0,1.0,0.0
提高,3.0,0.0,1.0,0.0
重组,0.0,3.0,0.0,1.0
入住,6.0,0.0,1.0,0.0
物业,0.0,3.0,0.0,1.0
从事,0.0,3.0,0.0,1.0
严峻形势,3.0,0.0,1.0,0.0
五月份,3.0,0.0,1.0,0.0
汤兵,9.0,0.0,1.0,0.0
暂时,0.0,3.0,0.0,1.0
分区,9.0,0.0,1.0,0.0
宽宏大量,3.0,0.0,1.0,0.0
收入,12.0,6.0,0.6666666666666666,0.3333333333333333
吹响,3.0,0.0,1.0,0.0
459,0.0,6.0,0.0,1.0
DMCC,3.0,0.0,1.0,0.0
上海市浦东新区,6.0,3.0,0.6666666666666666,0.3333333333333333
陈延,12.0,0.0,1.0,0.0
、,630.0,282.0,0.6907894736842105,0.3092105263157895
劳动力,6.0,0.0,1.0,0.0
应对,12.0,0.0,1.0,0.0
其间,0.0,3.0,0.0,1.0
但,6.0,12.0,0.3333333333333333,0.6666666666666666
税收,0.0,3.0,0.0,1.0
注入,3.0,3.0,0.5,0.5
硕果,3.0,0.0,1.0,0.0
两人,3.0,0.0,1.0,0.0
万元,69.0,0.0,1.0,0.0
一步,6.0,0.0,1.0,0.0
性感,0.0,3.0,0.0,1.0
吴松,3.0,0.0,1.0,0.0
金海,9.0,0.0,1.0,0.0
排,3.0,0.0,1.0,0.0
党支部,27.0,0.0,1.0,0.0
沪剧,6.0,0.0,1.0,0.0
重磅,0.0,12.0,0.0,1.0
86,3.0,0.0,1.0,0.0
重要,12.0,3.0,0.8,0.2
冲回,3.0,0.0,1.0,0.0
新船,30.0,0.0,1.0,0.0
长期,3.0,0.0,1.0,0.0
5yoh5dseSmVvL1zOyoib6B6xic7Mw70INml3ibEWCCJPla4Ddmfm1MozSB59VK2vx4wibA2kvHTu2uhicqakNEGKeYw,3.0,0.0,1.0,0.0
注意,0.0,3.0,0.0,1.0
概念,0.0,3.0,0.0,1.0
为了,3.0,3.0,0.5,0.5
时间,12.0,12.0,0.5,0.5
丽人,18.0,12.0,0.6,0.4
之间,12.0,0.0,1.0,0.0
股市,0.0,3.0,0.0,1.0
党员干部,3.0,0.0,1.0,0.0
友好,9.0,0.0,1.0,0.0
资源共享,6.0,0.0,1.0,0.0
典礼,18.0,0.0,1.0,0.0
34.05,6.0,0.0,1.0,0.0
便民,0.0,12.0,0.0,1.0
自贸区,39.0,69.0,0.3611111111111111,0.6388888888888888
20110TEU,3.0,0.0,1.0,0.0
园是,0.0,3.0,0.0,1.0
良好,12.0,0.0,1.0,0.0
政策,9.0,9.0,0.5,0.5
稳定,3.0,0.0,1.0,0.0
市场,39.0,0.0,1.0,0.0
img,9.0,0.0,1.0,0.0
船,228.0,0.0,1.0,0.0
纪录,3.0,0.0,1.0,0.0
首先,6.0,0.0,1.0,0.0
计划,21.0,0.0,1.0,0.0
试验区,27.0,45.0,0.375,0.625
船号,6.0,0.0,1.0,0.0
事后,0.0,3.0,0.0,1.0
曾于,3.0,0.0,1.0,0.0
灭,6.0,0.0,1.0,0.0
起航,18.0,0.0,1.0,0.0
大活,3.0,0.0,1.0,0.0
反而,0.0,3.0,0.0,1.0
n6Z7tibbpCDZ1YImricvAByOibEEic3vqrTnl0sHC62IACntSh3uiaRibzfiaktoEENPnBnLf9jVK6ia1RxUYeyqoYm6OQ,3.0,0.0,1.0,0.0
调试,6.0,0.0,1.0,0.0
准备,9.0,0.0,1.0,0.0
返还,9.0,0.0,1.0,0.0
决,0.0,3.0,0.0,1.0
各有,3.0,0.0,1.0,0.0
11.89,3.0,0.0,1.0,0.0
少,3.0,0.0,1.0,0.0
保密,3.0,0.0,1.0,0.0
免检,0.0,6.0,0.0,1.0
如此,0.0,3.0,0.0,1.0
投飞乐,0.0,3.0,0.0,1.0
张强,3.0,0.0,1.0,0.0
最初,3.0,0.0,1.0,0.0
66.14,0.0,3.0,0.0,1.0
暴,3.0,0.0,1.0,0.0
板,0.0,6.0,0.0,1.0
黄埔,9.0,0.0,1.0,0.0
正式,3.0,12.0,0.2,0.8
经,3.0,0.0,1.0,0.0
JU2000E,3.0,0.0,1.0,0.0
大致,3.0,0.0,1.0,0.0
21000,3.0,0.0,1.0,0.0
短期,0.0,9.0,0.0,1.0
占地面积,0.0,3.0,0.0,1.0
半年度,3.0,0.0,1.0,0.0
boDdHOK4TE8vdib6blS1dv97bq7cEQiaicIU1OeQpL8jvFBVagJuhhd8HUH2xiaECSxVcTaJJQ,3.0,0.0,1.0,0.0
突出表现,3.0,0.0,1.0,0.0
科研经费,3.0,0.0,1.0,0.0
今年,63.0,0.0,1.0,0.0
车辆,3.0,12.0,0.2,0.8
会计准则,3.0,0.0,1.0,0.0
省市,3.0,0.0,1.0,0.0
进口,36.0,3.0,0.9230769230769231,0.07692307692307693
通过,27.0,9.0,0.75,0.25
船型,42.0,0.0,1.0,0.0
约定,12.0,0.0,1.0,0.0
总数,3.0,3.0,0.5,0.5
下辖,0.0,3.0,0.0,1.0
康德,3.0,0.0,1.0,0.0
试点,9.0,3.0,0.75,0.25
上线,0.0,12.0,0.0,1.0
号,69.0,24.0,0.7419354838709677,0.25806451612903225
转瞬,3.0,0.0,1.0,0.0
讲解,3.0,0.0,1.0,0.0
可,9.0,0.0,1.0,0.0
线,0.0,3.0,0.0,1.0
生意,3.0,0.0,1.0,0.0
丽妆,15.0,12.0,0.5555555555555556,0.4444444444444444
虹吸,0.0,3.0,0.0,1.0
总资产,0.0,3.0,0.0,1.0
同时,24.0,9.0,0.7272727272727273,0.2727272727272727
计入,3.0,0.0,1.0,0.0
表示感谢,3.0,0.0,1.0,0.0
DLNPpicOO2Giafz89X69SLz2EnFIGmJtGfzDeXAzdD2EVgsyQq93STrqaCzBLNWHuu6oElSovZg,3.0,0.0,1.0,0.0
童罗健,3.0,0.0,1.0,0.0
海洋,15.0,0.0,1.0,0.0
基础,6.0,3.0,0.6666666666666666,0.3333333333333333
扩容,3.0,0.0,1.0,0.0
多家,0.0,3.0,0.0,1.0
],6.0,9.0,0.4,0.6
得天独厚,3.0,0.0,1.0,0.0
固定,3.0,0.0,1.0,0.0
割,3.0,0.0,1.0,0.0
三季度,6.0,0.0,1.0,0.0
置评,3.0,0.0,1.0,0.0
监事,0.0,3.0,0.0,1.0
接轨,3.0,0.0,1.0,0.0
连接,6.0,0.0,1.0,0.0
8.3,3.0,0.0,1.0,0.0
乐金,0.0,3.0,0.0,1.0
春,6.0,0.0,1.0,0.0
依靠,3.0,0.0,1.0,0.0
生态,6.0,0.0,1.0,0.0
重点,30.0,3.0,0.9090909090909091,0.09090909090909091
集团化,9.0,0.0,1.0,0.0
密集,3.0,0.0,1.0,0.0
UDC,3.0,3.0,0.5,0.5
第七,3.0,0.0,1.0,0.0
协作,0.0,6.0,0.0,1.0
品质,30.0,0.0,1.0,0.0
市场需求,12.0,0.0,1.0,0.0
这一波,0.0,3.0,0.0,1.0
双份,3.0,0.0,1.0,0.0
总体,12.0,0.0,1.0,0.0
领跑,12.0,0.0,1.0,0.0
列席,3.0,0.0,1.0,0.0
北船,6.0,0.0,1.0,0.0
标的,12.0,0.0,1.0,0.0
位置,12.0,0.0,1.0,0.0
0571,3.0,0.0,1.0,0.0
计票,0.0,3.0,0.0,1.0
检疫局,9.0,0.0,1.0,0.0
管理效率,3.0,0.0,1.0,0.0
甩,0.0,3.0,0.0,1.0
港口,3.0,0.0,1.0,0.0
目的,9.0,0.0,1.0,0.0
运作,9.0,9.0,0.5,0.5
定于,6.0,0.0,1.0,0.0
最大,18.0,3.0,0.8571428571428571,0.14285714285714285
仲裁,15.0,0.0,1.0,0.0
函让,3.0,0.0,1.0,0.0
制度,3.0,0.0,1.0,0.0
高港,3.0,0.0,1.0,0.0
SRC,60.0,0.0,1.0,0.0
mmbiz,90.0,0.0,1.0,0.0
关注,3.0,9.0,0.25,0.75
网络科技,0.0,3.0,0.0,1.0
担当,3.0,0.0,1.0,0.0
合理性,3.0,0.0,1.0,0.0
提速,0.0,3.0,0.0,1.0
新加坡,33.0,0.0,1.0,0.0
借助,0.0,3.0,0.0,1.0
上升,0.0,3.0,0.0,1.0
这一,3.0,0.0,1.0,0.0
而是,3.0,0.0,1.0,0.0
携带,3.0,0.0,1.0,0.0
深化,18.0,6.0,0.75,0.25
李芝忠及,6.0,0.0,1.0,0.0
VENTURE,3.0,0.0,1.0,0.0
集散,3.0,0.0,1.0,0.0
系列,24.0,0.0,1.0,0.0
单方面,3.0,0.0,1.0,0.0
客源,3.0,0.0,1.0,0.0
7.2,12.0,0.0,1.0,0.0
黄海,3.0,0.0,1.0,0.0
与会,3.0,0.0,1.0,0.0
Morgan,6.0,0.0,1.0,0.0
工业,9.0,6.0,0.6,0.4
住,6.0,0.0,1.0,0.0
600822,0.0,3.0,0.0,1.0
健身,3.0,0.0,1.0,0.0
轮,6.0,0.0,1.0,0.0
两艘,9.0,0.0,1.0,0.0
每标箱,3.0,0.0,1.0,0.0
协议,3.0,0.0,1.0,0.0
经营策略,15.0,0.0,1.0,0.0
空间,3.0,6.0,0.3333333333333333,0.6666666666666666
供应商,3.0,0.0,1.0,0.0
PSV,3.0,0.0,1.0,0.0
左,0.0,3.0,0.0,1.0
韩睿,3.0,0.0,1.0,0.0
元,6.0,3.0,0.6666666666666666,0.3333333333333333
640,15.0,0.0,1.0,0.0
896,3.0,0.0,1.0,0.0
分工,3.0,0.0,1.0,0.0
抵达,3.0,0.0,1.0,0.0
月份,3.0,0.0,1.0,0.0
充分利用,6.0,3.0,0.6666666666666666,0.3333333333333333
逐,3.0,0.0,1.0,0.0
不少,0.0,3.0,0.0,1.0
关联方,0.0,3.0,0.0,1.0
检验,9.0,0.0,1.0,0.0
按期,6.0,0.0,1.0,0.0
反映,3.0,0.0,1.0,0.0
获得,18.0,6.0,0.75,0.25
宽,3.0,0.0,1.0,0.0
三,12.0,3.0,0.8,0.2
H1398,3.0,0.0,1.0,0.0
龙头,0.0,21.0,0.0,1.0
称,12.0,3.0,0.8,0.2
没,6.0,0.0,1.0,0.0
应急,6.0,0.0,1.0,0.0
思路,6.0,0.0,1.0,0.0
沪东,3.0,0.0,1.0,0.0
凭借着,3.0,0.0,1.0,0.0
新区,0.0,3.0,0.0,1.0
32.08,3.0,0.0,1.0,0.0
光伏,3.0,0.0,1.0,0.0
森兰,0.0,3.0,0.0,1.0
完整性,0.0,3.0,0.0,1.0
登记日,0.0,3.0,0.0,1.0
摩根,24.0,0.0,1.0,0.0
杂志,6.0,0.0,1.0,0.0
浦南,6.0,0.0,1.0,0.0
形象,3.0,0.0,1.0,0.0
收到,3.0,0.0,1.0,0.0
携手,3.0,0.0,1.0,0.0
服务商,0.0,3.0,0.0,1.0
余家,0.0,3.0,0.0,1.0
米,15.0,0.0,1.0,0.0
指数,0.0,3.0,0.0,1.0
只要,3.0,0.0,1.0,0.0
党群,6.0,0.0,1.0,0.0
运输,45.0,0.0,1.0,0.0
规范,3.0,3.0,0.5,0.5
扩展,3.0,0.0,1.0,0.0
亿美元,3.0,0.0,1.0,0.0
税费,3.0,0.0,1.0,0.0
分红,0.0,9.0,0.0,1.0
622,3.0,0.0,1.0,0.0
手软,0.0,3.0,0.0,1.0
最全,0.0,6.0,0.0,1.0
xmwb,3.0,0.0,1.0,0.0
非常,3.0,0.0,1.0,0.0
很长,0.0,3.0,0.0,1.0
未来,6.0,6.0,0.5,0.5
国拨,3.0,0.0,1.0,0.0
合计,12.0,0.0,1.0,0.0
543,6.0,0.0,1.0,0.0
工作日,3.0,0.0,1.0,0.0
<,60.0,0.0,1.0,0.0
年,174.0,69.0,0.7160493827160493,0.2839506172839506
向着,3.0,0.0,1.0,0.0
股东大会,0.0,18.0,0.0,1.0
幢,3.0,0.0,1.0,0.0
生动,3.0,0.0,1.0,0.0
136666,0.0,3.0,0.0,1.0
推进,78.0,3.0,0.9629629629629629,0.037037037037037035
工控,3.0,0.0,1.0,0.0
国内,18.0,6.0,0.75,0.25
俯身,6.0,0.0,1.0,0.0
o0SJDlABnaGdy57BurzxQFGXrjvpbFJ1FyAuqTWTRyNC2FZsB5SVXnw0HlofKBFpXCiagRm8owYGrdAiam4Wq28w,3.0,0.0,1.0,0.0
健康,6.0,6.0,0.5,0.5
坚实基础,9.0,0.0,1.0,0.0
固定资产,0.0,3.0,0.0,1.0
愿,3.0,0.0,1.0,0.0
管理局,6.0,18.0,0.25,0.75
吨,21.0,0.0,1.0,0.0
NcbHvIicMpuVqrkflFPLDsCNCk78vLfBWE710kqsHiaZJLo8FiaO5pFBibMqp6YVejlyJjGnWIEYUxvicQ,3.0,0.0,1.0,0.0
到访,6.0,0.0,1.0,0.0
涨跌,0.0,6.0,0.0,1.0
研究会,0.0,3.0,0.0,1.0
议事,0.0,3.0,0.0,1.0
com,3.0,0.0,1.0,0.0
前线,3.0,0.0,1.0,0.0
这种,3.0,0.0,1.0,0.0
智能化,6.0,0.0,1.0,0.0
分管,3.0,0.0,1.0,0.0
国有企业,0.0,3.0,0.0,1.0
以后,9.0,0.0,1.0,0.0
盈利,6.0,0.0,1.0,0.0
体系,9.0,0.0,1.0,0.0
共设,0.0,6.0,0.0,1.0
首例,0.0,3.0,0.0,1.0
优惠,0.0,3.0,0.0,1.0
～,3.0,0.0,1.0,0.0
双方,42.0,6.0,0.875,0.125
13052329792,3.0,0.0,1.0,0.0
RIGHTSHIP,3.0,0.0,1.0,0.0
西北,0.0,3.0,0.0,1.0
批准,3.0,3.0,0.5,0.5
1999,3.0,0.0,1.0,0.0
第一,3.0,3.0,0.5,0.5
往来,6.0,0.0,1.0,0.0
记载,0.0,3.0,0.0,1.0
11628TEU,3.0,0.0,1.0,0.0
其他,18.0,0.0,1.0,0.0
石沉大海,3.0,0.0,1.0,0.0
开发,0.0,36.0,0.0,1.0
首航,6.0,0.0,1.0,0.0
几个,3.0,0.0,1.0,0.0
新造,3.0,0.0,1.0,0.0
装载,3.0,0.0,1.0,0.0
金融时报,6.0,0.0,1.0,0.0
大厦,3.0,0.0,1.0,0.0
建模,39.0,0.0,1.0,0.0
命名,84.0,0.0,1.0,0.0
强强合作,3.0,0.0,1.0,0.0
相当,0.0,3.0,0.0,1.0
出入境,3.0,0.0,1.0,0.0
复旦,30.0,0.0,1.0,0.0
散运,27.0,0.0,1.0,0.0
链,3.0,0.0,1.0,0.0
市民,3.0,0.0,1.0,0.0
道路,3.0,0.0,1.0,0.0
雨来,3.0,0.0,1.0,0.0
356,6.0,0.0,1.0,0.0
这批,3.0,0.0,1.0,0.0
葫芦丝,6.0,0.0,1.0,0.0
整合营销,0.0,3.0,0.0,1.0
合作伙伴,9.0,0.0,1.0,0.0
享有,3.0,0.0,1.0,0.0
人民币,9.0,0.0,1.0,0.0
认同度,3.0,0.0,1.0,0.0
11.35,0.0,3.0,0.0,1.0
全方位,3.0,0.0,1.0,0.0
把,12.0,3.0,0.8,0.2
斯伦贝谢,6.0,0.0,1.0,0.0
主流,6.0,0.0,1.0,0.0
华城,6.0,0.0,1.0,0.0
多万元,3.0,0.0,1.0,0.0
飞乐,0.0,3.0,0.0,1.0
公司简介,0.0,3.0,0.0,1.0
制订,0.0,9.0,0.0,1.0
企业,57.0,42.0,0.5757575757575758,0.42424242424242425
最新,6.0,6.0,0.5,0.5
只,3.0,0.0,1.0,0.0
合法权益,6.0,0.0,1.0,0.0
所查,3.0,0.0,1.0,0.0
再交,3.0,0.0,1.0,0.0
高于,3.0,0.0,1.0,0.0
经历,3.0,0.0,1.0,0.0
努力,6.0,3.0,0.6666666666666666,0.3333333333333333
2017,60.0,36.0,0.625,0.375
产业链,0.0,3.0,0.0,1.0
形势,9.0,0.0,1.0,0.0
首个,6.0,0.0,1.0,0.0
节点,3.0,0.0,1.0,0.0
实地,6.0,0.0,1.0,0.0
区域,18.0,30.0,0.375,0.625
散货,42.0,0.0,1.0,0.0
保税,12.0,27.0,0.3076923076923077,0.6923076923076923
增加,12.0,0.0,1.0,0.0
[,6.0,9.0,0.4,0.6
讨论,6.0,0.0,1.0,0.0
3620,3.0,0.0,1.0,0.0
图中,3.0,0.0,1.0,0.0
近洋,3.0,0.0,1.0,0.0
资本金,12.0,0.0,1.0,0.0
委托书,0.0,9.0,0.0,1.0
p1,3.0,0.0,1.0,0.0
收官,3.0,0.0,1.0,0.0
余平方米,0.0,6.0,0.0,1.0
商务,6.0,6.0,0.5,0.5
名义,3.0,0.0,1.0,0.0
1,42.0,6.0,0.875,0.125
191,3.0,0.0,1.0,0.0
培训,9.0,0.0,1.0,0.0
决议,0.0,6.0,0.0,1.0
路,9.0,6.0,0.6,0.4
2008,0.0,3.0,0.0,1.0
2300,0.0,3.0,0.0,1.0
香奈儿,0.0,3.0,0.0,1.0
位于,9.0,9.0,0.5,0.5
酒类,3.0,0.0,1.0,0.0
媲美,0.0,3.0,0.0,1.0
高新技术,6.0,0.0,1.0,0.0
严把,3.0,0.0,1.0,0.0
创业,9.0,6.0,0.6,0.4
单独,0.0,3.0,0.0,1.0
蓝村路,3.0,0.0,1.0,0.0
40,3.0,6.0,0.3333333333333333,0.6666666666666666
报告,3.0,0.0,1.0,0.0
中文翻译,3.0,0.0,1.0,0.0
任何,0.0,3.0,0.0,1.0
管委会,12.0,15.0,0.4444444444444444,0.5555555555555556
第三艘,3.0,0.0,1.0,0.0
c8611d5469c6a85e,3.0,0.0,1.0,0.0
3osrqicJiangCxdq3biaXBseDe6694TQ,3.0,0.0,1.0,0.0
交付,144.0,0.0,1.0,0.0
一场,3.0,0.0,1.0,0.0
态度,3.0,0.0,1.0,0.0
投资银行,6.0,0.0,1.0,0.0
15,12.0,0.0,1.0,0.0
周报,0.0,3.0,0.0,1.0
更好,0.0,3.0,0.0,1.0
国家级,3.0,0.0,1.0,0.0
党委,3.0,0.0,1.0,0.0
247,3.0,0.0,1.0,0.0
进入,3.0,9.0,0.25,0.75
大通,24.0,0.0,1.0,0.0
监测,3.0,0.0,1.0,0.0
巴西,3.0,0.0,1.0,0.0
因素,3.0,0.0,1.0,0.0
顺利完成,6.0,0.0,1.0,0.0
文,27.0,0.0,1.0,0.0
发,3.0,3.0,0.5,0.5
社会各界,3.0,0.0,1.0,0.0
建设,48.0,33.0,0.5925925925925926,0.4074074074074074
风和日丽,3.0,0.0,1.0,0.0
仍然,3.0,0.0,1.0,0.0
gicmTGQE0WGiaLYemdB3vqGGW4AknUiaqlEOFdNOT1pked9FAbBjdCbksy3DDk7FKGSo6aKmu7sFSkVm85RouXUbQ,3.0,0.0,1.0,0.0
海洋工程,12.0,0.0,1.0,0.0
领先水平,3.0,0.0,1.0,0.0
好望角,45.0,0.0,1.0,0.0
并非,3.0,0.0,1.0,0.0
〇,3.0,0.0,1.0,0.0
内,12.0,9.0,0.5714285714285714,0.42857142857142855
主导,6.0,0.0,1.0,0.0
出坞,18.0,0.0,1.0,0.0
各位,3.0,0.0,1.0,0.0
【,123.0,24.0,0.8367346938775511,0.16326530612244897
再,18.0,0.0,1.0,0.0
嘉宾,15.0,3.0,0.8333333333333334,0.16666666666666666
保障,3.0,0.0,1.0,0.0
批复,6.0,0.0,1.0,0.0
传达,3.0,0.0,1.0,0.0
获评,6.0,0.0,1.0,0.0
有序,3.0,0.0,1.0,0.0
董事会,9.0,27.0,0.25,0.75
gicmTGQE0WGg9zriamZI8g0fKmJYCia8o6vwqxydzjrhLasyvUMGj1pl51IlXKqKZCAjpEPDrsfquXNSdWAibROW8w,3.0,0.0,1.0,0.0
连续,3.0,0.0,1.0,0.0
变化,3.0,0.0,1.0,0.0
去,18.0,6.0,0.75,0.25
开工,6.0,0.0,1.0,0.0
科创,12.0,0.0,1.0,0.0
20170616093206465,3.0,0.0,1.0,0.0
租赁,6.0,9.0,0.4,0.6
调整,6.0,0.0,1.0,0.0
科考船,3.0,0.0,1.0,0.0
公告,15.0,9.0,0.625,0.375
世纪,0.0,3.0,0.0,1.0
2003,3.0,0.0,1.0,0.0
度假区,3.0,0.0,1.0,0.0
供给,3.0,0.0,1.0,0.0
做,18.0,15.0,0.5454545454545454,0.45454545454545453
开启,12.0,3.0,0.8,0.2
国光,6.0,0.0,1.0,0.0
金力,6.0,0.0,1.0,0.0
大约,3.0,0.0,1.0,0.0
爱建,0.0,9.0,0.0,1.0
便利,0.0,6.0,0.0,1.0
抽干,3.0,0.0,1.0,0.0
知名品牌,3.0,0.0,1.0,0.0
一一,3.0,0.0,1.0,0.0
根据,18.0,6.0,0.75,0.25
互利,3.0,0.0,1.0,0.0
陆晓航,0.0,3.0,0.0,1.0
712,3.0,0.0,1.0,0.0
状况,3.0,0.0,1.0,0.0
几大,3.0,0.0,1.0,0.0
书记,9.0,0.0,1.0,0.0
扩大,3.0,0.0,1.0,0.0
园区,30.0,33.0,0.47619047619047616,0.5238095238095238
监管区,0.0,3.0,0.0,1.0
招商,15.0,3.0,0.8333333333333334,0.16666666666666666
全国,0.0,3.0,0.0,1.0
热情,6.0,0.0,1.0,0.0
利息,6.0,0.0,1.0,0.0
要闻,15.0,0.0,1.0,0.0
地下,3.0,0.0,1.0,0.0
稳商,0.0,3.0,0.0,1.0
存续,3.0,0.0,1.0,0.0
会展,6.0,0.0,1.0,0.0
自然人,3.0,0.0,1.0,0.0
工,9.0,0.0,1.0,0.0
街舞,6.0,0.0,1.0,0.0
索赔,6.0,0.0,1.0,0.0
推动,9.0,9.0,0.5,0.5
获称,6.0,0.0,1.0,0.0
再进一步,12.0,0.0,1.0,0.0
部对,3.0,0.0,1.0,0.0
分解,9.0,0.0,1.0,0.0
创效,3.0,0.0,1.0,0.0
已,39.0,15.0,0.7222222222222222,0.2777777777777778
报废,3.0,0.0,1.0,0.0
直接,3.0,0.0,1.0,0.0
奥,3.0,0.0,1.0,0.0
浮出,3.0,0.0,1.0,0.0
增值,0.0,3.0,0.0,1.0
真实性,0.0,3.0,0.0,1.0
据统计,3.0,0.0,1.0,0.0
系统,6.0,3.0,0.6666666666666666,0.3333333333333333
王伟,3.0,0.0,1.0,0.0
酩轩,0.0,3.0,0.0,1.0
办公,6.0,3.0,0.6666666666666666,0.3333333333333333
主业,6.0,3.0,0.6666666666666666,0.3333333333333333
受托,0.0,6.0,0.0,1.0
摄,3.0,0.0,1.0,0.0
中西部,3.0,0.0,1.0,0.0
手段,6.0,0.0,1.0,0.0
邮轮,72.0,0.0,1.0,0.0
单单,0.0,3.0,0.0,1.0
规定,3.0,0.0,1.0,0.0
有限,0.0,3.0,0.0,1.0
装,6.0,0.0,1.0,0.0
问题,9.0,0.0,1.0,0.0
利用微,3.0,0.0,1.0,0.0
紧密,3.0,0.0,1.0,0.0
作业,9.0,0.0,1.0,0.0
事中,0.0,3.0,0.0,1.0
高达,0.0,3.0,0.0,1.0
富利为,3.0,0.0,1.0,0.0
古筝,6.0,0.0,1.0,0.0
环境,0.0,6.0,0.0,1.0
投资者,39.0,3.0,0.9285714285714286,0.07142857142857142
王毅,3.0,0.0,1.0,0.0
ZZiaTtEicDU8go16EicCgxtCQ7Yiabc8opwNpibkspOuGlicqibqteuA9s5V9pm3XdAeOteiaXXQ,3.0,0.0,1.0,0.0
总计,3.0,0.0,1.0,0.0
八项,3.0,0.0,1.0,0.0
掌声,6.0,0.0,1.0,0.0
自主,6.0,0.0,1.0,0.0
二季度,21.0,0.0,1.0,0.0
差距,3.0,3.0,0.5,0.5
93.478,9.0,0.0,1.0,0.0
分配,0.0,3.0,0.0,1.0
阳图,3.0,0.0,1.0,0.0
助跑,0.0,3.0,0.0,1.0
透露,3.0,0.0,1.0,0.0
这个,3.0,0.0,1.0,0.0
在园,0.0,3.0,0.0,1.0
整合,6.0,0.0,1.0,0.0
整体,9.0,3.0,0.75,0.25
指挥,3.0,0.0,1.0,0.0
共享,3.0,0.0,1.0,0.0
西一路,0.0,9.0,0.0,1.0
上空,3.0,0.0,1.0,0.0
确保,9.0,0.0,1.0,0.0
适当,3.0,0.0,1.0,0.0
民,3.0,0.0,1.0,0.0
自动化,3.0,0.0,1.0,0.0
提,6.0,0.0,1.0,0.0
日本,6.0,0.0,1.0,0.0
塘桥,9.0,0.0,1.0,0.0
全面,24.0,0.0,1.0,0.0
多达,6.0,0.0,1.0,0.0
通道,3.0,0.0,1.0,0.0
前列,3.0,0.0,1.0,0.0
多余,0.0,3.0,0.0,1.0
分段,9.0,0.0,1.0,0.0
时候,0.0,3.0,0.0,1.0
坚强,3.0,0.0,1.0,0.0
非特,0.0,3.0,0.0,1.0
具体,6.0,0.0,1.0,0.0
月经,0.0,3.0,0.0,1.0
区委书记,3.0,0.0,1.0,0.0
先试,0.0,3.0,0.0,1.0
精益,9.0,0.0,1.0,0.0
haiwainet,3.0,0.0,1.0,0.0
6.0,3.0,0.0,1.0,0.0
绿动,3.0,0.0,1.0,0.0
车驾,0.0,6.0,0.0,1.0
孵化器,6.0,0.0,1.0,0.0
建筑面积,3.0,6.0,0.3333333333333333,0.6666666666666666
交,9.0,0.0,1.0,0.0
58.6,3.0,0.0,1.0,0.0
累计,12.0,0.0,1.0,0.0
亦,3.0,0.0,1.0,0.0
广船国际,6.0,0.0,1.0,0.0
继,9.0,0.0,1.0,0.0
积累,3.0,0.0,1.0,0.0
全局,3.0,0.0,1.0,0.0
凯强,6.0,0.0,1.0,0.0
革命,3.0,0.0,1.0,0.0
引擎,3.0,0.0,1.0,0.0
cnfolimg,3.0,0.0,1.0,0.0
首次,6.0,0.0,1.0,0.0
兼,9.0,0.0,1.0,0.0
综上所述,3.0,0.0,1.0,0.0
自身,0.0,3.0,0.0,1.0
参赌,3.0,0.0,1.0,0.0
电力,0.0,6.0,0.0,1.0
六艘,6.0,0.0,1.0,0.0
着,57.0,9.0,0.8636363636363636,0.13636363636363635
抱团,6.0,0.0,1.0,0.0
群体,3.0,0.0,1.0,0.0
用于,3.0,0.0,1.0,0.0
3,48.0,12.0,0.8,0.2
古本,3.0,0.0,1.0,0.0
装备,9.0,15.0,0.375,0.625
船是,3.0,0.0,1.0,0.0
股票代码,0.0,3.0,0.0,1.0
底部,0.0,3.0,0.0,1.0
w0Ho1aAZZ1VqfB1pthd37XhtokBRn0YrFLH8seeR,3.0,0.0,1.0,0.0
自升式,24.0,0.0,1.0,0.0
具体内容,0.0,3.0,0.0,1.0
可见,3.0,0.0,1.0,0.0
中源,0.0,6.0,0.0,1.0
案,3.0,0.0,1.0,0.0
自律,6.0,3.0,0.6666666666666666,0.3333333333333333
秦,3.0,0.0,1.0,0.0
确定,3.0,0.0,1.0,0.0
面临,6.0,0.0,1.0,0.0
赌徒,3.0,0.0,1.0,0.0
国外品牌,0.0,6.0,0.0,1.0
大奖,3.0,0.0,1.0,0.0
358,3.0,0.0,1.0,0.0
背景,3.0,3.0,0.5,0.5
外联,3.0,3.0,0.5,0.5
集中,3.0,0.0,1.0,0.0
广元,39.0,0.0,1.0,0.0
多数,0.0,3.0,0.0,1.0
Foremost,6.0,0.0,1.0,0.0
发改委,0.0,3.0,0.0,1.0
姚忠,3.0,0.0,1.0,0.0
CEO,3.0,0.0,1.0,0.0
专委会,0.0,3.0,0.0,1.0
药监局,0.0,3.0,0.0,1.0
刘峰,24.0,0.0,1.0,0.0
大海,9.0,0.0,1.0,0.0
帮助,0.0,3.0,0.0,1.0
出发,3.0,0.0,1.0,0.0
SAVANNAH,3.0,0.0,1.0,0.0
管理机制,6.0,0.0,1.0,0.0
IMAGE,60.0,0.0,1.0,0.0
上述,3.0,0.0,1.0,0.0
管理者,3.0,0.0,1.0,0.0
注册地,3.0,0.0,1.0,0.0
交接仪式,3.0,0.0,1.0,0.0
装置,3.0,0.0,1.0,0.0
面积,3.0,12.0,0.2,0.8
02,0.0,3.0,0.0,1.0
书院,3.0,0.0,1.0,0.0
年底,3.0,9.0,0.25,0.75
无缝,3.0,0.0,1.0,0.0
知名度,3.0,0.0,1.0,0.0
将会,3.0,0.0,1.0,0.0
斩获,0.0,3.0,0.0,1.0
系统集成,3.0,0.0,1.0,0.0
高超,3.0,0.0,1.0,0.0
前五,3.0,0.0,1.0,0.0
1300,0.0,3.0,0.0,1.0
涨,0.0,3.0,0.0,1.0
收盘,0.0,3.0,0.0,1.0
涉及,3.0,6.0,0.3333333333333333,0.6666666666666666
信心,9.0,0.0,1.0,0.0
375,0.0,3.0,0.0,1.0
不敢想像,3.0,0.0,1.0,0.0
大力,6.0,0.0,1.0,0.0
立项,6.0,0.0,1.0,0.0
VLCC,21.0,0.0,1.0,0.0
实属,3.0,0.0,1.0,0.0
随着,15.0,6.0,0.7142857142857143,0.2857142857142857
小组,3.0,0.0,1.0,0.0
tibbpCDZ9K77OoZ6RHfD0v8PL7zK8EQicV15WjibgK4vYGRgoibt7jRC6Tibyu1kXJibVR08Wrg42ibgxXbBztzVg,3.0,0.0,1.0,0.0
最好,0.0,3.0,0.0,1.0
链接,0.0,3.0,0.0,1.0
之窗,0.0,21.0,0.0,1.0
长兴,18.0,0.0,1.0,0.0
投票系统,0.0,3.0,0.0,1.0
损失,48.0,0.0,1.0,0.0
相比,3.0,3.0,0.5,0.5
茉莉,0.0,3.0,0.0,1.0
惠南,6.0,0.0,1.0,0.0
划转,3.0,3.0,0.5,0.5
赶顶,0.0,3.0,0.0,1.0
民族舞,6.0,0.0,1.0,0.0
所,6.0,6.0,0.5,0.5
成,3.0,0.0,1.0,0.0
559,3.0,0.0,1.0,0.0
快,0.0,3.0,0.0,1.0
13,15.0,0.0,1.0,0.0
科学城,3.0,0.0,1.0,0.0
近年来,3.0,0.0,1.0,0.0
财政部,6.0,0.0,1.0,0.0
探讨,3.0,0.0,1.0,0.0
上,45.0,0.0,1.0,0.0
凯旋,3.0,0.0,1.0,0.0
成立,15.0,9.0,0.625,0.375
先行,0.0,3.0,0.0,1.0
下列,3.0,0.0,1.0,0.0
兴建,3.0,0.0,1.0,0.0
优秀,15.0,0.0,1.0,0.0
学贯,6.0,0.0,1.0,0.0
二期,0.0,3.0,0.0,1.0
证券,21.0,18.0,0.5384615384615384,0.46153846153846156
车手,3.0,0.0,1.0,0.0
骨干,3.0,0.0,1.0,0.0
1200,3.0,6.0,0.3333333333333333,0.6666666666666666
1000,3.0,3.0,0.5,0.5
导向,3.0,0.0,1.0,0.0
便利化,9.0,3.0,0.75,0.25
执行,18.0,0.0,1.0,0.0
cy883344,0.0,3.0,0.0,1.0
示范,18.0,0.0,1.0,0.0
出没,3.0,0.0,1.0,0.0
设计,30.0,0.0,1.0,0.0
路政,0.0,12.0,0.0,1.0
地理位置,3.0,0.0,1.0,0.0
民船,3.0,0.0,1.0,0.0
60,3.0,3.0,0.5,0.5
朋友,3.0,0.0,1.0,0.0
平,3.0,0.0,1.0,0.0
为辅,0.0,3.0,0.0,1.0
等,111.0,48.0,0.6981132075471698,0.3018867924528302
泰州,24.0,0.0,1.0,0.0
XD,0.0,6.0,0.0,1.0
支部,3.0,0.0,1.0,0.0
xinmin,3.0,0.0,1.0,0.0
找出,3.0,0.0,1.0,0.0
铺,6.0,0.0,1.0,0.0
响彻云霄,3.0,0.0,1.0,0.0
宗旨,0.0,3.0,0.0,1.0
转变,3.0,0.0,1.0,0.0
配置,6.0,0.0,1.0,0.0
－,0.0,3.0,0.0,1.0
300,3.0,3.0,0.5,0.5
能源,6.0,0.0,1.0,0.0
瘦身,3.0,0.0,1.0,0.0
进出口,9.0,12.0,0.42857142857142855,0.5714285714285714
程序,0.0,3.0,0.0,1.0
87710241,3.0,0.0,1.0,0.0
实物量,3.0,0.0,1.0,0.0
各国,3.0,0.0,1.0,0.0
以下,27.0,21.0,0.5625,0.4375
出席,18.0,3.0,0.8571428571428571,0.14285714285714285
洋山港,6.0,0.0,1.0,0.0
直飞,6.0,0.0,1.0,0.0
股票,3.0,3.0,0.5,0.5
11.3,3.0,0.0,1.0,0.0
贸易,60.0,15.0,0.8,0.2
一号,0.0,3.0,0.0,1.0
教育,3.0,0.0,1.0,0.0
起止日期,0.0,3.0,0.0,1.0
于,24.0,12.0,0.6666666666666666,0.3333333333333333
25,0.0,6.0,0.0,1.0
以,30.0,27.0,0.5263157894736842,0.47368421052631576
各类,3.0,3.0,0.5,0.5
口岸,6.0,0.0,1.0,0.0
品牌价值,3.0,0.0,1.0,0.0
kla9NtiazZhs2RTqOGvlXRkrjOaLjvhaS9Buovfkyxy6DB67aniaNWMMKzB8nJ25KHjVajp7MUQ,6.0,0.0,1.0,0.0
考核,27.0,0.0,1.0,0.0
营,3.0,3.0,0.5,0.5
工作,120.0,0.0,1.0,0.0
四个,3.0,0.0,1.0,0.0
切实,6.0,0.0,1.0,0.0
认同,0.0,3.0,0.0,1.0
集聚,6.0,0.0,1.0,0.0
活动,27.0,0.0,1.0,0.0
真相,9.0,0.0,1.0,0.0
会议,69.0,6.0,0.92,0.08
二楼,0.0,3.0,0.0,1.0
主营业务,6.0,0.0,1.0,0.0
以前,3.0,0.0,1.0,0.0
药品监督管理局,0.0,3.0,0.0,1.0
解答,3.0,0.0,1.0,0.0
免租,3.0,0.0,1.0,0.0
这些,6.0,0.0,1.0,0.0
船级社,18.0,0.0,1.0,0.0
借鉴,3.0,0.0,1.0,0.0
犹清,6.0,0.0,1.0,0.0
送,3.0,0.0,1.0,0.0
内所,0.0,3.0,0.0,1.0
事件,3.0,0.0,1.0,0.0
新,78.0,9.0,0.896551724137931,0.10344827586206896
上涨,3.0,6.0,0.3333333333333333,0.6666666666666666
供稿,3.0,0.0,1.0,0.0
食品,0.0,3.0,0.0,1.0
一流,6.0,0.0,1.0,0.0
团伙,6.0,0.0,1.0,0.0
班轮,3.0,0.0,1.0,0.0
使用,0.0,3.0,0.0,1.0
标志,27.0,3.0,0.9,0.1
观察,0.0,3.0,0.0,1.0
规模,9.0,3.0,0.75,0.25
打开,0.0,3.0,0.0,1.0
>,141.0,0.0,1.0,0.0
gicmTGQE0WGgJFaUgiaMySr5i,3.0,0.0,1.0,0.0
美国,15.0,0.0,1.0,0.0
全面落实,3.0,0.0,1.0,0.0
处于,0.0,3.0,0.0,1.0
合同,72.0,0.0,1.0,0.0
X,3.0,0.0,1.0,0.0
鑫益,0.0,3.0,0.0,1.0
王,6.0,0.0,1.0,0.0
新药,3.0,0.0,1.0,0.0
保障部,3.0,0.0,1.0,0.0
浮于,3.0,0.0,1.0,0.0
物流园区,3.0,12.0,0.2,0.8
出现,3.0,0.0,1.0,0.0
驱动,3.0,0.0,1.0,0.0
插上,9.0,0.0,1.0,0.0
603,3.0,0.0,1.0,0.0
船厂,45.0,0.0,1.0,0.0
四地,21.0,0.0,1.0,0.0
电子商务,0.0,15.0,0.0,1.0
接近,0.0,3.0,0.0,1.0
洲际,3.0,0.0,1.0,0.0
难缠,3.0,0.0,1.0,0.0
拒绝,3.0,0.0,1.0,0.0
副总经理,72.0,0.0,1.0,0.0
株式会社,3.0,0.0,1.0,0.0
地,0.0,3.0,0.0,1.0
权限,0.0,6.0,0.0,1.0
模拟法,9.0,0.0,1.0,0.0
万平方米,3.0,0.0,1.0,0.0
间,6.0,0.0,1.0,0.0
it,3.0,0.0,1.0,0.0
连日,3.0,0.0,1.0,0.0
上证,0.0,3.0,0.0,1.0
监督,6.0,0.0,1.0,0.0
达到,3.0,0.0,1.0,0.0
共同开发,0.0,3.0,0.0,1.0
质量关,3.0,0.0,1.0,0.0
无偿,0.0,3.0,0.0,1.0
　,738.0,0.0,1.0,0.0
期待,12.0,0.0,1.0,0.0
攻坚战,6.0,0.0,1.0,0.0
奠定,9.0,0.0,1.0,0.0
08,6.0,0.0,1.0,0.0
破浪,3.0,0.0,1.0,0.0
1992,0.0,3.0,0.0,1.0
参与,6.0,12.0,0.3333333333333333,0.6666666666666666
胡凯,12.0,0.0,1.0,0.0
201,3.0,0.0,1.0,0.0
物贸,0.0,3.0,0.0,1.0
使用权,0.0,3.0,0.0,1.0
示范区,12.0,0.0,1.0,0.0
服务中心,3.0,0.0,1.0,0.0
经贸,3.0,0.0,1.0,0.0
综合类,6.0,0.0,1.0,0.0
品种,0.0,3.0,0.0,1.0
打赢,6.0,0.0,1.0,0.0
引进,6.0,6.0,0.5,0.5
4,48.0,9.0,0.8421052631578947,0.15789473684210525
疏散,3.0,0.0,1.0,0.0
发现,3.0,3.0,0.5,0.5
知名,3.0,3.0,0.5,0.5
第三次,6.0,0.0,1.0,0.0
总结暨,3.0,0.0,1.0,0.0
总装,3.0,0.0,1.0,0.0
18.64,3.0,0.0,1.0,0.0
记者,3.0,6.0,0.3333333333333333,0.6666666666666666
41,3.0,0.0,1.0,0.0
上午,18.0,0.0,1.0,0.0
必须,3.0,0.0,1.0,0.0
30.5,3.0,0.0,1.0,0.0
如今,3.0,3.0,0.5,0.5
7000,0.0,3.0,0.0,1.0
液化气船,3.0,0.0,1.0,0.0
凯富,3.0,0.0,1.0,0.0
流通股,0.0,3.0,0.0,1.0
进驻,3.0,0.0,1.0,0.0
有惠南,3.0,0.0,1.0,0.0
新一轮,0.0,6.0,0.0,1.0
点,0.0,6.0,0.0,1.0
文件,6.0,3.0,0.6666666666666666,0.3333333333333333
等工,3.0,0.0,1.0,0.0
吸引,3.0,0.0,1.0,0.0
伴随,6.0,0.0,1.0,0.0
科技,30.0,0.0,1.0,0.0
态,0.0,3.0,0.0,1.0
引导,9.0,0.0,1.0,0.0
晚,9.0,0.0,1.0,0.0
大哥,0.0,3.0,0.0,1.0
主体,0.0,6.0,0.0,1.0
指标,18.0,0.0,1.0,0.0
机构,0.0,3.0,0.0,1.0
回落,0.0,3.0,0.0,1.0
编织,3.0,0.0,1.0,0.0
分,12.0,3.0,0.8,0.2
迪拜,3.0,0.0,1.0,0.0
为主,3.0,9.0,0.25,0.75
不仅仅,3.0,0.0,1.0,0.0
平台,126.0,36.0,0.7777777777777778,0.2222222222222222
ESSM1,12.0,0.0,1.0,0.0
起来,3.0,0.0,1.0,0.0
亿总,0.0,3.0,0.0,1.0
将,105.0,12.0,0.8974358974358975,0.10256410256410256
国际,60.0,27.0,0.6896551724137931,0.3103448275862069
后期,3.0,0.0,1.0,0.0
开采,6.0,0.0,1.0,0.0
没人要,6.0,0.0,1.0,0.0
笔者,6.0,0.0,1.0,0.0
2019,21.0,6.0,0.7777777777777778,0.2222222222222222
(,57.0,18.0,0.76,0.24
B股,3.0,18.0,0.14285714285714285,0.8571428571428571
（,168.0,132.0,0.56,0.44
考虑,3.0,0.0,1.0,0.0
A股,3.0,6.0,0.3333333333333333,0.6666666666666666
方法,6.0,0.0,1.0,0.0
更,21.0,9.0,0.7,0.3
离不开,3.0,0.0,1.0,0.0
沿海地区,3.0,0.0,1.0,0.0
表示,24.0,0.0,1.0,0.0
塑,3.0,0.0,1.0,0.0
现场会议,0.0,3.0,0.0,1.0
软件园,3.0,0.0,1.0,0.0
十大,3.0,0.0,1.0,0.0
509,3.0,0.0,1.0,0.0
以及,18.0,3.0,0.8571428571428571,0.14285714285714285
作用,9.0,0.0,1.0,0.0
写字楼,3.0,0.0,1.0,0.0
14,9.0,9.0,0.5,0.5
材料,3.0,0.0,1.0,0.0
增强,6.0,0.0,1.0,0.0
异地,0.0,6.0,0.0,1.0
速览,6.0,0.0,1.0,0.0
附中,6.0,0.0,1.0,0.0
尽显,3.0,0.0,1.0,0.0
905,3.0,0.0,1.0,0.0
0616,3.0,0.0,1.0,0.0
在讲话中,3.0,0.0,1.0,0.0
外高,0.0,18.0,0.0,1.0
把握,3.0,0.0,1.0,0.0
逐步形成,3.0,0.0,1.0,0.0
新城,6.0,3.0,0.6666666666666666,0.3333333333333333
太平洋,0.0,9.0,0.0,1.0
11000TEU,3.0,0.0,1.0,0.0
-,54.0,18.0,0.75,0.25
总仓库,0.0,3.0,0.0,1.0
导购,0.0,3.0,0.0,1.0
清风,9.0,0.0,1.0,0.0
金融危机,6.0,0.0,1.0,0.0
看,3.0,3.0,0.5,0.5
钻探,3.0,0.0,1.0,0.0
王胤,6.0,0.0,1.0,0.0
查验,3.0,0.0,1.0,0.0
一个月,0.0,3.0,0.0,1.0
呈,0.0,6.0,0.0,1.0
俞勇,3.0,0.0,1.0,0.0
累积,0.0,3.0,0.0,1.0
研究,6.0,0.0,1.0,0.0
小事,3.0,0.0,1.0,0.0
ESSM,6.0,0.0,1.0,0.0
…,6.0,6.0,0.5,0.5
商业,0.0,3.0,0.0,1.0
及其,3.0,3.0,0.5,0.5
财源滚滚,3.0,0.0,1.0,0.0
流水线,3.0,0.0,1.0,0.0
收购,6.0,0.0,1.0,0.0
优越,3.0,0.0,1.0,0.0
启东,0.0,54.0,0.0,1.0
二,0.0,12.0,0.0,1.0
qq4434110963,0.0,3.0,0.0,1.0
组成部分,0.0,3.0,0.0,1.0
领导,21.0,3.0,0.875,0.125
市,0.0,12.0,0.0,1.0
龙身,3.0,0.0,1.0,0.0
骤然,0.0,3.0,0.0,1.0
一方面,6.0,0.0,1.0,0.0
此次,15.0,3.0,0.8333333333333334,0.16666666666666666
环保,3.0,30.0,0.09090909090909091,0.9090909090909091
制造厂,3.0,0.0,1.0,0.0
下属,6.0,18.0,0.25,0.75
:,66.0,12.0,0.8461538461538461,0.15384615384615385
发挥,3.0,0.0,1.0,0.0
会同,3.0,0.0,1.0,0.0
2013,3.0,6.0,0.3333333333333333,0.6666666666666666
认可,3.0,0.0,1.0,0.0
该项,3.0,0.0,1.0,0.0
实际,3.0,6.0,0.3333333333333333,0.6666666666666666
高位,0.0,3.0,0.0,1.0
发出通知,3.0,0.0,1.0,0.0
自贸,24.0,33.0,0.42105263157894735,0.5789473684210527
国嘉,0.0,6.0,0.0,1.0
展示厅,3.0,0.0,1.0,0.0
早些时候,3.0,0.0,1.0,0.0
加大,9.0,0.0,1.0,0.0
秘书,9.0,0.0,1.0,0.0
资生堂,0.0,3.0,0.0,1.0
鸡毛蒜皮,3.0,0.0,1.0,0.0
议事规则,0.0,6.0,0.0,1.0
原,6.0,0.0,1.0,0.0
合唱,3.0,0.0,1.0,0.0
辖,0.0,6.0,0.0,1.0
协办,0.0,3.0,0.0,1.0
gicmTGQE0WGguwhCWgK0rkxV9ibnoyjGlFLukTJI,3.0,0.0,1.0,0.0
过半,12.0,0.0,1.0,0.0
10,39.0,12.0,0.7647058823529411,0.23529411764705882
80,3.0,0.0,1.0,0.0
巴士,3.0,0.0,1.0,0.0
场地,3.0,0.0,1.0,0.0
二维码,6.0,0.0,1.0,0.0
亿元,48.0,9.0,0.8421052631578947,0.15789473684210525
颁发,3.0,0.0,1.0,0.0
封闭,3.0,0.0,1.0,0.0
点对点,3.0,0.0,1.0,0.0
企间,3.0,0.0,1.0,0.0
获,30.0,0.0,1.0,0.0
密配,3.0,0.0,1.0,0.0
刘宏,9.0,0.0,1.0,0.0
总工程师,12.0,3.0,0.8,0.2
朗诵,3.0,0.0,1.0,0.0
上要,3.0,0.0,1.0,0.0
653,3.0,0.0,1.0,0.0
港至,6.0,0.0,1.0,0.0
类别,0.0,3.0,0.0,1.0
之势,0.0,6.0,0.0,1.0
中华,3.0,0.0,1.0,0.0
经过,0.0,3.0,0.0,1.0
复合型,3.0,0.0,1.0,0.0
EurasiaDrilling51,6.0,0.0,1.0,0.0
海岬型,15.0,0.0,1.0,0.0
工作思路,3.0,0.0,1.0,0.0
八,3.0,0.0,1.0,0.0
12304355811959390537,3.0,0.0,1.0,0.0
还是,3.0,0.0,1.0,0.0
8ed4ba512a5aa2f,3.0,0.0,1.0,0.0
盗,3.0,0.0,1.0,0.0
校区,12.0,0.0,1.0,0.0
声声,6.0,0.0,1.0,0.0
加速,0.0,3.0,0.0,1.0
单位,6.0,12.0,0.3333333333333333,0.6666666666666666
船期,9.0,0.0,1.0,0.0
未成年人,3.0,0.0,1.0,0.0
发展,90.0,33.0,0.7317073170731707,0.2682926829268293
学习,12.0,0.0,1.0,0.0
放弃,3.0,0.0,1.0,0.0
从,12.0,3.0,0.8,0.2
50,12.0,3.0,0.8,0.2
大量,12.0,0.0,1.0,0.0
=,168.0,0.0,1.0,0.0
节能降耗,3.0,0.0,1.0,0.0
式,6.0,6.0,0.5,0.5
文冲,9.0,0.0,1.0,0.0
2000,3.0,0.0,1.0,0.0
洋山,3.0,3.0,0.5,0.5
进展,3.0,0.0,1.0,0.0
法人,3.0,3.0,0.5,0.5
自由贸易,18.0,24.0,0.42857142857142855,0.5714285714285714
起订,3.0,0.0,1.0,0.0
176000,3.0,0.0,1.0,0.0
专业,12.0,9.0,0.5714285714285714,0.42857142857142855
刷新,3.0,0.0,1.0,0.0
产业,15.0,9.0,0.625,0.375
无,3.0,6.0,0.3333333333333333,0.6666666666666666
首制,45.0,0.0,1.0,0.0
la9NtiazZhs2RTqOGvlXRkrjOaLjvhaS9Buovfkyxy6DB67aniaNWMMKzB8nJ25KHjVajp7MUQ,6.0,0.0,1.0,0.0
走进,15.0,0.0,1.0,0.0
值得注意,3.0,3.0,0.5,0.5
研究院,6.0,0.0,1.0,0.0
美妆,0.0,3.0,0.0,1.0
通,6.0,0.0,1.0,0.0
近,6.0,18.0,0.25,0.75
矿砂,6.0,0.0,1.0,0.0
加强,9.0,0.0,1.0,0.0
营销,3.0,0.0,1.0,0.0
休闲,3.0,0.0,1.0,0.0
监管,6.0,9.0,0.4,0.6
创出,3.0,0.0,1.0,0.0
周群,0.0,3.0,0.0,1.0
承载能力,0.0,3.0,0.0,1.0
圆满,3.0,0.0,1.0,0.0
顾客,18.0,0.0,1.0,0.0
虚假,0.0,3.0,0.0,1.0
同比增加,0.0,3.0,0.0,1.0
8450,15.0,0.0,1.0,0.0
超过,3.0,6.0,0.3333333333333333,0.6666666666666666
集,3.0,3.0,0.5,0.5
需求,6.0,6.0,0.5,0.5
超,0.0,3.0,0.0,1.0
合,0.0,3.0,0.0,1.0
当前,9.0,0.0,1.0,0.0
福地,3.0,0.0,1.0,0.0
3.3,3.0,0.0,1.0,0.0
严峻,6.0,0.0,1.0,0.0
效率,6.0,0.0,1.0,0.0
当期,3.0,0.0,1.0,0.0
土地,0.0,3.0,0.0,1.0
零售业,0.0,3.0,0.0,1.0
总监,12.0,0.0,1.0,0.0
集团股份,12.0,69.0,0.14814814814814814,0.8518518518518519
凌桥,3.0,0.0,1.0,0.0
老板,3.0,0.0,1.0,0.0
yovadKsicw3hic7mgMl0pg1tTEfs1y5jczBNyjE7UGjexGNaoN1IyTEicnxlA3q0hlTLnicZ9byQ,3.0,0.0,1.0,0.0
层高,3.0,0.0,1.0,0.0
荣耀,6.0,0.0,1.0,0.0
范畴,3.0,0.0,1.0,0.0
旗舰店,0.0,3.0,0.0,1.0
外向型,0.0,3.0,0.0,1.0
万多个,0.0,3.0,0.0,1.0
推广会,0.0,6.0,0.0,1.0
DNVGL,3.0,0.0,1.0,0.0
至上,24.0,0.0,1.0,0.0
短,3.0,0.0,1.0,0.0
部分,0.0,3.0,0.0,1.0
刚,3.0,0.0,1.0,0.0
2011,6.0,0.0,1.0,0.0
its,3.0,0.0,1.0,0.0
》,12.0,18.0,0.4,0.6
买卖,12.0,0.0,1.0,0.0
五地,3.0,0.0,1.0,0.0
放眼,3.0,0.0,1.0,0.0
c307e9c73f8059e2,3.0,0.0,1.0,0.0
果创,3.0,0.0,1.0,0.0
国企,6.0,0.0,1.0,0.0
春节,3.0,0.0,1.0,0.0
12,12.0,9.0,0.5714285714285714,0.42857142857142855
仔细,3.0,0.0,1.0,0.0
中船,15.0,0.0,1.0,0.0
璀璨,3.0,0.0,1.0,0.0
一股,3.0,0.0,1.0,0.0
总额,3.0,0.0,1.0,0.0
会,45.0,0.0,1.0,0.0
先后,3.0,0.0,1.0,0.0
意义,3.0,0.0,1.0,0.0
预订,3.0,0.0,1.0,0.0
纳入,3.0,0.0,1.0,0.0
请,0.0,3.0,0.0,1.0
不久前,3.0,0.0,1.0,0.0
VLGC,3.0,0.0,1.0,0.0
演练,6.0,0.0,1.0,0.0
分馆,6.0,0.0,1.0,0.0
主持,9.0,0.0,1.0,0.0
基本面,0.0,3.0,0.0,1.0
何晓斌,3.0,0.0,1.0,0.0
电离辐射,3.0,0.0,1.0,0.0
立即,3.0,0.0,1.0,0.0
总成本,18.0,0.0,1.0,0.0
开始,15.0,0.0,1.0,0.0
相信,9.0,0.0,1.0,0.0
下周,0.0,3.0,0.0,1.0
路威酩,0.0,3.0,0.0,1.0
主办,0.0,3.0,0.0,1.0
直销,0.0,3.0,0.0,1.0
FDI,6.0,0.0,1.0,0.0
月,150.0,33.0,0.819672131147541,0.18032786885245902
分校,24.0,0.0,1.0,0.0
人,33.0,21.0,0.6111111111111112,0.3888888888888889
ESSMPTE,6.0,0.0,1.0,0.0
下来,3.0,0.0,1.0,0.0
余艘,3.0,0.0,1.0,0.0
报道,3.0,0.0,1.0,0.0
曾,3.0,3.0,0.5,0.5
重建,3.0,0.0,1.0,0.0
传出,3.0,0.0,1.0,0.0
收集,3.0,0.0,1.0,0.0
诊股,3.0,0.0,1.0,0.0
贸易商,3.0,0.0,1.0,0.0
郭见阳,6.0,0.0,1.0,0.0
密切合作,0.0,3.0,0.0,1.0
亮相,0.0,6.0,0.0,1.0
工厂,3.0,0.0,1.0,0.0
高度重视,6.0,0.0,1.0,0.0
物流,3.0,24.0,0.1111111111111111,0.8888888888888888
中国船舶工业集团公司,3.0,0.0,1.0,0.0
拉开,9.0,0.0,1.0,0.0
每房限,3.0,0.0,1.0,0.0
全球,33.0,0.0,1.0,0.0
杨高,0.0,3.0,0.0,1.0
代码,3.0,15.0,0.16666666666666666,0.8333333333333334
参股,0.0,3.0,0.0,1.0
两个,0.0,3.0,0.0,1.0
内部,3.0,0.0,1.0,0.0
近百家,0.0,3.0,0.0,1.0
更是,6.0,0.0,1.0,0.0
负责人,9.0,0.0,1.0,0.0
高端,0.0,3.0,0.0,1.0
先生,9.0,3.0,0.75,0.25
劣等,3.0,0.0,1.0,0.0
行使,3.0,3.0,0.5,0.5
联动,6.0,0.0,1.0,0.0
源远流长,9.0,0.0,1.0,0.0
重大,0.0,3.0,0.0,1.0
IHXctQEhzk7bPnFBzm9bV99AYsxia349TziciciaAzquSNjiaYs1TGlqjrssNJrjGuPEG5iauXQ,3.0,0.0,1.0,0.0
签署,15.0,0.0,1.0,0.0
理解,6.0,0.0,1.0,0.0
交易日,0.0,3.0,0.0,1.0
做好,15.0,0.0,1.0,0.0
添加,0.0,3.0,0.0,1.0
船海,6.0,0.0,1.0,0.0
图文,3.0,0.0,1.0,0.0
力量,3.0,0.0,1.0,0.0
公安局,0.0,9.0,0.0,1.0
新品,0.0,3.0,0.0,1.0
想替,3.0,0.0,1.0,0.0
大型,18.0,3.0,0.8571428571428571,0.14285714285714285
其中,12.0,3.0,0.8,0.2
占,6.0,3.0,0.6666666666666666,0.3333333333333333
结算,3.0,0.0,1.0,0.0
强大,3.0,0.0,1.0,0.0
至今,15.0,6.0,0.7142857142857143,0.2857142857142857
时,6.0,0.0,1.0,0.0
找,3.0,0.0,1.0,0.0
4500,3.0,0.0,1.0,0.0
阶段性,6.0,0.0,1.0,0.0
短板,3.0,0.0,1.0,0.0
22,6.0,15.0,0.2857142857142857,0.7142857142857143
并且,6.0,3.0,0.6666666666666666,0.3333333333333333
领先,3.0,0.0,1.0,0.0
管理,93.0,30.0,0.7560975609756098,0.24390243902439024
深,3.0,0.0,1.0,0.0
讲话,3.0,0.0,1.0,0.0
380,0.0,3.0,0.0,1.0
天,9.0,3.0,0.75,0.25
格外,3.0,0.0,1.0,0.0
承担,0.0,6.0,0.0,1.0
预测,3.0,0.0,1.0,0.0
提交,3.0,0.0,1.0,0.0
旗下,9.0,3.0,0.75,0.25
180,3.0,0.0,1.0,0.0
使,6.0,0.0,1.0,0.0
YONGSHI,3.0,0.0,1.0,0.0
线上,0.0,3.0,0.0,1.0
致辞,12.0,0.0,1.0,0.0
化,3.0,0.0,1.0,0.0
能,21.0,6.0,0.7777777777777778,0.2222222222222222
抓住,3.0,3.0,0.5,0.5
一部分,3.0,0.0,1.0,0.0
一楼,3.0,0.0,1.0,0.0
85000,3.0,0.0,1.0,0.0
推进者,3.0,0.0,1.0,0.0
1191.01,3.0,0.0,1.0,0.0
概括,3.0,0.0,1.0,0.0
近日,3.0,3.0,0.5,0.5
创始人,3.0,0.0,1.0,0.0
邓琪,3.0,0.0,1.0,0.0
Ｂ,0.0,3.0,0.0,1.0
制造,6.0,0.0,1.0,0.0
传播,3.0,0.0,1.0,0.0
紧抓,3.0,0.0,1.0,0.0
相继,0.0,3.0,0.0,1.0
小,3.0,0.0,1.0,0.0
版块,6.0,0.0,1.0,0.0
现金,0.0,3.0,0.0,1.0
必要,3.0,0.0,1.0,0.0
求生存,9.0,0.0,1.0,0.0
有所,6.0,0.0,1.0,0.0
长江,6.0,0.0,1.0,0.0
您,3.0,0.0,1.0,0.0
：,123.0,90.0,0.5774647887323944,0.4225352112676056
业,0.0,3.0,0.0,1.0
严肃,3.0,0.0,1.0,0.0
定期,3.0,0.0,1.0,0.0
密不可分,3.0,0.0,1.0,0.0
两家,3.0,0.0,1.0,0.0
风华,3.0,0.0,1.0,0.0
）,168.0,132.0,0.56,0.44
0413,3.0,0.0,1.0,0.0
关心,0.0,9.0,0.0,1.0
投资,21.0,36.0,0.3684210526315789,0.631578947368421
正在,3.0,3.0,0.5,0.5
节能,12.0,0.0,1.0,0.0
海上,3.0,0.0,1.0,0.0
项,3.0,12.0,0.2,0.8
;,0.0,3.0,0.0,1.0
设计规划,3.0,0.0,1.0,0.0
迎宾,3.0,0.0,1.0,0.0
ehaj7XdY2XIReJqISuT8HzgNkpZumFarQO76NZd3niaGsvzoezg5gFZIO6WDN0xBFia1NEoJJvG6lq0eQ,3.0,0.0,1.0,0.0
共计,3.0,0.0,1.0,0.0
王孙,3.0,0.0,1.0,0.0
促进,18.0,0.0,1.0,0.0
后续,15.0,0.0,1.0,0.0
委员会,15.0,9.0,0.625,0.375
及海工,3.0,0.0,1.0,0.0
总队长,0.0,3.0,0.0,1.0
做到,3.0,0.0,1.0,0.0
落实,6.0,3.0,0.6666666666666666,0.3333333333333333
公共,3.0,0.0,1.0,0.0
一直,9.0,6.0,0.6,0.4
评论,12.0,0.0,1.0,0.0
深层次,9.0,0.0,1.0,0.0
高级顾问,3.0,0.0,1.0,0.0
发言,3.0,0.0,1.0,0.0
辅助,27.0,0.0,1.0,0.0
亚太地区,3.0,0.0,1.0,0.0
保,3.0,0.0,1.0,0.0
dwt,3.0,0.0,1.0,0.0
交船,54.0,0.0,1.0,0.0
其它,3.0,0.0,1.0,0.0
四大,9.0,3.0,0.75,0.25
量,6.0,0.0,1.0,0.0
拉,3.0,0.0,1.0,0.0
起,0.0,3.0,0.0,1.0
A座,0.0,6.0,0.0,1.0
盛,6.0,0.0,1.0,0.0
在,249.0,48.0,0.8383838383838383,0.16161616161616163
个别,0.0,3.0,0.0,1.0
一块,0.0,3.0,0.0,1.0
477,0.0,3.0,0.0,1.0
整理,0.0,3.0,0.0,1.0
股本,0.0,3.0,0.0,1.0
CARGILL,3.0,0.0,1.0,0.0
没有,6.0,3.0,0.6666666666666666,0.3333333333333333
副校长,6.0,0.0,1.0,0.0
亚洲,3.0,0.0,1.0,0.0
分期,0.0,3.0,0.0,1.0
PSPC,6.0,0.0,1.0,0.0
文化,18.0,0.0,1.0,0.0
爱使,0.0,6.0,0.0,1.0
一波,3.0,0.0,1.0,0.0
日晚,9.0,0.0,1.0,0.0
今天,9.0,3.0,0.75,0.25
大计,0.0,3.0,0.0,1.0
现在,3.0,6.0,0.3333333333333333,0.6666666666666666
稳居,3.0,0.0,1.0,0.0
趋势,6.0,0.0,1.0,0.0
延期,6.0,0.0,1.0,0.0
实践,3.0,3.0,0.5,0.5
库存,9.0,0.0,1.0,0.0
上下,3.0,0.0,1.0,0.0
既定,6.0,0.0,1.0,0.0
来看,0.0,3.0,0.0,1.0
多种,3.0,0.0,1.0,0.0
3001,3.0,0.0,1.0,0.0
发起方,0.0,3.0,0.0,1.0
海运,102.0,0.0,1.0,0.0
优胜,3.0,0.0,1.0,0.0
山东,3.0,0.0,1.0,0.0
弧线,0.0,3.0,0.0,1.0
得到,3.0,0.0,1.0,0.0
引领,3.0,0.0,1.0,0.0
生命周期,3.0,0.0,1.0,0.0
大厅,0.0,33.0,0.0,1.0
陶健,6.0,0.0,1.0,0.0
英,6.0,0.0,1.0,0.0
需,6.0,0.0,1.0,0.0
产品,75.0,0.0,1.0,0.0
这次,3.0,0.0,1.0,0.0
存货,6.0,0.0,1.0,0.0
余个,0.0,3.0,0.0,1.0
时代,3.0,3.0,0.5,0.5
网站,0.0,3.0,0.0,1.0
深厚,3.0,0.0,1.0,0.0
债券,0.0,6.0,0.0,1.0
医药,3.0,0.0,1.0,0.0
签订,21.0,0.0,1.0,0.0
持续性,0.0,3.0,0.0,1.0
期,6.0,0.0,1.0,0.0
围绕,18.0,0.0,1.0,0.0
显示,3.0,6.0,0.3333333333333333,0.6666666666666666
资产负债率,0.0,3.0,0.0,1.0
力度,3.0,0.0,1.0,0.0
转型,9.0,0.0,1.0,0.0
我市,3.0,0.0,1.0,0.0
三水,3.0,0.0,1.0,0.0
难,6.0,0.0,1.0,0.0
阶段,0.0,3.0,0.0,1.0
浮式,3.0,0.0,1.0,0.0
项目,66.0,15.0,0.8148148148148148,0.18518518518518517
用工,3.0,0.0,1.0,0.0
1998,3.0,0.0,1.0,0.0
地址,6.0,0.0,1.0,0.0
难以,6.0,0.0,1.0,0.0
大幅,3.0,0.0,1.0,0.0
交流,12.0,0.0,1.0,0.0
科技成果,3.0,0.0,1.0,0.0
城区,6.0,0.0,1.0,0.0
VICTORY,3.0,0.0,1.0,0.0
多个,6.0,0.0,1.0,0.0
发生,9.0,0.0,1.0,0.0
493.1,3.0,0.0,1.0,0.0
through,3.0,0.0,1.0,0.0
四,0.0,3.0,0.0,1.0
商品交易,3.0,0.0,1.0,0.0
值得一提的是,3.0,0.0,1.0,0.0
第一座,3.0,0.0,1.0,0.0
纽带,0.0,3.0,0.0,1.0
维护,6.0,0.0,1.0,0.0
提出,6.0,0.0,1.0,0.0
核心,15.0,6.0,0.7142857142857143,0.2857142857142857
各种,0.0,3.0,0.0,1.0
货物,6.0,0.0,1.0,0.0
蔚为壮观,3.0,0.0,1.0,0.0
子公司,30.0,0.0,1.0,0.0
终止,9.0,0.0,1.0,0.0
曹,3.0,0.0,1.0,0.0
完善,12.0,3.0,0.8,0.2
突发,3.0,0.0,1.0,0.0
经济,18.0,9.0,0.6666666666666666,0.3333333333333333
参会,3.0,0.0,1.0,0.0
过后,3.0,0.0,1.0,0.0
比例,3.0,0.0,1.0,0.0
识别,3.0,0.0,1.0,0.0
竞争力,6.0,0.0,1.0,0.0
6,63.0,33.0,0.65625,0.34375
假日酒店,3.0,3.0,0.5,0.5
逐步,3.0,3.0,0.5,0.5
交易中心,15.0,15.0,0.5,0.5
高桥,3.0,3.0,0.5,0.5
最终,3.0,0.0,1.0,0.0
充分,6.0,0.0,1.0,0.0
李兆杰,6.0,0.0,1.0,0.0
仲裁庭,3.0,0.0,1.0,0.0
Investment,3.0,0.0,1.0,0.0
其,18.0,9.0,0.6666666666666666,0.3333333333333333
9,12.0,3.0,0.8,0.2
作案,3.0,0.0,1.0,0.0
人工成本,3.0,0.0,1.0,0.0
滨江,3.0,0.0,1.0,0.0
给出,3.0,0.0,1.0,0.0
仍,0.0,3.0,0.0,1.0
集装箱,15.0,0.0,1.0,0.0
货舱,3.0,0.0,1.0,0.0
浮动,3.0,0.0,1.0,0.0
港区,33.0,3.0,0.9166666666666666,0.08333333333333333
设备,3.0,0.0,1.0,0.0
提到,0.0,3.0,0.0,1.0
全资,21.0,0.0,1.0,0.0
欢迎,6.0,0.0,1.0,0.0
交汇,3.0,0.0,1.0,0.0
II,3.0,0.0,1.0,0.0
唯一,12.0,3.0,0.8,0.2
认为,9.0,0.0,1.0,0.0
11,12.0,3.0,0.8,0.2
办理,0.0,6.0,0.0,1.0
机场,0.0,3.0,0.0,1.0
市政府,0.0,3.0,0.0,1.0
计提,18.0,0.0,1.0,0.0
经常性,0.0,3.0,0.0,1.0
先进,3.0,0.0,1.0,0.0
存在,9.0,3.0,0.75,0.25
管理中心,0.0,3.0,0.0,1.0
遭,6.0,0.0,1.0,0.0
音响,0.0,6.0,0.0,1.0
雅诗兰黛,0.0,6.0,0.0,1.0
创新,72.0,12.0,0.8571428571428571,0.14285714285714285
等文,0.0,3.0,0.0,1.0
拟向,9.0,0.0,1.0,0.0
自由,6.0,0.0,1.0,0.0
多,6.0,9.0,0.4,0.6
不仅,9.0,0.0,1.0,0.0
价格优势,3.0,0.0,1.0,0.0
而言,6.0,0.0,1.0,0.0
班组,3.0,0.0,1.0,0.0
深远影响,3.0,0.0,1.0,0.0
周期,0.0,3.0,0.0,1.0
包括,12.0,15.0,0.4444444444444444,0.5555555555555556
下半年,21.0,0.0,1.0,0.0
保卫战,3.0,0.0,1.0,0.0
H1368,12.0,0.0,1.0,0.0
队,3.0,0.0,1.0,0.0
据,12.0,3.0,0.8,0.2
异常,3.0,0.0,1.0,0.0
新城镇,3.0,0.0,1.0,0.0
载重,21.0,0.0,1.0,0.0
需要,3.0,0.0,1.0,0.0
新灵路,12.0,0.0,1.0,0.0
珍珠,3.0,0.0,1.0,0.0
0sGcCiblcdiaD6wJBNg2zP5m9LrIlOejLhIGy4Sau1TuDVicXr1Ecx6ibB927sNYNtWfpBHcMeV9MyvFHSaNYpsyWw,3.0,0.0,1.0,0.0
newbuildings,3.0,0.0,1.0,0.0
采购,3.0,0.0,1.0,0.0
流通,0.0,3.0,0.0,1.0
共建,12.0,3.0,0.8,0.2
gif,21.0,0.0,1.0,0.0
qpic,45.0,0.0,1.0,0.0
发表,3.0,0.0,1.0,0.0
上海,282.0,174.0,0.618421052631579,0.3815789473684211
回避,0.0,6.0,0.0,1.0
难得,3.0,0.0,1.0,0.0
祝桥,3.0,3.0,0.5,0.5
成员,6.0,0.0,1.0,0.0
信息,9.0,12.0,0.42857142857142855,0.5714285714285714
136581,0.0,3.0,0.0,1.0
柴油,6.0,0.0,1.0,0.0
波,0.0,3.0,0.0,1.0
担任,6.0,0.0,1.0,0.0
仅次于,3.0,0.0,1.0,0.0
放在心上,3.0,0.0,1.0,0.0
各级,6.0,0.0,1.0,0.0
信群,3.0,0.0,1.0,0.0
大熊猫,0.0,3.0,0.0,1.0
回报,0.0,6.0,0.0,1.0
负责,3.0,3.0,0.5,0.5
经验,6.0,0.0,1.0,0.0
康桥,6.0,0.0,1.0,0.0
日期,0.0,6.0,0.0,1.0
食,0.0,3.0,0.0,1.0
15068750595,3.0,0.0,1.0,0.0
波已,0.0,3.0,0.0,1.0
创造财富,6.0,0.0,1.0,0.0
去年,3.0,0.0,1.0,0.0
平方米,6.0,3.0,0.6666666666666666,0.3333333333333333
市场化,3.0,0.0,1.0,0.0
船贸,3.0,0.0,1.0,0.0
一辆,6.0,0.0,1.0,0.0
611,3.0,0.0,1.0,0.0
变更,3.0,0.0,1.0,0.0
再次,15.0,0.0,1.0,0.0
一并,3.0,0.0,1.0,0.0
派工,15.0,0.0,1.0,0.0
建造,129.0,0.0,1.0,0.0
下,39.0,12.0,0.7647058823529411,0.23529411764705882
上市公司,6.0,6.0,0.5,0.5
箱级,3.0,0.0,1.0,0.0
落地,6.0,3.0,0.6666666666666666,0.3333333333333333
开设,3.0,0.0,1.0,0.0
ENERGY,3.0,0.0,1.0,0.0
情况,45.0,0.0,1.0,0.0
复旦大学,21.0,0.0,1.0,0.0
2.97,3.0,0.0,1.0,0.0
代理,0.0,3.0,0.0,1.0
6.08,0.0,3.0,0.0,1.0
迎来,6.0,0.0,1.0,0.0
联装函,6.0,0.0,1.0,0.0
HS,3.0,0.0,1.0,0.0
NvzMyzMkyHUPSW1ydcK1ahMJdwu29Yn5PvLea90iaSDGTejBHPvA,3.0,0.0,1.0,0.0
组织,9.0,0.0,1.0,0.0
衍生,0.0,3.0,0.0,1.0
打包,3.0,0.0,1.0,0.0
条件,6.0,0.0,1.0,0.0
货,3.0,0.0,1.0,0.0
主力,6.0,0.0,1.0,0.0
国务院,0.0,6.0,0.0,1.0
初见成效,3.0,0.0,1.0,0.0
只有,0.0,3.0,0.0,1.0
掀起,3.0,0.0,1.0,0.0
责任,6.0,0.0,1.0,0.0
装箱,6.0,0.0,1.0,0.0
力争,3.0,0.0,1.0,0.0
2.0,18.0,0.0,1.0,0.0
曾经,3.0,0.0,1.0,0.0
老鼠,3.0,0.0,1.0,0.0
同志,12.0,0.0,1.0,0.0
分析,21.0,0.0,1.0,0.0
莅临,3.0,0.0,1.0,0.0
激增,0.0,6.0,0.0,1.0
安全,15.0,9.0,0.625,0.375
通关,6.0,3.0,0.6666666666666666,0.3333333333333333
标杆,6.0,3.0,0.6666666666666666,0.3333333333333333
船坞,3.0,0.0,1.0,0.0
超标,3.0,0.0,1.0,0.0
方向,6.0,0.0,1.0,0.0
海运公司,3.0,0.0,1.0,0.0
个人,6.0,0.0,1.0,0.0
统一,3.0,0.0,1.0,0.0
600,3.0,0.0,1.0,0.0
波动,3.0,0.0,1.0,0.0
2,69.0,6.0,0.92,0.08
预算,21.0,0.0,1.0,0.0
是,138.0,45.0,0.7540983606557377,0.2459016393442623
平方公里,0.0,9.0,0.0,1.0
92,3.0,0.0,1.0,0.0
教育部,3.0,0.0,1.0,0.0
跌价,6.0,0.0,1.0,0.0
民事行为,3.0,0.0,1.0,0.0
药明,3.0,0.0,1.0,0.0
实训,3.0,0.0,1.0,0.0
走秀,3.0,0.0,1.0,0.0
成片,0.0,3.0,0.0,1.0
一系列,0.0,3.0,0.0,1.0
一次,3.0,0.0,1.0,0.0
转移,3.0,0.0,1.0,0.0
出租,15.0,0.0,1.0,0.0
伙伴,3.0,0.0,1.0,0.0
管理体系,3.0,0.0,1.0,0.0
甲板,3.0,0.0,1.0,0.0
情谊,12.0,0.0,1.0,0.0
完备,0.0,3.0,0.0,1.0
网上,0.0,3.0,0.0,1.0
权,6.0,0.0,1.0,0.0
议案,0.0,12.0,0.0,1.0
投,0.0,3.0,0.0,1.0
几大类,3.0,0.0,1.0,0.0
十多年,0.0,3.0,0.0,1.0
顶级,0.0,3.0,0.0,1.0
侧,3.0,0.0,1.0,0.0
车,0.0,6.0,0.0,1.0
FPSO,3.0,0.0,1.0,0.0
LTD,21.0,0.0,1.0,0.0
掌握,3.0,0.0,1.0,0.0
船市,3.0,0.0,1.0,0.0
名城,3.0,0.0,1.0,0.0
洲,3.0,0.0,1.0,0.0
授权,0.0,9.0,0.0,1.0
严苛,3.0,0.0,1.0,0.0
海号,33.0,0.0,1.0,0.0
成本费用,3.0,0.0,1.0,0.0
成果,18.0,0.0,1.0,0.0
18.6,3.0,0.0,1.0,0.0
十项,3.0,0.0,1.0,0.0
旅游,3.0,0.0,1.0,0.0
六年,0.0,6.0,0.0,1.0
分布,3.0,0.0,1.0,0.0
飞地,0.0,6.0,0.0,1.0
金群路,3.0,0.0,1.0,0.0
400,6.0,0.0,1.0,0.0
招租,6.0,0.0,1.0,0.0
OT0ok5Xe16sPDicYibHmUndibELTOtPibOQic7fBDK6ibZUXNkKAicY5YdeyavDZmT1hHwNw,3.0,0.0,1.0,0.0
重工,24.0,0.0,1.0,0.0
主要,27.0,12.0,0.6923076923076923,0.3076923076923077
一行,12.0,0.0,1.0,0.0
170,3.0,0.0,1.0,0.0
继续,21.0,0.0,1.0,0.0
富特,0.0,9.0,0.0,1.0
一,3.0,9.0,0.25,0.75
全球战略,0.0,3.0,0.0,1.0
民警,9.0,0.0,1.0,0.0
发酵,3.0,0.0,1.0,0.0
商务大厦,6.0,0.0,1.0,0.0
二是,3.0,0.0,1.0,0.0
半年,3.0,3.0,0.5,0.5
院士,6.0,0.0,1.0,0.0
全部,12.0,0.0,1.0,0.0
thsi,9.0,0.0,1.0,0.0
状况不佳,0.0,3.0,0.0,1.0
扎实,3.0,0.0,1.0,0.0
原因,9.0,0.0,1.0,0.0
达,0.0,6.0,0.0,1.0
是央,3.0,0.0,1.0,0.0
采取,0.0,3.0,0.0,1.0
有利于,3.0,0.0,1.0,0.0
市值,0.0,3.0,0.0,1.0
成为,12.0,12.0,0.5,0.5
出口额,6.0,0.0,1.0,0.0
判断,15.0,0.0,1.0,0.0
到来,3.0,0.0,1.0,0.0
堂堂,3.0,0.0,1.0,0.0
知识,0.0,3.0,0.0,1.0
炒作,0.0,6.0,0.0,1.0
应当,3.0,0.0,1.0,0.0
喜交,3.0,0.0,1.0,0.0
荣获,9.0,0.0,1.0,0.0
上年,3.0,0.0,1.0,0.0
特莱斯,3.0,0.0,1.0,0.0
30,30.0,0.0,1.0,0.0
‘,12.0,0.0,1.0,0.0
第一艘,9.0,0.0,1.0,0.0
技术,9.0,0.0,1.0,0.0
浦东,12.0,6.0,0.6666666666666666,0.3333333333333333
贷款,6.0,0.0,1.0,0.0
数据,9.0,0.0,1.0,0.0
一目了然,3.0,0.0,1.0,0.0
发布,18.0,3.0,0.8571428571428571,0.14285714285714285
澳大利亚,3.0,0.0,1.0,0.0
深刻,3.0,0.0,1.0,0.0
仪式,42.0,3.0,0.9333333333333333,0.06666666666666667
高级,0.0,3.0,0.0,1.0
销售,0.0,3.0,0.0,1.0
结合,18.0,3.0,0.8571428571428571,0.14285714285714285
陈述,0.0,3.0,0.0,1.0
b,3.0,0.0,1.0,0.0
名单,3.0,0.0,1.0,0.0
事项,0.0,3.0,0.0,1.0
资料,0.0,9.0,0.0,1.0
TradeWindsView,3.0,0.0,1.0,0.0
快航,9.0,0.0,1.0,0.0
周琦在,9.0,0.0,1.0,0.0
境外,0.0,6.0,0.0,1.0
门,3.0,0.0,1.0,0.0
大,21.0,9.0,0.7,0.3
大局,3.0,0.0,1.0,0.0
出口,0.0,3.0,0.0,1.0
昌里,3.0,0.0,1.0,0.0
作业区,3.0,0.0,1.0,0.0
28,18.0,0.0,1.0,0.0
6654.25,3.0,0.0,1.0,0.0
务,3.0,0.0,1.0,0.0
成本,75.0,0.0,1.0,0.0
类,9.0,0.0,1.0,0.0
层面,0.0,3.0,0.0,1.0
同心协力,3.0,0.0,1.0,0.0
误导性,0.0,3.0,0.0,1.0
推荐,6.0,0.0,1.0,0.0
水面,3.0,0.0,1.0,0.0
136404,0.0,3.0,0.0,1.0
着手,0.0,6.0,0.0,1.0
此前,3.0,0.0,1.0,0.0
查出,15.0,0.0,1.0,0.0
打,3.0,0.0,1.0,0.0
雄安,0.0,6.0,0.0,1.0
专案组,3.0,0.0,1.0,0.0
胡之奎,6.0,0.0,1.0,0.0
工装,3.0,0.0,1.0,0.0
蛇形,3.0,0.0,1.0,0.0
基地,6.0,0.0,1.0,0.0
有关,6.0,3.0,0.6666666666666666,0.3333333333333333
如下,3.0,3.0,0.5,0.5
宋薇萍,3.0,0.0,1.0,0.0
按照,48.0,3.0,0.9411764705882353,0.058823529411764705
精细,6.0,0.0,1.0,0.0
公务,3.0,0.0,1.0,0.0
服务提供商,0.0,3.0,0.0,1.0
公共服务,0.0,3.0,0.0,1.0
路径,3.0,0.0,1.0,0.0
新增,0.0,3.0,0.0,1.0
咬定,6.0,0.0,1.0,0.0
中长期,0.0,3.0,0.0,1.0
海,9.0,3.0,0.75,0.25
设置,3.0,0.0,1.0,0.0
普陀区,0.0,3.0,0.0,1.0
被,9.0,3.0,0.75,0.25
慈善,3.0,0.0,1.0,0.0
钢材价格,3.0,0.0,1.0,0.0
航头,3.0,0.0,1.0,0.0
召开,84.0,24.0,0.7777777777777778,0.2222222222222222
主体作用,3.0,0.0,1.0,0.0
六地,18.0,0.0,1.0,0.0
集成,0.0,3.0,0.0,1.0
服务平台,6.0,12.0,0.3333333333333333,0.6666666666666666
态势,6.0,0.0,1.0,0.0
阴霾,3.0,0.0,1.0,0.0
加工业,0.0,3.0,0.0,1.0
证实,3.0,0.0,1.0,0.0
第三笔,9.0,0.0,1.0,0.0
提起,3.0,0.0,1.0,0.0
总结,18.0,0.0,1.0,0.0
促发展,9.0,0.0,1.0,0.0
顶层,3.0,0.0,1.0,0.0
应变,3.0,0.0,1.0,0.0
评为,3.0,0.0,1.0,0.0
上海市,9.0,18.0,0.3333333333333333,0.6666666666666666
据介绍,3.0,0.0,1.0,0.0
周边,3.0,12.0,0.2,0.8
向前,3.0,0.0,1.0,0.0
共赢,3.0,0.0,1.0,0.0
三是,3.0,0.0,1.0,0.0
意向书,3.0,0.0,1.0,0.0
一季度,12.0,0.0,1.0,0.0
资本,9.0,0.0,1.0,0.0
注意事项,0.0,3.0,0.0,1.0
春节假期,3.0,0.0,1.0,0.0
接受,3.0,0.0,1.0,0.0
股东,18.0,24.0,0.42857142857142855,0.5714285714285714
袁幽森,3.0,0.0,1.0,0.0
双创,3.0,0.0,1.0,0.0
日首,3.0,0.0,1.0,0.0
较,3.0,3.0,0.5,0.5
中国证监会,0.0,3.0,0.0,1.0
34,9.0,0.0,1.0,0.0
社会,3.0,0.0,1.0,0.0
金融城,3.0,0.0,1.0,0.0
③,3.0,0.0,1.0,0.0
安排,3.0,0.0,1.0,0.0
系,6.0,0.0,1.0,0.0
以向,0.0,3.0,0.0,1.0
千年,0.0,3.0,0.0,1.0
过程,6.0,0.0,1.0,0.0
华彩,0.0,6.0,0.0,1.0
13585796437,3.0,0.0,1.0,0.0
顾萍,3.0,0.0,1.0,0.0
打好,3.0,0.0,1.0,0.0
本报讯,3.0,0.0,1.0,0.0
精神,15.0,0.0,1.0,0.0
拥有,3.0,6.0,0.3333333333333333,0.6666666666666666
针对,3.0,0.0,1.0,0.0
20.8,48.0,0.0,1.0,0.0
初期,3.0,6.0,0.3333333333333333,0.6666666666666666
气氛,3.0,0.0,1.0,0.0
6wJBNg2zP5m9LrIlOejLhNdcKgXI0qLAbysmflDdz1M5BJPHauo7S7oQS8ZI6yzD7wSicict9icjJA,3.0,0.0,1.0,0.0
听取,3.0,0.0,1.0,0.0
开放式,3.0,0.0,1.0,0.0
本文,0.0,3.0,0.0,1.0
00,0.0,3.0,0.0,1.0
招商局,6.0,0.0,1.0,0.0
巨幅,3.0,0.0,1.0,0.0
vOBN3BtxA46j2TtnWmI7L8KHQInrbRZRol5QW2aOy4diaFl2OarVxjUNGwW5Zsk3sW2wDOPdVqgKw,3.0,0.0,1.0,0.0
航线,27.0,0.0,1.0,0.0
范围,12.0,3.0,0.8,0.2
送雨,6.0,0.0,1.0,0.0
保交船,12.0,0.0,1.0,0.0
会员,0.0,3.0,0.0,1.0
部门,75.0,6.0,0.9259259259259259,0.07407407407407407
质量,66.0,0.0,1.0,0.0
法律法规,0.0,3.0,0.0,1.0
股印,0.0,3.0,0.0,1.0
一体化,3.0,3.0,0.5,0.5
未能,6.0,0.0,1.0,0.0
GustoMSC,3.0,0.0,1.0,0.0
中,126.0,9.0,0.9333333333333333,0.06666666666666667
根据上述,6.0,0.0,1.0,0.0
影响,3.0,0.0,1.0,0.0
矿,3.0,0.0,1.0,0.0
民品,3.0,0.0,1.0,0.0
高效,6.0,9.0,0.4,0.6
互换,3.0,0.0,1.0,0.0
600150,3.0,0.0,1.0,0.0
油船,9.0,0.0,1.0,0.0
①,3.0,0.0,1.0,0.0
最早,0.0,3.0,0.0,1.0
伦敦,6.0,0.0,1.0,0.0
一大,3.0,0.0,1.0,0.0
持续,24.0,0.0,1.0,0.0
住店,3.0,0.0,1.0,0.0
用来,3.0,0.0,1.0,0.0
犯罪团伙,3.0,0.0,1.0,0.0
贯彻,0.0,3.0,0.0,1.0
常态,9.0,0.0,1.0,0.0
江海,3.0,3.0,0.5,0.5
改为,0.0,3.0,0.0,1.0
又,36.0,0.0,1.0,0.0
日前,15.0,0.0,1.0,0.0
现金流,3.0,0.0,1.0,0.0
分别,21.0,0.0,1.0,0.0
里,3.0,0.0,1.0,0.0
JP,6.0,0.0,1.0,0.0
集卡,3.0,0.0,1.0,0.0
总,21.0,6.0,0.7777777777777778,0.2222222222222222
728,3.0,0.0,1.0,0.0
份,3.0,0.0,1.0,0.0
交易,6.0,6.0,0.5,0.5
地产,0.0,3.0,0.0,1.0
箱,3.0,0.0,1.0,0.0
新一波,3.0,0.0,1.0,0.0
潘,3.0,0.0,1.0,0.0
会议室,0.0,3.0,0.0,1.0
期限,3.0,0.0,1.0,0.0
联合,6.0,6.0,0.5,0.5
全新,9.0,0.0,1.0,0.0
公安分局,6.0,12.0,0.3333333333333333,0.6666666666666666
创建,0.0,3.0,0.0,1.0
当初,0.0,9.0,0.0,1.0
一是,3.0,0.0,1.0,0.0
b2kla9NtiazZhs2RTqOGvlXRkrjOaLjvhaS9Buovfkyxy6DB67aniaNWMMKzB8nJ25KHjVajp7MUQ,3.0,0.0,1.0,0.0
其实,6.0,0.0,1.0,0.0
个分,3.0,0.0,1.0,0.0
改善,24.0,0.0,1.0,0.0
迅速,3.0,0.0,1.0,0.0
撤单,6.0,0.0,1.0,0.0
?,108.0,0.0,1.0,0.0
为,198.0,54.0,0.7857142857142857,0.21428571428571427
蒸蒸日上,3.0,0.0,1.0,0.0
板块,0.0,9.0,0.0,1.0
新工法,12.0,0.0,1.0,0.0
包,3.0,0.0,1.0,0.0
相关,21.0,12.0,0.6363636363636364,0.36363636363636365
中国电信,0.0,3.0,0.0,1.0
管理模式,3.0,0.0,1.0,0.0
■,3.0,0.0,1.0,0.0
一改,3.0,0.0,1.0,0.0
ST,0.0,6.0,0.0,1.0
油,3.0,0.0,1.0,0.0
何,6.0,0.0,1.0,0.0
很多,3.0,0.0,1.0,0.0
向,18.0,3.0,0.8571428571428571,0.14285714285714285
广亨,3.0,0.0,1.0,0.0
中科院,6.0,0.0,1.0,0.0
委员,6.0,0.0,1.0,0.0
赴,3.0,0.0,1.0,0.0
入驻,6.0,6.0,0.5,0.5
下单,12.0,0.0,1.0,0.0
很,3.0,0.0,1.0,0.0
格局,6.0,0.0,1.0,0.0
锦江,0.0,9.0,0.0,1.0
②,6.0,0.0,1.0,0.0
基本,6.0,0.0,1.0,0.0
随后,9.0,0.0,1.0,0.0
减价,3.0,0.0,1.0,0.0
27,3.0,0.0,1.0,0.0
关系,15.0,0.0,1.0,0.0
放松,6.0,0.0,1.0,0.0
HGG,3.0,0.0,1.0,0.0
AUjgLU6S9ZdtAbqibe3GnFP2j325AQNaibi,3.0,0.0,1.0,0.0
游,3.0,0.0,1.0,0.0
特点,3.0,0.0,1.0,0.0
设施,3.0,3.0,0.5,0.5
指挥部,9.0,0.0,1.0,0.0
组建,0.0,3.0,0.0,1.0
自,3.0,0.0,1.0,0.0
包含,3.0,0.0,1.0,0.0
32,3.0,0.0,1.0,0.0
07,3.0,0.0,1.0,0.0
立足,0.0,6.0,0.0,1.0
依托,6.0,6.0,0.5,0.5
预计,69.0,0.0,1.0,0.0
基金,0.0,9.0,0.0,1.0
伊丽莎白,0.0,3.0,0.0,1.0
聚集,3.0,0.0,1.0,0.0
丽,3.0,0.0,1.0,0.0
GOLDEN,6.0,0.0,1.0,0.0
主任,9.0,12.0,0.42857142857142855,0.5714285714285714
),57.0,18.0,0.76,0.24
c,3.0,0.0,1.0,0.0
强中,0.0,3.0,0.0,1.0
上钢,6.0,0.0,1.0,0.0
华鑫,18.0,0.0,1.0,0.0
万,15.0,0.0,1.0,0.0
陈冠凌,3.0,0.0,1.0,0.0
积极,15.0,0.0,1.0,0.0
满载,3.0,0.0,1.0,0.0
隶属,0.0,3.0,0.0,1.0
右,0.0,3.0,0.0,1.0
认真贯彻,6.0,0.0,1.0,0.0
连带责任,0.0,3.0,0.0,1.0
jpg,30.0,0.0,1.0,0.0
中下游,3.0,0.0,1.0,0.0
兹,0.0,3.0,0.0,1.0
人员,12.0,0.0,1.0,0.0
H1413,3.0,0.0,1.0,0.0
2014,6.0,6.0,0.5,0.5
一身,0.0,3.0,0.0,1.0
贯彻落实,9.0,0.0,1.0,0.0
迪士尼,6.0,0.0,1.0,0.0
董事,0.0,9.0,0.0,1.0
并举,0.0,3.0,0.0,1.0
1936,12.0,0.0,1.0,0.0
专门,0.0,3.0,0.0,1.0
表现,3.0,0.0,1.0,0.0
宣传,0.0,3.0,0.0,1.0
独立,0.0,3.0,0.0,1.0
生产,99.0,6.0,0.9428571428571428,0.05714285714285714
61,3.0,0.0,1.0,0.0
顺利,36.0,3.0,0.9230769230769231,0.07692307692307693
节省,3.0,0.0,1.0,0.0
非生产,3.0,0.0,1.0,0.0
处理,3.0,0.0,1.0,0.0
充分发挥,18.0,0.0,1.0,0.0
消费,12.0,3.0,0.8,0.2
课程,3.0,0.0,1.0,0.0
改革,15.0,9.0,0.625,0.375
四是,3.0,0.0,1.0,0.0
含,3.0,3.0,0.5,0.5
100,3.0,9.0,0.25,0.75
事业部,15.0,0.0,1.0,0.0
实质性,0.0,3.0,0.0,1.0
撰写,3.0,0.0,1.0,0.0
倍,0.0,12.0,0.0,1.0
重新,9.0,0.0,1.0,0.0
来源,0.0,3.0,0.0,1.0
暂停,3.0,0.0,1.0,0.0
万美元,18.0,0.0,1.0,0.0
产业园,0.0,39.0,0.0,1.0
举行,36.0,3.0,0.9230769230769231,0.07692307692307693
102.19,3.0,0.0,1.0,0.0
五,0.0,3.0,0.0,1.0
德,12.0,0.0,1.0,0.0
均衡生产,3.0,0.0,1.0,0.0
70,9.0,0.0,1.0,0.0
gicmTGQE0WGiaSRKdChzRuef9p4kNiaYhb4vmEr04tOfhUGKQSYSQZCkxIIssicjKoibcD6UWV1PJ08arhxOO1uC14w,3.0,0.0,1.0,0.0
筹备,0.0,3.0,0.0,1.0
最,12.0,3.0,0.8,0.2
致贺,3.0,0.0,1.0,0.0
定价,3.0,0.0,1.0,0.0
党,3.0,0.0,1.0,0.0
保证,6.0,3.0,0.6666666666666666,0.3333333333333333
暴出,3.0,0.0,1.0,0.0
城投,3.0,6.0,0.3333333333333333,0.6666666666666666
仍旧,3.0,0.0,1.0,0.0
称号,3.0,0.0,1.0,0.0
潮流,6.0,3.0,0.6666666666666666,0.3333333333333333
要求,51.0,3.0,0.9444444444444444,0.05555555555555555
暨,3.0,0.0,1.0,0.0
要,51.0,0.0,1.0,0.0
上海浦东,0.0,3.0,0.0,1.0
众创,3.0,0.0,1.0,0.0
党建,27.0,0.0,1.0,0.0
第一条,0.0,3.0,0.0,1.0
一站式,0.0,6.0,0.0,1.0
专题,15.0,0.0,1.0,0.0
9.35,0.0,3.0,0.0,1.0
gicmTGQE0WGhB8XoBV5kiar2s0SYPOxO0KPiaysSQfFGhWmO5fDVVFyCicHreT6VYX37z340dZKjic2PHCgqOEZmfTA,3.0,0.0,1.0,0.0
本人,0.0,3.0,0.0,1.0
城市化,0.0,6.0,0.0,1.0
滨海,3.0,0.0,1.0,0.0
工程,6.0,3.0,0.6666666666666666,0.3333333333333333
楼,9.0,0.0,1.0,0.0
 ,528.0,1227.0,0.30085470085470084,0.6991452991452991
Fund,3.0,0.0,1.0,0.0
携,0.0,3.0,0.0,1.0
顾路,3.0,0.0,1.0,0.0
8.06,0.0,3.0,0.0,1.0
900912,3.0,15.0,0.16666666666666666,0.8333333333333334
支持,15.0,9.0,0.625,0.375
海外,3.0,0.0,1.0,0.0
如期,3.0,0.0,1.0,0.0
提前,3.0,0.0,1.0,0.0
女士,0.0,3.0,0.0,1.0
减值,21.0,0.0,1.0,0.0
算,0.0,3.0,0.0,1.0
度假,3.0,0.0,1.0,0.0
深入探讨,3.0,0.0,1.0,0.0
海轮,15.0,0.0,1.0,0.0
五号,3.0,0.0,1.0,0.0
统筹规划,3.0,0.0,1.0,0.0
上海港,15.0,0.0,1.0,0.0
手持,3.0,0.0,1.0,0.0
订单,57.0,0.0,1.0,0.0
报,3.0,0.0,1.0,0.0
跨国公司,3.0,0.0,1.0,0.0
000,6.0,0.0,1.0,0.0
批船,3.0,0.0,1.0,0.0
功能,21.0,18.0,0.5384615384615384,0.46153846153846156
科技园,45.0,0.0,1.0,0.0
人事部,6.0,0.0,1.0,0.0
打造出,6.0,0.0,1.0,0.0
一名,3.0,0.0,1.0,0.0
科普,0.0,3.0,0.0,1.0
另外,6.0,0.0,1.0,0.0
表决权,0.0,3.0,0.0,1.0
古镇,3.0,0.0,1.0,0.0
非船,3.0,0.0,1.0,0.0
20000,3.0,0.0,1.0,0.0
集体,6.0,0.0,1.0,0.0
离岸,3.0,0.0,1.0,0.0
管船,6.0,0.0,1.0,0.0
才能,3.0,0.0,1.0,0.0
工作组,3.0,0.0,1.0,0.0
22.5,3.0,0.0,1.0,0.0
作为,21.0,3.0,0.875,0.125
综合,21.0,6.0,0.7777777777777778,0.2222222222222222
攻坚克难,3.0,0.0,1.0,0.0
下同,3.0,0.0,1.0,0.0
管理部,33.0,0.0,1.0,0.0
进境,3.0,0.0,1.0,0.0
注册,15.0,0.0,1.0,0.0
启,0.0,3.0,0.0,1.0
截至,0.0,9.0,0.0,1.0
聚众赌博,3.0,0.0,1.0,0.0
目前,36.0,15.0,0.7058823529411765,0.29411764705882354
转自,0.0,3.0,0.0,1.0
提议,0.0,3.0,0.0,1.0
View,3.0,0.0,1.0,0.0
持有,9.0,0.0,1.0,0.0
该局,3.0,0.0,1.0,0.0
《,12.0,21.0,0.36363636363636365,0.6363636363636364
秉承,12.0,0.0,1.0,0.0
测算,9.0,0.0,1.0,0.0
作,3.0,0.0,1.0,0.0
坚实,3.0,0.0,1.0,0.0
点选,3.0,0.0,1.0,0.0
化妆品,66.0,66.0,0.5,0.5
RcBNMpfo5LfjIbkJaUtcVYStFZ1iboibMI7p6cRQDcsJoSFOCKZ3ubKuk47TA65REKzJJmLTPb8qZ4BrbDdwDoZQ,3.0,0.0,1.0,0.0
分钟,3.0,0.0,1.0,0.0
要素,0.0,3.0,0.0,1.0
D,3.0,3.0,0.5,0.5
五个,0.0,3.0,0.0,1.0
专项,21.0,0.0,1.0,0.0
发布会,12.0,0.0,1.0,0.0
_,141.0,0.0,1.0,0.0
可能,9.0,0.0,1.0,0.0
官,0.0,3.0,0.0,1.0
见底,3.0,0.0,1.0,0.0
第二,3.0,6.0,0.3333333333333333,0.6666666666666666
翅膀,9.0,0.0,1.0,0.0
多元,3.0,0.0,1.0,0.0
升级,9.0,0.0,1.0,0.0
了解,9.0,3.0,0.75,0.25
奔,0.0,3.0,0.0,1.0
推广,0.0,3.0,0.0,1.0
委托,0.0,9.0,0.0,1.0
富利,6.0,0.0,1.0,0.0
表彰,3.0,0.0,1.0,0.0
直达,18.0,0.0,1.0,0.0
危机,3.0,0.0,1.0,0.0
总箱量,3.0,0.0,1.0,0.0
食品药品,0.0,3.0,0.0,1.0
全力,9.0,0.0,1.0,0.0
境内,3.0,0.0,1.0,0.0
国资委,0.0,3.0,0.0,1.0
房及,3.0,0.0,1.0,0.0
过,9.0,0.0,1.0,0.0
跨境,0.0,12.0,0.0,1.0
研讨,3.0,0.0,1.0,0.0
IP,3.0,0.0,1.0,0.0
副,9.0,12.0,0.42857142857142855,0.5714285714285714
机动车,0.0,6.0,0.0,1.0
首批,3.0,0.0,1.0,0.0
分销,3.0,0.0,1.0,0.0
全年,18.0,0.0,1.0,0.0
书法,6.0,0.0,1.0,0.0
最高,0.0,6.0,0.0,1.0
展开,3.0,3.0,0.5,0.5
；,63.0,6.0,0.9130434782608695,0.08695652173913043
e,9.0,0.0,1.0,0.0
上海证券交易所,6.0,3.0,0.6666666666666666,0.3333333333333333
紧紧围绕,6.0,0.0,1.0,0.0
既,3.0,0.0,1.0,0.0
文化馆,9.0,0.0,1.0,0.0
沪,0.0,3.0,0.0,1.0
联系人,3.0,0.0,1.0,0.0
保税区,72.0,75.0,0.4897959183673469,0.5102040816326531
配套,12.0,18.0,0.4,0.6
同达,0.0,6.0,0.0,1.0
无柱,3.0,0.0,1.0,0.0
万里,3.0,0.0,1.0,0.0
统计,3.0,3.0,0.5,0.5
~,0.0,3.0,0.0,1.0
加工,0.0,6.0,0.0,1.0
开放型,0.0,3.0,0.0,1.0
16,15.0,12.0,0.5555555555555556,0.4444444444444444
急难险重,3.0,0.0,1.0,0.0
两岸,21.0,0.0,1.0,0.0
还,24.0,6.0,0.8,0.2
启用,0.0,12.0,0.0,1.0
涂装,30.0,0.0,1.0,0.0
陆家嘴,3.0,6.0,0.3333333333333333,0.6666666666666666
TradeWinds,3.0,0.0,1.0,0.0
目标,48.0,12.0,0.8,0.2
I,0.0,3.0,0.0,1.0
并,45.0,12.0,0.7894736842105263,0.21052631578947367
伟图,3.0,0.0,1.0,0.0
23,9.0,3.0,0.75,0.25
经济学家,3.0,0.0,1.0,0.0
香港,15.0,3.0,0.8333333333333334,0.16666666666666666
登陆,6.0,0.0,1.0,0.0
指定,3.0,0.0,1.0,0.0
中证,0.0,3.0,0.0,1.0
19,30.0,0.0,1.0,0.0
|,27.0,0.0,1.0,0.0
喜来登,24.0,0.0,1.0,0.0
28.09,0.0,3.0,0.0,1.0
活力,6.0,0.0,1.0,0.0
请求,6.0,0.0,1.0,0.0
而南船,6.0,0.0,1.0,0.0
迈出,9.0,3.0,0.75,0.25
彻底,3.0,0.0,1.0,0.0
分管领导,3.0,0.0,1.0,0.0
研发,36.0,0.0,1.0,0.0
指出,24.0,0.0,1.0,0.0
之一,12.0,3.0,0.8,0.2
通行,3.0,0.0,1.0,0.0
爱,3.0,3.0,0.5,0.5
股东会,0.0,3.0,0.0,1.0
8482TEU,3.0,0.0,1.0,0.0
相对,0.0,3.0,0.0,1.0
水平,6.0,0.0,1.0,0.0
Global,6.0,0.0,1.0,0.0
座谈会,15.0,0.0,1.0,0.0
对应,3.0,0.0,1.0,0.0
中小,0.0,3.0,0.0,1.0
钟表,3.0,0.0,1.0,0.0
领军,3.0,0.0,1.0,0.0
办,0.0,6.0,0.0,1.0
/,450.0,18.0,0.9615384615384616,0.038461538461538464
肯定,3.0,6.0,0.3333333333333333,0.6666666666666666
免费,3.0,0.0,1.0,0.0
业内,9.0,0.0,1.0,0.0
据悉,6.0,0.0,1.0,0.0
人才,3.0,0.0,1.0,0.0
亏损,3.0,0.0,1.0,0.0
证券网,3.0,0.0,1.0,0.0
总长,3.0,0.0,1.0,0.0
们,3.0,0.0,1.0,0.0
跟踪,3.0,0.0,1.0,0.0
型材,3.0,0.0,1.0,0.0
意识,9.0,0.0,1.0,0.0
五是,3.0,0.0,1.0,0.0
一家,9.0,0.0,1.0,0.0
近期,6.0,0.0,1.0,0.0
不足,3.0,0.0,1.0,0.0
一定,18.0,3.0,0.8571428571428571,0.14285714285714285
降低,3.0,0.0,1.0,0.0
推出,12.0,0.0,1.0,0.0
窗口,0.0,6.0,0.0,1.0
底线,6.0,0.0,1.0,0.0
已经,6.0,0.0,1.0,0.0
著名,0.0,3.0,0.0,1.0
买入,3.0,0.0,1.0,0.0
小型,3.0,0.0,1.0,0.0
余,3.0,0.0,1.0,0.0
停车场,3.0,0.0,1.0,0.0
现实,3.0,0.0,1.0,0.0
遗漏,0.0,3.0,0.0,1.0
广利,9.0,0.0,1.0,0.0
ynsgl2016,3.0,0.0,1.0,0.0
运输船,3.0,0.0,1.0,0.0
%,30.0,30.0,0.5,0.5
共同,15.0,6.0,0.7142857142857143,0.2857142857142857
好,6.0,3.0,0.6666666666666666,0.3333333333333333
陈剑威,21.0,0.0,1.0,0.0
班,3.0,0.0,1.0,0.0
检查,6.0,0.0,1.0,0.0
船企,6.0,0.0,1.0,0.0
37,0.0,3.0,0.0,1.0
三个,3.0,0.0,1.0,0.0
超大型,12.0,0.0,1.0,0.0
见证,6.0,0.0,1.0,0.0
X100,3.0,0.0,1.0,0.0
期间,9.0,0.0,1.0,0.0
客户,15.0,3.0,0.8333333333333334,0.16666666666666666
修订,0.0,6.0,0.0,1.0
效应,6.0,3.0,0.6666666666666666,0.3333333333333333
纪纲,6.0,0.0,1.0,0.0
转化,3.0,0.0,1.0,0.0
面对,6.0,0.0,1.0,0.0
联系电话,3.0,0.0,1.0,0.0
数为,0.0,3.0,0.0,1.0
裕宙,3.0,0.0,1.0,0.0
立方米,3.0,0.0,1.0,0.0
20000TEU,9.0,0.0,1.0,0.0
辐射,6.0,0.0,1.0,0.0
控制,9.0,3.0,0.75,0.25
上班族,6.0,0.0,1.0,0.0
讯,3.0,0.0,1.0,0.0
三家,3.0,0.0,1.0,0.0
齐,9.0,0.0,1.0,0.0
转口贸易,0.0,3.0,0.0,1.0
隔离区,6.0,0.0,1.0,0.0
具有,15.0,3.0,0.8333333333333334,0.16666666666666666
南汇,9.0,0.0,1.0,0.0
公司章程,0.0,3.0,0.0,1.0
坚决,18.0,0.0,1.0,0.0
走势,0.0,6.0,0.0,1.0
方式,12.0,15.0,0.4444444444444444,0.5555555555555556
航速,3.0,0.0,1.0,0.0
订造,21.0,0.0,1.0,0.0
减亏,6.0,0.0,1.0,0.0
客人,3.0,0.0,1.0,0.0
检查员,3.0,0.0,1.0,0.0
职能,3.0,3.0,0.5,0.5
妆新,3.0,0.0,1.0,0.0
进口商品,0.0,3.0,0.0,1.0
多位,0.0,3.0,0.0,1.0
取得,24.0,3.0,0.8888888888888888,0.1111111111111111
新闻,21.0,0.0,1.0,0.0
宣布,3.0,0.0,1.0,0.0
商机,0.0,3.0,0.0,1.0
!,0.0,6.0,0.0,1.0
方针,3.0,0.0,1.0,0.0
对于,6.0,0.0,1.0,0.0
利好,0.0,3.0,0.0,1.0
725,3.0,0.0,1.0,0.0
地点,0.0,6.0,0.0,1.0
号馆,0.0,3.0,0.0,1.0
澄西,6.0,0.0,1.0,0.0
增添,6.0,0.0,1.0,0.0
管理人员,9.0,3.0,0.75,0.25
揭牌,3.0,3.0,0.5,0.5
该船,3.0,0.0,1.0,0.0
远洋运输,12.0,0.0,1.0,0.0
短短,3.0,0.0,1.0,0.0
能够,3.0,0.0,1.0,0.0
型,72.0,0.0,1.0,0.0
获奖,9.0,0.0,1.0,0.0
698,3.0,0.0,1.0,0.0
两学,3.0,0.0,1.0,0.0
一纸,3.0,0.0,1.0,0.0
船舶,129.0,0.0,1.0,0.0
第二批,3.0,0.0,1.0,0.0
57,3.0,0.0,1.0,0.0
创之风,3.0,0.0,1.0,0.0
陪同,3.0,0.0,1.0,0.0
三大,12.0,0.0,1.0,0.0
驾驶人员,0.0,6.0,0.0,1.0
摄影,3.0,0.0,1.0,0.0
部署,21.0,0.0,1.0,0.0
13651956290,3.0,0.0,1.0,0.0
各界,12.0,0.0,1.0,0.0
交通,3.0,18.0,0.14285714285714285,0.8571428571428571
副局长,3.0,6.0,0.3333333333333333,0.6666666666666666
优势,21.0,6.0,0.7777777777777778,0.2222222222222222
参加,18.0,3.0,0.8571428571428571,0.14285714285714285
钻井,24.0,0.0,1.0,0.0
http,60.0,0.0,1.0,0.0
现场,9.0,3.0,0.75,0.25
应,0.0,6.0,0.0,1.0
由,45.0,15.0,0.75,0.25
好感,3.0,0.0,1.0,0.0
坏账,9.0,0.0,1.0,0.0
特别,0.0,6.0,0.0,1.0
IC,3.0,0.0,1.0,0.0
每艘,3.0,0.0,1.0,0.0
科,3.0,0.0,1.0,0.0
亚军,6.0,0.0,1.0,0.0
全力以赴,6.0,0.0,1.0,0.0
发布公告,6.0,0.0,1.0,0.0
晴朗,3.0,0.0,1.0,0.0
事前,0.0,3.0,0.0,1.0
国有资产,0.0,3.0,0.0,1.0
碧空如洗,3.0,0.0,1.0,0.0
指南针,3.0,0.0,1.0,0.0
69,6.0,0.0,1.0,0.0
点击,0.0,3.0,0.0,1.0
均,3.0,6.0,0.3333333333333333,0.6666666666666666
直面,3.0,0.0,1.0,0.0
市场占有率,3.0,0.0,1.0,0.0
成功,9.0,0.0,1.0,0.0
开展,27.0,0.0,1.0,0.0
必将,3.0,0.0,1.0,0.0
电商,0.0,9.0,0.0,1.0
本,6.0,15.0,0.2857142857142857,0.7142857142857143
影响力,6.0,0.0,1.0,0.0
劳动密集型,3.0,0.0,1.0,0.0
拿出,3.0,0.0,1.0,0.0
概念股,0.0,3.0,0.0,1.0
提供,27.0,18.0,0.6,0.4
SWS,24.0,0.0,1.0,0.0
不忘,3.0,0.0,1.0,0.0
迎春,3.0,0.0,1.0,0.0
优力博,3.0,0.0,1.0,0.0
造船公司,15.0,0.0,1.0,0.0
那些,3.0,0.0,1.0,0.0
重塑,3.0,0.0,1.0,0.0
能力,12.0,0.0,1.0,0.0
财经,0.0,3.0,0.0,1.0
莫属,0.0,3.0,0.0,1.0
节,3.0,0.0,1.0,0.0
8.6,3.0,0.0,1.0,0.0
营业,6.0,0.0,1.0,0.0
萌萌,0.0,3.0,0.0,1.0
33.39,0.0,3.0,0.0,1.0
相结,0.0,3.0,0.0,1.0
联运,3.0,0.0,1.0,0.0
生物科技,0.0,6.0,0.0,1.0
汽车,3.0,0.0,1.0,0.0
惯例,3.0,0.0,1.0,0.0
增资,12.0,0.0,1.0,0.0
造,3.0,0.0,1.0,0.0
第,36.0,0.0,1.0,0.0
运营商,0.0,3.0,0.0,1.0
280,0.0,3.0,0.0,1.0
抓,3.0,0.0,1.0,0.0
油箱,3.0,0.0,1.0,0.0
对华,3.0,0.0,1.0,0.0
引发,3.0,0.0,1.0,0.0
昆明,9.0,0.0,1.0,0.0
消除,3.0,0.0,1.0,0.0
前,3.0,0.0,1.0,0.0
2010,0.0,3.0,0.0,1.0
周曦,6.0,0.0,1.0,0.0
造出来,3.0,0.0,1.0,0.0
显著,3.0,3.0,0.5,0.5
wx,102.0,0.0,1.0,0.0
稳健,3.0,0.0,1.0,0.0
太极拳,3.0,0.0,1.0,0.0
微信,3.0,12.0,0.2,0.8
资产,30.0,9.0,0.7692307692307693,0.23076923076923078
明确,9.0,0.0,1.0,0.0
增效,18.0,0.0,1.0,0.0
PX121H,3.0,0.0,1.0,0.0
报警,6.0,0.0,1.0,0.0
机会,0.0,3.0,0.0,1.0
强调,9.0,0.0,1.0,0.0
A13,3.0,0.0,1.0,0.0
总经理,54.0,3.0,0.9473684210526315,0.05263157894736842
数额,0.0,3.0,0.0,1.0
稳步,6.0,0.0,1.0,0.0
新村,6.0,0.0,1.0,0.0
海路,3.0,0.0,1.0,0.0
航运,12.0,0.0,1.0,0.0
接,3.0,0.0,1.0,0.0
造价,3.0,0.0,1.0,0.0
房地产,0.0,9.0,0.0,1.0
哒,0.0,3.0,0.0,1.0
众多,6.0,3.0,0.6666666666666666,0.3333333333333333
侦查,6.0,0.0,1.0,0.0
突出,21.0,0.0,1.0,0.0
远洋,15.0,0.0,1.0,0.0
好转,6.0,0.0,1.0,0.0
地块,0.0,3.0,0.0,1.0
约,24.0,6.0,0.8,0.2
规划,9.0,24.0,0.2727272727272727,0.7272727272727273
备案,9.0,3.0,0.75,0.25
2015,45.0,0.0,1.0,0.0
零售,6.0,0.0,1.0,0.0
开发商,0.0,3.0,0.0,1.0
天猫,0.0,3.0,0.0,1.0
做出,6.0,0.0,1.0,0.0
融合,3.0,0.0,1.0,0.0
亿,0.0,9.0,0.0,1.0
会计,3.0,0.0,1.0,0.0
方面,24.0,6.0,0.8,0.2
8.23,0.0,3.0,0.0,1.0
契机,6.0,0.0,1.0,0.0
接获,3.0,0.0,1.0,0.0
身后,0.0,3.0,0.0,1.0
PTE,3.0,0.0,1.0,0.0
上港,0.0,3.0,0.0,1.0
艘,150.0,0.0,1.0,0.0
丰硕,6.0,0.0,1.0,0.0
经营,48.0,12.0,0.8,0.2
理想,3.0,0.0,1.0,0.0
哦,0.0,3.0,0.0,1.0
煤焦,3.0,0.0,1.0,0.0
全球化,3.0,0.0,1.0,0.0
技术革新,3.0,0.0,1.0,0.0
开放,0.0,3.0,0.0,1.0
Subsea7,6.0,0.0,1.0,0.0
切割,3.0,0.0,1.0,0.0
017,0.0,3.0,0.0,1.0
合同价,3.0,0.0,1.0,0.0
鸣起,3.0,0.0,1.0,0.0
靖海,3.0,0.0,1.0,0.0
行业,9.0,3.0,0.75,0.25
上海地区,3.0,0.0,1.0,0.0
该,48.0,12.0,0.8,0.2
年度,45.0,9.0,0.8333333333333334,0.16666666666666666
20,6.0,3.0,0.6666666666666666,0.3333333333333333
p,3.0,0.0,1.0,0.0
比,6.0,0.0,1.0,0.0
领域,3.0,0.0,1.0,0.0
g8VJpQEt4ywF2UkjhAicZdvbmFwp0s7zIhvjGq9XFMXvB9QX5nK0sOpsf0KVMmtZA7ekguxxPglEq9BPDlSnyhA,3.0,0.0,1.0,0.0
行,6.0,0.0,1.0,0.0
有限公司,204.0,90.0,0.6938775510204082,0.30612244897959184
具体措施,3.0,0.0,1.0,0.0
富余,3.0,0.0,1.0,0.0
数据分析,3.0,0.0,1.0,0.0
汇报,6.0,0.0,1.0,0.0
任,0.0,3.0,0.0,1.0
折磨,3.0,0.0,1.0,0.0
教学楼,3.0,0.0,1.0,0.0
13788908212,3.0,0.0,1.0,0.0
技术咨询,0.0,3.0,0.0,1.0
灯光,3.0,0.0,1.0,0.0
个,21.0,15.0,0.5833333333333334,0.4166666666666667
参观,3.0,0.0,1.0,0.0
呈上升,3.0,0.0,1.0,0.0
用地,0.0,3.0,0.0,1.0
巡视员,3.0,0.0,1.0,0.0
主意,6.0,0.0,1.0,0.0
研究所,3.0,0.0,1.0,0.0
地区,18.0,3.0,0.8571428571428571,0.14285714285714285
改造,3.0,0.0,1.0,0.0
毕竟,0.0,3.0,0.0,1.0
股份公司,3.0,6.0,0.3333333333333333,0.6666666666666666
旗袍,3.0,0.0,1.0,0.0
集团,63.0,30.0,0.6774193548387096,0.3225806451612903
科技部,3.0,0.0,1.0,0.0
3.75,0.0,3.0,0.0,1.0
厂,6.0,0.0,1.0,0.0
北路,0.0,3.0,0.0,1.0
董事长,24.0,0.0,1.0,0.0
电子,3.0,3.0,0.5,0.5
依旧,3.0,0.0,1.0,0.0
瘦体,3.0,0.0,1.0,0.0
庞大,3.0,0.0,1.0,0.0
特殊,3.0,3.0,0.5,0.5
大学,18.0,0.0,1.0,0.0
回复,3.0,0.0,1.0,0.0
庄勤,12.0,0.0,1.0,0.0
船舶工业,18.0,0.0,1.0,0.0
CJ46,15.0,0.0,1.0,0.0
陶颖,12.0,0.0,1.0,0.0
联办,0.0,3.0,0.0,1.0
艺术,3.0,0.0,1.0,0.0
186,3.0,0.0,1.0,0.0
分中心,6.0,0.0,1.0,0.0
达成,3.0,0.0,1.0,0.0
资源,12.0,3.0,0.8,0.2
协和,0.0,6.0,0.0,1.0
新篇章,9.0,0.0,1.0,0.0
江南,9.0,0.0,1.0,0.0
街,3.0,0.0,1.0,0.0
强化,15.0,0.0,1.0,0.0
之后,6.0,0.0,1.0,0.0
砥砺,9.0,0.0,1.0,0.0
下方,0.0,3.0,0.0,1.0
冲减,6.0,0.0,1.0,0.0
个股,0.0,6.0,0.0,1.0
单一,3.0,0.0,1.0,0.0
管理水平,9.0,0.0,1.0,0.0
第一个,3.0,6.0,0.3333333333333333,0.6666666666666666
陶艺,6.0,0.0,1.0,0.0
云集,3.0,0.0,1.0,0.0
附件,0.0,6.0,0.0,1.0
负债,3.0,0.0,1.0,0.0
要务,3.0,0.0,1.0,0.0
项目管理,3.0,0.0,1.0,0.0
周琦,12.0,0.0,1.0,0.0
373,3.0,0.0,1.0,0.0
开创,3.0,0.0,1.0,0.0
代表,12.0,3.0,0.8,0.2
反转,0.0,3.0,0.0,1.0
集运,6.0,0.0,1.0,0.0
石油,6.0,0.0,1.0,0.0
疑问,3.0,0.0,1.0,0.0
31.8,15.0,0.0,1.0,0.0
采用,0.0,3.0,0.0,1.0
168.36,0.0,3.0,0.0,1.0
↙,0.0,3.0,0.0,1.0
管,6.0,6.0,0.5,0.5
牵头,3.0,0.0,1.0,0.0
天然气,3.0,0.0,1.0,0.0
元宵节,3.0,0.0,1.0,0.0
下述,3.0,0.0,1.0,0.0
在于,3.0,0.0,1.0,0.0
以来,6.0,3.0,0.6666666666666666,0.3333333333333333
分公司,0.0,6.0,0.0,1.0
依据,3.0,0.0,1.0,0.0
业务范围,3.0,0.0,1.0,0.0
未,9.0,3.0,0.75,0.25
充分认识,3.0,0.0,1.0,0.0
胤,6.0,0.0,1.0,0.0
高管,3.0,0.0,1.0,0.0
临近,6.0,0.0,1.0,0.0
186000,3.0,0.0,1.0,0.0
责任书,3.0,0.0,1.0,0.0
入海,3.0,0.0,1.0,0.0
突破,15.0,0.0,1.0,0.0
强有力,9.0,0.0,1.0,0.0
cn,60.0,0.0,1.0,0.0
本次,18.0,3.0,0.8571428571428571,0.14285714285714285
航运公司,3.0,0.0,1.0,0.0
技术含量,3.0,0.0,1.0,0.0
●,0.0,3.0,0.0,1.0
新兴,3.0,0.0,1.0,0.0
备选,3.0,0.0,1.0,0.0
于俊,3.0,0.0,1.0,0.0
任务,36.0,0.0,1.0,0.0
小时,6.0,0.0,1.0,0.0
公司,174.0,72.0,0.7073170731707317,0.2926829268292683
finance,3.0,0.0,1.0,0.0
树立,3.0,0.0,1.0,0.0
战役,3.0,0.0,1.0,0.0
场内,0.0,3.0,0.0,1.0
赞赏,3.0,0.0,1.0,0.0
李清,3.0,0.0,1.0,0.0
增至,3.0,0.0,1.0,0.0
PPP,3.0,0.0,1.0,0.0
度,15.0,0.0,1.0,0.0
机械,0.0,3.0,0.0,1.0
卡车,6.0,0.0,1.0,0.0
合作,69.0,3.0,0.9583333333333334,0.041666666666666664
深圳,12.0,0.0,1.0,0.0
每日,9.0,0.0,1.0,0.0
各项,18.0,0.0,1.0,0.0
g,6.0,0.0,1.0,0.0
探索,3.0,3.0,0.5,0.5
图,30.0,12.0,0.7142857142857143,0.2857142857142857
G,0.0,3.0,0.0,1.0
