日,3.0,87.0,0.03333333333333333,0.9666666666666667
第九届,3.0,0.0,1.0,0.0
走向,6.0,0.0,1.0,0.0
思想,3.0,0.0,1.0,0.0
华南理工大学,3.0,0.0,1.0,0.0
复苏,9.0,0.0,1.0,0.0
及其,0.0,6.0,0.0,1.0
交通枢纽,3.0,0.0,1.0,0.0
创意,3.0,0.0,1.0,0.0
一名,3.0,0.0,1.0,0.0
动力装置,3.0,0.0,1.0,0.0
禀赋,3.0,0.0,1.0,0.0
领导,6.0,0.0,1.0,0.0
航站楼,3.0,0.0,1.0,0.0
市,3.0,0.0,1.0,0.0
共享,3.0,0.0,1.0,0.0
县域,3.0,0.0,1.0,0.0
信息沟通,3.0,0.0,1.0,0.0
环保,3.0,3.0,0.5,0.5
3.57,3.0,0.0,1.0,0.0
:,0.0,9.0,0.0,1.0
发挥,6.0,0.0,1.0,0.0
0,21.0,0.0,1.0,0.0
抬头,9.0,0.0,1.0,0.0
光辉灿烂,6.0,0.0,1.0,0.0
再,3.0,0.0,1.0,0.0
实际,3.0,0.0,1.0,0.0
平稳,6.0,3.0,0.6666666666666666,0.3333333333333333
92.14,0.0,3.0,0.0,1.0
杨育,6.0,0.0,1.0,0.0
邯山,6.0,0.0,1.0,0.0
变频器,0.0,6.0,0.0,1.0
激情,3.0,0.0,1.0,0.0
加大,6.0,0.0,1.0,0.0
招股书,3.0,0.0,1.0,0.0
秘书,0.0,3.0,0.0,1.0
加码,0.0,3.0,0.0,1.0
3.99,3.0,0.0,1.0,0.0
最后,0.0,3.0,0.0,1.0
坚持,3.0,0.0,1.0,0.0
chart,0.0,6.0,0.0,1.0
10,9.0,16.0,0.36,0.64
除权,0.0,3.0,0.0,1.0
转换成,3.0,0.0,1.0,0.0
股份,15.0,27.0,0.35714285714285715,0.6428571428571429
内容,0.0,12.0,0.0,1.0
亿元,9.0,9.0,0.5,0.5
出,2.0,0.0,1.0,0.0
峰会,3.0,0.0,1.0,0.0
锂业,0.0,2.0,0.0,1.0
东旭,9.0,0.0,1.0,0.0
越来越,3.0,0.0,1.0,0.0
培育,21.0,0.0,1.0,0.0
抓手,3.0,0.0,1.0,0.0
出色,3.0,0.0,1.0,0.0
刷,15.0,0.0,1.0,0.0
谋划,3.0,0.0,1.0,0.0
63783054,0.0,3.0,0.0,1.0
进而,3.0,0.0,1.0,0.0
雅化,0.0,1.0,0.0,1.0
经过,5.0,0.0,1.0,0.0
地想,6.0,0.0,1.0,0.0
节目,3.0,0.0,1.0,0.0
几乎,3.0,0.0,1.0,0.0
拆,3.0,0.0,1.0,0.0
png,0.0,6.0,0.0,1.0
宁夏,3.0,0.0,1.0,0.0
还是,6.0,0.0,1.0,0.0
还有,0.0,3.0,0.0,1.0
】,15.0,0.0,1.0,0.0
通电,3.0,0.0,1.0,0.0
南方,3.0,12.0,0.2,0.8
单位,3.0,0.0,1.0,0.0
条,6.0,0.0,1.0,0.0
失效,3.0,0.0,1.0,0.0
增速,3.0,0.0,1.0,0.0
无锡市,3.0,0.0,1.0,0.0
人民网,2.0,0.0,1.0,0.0
发展,206.0,12.0,0.944954128440367,0.05504587155963303
从,33.0,6.0,0.8461538461538461,0.15384615384615385
50,0.0,3.0,0.0,1.0
=,0.0,6.0,0.0,1.0
贵阳,2.0,0.0,1.0,0.0
同期,0.0,3.0,0.0,1.0
+,9.0,0.0,1.0,0.0
危机意识,3.0,0.0,1.0,0.0
涨幅,6.0,0.0,1.0,0.0
资金,9.0,12.0,0.42857142857142855,0.5714285714285714
无,9.0,0.0,1.0,0.0
宏裕,6.0,0.0,1.0,0.0
研究院,3.0,0.0,1.0,0.0
都,9.0,0.0,1.0,0.0
公路,3.0,0.0,1.0,0.0
实用新型,3.0,0.0,1.0,0.0
如何,3.0,6.0,0.3333333333333333,0.6666666666666666
治理,18.0,0.0,1.0,0.0
限定,3.0,0.0,1.0,0.0
企稳,3.0,0.0,1.0,0.0
政府,3.0,0.0,1.0,0.0
3,9.0,1.0,0.9,0.1
机遇,9.0,0.0,1.0,0.0
价格,0.0,12.0,0.0,1.0
虚假,0.0,6.0,0.0,1.0
一批,3.0,0.0,1.0,0.0
超过,0.0,9.0,0.0,1.0
高压,0.0,6.0,0.0,1.0
机制,12.0,0.0,1.0,0.0
需求,6.0,0.0,1.0,0.0
按,0.0,6.0,0.0,1.0
82,3.0,0.0,1.0,0.0
机动,3.0,0.0,1.0,0.0
回升,0.0,3.0,0.0,1.0
筒,12.0,0.0,1.0,0.0
干,12.0,0.0,1.0,0.0
激荡,3.0,0.0,1.0,0.0
过程,6.0,3.0,0.6666666666666666,0.3333333333333333
普惠,3.0,0.0,1.0,0.0
互联网,6.0,0.0,1.0,0.0
国家,15.0,3.0,0.8333333333333334,0.16666666666666666
都市报,3.0,0.0,1.0,0.0
行动,6.0,0.0,1.0,0.0
增长,48.0,0.0,1.0,0.0
经济运行,3.0,0.0,1.0,0.0
同步,3.0,0.0,1.0,0.0
作用,11.0,0.0,1.0,0.0
中国,54.0,9.0,0.8571428571428571,0.14285714285714285
配,0.0,3.0,0.0,1.0
北京市,0.0,3.0,0.0,1.0
弹性元件,6.0,0.0,1.0,0.0
囊括,3.0,0.0,1.0,0.0
增长极,15.0,0.0,1.0,0.0
台阶,3.0,0.0,1.0,0.0
间,3.0,0.0,1.0,0.0
入手,6.0,0.0,1.0,0.0
》,2.0,18.0,0.1,0.9
早已,3.0,3.0,0.5,0.5
确定,3.0,0.0,1.0,0.0
破,3.0,0.0,1.0,0.0
陈祥福,6.0,0.0,1.0,0.0
主,0.0,9.0,0.0,1.0
地铁站,3.0,0.0,1.0,0.0
刨,3.0,0.0,1.0,0.0
一种,6.0,0.0,1.0,0.0
推动,27.0,0.0,1.0,0.0
陈栋,6.0,0.0,1.0,0.0
主动,3.0,0.0,1.0,0.0
两大,18.0,0.0,1.0,0.0
长远,3.0,0.0,1.0,0.0
一天,3.0,0.0,1.0,0.0
性能,3.0,0.0,1.0,0.0
请,0.0,3.0,0.0,1.0
普通股,0.0,3.0,0.0,1.0
亏,0.0,3.0,0.0,1.0
股权,12.0,30.0,0.2857142857142857,0.7142857142857143
话题,3.0,0.0,1.0,0.0
铁路,3.0,0.0,1.0,0.0
5,3.0,55.0,0.05172413793103448,0.9482758620689655
先导,0.0,1.0,0.0,1.0
中心,0.0,6.0,0.0,1.0
立即,3.0,6.0,0.3333333333333333,0.6666666666666666
形变,3.0,0.0,1.0,0.0
设定,3.0,0.0,1.0,0.0
单体,3.0,0.0,1.0,0.0
开始,0.0,12.0,0.0,1.0
对,9.0,6.0,0.6,0.4
最钱线,3.0,0.0,1.0,0.0
下称,12.0,0.0,1.0,0.0
完全,0.0,3.0,0.0,1.0
江苏省,3.0,0.0,1.0,0.0
月,5.0,81.0,0.05813953488372093,0.9418604651162791
人,0.0,3.0,0.0,1.0
此,3.0,0.0,1.0,0.0
有力,3.0,3.0,0.5,0.5
专家,9.0,0.0,1.0,0.0
邯郸,3.0,0.0,1.0,0.0
解决,3.0,0.0,1.0,0.0
诊股,9.0,12.0,0.42857142857142855,0.5714285714285714
华西,0.0,6.0,0.0,1.0
83681321,0.0,3.0,0.0,1.0
—,12.0,0.0,1.0,0.0
以下,3.0,9.0,0.25,0.75
贸易,12.0,0.0,1.0,0.0
证券报,0.0,6.0,0.0,1.0
想,6.0,0.0,1.0,0.0
一间,3.0,0.0,1.0,0.0
通信,0.0,3.0,0.0,1.0
趋于,3.0,0.0,1.0,0.0
拟,0.0,3.0,0.0,1.0
成功,3.0,0.0,1.0,0.0
电气,0.0,3.0,0.0,1.0
全球,66.0,0.0,1.0,0.0
控股,0.0,3.0,0.0,1.0
在内,6.0,0.0,1.0,0.0
外化,3.0,0.0,1.0,0.0
两个,0.0,3.0,0.0,1.0
内部,3.0,0.0,1.0,0.0
都市区,6.0,0.0,1.0,0.0
正是,3.0,0.0,1.0,0.0
尚海,3.0,0.0,1.0,0.0
联动,3.0,0.0,1.0,0.0
多项,3.0,0.0,1.0,0.0
重大,0.0,6.0,0.0,1.0
金,6.0,3.0,0.6666666666666666,0.3333333333333333
时代精神,3.0,0.0,1.0,0.0
做好,3.0,0.0,1.0,0.0
增强,3.0,6.0,0.3333333333333333,0.6666666666666666
江特,0.0,1.0,0.0,1.0
卫报,2.0,0.0,1.0,0.0
东方,0.0,2.0,0.0,1.0
线路,3.0,0.0,1.0,0.0
后,6.0,12.0,0.3333333333333333,0.6666666666666666
建设项目,0.0,6.0,0.0,1.0
现代,12.0,0.0,1.0,0.0
提升,9.0,0.0,1.0,0.0
之,15.0,0.0,1.0,0.0
城市,3.0,3.0,0.5,0.5
产业,30.0,0.0,1.0,0.0
阻挡,3.0,0.0,1.0,0.0
占,3.0,3.0,0.5,0.5
结算,0.0,3.0,0.0,1.0
日益,6.0,0.0,1.0,0.0
时,6.0,0.0,1.0,0.0
7.33,0.0,3.0,0.0,1.0
并且,2.0,0.0,1.0,0.0
管理,6.0,0.0,1.0,0.0
讲话,3.0,0.0,1.0,0.0
31,0.0,9.0,0.0,1.0
对接,3.0,0.0,1.0,0.0
承担,0.0,6.0,0.0,1.0
杨天举,3.0,0.0,1.0,0.0
’,6.0,0.0,1.0,0.0
改变,9.0,0.0,1.0,0.0
各种,3.0,0.0,1.0,0.0
强,3.0,0.0,1.0,0.0
高含,3.0,0.0,1.0,0.0
无异,3.0,0.0,1.0,0.0
使,6.0,0.0,1.0,0.0
东台,3.0,0.0,1.0,0.0
身,6.0,0.0,1.0,0.0
［,0.0,3.0,0.0,1.0
许可,0.0,6.0,0.0,1.0
动力源,272.0,169.0,0.6167800453514739,0.3832199546485261
抓住,3.0,0.0,1.0,0.0
交易日,0.0,3.0,0.0,1.0
提供,18.0,3.0,0.8571428571428571,0.14285714285714285
结构,12.0,0.0,1.0,0.0
一步,6.0,0.0,1.0,0.0
近日,3.0,0.0,1.0,0.0
多方面,6.0,0.0,1.0,0.0
两翼,3.0,0.0,1.0,0.0
第一产业,3.0,0.0,1.0,0.0
区域,24.0,0.0,1.0,0.0
太阳,3.0,0.0,1.0,0.0
新型,6.0,0.0,1.0,0.0
证券日报,3.0,0.0,1.0,0.0
jsdtgd,3.0,0.0,1.0,0.0
可以,6.0,3.0,0.6666666666666666,0.3333333333333333
制造,0.0,6.0,0.0,1.0
传播,3.0,0.0,1.0,0.0
延续,3.0,0.0,1.0,0.0
登记,0.0,9.0,0.0,1.0
小,6.0,0.0,1.0,0.0
压,3.0,0.0,1.0,0.0
服务,0.0,12.0,0.0,1.0
大胜,0.0,1.0,0.0,1.0
安徽,0.0,6.0,0.0,1.0
迫切,3.0,0.0,1.0,0.0
、,285.0,101.0,0.7383419689119171,0.2616580310880829
科技园区,0.0,3.0,0.0,1.0
有所,3.0,3.0,0.5,0.5
制冷剂,3.0,0.0,1.0,0.0
您,6.0,0.0,1.0,0.0
档位,3.0,0.0,1.0,0.0
：,57.0,51.0,0.5277777777777778,0.4722222222222222
舞钢,6.0,0.0,1.0,0.0
打造,30.0,0.0,1.0,0.0
非常态,3.0,0.0,1.0,0.0
APEC,3.0,0.0,1.0,0.0
创造,6.0,0.0,1.0,0.0
急跌,0.0,3.0,0.0,1.0
603000,2.0,0.0,1.0,0.0
）,38.0,54.0,0.41304347826086957,0.5869565217391305
业态,9.0,0.0,1.0,0.0
展示,3.0,0.0,1.0,0.0
6,3.0,33.0,0.08333333333333333,0.9166666666666666
正在,6.0,0.0,1.0,0.0
节能,0.0,9.0,0.0,1.0
8,2.0,15.0,0.11764705882352941,0.8823529411764706
形成,15.0,0.0,1.0,0.0
有效,6.0,3.0,0.6666666666666666,0.3333333333333333
智能,0.0,1.0,0.0,1.0
国优,3.0,0.0,1.0,0.0
辉煌,3.0,0.0,1.0,0.0
价值,30.0,0.0,1.0,0.0
上市,6.0,0.0,1.0,0.0
变革,3.0,0.0,1.0,0.0
信息,0.0,3.0,0.0,1.0
挑战,3.0,0.0,1.0,0.0
委员会,0.0,3.0,0.0,1.0
服务业,3.0,0.0,1.0,0.0
新宙邦,0.0,1.0,0.0,1.0
万年青,3.0,0.0,1.0,0.0
上半年,3.0,0.0,1.0,0.0
技改,0.0,6.0,0.0,1.0
正,15.0,0.0,1.0,0.0
复位,3.0,0.0,1.0,0.0
基业,6.0,0.0,1.0,0.0
运输,3.0,0.0,1.0,0.0
131,0.0,9.0,0.0,1.0
铰接,3.0,0.0,1.0,0.0
诺德,0.0,1.0,0.0,1.0
统计数据,3.0,0.0,1.0,0.0
其它,3.0,0.0,1.0,0.0
经济社会,9.0,0.0,1.0,0.0
强市,3.0,0.0,1.0,0.0
垃圾斗,18.0,0.0,1.0,0.0
操作,3.0,6.0,0.3333333333333333,0.6666666666666666
广佛算,6.0,0.0,1.0,0.0
倪佳欢,6.0,0.0,1.0,0.0
愿意,0.0,3.0,0.0,1.0
电机,0.0,1.0,0.0,1.0
公布,0.0,6.0,0.0,1.0
中日韩,3.0,0.0,1.0,0.0
600089,0.0,3.0,0.0,1.0
minpic,0.0,3.0,0.0,1.0
一个,26.0,9.0,0.7428571428571429,0.2571428571428571
股本,0.0,3.0,0.0,1.0
发行人,0.0,15.0,0.0,1.0
没有,12.0,0.0,1.0,0.0
副校长,3.0,0.0,1.0,0.0
灵活,3.0,0.0,1.0,0.0
新世界,2.0,0.0,1.0,0.0
鞍钢,12.0,0.0,1.0,0.0
文化,9.0,0.0,1.0,0.0
条件,0.0,6.0,0.0,1.0
结构性,6.0,0.0,1.0,0.0
日晚,0.0,3.0,0.0,1.0
kpic,0.0,3.0,0.0,1.0
今天,0.0,3.0,0.0,1.0
现在,9.0,6.0,0.6,0.4
趋势,3.0,0.0,1.0,0.0
实践,6.0,0.0,1.0,0.0
一元,0.0,3.0,0.0,1.0
上下,3.0,0.0,1.0,0.0
七大,2.0,0.0,1.0,0.0
社会,9.0,0.0,1.0,0.0
多种,3.0,0.0,1.0,0.0
详细情况,0.0,3.0,0.0,1.0
840,0.0,9.0,0.0,1.0
一体,6.0,0.0,1.0,0.0
中心站,3.0,0.0,1.0,0.0
得到,5.0,0.0,1.0,0.0
市长,3.0,0.0,1.0,0.0
无限,0.0,3.0,0.0,1.0
今年以来,3.0,0.0,1.0,0.0
引领,18.0,0.0,1.0,0.0
7.04,3.0,0.0,1.0,0.0
经理,6.0,0.0,1.0,0.0
需,3.0,0.0,1.0,0.0
产品,15.0,15.0,0.5,0.5
主题,3.0,0.0,1.0,0.0
时代,6.0,0.0,1.0,0.0
血肉,3.0,0.0,1.0,0.0
高速,3.0,0.0,1.0,0.0
介质,3.0,0.0,1.0,0.0
理财,3.0,0.0,1.0,0.0
或者,0.0,6.0,0.0,1.0
说明书,0.0,6.0,0.0,1.0
不可,3.0,0.0,1.0,0.0
技术创新,3.0,0.0,1.0,0.0
战略,33.0,0.0,1.0,0.0
以上,6.0,3.0,0.6666666666666666,0.3333333333333333
结束,0.0,3.0,0.0,1.0
保护主义,9.0,0.0,1.0,0.0
显示,0.0,15.0,0.0,1.0
朱伟,12.0,0.0,1.0,0.0
日趋完善,3.0,0.0,1.0,0.0
苏州,6.0,0.0,1.0,0.0
力度,9.0,0.0,1.0,0.0
转型,9.0,0.0,1.0,0.0
技术性,3.0,0.0,1.0,0.0
石,0.0,1.0,0.0,1.0
热管,3.0,0.0,1.0,0.0
项目,6.0,12.0,0.3333333333333333,0.6666666666666666
业务,0.0,12.0,0.0,1.0
地址,0.0,3.0,0.0,1.0
提振,9.0,0.0,1.0,0.0
产业结构,3.0,0.0,1.0,0.0
已,8.0,9.0,0.47058823529411764,0.5294117647058824
简称,3.0,9.0,0.25,0.75
0.04,3.0,0.0,1.0,0.0
长,6.0,0.0,1.0,0.0
多个,6.0,0.0,1.0,0.0
实现,12.0,0.0,1.0,0.0
330,0.0,3.0,0.0,1.0
方案,3.0,9.0,0.25,0.75
运转,3.0,0.0,1.0,0.0
分析,0.0,3.0,0.0,1.0
通过,12.0,6.0,0.6666666666666666,0.3333333333333333
核心,12.0,6.0,0.6666666666666666,0.3333333333333333
宝安,3.0,0.0,1.0,0.0
高,6.0,0.0,1.0,0.0
倡议,6.0,0.0,1.0,0.0
经济,136.0,0.0,1.0,0.0
中等,9.0,0.0,1.0,0.0
静音,3.0,0.0,1.0,0.0
比例,0.0,18.0,0.0,1.0
动力,15.0,0.0,1.0,0.0
启动,6.0,12.0,0.3333333333333333,0.6666666666666666
投资,30.0,6.0,0.8333333333333334,0.16666666666666666
泵,3.0,0.0,1.0,0.0
一路,15.0,0.0,1.0,0.0
大涨,3.0,0.0,1.0,0.0
长期以来,3.0,0.0,1.0,0.0
又,0.0,3.0,0.0,1.0
介绍,0.0,6.0,0.0,1.0
充分,2.0,0.0,1.0,0.0
宣布,0.0,6.0,0.0,1.0
全,3.0,0.0,1.0,0.0
3.4,9.0,0.0,1.0,0.0
其,15.0,12.0,0.5555555555555556,0.4444444444444444
安全,3.0,0.0,1.0,0.0
网络,6.0,0.0,1.0,0.0
动态,9.0,0.0,1.0,0.0
仍,9.0,0.0,1.0,0.0
集装箱,3.0,0.0,1.0,0.0
发布公告,0.0,3.0,0.0,1.0
富临,0.0,1.0,0.0,1.0
优化,9.0,0.0,1.0,0.0
航空,11.0,0.0,1.0,0.0
精耕细作,6.0,0.0,1.0,0.0
交流电源,0.0,6.0,0.0,1.0
深度,3.0,0.0,1.0,0.0
最近,0.0,3.0,0.0,1.0
昆明,3.0,0.0,1.0,0.0
当中,6.0,0.0,1.0,0.0
模式,6.0,0.0,1.0,0.0
股市,3.0,0.0,1.0,0.0
认为,12.0,0.0,1.0,0.0
生态环境,6.0,0.0,1.0,0.0
机场,22.0,0.0,1.0,0.0
机器,3.0,0.0,1.0,0.0
顶层,6.0,0.0,1.0,0.0
年度,3.0,0.0,1.0,0.0
清扫,15.0,0.0,1.0,0.0
深入,9.0,0.0,1.0,0.0
绿色,3.0,0.0,1.0,0.0
铅笔,3.0,0.0,1.0,0.0
拟向,0.0,9.0,0.0,1.0
多,18.0,3.0,0.8571428571428571,0.14285714285714285
11,0.0,3.0,0.0,1.0
查看,6.0,6.0,0.5,0.5
年内,0.0,6.0,0.0,1.0
周期,18.0,0.0,1.0,0.0
扭矩,6.0,0.0,1.0,0.0
包括,9.0,0.0,1.0,0.0
不同,0.0,3.0,0.0,1.0
据,0.0,3.0,0.0,1.0
共计,0.0,6.0,0.0,1.0
承诺,0.0,6.0,0.0,1.0
指导,3.0,0.0,1.0,0.0
需要,6.0,0.0,1.0,0.0
许多,3.0,0.0,1.0,0.0
变速器,3.0,0.0,1.0,0.0
由主,0.0,3.0,0.0,1.0
泉,3.0,0.0,1.0,0.0
倍增,6.0,0.0,1.0,0.0
股,9.0,67.0,0.11842105263157894,0.881578947368421
成就感,3.0,0.0,1.0,0.0
共建,3.0,0.0,1.0,0.0
世界,57.0,0.0,1.0,0.0
上海,6.0,6.0,0.5,0.5
鲁班奖,3.0,0.0,1.0,0.0
促进,9.0,0.0,1.0,0.0
山西,3.0,0.0,1.0,0.0
真实性,0.0,6.0,0.0,1.0
三项,3.0,0.0,1.0,0.0
阅读,6.0,0.0,1.0,0.0
1993,3.0,0.0,1.0,0.0
微信,3.0,0.0,1.0,0.0
就要,3.0,0.0,1.0,0.0
运行,12.0,0.0,1.0,0.0
定位,3.0,0.0,1.0,0.0
日电,2.0,0.0,1.0,0.0
存在,0.0,6.0,0.0,1.0
负责,0.0,3.0,0.0,1.0
门店,15.0,0.0,1.0,0.0
市县,9.0,0.0,1.0,0.0
日报,3.0,0.0,1.0,0.0
资,0.0,3.0,0.0,1.0
后排,3.0,0.0,1.0,0.0
去年,0.0,3.0,0.0,1.0
7,2.0,10.0,0.16666666666666666,0.8333333333333334
和平,6.0,0.0,1.0,0.0
不辱使命,3.0,0.0,1.0,0.0
王维,0.0,3.0,0.0,1.0
数据中心,0.0,3.0,0.0,1.0
光伏,0.0,6.0,0.0,1.0
运动,3.0,0.0,1.0,0.0
下,30.0,6.0,0.8333333333333334,0.16666666666666666
来说,6.0,0.0,1.0,0.0
固化,3.0,0.0,1.0,0.0
落地生根,6.0,0.0,1.0,0.0
开设,3.0,0.0,1.0,0.0
收入,15.0,0.0,1.0,0.0
英国,2.0,0.0,1.0,0.0
登记在册,0.0,3.0,0.0,1.0
情况,3.0,3.0,0.5,0.5
辊,12.0,0.0,1.0,0.0
友谊,6.0,0.0,1.0,0.0
天津,12.0,0.0,1.0,0.0
主业,0.0,9.0,0.0,1.0
重,6.0,0.0,1.0,0.0
组织,0.0,3.0,0.0,1.0
但,3.0,3.0,0.5,0.5
注入,6.0,0.0,1.0,0.0
无锡,12.0,0.0,1.0,0.0
制,3.0,0.0,1.0,0.0
中国证券监督管理委员会,0.0,3.0,0.0,1.0
抛弃,9.0,0.0,1.0,0.0
远高于,0.0,3.0,0.0,1.0
纷纷,0.0,1.0,0.0,1.0
缴款,0.0,3.0,0.0,1.0
广佛,15.0,0.0,1.0,0.0
深植,3.0,0.0,1.0,0.0
责任,3.0,0.0,1.0,0.0
重要,24.0,0.0,1.0,0.0
天赐,0.0,1.0,0.0,1.0
交融,3.0,0.0,1.0,0.0
长期,0.0,3.0,0.0,1.0
贡献,3.0,0.0,1.0,0.0
动员,3.0,0.0,1.0,0.0
概念,0.0,3.0,0.0,1.0
以新,9.0,0.0,1.0,0.0
欧盟,3.0,0.0,1.0,0.0
发展中国家,3.0,0.0,1.0,0.0
2.9943592,0.0,12.0,0.0,1.0
创业,9.0,0.0,1.0,0.0
准确性,0.0,6.0,0.0,1.0
行情,18.0,3.0,0.8571428571428571,0.14285714285714285
原文,3.0,0.0,1.0,0.0
.,0.0,21.0,0.0,1.0
方向,3.0,0.0,1.0,0.0
数,0.0,3.0,0.0,1.0
个人,6.0,0.0,1.0,0.0
固态,9.0,0.0,1.0,0.0
波动,6.0,0.0,1.0,0.0
2,6.0,17.0,0.2608695652173913,0.7391304347826086
网上网,0.0,3.0,0.0,1.0
巨大,3.0,0.0,1.0,0.0
初心,3.0,0.0,1.0,0.0
市场,9.0,0.0,1.0,0.0
液压,3.0,0.0,1.0,0.0
第三家,0.0,6.0,0.0,1.0
异动,3.0,0.0,1.0,0.0
计划,6.0,0.0,1.0,0.0
之路,6.0,0.0,1.0,0.0
心怀,3.0,0.0,1.0,0.0
追求,3.0,0.0,1.0,0.0
网上,0.0,15.0,0.0,1.0
一项,3.0,0.0,1.0,0.0
院长,3.0,0.0,1.0,0.0
队员,3.0,0.0,1.0,0.0
侧,6.0,0.0,1.0,0.0
知晓,0.0,3.0,0.0,1.0
枢纽,20.0,0.0,1.0,0.0
韩,3.0,0.0,1.0,0.0
齿轮,3.0,0.0,1.0,0.0
掌握,3.0,0.0,1.0,0.0
438,0.0,3.0,0.0,1.0
密集,0.0,3.0,0.0,1.0
为,54.0,33.0,0.6206896551724138,0.3793103448275862
内化,3.0,0.0,1.0,0.0
发自内心,6.0,0.0,1.0,0.0
成果,3.0,0.0,1.0,0.0
上升,3.0,0.0,1.0,0.0
动作,3.0,0.0,1.0,0.0
广电,3.0,0.0,1.0,0.0
正式,3.0,6.0,0.3333333333333333,0.6666666666666666
经,0.0,6.0,0.0,1.0
干涉,3.0,0.0,1.0,0.0
因,6.0,0.0,1.0,0.0
767,0.0,3.0,0.0,1.0
合伙,12.0,0.0,1.0,0.0
主要,30.0,9.0,0.7692307692307693,0.23076923076923078
新亮点,3.0,0.0,1.0,0.0
华,0.0,1.0,0.0,1.0
起,3.0,0.0,1.0,0.0
走访,6.0,0.0,1.0,0.0
一轮,0.0,3.0,0.0,1.0
詹天佑,3.0,0.0,1.0,0.0
互联互通,3.0,0.0,1.0,0.0
赣锋,0.0,1.0,0.0,1.0
约,3.0,0.0,1.0,0.0
总数,0.0,9.0,0.0,1.0
原因,0.0,6.0,0.0,1.0
兰考,3.0,0.0,1.0,0.0
民用机场,3.0,0.0,1.0,0.0
牵引,3.0,0.0,1.0,0.0
采取,0.0,6.0,0.0,1.0
有利于,0.0,3.0,0.0,1.0
号,0.0,3.0,0.0,1.0
成为,74.0,6.0,0.925,0.075
并存,6.0,0.0,1.0,0.0
供,6.0,0.0,1.0,0.0
可,6.0,12.0,0.3333333333333333,0.6666666666666666
072,0.0,3.0,0.0,1.0
工具,3.0,0.0,1.0,0.0
一系列,0.0,3.0,0.0,1.0
‘,6.0,0.0,1.0,0.0
G20,18.0,0.0,1.0,0.0
全程,6.0,0.0,1.0,0.0
处于,3.0,0.0,1.0,0.0
安全感,3.0,0.0,1.0,0.0
行为,6.0,0.0,1.0,0.0
T,0.0,12.0,0.0,1.0
],0.0,3.0,0.0,1.0
众包,3.0,0.0,1.0,0.0
发布,3.0,12.0,0.2,0.8
010,0.0,6.0,0.0,1.0
销售,6.0,6.0,0.5,0.5
109,0.0,3.0,0.0,1.0
陈述,0.0,6.0,0.0,1.0
考察,3.0,0.0,1.0,0.0
数量,3.0,0.0,1.0,0.0
资料,0.0,3.0,0.0,1.0
300141,0.0,3.0,0.0,1.0
生态,3.0,0.0,1.0,0.0
重点,3.0,0.0,1.0,0.0
践行,6.0,0.0,1.0,0.0
大,24.0,0.0,1.0,0.0
天齐,0.0,1.0,0.0,1.0
26,0.0,21.0,0.0,1.0
价值观,3.0,0.0,1.0,0.0
后市,3.0,6.0,0.3333333333333333,0.6666666666666666
能量,6.0,0.0,1.0,0.0
大奖,3.0,0.0,1.0,0.0
排名,3.0,0.0,1.0,0.0
生态农业,3.0,0.0,1.0,0.0
市场需求,3.0,0.0,1.0,0.0
总体,0.0,3.0,0.0,1.0
输出,3.0,0.0,1.0,0.0
温室效应,3.0,0.0,1.0,0.0
误导性,0.0,6.0,0.0,1.0
聚焦,6.0,0.0,1.0,0.0
全体,0.0,24.0,0.0,1.0
牢记,3.0,0.0,1.0,0.0
股为,0.0,3.0,0.0,1.0
全市,12.0,0.0,1.0,0.0
今日,0.0,6.0,0.0,1.0
质量奖,3.0,0.0,1.0,0.0
向,24.0,15.0,0.6153846153846154,0.38461538461538464
有关,0.0,3.0,0.0,1.0
速度,3.0,0.0,1.0,0.0
改革开放,6.0,0.0,1.0,0.0
在此之前,0.0,3.0,0.0,1.0
电话,0.0,3.0,0.0,1.0
客户,6.0,0.0,1.0,0.0
让,18.0,0.0,1.0,0.0
吸附器,6.0,0.0,1.0,0.0
包容,3.0,0.0,1.0,0.0
路径,6.0,0.0,1.0,0.0
涨,0.0,12.0,0.0,1.0
下跌,0.0,12.0,0.0,1.0
最大,6.0,0.0,1.0,0.0
支撑,6.0,3.0,0.6666666666666666,0.3333333333333333
制度,6.0,0.0,1.0,0.0
民航,3.0,0.0,1.0,0.0
暴力,0.0,6.0,0.0,1.0
SRC,0.0,6.0,0.0,1.0
生产,9.0,6.0,0.6,0.4
关注,6.0,0.0,1.0,0.0
召开,3.0,0.0,1.0,0.0
担当,3.0,0.0,1.0,0.0
冷媒,3.0,0.0,1.0,0.0
提速,5.0,0.0,1.0,0.0
应该,3.0,3.0,0.5,0.5
态势,3.0,0.0,1.0,0.0
记者,8.0,6.0,0.5714285714285714,0.42857142857142855
转动,6.0,0.0,1.0,0.0
募集,0.0,12.0,0.0,1.0
复牌,0.0,15.0,0.0,1.0
彻底,3.0,0.0,1.0,0.0
深化,3.0,0.0,1.0,0.0
氛围,3.0,0.0,1.0,0.0
源头,9.0,0.0,1.0,0.0
陷阱,9.0,0.0,1.0,0.0
3.33,3.0,0.0,1.0,0.0
职场,3.0,0.0,1.0,0.0
研发,0.0,12.0,0.0,1.0
共赢,6.0,0.0,1.0,0.0
接近,3.0,0.0,1.0,0.0
压缩,0.0,6.0,0.0,1.0
西部,3.0,7.0,0.3,0.7
资本,6.0,0.0,1.0,0.0
超高压,3.0,0.0,1.0,0.0
贾兴鹏,2.0,0.0,1.0,0.0
超越,3.0,0.0,1.0,0.0
股东,0.0,27.0,0.0,1.0
全世界,2.0,0.0,1.0,0.0
jrjimg,0.0,6.0,0.0,1.0
空间,6.0,0.0,1.0,0.0
中国证监会,0.0,6.0,0.0,1.0
开部省,3.0,0.0,1.0,0.0
配售,0.0,39.0,0.0,1.0
制冷,39.0,0.0,1.0,0.0
安排,3.0,0.0,1.0,0.0
元,0.0,18.0,0.0,1.0
自由化,3.0,0.0,1.0,0.0
币元,0.0,3.0,0.0,1.0
到,27.0,9.0,0.75,0.25
流动资金,0.0,6.0,0.0,1.0
拼抢,3.0,0.0,1.0,0.0
事情,15.0,0.0,1.0,0.0
缺少,6.0,0.0,1.0,0.0
发动机,3.0,0.0,1.0,0.0
地铁,3.0,0.0,1.0,0.0
生机,3.0,0.0,1.0,0.0
主营业务,0.0,6.0,0.0,1.0
不断加强,3.0,0.0,1.0,0.0
破解,6.0,0.0,1.0,0.0
飙升,12.0,0.0,1.0,0.0
三,9.0,0.0,1.0,0.0
下降,3.0,0.0,1.0,0.0
四套班子,3.0,0.0,1.0,0.0
补充,0.0,9.0,0.0,1.0
龙头,6.0,0.0,1.0,0.0
称,0.0,9.0,0.0,1.0
382,0.0,9.0,0.0,1.0
换热器,3.0,0.0,1.0,0.0
二,0.0,3.0,0.0,1.0
逆,3.0,0.0,1.0,0.0
范围,9.0,0.0,1.0,0.0
质量,21.0,0.0,1.0,0.0
］,0.0,3.0,0.0,1.0
大多数,3.0,3.0,0.5,0.5
完整性,0.0,6.0,0.0,1.0
登记日,0.0,30.0,0.0,1.0
512,0.0,3.0,0.0,1.0
中,12.0,0.0,1.0,0.0
日至,0.0,6.0,0.0,1.0
工资收入,3.0,0.0,1.0,0.0
形象,6.0,0.0,1.0,0.0
证监会,0.0,3.0,0.0,1.0
中有,3.0,0.0,1.0,0.0
水平,3.0,0.0,1.0,0.0
持续,30.0,0.0,1.0,0.0
贵州,3.0,0.0,1.0,0.0
《,2.0,18.0,0.1,0.9
开支,3.0,0.0,1.0,0.0
体量,3.0,0.0,1.0,0.0
制冰,3.0,0.0,1.0,0.0
未来,24.0,0.0,1.0,0.0
合计,0.0,3.0,0.0,1.0
总,0.0,3.0,0.0,1.0
<,0.0,6.0,0.0,1.0
份,0.0,3.0,0.0,1.0
快速,6.0,4.0,0.6,0.4
时候,0.0,9.0,0.0,1.0
765807761,3.0,0.0,1.0,0.0
000040,6.0,0.0,1.0,0.0
推进,6.0,0.0,1.0,0.0
国内,3.0,0.0,1.0,0.0
2.99435,0.0,3.0,0.0,1.0
魏晓光,3.0,0.0,1.0,0.0
即可,3.0,0.0,1.0,0.0
?,9.0,0.0,1.0,0.0
氟利昂,3.0,0.0,1.0,0.0
负氧离子,3.0,0.0,1.0,0.0
逾,0.0,5.0,0.0,1.0
板块,18.0,0.0,1.0,0.0
前线,6.0,0.0,1.0,0.0
这种,3.0,0.0,1.0,0.0
相关,0.0,16.0,0.0,1.0
体系,12.0,0.0,1.0,0.0
利润,3.0,0.0,1.0,0.0
前四,6.0,0.0,1.0,0.0
体积,3.0,0.0,1.0,0.0
pic430,0.0,6.0,0.0,1.0
勇立,6.0,0.0,1.0,0.0
恒温,3.0,0.0,1.0,0.0
奥特,0.0,3.0,0.0,1.0
破位,0.0,3.0,0.0,1.0
第一,6.0,0.0,1.0,0.0
美化,3.0,0.0,1.0,0.0
机架,6.0,0.0,1.0,0.0
证券,0.0,15.0,0.0,1.0
路演,0.0,6.0,0.0,1.0
0.44,3.0,0.0,1.0,0.0
精工,0.0,3.0,0.0,1.0
格局,3.0,0.0,1.0,0.0
座,6.0,0.0,1.0,0.0
潮头,6.0,0.0,1.0,0.0
其他,0.0,1.0,0.0,1.0
随后,0.0,3.0,0.0,1.0
广东,6.0,0.0,1.0,0.0
跨越,6.0,0.0,1.0,0.0
先河,3.0,0.0,1.0,0.0
27,3.0,0.0,1.0,0.0
关系,3.0,0.0,1.0,0.0
和顺,0.0,3.0,0.0,1.0
有限责任,0.0,3.0,0.0,1.0
国民经济,6.0,0.0,1.0,0.0
网,0.0,3.0,0.0,1.0
三边,3.0,0.0,1.0,0.0
自,3.0,0.0,1.0,0.0
卡萨帝,12.0,0.0,1.0,0.0
达,3.0,3.0,0.5,0.5
评选,2.0,0.0,1.0,0.0
带,3.0,0.0,1.0,0.0
实施,3.0,21.0,0.125,0.875
整个,12.0,0.0,1.0,0.0
万,3.0,0.0,1.0,0.0
牛鼻子,3.0,0.0,1.0,0.0
24,3.0,12.0,0.2,0.8
冯俏彬,6.0,0.0,1.0,0.0
),45.0,24.0,0.6521739130434783,0.34782608695652173
保荐,0.0,12.0,0.0,1.0
稳步增长,3.0,0.0,1.0,0.0
把,15.0,0.0,1.0,0.0
肩,3.0,0.0,1.0,0.0
号文,0.0,6.0,0.0,1.0
聚集,3.0,0.0,1.0,0.0
者,3.0,0.0,1.0,0.0
全文,3.0,0.0,1.0,0.0
暴涨,12.0,0.0,1.0,0.0
连带责任,0.0,6.0,0.0,1.0
企业,57.0,6.0,0.9047619047619048,0.09523809523809523
牢牢,6.0,0.0,1.0,0.0
s,0.0,3.0,0.0,1.0
目前,3.0,6.0,0.3333333333333333,0.6666666666666666
2014,3.0,0.0,1.0,0.0
318,0.0,3.0,0.0,1.0
经历,0.0,3.0,0.0,1.0
2017,3.0,24.0,0.1111111111111111,0.8888888888888888
29,0.0,3.0,0.0,1.0
之力,3.0,0.0,1.0,0.0
节点,3.0,0.0,1.0,0.0
湾区,30.0,0.0,1.0,0.0
；,36.0,3.0,0.9230769230769231,0.07692307692307693
17,0.0,3.0,0.0,1.0
难题,12.0,0.0,1.0,0.0
[,0.0,3.0,0.0,1.0
23,0.0,3.0,0.0,1.0
2020,3.0,0.0,1.0,0.0
消费,3.0,0.0,1.0,0.0
之一,30.0,0.0,1.0,0.0
突显,3.0,0.0,1.0,0.0
人民币,9.0,3.0,0.75,0.25
承销商,0.0,12.0,0.0,1.0
对应,3.0,0.0,1.0,0.0
我国,5.0,0.0,1.0,0.0
救援,6.0,0.0,1.0,0.0
亏损,0.0,3.0,0.0,1.0
何振亚,0.0,6.0,0.0,1.0
260,3.0,0.0,1.0,0.0
来源,12.0,0.0,1.0,0.0
早盘,0.0,3.0,0.0,1.0
002227,0.0,3.0,0.0,1.0
真正,6.0,0.0,1.0,0.0
传真,0.0,3.0,0.0,1.0
结果,0.0,3.0,0.0,1.0
安装,6.0,0.0,1.0,0.0
五,0.0,3.0,0.0,1.0
70,3.0,0.0,1.0,0.0
看来,3.0,0.0,1.0,0.0
CO,3.0,0.0,1.0,0.0
证监,0.0,6.0,0.0,1.0
最,12.0,0.0,1.0,0.0
位于,3.0,0.0,1.0,0.0
能够,3.0,0.0,1.0,0.0
定价,0.0,6.0,0.0,1.0
高新技术,6.0,0.0,1.0,0.0
保证,6.0,6.0,0.5,0.5
897,0.0,3.0,0.0,1.0
暨,3.0,0.0,1.0,0.0
位,3.0,6.0,0.3333333333333333,0.6666666666666666
要,21.0,9.0,0.7,0.3
众创,6.0,0.0,1.0,0.0
党建,6.0,0.0,1.0,0.0
旨在,3.0,0.0,1.0,0.0
振动,18.0,0.0,1.0,0.0
任何,0.0,6.0,0.0,1.0
10.7,3.0,0.0,1.0,0.0
助力,3.0,0.0,1.0,0.0
白云区,3.0,0.0,1.0,0.0
15,3.0,0.0,1.0,0.0
今后,6.0,0.0,1.0,0.0
亿,6.0,0.0,1.0,0.0
更好,3.0,0.0,1.0,0.0
进入,12.0,0.0,1.0,0.0
源,3.0,0.0,1.0,0.0
领域,0.0,6.0,0.0,1.0
售,0.0,6.0,0.0,1.0
该,15.0,6.0,0.7142857142857143,0.2857142857142857
支持,9.0,0.0,1.0,0.0
一家,9.0,0.0,1.0,0.0
面前,3.0,0.0,1.0,0.0
算,6.0,3.0,0.6666666666666666,0.3333333333333333
强势,3.0,0.0,1.0,0.0
盘中,0.0,1.0,0.0,1.0
建设,40.0,0.0,1.0,0.0
以来,3.0,0.0,1.0,0.0
牛股,3.0,0.0,1.0,0.0
空港,3.0,0.0,1.0,0.0
扛,3.0,0.0,1.0,0.0
宝安区,6.0,0.0,1.0,0.0
稳中,9.0,0.0,1.0,0.0
内,9.0,0.0,1.0,0.0
495,0.0,3.0,0.0,1.0
银行贷款,0.0,6.0,0.0,1.0
【,15.0,0.0,1.0,0.0
财富网,0.0,12.0,0.0,1.0
乏力,9.0,0.0,1.0,0.0
12,0.0,9.0,0.0,1.0
寻找,6.0,0.0,1.0,0.0
人民,0.0,3.0,0.0,1.0
集体,3.0,0.0,1.0,0.0
股价,0.0,15.0,0.0,1.0
作为,24.0,6.0,0.8,0.2
综合,6.0,6.0,0.5,0.5
董事会,0.0,9.0,0.0,1.0
积极响应,6.0,0.0,1.0,0.0
竞争,3.0,0.0,1.0,0.0
超常规,3.0,0.0,1.0,0.0
截至,3.0,4.0,0.42857142857142855,0.5714285714285714
变化,3.0,0.0,1.0,0.0
查阅,0.0,3.0,0.0,1.0
已经,0.0,3.0,0.0,1.0
跌停板,0.0,3.0,0.0,1.0
科创,6.0,0.0,1.0,0.0
手,3.0,0.0,1.0,0.0
巨人,6.0,0.0,1.0,0.0
调整,3.0,0.0,1.0,0.0
该区,3.0,0.0,1.0,0.0
孕育,6.0,0.0,1.0,0.0
公告,3.0,33.0,0.08333333333333333,0.9166666666666666
李楠,3.0,0.0,1.0,0.0
起点,3.0,0.0,1.0,0.0
第三产业,9.0,0.0,1.0,0.0
事实证明,3.0,0.0,1.0,0.0
供给,6.0,0.0,1.0,0.0
做,3.0,0.0,1.0,0.0
募资,6.0,3.0,0.6666666666666666,0.3333333333333333
离合,12.0,0.0,1.0,0.0
要素,12.0,0.0,1.0,0.0
主动权,3.0,0.0,1.0,0.0
彻底解决,6.0,0.0,1.0,0.0
其中,6.0,3.0,0.6666666666666666,0.3333333333333333
蒸汽,3.0,0.0,1.0,0.0
质监局,3.0,0.0,1.0,0.0
电工,0.0,6.0,0.0,1.0
热能,3.0,0.0,1.0,0.0
第二,12.0,0.0,1.0,0.0
中国人民大学,3.0,0.0,1.0,0.0
吴永斌,6.0,0.0,1.0,0.0
生态建设,6.0,0.0,1.0,0.0
根据,0.0,6.0,0.0,1.0
升级,12.0,6.0,0.6666666666666666,0.3333333333333333
刘,3.0,0.0,1.0,0.0
了解,0.0,3.0,0.0,1.0
发稿,0.0,4.0,0.0,1.0
奇迹,2.0,0.0,1.0,0.0
轨道交通,3.0,3.0,0.5,0.5
董事,0.0,6.0,0.0,1.0
尤其,3.0,0.0,1.0,0.0
招商,3.0,0.0,1.0,0.0
晚间,3.0,3.0,0.5,0.5
名,6.0,0.0,1.0,0.0
防振,3.0,0.0,1.0,0.0
总额,0.0,3.0,0.0,1.0
完善,3.0,0.0,1.0,0.0
过,0.0,3.0,0.0,1.0
颁奖,3.0,0.0,1.0,0.0
研讨,3.0,0.0,1.0,0.0
昨日,3.0,0.0,1.0,0.0
会,6.0,0.0,1.0,0.0
HO,3.0,0.0,1.0,0.0
组,3.0,0.0,1.0,0.0
迈上,3.0,0.0,1.0,0.0
气中,3.0,0.0,1.0,0.0
午后,3.0,3.0,0.5,0.5
余股,0.0,1.0,0.0,1.0
上海证券交易所,0.0,12.0,0.0,1.0
交易系统,0.0,3.0,0.0,1.0
直接,3.0,0.0,1.0,0.0
3.67,3.0,0.0,1.0,0.0
进步,6.0,0.0,1.0,0.0
www,0.0,3.0,0.0,1.0
亚欧大陆,3.0,0.0,1.0,0.0
星云,0.0,1.0,0.0,1.0
顾问,3.0,6.0,0.3333333333333333,0.6666666666666666
跌幅,0.0,3.0,0.0,1.0
办公,0.0,3.0,0.0,1.0
堡垒,3.0,0.0,1.0,0.0
感觉,3.0,0.0,1.0,0.0
实际上,3.0,0.0,1.0,0.0
经济体,9.0,0.0,1.0,0.0
好,12.0,0.0,1.0,0.0
有限,12.0,3.0,0.8,0.2
避免,3.0,0.0,1.0,0.0
还,6.0,6.0,0.5,0.5
金融界,0.0,6.0,0.0,1.0
问题,15.0,0.0,1.0,0.0
太阳能,3.0,0.0,1.0,0.0
强国,3.0,0.0,1.0,0.0
靠,3.0,0.0,1.0,0.0
并,3.0,12.0,0.2,0.8
用,3.0,0.0,1.0,0.0
周黑,6.0,0.0,1.0,0.0
环境,3.0,0.0,1.0,0.0
投资者,0.0,9.0,0.0,1.0
香港,6.0,0.0,1.0,0.0
这笔,3.0,0.0,1.0,0.0
自有,6.0,0.0,1.0,0.0
在,81.0,18.0,0.8181818181818182,0.18181818181818182
一带,15.0,0.0,1.0,0.0
永明,6.0,0.0,1.0,0.0
19,3.0,0.0,1.0,0.0
走出,15.0,0.0,1.0,0.0
|,6.0,0.0,1.0,0.0
信号,0.0,6.0,0.0,1.0
天山,15.0,0.0,1.0,0.0
停牌,0.0,18.0,0.0,1.0
储藏,3.0,0.0,1.0,0.0
告知,3.0,6.0,0.3333333333333333,0.6666666666666666
这个,9.0,3.0,0.75,0.25
磊达,6.0,0.0,1.0,0.0
原有,3.0,0.0,1.0,0.0
工业,3.0,0.0,1.0,0.0
整体,3.0,0.0,1.0,0.0
变,6.0,0.0,1.0,0.0
酒庄,3.0,0.0,1.0,0.0
将成,18.0,0.0,1.0,0.0
确保,3.0,0.0,1.0,0.0
开展,6.0,0.0,1.0,0.0
620,0.0,3.0,0.0,1.0
―,10.0,0.0,1.0,0.0
屋,3.0,0.0,1.0,0.0
白云,15.0,0.0,1.0,0.0
认购,0.0,15.0,0.0,1.0
势头,9.0,0.0,1.0,0.0
汇集,3.0,0.0,1.0,0.0
迫切需要,3.0,0.0,1.0,0.0
四,0.0,3.0,0.0,1.0
即将,2.0,0.0,1.0,0.0
年,12.0,21.0,0.36363636363636365,0.6363636363636364
具体,0.0,6.0,0.0,1.0
使得,3.0,0.0,1.0,0.0
只,3.0,0.0,1.0,0.0
/,0.0,60.0,0.0,1.0
东磁,0.0,1.0,0.0,1.0
偿还,0.0,6.0,0.0,1.0
记载,0.0,6.0,0.0,1.0
人才,3.0,0.0,1.0,0.0
每周,3.0,0.0,1.0,0.0
清算,0.0,6.0,0.0,1.0
扩张,3.0,0.0,1.0,0.0
压缩机,15.0,0.0,1.0,0.0
武警,3.0,0.0,1.0,0.0
传统,12.0,0.0,1.0,0.0
电能,3.0,0.0,1.0,0.0
意识,6.0,0.0,1.0,0.0
河钢,6.0,0.0,1.0,0.0
科技股份,0.0,27.0,0.0,1.0
江钰铃,0.0,3.0,0.0,1.0
这是,3.0,0.0,1.0,0.0
不足,3.0,0.0,1.0,0.0
3.6,3.0,0.0,1.0,0.0
艳萍,3.0,0.0,1.0,0.0
全额,0.0,6.0,0.0,1.0
电力,0.0,6.0,0.0,1.0
买入,9.0,0.0,1.0,0.0
主承,0.0,3.0,0.0,1.0
着,9.0,0.0,1.0,0.0
遗漏,0.0,6.0,0.0,1.0
用于,3.0,6.0,0.3333333333333333,0.6666666666666666
越秀,12.0,0.0,1.0,0.0
北京,2.0,27.0,0.06896551724137931,0.9310344827586207
估值,3.0,0.0,1.0,0.0
%,33.0,29.0,0.532258064516129,0.46774193548387094
装备,3.0,0.0,1.0,0.0
集团,6.0,1.0,0.8571428571428571,0.14285714285714285
基础,3.0,0.0,1.0,0.0
履行,0.0,6.0,0.0,1.0
之所以,3.0,0.0,1.0,0.0
摘要,0.0,3.0,0.0,1.0
高质量,3.0,0.0,1.0,0.0
比赛,3.0,0.0,1.0,0.0
效益,3.0,0.0,1.0,0.0
路,6.0,3.0,0.6666666666666666,0.3333333333333333
转化成,3.0,0.0,1.0,0.0
原创,9.0,0.0,1.0,0.0
转化,6.0,0.0,1.0,0.0
面对,3.0,0.0,1.0,0.0
背景,9.0,0.0,1.0,0.0
直流电源,0.0,6.0,0.0,1.0
停滞,3.0,0.0,1.0,0.0
负压,3.0,0.0,1.0,0.0
组合,3.0,0.0,1.0,0.0
可靠性,3.0,0.0,1.0,0.0
盯关,3.0,0.0,1.0,0.0
控制,6.0,0.0,1.0,0.0
讯,3.0,15.0,0.16666666666666666,0.8333333333333334
过去,3.0,0.0,1.0,0.0
横店,0.0,1.0,0.0,1.0
帮助,6.0,0.0,1.0,0.0
弯道,3.0,0.0,1.0,0.0
营造,3.0,0.0,1.0,0.0
IMAGE,0.0,6.0,0.0,1.0
平均,3.0,0.0,1.0,0.0
核准,0.0,6.0,0.0,1.0
温度,6.0,0.0,1.0,0.0
截止,0.0,3.0,0.0,1.0
方式,3.0,6.0,0.3333333333333333,0.6666666666666666
第二产业,3.0,0.0,1.0,0.0
2.11,0.0,3.0,0.0,1.0
为什么,0.0,9.0,0.0,1.0
先,3.0,0.0,1.0,0.0
收市,0.0,9.0,0.0,1.0
区位,3.0,0.0,1.0,0.0
审核,0.0,6.0,0.0,1.0
计算,3.0,3.0,0.5,0.5
取得,3.0,0.0,1.0,0.0
建材,3.0,0.0,1.0,0.0
不会,3.0,0.0,1.0,0.0
始终,3.0,0.0,1.0,0.0
之效,3.0,0.0,1.0,0.0
华意,0.0,6.0,0.0,1.0
将会,6.0,0.0,1.0,0.0
刊登,0.0,3.0,0.0,1.0
个别,0.0,6.0,0.0,1.0
每年,3.0,0.0,1.0,0.0
以后,3.0,0.0,1.0,0.0
扩建,0.0,6.0,0.0,1.0
收盘,3.0,3.0,0.5,0.5
对于,2.0,0.0,1.0,0.0
出台,0.0,3.0,0.0,1.0
早,0.0,3.0,0.0,1.0
802,0.0,3.0,0.0,1.0
编辑,3.0,0.0,1.0,0.0
大力,3.0,0.0,1.0,0.0
告别,3.0,0.0,1.0,0.0
9,6.0,0.0,1.0,0.0
将,42.0,15.0,0.7368421052631579,0.2631578947368421
随着,3.0,0.0,1.0,0.0
A股,0.0,3.0,0.0,1.0
更,30.0,0.0,1.0,0.0
法定代表,0.0,3.0,0.0,1.0
型,3.0,0.0,1.0,0.0
584,0.0,3.0,0.0,1.0
前沿阵地,3.0,0.0,1.0,0.0
无需,3.0,0.0,1.0,0.0
迅,0.0,3.0,0.0,1.0
配股缴款,0.0,6.0,0.0,1.0
正举,3.0,0.0,1.0,0.0
输入,3.0,0.0,1.0,0.0
所,6.0,3.0,0.6666666666666666,0.3333333333333333
空调,3.0,0.0,1.0,0.0
组件,6.0,0.0,1.0,0.0
三大,12.0,0.0,1.0,0.0
成,21.0,0.0,1.0,0.0
快,3.0,0.0,1.0,0.0
部署,3.0,0.0,1.0,0.0
加快,12.0,0.0,1.0,0.0
微,0.0,6.0,0.0,1.0
近年来,0.0,3.0,0.0,1.0
优势,9.0,0.0,1.0,0.0
参加,0.0,3.0,0.0,1.0
上,15.0,3.0,0.8333333333333334,0.16666666666666666
元春,3.0,0.0,1.0,0.0
拉升,3.0,10.0,0.23076923076923078,0.7692307692307693
http,0.0,9.0,0.0,1.0
现场,3.0,0.0,1.0,0.0
应,6.0,0.0,1.0,0.0
半,0.0,3.0,0.0,1.0
披露,3.0,3.0,0.5,0.5
当前,3.0,0.0,1.0,0.0
动能,9.0,0.0,1.0,0.0
发行,0.0,24.0,0.0,1.0
特别,3.0,0.0,1.0,0.0
cn,0.0,6.0,0.0,1.0
执行,3.0,0.0,1.0,0.0
291,0.0,3.0,0.0,1.0
再创,3.0,0.0,1.0,0.0
设计,6.0,0.0,1.0,0.0
觉得,6.0,0.0,1.0,0.0
下行,0.0,3.0,0.0,1.0
点击,3.0,0.0,1.0,0.0
221,0.0,3.0,0.0,1.0
均,3.0,0.0,1.0,0.0
等,21.0,30.0,0.4117647058823529,0.5882352941176471
第一季度,6.0,0.0,1.0,0.0
上述,0.0,3.0,0.0,1.0
高端,33.0,0.0,1.0,0.0
以及,6.0,0.0,1.0,0.0
本,3.0,15.0,0.16666666666666666,0.8333333333333334
五大,18.0,0.0,1.0,0.0
搭建,12.0,0.0,1.0,0.0
小编,3.0,0.0,1.0,0.0
因素,12.0,0.0,1.0,0.0
载体,3.0,0.0,1.0,0.0
触发,3.0,0.0,1.0,0.0
几家,3.0,0.0,1.0,0.0
改革,9.0,0.0,1.0,0.0
不忘,3.0,0.0,1.0,0.0
基数,0.0,6.0,0.0,1.0
各国,6.0,0.0,1.0,0.0
亮相,3.0,0.0,1.0,0.0
面积,3.0,0.0,1.0,0.0
能力,3.0,0.0,1.0,0.0
激发,3.0,0.0,1.0,0.0
预案,0.0,6.0,0.0,1.0
竣工,2.0,0.0,1.0,0.0
长子,3.0,0.0,1.0,0.0
彩虹,3.0,0.0,1.0,0.0
桩,0.0,6.0,0.0,1.0
冷暖,3.0,0.0,1.0,0.0
卢召义,6.0,0.0,1.0,0.0
火车站,3.0,0.0,1.0,0.0
基地,0.0,6.0,0.0,1.0
于,24.0,6.0,0.8,0.2
追赶,3.0,0.0,1.0,0.0
一年,0.0,3.0,0.0,1.0
应用,0.0,3.0,0.0,1.0
运用,3.0,0.0,1.0,0.0
增设,3.0,0.0,1.0,0.0
水泥,18.0,0.0,1.0,0.0
25,0.0,9.0,0.0,1.0
提出,3.0,0.0,1.0,0.0
噪感,6.0,0.0,1.0,0.0
才,3.0,0.0,1.0,0.0
以,24.0,15.0,0.6153846153846154,0.38461538461538464
物化,3.0,0.0,1.0,0.0
如下,0.0,6.0,0.0,1.0
引发,3.0,0.0,1.0,0.0
关于,6.0,3.0,0.6666666666666666,0.3333333333333333
收购,12.0,0.0,1.0,0.0
工作,9.0,15.0,0.375,0.625
按照,3.0,15.0,0.16666666666666666,0.8333333333333334
认同,2.0,0.0,1.0,0.0
转速,3.0,0.0,1.0,0.0
转让方,9.0,0.0,1.0,0.0
会议,6.0,0.0,1.0,0.0
大考,3.0,0.0,1.0,0.0
验资,0.0,6.0,0.0,1.0
10.90,0.0,3.0,0.0,1.0
广泛,6.0,0.0,1.0,0.0
特变,0.0,6.0,0.0,1.0
挖掘,3.0,0.0,1.0,0.0
重视,3.0,0.0,1.0,0.0
理念,9.0,0.0,1.0,0.0
航运,3.0,0.0,1.0,0.0
上涨,3.0,3.0,0.5,0.5
是,78.0,12.0,0.8666666666666667,0.13333333333333333
学者,3.0,0.0,1.0,0.0
排放,3.0,0.0,1.0,0.0
应有,3.0,0.0,1.0,0.0
之功,3.0,0.0,1.0,0.0
网站,0.0,9.0,0.0,1.0
使用,3.0,0.0,1.0,0.0
模块化,3.0,0.0,1.0,0.0
>,0.0,6.0,0.0,1.0
价为,6.0,3.0,0.6666666666666666,0.3333333333333333
2015,0.0,3.0,0.0,1.0
美国,6.0,0.0,1.0,0.0
蓝图,6.0,0.0,1.0,0.0
种种,3.0,0.0,1.0,0.0
技术,42.0,6.0,0.875,0.125
轴,6.0,0.0,1.0,0.0
做出,3.0,0.0,1.0,0.0
结合,3.0,0.0,1.0,0.0
 ,386.0,84.0,0.8212765957446808,0.17872340425531916
丰台区,0.0,3.0,0.0,1.0
时间,3.0,9.0,0.25,0.75
方面,15.0,0.0,1.0,0.0
出现,6.0,0.0,1.0,0.0
驱动,15.0,0.0,1.0,0.0
国际航空,3.0,0.0,1.0,0.0
带动,6.0,0.0,1.0,0.0
城镇化,3.0,0.0,1.0,0.0
坐落,3.0,0.0,1.0,0.0
亚洲地区,3.0,0.0,1.0,0.0
理想,3.0,0.0,1.0,0.0
管理中心,12.0,0.0,1.0,0.0
484,0.0,3.0,0.0,1.0
全球化,9.0,0.0,1.0,0.0
地,3.0,0.0,1.0,0.0
胡,0.0,3.0,0.0,1.0
分开,3.0,0.0,1.0,0.0
行业,3.0,3.0,0.5,0.5
涨停,15.0,10.0,0.6,0.4
邯山区,3.0,0.0,1.0,0.0
20,0.0,3.0,0.0,1.0
效果,6.0,0.0,1.0,0.0
身边,3.0,0.0,1.0,0.0
比,3.0,0.0,1.0,0.0
源自,3.0,0.0,1.0,0.0
有限公司,12.0,33.0,0.26666666666666666,0.7333333333333333
改善,3.0,0.0,1.0,0.0
　,0.0,162.0,0.0,1.0
构建,6.0,0.0,1.0,0.0
600628,2.0,0.0,1.0,0.0
个,3.0,0.0,1.0,0.0
创新,78.0,1.0,0.9873417721518988,0.012658227848101266
通讯员,3.0,0.0,1.0,0.0
参与,0.0,6.0,0.0,1.0
积极,6.0,0.0,1.0,0.0
中证网,0.0,6.0,0.0,1.0
配股,0.0,87.0,0.0,1.0
波,0.0,3.0,0.0,1.0
100,6.0,6.0,0.5,0.5
涉及,3.0,0.0,1.0,0.0
折服,3.0,0.0,1.0,0.0
信心,9.0,0.0,1.0,0.0
4,3.0,13.0,0.1875,0.8125
电子,0.0,6.0,0.0,1.0
发现,6.0,0.0,1.0,0.0
pngdata,0.0,6.0,0.0,1.0
武装头脑,3.0,0.0,1.0,0.0
业内人士,0.0,3.0,0.0,1.0
更是,6.0,0.0,1.0,0.0
新兴,3.0,0.0,1.0,0.0
新增,6.0,0.0,1.0,0.0
说,6.0,0.0,1.0,0.0
广州,21.0,0.0,1.0,0.0
星火,0.0,3.0,0.0,1.0
必须,9.0,0.0,1.0,0.0
9.080,3.0,0.0,1.0,0.0
实力,3.0,0.0,1.0,0.0
一台,3.0,0.0,1.0,0.0
蓝天,9.0,0.0,1.0,0.0
流通股,0.0,6.0,0.0,1.0
每个,6.0,0.0,1.0,0.0
600405,20.0,36.0,0.35714285714285715,0.6428571428571429
资源,9.0,1.0,0.9,0.1
之后,0.0,12.0,0.0,1.0
新一轮,9.0,0.0,1.0,0.0
下方,6.0,0.0,1.0,0.0
吸引,3.0,0.0,1.0,0.0
个股,6.0,1.0,0.8571428571428571,0.14285714285714285
充电,0.0,6.0,0.0,1.0
科技,6.0,0.0,1.0,0.0
河南,3.0,0.0,1.0,0.0
仅为,3.0,0.0,1.0,0.0
季度,3.0,0.0,1.0,0.0
要务,3.0,0.0,1.0,0.0
机构,9.0,12.0,0.42857142857142855,0.5714285714285714
回落,3.0,0.0,1.0,0.0
冀东水泥,3.0,0.0,1.0,0.0
证券网,3.0,3.0,0.5,0.5
同心,15.0,0.0,1.0,0.0
为主,3.0,0.0,1.0,0.0
而且,0.0,3.0,0.0,1.0
平台,3.0,0.0,1.0,0.0
软件,3.0,0.0,1.0,0.0
代表,6.0,0.0,1.0,0.0
防,3.0,0.0,1.0,0.0
更加,9.0,0.0,1.0,0.0
国际,9.0,0.0,1.0,0.0
总枢纽,3.0,0.0,1.0,0.0
新,100.0,0.0,1.0,0.0
重量,3.0,0.0,1.0,0.0
锂电池,0.0,4.0,0.0,1.0
(,45.0,24.0,0.6521739130434783,0.34782608695652173
支队,3.0,0.0,1.0,0.0
（,38.0,63.0,0.37623762376237624,0.6237623762376238
上证指数,0.0,3.0,0.0,1.0
分公司,6.0,3.0,0.6666666666666666,0.3333333333333333
依据,3.0,0.0,1.0,0.0
代国祥,3.0,0.0,1.0,0.0
1,3.0,3.0,0.5,0.5
表示,9.0,0.0,1.0,0.0
GDP,3.0,0.0,1.0,0.0
南财,0.0,6.0,0.0,1.0
酒柜,15.0,0.0,1.0,0.0
94.25,0.0,3.0,0.0,1.0
概念股,0.0,4.0,0.0,1.0
人们,3.0,0.0,1.0,0.0
8.34,0.0,3.0,0.0,1.0
14,0.0,3.0,0.0,1.0
材料,0.0,1.0,0.0,1.0
本次,0.0,18.0,0.0,1.0
眉山,3.0,0.0,1.0,0.0
星景,27.0,0.0,1.0,0.0
接触,3.0,0.0,1.0,0.0
公司,3.0,39.0,0.07142857142857142,0.9285714285714286
进行,6.0,12.0,0.3333333333333333,0.6666666666666666
抢险,3.0,0.0,1.0,0.0
拟以,6.0,3.0,0.6666666666666666,0.3333333333333333
华新水泥,3.0,0.0,1.0,0.0
把握,3.0,0.0,1.0,0.0
验证,2.0,0.0,1.0,0.0
长青,6.0,0.0,1.0,0.0
-,0.0,9.0,0.0,1.0
制热,3.0,0.0,1.0,0.0
广泛应用,3.0,0.0,1.0,0.0
机械,3.0,0.0,1.0,0.0
鸭,6.0,0.0,1.0,0.0
合作,30.0,0.0,1.0,0.0
深圳,12.0,0.0,1.0,0.0
整机,3.0,0.0,1.0,0.0
政策方针,0.0,3.0,0.0,1.0
