产能,0.0,12.0,0.0,1.0
12,0.0,42.0,0.0,1.0
武汉市,0.0,3.0,0.0,1.0
加上,0.0,6.0,0.0,1.0
一代人,0.0,6.0,0.0,1.0
问世,0.0,3.0,0.0,1.0
商行,0.0,3.0,0.0,1.0
重心,0.0,3.0,0.0,1.0
股东权益,0.0,6.0,0.0,1.0
至,0.0,48.0,0.0,1.0
一切,0.0,3.0,0.0,1.0
value,0.0,3.0,0.0,1.0
跨国,0.0,3.0,0.0,1.0
及其,0.0,30.0,0.0,1.0
开工,0.0,6.0,0.0,1.0
598,0.0,6.0,0.0,1.0
71.86,0.0,6.0,0.0,1.0
要,0.0,6.0,0.0,1.0
完成,0.0,87.0,0.0,1.0
253.7,0.0,15.0,0.0,1.0
侯恩龙,0.0,6.0,0.0,1.0
胜地,0.0,6.0,0.0,1.0
认购,0.0,12.0,0.0,1.0
控人及,0.0,6.0,0.0,1.0
数码,0.0,12.0,0.0,1.0
6800,0.0,6.0,0.0,1.0
同比,0.0,147.0,0.0,1.0
控制权,0.0,3.0,0.0,1.0
人士,0.0,9.0,0.0,1.0
产业,0.0,48.0,0.0,1.0
一方面,0.0,3.0,0.0,1.0
有所提高,0.0,3.0,0.0,1.0
独家,0.0,9.0,0.0,1.0
此次,0.0,42.0,0.0,1.0
酷开,0.0,6.0,0.0,1.0
中国,0.0,42.0,0.0,1.0
亿纬锂,0.0,3.0,0.0,1.0
下属,0.0,6.0,0.0,1.0
深圳市,0.0,36.0,0.0,1.0
联姻,0.0,3.0,0.0,1.0
激增,0.0,3.0,0.0,1.0
引起,0.0,3.0,0.0,1.0
发挥,0.0,6.0,0.0,1.0
半个,0.0,3.0,0.0,1.0
85.7,0.0,6.0,0.0,1.0
三建,0.0,6.0,0.0,1.0
0,0.0,36.0,0.0,1.0
入股,0.0,6.0,0.0,1.0
TFT,0.0,6.0,0.0,1.0
建设项目,0.0,6.0,0.0,1.0
300097,0.0,3.0,0.0,1.0
实际,0.0,6.0,0.0,1.0
比亚迪,0.0,6.0,0.0,1.0
视为,0.0,3.0,0.0,1.0
*,0.0,3.0,0.0,1.0
推,0.0,3.0,0.0,1.0
综合性,0.0,6.0,0.0,1.0
9.84,0.0,21.0,0.0,1.0
看,0.0,6.0,0.0,1.0
3.00,0.0,3.0,0.0,1.0
文章,0.0,6.0,0.0,1.0
标准,0.0,6.0,0.0,1.0
案例,0.0,3.0,0.0,1.0
522,0.0,12.0,0.0,1.0
别人,0.0,6.0,0.0,1.0
加大,0.0,3.0,0.0,1.0
员工,0.0,27.0,0.0,1.0
秘书,0.0,18.0,0.0,1.0
利益,0.0,6.0,0.0,1.0
件,0.0,9.0,0.0,1.0
增持,0.0,27.0,0.0,1.0
有望,0.0,3.0,0.0,1.0
只要,0.0,3.0,0.0,1.0
北美地区,0.0,3.0,0.0,1.0
总产值,0.0,3.0,0.0,1.0
无非,0.0,6.0,0.0,1.0
程度,0.0,6.0,0.0,1.0
乐视,0.0,6.0,0.0,1.0
自制,0.0,3.0,0.0,1.0
丨,0.0,9.0,0.0,1.0
chart,0.0,3.0,0.0,1.0
华为,0.0,3.0,0.0,1.0
协议,0.0,90.0,0.0,1.0
清洁,0.0,6.0,0.0,1.0
过半,0.0,3.0,0.0,1.0
允许,0.0,3.0,0.0,1.0
10,0.0,63.0,0.0,1.0
80,0.0,15.0,0.0,1.0
…,0.0,12.0,0.0,1.0
65,0.0,3.0,0.0,1.0
微软公司,0.0,3.0,0.0,1.0
成本价,0.0,3.0,0.0,1.0
惠企中,0.0,3.0,0.0,1.0
股份,0.0,168.0,0.0,1.0
换句话说,0.0,3.0,0.0,1.0
价约,0.0,9.0,0.0,1.0
跑,0.0,6.0,0.0,1.0
出,0.0,6.0,0.0,1.0
史文超,0.0,6.0,0.0,1.0
1.02,0.0,3.0,0.0,1.0
广汽,0.0,6.0,0.0,1.0
来自,0.0,6.0,0.0,1.0
70.7,0.0,12.0,0.0,1.0
获,0.0,18.0,0.0,1.0
用户,0.0,33.0,0.0,1.0
万股,0.0,9.0,0.0,1.0
建成,0.0,6.0,0.0,1.0
期内,0.0,9.0,0.0,1.0
培育,0.0,3.0,0.0,1.0
能源行业,0.0,3.0,0.0,1.0
六月份,0.0,3.0,0.0,1.0
估计,0.0,3.0,0.0,1.0
电视,0.0,84.0,0.0,1.0
艾科,0.0,3.0,0.0,1.0
谋划,0.0,6.0,0.0,1.0
联手,0.0,3.0,0.0,1.0
jrjimg,0.0,3.0,0.0,1.0
智能手机,0.0,6.0,0.0,1.0
逾,0.0,9.0,0.0,1.0
04,0.0,3.0,0.0,1.0
20.5,0.0,3.0,0.0,1.0
空间,0.0,6.0,0.0,1.0
经过,0.0,3.0,0.0,1.0
备考,0.0,12.0,0.0,1.0
加速度,0.0,6.0,0.0,1.0
作为,0.0,33.0,0.0,1.0
网友,0.0,3.0,0.0,1.0
占华显,0.0,9.0,0.0,1.0
代为,0.0,3.0,0.0,1.0
综合,0.0,3.0,0.0,1.0
审计,0.0,21.0,0.0,1.0
2004,0.0,9.0,0.0,1.0
万多名,0.0,6.0,0.0,1.0
png,0.0,27.0,0.0,1.0
hqpick,0.0,15.0,0.0,1.0
7,0.0,105.0,0.0,1.0
及华显,0.0,3.0,0.0,1.0
37,0.0,15.0,0.0,1.0
举办,0.0,3.0,0.0,1.0
PK,0.0,3.0,0.0,1.0
还是,0.0,12.0,0.0,1.0
12455.34,0.0,3.0,0.0,1.0
499,0.0,3.0,0.0,1.0
参加,0.0,6.0,0.0,1.0
还有,0.0,6.0,0.0,1.0
】,0.0,48.0,0.0,1.0
其及,0.0,3.0,0.0,1.0
加速,0.0,6.0,0.0,1.0
单位,0.0,9.0,0.0,1.0
条,0.0,3.0,0.0,1.0
宽松,0.0,3.0,0.0,1.0
尚需,0.0,3.0,0.0,1.0
操控,0.0,3.0,0.0,1.0
写道,0.0,3.0,0.0,1.0
液晶面板,0.0,33.0,0.0,1.0
发展,0.0,33.0,0.0,1.0
R5LWXEdgw9EysqECK822gKbc4hSLtS0wxC6AmkscSU5JiaP0WJQU5OjMhu6O9eh4bNHbtA,0.0,3.0,0.0,1.0
位于,0.0,3.0,0.0,1.0
从,0.0,15.0,0.0,1.0
50,0.0,3.0,0.0,1.0
工作,0.0,6.0,0.0,1.0
=,0.0,90.0,0.0,1.0
+,0.0,66.0,0.0,1.0
吃,0.0,6.0,0.0,1.0
中称,0.0,3.0,0.0,1.0
细节,0.0,6.0,0.0,1.0
进展,0.0,9.0,0.0,1.0
联通,0.0,3.0,0.0,1.0
启动,0.0,3.0,0.0,1.0
中期,0.0,3.0,0.0,1.0
出手,0.0,3.0,0.0,1.0
亿港元,0.0,21.0,0.0,1.0
万张,0.0,3.0,0.0,1.0
专业,0.0,3.0,0.0,1.0
万片,0.0,9.0,0.0,1.0
资金,0.0,6.0,0.0,1.0
消息,0.0,21.0,0.0,1.0
OGX56nYTA9CVS1yab3B0yy9NL9hIlLbJkYlMsoibsZuZzKQaFJd8hevFOfSa8zr4Z3yyw,0.0,3.0,0.0,1.0
1.11,0.0,3.0,0.0,1.0
生态,0.0,12.0,0.0,1.0
都,0.0,3.0,0.0,1.0
下,0.0,18.0,0.0,1.0
昇,0.0,3.0,0.0,1.0
元,0.0,30.0,0.0,1.0
如何,0.0,3.0,0.0,1.0
治理,0.0,3.0,0.0,1.0
设立,0.0,3.0,0.0,1.0
103.09,0.0,6.0,0.0,1.0
先锋,0.0,6.0,0.0,1.0
造成,0.0,6.0,0.0,1.0
营销,0.0,3.0,0.0,1.0
入场,0.0,3.0,0.0,1.0
去,0.0,3.0,0.0,1.0
因涉嫌,0.0,3.0,0.0,1.0
二十年,0.0,3.0,0.0,1.0
编号,0.0,3.0,0.0,1.0
69.73,0.0,3.0,0.0,1.0
预亏,0.0,6.0,0.0,1.0
监管,0.0,12.0,0.0,1.0
政府,0.0,12.0,0.0,1.0
机遇,0.0,6.0,0.0,1.0
两回事,0.0,6.0,0.0,1.0
中新网,0.0,3.0,0.0,1.0
洽购,0.0,6.0,0.0,1.0
采访,0.0,15.0,0.0,1.0
虚假,0.0,3.0,0.0,1.0
835281,0.0,3.0,0.0,1.0
超过,0.0,15.0,0.0,1.0
是否,0.0,6.0,0.0,1.0
拟将,0.0,3.0,0.0,1.0
0.35,0.0,3.0,0.0,1.0
万人,0.0,3.0,0.0,1.0
个股,0.0,3.0,0.0,1.0
超,0.0,18.0,0.0,1.0
互补,0.0,3.0,0.0,1.0
激越,0.0,3.0,0.0,1.0
197,0.0,3.0,0.0,1.0
国际化,0.0,6.0,0.0,1.0
南存辉,0.0,3.0,0.0,1.0
入围,0.0,3.0,0.0,1.0
竞赛,0.0,3.0,0.0,1.0
承诺,0.0,18.0,0.0,1.0
方式,0.0,63.0,0.0,1.0
shalom,0.0,3.0,0.0,1.0
持有,0.0,90.0,0.0,1.0
三名,0.0,6.0,0.0,1.0
发行,0.0,114.0,0.0,1.0
联成,0.0,27.0,0.0,1.0
效率,0.0,21.0,0.0,1.0
互联网,0.0,75.0,0.0,1.0
国家,0.0,15.0,0.0,1.0
管春枫,0.0,3.0,0.0,1.0
房产,0.0,3.0,0.0,1.0
快讯,0.0,3.0,0.0,1.0
罗锐,0.0,3.0,0.0,1.0
阿里,0.0,15.0,0.0,1.0
意图,0.0,6.0,0.0,1.0
行动,0.0,30.0,0.0,1.0
增长,0.0,108.0,0.0,1.0
内媒,0.0,3.0,0.0,1.0
集团股份,0.0,114.0,0.0,1.0
符合,0.0,12.0,0.0,1.0
同步,0.0,6.0,0.0,1.0
签约,0.0,6.0,0.0,1.0
7.00,0.0,3.0,0.0,1.0
手游,0.0,3.0,0.0,1.0
国际竞争,0.0,3.0,0.0,1.0
埃及,0.0,3.0,0.0,1.0
资料,0.0,6.0,0.0,1.0
更要,0.0,3.0,0.0,1.0
夺冠,0.0,3.0,0.0,1.0
腾讯,0.0,93.0,0.0,1.0
大洋洲,0.0,6.0,0.0,1.0
局面,0.0,3.0,0.0,1.0
思考,0.0,3.0,0.0,1.0
意味着,0.0,6.0,0.0,1.0
部分,0.0,3.0,0.0,1.0
预报,0.0,3.0,0.0,1.0
不少,0.0,3.0,0.0,1.0
ndts,0.0,3.0,0.0,1.0
财富,0.0,3.0,0.0,1.0
巨大,0.0,3.0,0.0,1.0
翻番,0.0,3.0,0.0,1.0
》,0.0,75.0,0.0,1.0
39,0.0,3.0,0.0,1.0
共有,0.0,6.0,0.0,1.0
现有,0.0,9.0,0.0,1.0
135,0.0,3.0,0.0,1.0
不久,0.0,3.0,0.0,1.0
报告书,0.0,12.0,0.0,1.0
破,0.0,3.0,0.0,1.0
小屏,0.0,3.0,0.0,1.0
银,0.0,3.0,0.0,1.0
莫斐,0.0,3.0,0.0,1.0
20170731015602107430741,0.0,3.0,0.0,1.0
一期,0.0,6.0,0.0,1.0
肖文舸,0.0,3.0,0.0,1.0
曼,0.0,3.0,0.0,1.0
Lu4025FISuqM2JOC9CqsQV1sjJWiaalwBR13VzXZVdfYxjzj74Q3ZaqyBtnlnMFWsS0FIx7avzcUwL3Q77NWSoQ,0.0,3.0,0.0,1.0
廖骞,0.0,27.0,0.0,1.0
0334HK,0.0,3.0,0.0,1.0
会,0.0,18.0,0.0,1.0
推动,0.0,15.0,0.0,1.0
先后,0.0,3.0,0.0,1.0
激烈,0.0,3.0,0.0,1.0
进步,0.0,3.0,0.0,1.0
内地,0.0,9.0,0.0,1.0
意义,0.0,3.0,0.0,1.0
副总裁,0.0,33.0,0.0,1.0
金融界,0.0,6.0,0.0,1.0
纳入,0.0,6.0,0.0,1.0
17H1,0.0,3.0,0.0,1.0
张岱年,0.0,3.0,0.0,1.0
拓展,0.0,15.0,0.0,1.0
ifengimg,0.0,3.0,0.0,1.0
constituency,0.0,3.0,0.0,1.0
股权,0.0,273.0,0.0,1.0
珠海,0.0,6.0,0.0,1.0
彩电,0.0,3.0,0.0,1.0
两者,0.0,6.0,0.0,1.0
their,0.0,3.0,0.0,1.0
5,0.0,108.0,0.0,1.0
5.00,0.0,3.0,0.0,1.0
中心,0.0,27.0,0.0,1.0
减员,0.0,9.0,0.0,1.0
立即,0.0,3.0,0.0,1.0
亦,0.0,3.0,0.0,1.0
移动用户,0.0,3.0,0.0,1.0
开始,0.0,9.0,0.0,1.0
关联,0.0,30.0,0.0,1.0
对,0.0,87.0,0.0,1.0
下称,0.0,3.0,0.0,1.0
捆绑,0.0,6.0,0.0,1.0
对话,0.0,3.0,0.0,1.0
苏宁,0.0,30.0,0.0,1.0
完全,0.0,6.0,0.0,1.0
742,0.0,3.0,0.0,1.0
单品,0.0,6.0,0.0,1.0
年报,0.0,12.0,0.0,1.0
过剩,0.0,3.0,0.0,1.0
16.67,0.0,15.0,0.0,1.0
也就是说,0.0,3.0,0.0,1.0
月,0.0,219.0,0.0,1.0
邮政编码,0.0,3.0,0.0,1.0
人,0.0,54.0,0.0,1.0
尤夫,0.0,3.0,0.0,1.0
科创,0.0,6.0,0.0,1.0
VALUE,0.0,6.0,0.0,1.0
尊重,0.0,3.0,0.0,1.0
HIGH,0.0,6.0,0.0,1.0
级别,0.0,3.0,0.0,1.0
收益,0.0,18.0,0.0,1.0
报道,0.0,9.0,0.0,1.0
推进,0.0,12.0,0.0,1.0
媚,0.0,3.0,0.0,1.0
43.60,0.0,6.0,0.0,1.0
陈子仪,0.0,6.0,0.0,1.0
亿股,0.0,15.0,0.0,1.0
/,0.0,279.0,0.0,1.0
增值率,0.0,3.0,0.0,1.0
诊股,0.0,24.0,0.0,1.0
菜,0.0,3.0,0.0,1.0
颁奖词,0.0,3.0,0.0,1.0
光明,0.0,9.0,0.0,1.0
二维码,0.0,3.0,0.0,1.0
—,0.0,54.0,0.0,1.0
以下,0.0,21.0,0.0,1.0
受益,0.0,3.0,0.0,1.0
icjZuibLbe1JfoqKwQF7wzfYfGF9yYClbRFCNVLO47SZ1HlYsmKLeMyVyFHPwXpp6Ixhx6YIgdmxg,0.0,3.0,0.0,1.0
物流,0.0,3.0,0.0,1.0
延长,0.0,3.0,0.0,1.0
18,0.0,15.0,0.0,1.0
通信,0.0,18.0,0.0,1.0
亿至,0.0,3.0,0.0,1.0
7.88,0.0,3.0,0.0,1.0
事件,0.0,6.0,0.0,1.0
500,0.0,6.0,0.0,1.0
食品,0.0,3.0,0.0,1.0
拟,0.0,84.0,0.0,1.0
成功,0.0,6.0,0.0,1.0
一带,0.0,3.0,0.0,1.0
控股,0.0,138.0,0.0,1.0
方,0.0,6.0,0.0,1.0
毛利,0.0,6.0,0.0,1.0
华阳,0.0,3.0,0.0,1.0
内幕,0.0,3.0,0.0,1.0
年销售额,0.0,3.0,0.0,1.0
领先地位,0.0,3.0,0.0,1.0
两个,0.0,3.0,0.0,1.0
内部,0.0,39.0,0.0,1.0
3.87,0.0,6.0,0.0,1.0
七月份,0.0,3.0,0.0,1.0
通讯员,0.0,6.0,0.0,1.0
明显,0.0,6.0,0.0,1.0
先生,0.0,12.0,0.0,1.0
人大代表,0.0,3.0,0.0,1.0
第一步,0.0,12.0,0.0,1.0
召集人,0.0,3.0,0.0,1.0
行使,0.0,3.0,0.0,1.0
奥维云网,0.0,3.0,0.0,1.0
2016,0.0,39.0,0.0,1.0
器重,0.0,3.0,0.0,1.0
有偿,0.0,3.0,0.0,1.0
支付,0.0,6.0,0.0,1.0
重大,0.0,63.0,0.0,1.0
洛阳,0.0,6.0,0.0,1.0
签署,0.0,57.0,0.0,1.0
2019,0.0,3.0,0.0,1.0
终于,0.0,3.0,0.0,1.0
优先股,0.0,3.0,0.0,1.0
继,0.0,6.0,0.0,1.0
接替,0.0,3.0,0.0,1.0
城,0.0,3.0,0.0,1.0
CP,0.0,3.0,0.0,1.0
日以,0.0,9.0,0.0,1.0
跨界,0.0,3.0,0.0,1.0
另外,0.0,6.0,0.0,1.0
翰林汇,0.0,6.0,0.0,1.0
建议,0.0,9.0,0.0,1.0
大族,0.0,3.0,0.0,1.0
之,0.0,24.0,0.0,1.0
显然,0.0,3.0,0.0,1.0
摘得,0.0,3.0,0.0,1.0
产业布局,0.0,3.0,0.0,1.0
大型,0.0,12.0,0.0,1.0
领军,0.0,3.0,0.0,1.0
预告,0.0,6.0,0.0,1.0
占,0.0,63.0,0.0,1.0
金发,0.0,3.0,0.0,1.0
998.60,0.0,3.0,0.0,1.0
1709,0.0,6.0,0.0,1.0
时,0.0,39.0,0.0,1.0
版权,0.0,3.0,0.0,1.0
大关,0.0,3.0,0.0,1.0
处置,0.0,12.0,0.0,1.0
22,0.0,6.0,0.0,1.0
jMNZ1LbErkfJjc0CKaOeyK2D5HcAspVfmpVmbH1FTPHRQ,0.0,3.0,0.0,1.0
导航,0.0,3.0,0.0,1.0
并且,0.0,6.0,0.0,1.0
领先,0.0,6.0,0.0,1.0
管理,0.0,60.0,0.0,1.0
依次,0.0,3.0,0.0,1.0
五大,0.0,3.0,0.0,1.0
深,0.0,3.0,0.0,1.0
讲话,0.0,3.0,0.0,1.0
应用,0.0,3.0,0.0,1.0
西藏天路,0.0,6.0,0.0,1.0
党工委,0.0,6.0,0.0,1.0
6.007,0.0,3.0,0.0,1.0
名称,0.0,6.0,0.0,1.0
税负,0.0,3.0,0.0,1.0
来说,0.0,6.0,0.0,1.0
调研,0.0,3.0,0.0,1.0
欧洲地区,0.0,3.0,0.0,1.0
话语权,0.0,3.0,0.0,1.0
评论,0.0,3.0,0.0,1.0
宋城,0.0,3.0,0.0,1.0
2940,0.0,3.0,0.0,1.0
Charlie,0.0,3.0,0.0,1.0
告诉,0.0,6.0,0.0,1.0
旗下,0.0,69.0,0.0,1.0
铿锵,0.0,3.0,0.0,1.0
使,0.0,9.0,0.0,1.0
奖股,0.0,3.0,0.0,1.0
线上,0.0,3.0,0.0,1.0
创业投资,0.0,33.0,0.0,1.0
致辞,0.0,3.0,0.0,1.0
开市,0.0,3.0,0.0,1.0
责任编辑,0.0,3.0,0.0,1.0
陆续,0.0,6.0,0.0,1.0
债务,0.0,3.0,0.0,1.0
低,0.0,3.0,0.0,1.0
视频,0.0,6.0,0.0,1.0
工厂,0.0,21.0,0.0,1.0
星涌,0.0,24.0,0.0,1.0
办公室,0.0,6.0,0.0,1.0
车载,0.0,3.0,0.0,1.0
这场,0.0,3.0,0.0,1.0
且,0.0,3.0,0.0,1.0
Chow,0.0,3.0,0.0,1.0
典型,0.0,3.0,0.0,1.0
一步,0.0,3.0,0.0,1.0
近日,0.0,21.0,0.0,1.0
问询,0.0,3.0,0.0,1.0
5.01,0.0,3.0,0.0,1.0
更为,0.0,3.0,0.0,1.0
五连,0.0,3.0,0.0,1.0
监察部,0.0,3.0,0.0,1.0
流程,0.0,3.0,0.0,1.0
027,0.0,6.0,0.0,1.0
10.0409,0.0,6.0,0.0,1.0
做过,0.0,3.0,0.0,1.0
新型,0.0,9.0,0.0,1.0
评,0.0,6.0,0.0,1.0
300545,0.0,3.0,0.0,1.0
服务,0.0,36.0,0.0,1.0
申请,0.0,3.0,0.0,1.0
主营,0.0,6.0,0.0,1.0
制造,0.0,24.0,0.0,1.0
传播,0.0,3.0,0.0,1.0
粤财,0.0,3.0,0.0,1.0
六,0.0,3.0,0.0,1.0
延续,0.0,12.0,0.0,1.0
登记,0.0,6.0,0.0,1.0
本报记者,0.0,6.0,0.0,1.0
投片,0.0,6.0,0.0,1.0
内容,0.0,27.0,0.0,1.0
日复牌,0.0,9.0,0.0,1.0
预案,0.0,6.0,0.0,1.0
49.53,0.0,6.0,0.0,1.0
交易价格,0.0,9.0,0.0,1.0
原,0.0,15.0,0.0,1.0
可以,0.0,6.0,0.0,1.0
Ventures,0.0,21.0,0.0,1.0
家庭用户,0.0,3.0,0.0,1.0
TCL7,0.0,6.0,0.0,1.0
0.45,0.0,12.0,0.0,1.0
合法性,0.0,3.0,0.0,1.0
长江,0.0,42.0,0.0,1.0
私有化,0.0,24.0,0.0,1.0
并称,0.0,3.0,0.0,1.0
：,0.0,198.0,0.0,1.0
变得,0.0,3.0,0.0,1.0
晚间,0.0,42.0,0.0,1.0
汤,0.0,3.0,0.0,1.0
很大,0.0,9.0,0.0,1.0
剩余,0.0,3.0,0.0,1.0
涨幅,0.0,3.0,0.0,1.0
亮点,0.0,3.0,0.0,1.0
真实,0.0,3.0,0.0,1.0
0.16,0.0,3.0,0.0,1.0
Their,0.0,3.0,0.0,1.0
两家,0.0,6.0,0.0,1.0
上线,0.0,9.0,0.0,1.0
两大,0.0,3.0,0.0,1.0
沟通,0.0,6.0,0.0,1.0
希望,0.0,9.0,0.0,1.0
王禹媚,0.0,3.0,0.0,1.0
投资,0.0,123.0,0.0,1.0
正在,0.0,3.0,0.0,1.0
1997,0.0,6.0,0.0,1.0
渠道,0.0,18.0,0.0,1.0
投产,0.0,3.0,0.0,1.0
8,0.0,27.0,0.0,1.0
归功于,0.0,3.0,0.0,1.0
形成,0.0,6.0,0.0,1.0
有效,0.0,6.0,0.0,1.0
不惊,0.0,3.0,0.0,1.0
达,0.0,3.0,0.0,1.0
智能,0.0,27.0,0.0,1.0
211,0.0,3.0,0.0,1.0
红墙,0.0,3.0,0.0,1.0
上台,0.0,3.0,0.0,1.0
U513P955DT20170509115620,0.0,3.0,0.0,1.0
预留,0.0,3.0,0.0,1.0
能力,0.0,36.0,0.0,1.0
雷鸟,0.0,153.0,0.0,1.0
上市,0.0,75.0,0.0,1.0
晒出,0.0,3.0,0.0,1.0
信息,0.0,27.0,0.0,1.0
激光,0.0,3.0,0.0,1.0
影响,0.0,9.0,0.0,1.0
H8CoygQsL3GkuZcazkiaMr7zhpDKxQtAsGu4nQ7nBZ3ib15NerLm9LME2TSfQ,0.0,3.0,0.0,1.0
上半年,0.0,45.0,0.0,1.0
建立,0.0,3.0,0.0,1.0
正,0.0,9.0,0.0,1.0
母子公司,0.0,3.0,0.0,1.0
五年,0.0,3.0,0.0,1.0
特别,0.0,3.0,0.0,1.0
一直,0.0,12.0,0.0,1.0
开发新,0.0,3.0,0.0,1.0
sYibzibNMN8ClCuzLAGTvVZFyOzchtqqb5YXDfElmH3ibOTyaII7eicWDiaF1X0H2xC5zwUmmt5QibXA,0.0,3.0,0.0,1.0
活跃,0.0,3.0,0.0,1.0
蝉联,0.0,3.0,0.0,1.0
终端,0.0,15.0,0.0,1.0
查处,0.0,3.0,0.0,1.0
首席,0.0,6.0,0.0,1.0
波动,0.0,9.0,0.0,1.0
注册,0.0,12.0,0.0,1.0
其它,0.0,3.0,0.0,1.0
韩,0.0,6.0,0.0,1.0
四大,0.0,3.0,0.0,1.0
旭硝子,0.0,3.0,0.0,1.0
广告,0.0,6.0,0.0,1.0
仅,0.0,9.0,0.0,1.0
惠州市,0.0,12.0,0.0,1.0
签订契约,0.0,3.0,0.0,1.0
万达,0.0,15.0,0.0,1.0
公布,0.0,6.0,0.0,1.0
分成,0.0,9.0,0.0,1.0
公司地址,0.0,3.0,0.0,1.0
jpeg,0.0,33.0,0.0,1.0
赛中,0.0,3.0,0.0,1.0
本页,0.0,9.0,0.0,1.0
38,0.0,3.0,0.0,1.0
促动,0.0,3.0,0.0,1.0
拟超,0.0,6.0,0.0,1.0
工商,0.0,3.0,0.0,1.0
一个,0.0,15.0,0.0,1.0
债权债务,0.0,9.0,0.0,1.0
53.81,0.0,48.0,0.0,1.0
地位,0.0,9.0,0.0,1.0
没有,0.0,12.0,0.0,1.0
dzgibaMrCzNvW25M8ZX4H8Coyt0ricOhBhb1WdCzSARVASALhfR9ubmDGE9nguyHWEXnujXibehZ9p3gQ,0.0,3.0,0.0,1.0
价值,0.0,15.0,0.0,1.0
微软,0.0,9.0,0.0,1.0
亿元,0.0,327.0,0.0,1.0
有所,0.0,3.0,0.0,1.0
后市,0.0,3.0,0.0,1.0
多媒体业务,0.0,9.0,0.0,1.0
第五,0.0,3.0,0.0,1.0
服务商,0.0,3.0,0.0,1.0
六大,0.0,3.0,0.0,1.0
此前,0.0,15.0,0.0,1.0
条件,0.0,15.0,0.0,1.0
布局,0.0,9.0,0.0,1.0
区间,0.0,3.0,0.0,1.0
块钱,0.0,6.0,0.0,1.0
孔子,0.0,3.0,0.0,1.0
kpic,0.0,3.0,0.0,1.0
突发,0.0,6.0,0.0,1.0
按年,0.0,6.0,0.0,1.0
惠企,0.0,12.0,0.0,1.0
趋势,0.0,6.0,0.0,1.0
延期,0.0,3.0,0.0,1.0
二季度,0.0,3.0,0.0,1.0
南方日报,0.0,9.0,0.0,1.0
广州日报,0.0,3.0,0.0,1.0
上下,0.0,3.0,0.0,1.0
七大,0.0,6.0,0.0,1.0
家入,0.0,3.0,0.0,1.0
业务,0.0,156.0,0.0,1.0
众,0.0,3.0,0.0,1.0
磋商,0.0,3.0,0.0,1.0
261.73,0.0,3.0,0.0,1.0
.,0.0,201.0,0.0,1.0
吸收,0.0,3.0,0.0,1.0
风险,0.0,6.0,0.0,1.0
DF309,0.0,3.0,0.0,1.0
0509,0.0,3.0,0.0,1.0
其中,0.0,36.0,0.0,1.0
岛村,0.0,3.0,0.0,1.0
workercn,0.0,3.0,0.0,1.0
市长,0.0,3.0,0.0,1.0
奶牛,0.0,6.0,0.0,1.0
派,0.0,3.0,0.0,1.0
打造,0.0,15.0,0.0,1.0
香港联交所,0.0,3.0,0.0,1.0
主旨,0.0,3.0,0.0,1.0
产,0.0,3.0,0.0,1.0
产品,0.0,63.0,0.0,1.0
这次,0.0,12.0,0.0,1.0
协同效应,0.0,6.0,0.0,1.0
于,0.0,57.0,0.0,1.0
违约责任,0.0,12.0,0.0,1.0
企业家,0.0,3.0,0.0,1.0
盈喜,0.0,9.0,0.0,1.0
时代,0.0,9.0,0.0,1.0
履行,0.0,6.0,0.0,1.0
公司业绩,0.0,3.0,0.0,1.0
总和,0.0,3.0,0.0,1.0
负责人,0.0,6.0,0.0,1.0
一介,0.0,3.0,0.0,1.0
另一方面,0.0,3.0,0.0,1.0
新星,0.0,3.0,0.0,1.0
类型,0.0,3.0,0.0,1.0
阿波罗,0.0,3.0,0.0,1.0
或者,0.0,9.0,0.0,1.0
立案,0.0,6.0,0.0,1.0
网站,0.0,9.0,0.0,1.0
无意,0.0,18.0,0.0,1.0
对路,0.0,6.0,0.0,1.0
战略,0.0,78.0,0.0,1.0
持续,0.0,18.0,0.0,1.0
原本,0.0,9.0,0.0,1.0
恒顺众,0.0,3.0,0.0,1.0
签订,0.0,3.0,0.0,1.0
描述,0.0,3.0,0.0,1.0
结束,0.0,6.0,0.0,1.0
www,0.0,12.0,0.0,1.0
手机,0.0,9.0,0.0,1.0
显示,0.0,99.0,0.0,1.0
动工,0.0,3.0,0.0,1.0
力度,0.0,3.0,0.0,1.0
转型,0.0,12.0,0.0,1.0
合并,0.0,18.0,0.0,1.0
结构,0.0,18.0,0.0,1.0
189030093,0.0,3.0,0.0,1.0
武昌鱼,0.0,3.0,0.0,1.0
阶段,0.0,3.0,0.0,1.0
Limited,0.0,24.0,0.0,1.0
群,0.0,6.0,0.0,1.0
0.005,0.0,3.0,0.0,1.0
纳税,0.0,9.0,0.0,1.0
打通,0.0,6.0,0.0,1.0
每月,0.0,3.0,0.0,1.0
仍为,0.0,6.0,0.0,1.0
认定,0.0,3.0,0.0,1.0
提振,0.0,3.0,0.0,1.0
大幅,0.0,18.0,0.0,1.0
具体操作,0.0,3.0,0.0,1.0
交流,0.0,3.0,0.0,1.0
涉资,0.0,3.0,0.0,1.0
罗荣力,0.0,3.0,0.0,1.0
已,0.0,24.0,0.0,1.0
担忧,0.0,3.0,0.0,1.0
简称,0.0,18.0,0.0,1.0
有效期,0.0,12.0,0.0,1.0
电器,0.0,12.0,0.0,1.0
00334,0.0,18.0,0.0,1.0
多个,0.0,12.0,0.0,1.0
研磨,0.0,3.0,0.0,1.0
发生,0.0,3.0,0.0,1.0
一新,0.0,3.0,0.0,1.0
一支,0.0,3.0,0.0,1.0
）,0.0,294.0,0.0,1.0
偏好,0.0,6.0,0.0,1.0
财务总监,0.0,3.0,0.0,1.0
方案,0.0,24.0,0.0,1.0
开发者,0.0,3.0,0.0,1.0
周欢,0.0,6.0,0.0,1.0
2.14,0.0,9.0,0.0,1.0
贡献,0.0,3.0,0.0,1.0
费用,0.0,12.0,0.0,1.0
TFTLCD,0.0,3.0,0.0,1.0
核心,0.0,6.0,0.0,1.0
各种,0.0,3.0,0.0,1.0
官方,0.0,3.0,0.0,1.0
相加,0.0,3.0,0.0,1.0
选择,0.0,3.0,0.0,1.0
子公司,0.0,189.0,0.0,1.0
两,0.0,3.0,0.0,1.0
纵向,0.0,3.0,0.0,1.0
潜力,0.0,3.0,0.0,1.0
8.42,0.0,9.0,0.0,1.0
进一步,0.0,18.0,0.0,1.0
皮泽红,0.0,3.0,0.0,1.0
经济,0.0,12.0,0.0,1.0
仲恺,0.0,3.0,0.0,1.0
招商银行,0.0,6.0,0.0,1.0
说明,0.0,18.0,0.0,1.0
公众,0.0,6.0,0.0,1.0
比例,0.0,54.0,0.0,1.0
竞争力,0.0,6.0,0.0,1.0
513,0.0,3.0,0.0,1.0
酝酿,0.0,9.0,0.0,1.0
药业,0.0,3.0,0.0,1.0
逐步,0.0,6.0,0.0,1.0
同日,0.0,3.0,0.0,1.0
附属,0.0,15.0,0.0,1.0
合志,0.0,6.0,0.0,1.0
最终,0.0,30.0,0.0,1.0
又,0.0,12.0,0.0,1.0
旨在,0.0,3.0,0.0,1.0
新款,0.0,3.0,0.0,1.0
宣布,0.0,27.0,0.0,1.0
全,0.0,9.0,0.0,1.0
其,0.0,90.0,0.0,1.0
9,0.0,9.0,0.0,1.0
邹作基,0.0,3.0,0.0,1.0
网络,0.0,12.0,0.0,1.0
fmt,0.0,45.0,0.0,1.0
42,0.0,6.0,0.0,1.0
至关重要,0.0,9.0,0.0,1.0
动态,0.0,3.0,0.0,1.0
仍,0.0,33.0,0.0,1.0
cn,0.0,21.0,0.0,1.0
发布公告,0.0,39.0,0.0,1.0
客服,0.0,3.0,0.0,1.0
该股,0.0,3.0,0.0,1.0
3.43,0.0,3.0,0.0,1.0
协商,0.0,9.0,0.0,1.0
优化,0.0,24.0,0.0,1.0
起来,0.0,3.0,0.0,1.0
报喜,0.0,3.0,0.0,1.0
上海银行,0.0,3.0,0.0,1.0
4.67,0.0,3.0,0.0,1.0
提到,0.0,3.0,0.0,1.0
深度,0.0,12.0,0.0,1.0
热点,0.0,6.0,0.0,1.0
C2B,0.0,6.0,0.0,1.0
日,0.0,183.0,0.0,1.0
关于,0.0,117.0,0.0,1.0
全资,0.0,30.0,0.0,1.0
模式,0.0,12.0,0.0,1.0
月底,0.0,3.0,0.0,1.0
通知,0.0,9.0,0.0,1.0
琢哉,0.0,3.0,0.0,1.0
带领,0.0,3.0,0.0,1.0
郴,0.0,3.0,0.0,1.0
359.92,0.0,3.0,0.0,1.0
草,0.0,3.0,0.0,1.0
延伸,0.0,3.0,0.0,1.0
线下,0.0,6.0,0.0,1.0
原文,0.0,3.0,0.0,1.0
哦,0.0,3.0,0.0,1.0
物流配送,0.0,3.0,0.0,1.0
年度,0.0,6.0,0.0,1.0
定向,0.0,3.0,0.0,1.0
深入,0.0,9.0,0.0,1.0
16.03,0.0,3.0,0.0,1.0
创新,0.0,24.0,0.0,1.0
来讲,0.0,3.0,0.0,1.0
产线,0.0,21.0,0.0,1.0
3.83,0.0,3.0,0.0,1.0
多,0.0,18.0,0.0,1.0
11,0.0,30.0,0.0,1.0
庞大,0.0,3.0,0.0,1.0
would,0.0,6.0,0.0,1.0
卓越,0.0,3.0,0.0,1.0
查看,0.0,6.0,0.0,1.0
中原,0.0,3.0,0.0,1.0
6.00,0.0,3.0,0.0,1.0
定制,0.0,6.0,0.0,1.0
周期,0.0,9.0,0.0,1.0
欧美,0.0,9.0,0.0,1.0
包括,0.0,12.0,0.0,1.0
TV,0.0,3.0,0.0,1.0
0.00,0.0,3.0,0.0,1.0
最高价,0.0,3.0,0.0,1.0
不同,0.0,12.0,0.0,1.0
据,0.0,21.0,0.0,1.0
厂商,0.0,15.0,0.0,1.0
林毅夫,0.0,3.0,0.0,1.0
水平,0.0,3.0,0.0,1.0
设在,0.0,3.0,0.0,1.0
:,0.0,51.0,0.0,1.0
需要,0.0,3.0,0.0,1.0
杨元庆,0.0,3.0,0.0,1.0
长效,0.0,3.0,0.0,1.0
万得,0.0,3.0,0.0,1.0
天茂,0.0,6.0,0.0,1.0
半,0.0,6.0,0.0,1.0
黑莓,0.0,6.0,0.0,1.0
将华显,0.0,12.0,0.0,1.0
税务,0.0,3.0,0.0,1.0
管理费用,0.0,3.0,0.0,1.0
股,0.0,9.0,0.0,1.0
盖章,0.0,9.0,0.0,1.0
总部,0.0,9.0,0.0,1.0
gif,0.0,6.0,0.0,1.0
qpic,0.0,15.0,0.0,1.0
武商,0.0,12.0,0.0,1.0
1.5,0.0,6.0,0.0,1.0
日晚,0.0,12.0,0.0,1.0
发表,0.0,3.0,0.0,1.0
Rogge,0.0,3.0,0.0,1.0
英属,0.0,9.0,0.0,1.0
5.23,0.0,6.0,0.0,1.0
促成,0.0,3.0,0.0,1.0
总裁兼,0.0,3.0,0.0,1.0
票房,0.0,6.0,0.0,1.0
271.37,0.0,6.0,0.0,1.0
波兰,0.0,3.0,0.0,1.0
担任,0.0,3.0,0.0,1.0
53.8,0.0,3.0,0.0,1.0
16.7,0.0,9.0,0.0,1.0
带来,0.0,6.0,0.0,1.0
128,0.0,6.0,0.0,1.0
眼看,0.0,6.0,0.0,1.0
实施,0.0,12.0,0.0,1.0
购买,0.0,87.0,0.0,1.0
371.97,0.0,3.0,0.0,1.0
减少,0.0,12.0,0.0,1.0
光电,0.0,594.0,0.0,1.0
aV9Vnib7CMXuMVhGrROSHAgP4R5aJhhqau27LnZhuT2674azibUB9Bia9GNwpwxqrrBNteiblOB7rvmg,0.0,3.0,0.0,1.0
负责,0.0,6.0,0.0,1.0
经验,0.0,3.0,0.0,1.0
中信证券,0.0,3.0,0.0,1.0
2179.74,0.0,3.0,0.0,1.0
钢银,0.0,6.0,0.0,1.0
日报,0.0,21.0,0.0,1.0
唯品,0.0,6.0,0.0,1.0
终端产品,0.0,6.0,0.0,1.0
资讯,0.0,6.0,0.0,1.0
多次,0.0,6.0,0.0,1.0
联系,0.0,3.0,0.0,1.0
4.48,0.0,9.0,0.0,1.0
去年,0.0,15.0,0.0,1.0
300567,0.0,3.0,0.0,1.0
COO,0.0,15.0,0.0,1.0
提高,0.0,27.0,0.0,1.0
重组,0.0,141.0,0.0,1.0
主任,0.0,6.0,0.0,1.0
美的,0.0,21.0,0.0,1.0
eastmoney,0.0,15.0,0.0,1.0
持股,0.0,54.0,0.0,1.0
从事,0.0,9.0,0.0,1.0
敬,0.0,6.0,0.0,1.0
有生力量,0.0,3.0,0.0,1.0
31,0.0,12.0,0.0,1.0
相对,0.0,3.0,0.0,1.0
上市公司,0.0,111.0,0.0,1.0
运营,0.0,24.0,0.0,1.0
发起,0.0,6.0,0.0,1.0
落地,0.0,3.0,0.0,1.0
涨价,0.0,6.0,0.0,1.0
收入,0.0,69.0,0.0,1.0
作者,0.0,12.0,0.0,1.0
情况,0.0,6.0,0.0,1.0
解禁,0.0,12.0,0.0,1.0
1010,0.0,3.0,0.0,1.0
大类,0.0,6.0,0.0,1.0
、,0.0,678.0,0.0,1.0
HEA,0.0,6.0,0.0,1.0
日微信,0.0,6.0,0.0,1.0
钼业,0.0,6.0,0.0,1.0
市场调研,0.0,3.0,0.0,1.0
但,0.0,21.0,0.0,1.0
降,0.0,15.0,0.0,1.0
有意,0.0,9.0,0.0,1.0
万元,0.0,15.0,0.0,1.0
精神,0.0,3.0,0.0,1.0
a,0.0,3.0,0.0,1.0
518057,0.0,3.0,0.0,1.0
南方,0.0,6.0,0.0,1.0
南通,0.0,6.0,0.0,1.0
只有,0.0,3.0,0.0,1.0
家电网,0.0,6.0,0.0,1.0
德赛,0.0,12.0,0.0,1.0
不断,0.0,12.0,0.0,1.0
一条,0.0,9.0,0.0,1.0
力争,0.0,3.0,0.0,1.0
构成,0.0,36.0,0.0,1.0
黑电,0.0,3.0,0.0,1.0
增发,0.0,6.0,0.0,1.0
更加,0.0,3.0,0.0,1.0
分析,0.0,15.0,0.0,1.0
销售额,0.0,6.0,0.0,1.0
土生土长,0.0,3.0,0.0,1.0
公子,0.0,3.0,0.0,1.0
更大,0.0,3.0,0.0,1.0
变为,0.0,12.0,0.0,1.0
武汉,0.0,12.0,0.0,1.0
300144,0.0,3.0,0.0,1.0
困难,0.0,3.0,0.0,1.0
其为,0.0,6.0,0.0,1.0
千人,0.0,3.0,0.0,1.0
行情,0.0,33.0,0.0,1.0
理念,0.0,3.0,0.0,1.0
中京,0.0,6.0,0.0,1.0
凭借,0.0,3.0,0.0,1.0
方向,0.0,3.0,0.0,1.0
经营性,0.0,6.0,0.0,1.0
个人,0.0,18.0,0.0,1.0
统一,0.0,15.0,0.0,1.0
7.19,0.0,3.0,0.0,1.0
主持人,0.0,3.0,0.0,1.0
违纪,0.0,3.0,0.0,1.0
2,0.0,57.0,0.0,1.0
权益,0.0,21.0,0.0,1.0
宝,0.0,3.0,0.0,1.0
政策,0.0,3.0,0.0,1.0
@,0.0,9.0,0.0,1.0
通用汽车,0.0,3.0,0.0,1.0
通讯,0.0,6.0,0.0,1.0
来到,0.0,3.0,0.0,1.0
0.8,0.0,3.0,0.0,1.0
428.71,0.0,3.0,0.0,1.0
产生,0.0,6.0,0.0,1.0
一次,0.0,12.0,0.0,1.0
转移,0.0,3.0,0.0,1.0
计划,0.0,24.0,0.0,1.0
变动,0.0,6.0,0.0,1.0
承重,0.0,3.0,0.0,1.0
40.15,0.0,3.0,0.0,1.0
星,0.0,18.0,0.0,1.0
完备,0.0,6.0,0.0,1.0
菲,0.0,3.0,0.0,1.0
5.98,0.0,3.0,0.0,1.0
丰源,0.0,6.0,0.0,1.0
权,0.0,3.0,0.0,1.0
操作,0.0,3.0,0.0,1.0
232.50,0.0,3.0,0.0,1.0
市场,0.0,24.0,0.0,1.0
紧密,0.0,3.0,0.0,1.0
生益,0.0,3.0,0.0,1.0
服务网络,0.0,3.0,0.0,1.0
联系方式,0.0,3.0,0.0,1.0
商雷蛇,0.0,3.0,0.0,1.0
stcn,0.0,9.0,0.0,1.0
焦虑,0.0,6.0,0.0,1.0
合计,0.0,27.0,0.0,1.0
起复牌,0.0,3.0,0.0,1.0
卡顿,0.0,3.0,0.0,1.0
√,0.0,51.0,0.0,1.0
vFxSRQG6dzgibaMrCzNvW25M8ZX4H8CoyNuKYibs0gyepnHXj7DRslEuCdTAk0Nddd1CdfKn3yEmbqJRRIibkctjA,0.0,3.0,0.0,1.0
境外,0.0,3.0,0.0,1.0
万多,0.0,6.0,0.0,1.0
商业模式,0.0,6.0,0.0,1.0
口味,0.0,3.0,0.0,1.0
产权,0.0,3.0,0.0,1.0
收盘价格,0.0,6.0,0.0,1.0
增值,0.0,6.0,0.0,1.0
授权,0.0,15.0,0.0,1.0
影视,0.0,6.0,0.0,1.0
消费,0.0,21.0,0.0,1.0
10.04,0.0,48.0,0.0,1.0
成果,0.0,3.0,0.0,1.0
均,0.0,27.0,0.0,1.0
上升,0.0,6.0,0.0,1.0
百强,0.0,6.0,0.0,1.0
贝,0.0,3.0,0.0,1.0
广电,0.0,6.0,0.0,1.0
06,0.0,3.0,0.0,1.0
正式,0.0,27.0,0.0,1.0
经,0.0,3.0,0.0,1.0
显示器,0.0,9.0,0.0,1.0
投,0.0,3.0,0.0,1.0
亿左右,0.0,6.0,0.0,1.0
合伙,0.0,93.0,0.0,1.0
於,0.0,3.0,0.0,1.0
377.4,0.0,3.0,0.0,1.0
艰巨,0.0,3.0,0.0,1.0
主要,0.0,36.0,0.0,1.0
销售业务,0.0,6.0,0.0,1.0
一行,0.0,6.0,0.0,1.0
移动,0.0,21.0,0.0,1.0
own,0.0,3.0,0.0,1.0
继续,0.0,3.0,0.0,1.0
突出表现,0.0,3.0,0.0,1.0
一,0.0,21.0,0.0,1.0
起,0.0,3.0,0.0,1.0
今年,0.0,18.0,0.0,1.0
审阅,0.0,12.0,0.0,1.0
321,0.0,3.0,0.0,1.0
市场份额,0.0,3.0,0.0,1.0
李东生,0.0,108.0,0.0,1.0
记者,0.0,54.0,0.0,1.0
代价,0.0,6.0,0.0,1.0
确实,0.0,6.0,0.0,1.0
二是,0.0,3.0,0.0,1.0
SZ000100,0.0,3.0,0.0,1.0
半年,0.0,3.0,0.0,1.0
家电企业,0.0,3.0,0.0,1.0
拍,0.0,3.0,0.0,1.0
年度报告,0.0,3.0,0.0,1.0
OLED,0.0,9.0,0.0,1.0
全部,0.0,9.0,0.0,1.0
高,0.0,24.0,0.0,1.0
减持,0.0,3.0,0.0,1.0
碰撞,0.0,3.0,0.0,1.0
原因,0.0,15.0,0.0,1.0
提要,0.0,6.0,0.0,1.0
满销,0.0,3.0,0.0,1.0
其余,0.0,12.0,0.0,1.0
法定程序,0.0,6.0,0.0,1.0
平台,0.0,42.0,0.0,1.0
牵引,0.0,3.0,0.0,1.0
采取,0.0,3.0,0.0,1.0
有利于,0.0,3.0,0.0,1.0
香港,0.0,24.0,0.0,1.0
号,0.0,9.0,0.0,1.0
成为,0.0,93.0,0.0,1.0
2.13,0.0,9.0,0.0,1.0
背后,0.0,3.0,0.0,1.0
到来,0.0,3.0,0.0,1.0
瞄准,0.0,6.0,0.0,1.0
陈,0.0,3.0,0.0,1.0
浪潮集团,0.0,3.0,0.0,1.0
可,0.0,36.0,0.0,1.0
旗舰,0.0,3.0,0.0,1.0
显,0.0,18.0,0.0,1.0
论坛,0.0,6.0,0.0,1.0
CN,0.0,6.0,0.0,1.0
go,0.0,3.0,0.0,1.0
基于,0.0,3.0,0.0,1.0
前,0.0,18.0,0.0,1.0
增,0.0,18.0,0.0,1.0
海通,0.0,6.0,0.0,1.0
681,0.0,3.0,0.0,1.0
管委会,0.0,9.0,0.0,1.0
总资产,0.0,6.0,0.0,1.0
日讯,0.0,12.0,0.0,1.0
拱手,0.0,3.0,0.0,1.0
30,0.0,21.0,0.0,1.0
开发商,0.0,9.0,0.0,1.0
在,0.0,294.0,0.0,1.0
chinanews,0.0,3.0,0.0,1.0
中国区,0.0,6.0,0.0,1.0
附,0.0,15.0,0.0,1.0
后者,0.0,12.0,0.0,1.0
技术,0.0,30.0,0.0,1.0
主席,0.0,3.0,0.0,1.0
85.71,0.0,18.0,0.0,1.0
页,0.0,9.0,0.0,1.0
筹划,0.0,27.0,0.0,1.0
行为,0.0,9.0,0.0,1.0
数据,0.0,15.0,0.0,1.0
多家,0.0,3.0,0.0,1.0
327,0.0,3.0,0.0,1.0
发布,0.0,51.0,0.0,1.0
固定,0.0,6.0,0.0,1.0
体系,0.0,12.0,0.0,1.0
后,0.0,138.0,0.0,1.0
园区,0.0,3.0,0.0,1.0
恶意,0.0,6.0,0.0,1.0
Philippe,0.0,3.0,0.0,1.0
转让,0.0,12.0,0.0,1.0
大戏,0.0,6.0,0.0,1.0
改造,0.0,6.0,0.0,1.0
宝泰隆,0.0,6.0,0.0,1.0
信用,0.0,3.0,0.0,1.0
销量,0.0,12.0,0.0,1.0
陈述,0.0,3.0,0.0,1.0
哈曼,0.0,3.0,0.0,1.0
70.68,0.0,3.0,0.0,1.0
03,0.0,6.0,0.0,1.0
事项,0.0,39.0,0.0,1.0
一家独大,0.0,3.0,0.0,1.0
策略,0.0,3.0,0.0,1.0
南京,0.0,6.0,0.0,1.0
长金,0.0,3.0,0.0,1.0
光通信,0.0,3.0,0.0,1.0
常佳瑞,0.0,3.0,0.0,1.0
停牌,0.0,63.0,0.0,1.0
俱乐部,0.0,15.0,0.0,1.0
位居,0.0,3.0,0.0,1.0
Mobile,0.0,6.0,0.0,1.0
华瑞,0.0,27.0,0.0,1.0
家庭,0.0,3.0,0.0,1.0
大,0.0,87.0,0.0,1.0
对方,0.0,21.0,0.0,1.0
本部,0.0,6.0,0.0,1.0
2.122,0.0,3.0,0.0,1.0
损害,0.0,3.0,0.0,1.0
26,0.0,9.0,0.0,1.0
167.10,0.0,6.0,0.0,1.0
章瑞容,0.0,3.0,0.0,1.0
林周,0.0,90.0,0.0,1.0
初步,0.0,3.0,0.0,1.0
1.2,0.0,3.0,0.0,1.0
网络科技,0.0,6.0,0.0,1.0
28,0.0,6.0,0.0,1.0
重整,0.0,9.0,0.0,1.0
海信,0.0,6.0,0.0,1.0
如此,0.0,9.0,0.0,1.0
70.21,0.0,3.0,0.0,1.0
主体,0.0,9.0,0.0,1.0
两倍,0.0,3.0,0.0,1.0
处女群岛,0.0,9.0,0.0,1.0
总体,0.0,3.0,0.0,1.0
成本,0.0,6.0,0.0,1.0
方面,0.0,27.0,0.0,1.0
833,0.0,3.0,0.0,1.0
不得,0.0,9.0,0.0,1.0
层面,0.0,9.0,0.0,1.0
近,0.0,9.0,0.0,1.0
误导性,0.0,3.0,0.0,1.0
水面,0.0,6.0,0.0,1.0
8.9,0.0,3.0,0.0,1.0
标的,0.0,3.0,0.0,1.0
农,0.0,3.0,0.0,1.0
聚焦,0.0,9.0,0.0,1.0
探讨,0.0,3.0,0.0,1.0
付费,0.0,3.0,0.0,1.0
122.14,0.0,3.0,0.0,1.0
控,0.0,3.0,0.0,1.0
SRC,0.0,45.0,0.0,1.0
打,0.0,3.0,0.0,1.0
有助于,0.0,6.0,0.0,1.0
定增,0.0,3.0,0.0,1.0
次,0.0,6.0,0.0,1.0
电,0.0,6.0,0.0,1.0
管理效率,0.0,3.0,0.0,1.0
今日,0.0,6.0,0.0,1.0
基地,0.0,12.0,0.0,1.0
有关,0.0,6.0,0.0,1.0
速度,0.0,3.0,0.0,1.0
如下,0.0,3.0,0.0,1.0
加强,0.0,21.0,0.0,1.0
目的,0.0,3.0,0.0,1.0
按照,0.0,6.0,0.0,1.0
让,0.0,3.0,0.0,1.0
地税局,0.0,6.0,0.0,1.0
继在,0.0,3.0,0.0,1.0
快速增长,0.0,6.0,0.0,1.0
看好,0.0,3.0,0.0,1.0
信息产业,0.0,3.0,0.0,1.0
粤税,0.0,3.0,0.0,1.0
新增,0.0,12.0,0.0,1.0
10.94,0.0,3.0,0.0,1.0
最大,0.0,9.0,0.0,1.0
建筑施工,0.0,6.0,0.0,1.0
批准,0.0,15.0,0.0,1.0
数量,0.0,6.0,0.0,1.0
好事,0.0,3.0,0.0,1.0
4.005,0.0,3.0,0.0,1.0
联,0.0,6.0,0.0,1.0
被,0.0,21.0,0.0,1.0
成立,0.0,27.0,0.0,1.0
卖方,0.0,18.0,0.0,1.0
mmbiz,0.0,30.0,0.0,1.0
关注,0.0,15.0,0.0,1.0
模组,0.0,33.0,0.0,1.0
黑电三,0.0,3.0,0.0,1.0
上下游,0.0,3.0,0.0,1.0
指,0.0,3.0,0.0,1.0
第一,0.0,57.0,0.0,1.0
之日起,0.0,3.0,0.0,1.0
顺丰,0.0,12.0,0.0,1.0
字,0.0,6.0,0.0,1.0
这一,0.0,6.0,0.0,1.0
Paradox,0.0,9.0,0.0,1.0
54.05,0.0,3.0,0.0,1.0
现在,0.0,6.0,0.0,1.0
午间,0.0,3.0,0.0,1.0
标题,0.0,12.0,0.0,1.0
委员,0.0,3.0,0.0,1.0
复牌,0.0,15.0,0.0,1.0
文化产业,0.0,3.0,0.0,1.0
深化,0.0,6.0,0.0,1.0
深交所,0.0,12.0,0.0,1.0
跻身,0.0,3.0,0.0,1.0
贾丽,0.0,3.0,0.0,1.0
金控,0.0,3.0,0.0,1.0
系列,0.0,12.0,0.0,1.0
召回,0.0,3.0,0.0,1.0
佛山,0.0,9.0,0.0,1.0
宜昌,0.0,3.0,0.0,1.0
7.93,0.0,12.0,0.0,1.0
有着,0.0,3.0,0.0,1.0
3038,0.0,3.0,0.0,1.0
研发,0.0,60.0,0.0,1.0
除了,0.0,9.0,0.0,1.0
东软,0.0,3.0,0.0,1.0
0.9,0.0,9.0,0.0,1.0
工业,0.0,9.0,0.0,1.0
投资额,0.0,3.0,0.0,1.0
住,0.0,3.0,0.0,1.0
共赢,0.0,6.0,0.0,1.0
审计报告,0.0,12.0,0.0,1.0
一季度,0.0,12.0,0.0,1.0
HK,0.0,24.0,0.0,1.0
洞见,0.0,3.0,0.0,1.0
资本,0.0,9.0,0.0,1.0
烟熏,0.0,3.0,0.0,1.0
接受,0.0,21.0,0.0,1.0
股东,0.0,201.0,0.0,1.0
股权结构,0.0,9.0,0.0,1.0
产品升级,0.0,3.0,0.0,1.0
3.004,0.0,3.0,0.0,1.0
40.34,0.0,51.0,0.0,1.0
银行,0.0,9.0,0.0,1.0
2.8,0.0,6.0,0.0,1.0
价格,0.0,9.0,0.0,1.0
游戏,0.0,6.0,0.0,1.0
较,0.0,9.0,0.0,1.0
中国证监会,0.0,6.0,0.0,1.0
实体,0.0,3.0,0.0,1.0
34,0.0,3.0,0.0,1.0
千,0.0,3.0,0.0,1.0
段,0.0,9.0,0.0,1.0
配售,0.0,3.0,0.0,1.0
9.41,0.0,3.0,0.0,1.0
净利,0.0,9.0,0.0,1.0
安排,0.0,3.0,0.0,1.0
值得注意,0.0,6.0,0.0,1.0
柔性,0.0,6.0,0.0,1.0
640,0.0,15.0,0.0,1.0
多媒体,0.0,30.0,0.0,1.0
艺有,0.0,6.0,0.0,1.0
按,0.0,3.0,0.0,1.0
其他,0.0,12.0,0.0,1.0
运作,0.0,3.0,0.0,1.0
有效性,0.0,6.0,0.0,1.0
月份,0.0,6.0,0.0,1.0
到,0.0,33.0,0.0,1.0
硕贝德,0.0,9.0,0.0,1.0
同时,0.0,12.0,0.0,1.0
豁免,0.0,3.0,0.0,1.0
专利,0.0,3.0,0.0,1.0
关联方,0.0,9.0,0.0,1.0
拥有,0.0,33.0,0.0,1.0
广东,0.0,12.0,0.0,1.0
主营业务,0.0,3.0,0.0,1.0
获得,0.0,30.0,0.0,1.0
首季,0.0,12.0,0.0,1.0
美,0.0,6.0,0.0,1.0
值得,0.0,3.0,0.0,1.0
三,0.0,12.0,0.0,1.0
八成,0.0,9.0,0.0,1.0
地,0.0,3.0,0.0,1.0
补充,0.0,3.0,0.0,1.0
电信,0.0,3.0,0.0,1.0
0001002,0.0,15.0,0.0,1.0
龙头,0.0,6.0,0.0,1.0
称,0.0,78.0,0.0,1.0
共,0.0,6.0,0.0,1.0
机制,0.0,3.0,0.0,1.0
二,0.0,9.0,0.0,1.0
华显光,0.0,3.0,0.0,1.0
业界,0.0,6.0,0.0,1.0
办公地,0.0,3.0,0.0,1.0
分开,0.0,3.0,0.0,1.0
做,0.0,27.0,0.0,1.0
LCD,0.0,15.0,0.0,1.0
新区,0.0,6.0,0.0,1.0
范围,0.0,6.0,0.0,1.0
能,0.0,9.0,0.0,1.0
雪球,0.0,9.0,0.0,1.0
团队,0.0,12.0,0.0,1.0
会员,0.0,15.0,0.0,1.0
行业,0.0,39.0,0.0,1.0
质量,0.0,3.0,0.0,1.0
亚,0.0,6.0,0.0,1.0
67.03,0.0,3.0,0.0,1.0
create,0.0,3.0,0.0,1.0
非洲地区,0.0,3.0,0.0,1.0
一体化,0.0,18.0,0.0,1.0
增量,0.0,3.0,0.0,1.0
中,0.0,63.0,0.0,1.0
星澜,0.0,24.0,0.0,1.0
;,0.0,42.0,0.0,1.0
公司股票,0.0,15.0,0.0,1.0
尺寸,0.0,6.0,0.0,1.0
一进,0.0,3.0,0.0,1.0
华星,0.0,396.0,0.0,1.0
日本,0.0,3.0,0.0,1.0
携手,0.0,6.0,0.0,1.0
298a7af7f969db9,0.0,3.0,0.0,1.0
第二季度,0.0,3.0,0.0,1.0
产品价格,0.0,3.0,0.0,1.0
技压群雄,0.0,3.0,0.0,1.0
中有,0.0,3.0,0.0,1.0
得到,0.0,3.0,0.0,1.0
社长,0.0,3.0,0.0,1.0
一大,0.0,6.0,0.0,1.0
历经,0.0,3.0,0.0,1.0
and,0.0,3.0,0.0,1.0
43.1,0.0,3.0,0.0,1.0
东芝,0.0,6.0,0.0,1.0
投票,0.0,9.0,0.0,1.0
《,0.0,81.0,0.0,1.0
业内人士,0.0,6.0,0.0,1.0
除,0.0,3.0,0.0,1.0
亿美元,0.0,3.0,0.0,1.0
重振,0.0,3.0,0.0,1.0
体量,0.0,3.0,0.0,1.0
涟,0.0,18.0,0.0,1.0
分别,0.0,18.0,0.0,1.0
里,0.0,9.0,0.0,1.0
未来,0.0,21.0,0.0,1.0
办理,0.0,3.0,0.0,1.0
总,0.0,42.0,0.0,1.0
不比,0.0,3.0,0.0,1.0
<,0.0,51.0,0.0,1.0
份,0.0,6.0,0.0,1.0
交易,0.0,168.0,0.0,1.0
快速,0.0,9.0,0.0,1.0
t1,0.0,15.0,0.0,1.0
港股,0.0,9.0,0.0,1.0
股东大会,0.0,18.0,0.0,1.0
仅次于,0.0,3.0,0.0,1.0
树木,0.0,3.0,0.0,1.0
所有制,0.0,3.0,0.0,1.0
很快,0.0,6.0,0.0,1.0
间接,0.0,6.0,0.0,1.0
达到,0.0,12.0,0.0,1.0
期限,0.0,6.0,0.0,1.0
知秋,0.0,3.0,0.0,1.0
联合,0.0,15.0,0.0,1.0
极大,0.0,3.0,0.0,1.0
劳效,0.0,6.0,0.0,1.0
湖北,0.0,18.0,0.0,1.0
国内,0.0,24.0,0.0,1.0
王建勋,0.0,3.0,0.0,1.0
403,0.0,3.0,0.0,1.0
牌照,0.0,6.0,0.0,1.0
业绩,0.0,45.0,0.0,1.0
中小,0.0,3.0,0.0,1.0
有限公司,0.0,183.0,0.0,1.0
年间,0.0,3.0,0.0,1.0
实行,0.0,33.0,0.0,1.0
国内外,0.0,3.0,0.0,1.0
预期,0.0,6.0,0.0,1.0
保值,0.0,3.0,0.0,1.0
到访,0.0,6.0,0.0,1.0
点评,0.0,6.0,0.0,1.0
即可,0.0,3.0,0.0,1.0
决策,0.0,6.0,0.0,1.0
?,0.0,45.0,0.0,1.0
为,0.0,198.0,0.0,1.0
0.41,0.0,3.0,0.0,1.0
0.6,0.0,3.0,0.0,1.0
com,0.0,33.0,0.0,1.0
板块,0.0,12.0,0.0,1.0
星宇,0.0,21.0,0.0,1.0
全民,0.0,18.0,0.0,1.0
相关,0.0,54.0,0.0,1.0
国有企业,0.0,6.0,0.0,1.0
盈利,0.0,42.0,0.0,1.0
■,0.0,6.0,0.0,1.0
仪式,0.0,6.0,0.0,1.0
利润,0.0,30.0,0.0,1.0
VR,0.0,9.0,0.0,1.0
正泰,0.0,3.0,0.0,1.0
遇事,0.0,3.0,0.0,1.0
构建,0.0,9.0,0.0,1.0
有效途径,0.0,3.0,0.0,1.0
双方,0.0,24.0,0.0,1.0
pic430,0.0,3.0,0.0,1.0
线,0.0,12.0,0.0,1.0
向,0.0,18.0,0.0,1.0
端,0.0,3.0,0.0,1.0
资源配置,0.0,3.0,0.0,1.0
势头,0.0,6.0,0.0,1.0
逐渐,0.0,9.0,0.0,1.0
少数,0.0,21.0,0.0,1.0
母子,0.0,15.0,0.0,1.0
一出,0.0,3.0,0.0,1.0
金田,0.0,6.0,0.0,1.0
i7,0.0,3.0,0.0,1.0
迈克,0.0,3.0,0.0,1.0
很,0.0,9.0,0.0,1.0
乐,0.0,6.0,0.0,1.0
陈彪,0.0,3.0,0.0,1.0
基本,0.0,12.0,0.0,1.0
类产品,0.0,6.0,0.0,1.0
酷友,0.0,6.0,0.0,1.0
随后,0.0,3.0,0.0,1.0
71,0.0,6.0,0.0,1.0
针对,0.0,3.0,0.0,1.0
MxZnUlvOFibicwib8e9KwKM4Q0CeEr5dIFSEjRwU0t3mKo0qhoiaEfwOibQ,0.0,3.0,0.0,1.0
整合,0.0,33.0,0.0,1.0
获胜者,0.0,3.0,0.0,1.0
27,0.0,12.0,0.0,1.0
关系,0.0,36.0,0.0,1.0
一幕,0.0,3.0,0.0,1.0
愈来愈,0.0,3.0,0.0,1.0
建部,0.0,3.0,0.0,1.0
大厦,0.0,6.0,0.0,1.0
擅长,0.0,3.0,0.0,1.0
平板,0.0,9.0,0.0,1.0
反向,0.0,6.0,0.0,1.0
邹作,0.0,3.0,0.0,1.0
依托,0.0,9.0,0.0,1.0
期,0.0,3.0,0.0,1.0
逐步完善,0.0,3.0,0.0,1.0
论,0.0,6.0,0.0,1.0
组建,0.0,6.0,0.0,1.0
网,0.0,9.0,0.0,1.0
135.67,0.0,3.0,0.0,1.0
自,0.0,15.0,0.0,1.0
销售,0.0,18.0,0.0,1.0
试点,0.0,6.0,0.0,1.0
习惯,0.0,12.0,0.0,1.0
4.01,0.0,3.0,0.0,1.0
举措,0.0,3.0,0.0,1.0
举足轻重,0.0,3.0,0.0,1.0
另行安排,0.0,3.0,0.0,1.0
G11,0.0,12.0,0.0,1.0
预计,0.0,3.0,0.0,1.0
基金,0.0,12.0,0.0,1.0
但会,0.0,3.0,0.0,1.0
帮助,0.0,3.0,0.0,1.0
亿,0.0,60.0,0.0,1.0
24,0.0,3.0,0.0,1.0
丽,0.0,3.0,0.0,1.0
高层领导,0.0,6.0,0.0,1.0
size30,0.0,3.0,0.0,1.0
人均,0.0,6.0,0.0,1.0
T6T4,0.0,3.0,0.0,1.0
健全,0.0,3.0,0.0,1.0
金融,0.0,24.0,0.0,1.0
把,0.0,15.0,0.0,1.0
双,0.0,9.0,0.0,1.0
广新,0.0,9.0,0.0,1.0
银行业务,0.0,3.0,0.0,1.0
青岛市,0.0,3.0,0.0,1.0
37.31,0.0,9.0,0.0,1.0
销售收入,0.0,9.0,0.0,1.0
bt,0.0,3.0,0.0,1.0
产奶期,0.0,6.0,0.0,1.0
全文,0.0,3.0,0.0,1.0
刘莉,0.0,3.0,0.0,1.0
暴涨,0.0,6.0,0.0,1.0
方正,0.0,9.0,0.0,1.0
九天,0.0,30.0,0.0,1.0
文件,0.0,6.0,0.0,1.0
企业,0.0,141.0,0.0,1.0
最新,0.0,9.0,0.0,1.0
毕竟,0.0,3.0,0.0,1.0
准确,0.0,3.0,0.0,1.0
比降,0.0,3.0,0.0,1.0
兹,0.0,3.0,0.0,1.0
目前,0.0,39.0,0.0,1.0
珠三角,0.0,3.0,0.0,1.0
2014,0.0,6.0,0.0,1.0
面向,0.0,3.0,0.0,1.0
贯彻落实,0.0,3.0,0.0,1.0
电工,0.0,3.0,0.0,1.0
海量,0.0,3.0,0.0,1.0
2017,0.0,96.0,0.0,1.0
纸业,0.0,3.0,0.0,1.0
Horace,0.0,3.0,0.0,1.0
新疆,0.0,12.0,0.0,1.0
上方,0.0,3.0,0.0,1.0
以上,0.0,3.0,0.0,1.0
；,0.0,135.0,0.0,1.0
社稷,0.0,3.0,0.0,1.0
增加,0.0,21.0,0.0,1.0
独立,0.0,6.0,0.0,1.0
17,0.0,9.0,0.0,1.0
与此同时,0.0,3.0,0.0,1.0
景气,0.0,15.0,0.0,1.0
[,0.0,12.0,0.0,1.0
顺利,0.0,3.0,0.0,1.0
贾,0.0,3.0,0.0,1.0
归属,0.0,3.0,0.0,1.0
23,0.0,18.0,0.0,1.0
千面,0.0,3.0,0.0,1.0
大大,0.0,3.0,0.0,1.0
10.3,0.0,12.0,0.0,1.0
五成,0.0,3.0,0.0,1.0
额,0.0,3.0,0.0,1.0
之一,0.0,12.0,0.0,1.0
改革,0.0,9.0,0.0,1.0
明显改善,0.0,3.0,0.0,1.0
Value,0.0,21.0,0.0,1.0
飞利浦,0.0,3.0,0.0,1.0
提交,0.0,6.0,0.0,1.0
环境,0.0,6.0,0.0,1.0
p1,0.0,3.0,0.0,1.0
营业,0.0,63.0,0.0,1.0
建平,0.0,3.0,0.0,1.0
闭环,0.0,9.0,0.0,1.0
筹建,0.0,3.0,0.0,1.0
商务,0.0,6.0,0.0,1.0
营收,0.0,21.0,0.0,1.0
从全,0.0,3.0,0.0,1.0
倍,0.0,6.0,0.0,1.0
品牌,0.0,24.0,0.0,1.0
宗庆后,0.0,3.0,0.0,1.0
财务,0.0,3.0,0.0,1.0
纪要,0.0,6.0,0.0,1.0
838583,0.0,3.0,0.0,1.0
结果,0.0,3.0,0.0,1.0
800,0.0,3.0,0.0,1.0
汉翼,0.0,18.0,0.0,1.0
他人,0.0,3.0,0.0,1.0
五,0.0,3.0,0.0,1.0
资产重组,0.0,33.0,0.0,1.0
净资产,0.0,9.0,0.0,1.0
海天,0.0,6.0,0.0,1.0
管理层,0.0,3.0,0.0,1.0
2.12,0.0,9.0,0.0,1.0
欲,0.0,3.0,0.0,1.0
仍无实,0.0,9.0,0.0,1.0
证监,0.0,6.0,0.0,1.0
最,0.0,9.0,0.0,1.0
暂行规定,0.0,9.0,0.0,1.0
顶尖,0.0,3.0,0.0,1.0
能够,0.0,6.0,0.0,1.0
孙丕恕,0.0,3.0,0.0,1.0
高附加值,0.0,3.0,0.0,1.0
保证,0.0,6.0,0.0,1.0
小,0.0,6.0,0.0,1.0
全景网,0.0,6.0,0.0,1.0
http,0.0,45.0,0.0,1.0
要求,0.0,9.0,0.0,1.0
暨,0.0,15.0,0.0,1.0
位,0.0,6.0,0.0,1.0
40,0.0,24.0,0.0,1.0
报告,0.0,42.0,0.0,1.0
帅印,0.0,3.0,0.0,1.0
名字,0.0,3.0,0.0,1.0
G6,0.0,3.0,0.0,1.0
邝兵,0.0,3.0,0.0,1.0
披露,0.0,21.0,0.0,1.0
t2,0.0,15.0,0.0,1.0
任何,0.0,9.0,0.0,1.0
增资,0.0,54.0,0.0,1.0
起因,0.0,3.0,0.0,1.0
安置,0.0,6.0,0.0,1.0
情形,0.0,6.0,0.0,1.0
年产量,0.0,3.0,0.0,1.0
助,0.0,3.0,0.0,1.0
订阅,0.0,3.0,0.0,1.0
工程,0.0,3.0,0.0,1.0
楼,0.0,6.0,0.0,1.0
15,0.0,9.0,0.0,1.0
宣,0.0,3.0,0.0,1.0
通过,0.0,78.0,0.0,1.0
剥离,0.0,3.0,0.0,1.0
百分点,0.0,3.0,0.0,1.0
收报,0.0,3.0,0.0,1.0
开放,0.0,6.0,0.0,1.0
进入,0.0,3.0,0.0,1.0
领域,0.0,27.0,0.0,1.0
电池,0.0,9.0,0.0,1.0
该,0.0,9.0,0.0,1.0
巴西,0.0,3.0,0.0,1.0
海外,0.0,24.0,0.0,1.0
证代,0.0,6.0,0.0,1.0
女士,0.0,3.0,0.0,1.0
享受,0.0,3.0,0.0,1.0
临时,0.0,12.0,0.0,1.0
从大屏,0.0,3.0,0.0,1.0
pngdata,0.0,3.0,0.0,1.0
所有者,0.0,9.0,0.0,1.0
负债,0.0,6.0,0.0,1.0
文,0.0,3.0,0.0,1.0
建设,0.0,12.0,0.0,1.0
以来,0.0,3.0,0.0,1.0
报,0.0,12.0,0.0,1.0
二级,0.0,6.0,0.0,1.0
中欧国际工商学院,0.0,3.0,0.0,1.0
看到,0.0,3.0,0.0,1.0
商联,0.0,6.0,0.0,1.0
两年,0.0,6.0,0.0,1.0
要约,0.0,33.0,0.0,1.0
内,0.0,27.0,0.0,1.0
主导,0.0,6.0,0.0,1.0
不再,0.0,21.0,0.0,1.0
注资,0.0,3.0,0.0,1.0
可见一斑,0.0,3.0,0.0,1.0
四成,0.0,3.0,0.0,1.0
【,0.0,48.0,0.0,1.0
900,0.0,6.0,0.0,1.0
jpg,0.0,18.0,0.0,1.0
1996,0.0,3.0,0.0,1.0
表决权,0.0,3.0,0.0,1.0
172,0.0,3.0,0.0,1.0
寻找,0.0,3.0,0.0,1.0
强大,0.0,3.0,0.0,1.0
人民,0.0,3.0,0.0,1.0
并重,0.0,3.0,0.0,1.0
一举,0.0,3.0,0.0,1.0
审议,0.0,18.0,0.0,1.0
单一,0.0,6.0,0.0,1.0
基数,0.0,6.0,0.0,1.0
入,0.0,3.0,0.0,1.0
股价,0.0,9.0,0.0,1.0
财务顾问,0.0,6.0,0.0,1.0
越来越快,0.0,3.0,0.0,1.0
董事会,0.0,51.0,0.0,1.0
升至,0.0,3.0,0.0,1.0
njGhwSj0qDTJ8dVAXJHFD92ibtuZvJ84sW2Xu6KYZld1F9pnsgwzo4OB61ibm5yyXicdmprq72Rs9CQOl0UH4ic7rA,0.0,3.0,0.0,1.0
榜,0.0,6.0,0.0,1.0
竞争,0.0,6.0,0.0,1.0
连续,0.0,12.0,0.0,1.0
截至,0.0,18.0,0.0,1.0
碗,0.0,6.0,0.0,1.0
人员,0.0,18.0,0.0,1.0
查阅,0.0,3.0,0.0,1.0
已经,0.0,9.0,0.0,1.0
上午,0.0,9.0,0.0,1.0
租赁,0.0,3.0,0.0,1.0
分拆,0.0,21.0,0.0,1.0
调整,0.0,27.0,0.0,1.0
0.3,0.0,3.0,0.0,1.0
记录表,0.0,6.0,0.0,1.0
不法行为,0.0,3.0,0.0,1.0
10.6,0.0,3.0,0.0,1.0
谈及,0.0,6.0,0.0,1.0
奖,0.0,6.0,0.0,1.0
经验丰富,0.0,3.0,0.0,1.0
公告,0.0,114.0,0.0,1.0
诉求,0.0,3.0,0.0,1.0
],0.0,12.0,0.0,1.0
袁冰,0.0,3.0,0.0,1.0
T2T3,0.0,3.0,0.0,1.0
买入,0.0,9.0,0.0,1.0
制造商,0.0,3.0,0.0,1.0
趋于平稳,0.0,3.0,0.0,1.0
毫米,0.0,3.0,0.0,1.0
采用,0.0,3.0,0.0,1.0
附表,0.0,3.0,0.0,1.0
投金控,0.0,3.0,0.0,1.0
委托书,0.0,3.0,0.0,1.0
争取,0.0,6.0,0.0,1.0
阅读,0.0,3.0,0.0,1.0
透过,0.0,6.0,0.0,1.0
斥资,0.0,9.0,0.0,1.0
AVC,0.0,3.0,0.0,1.0
3.61,0.0,3.0,0.0,1.0
余下,0.0,3.0,0.0,1.0
知名品牌,0.0,3.0,0.0,1.0
发布会,0.0,6.0,0.0,1.0
可能,0.0,6.0,0.0,1.0
性,0.0,6.0,0.0,1.0
olDWibsR5LWXEdgw9EysqE4UvDTPIh9t5KtVCtSHPRt9OaIXbiaNibuiaDRmicFfoJDGDLD7MtNvdicnA,0.0,3.0,0.0,1.0
第二,0.0,3.0,0.0,1.0
回应,0.0,3.0,0.0,1.0
w450,0.0,3.0,0.0,1.0
尚有,0.0,3.0,0.0,1.0
k,0.0,15.0,0.0,1.0
根据,0.0,18.0,0.0,1.0
流量,0.0,3.0,0.0,1.0
升级,0.0,3.0,0.0,1.0
南美,0.0,3.0,0.0,1.0
刘,0.0,3.0,0.0,1.0
重要,0.0,12.0,0.0,1.0
产业链,0.0,12.0,0.0,1.0
长,0.0,3.0,0.0,1.0
了解,0.0,15.0,0.0,1.0
8.75,0.0,3.0,0.0,1.0
委托,0.0,3.0,0.0,1.0
奇迹,0.0,9.0,0.0,1.0
一致意见,0.0,3.0,0.0,1.0
html,0.0,3.0,0.0,1.0
满意,0.0,3.0,0.0,1.0
另据,0.0,3.0,0.0,1.0
书记,0.0,3.0,0.0,1.0
0334,0.0,12.0,0.0,1.0
全国,0.0,6.0,0.0,1.0
代,0.0,27.0,0.0,1.0
降价,0.0,3.0,0.0,1.0
函,0.0,3.0,0.0,1.0
国资委,0.0,9.0,0.0,1.0
当年,0.0,3.0,0.0,1.0
过,0.0,3.0,0.0,1.0
MNZ1LbErkfJjc0CKaOeyK2D5HcAspVfmpVmbH1FTPHRQ,0.0,3.0,0.0,1.0
副,0.0,12.0,0.0,1.0
约,0.0,69.0,0.0,1.0
我国,0.0,3.0,0.0,1.0
配置,0.0,3.0,0.0,1.0
自然人,0.0,6.0,0.0,1.0
中报,0.0,12.0,0.0,1.0
一事,0.0,3.0,0.0,1.0
2.69,0.0,3.0,0.0,1.0
一致,0.0,33.0,0.0,1.0
中东,0.0,3.0,0.0,1.0
硬件,0.0,12.0,0.0,1.0
最高,0.0,3.0,0.0,1.0
展开,0.0,9.0,0.0,1.0
投入,0.0,12.0,0.0,1.0
设有,0.0,9.0,0.0,1.0
创投,0.0,3.0,0.0,1.0
比较,0.0,3.0,0.0,1.0
当日,0.0,6.0,0.0,1.0
并购,0.0,12.0,0.0,1.0
300208,0.0,3.0,0.0,1.0
演讲,0.0,3.0,0.0,1.0
既,0.0,3.0,0.0,1.0
直接,0.0,24.0,0.0,1.0
豪客,0.0,3.0,0.0,1.0
悄然,0.0,3.0,0.0,1.0
移动电话,0.0,3.0,0.0,1.0
浮出,0.0,6.0,0.0,1.0
流失,0.0,3.0,0.0,1.0
互联网内容,0.0,3.0,0.0,1.0
现象,0.0,3.0,0.0,1.0
估值,0.0,12.0,0.0,1.0
比重,0.0,3.0,0.0,1.0
系统,0.0,3.0,0.0,1.0
224.09,0.0,3.0,0.0,1.0
完整,0.0,15.0,0.0,1.0
配套,0.0,6.0,0.0,1.0
顾问,0.0,3.0,0.0,1.0
跌幅,0.0,3.0,0.0,1.0
股票代码,0.0,6.0,0.0,1.0
集团公司,0.0,15.0,0.0,1.0
显示屏,0.0,3.0,0.0,1.0
国税局,0.0,6.0,0.0,1.0
手里,0.0,6.0,0.0,1.0
第二次,0.0,12.0,0.0,1.0
人及,0.0,3.0,0.0,1.0
制造业,0.0,12.0,0.0,1.0
加工,0.0,15.0,0.0,1.0
早间,0.0,15.0,0.0,1.0
为了,0.0,6.0,0.0,1.0
手段,0.0,6.0,0.0,1.0
分派,0.0,3.0,0.0,1.0
供应商,0.0,3.0,0.0,1.0
规定,0.0,15.0,0.0,1.0
有限,0.0,57.0,0.0,1.0
称其,0.0,3.0,0.0,1.0
还,0.0,24.0,0.0,1.0
革新,0.0,3.0,0.0,1.0
启用,0.0,6.0,0.0,1.0
铺路,0.0,3.0,0.0,1.0
意见,0.0,9.0,0.0,1.0
准备,0.0,3.0,0.0,1.0
高达,0.0,6.0,0.0,1.0
目标,0.0,3.0,0.0,1.0
I,0.0,9.0,0.0,1.0
并,0.0,69.0,0.0,1.0
用,0.0,3.0,0.0,1.0
半年度,0.0,3.0,0.0,1.0
Munger,0.0,3.0,0.0,1.0
时评,0.0,6.0,0.0,1.0
徘徊,0.0,9.0,0.0,1.0
经济学家,0.0,3.0,0.0,1.0
投资者,0.0,39.0,0.0,1.0
经营,0.0,30.0,0.0,1.0
BVI,0.0,3.0,0.0,1.0
欧及,0.0,6.0,0.0,1.0
数码产品,0.0,3.0,0.0,1.0
请,0.0,9.0,0.0,1.0
如需,0.0,3.0,0.0,1.0
10.34,0.0,6.0,0.0,1.0
爱奇,0.0,6.0,0.0,1.0
电动汽车,0.0,6.0,0.0,1.0
19,0.0,42.0,0.0,1.0
意在,0.0,6.0,0.0,1.0
净利润,0.0,84.0,0.0,1.0
213,0.0,3.0,0.0,1.0
|,0.0,36.0,0.0,1.0
户,0.0,6.0,0.0,1.0
扩大,0.0,3.0,0.0,1.0
印发,0.0,3.0,0.0,1.0
费孝通,0.0,3.0,0.0,1.0
亚洲,0.0,3.0,0.0,1.0
售后服务,0.0,3.0,0.0,1.0
告知,0.0,3.0,0.0,1.0
透露,0.0,15.0,0.0,1.0
这个,0.0,6.0,0.0,1.0
大增,0.0,3.0,0.0,1.0
共进,0.0,6.0,0.0,1.0
原有,0.0,3.0,0.0,1.0
指出,0.0,15.0,0.0,1.0
400.00,0.0,3.0,0.0,1.0
整体,0.0,27.0,0.0,1.0
变,0.0,3.0,0.0,1.0
共享,0.0,6.0,0.0,1.0
支持,0.0,9.0,0.0,1.0
迭代,0.0,3.0,0.0,1.0
广东省,0.0,27.0,0.0,1.0
菜鸟,0.0,12.0,0.0,1.0
开展,0.0,12.0,0.0,1.0
基础,0.0,3.0,0.0,1.0
下降,0.0,15.0,0.0,1.0
昨日,0.0,9.0,0.0,1.0
预增,0.0,3.0,0.0,1.0
铜业,0.0,6.0,0.0,1.0
27.05,0.0,3.0,0.0,1.0
来访,0.0,6.0,0.0,1.0
获大,0.0,6.0,0.0,1.0
机构,0.0,24.0,0.0,1.0
全面,0.0,12.0,0.0,1.0
规范,0.0,12.0,0.0,1.0
四,0.0,6.0,0.0,1.0
装备,0.0,3.0,0.0,1.0
年,0.0,186.0,0.0,1.0
观察报,0.0,3.0,0.0,1.0
75.67,0.0,6.0,0.0,1.0
激励机制,0.0,3.0,0.0,1.0
hexun,0.0,3.0,0.0,1.0
合志汉翼,0.0,9.0,0.0,1.0
收窄,0.0,6.0,0.0,1.0
肯定,0.0,6.0,0.0,1.0
越南,0.0,3.0,0.0,1.0
记载,0.0,3.0,0.0,1.0
家电,0.0,15.0,0.0,1.0
业内,0.0,3.0,0.0,1.0
异常,0.0,12.0,0.0,1.0
此举,0.0,3.0,0.0,1.0
周一,0.0,3.0,0.0,1.0
量产,0.0,3.0,0.0,1.0
21.63,0.0,3.0,0.0,1.0
实质性,0.0,6.0,0.0,1.0
归属于,0.0,27.0,0.0,1.0
证券网,0.0,12.0,0.0,1.0
TCL1,0.0,3.0,0.0,1.0
中介费,0.0,3.0,0.0,1.0
南山区,0.0,6.0,0.0,1.0
努力,0.0,3.0,0.0,1.0
累计,0.0,15.0,0.0,1.0
省内,0.0,3.0,0.0,1.0
简介,0.0,3.0,0.0,1.0
半年报,0.0,21.0,0.0,1.0
紧随其后,0.0,6.0,0.0,1.0
责任,0.0,3.0,0.0,1.0
母公司,0.0,21.0,0.0,1.0
传统,0.0,15.0,0.0,1.0
媒体,0.0,12.0,0.0,1.0
基为,0.0,3.0,0.0,1.0
为主,0.0,3.0,0.0,1.0
High,0.0,21.0,0.0,1.0
创维,0.0,6.0,0.0,1.0
一家,0.0,3.0,0.0,1.0
日电,0.0,3.0,0.0,1.0
仍然,0.0,15.0,0.0,1.0
up,0.0,3.0,0.0,1.0
邵好,0.0,3.0,0.0,1.0
国际,0.0,18.0,0.0,1.0
兼,0.0,18.0,0.0,1.0
拟购,0.0,6.0,0.0,1.0
降低,0.0,9.0,0.0,1.0
推出,0.0,15.0,0.0,1.0
法律,0.0,6.0,0.0,1.0
著名,0.0,9.0,0.0,1.0
复星,0.0,6.0,0.0,1.0
由,0.0,39.0,0.0,1.0
面临,0.0,3.0,0.0,1.0
滑雪,0.0,6.0,0.0,1.0
战略性,0.0,3.0,0.0,1.0
B2B2C,0.0,6.0,0.0,1.0
第一位,0.0,3.0,0.0,1.0
着,0.0,15.0,0.0,1.0
pn,0.0,3.0,0.0,1.0
来源,0.0,9.0,0.0,1.0
价值链,0.0,3.0,0.0,1.0
演艺,0.0,3.0,0.0,1.0
遗漏,0.0,3.0,0.0,1.0
065TCL,0.0,3.0,0.0,1.0
Holding,0.0,3.0,0.0,1.0
300434,0.0,3.0,0.0,1.0
金融公司,0.0,3.0,0.0,1.0
不确定性,0.0,3.0,0.0,1.0
兄弟,0.0,9.0,0.0,1.0
对外,0.0,3.0,0.0,1.0
3,0.0,72.0,0.0,1.0
惠州,0.0,42.0,0.0,1.0
出资,0.0,51.0,0.0,1.0
共同,0.0,6.0,0.0,1.0
好,0.0,12.0,0.0,1.0
增厚,0.0,12.0,0.0,1.0
16.5,0.0,9.0,0.0,1.0
直销,0.0,3.0,0.0,1.0
一马当先,0.0,3.0,0.0,1.0
智云,0.0,3.0,0.0,1.0
供应链,0.0,12.0,0.0,1.0
清晰,0.0,9.0,0.0,1.0
再,0.0,6.0,0.0,1.0
LTPS,0.0,6.0,0.0,1.0
非核心,0.0,3.0,0.0,1.0
决议,0.0,12.0,0.0,1.0
港元,0.0,9.0,0.0,1.0
报表,0.0,6.0,0.0,1.0
60.46,0.0,6.0,0.0,1.0
让给,0.0,3.0,0.0,1.0
案,0.0,3.0,0.0,1.0
相较,0.0,3.0,0.0,1.0
HIGHVALUE,0.0,3.0,0.0,1.0
客户,0.0,15.0,0.0,1.0
确定,0.0,12.0,0.0,1.0
效益,0.0,3.0,0.0,1.0
举行,0.0,12.0,0.0,1.0
千亿,0.0,21.0,0.0,1.0
背景,0.0,3.0,0.0,1.0
8.5,0.0,6.0,0.0,1.0
退出,0.0,3.0,0.0,1.0
原创,0.0,9.0,0.0,1.0
转化,0.0,3.0,0.0,1.0
合规性,0.0,9.0,0.0,1.0
they,0.0,3.0,0.0,1.0
促进,0.0,6.0,0.0,1.0
访谈,0.0,18.0,0.0,1.0
头条,0.0,3.0,0.0,1.0
时报讯,0.0,3.0,0.0,1.0
系,0.0,3.0,0.0,1.0
四川长虹,0.0,3.0,0.0,1.0
辐射,0.0,15.0,0.0,1.0
□,0.0,3.0,0.0,1.0
),0.0,174.0,0.0,1.0
CEO,0.0,18.0,0.0,1.0
讯,0.0,30.0,0.0,1.0
三家,0.0,6.0,0.0,1.0
外,0.0,6.0,0.0,1.0
202.78,0.0,6.0,0.0,1.0
遍布,0.0,12.0,0.0,1.0
电脑,0.0,3.0,0.0,1.0
任命,0.0,3.0,0.0,1.0
比如,0.0,9.0,0.0,1.0
1000,0.0,6.0,0.0,1.0
满产,0.0,3.0,0.0,1.0
苏密,0.0,3.0,0.0,1.0
截止,0.0,3.0,0.0,1.0
净赚,0.0,3.0,0.0,1.0
XZLicvfGYufZZS4KU4QcQkic2o7rZuyChN,0.0,3.0,0.0,1.0
带动,0.0,3.0,0.0,1.0
2.11,0.0,6.0,0.0,1.0
前十名,0.0,3.0,0.0,1.0
第一季度,0.0,3.0,0.0,1.0
列,0.0,3.0,0.0,1.0
下滑,0.0,9.0,0.0,1.0
02,0.0,6.0,0.0,1.0
职能,0.0,3.0,0.0,1.0
东莞,0.0,3.0,0.0,1.0
九成,0.0,6.0,0.0,1.0
充分,0.0,3.0,0.0,1.0
年底,0.0,3.0,0.0,1.0
实现,0.0,69.0,0.0,1.0
雄厚资金,0.0,3.0,0.0,1.0
2009,0.0,6.0,0.0,1.0
不会,0.0,6.0,0.0,1.0
232.41,0.0,3.0,0.0,1.0
摊薄,0.0,3.0,0.0,1.0
此基础,0.0,3.0,0.0,1.0
7.1,0.0,3.0,0.0,1.0
有个,0.0,6.0,0.0,1.0
引入,0.0,27.0,0.0,1.0
(,0.0,180.0,0.0,1.0
优质,0.0,3.0,0.0,1.0
3.97,0.0,3.0,0.0,1.0
边际,0.0,3.0,0.0,1.0
商机,0.0,3.0,0.0,1.0
51,0.0,3.0,0.0,1.0
收盘,0.0,3.0,0.0,1.0
对于,0.0,15.0,0.0,1.0
利好,0.0,6.0,0.0,1.0
涉及,0.0,9.0,0.0,1.0
出任,0.0,3.0,0.0,1.0
3370,0.0,3.0,0.0,1.0
传媒,0.0,3.0,0.0,1.0
控制,0.0,6.0,0.0,1.0
编辑,0.0,6.0,0.0,1.0
电视机,0.0,9.0,0.0,1.0
地点,0.0,3.0,0.0,1.0
大力,0.0,3.0,0.0,1.0
立案侦查,0.0,3.0,0.0,1.0
2001,0.0,9.0,0.0,1.0
IMAGE,0.0,45.0,0.0,1.0
进行,0.0,24.0,0.0,1.0
架构,0.0,3.0,0.0,1.0
000100,0.0,132.0,0.0,1.0
将,0.0,186.0,0.0,1.0
正发力,0.0,3.0,0.0,1.0
佛塑,0.0,3.0,0.0,1.0
周四,0.0,6.0,0.0,1.0
接过,0.0,6.0,0.0,1.0
立白,0.0,3.0,0.0,1.0
技术升级,0.0,3.0,0.0,1.0
维达,0.0,3.0,0.0,1.0
项目,0.0,33.0,0.0,1.0
依据,0.0,6.0,0.0,1.0
备案,0.0,3.0,0.0,1.0
降至,0.0,3.0,0.0,1.0
584,0.0,3.0,0.0,1.0
幸运儿,0.0,3.0,0.0,1.0
研究,0.0,9.0,0.0,1.0
损益,0.0,3.0,0.0,1.0
决定,0.0,3.0,0.0,1.0
把握,0.0,6.0,0.0,1.0
生产线,0.0,21.0,0.0,1.0
达斯,0.0,3.0,0.0,1.0
扩股,0.0,21.0,0.0,1.0
不仅,0.0,18.0,0.0,1.0
第三十八,0.0,3.0,0.0,1.0
所,0.0,15.0,0.0,1.0
空调,0.0,3.0,0.0,1.0
294.48,0.0,3.0,0.0,1.0
三大,0.0,3.0,0.0,1.0
成,0.0,21.0,0.0,1.0
未,0.0,6.0,0.0,1.0
大陆,0.0,9.0,0.0,1.0
半导体,0.0,27.0,0.0,1.0
2.132,0.0,3.0,0.0,1.0
成长,0.0,3.0,0.0,1.0
h300,0.0,3.0,0.0,1.0
部署,0.0,3.0,0.0,1.0
13,0.0,15.0,0.0,1.0
6,0.0,54.0,0.0,1.0
加快,0.0,6.0,0.0,1.0
北斗,0.0,6.0,0.0,1.0
近年来,0.0,3.0,0.0,1.0
惦记,0.0,6.0,0.0,1.0
优势,0.0,9.0,0.0,1.0
武汉东湖新技术开发区,0.0,3.0,0.0,1.0
上,0.0,36.0,0.0,1.0
比拼,0.0,3.0,0.0,1.0
3.71,0.0,9.0,0.0,1.0
中证网,0.0,3.0,0.0,1.0
CD,0.0,6.0,0.0,1.0
瓶颈,0.0,3.0,0.0,1.0
每股,0.0,24.0,0.0,1.0
哲学家,0.0,3.0,0.0,1.0
证券,0.0,27.0,0.0,1.0
当前,0.0,3.0,0.0,1.0
2027,0.0,3.0,0.0,1.0
严峻,0.0,3.0,0.0,1.0
42.66,0.0,12.0,0.0,1.0
格力电器,0.0,9.0,0.0,1.0
6.72,0.0,9.0,0.0,1.0
其次,0.0,3.0,0.0,1.0
注册资本,0.0,18.0,0.0,1.0
视网,0.0,6.0,0.0,1.0
执行,0.0,9.0,0.0,1.0
核准,0.0,3.0,0.0,1.0
07,0.0,9.0,0.0,1.0
496,0.0,3.0,0.0,1.0
融资,0.0,9.0,0.0,1.0
之前,0.0,3.0,0.0,1.0
坚决,0.0,3.0,0.0,1.0
液晶电视,0.0,3.0,0.0,1.0
国有资产,0.0,12.0,0.0,1.0
王成,0.0,15.0,0.0,1.0
而华显,0.0,9.0,0.0,1.0
69,0.0,3.0,0.0,1.0
点击,0.0,6.0,0.0,1.0
大屏幕,0.0,3.0,0.0,1.0
600183,0.0,3.0,0.0,1.0
8.55,0.0,3.0,0.0,1.0
75,0.0,6.0,0.0,1.0
等,0.0,75.0,0.0,1.0
直面,0.0,3.0,0.0,1.0
拉开,0.0,12.0,0.0,1.0
星源,0.0,24.0,0.0,1.0
A,0.0,3.0,0.0,1.0
代码,0.0,9.0,0.0,1.0
高端,0.0,6.0,0.0,1.0
电商,0.0,18.0,0.0,1.0
调查,0.0,3.0,0.0,1.0
IDG,0.0,3.0,0.0,1.0
本,0.0,15.0,0.0,1.0
12.28,0.0,15.0,0.0,1.0
TMT,0.0,6.0,0.0,1.0
混合,0.0,3.0,0.0,1.0
影响力,0.0,3.0,0.0,1.0
商讨,0.0,3.0,0.0,1.0
草案,0.0,9.0,0.0,1.0
锡林浩特,0.0,6.0,0.0,1.0
转变,0.0,3.0,0.0,1.0
第十三条,0.0,9.0,0.0,1.0
300,0.0,3.0,0.0,1.0
总产量,0.0,3.0,0.0,1.0
提供,0.0,15.0,0.0,1.0
产业结构,0.0,3.0,0.0,1.0
％,0.0,3.0,0.0,1.0
TechWeb,0.0,6.0,0.0,1.0
程序,0.0,3.0,0.0,1.0
胡汝林,0.0,3.0,0.0,1.0
贤丰,0.0,3.0,0.0,1.0
一路,0.0,9.0,0.0,1.0
便,0.0,3.0,0.0,1.0
监察,0.0,18.0,0.0,1.0
出席,0.0,12.0,0.0,1.0
财经,0.0,24.0,0.0,1.0
京东方,0.0,6.0,0.0,1.0
实习生,0.0,3.0,0.0,1.0
代线,0.0,3.0,0.0,1.0
商报,0.0,3.0,0.0,1.0
第七条,0.0,3.0,0.0,1.0
举牌,0.0,12.0,0.0,1.0
紫,0.0,3.0,0.0,1.0
届次,0.0,3.0,0.0,1.0
002387,0.0,3.0,0.0,1.0
股票,0.0,15.0,0.0,1.0
14,0.0,3.0,0.0,1.0
安全,0.0,6.0,0.0,1.0
森林,0.0,3.0,0.0,1.0
．,0.0,21.0,0.0,1.0
0.57,0.0,3.0,0.0,1.0
汽车,0.0,6.0,0.0,1.0
万份,0.0,3.0,0.0,1.0
4.36,0.0,3.0,0.0,1.0
马军,0.0,6.0,0.0,1.0
详细信息,0.0,3.0,0.0,1.0
社会学家,0.0,3.0,0.0,1.0
所谓,0.0,3.0,0.0,1.0
17.4,0.0,3.0,0.0,1.0
后劲,0.0,3.0,0.0,1.0
第,0.0,15.0,0.0,1.0
运营商,0.0,3.0,0.0,1.0
l0Ulw3yZ1ibobQDYH4YWxnnmoic5vMwDnUAXPV0bicA,0.0,3.0,0.0,1.0
电话会议,0.0,6.0,0.0,1.0
证券时报,0.0,15.0,0.0,1.0
提出,0.0,9.0,0.0,1.0
人民币,0.0,54.0,0.0,1.0
完善,0.0,9.0,0.0,1.0
才,0.0,6.0,0.0,1.0
以,0.0,66.0,0.0,1.0
对华,0.0,18.0,0.0,1.0
本次,0.0,141.0,0.0,1.0
为七大,0.0,3.0,0.0,1.0
刘积仁,0.0,3.0,0.0,1.0
计算,0.0,3.0,0.0,1.0
最近,0.0,12.0,0.0,1.0
电话,0.0,6.0,0.0,1.0
去年同期,0.0,3.0,0.0,1.0
知道,0.0,3.0,0.0,1.0
收购,0.0,231.0,0.0,1.0
唯一,0.0,9.0,0.0,1.0
存在,0.0,12.0,0.0,1.0
从而,0.0,6.0,0.0,1.0
九鼎,0.0,6.0,0.0,1.0
进一,0.0,3.0,0.0,1.0
wx,0.0,45.0,0.0,1.0
活动,0.0,6.0,0.0,1.0
稳健,0.0,3.0,0.0,1.0
会议,0.0,15.0,0.0,1.0
可玩,0.0,3.0,0.0,1.0
40.3,0.0,3.0,0.0,1.0
贸易,0.0,3.0,0.0,1.0
联交所,0.0,3.0,0.0,1.0
资产,0.0,72.0,0.0,1.0
这些,0.0,6.0,0.0,1.0
增效,0.0,3.0,0.0,1.0
推介,0.0,6.0,0.0,1.0
广泛,0.0,3.0,0.0,1.0
33,0.0,6.0,0.0,1.0
总经理,0.0,9.0,0.0,1.0
取得,0.0,9.0,0.0,1.0
题为,0.0,3.0,0.0,1.0
挖掘,0.0,3.0,0.0,1.0
一角,0.0,6.0,0.0,1.0
无正文,0.0,18.0,0.0,1.0
新,0.0,24.0,0.0,1.0
上涨,0.0,3.0,0.0,1.0
是,0.0,216.0,0.0,1.0
变革,0.0,3.0,0.0,1.0
重大意义,0.0,3.0,0.0,1.0
解读,0.0,6.0,0.0,1.0
房地产,0.0,3.0,0.0,1.0
议案,0.0,48.0,0.0,1.0
助力,0.0,3.0,0.0,1.0
认为,0.0,12.0,0.0,1.0
播报,0.0,6.0,0.0,1.0
中国香港,0.0,3.0,0.0,1.0
45.55,0.0,3.0,0.0,1.0
隶属于,0.0,3.0,0.0,1.0
抢滩,0.0,3.0,0.0,1.0
因,0.0,3.0,0.0,1.0
FFalcon,0.0,15.0,0.0,1.0
加,0.0,3.0,0.0,1.0
蕴藏,0.0,3.0,0.0,1.0
>,0.0,87.0,0.0,1.0
规划,0.0,3.0,0.0,1.0
运营官,0.0,6.0,0.0,1.0
2015,0.0,18.0,0.0,1.0
25,0.0,3.0,0.0,1.0
全球,0.0,27.0,0.0,1.0
处于,0.0,6.0,0.0,1.0
THOMSON,0.0,9.0,0.0,1.0
高新,0.0,6.0,0.0,1.0
第五条,0.0,6.0,0.0,1.0
2007,0.0,6.0,0.0,1.0
融合,0.0,3.0,0.0,1.0
21,0.0,18.0,0.0,1.0
EPS,0.0,3.0,0.0,1.0
 ,0.0,948.0,0.0,1.0
产业基地,0.0,3.0,0.0,1.0
时间,0.0,9.0,0.0,1.0
files,0.0,3.0,0.0,1.0
控制力,0.0,9.0,0.0,1.0
提升,0.0,54.0,0.0,1.0
契机,0.0,3.0,0.0,1.0
横向,0.0,3.0,0.0,1.0
出现,0.0,6.0,0.0,1.0
71.9,0.0,3.0,0.0,1.0
各方,0.0,18.0,0.0,1.0
电子商务,0.0,30.0,0.0,1.0
2081,0.0,6.0,0.0,1.0
第五届,0.0,3.0,0.0,1.0
和解,0.0,12.0,0.0,1.0
净春梅,0.0,3.0,0.0,1.0
接近,0.0,3.0,0.0,1.0
·,0.0,6.0,0.0,1.0
迈入,0.0,3.0,0.0,1.0
最多,0.0,3.0,0.0,1.0
企业法人,0.0,3.0,0.0,1.0
一级,0.0,6.0,0.0,1.0
影视圈,0.0,3.0,0.0,1.0
株式会社,0.0,3.0,0.0,1.0
品类,0.0,3.0,0.0,1.0
日起,0.0,3.0,0.0,1.0
基板,0.0,3.0,0.0,1.0
权限,0.0,3.0,0.0,1.0
0.0846,0.0,3.0,0.0,1.0
部门,0.0,6.0,0.0,1.0
少数几家,0.0,3.0,0.0,1.0
LG,0.0,3.0,0.0,1.0
3.35,0.0,6.0,0.0,1.0
个性化,0.0,9.0,0.0,1.0
20,0.0,24.0,0.0,1.0
B座,0.0,6.0,0.0,1.0
日前,0.0,12.0,0.0,1.0
导报讯,0.0,3.0,0.0,1.0
比,0.0,15.0,0.0,1.0
岁,0.0,3.0,0.0,1.0
採访,0.0,3.0,0.0,1.0
生产,0.0,24.0,0.0,1.0
一是,0.0,3.0,0.0,1.0
改善,0.0,15.0,0.0,1.0
实实在在,0.0,3.0,0.0,1.0
　,0.0,624.0,0.0,1.0
南,0.0,6.0,0.0,1.0
执委会,0.0,3.0,0.0,1.0
高新区,0.0,3.0,0.0,1.0
08,0.0,3.0,0.0,1.0
均价,0.0,3.0,0.0,1.0
召开,0.0,12.0,0.0,1.0
BAT,0.0,12.0,0.0,1.0
个,0.0,33.0,0.0,1.0
福利,0.0,6.0,0.0,1.0
保险公司,0.0,3.0,0.0,1.0
参与,0.0,12.0,0.0,1.0
地区,0.0,12.0,0.0,1.0
审批,0.0,3.0,0.0,1.0
积极,0.0,3.0,0.0,1.0
推测,0.0,3.0,0.0,1.0
联想集团,0.0,3.0,0.0,1.0
Techology,0.0,3.0,0.0,1.0
AMOLED,0.0,18.0,0.0,1.0
集团,0.0,1260.0,0.0,1.0
100,0.0,9.0,0.0,1.0
89.2,0.0,3.0,0.0,1.0
评估,0.0,6.0,0.0,1.0
黑牛,0.0,3.0,0.0,1.0
董事长,0.0,39.0,0.0,1.0
法国,0.0,9.0,0.0,1.0
4,0.0,42.0,0.0,1.0
电子,0.0,15.0,0.0,1.0
发现,0.0,3.0,0.0,1.0
所持,0.0,12.0,0.0,1.0
4.5,0.0,48.0,0.0,1.0
知名,0.0,3.0,0.0,1.0
周少杰,0.0,3.0,0.0,1.0
丁福成,0.0,3.0,0.0,1.0
据悉,0.0,6.0,0.0,1.0
下同,0.0,9.0,0.0,1.0
新兴,0.0,3.0,0.0,1.0
回复,0.0,3.0,0.0,1.0
说,0.0,6.0,0.0,1.0
广州,0.0,15.0,0.0,1.0
专注,0.0,6.0,0.0,1.0
觊觎,0.0,6.0,0.0,1.0
能源,0.0,6.0,0.0,1.0
mKcoRiaRFUGwEKsUmhNrlib04Fkmianib2SY6hS2x3yI9fKZicQpRUKbd101LYJgA22rwwu1s3cfABbftg,0.0,3.0,0.0,1.0
_,0.0,69.0,0.0,1.0
事务,0.0,3.0,0.0,1.0
生效,0.0,15.0,0.0,1.0
下半场,0.0,6.0,0.0,1.0
总裁,0.0,12.0,0.0,1.0
投片量,0.0,3.0,0.0,1.0
用户数,0.0,3.0,0.0,1.0
达成,0.0,9.0,0.0,1.0
资源,0.0,33.0,0.0,1.0
之后,0.0,9.0,0.0,1.0
墨西哥,0.0,3.0,0.0,1.0
新一轮,0.0,3.0,0.0,1.0
违规,0.0,3.0,0.0,1.0
揭开,0.0,9.0,0.0,1.0
市值,0.0,6.0,0.0,1.0
玻璃,0.0,9.0,0.0,1.0
东兴,0.0,27.0,0.0,1.0
伴随,0.0,3.0,0.0,1.0
科技,0.0,150.0,0.0,1.0
会谈,0.0,6.0,0.0,1.0
附件,0.0,6.0,0.0,1.0
锅里,0.0,6.0,0.0,1.0
取得成效,0.0,3.0,0.0,1.0
家电行业,0.0,3.0,0.0,1.0
深得,0.0,3.0,0.0,1.0
全体成员,0.0,3.0,0.0,1.0
ppWwSDLppibHzibfVBwCo4BQ3y6Qps8l1FG0rAUTVVwib6wbQqJnLekCibGQXI88J4dfs6NvPqbQyQibA,0.0,3.0,0.0,1.0
45.22,0.0,6.0,0.0,1.0
面板,0.0,63.0,0.0,1.0
京东,0.0,9.0,0.0,1.0
联得,0.0,3.0,0.0,1.0
公开,0.0,9.0,0.0,1.0
股本,0.0,45.0,0.0,1.0
而且,0.0,3.0,0.0,1.0
股票价格,0.0,6.0,0.0,1.0
代表,0.0,15.0,0.0,1.0
家用,0.0,6.0,0.0,1.0
%,0.0,468.0,0.0,1.0
5.006,0.0,3.0,0.0,1.0
摘要,0.0,15.0,0.0,1.0
娃哈哈,0.0,3.0,0.0,1.0
序幕,0.0,6.0,0.0,1.0
优势互补,0.0,6.0,0.0,1.0
发展趋势,0.0,6.0,0.0,1.0
较大,0.0,3.0,0.0,1.0
4.00,0.0,3.0,0.0,1.0
自愿性,0.0,3.0,0.0,1.0
康美,0.0,3.0,0.0,1.0
规模,0.0,6.0,0.0,1.0
随着,0.0,3.0,0.0,1.0
在于,0.0,3.0,0.0,1.0
05,0.0,12.0,0.0,1.0
（,0.0,294.0,0.0,1.0
短短,0.0,3.0,0.0,1.0
A股,0.0,12.0,0.0,1.0
方法,0.0,3.0,0.0,1.0
更,0.0,6.0,0.0,1.0
十家,0.0,15.0,0.0,1.0
296.8,0.0,3.0,0.0,1.0
1,0.0,69.0,0.0,1.0
表示,0.0,66.0,0.0,1.0
高管,0.0,3.0,0.0,1.0
万台,0.0,6.0,0.0,1.0
金石,0.0,3.0,0.0,1.0
以及,0.0,24.0,0.0,1.0
SZ,0.0,9.0,0.0,1.0
控人,0.0,3.0,0.0,1.0
人们,0.0,3.0,0.0,1.0
左右,0.0,9.0,0.0,1.0
比近,0.0,6.0,0.0,1.0
解释,0.0,9.0,0.0,1.0
2.143,0.0,3.0,0.0,1.0
突破,0.0,9.0,0.0,1.0
主导产业,0.0,3.0,0.0,1.0
巨头,0.0,15.0,0.0,1.0
增强,0.0,24.0,0.0,1.0
新闻,0.0,3.0,0.0,1.0
合资,0.0,9.0,0.0,1.0
今天,0.0,6.0,0.0,1.0
易购,0.0,24.0,0.0,1.0
8.7,0.0,3.0,0.0,1.0
任务,0.0,3.0,0.0,1.0
公司,0.0,315.0,0.0,1.0
东方,0.0,3.0,0.0,1.0
排名第,0.0,3.0,0.0,1.0
拟以,0.0,21.0,0.0,1.0
出来,0.0,3.0,0.0,1.0
世界级,0.0,6.0,0.0,1.0
finance,0.0,3.0,0.0,1.0
多种形式,0.0,3.0,0.0,1.0
TCL,0.0,1380.0,0.0,1.0
华显,0.0,150.0,0.0,1.0
股份公司,0.0,3.0,0.0,1.0
疑为,0.0,3.0,0.0,1.0
430719,0.0,3.0,0.0,1.0
360100,0.0,3.0,0.0,1.0
海格,0.0,3.0,0.0,1.0
精测,0.0,3.0,0.0,1.0
设想,0.0,3.0,0.0,1.0
-,0.0,60.0,0.0,1.0
三年,0.0,6.0,0.0,1.0
管理水平,0.0,3.0,0.0,1.0
市场推广,0.0,6.0,0.0,1.0
度,0.0,9.0,0.0,1.0
湖北省,0.0,12.0,0.0,1.0
东南亚地区,0.0,3.0,0.0,1.0
合作,0.0,99.0,0.0,1.0
协同,0.0,9.0,0.0,1.0
深圳,0.0,51.0,0.0,1.0
整机,0.0,12.0,0.0,1.0
某个,0.0,3.0,0.0,1.0
每日,0.0,6.0,0.0,1.0
改制,0.0,3.0,0.0,1.0
虚拟现实,0.0,3.0,0.0,1.0
两条,0.0,6.0,0.0,1.0
图,0.0,6.0,0.0,1.0
