日,0.0,96.0,0.0,1.0
宅配,0.0,3.0,0.0,1.0
研究,0.0,3.0,0.0,1.0
正式,0.0,6.0,0.0,1.0
广大,0.0,3.0,0.0,1.0
一季度,0.0,6.0,0.0,1.0
人智农,0.0,15.0,0.0,1.0
资本,0.0,6.0,0.0,1.0
至,0.0,6.0,0.0,1.0
由大北农,0.0,15.0,0.0,1.0
1599.09,0.0,6.0,0.0,1.0
及其,0.0,21.0,0.0,1.0
股东,0.0,72.0,0.0,1.0
频频,0.0,3.0,0.0,1.0
0.98,0.0,6.0,0.0,1.0
完成,0.0,3.0,0.0,1.0
jrjimg,0.0,9.0,0.0,1.0
较,0.0,3.0,0.0,1.0
社会,0.0,6.0,0.0,1.0
组成部分,0.0,6.0,0.0,1.0
大北,0.0,48.0,0.0,1.0
jrj,0.0,3.0,0.0,1.0
值得注意,0.0,3.0,0.0,1.0
元,0.0,15.0,0.0,1.0
63,0.0,3.0,0.0,1.0
张守营,0.0,3.0,0.0,1.0
明星,0.0,9.0,0.0,1.0
此次,0.0,6.0,0.0,1.0
科技奖,0.0,36.0,0.0,1.0
到,0.0,12.0,0.0,1.0
股,0.0,24.0,0.0,1.0
下属,0.0,6.0,0.0,1.0
:,0.0,18.0,0.0,1.0
持股,0.0,48.0,0.0,1.0
提示,0.0,3.0,0.0,1.0
获得,0.0,3.0,0.0,1.0
大宗,0.0,6.0,0.0,1.0
300616,0.0,3.0,0.0,1.0
举办,0.0,6.0,0.0,1.0
12,0.0,12.0,0.0,1.0
实际,0.0,6.0,0.0,1.0
补充,0.0,9.0,0.0,1.0
结算,0.0,9.0,0.0,1.0
龙头,0.0,3.0,0.0,1.0
称,0.0,9.0,0.0,1.0
第九,0.0,6.0,0.0,1.0
27,0.0,3.0,0.0,1.0
预增,0.0,3.0,0.0,1.0
成行,0.0,6.0,0.0,1.0
9287.62,0.0,6.0,0.0,1.0
a580xH,0.0,3.0,0.0,1.0
增持,0.0,141.0,0.0,1.0
行业,0.0,15.0,0.0,1.0
坚持,0.0,3.0,0.0,1.0
三次,0.0,3.0,0.0,1.0
原,0.0,3.0,0.0,1.0
chart,0.0,9.0,0.0,1.0
日至,0.0,12.0,0.0,1.0
公司股票,0.0,3.0,0.0,1.0
简式,0.0,3.0,0.0,1.0
收到,0.0,9.0,0.0,1.0
公益事业,0.0,6.0,0.0,1.0
预计,0.0,3.0,0.0,1.0
1628.81,0.0,3.0,0.0,1.0
由此,0.0,6.0,0.0,1.0
评审,0.0,9.0,0.0,1.0
亿元,0.0,36.0,0.0,1.0
同路,0.0,12.0,0.0,1.0
000938,0.0,3.0,0.0,1.0
扎堆,0.0,3.0,0.0,1.0
端,0.0,3.0,0.0,1.0
农业,0.0,39.0,0.0,1.0
获,0.0,9.0,0.0,1.0
持续,0.0,12.0,0.0,1.0
建成,0.0,6.0,0.0,1.0
培育,0.0,6.0,0.0,1.0
《,0.0,6.0,0.0,1.0
对此,0.0,3.0,0.0,1.0
选择,0.0,3.0,0.0,1.0
联手,0.0,3.0,0.0,1.0
9.5,0.0,6.0,0.0,1.0
体量,0.0,6.0,0.0,1.0
三国,0.0,3.0,0.0,1.0
设法,0.0,3.0,0.0,1.0
奖金,0.0,6.0,0.0,1.0
逆势上涨,0.0,3.0,0.0,1.0
分别,0.0,3.0,0.0,1.0
未来,0.0,6.0,0.0,1.0
合计,0.0,18.0,0.0,1.0
此后,0.0,6.0,0.0,1.0
总,0.0,36.0,0.0,1.0
<,0.0,18.0,0.0,1.0
交易,0.0,12.0,0.0,1.0
快速,0.0,3.0,0.0,1.0
遵照,0.0,3.0,0.0,1.0
证券交易,0.0,3.0,0.0,1.0
期间,0.0,6.0,0.0,1.0
生态圈,0.0,6.0,0.0,1.0
png,0.0,12.0,0.0,1.0
而大北农,0.0,9.0,0.0,1.0
智慧,0.0,6.0,0.0,1.0
3227.9,0.0,6.0,0.0,1.0
大生,0.0,3.0,0.0,1.0
促进,0.0,3.0,0.0,1.0
一案,0.0,6.0,0.0,1.0
】,0.0,3.0,0.0,1.0
兴业,0.0,3.0,0.0,1.0
业绩,0.0,9.0,0.0,1.0
创建,0.0,3.0,0.0,1.0
第四个,0.0,6.0,0.0,1.0
预期,0.0,6.0,0.0,1.0
农及,0.0,3.0,0.0,1.0
发展,0.0,12.0,0.0,1.0
当时,0.0,6.0,0.0,1.0
从,0.0,12.0,0.0,1.0
持荃,0.0,3.0,0.0,1.0
宋维平,0.0,6.0,0.0,1.0
为,0.0,36.0,0.0,1.0
系大北农,0.0,3.0,0.0,1.0
同期,0.0,3.0,0.0,1.0
com,0.0,15.0,0.0,1.0
板块,0.0,3.0,0.0,1.0
细节,0.0,6.0,0.0,1.0
进展,0.0,12.0,0.0,1.0
陈忠恒,0.0,3.0,0.0,1.0
创信,0.0,3.0,0.0,1.0
专业,0.0,3.0,0.0,1.0
扫货荃,0.0,12.0,0.0,1.0
资金,0.0,9.0,0.0,1.0
2564.91,0.0,9.0,0.0,1.0
3.8,0.0,3.0,0.0,1.0
都,0.0,9.0,0.0,1.0
通,0.0,3.0,0.0,1.0
如何,0.0,9.0,0.0,1.0
近,0.0,3.0,0.0,1.0
设立,0.0,6.0,0.0,1.0
pic430,0.0,9.0,0.0,1.0
线,0.0,12.0,0.0,1.0
向,0.0,6.0,0.0,1.0
定向,0.0,6.0,0.0,1.0
联袂,0.0,3.0,0.0,1.0
1999,0.0,6.0,0.0,1.0
第一,0.0,3.0,0.0,1.0
2.25,0.0,3.0,0.0,1.0
角色,0.0,3.0,0.0,1.0
团结,0.0,3.0,0.0,1.0
3,0.0,9.0,0.0,1.0
价格,0.0,3.0,0.0,1.0
其他,0.0,6.0,0.0,1.0
披露,0.0,18.0,0.0,1.0
超过,0.0,3.0,0.0,1.0
评选,0.0,3.0,0.0,1.0
机制,0.0,3.0,0.0,1.0
关系,0.0,9.0,0.0,1.0
000750,0.0,3.0,0.0,1.0
盯上,0.0,3.0,0.0,1.0
农频,0.0,3.0,0.0,1.0
成熟度,0.0,3.0,0.0,1.0
有限责任,0.0,3.0,0.0,1.0
8805.3,0.0,3.0,0.0,1.0
互联网,0.0,9.0,0.0,1.0
网,0.0,6.0,0.0,1.0
前夕,0.0,3.0,0.0,1.0
自,0.0,3.0,0.0,1.0
销售,0.0,6.0,0.0,1.0
行动,0.0,36.0,0.0,1.0
增长,0.0,3.0,0.0,1.0
限制性,0.0,6.0,0.0,1.0
毛利率,0.0,6.0,0.0,1.0
07,0.0,3.0,0.0,1.0
基金,0.0,6.0,0.0,1.0
1600,0.0,3.0,0.0,1.0
作用,0.0,3.0,0.0,1.0
万,0.0,3.0,0.0,1.0
original,0.0,3.0,0.0,1.0
24,0.0,3.0,0.0,1.0
177,0.0,3.0,0.0,1.0
行业龙头,0.0,6.0,0.0,1.0
九届,0.0,9.0,0.0,1.0
金融,0.0,3.0,0.0,1.0
农付,0.0,3.0,0.0,1.0
国家,0.0,15.0,0.0,1.0
金明,0.0,3.0,0.0,1.0
网站,0.0,6.0,0.0,1.0
jpg,0.0,3.0,0.0,1.0
最新,0.0,3.0,0.0,1.0
》,0.0,6.0,0.0,1.0
目前,0.0,24.0,0.0,1.0
听说,0.0,3.0,0.0,1.0
面向,0.0,3.0,0.0,1.0
技术创新,0.0,3.0,0.0,1.0
玉米,0.0,6.0,0.0,1.0
原则,0.0,3.0,0.0,1.0
董事,0.0,6.0,0.0,1.0
总额,0.0,3.0,0.0,1.0
会,0.0,15.0,0.0,1.0
中新,0.0,6.0,0.0,1.0
259.38,0.0,3.0,0.0,1.0
推动,0.0,3.0,0.0,1.0
顾问,0.0,9.0,0.0,1.0
[,0.0,3.0,0.0,1.0
金融界,0.0,6.0,0.0,1.0
一段时间,0.0,3.0,0.0,1.0
23,0.0,12.0,0.0,1.0
紫光,0.0,3.0,0.0,1.0
有效途径,0.0,3.0,0.0,1.0
股权,0.0,24.0,0.0,1.0
额,0.0,6.0,0.0,1.0
泰康,0.0,3.0,0.0,1.0
受到,0.0,3.0,0.0,1.0
),0.0,57.0,0.0,1.0
5,0.0,126.0,0.0,1.0
100,0.0,12.0,0.0,1.0
立即,0.0,9.0,0.0,1.0
造访,0.0,3.0,0.0,1.0
开始,0.0,12.0,0.0,1.0
05,0.0,6.0,0.0,1.0
对,0.0,39.0,0.0,1.0
千万元,0.0,3.0,0.0,1.0
1,0.0,18.0,0.0,1.0
开启,0.0,3.0,0.0,1.0
主办,0.0,6.0,0.0,1.0
陆续,0.0,3.0,0.0,1.0
计算,0.0,6.0,0.0,1.0
评价,0.0,3.0,0.0,1.0
月,0.0,138.0,0.0,1.0
人,0.0,33.0,0.0,1.0
管理层,0.0,3.0,0.0,1.0
授予,0.0,6.0,0.0,1.0
大盘,0.0,3.0,0.0,1.0
展博,0.0,3.0,0.0,1.0
下设,0.0,3.0,0.0,1.0
加上,0.0,12.0,0.0,1.0
至今,0.0,3.0,0.0,1.0
专家,0.0,3.0,0.0,1.0
6.26,0.0,3.0,0.0,1.0
报道,0.0,3.0,0.0,1.0
常务,0.0,6.0,0.0,1.0
全员,0.0,3.0,0.0,1.0
http,0.0,18.0,0.0,1.0
曾,0.0,12.0,0.0,1.0
单独,0.0,3.0,0.0,1.0
位,0.0,12.0,0.0,1.0
杀迷局,0.0,3.0,0.0,1.0
诊股,0.0,21.0,0.0,1.0
评审组,0.0,3.0,0.0,1.0
女,0.0,3.0,0.0,1.0
光明,0.0,3.0,0.0,1.0
—,0.0,6.0,0.0,1.0
奥特,0.0,3.0,0.0,1.0
101,0.0,3.0,0.0,1.0
13.41,0.0,6.0,0.0,1.0
值得,0.0,12.0,0.0,1.0
600053,0.0,3.0,0.0,1.0
上年,0.0,3.0,0.0,1.0
数居前,0.0,3.0,0.0,1.0
同时,0.0,3.0,0.0,1.0
事件,0.0,3.0,0.0,1.0
食品,0.0,3.0,0.0,1.0
拟,0.0,9.0,0.0,1.0
通知,0.0,6.0,0.0,1.0
15,0.0,3.0,0.0,1.0
控股,0.0,33.0,0.0,1.0
农华,0.0,6.0,0.0,1.0
更正,0.0,3.0,0.0,1.0
千万,0.0,3.0,0.0,1.0
携,0.0,3.0,0.0,1.0
发现,0.0,3.0,0.0,1.0
进入,0.0,3.0,0.0,1.0
金枫,0.0,3.0,0.0,1.0
领域,0.0,6.0,0.0,1.0
支持,0.0,3.0,0.0,1.0
组团,0.0,3.0,0.0,1.0
先生,0.0,9.0,0.0,1.0
435,0.0,3.0,0.0,1.0
002385,0.0,60.0,0.0,1.0
突出贡献,0.0,3.0,0.0,1.0
中植,0.0,3.0,0.0,1.0
2016,0.0,9.0,0.0,1.0
激励,0.0,3.0,0.0,1.0
日渐,0.0,3.0,0.0,1.0
献身,0.0,3.0,0.0,1.0
重大,0.0,3.0,0.0,1.0
之初,0.0,3.0,0.0,1.0
拓邦,0.0,3.0,0.0,1.0
考虑,0.0,3.0,0.0,1.0
征集,0.0,3.0,0.0,1.0
二级,0.0,9.0,0.0,1.0
以农信,0.0,3.0,0.0,1.0
000,0.0,3.0,0.0,1.0
662.99,0.0,12.0,0.0,1.0
后,0.0,6.0,0.0,1.0
提升,0.0,9.0,0.0,1.0
主导,0.0,6.0,0.0,1.0
965.82,0.0,3.0,0.0,1.0
之,0.0,3.0,0.0,1.0
832,0.0,9.0,0.0,1.0
嘉实,0.0,3.0,0.0,1.0
走向,0.0,3.0,0.0,1.0
产业,0.0,3.0,0.0,1.0
【,0.0,3.0,0.0,1.0
企业,0.0,9.0,0.0,1.0
占,0.0,9.0,0.0,1.0
继续,0.0,12.0,0.0,1.0
16.88,0.0,3.0,0.0,1.0
强大,0.0,3.0,0.0,1.0
日益,0.0,3.0,0.0,1.0
种企,0.0,3.0,0.0,1.0
会堂,0.0,3.0,0.0,1.0
22,0.0,3.0,0.0,1.0
作为,0.0,3.0,0.0,1.0
实控,0.0,6.0,0.0,1.0
几乎,0.0,3.0,0.0,1.0
智农,0.0,9.0,0.0,1.0
深,0.0,3.0,0.0,1.0
抑或,0.0,3.0,0.0,1.0
images,0.0,3.0,0.0,1.0
两家,0.0,6.0,0.0,1.0
连续,0.0,27.0,0.0,1.0
截至,0.0,9.0,0.0,1.0
昆吾,0.0,3.0,0.0,1.0
大北农,0.0,285.0,0.0,1.0
不乏,0.0,3.0,0.0,1.0
调研,0.0,48.0,0.0,1.0
持有,0.0,27.0,0.0,1.0
10.93,0.0,3.0,0.0,1.0
记录表,0.0,3.0,0.0,1.0
员工,0.0,6.0,0.0,1.0
结盟,0.0,3.0,0.0,1.0
旗下,0.0,6.0,0.0,1.0
公告,0.0,21.0,0.0,1.0
共,0.0,6.0,0.0,1.0
],0.0,3.0,0.0,1.0
002084,0.0,6.0,0.0,1.0
4.2,0.0,6.0,0.0,1.0
创新性,0.0,3.0,0.0,1.0
农作物,0.0,6.0,0.0,1.0
加入,0.0,6.0,0.0,1.0
公正性,0.0,3.0,0.0,1.0
资产重组,0.0,3.0,0.0,1.0
黄群,0.0,3.0,0.0,1.0
接待,0.0,12.0,0.0,1.0
成熟,0.0,3.0,0.0,1.0
646,0.0,3.0,0.0,1.0
斥资,0.0,6.0,0.0,1.0
已,0.0,27.0,0.0,1.0
交易日,0.0,18.0,0.0,1.0
拖延时间,0.0,3.0,0.0,1.0
最受,0.0,3.0,0.0,1.0
20170703213721422,0.0,3.0,0.0,1.0
2017,0.0,9.0,0.0,1.0
根据,0.0,3.0,0.0,1.0
此事,0.0,3.0,0.0,1.0
了解,0.0,9.0,0.0,1.0
推广,0.0,6.0,0.0,1.0
延续,0.0,3.0,0.0,1.0
风险投资,0.0,6.0,0.0,1.0
相继,0.0,3.0,0.0,1.0
上周,0.0,6.0,0.0,1.0
本周,0.0,9.0,0.0,1.0
全国,0.0,6.0,0.0,1.0
晚间,0.0,18.0,0.0,1.0
热情,0.0,3.0,0.0,1.0
书,0.0,3.0,0.0,1.0
无论是,0.0,3.0,0.0,1.0
亿,0.0,18.0,0.0,1.0
：,0.0,39.0,0.0,1.0
601377,0.0,3.0,0.0,1.0
人民币,0.0,6.0,0.0,1.0
9.9,0.0,6.0,0.0,1.0
硅谷,0.0,6.0,0.0,1.0
奖励,0.0,21.0,0.0,1.0
自然人,0.0,3.0,0.0,1.0
16.6,0.0,3.0,0.0,1.0
中,0.0,24.0,0.0,1.0
）,0.0,63.0,0.0,1.0
京,0.0,3.0,0.0,1.0
最高,0.0,9.0,0.0,1.0
投资,0.0,78.0,0.0,1.0
；,0.0,30.0,0.0,1.0
e,0.0,15.0,0.0,1.0
发函,0.0,3.0,0.0,1.0
8,0.0,6.0,0.0,1.0
天堂,0.0,6.0,0.0,1.0
有效,0.0,3.0,0.0,1.0
当日,0.0,6.0,0.0,1.0
对垒,0.0,6.0,0.0,1.0
直接,0.0,12.0,0.0,1.0
共计,0.0,3.0,0.0,1.0
one,0.0,3.0,0.0,1.0
张琴,0.0,9.0,0.0,1.0
信息,0.0,3.0,0.0,1.0
后续,0.0,6.0,0.0,1.0
委员会,0.0,6.0,0.0,1.0
影响,0.0,6.0,0.0,1.0
上半年,0.0,6.0,0.0,1.0
考察,0.0,3.0,0.0,1.0
完整,0.0,3.0,0.0,1.0
批次,0.0,3.0,0.0,1.0
基因组,0.0,3.0,0.0,1.0
一直,0.0,3.0,0.0,1.0
杂交,0.0,6.0,0.0,1.0
种业,0.0,6.0,0.0,1.0
10,0.0,42.0,0.0,1.0
772,0.0,3.0,0.0,1.0
工作者,0.0,6.0,0.0,1.0
时点,0.0,3.0,0.0,1.0
发布,0.0,6.0,0.0,1.0
947,0.0,3.0,0.0,1.0
IMAGE,0.0,18.0,0.0,1.0
童璐,0.0,3.0,0.0,1.0
市场,0.0,15.0,0.0,1.0
问题,0.0,3.0,0.0,1.0
149897208540489700,0.0,3.0,0.0,1.0
243,0.0,3.0,0.0,1.0
6.018,0.0,3.0,0.0,1.0
目标,0.0,3.0,0.0,1.0
比例,0.0,6.0,0.0,1.0
并,0.0,6.0,0.0,1.0
科技事业,0.0,3.0,0.0,1.0
起,0.0,12.0,0.0,1.0
资金来源,0.0,3.0,0.0,1.0
股份,0.0,33.0,0.0,1.0
合理,0.0,3.0,0.0,1.0
分子,0.0,3.0,0.0,1.0
在,0.0,39.0,0.0,1.0
一个,0.0,6.0,0.0,1.0
精机,0.0,3.0,0.0,1.0
成型,0.0,3.0,0.0,1.0
没有,0.0,9.0,0.0,1.0
19,0.0,15.0,0.0,1.0
净利润,0.0,3.0,0.0,1.0
有所,0.0,3.0,0.0,1.0
后市,0.0,9.0,0.0,1.0
文化,0.0,3.0,0.0,1.0
排除,0.0,9.0,0.0,1.0
布局,0.0,6.0,0.0,1.0
日晚,0.0,9.0,0.0,1.0
告知,0.0,9.0,0.0,1.0
kpic,0.0,9.0,0.0,1.0
现在,0.0,3.0,0.0,1.0
日增,0.0,21.0,0.0,1.0
意味,0.0,3.0,0.0,1.0
整合,0.0,21.0,0.0,1.0
整体,0.0,9.0,0.0,1.0
业务,0.0,6.0,0.0,1.0
来看,0.0,6.0,0.0,1.0
小麦,0.0,6.0,0.0,1.0
隆重举行,0.0,3.0,0.0,1.0
风险,0.0,3.0,0.0,1.0
342,0.0,3.0,0.0,1.0
其中,0.0,6.0,0.0,1.0
3.76,0.0,3.0,0.0,1.0
日讯,0.0,15.0,0.0,1.0
强强联合,0.0,3.0,0.0,1.0
即将,0.0,12.0,0.0,1.0
年,0.0,27.0,0.0,1.0
getimg,0.0,3.0,0.0,1.0
具体,0.0,3.0,0.0,1.0
通道,0.0,3.0,0.0,1.0
产品,0.0,24.0,0.0,1.0
/,0.0,123.0,0.0,1.0
于,0.0,9.0,0.0,1.0
潜力,0.0,3.0,0.0,1.0
肯定,0.0,3.0,0.0,1.0
而星石,0.0,3.0,0.0,1.0
业内,0.0,3.0,0.0,1.0
动向,0.0,3.0,0.0,1.0
公司,0.0,138.0,0.0,1.0
归属于,0.0,3.0,0.0,1.0
任伟,0.0,3.0,0.0,1.0
大,0.0,27.0,0.0,1.0
理财,0.0,3.0,0.0,1.0
经济,0.0,3.0,0.0,1.0
国海,0.0,3.0,0.0,1.0
公司总部,0.0,3.0,0.0,1.0
累计,0.0,18.0,0.0,1.0
们,0.0,3.0,0.0,1.0
半年报,0.0,3.0,0.0,1.0
手机,0.0,3.0,0.0,1.0
（,0.0,69.0,0.0,1.0
20170702,0.0,3.0,0.0,1.0
创业,0.0,3.0,0.0,1.0
40,0.0,3.0,0.0,1.0
时期,0.0,3.0,0.0,1.0
周内,0.0,3.0,0.0,1.0
一家,0.0,3.0,0.0,1.0
项目,0.0,9.0,0.0,1.0
权威,0.0,3.0,0.0,1.0
微妙,0.0,6.0,0.0,1.0
已经,0.0,15.0,0.0,1.0
占荃,0.0,15.0,0.0,1.0
b308e7530b14a69b,0.0,3.0,0.0,1.0
由,0.0,3.0,0.0,1.0
6.4,0.0,6.0,0.0,1.0
战略性,0.0,3.0,0.0,1.0
简称,0.0,3.0,0.0,1.0
水产,0.0,3.0,0.0,1.0
农和智农,0.0,9.0,0.0,1.0
公正,0.0,3.0,0.0,1.0
隆平,0.0,12.0,0.0,1.0
用于,0.0,3.0,0.0,1.0
朱雀,0.0,9.0,0.0,1.0
一致,0.0,39.0,0.0,1.0
北京,0.0,9.0,0.0,1.0
www,0.0,9.0,0.0,1.0
出资,0.0,3.0,0.0,1.0
董秘,0.0,3.0,0.0,1.0
25,0.0,12.0,0.0,1.0
好,0.0,3.0,0.0,1.0
368,0.0,3.0,0.0,1.0
两军,0.0,6.0,0.0,1.0
水稻种子,0.0,12.0,0.0,1.0
核心,0.0,3.0,0.0,1.0
四川,0.0,3.0,0.0,1.0
水稻,0.0,24.0,0.0,1.0
入口,0.0,6.0,0.0,1.0
活动,0.0,6.0,0.0,1.0
子公司,0.0,9.0,0.0,1.0
4.18,0.0,3.0,0.0,1.0
应用,0.0,3.0,0.0,1.0
股票价值,0.0,9.0,0.0,1.0
邵根伙,0.0,21.0,0.0,1.0
此前,0.0,9.0,0.0,1.0
转化,0.0,3.0,0.0,1.0
继,0.0,3.0,0.0,1.0
中植系,0.0,57.0,0.0,1.0
2731,0.0,3.0,0.0,1.0
启动,0.0,9.0,0.0,1.0
药业,0.0,3.0,0.0,1.0
何种,0.0,3.0,0.0,1.0
背景,0.0,6.0,0.0,1.0
集中,0.0,6.0,0.0,1.0
农在,0.0,18.0,0.0,1.0
6.6,0.0,6.0,0.0,1.0
外界,0.0,3.0,0.0,1.0
又,0.0,3.0,0.0,1.0
介绍,0.0,6.0,0.0,1.0
宣布,0.0,6.0,0.0,1.0
第十届,0.0,15.0,0.0,1.0
亚宝,0.0,3.0,0.0,1.0
其,0.0,9.0,0.0,1.0
讯,0.0,6.0,0.0,1.0
当天,0.0,12.0,0.0,1.0
 ,0.0,102.0,0.0,1.0
项,0.0,9.0,0.0,1.0
询问,0.0,3.0,0.0,1.0
具有,0.0,6.0,0.0,1.0
9.91,0.0,24.0,0.0,1.0
1000,0.0,3.0,0.0,1.0
假设,0.0,6.0,0.0,1.0
发布公告,0.0,3.0,0.0,1.0
电源,0.0,3.0,0.0,1.0
权威专家,0.0,3.0,0.0,1.0
先,0.0,6.0,0.0,1.0
对簿公堂,0.0,6.0,0.0,1.0
关于,0.0,3.0,0.0,1.0
全资,0.0,3.0,0.0,1.0
进驻,0.0,6.0,0.0,1.0
迅游,0.0,9.0,0.0,1.0
前瞻性,0.0,3.0,0.0,1.0
70,0.0,3.0,0.0,1.0
认为,0.0,9.0,0.0,1.0
绑定,0.0,3.0,0.0,1.0
深圳证券交易所,0.0,3.0,0.0,1.0
300087,0.0,15.0,0.0,1.0
一周,0.0,3.0,0.0,1.0
均价,0.0,6.0,0.0,1.0
创新,0.0,6.0,0.0,1.0
对于,0.0,3.0,0.0,1.0
全,0.0,3.0,0.0,1.0
涉及,0.0,3.0,0.0,1.0
奖,0.0,6.0,0.0,1.0
11,0.0,6.0,0.0,1.0
控制,0.0,6.0,0.0,1.0
此番,0.0,6.0,0.0,1.0
而言,0.0,3.0,0.0,1.0
九鼎,0.0,6.0,0.0,1.0
对荃,0.0,3.0,0.0,1.0
查看,0.0,9.0,0.0,1.0
管理人员,0.0,3.0,0.0,1.0
9,0.0,15.0,0.0,1.0
包括,0.0,9.0,0.0,1.0
3.26,0.0,3.0,0.0,1.0
随着,0.0,3.0,0.0,1.0
带有,0.0,6.0,0.0,1.0
据,0.0,9.0,0.0,1.0
季报,0.0,3.0,0.0,1.0
农富宝,0.0,3.0,0.0,1.0
联盟,0.0,3.0,0.0,1.0
257.56,0.0,3.0,0.0,1.0
不得而知,0.0,3.0,0.0,1.0
端的,0.0,3.0,0.0,1.0
再,0.0,3.0,0.0,1.0
img1,0.0,3.0,0.0,1.0
人士,0.0,6.0,0.0,1.0
质疑,0.0,3.0,0.0,1.0
技术人员,0.0,3.0,0.0,1.0
今年,0.0,21.0,0.0,1.0
系统,0.0,3.0,0.0,1.0
公平,0.0,6.0,0.0,1.0
佳实,0.0,3.0,0.0,1.0
展望,0.0,3.0,0.0,1.0
13,0.0,3.0,0.0,1.0
金额,0.0,9.0,0.0,1.0
扮演,0.0,3.0,0.0,1.0
猛烈,0.0,3.0,0.0,1.0
万吨,0.0,3.0,0.0,1.0
全景网,0.0,3.0,0.0,1.0
0.049,0.0,3.0,0.0,1.0
加速,0.0,3.0,0.0,1.0
成立,0.0,6.0,0.0,1.0
3.71,0.0,3.0,0.0,1.0
是否,0.0,12.0,0.0,1.0
APP,0.0,3.0,0.0,1.0
购买,0.0,6.0,0.0,1.0
证券,0.0,6.0,0.0,1.0
承诺,0.0,6.0,0.0,1.0
亿股,0.0,3.0,0.0,1.0
优质,0.0,3.0,0.0,1.0
cn,0.0,15.0,0.0,1.0
农和荃,0.0,6.0,0.0,1.0
之争,0.0,6.0,0.0,1.0
之前,0.0,15.0,0.0,1.0
副总裁,0.0,6.0,0.0,1.0
下行,0.0,3.0,0.0,1.0
正,0.0,6.0,0.0,1.0
精简,0.0,3.0,0.0,1.0
7,0.0,3.0,0.0,1.0
等,0.0,27.0,0.0,1.0
成功,0.0,6.0,0.0,1.0
尚品,0.0,3.0,0.0,1.0
敲门,0.0,3.0,0.0,1.0
电商,0.0,3.0,0.0,1.0
2.04,0.0,3.0,0.0,1.0
534,0.0,3.0,0.0,1.0
影响力,0.0,3.0,0.0,1.0
下,0.0,9.0,0.0,1.0
草案,0.0,3.0,0.0,1.0
上市公司,0.0,18.0,0.0,1.0
运营,0.0,3.0,0.0,1.0
北农,0.0,3.0,0.0,1.0
农已,0.0,6.0,0.0,1.0
稳定,0.0,9.0,0.0,1.0
收入,0.0,27.0,0.0,1.0
同行,0.0,6.0,0.0,1.0
％,0.0,3.0,0.0,1.0
情况,0.0,12.0,0.0,1.0
敢于,0.0,3.0,0.0,1.0
、,0.0,102.0,0.0,1.0
中国,0.0,15.0,0.0,1.0
童璐继,0.0,3.0,0.0,1.0
生产,0.0,6.0,0.0,1.0
激发,0.0,3.0,0.0,1.0
放宽,0.0,3.0,0.0,1.0
但,0.0,9.0,0.0,1.0
img,0.0,3.0,0.0,1.0
仅,0.0,3.0,0.0,1.0
举牌,0.0,30.0,0.0,1.0
万元,0.0,18.0,0.0,1.0
300281,0.0,3.0,0.0,1.0
股票,0.0,12.0,0.0,1.0
阻拦,0.0,3.0,0.0,1.0
信贷,0.0,3.0,0.0,1.0
人及,0.0,3.0,0.0,1.0
主力,0.0,3.0,0.0,1.0
额度,0.0,6.0,0.0,1.0
高科,0.0,12.0,0.0,1.0
第三,0.0,12.0,0.0,1.0
重要,0.0,27.0,0.0,1.0
科技成果,0.0,6.0,0.0,1.0
增发,0.0,6.0,0.0,1.0
分散,0.0,6.0,0.0,1.0
证券时报,0.0,30.0,0.0,1.0
货币,0.0,3.0,0.0,1.0
以,0.0,3.0,0.0,1.0
各类,0.0,3.0,0.0,1.0
网游,0.0,3.0,0.0,1.0
第三方,0.0,6.0,0.0,1.0
董事长,0.0,27.0,0.0,1.0
不达,0.0,6.0,0.0,1.0
收购,0.0,6.0,0.0,1.0
行情,0.0,24.0,0.0,1.0
计划,0.0,6.0,0.0,1.0
工作,0.0,6.0,0.0,1.0
.,0.0,99.0,0.0,1.0
四个,0.0,12.0,0.0,1.0
农业产业,0.0,3.0,0.0,1.0
酒业,0.0,3.0,0.0,1.0
融拓,0.0,6.0,0.0,1.0
2,0.0,6.0,0.0,1.0
违法,0.0,3.0,0.0,1.0
资产,0.0,3.0,0.0,1.0
明确,0.0,3.0,0.0,1.0
权益,0.0,3.0,0.0,1.0
变动,0.0,3.0,0.0,1.0
若干,0.0,3.0,0.0,1.0
健康,0.0,9.0,0.0,1.0
广泛,0.0,6.0,0.0,1.0
打包,0.0,3.0,0.0,1.0
实现,0.0,3.0,0.0,1.0
理念,0.0,3.0,0.0,1.0
402,0.0,3.0,0.0,1.0
是,0.0,45.0,0.0,1.0
学者,0.0,3.0,0.0,1.0
重启,0.0,12.0,0.0,1.0
奖项,0.0,6.0,0.0,1.0
众多,0.0,12.0,0.0,1.0
业务收入,0.0,6.0,0.0,1.0
操作,0.0,9.0,0.0,1.0
因,0.0,3.0,0.0,1.0
公信力,0.0,3.0,0.0,1.0
重庆,0.0,6.0,0.0,1.0
>,0.0,18.0,0.0,1.0
stcn,0.0,6.0,0.0,1.0
模块,0.0,3.0,0.0,1.0
2015,0.0,6.0,0.0,1.0
直至,0.0,3.0,0.0,1.0
引起,0.0,3.0,0.0,1.0
做出,0.0,9.0,0.0,1.0
组成,0.0,3.0,0.0,1.0
万股,0.0,72.0,0.0,1.0
5.15,0.0,3.0,0.0,1.0
通过,0.0,21.0,0.0,1.0
银高科,0.0,210.0,0.0,1.0
知名度,0.0,3.0,0.0,1.0
方面,0.0,6.0,0.0,1.0
三个,0.0,3.0,0.0,1.0
人大,0.0,3.0,0.0,1.0
桂兰,0.0,3.0,0.0,1.0
259,0.0,3.0,0.0,1.0
weixin,0.0,3.0,0.0,1.0
种子,0.0,12.0,0.0,1.0
加速器,0.0,3.0,0.0,1.0
积极性,0.0,3.0,0.0,1.0
接近,0.0,12.0,0.0,1.0
热度,0.0,3.0,0.0,1.0
·,0.0,6.0,0.0,1.0
使用,0.0,3.0,0.0,1.0
逾,0.0,3.0,0.0,1.0
400,0.0,3.0,0.0,1.0
SRC,0.0,18.0,0.0,1.0
平均,0.0,3.0,0.0,1.0
前三位,0.0,6.0,0.0,1.0
婉拒,0.0,3.0,0.0,1.0
间,0.0,3.0,0.0,1.0
13.66,0.0,3.0,0.0,1.0
一,0.0,3.0,0.0,1.0
网为,0.0,3.0,0.0,1.0
000998,0.0,3.0,0.0,1.0
582.5427,0.0,3.0,0.0,1.0
日前,0.0,3.0,0.0,1.0
导报讯,0.0,3.0,0.0,1.0
比,0.0,3.0,0.0,1.0
5.3,0.0,6.0,0.0,1.0
达到,0.0,9.0,0.0,1.0
在京举行,0.0,3.0,0.0,1.0
确实,0.0,6.0,0.0,1.0
较为,0.0,6.0,0.0,1.0
　,0.0,63.0,0.0,1.0
南,0.0,3.0,0.0,1.0
thsi,0.0,3.0,0.0,1.0
约,0.0,15.0,0.0,1.0
减持,0.0,6.0,0.0,1.0
构成,0.0,3.0,0.0,1.0
投资者,0.0,3.0,0.0,1.0
对照,0.0,3.0,0.0,1.0
卫浴,0.0,6.0,0.0,1.0
参与,0.0,9.0,0.0,1.0
积极,0.0,3.0,0.0,1.0
成为,0.0,21.0,0.0,1.0
中证网,0.0,3.0,0.0,1.0
判断,0.0,3.0,0.0,1.0
农,0.0,6.0,0.0,1.0
集团,0.0,18.0,0.0,1.0
贾,0.0,3.0,0.0,1.0
再度,0.0,3.0,0.0,1.0
可,0.0,3.0,0.0,1.0
可达,0.0,9.0,0.0,1.0
基于,0.0,9.0,0.0,1.0
前,0.0,9.0,0.0,1.0
0.059,0.0,3.0,0.0,1.0
自有,0.0,3.0,0.0,1.0
奉献,0.0,3.0,0.0,1.0
二次,0.0,24.0,0.0,1.0
信心,0.0,12.0,0.0,1.0
4,0.0,9.0,0.0,1.0
30,0.0,6.0,0.0,1.0
13.7,0.0,6.0,0.0,1.0
知名,0.0,3.0,0.0,1.0
pngdata,0.0,9.0,0.0,1.0
经营范围,0.0,6.0,0.0,1.0
周,0.0,3.0,0.0,1.0
据悉,0.0,3.0,0.0,1.0
筹划,0.0,6.0,0.0,1.0
说,0.0,3.0,0.0,1.0
数据,0.0,3.0,0.0,1.0
多家,0.0,6.0,0.0,1.0
jiemian,0.0,6.0,0.0,1.0
重重,0.0,3.0,0.0,1.0
300467,0.0,3.0,0.0,1.0
_,0.0,6.0,0.0,1.0
PC,0.0,3.0,0.0,1.0
集中度,0.0,3.0,0.0,1.0
股本,0.0,15.0,0.0,1.0
高级,0.0,3.0,0.0,1.0
邵根伙于,0.0,3.0,0.0,1.0
移动,0.0,3.0,0.0,1.0
之后,0.0,6.0,0.0,1.0
无,0.0,6.0,0.0,1.0
资管,0.0,3.0,0.0,1.0
销量,0.0,9.0,0.0,1.0
违规,0.0,6.0,0.0,1.0
4.91,0.0,6.0,0.0,1.0
跃至,0.0,6.0,0.0,1.0
名单,0.0,3.0,0.0,1.0
数量,0.0,9.0,0.0,1.0
性质,0.0,6.0,0.0,1.0
个股,0.0,3.0,0.0,1.0
科技,0.0,42.0,0.0,1.0
勇于创新,0.0,3.0,0.0,1.0
停牌,0.0,12.0,0.0,1.0
其二,0.0,6.0,0.0,1.0
位居,0.0,6.0,0.0,1.0
持,0.0,18.0,0.0,1.0
机构,0.0,33.0,0.0,1.0
调动,0.0,3.0,0.0,1.0
诉讼,0.0,3.0,0.0,1.0
=,0.0,18.0,0.0,1.0
证券网,0.0,3.0,0.0,1.0
公开,0.0,3.0,0.0,1.0
26,0.0,9.0,0.0,1.0
料,0.0,3.0,0.0,1.0
平台,0.0,6.0,0.0,1.0
银,0.0,3.0,0.0,1.0
%,0.0,96.0,0.0,1.0
0.063,0.0,3.0,0.0,1.0
初步,0.0,3.0,0.0,1.0
将,0.0,15.0,0.0,1.0
28,0.0,3.0,0.0,1.0
重组,0.0,6.0,0.0,1.0
排名,0.0,6.0,0.0,1.0
智农通,0.0,3.0,0.0,1.0
177.2,0.0,3.0,0.0,1.0
农对荃,0.0,3.0,0.0,1.0
成本,0.0,6.0,0.0,1.0
(,0.0,51.0,0.0,1.0
其获,0.0,3.0,0.0,1.0
力量,0.0,6.0,0.0,1.0
9.59,0.0,3.0,0.0,1.0
撮合,0.0,6.0,0.0,1.0
002867,0.0,3.0,0.0,1.0
以来,0.0,3.0,0.0,1.0
治理,0.0,3.0,0.0,1.0
更,0.0,3.0,0.0,1.0
独家报道,0.0,3.0,0.0,1.0
表示,0.0,24.0,0.0,1.0
策划,0.0,3.0,0.0,1.0
高管,0.0,12.0,0.0,1.0
海鸥,0.0,6.0,0.0,1.0
十大,0.0,3.0,0.0,1.0
贡献,0.0,9.0,0.0,1.0
SZ,0.0,21.0,0.0,1.0
控人,0.0,3.0,0.0,1.0
介入,0.0,6.0,0.0,1.0
申报,0.0,6.0,0.0,1.0
同样,0.0,3.0,0.0,1.0
产业化,0.0,3.0,0.0,1.0
侧重,0.0,3.0,0.0,1.0
先正达,0.0,3.0,0.0,1.0
本次,0.0,6.0,0.0,1.0
目的,0.0,9.0,0.0,1.0
2462,0.0,3.0,0.0,1.0
看好,0.0,3.0,0.0,1.0
饲料,0.0,12.0,0.0,1.0
进行,0.0,9.0,0.0,1.0
最大,0.0,3.0,0.0,1.0
88,0.0,3.0,0.0,1.0
荃,0.0,171.0,0.0,1.0
45.1,0.0,3.0,0.0,1.0
被,0.0,6.0,0.0,1.0
买入,0.0,15.0,0.0,1.0
统和,0.0,6.0,0.0,1.0
关注,0.0,18.0,0.0,1.0
私募,0.0,9.0,0.0,1.0
竞争者,0.0,6.0,0.0,1.0
记者,0.0,30.0,0.0,1.0
午间,0.0,12.0,0.0,1.0
标题,0.0,3.0,0.0,1.0
-,0.0,12.0,0.0,1.0
获大北农,0.0,3.0,0.0,1.0
竞价,0.0,12.0,0.0,1.0
二者,0.0,6.0,0.0,1.0
6,0.0,12.0,0.0,1.0
背后,0.0,9.0,0.0,1.0
金色,0.0,6.0,0.0,1.0
充值,0.0,3.0,0.0,1.0
合作,0.0,6.0,0.0,1.0
棋局,0.0,6.0,0.0,1.0
探索,0.0,3.0,0.0,1.0
到期,0.0,6.0,0.0,1.0
