第十六次,0.0,3.0,0.0,1.0
中央公园,0.0,3.0,0.0,1.0
32.74,0.0,3.0,0.0,1.0
06,0.0,3.0,0.0,1.0
透露,0.0,3.0,0.0,1.0
西湖区,0.0,3.0,0.0,1.0
轨道,0.0,3.0,0.0,1.0
辞职报告,0.0,3.0,0.0,1.0
汇,0.0,3.0,0.0,1.0
广大,0.0,3.0,0.0,1.0
一季度,0.0,6.0,0.0,1.0
双汇发展,0.0,3.0,0.0,1.0
西部,0.0,15.0,0.0,1.0
资本,0.0,9.0,0.0,1.0
至,0.0,3.0,0.0,1.0
13.18,0.0,9.0,0.0,1.0
不再,0.0,3.0,0.0,1.0
超越,0.0,6.0,0.0,1.0
股东,0.0,15.0,0.0,1.0
700,0.0,3.0,0.0,1.0
区别,0.0,6.0,0.0,1.0
完成,0.0,3.0,0.0,1.0
同一,0.0,3.0,0.0,1.0
书面,0.0,6.0,0.0,1.0
公积金,0.0,3.0,0.0,1.0
空间,0.0,6.0,0.0,1.0
脖界,0.0,18.0,0.0,1.0
0026952,0.0,3.0,0.0,1.0
回归,4.0,0.0,1.0,0.0
事项,0.0,24.0,0.0,1.0
同比,0.0,15.0,0.0,1.0
涨幅,6.0,30.0,0.16666666666666666,0.8333333333333334
元,0.0,12.0,0.0,1.0
1.45,0.0,3.0,0.0,1.0
华统,0.0,3.0,0.0,1.0
砸,0.0,6.0,0.0,1.0
为首,0.0,3.0,0.0,1.0
规则,0.0,3.0,0.0,1.0
最牛,0.0,6.0,0.0,1.0
过程,0.0,3.0,0.0,1.0
此次,0.0,3.0,0.0,1.0
月份,0.0,3.0,0.0,1.0
如下,0.0,3.0,0.0,1.0
一手,0.0,2.0,0.0,1.0
最久,0.0,3.0,0.0,1.0
加盟,0.0,6.0,0.0,1.0
日,0.0,42.0,0.0,1.0
:,0.0,33.0,0.0,1.0
提示,0.0,3.0,0.0,1.0
保鲜期,0.0,3.0,0.0,1.0
2013,0.0,3.0,0.0,1.0
一下,0.0,6.0,0.0,1.0
火箭炮,0.0,3.0,0.0,1.0
0,0.0,12.0,0.0,1.0
杜立民,0.0,9.0,0.0,1.0
看起来,0.0,3.0,0.0,1.0
筹,0.0,6.0,0.0,1.0
正式,0.0,3.0,0.0,1.0
建设项目,0.0,3.0,0.0,1.0
地,0.0,6.0,0.0,1.0
实际,0.0,9.0,0.0,1.0
建议,0.0,6.0,0.0,1.0
i0,0.0,3.0,0.0,1.0
龙头,0.0,15.0,0.0,1.0
小盘股,0.0,3.0,0.0,1.0
地方,0.0,3.0,0.0,1.0
一批,0.0,3.0,0.0,1.0
跟风,0.0,6.0,0.0,1.0
还,0.0,3.0,0.0,1.0
思路,0.0,3.0,0.0,1.0
中一热,0.0,3.0,0.0,1.0
王,0.0,3.0,0.0,1.0
东霖,0.0,3.0,0.0,1.0
对象,0.0,3.0,0.0,1.0
及其,0.0,3.0,0.0,1.0
新区,0.0,3.0,0.0,1.0
主要,0.0,9.0,0.0,1.0
能,0.0,3.0,0.0,1.0
定增,0.0,3.0,0.0,1.0
十分之一,0.0,3.0,0.0,1.0
称为,0.0,6.0,0.0,1.0
质量,0.0,3.0,0.0,1.0
申请,0.0,3.0,0.0,1.0
坚持,0.0,3.0,0.0,1.0
Qe8ZwFM8df5cib9rDibmtx6evUTAdCkMuDea88d5RnX3cWvS,0.0,3.0,0.0,1.0
后来者,0.0,9.0,0.0,1.0
中,0.0,30.0,0.0,1.0
上海,0.0,12.0,0.0,1.0
散装,0.0,9.0,0.0,1.0
istocknews,0.0,3.0,0.0,1.0
上榜,0.0,3.0,0.0,1.0
影响,0.0,6.0,0.0,1.0
陈述,0.0,3.0,0.0,1.0
10,0.0,9.0,0.0,1.0
收到,0.0,3.0,0.0,1.0
股份,0.0,44.0,0.0,1.0
内容,0.0,3.0,0.0,1.0
亿元,0.0,27.0,0.0,1.0
多,0.0,6.0,0.0,1.0
市盈率,0.0,6.0,0.0,1.0
自营,0.0,6.0,0.0,1.0
阶段性,0.0,3.0,0.0,1.0
指数,0.0,15.0,0.0,1.0
君度,0.0,6.0,0.0,1.0
得到,0.0,3.0,0.0,1.0
康达,0.0,3.0,0.0,1.0
福建,0.0,3.0,0.0,1.0
执业,0.0,3.0,0.0,1.0
持续,0.0,3.0,0.0,1.0
类似,0.0,6.0,0.0,1.0
项目,0.0,3.0,0.0,1.0
扩展,0.0,6.0,0.0,1.0
无法,6.0,0.0,1.0,0.0
厂房,0.0,3.0,0.0,1.0
叉,0.0,6.0,0.0,1.0
表面,0.0,6.0,0.0,1.0
12.18,0.0,3.0,0.0,1.0
嘚,0.0,3.0,0.0,1.0
道理,0.0,3.0,0.0,1.0
又,0.0,6.0,0.0,1.0
今年,0.0,9.0,0.0,1.0
逾,0.0,12.0,0.0,1.0
参加,0.0,3.0,0.0,1.0
分别,0.0,6.0,0.0,1.0
银川,0.0,3.0,0.0,1.0
未来,0.0,6.0,0.0,1.0
此后,0.0,3.0,0.0,1.0
<,0.0,27.0,0.0,1.0
金股,0.0,9.0,0.0,1.0
快速,0.0,3.0,0.0,1.0
时候,0.0,9.0,0.0,1.0
57c817a1fcf55115,0.0,3.0,0.0,1.0
港股,0.0,6.0,0.0,1.0
抛,0.0,12.0,0.0,1.0
王煌,0.0,6.0,0.0,1.0
期间,0.0,3.0,0.0,1.0
反弹,0.0,9.0,0.0,1.0
png,0.0,15.0,0.0,1.0
第三届,0.0,3.0,0.0,1.0
7,0.0,9.0,0.0,1.0
狠,0.0,3.0,0.0,1.0
还是,0.0,6.0,0.0,1.0
畜禽,0.0,9.0,0.0,1.0
国内,0.0,3.0,0.0,1.0
角度,0.0,6.0,0.0,1.0
还有,0.0,6.0,0.0,1.0
】,0.0,3.0,0.0,1.0
短线,0.0,3.0,0.0,1.0
南方,0.0,6.0,0.0,1.0
业绩,0.0,15.0,0.0,1.0
创建,0.0,2.0,0.0,1.0
很多,0.0,3.0,0.0,1.0
店面,0.0,6.0,0.0,1.0
多年,0.0,3.0,0.0,1.0
其实,0.0,3.0,0.0,1.0
管理局,0.0,3.0,0.0,1.0
预期,0.0,9.0,0.0,1.0
上煌,10.0,364.0,0.026737967914438502,0.9732620320855615
发展,0.0,12.0,0.0,1.0
416.67,0.0,3.0,0.0,1.0
上交所,0.0,9.0,0.0,1.0
50,0.0,9.0,0.0,1.0
万股,0.0,3.0,0.0,1.0
?,0.0,12.0,0.0,1.0
为,0.0,24.0,0.0,1.0
同期,0.0,3.0,0.0,1.0
+,0.0,21.0,0.0,1.0
com,0.0,6.0,0.0,1.0
值得,0.0,6.0,0.0,1.0
这种,0.0,3.0,0.0,1.0
中期,0.0,3.0,0.0,1.0
左,0.0,3.0,0.0,1.0
相关,0.0,3.0,0.0,1.0
龙大,0.0,3.0,0.0,1.0
多大,0.0,3.0,0.0,1.0
资金,0.0,15.0,0.0,1.0
无,0.0,3.0,0.0,1.0
利润,0.0,12.0,0.0,1.0
都,0.0,15.0,0.0,1.0
优秀,0.0,3.0,0.0,1.0
如何,0.0,6.0,0.0,1.0
近,0.0,9.0,0.0,1.0
售卖,0.0,3.0,0.0,1.0
线,0.0,3.0,0.0,1.0
三足鼎立,0.0,9.0,0.0,1.0
想象,6.0,0.0,1.0,0.0
60,0.0,3.0,0.0,1.0
限于,0.0,3.0,0.0,1.0
带头,0.0,3.0,0.0,1.0
1999,0.0,2.0,0.0,1.0
进行,0.0,9.0,0.0,1.0
二十年,0.0,6.0,0.0,1.0
编号,0.0,3.0,0.0,1.0
休闲,0.0,9.0,0.0,1.0
关键,0.0,3.0,0.0,1.0
监管,0.0,6.0,0.0,1.0
赶超,4.0,15.0,0.21052631578947367,0.7894736842105263
跨界,0.0,6.0,0.0,1.0
很,0.0,3.0,0.0,1.0
价格,0.0,3.0,0.0,1.0
浇灭,0.0,3.0,0.0,1.0
基本,0.0,3.0,0.0,1.0
虚假,0.0,3.0,0.0,1.0
开发,0.0,12.0,0.0,1.0
封仓,0.0,6.0,0.0,1.0
广东,0.0,12.0,0.0,1.0
公司,0.0,87.0,0.0,1.0
尚,0.0,3.0,0.0,1.0
9.22,0.0,3.0,0.0,1.0
自查,0.0,3.0,0.0,1.0
BAT,0.0,9.0,0.0,1.0
体现,0.0,6.0,0.0,1.0
特点,0.0,3.0,0.0,1.0
前身,0.0,2.0,0.0,1.0
广西,0.0,3.0,0.0,1.0
照样,0.0,3.0,0.0,1.0
对手,0.0,3.0,0.0,1.0
相当,0.0,6.0,0.0,1.0
新龙头,0.0,3.0,0.0,1.0
级,0.0,3.0,0.0,1.0
增长,0.0,21.0,0.0,1.0
立足,0.0,3.0,0.0,1.0
高速,0.0,6.0,0.0,1.0
认缴,0.0,6.0,0.0,1.0
基金,0.0,3.0,0.0,1.0
肉类,0.0,3.0,0.0,1.0
数据,0.0,9.0,0.0,1.0
万,0.0,12.0,0.0,1.0
到,0.0,12.0,0.0,1.0
第一家,0.0,3.0,0.0,1.0
1000,0.0,3.0,0.0,1.0
189492592,0.0,3.0,0.0,1.0
梅山,0.0,3.0,0.0,1.0
仅供参考,0.0,3.0,0.0,1.0
经常,0.0,3.0,0.0,1.0
民营企业,0.0,2.0,0.0,1.0
),0.0,39.0,0.0,1.0
转分化,0.0,6.0,0.0,1.0
双双,0.0,3.0,0.0,1.0
今天,0.0,3.0,0.0,1.0
要超,0.0,3.0,0.0,1.0
资本金,0.0,3.0,0.0,1.0
把,0.0,3.0,0.0,1.0
老妖,0.0,15.0,0.0,1.0
褚剑,0.0,9.0,0.0,1.0
之类,0.0,3.0,0.0,1.0
润华,0.0,3.0,0.0,1.0
意味着,0.0,3.0,0.0,1.0
部分,0.0,3.0,0.0,1.0
摘要,0.0,3.0,0.0,1.0
不大,0.0,3.0,0.0,1.0
不少,0.0,3.0,0.0,1.0
夫妇,0.0,3.0,0.0,1.0
财富网,0.0,6.0,0.0,1.0
只,0.0,9.0,0.0,1.0
确定,0.0,3.0,0.0,1.0
目前,0.0,15.0,0.0,1.0
低开,0.0,6.0,0.0,1.0
3000,0.0,9.0,0.0,1.0
资产重组,0.0,3.0,0.0,1.0
2015,0.0,6.0,0.0,1.0
2017,0.0,18.0,0.0,1.0
一只,0.0,12.0,0.0,1.0
大连,0.0,3.0,0.0,1.0
接下来,0.0,6.0,0.0,1.0
1995,0.0,3.0,0.0,1.0
工商银行,0.0,3.0,0.0,1.0
吸煌,0.0,9.0,0.0,1.0
会,0.0,3.0,0.0,1.0
一种,0.0,3.0,0.0,1.0
覆盖,0.0,3.0,0.0,1.0
先后,0.0,6.0,0.0,1.0
专卖店,0.0,3.0,0.0,1.0
增加,0.0,3.0,0.0,1.0
1.99,0.0,6.0,0.0,1.0
拿下,0.0,6.0,0.0,1.0
顾问,0.0,3.0,0.0,1.0
制品,0.0,15.0,0.0,1.0
医药,0.0,6.0,0.0,1.0
敬请期待,0.0,3.0,0.0,1.0
大大,0.0,3.0,0.0,1.0
烤禽,0.0,3.0,0.0,1.0
股权,0.0,9.0,0.0,1.0
36,0.0,6.0,0.0,1.0
始创,0.0,9.0,0.0,1.0
两者,0.0,3.0,0.0,1.0
网红,0.0,3.0,0.0,1.0
人民币,0.0,3.0,0.0,1.0
8.24,0.0,3.0,0.0,1.0
5,0.0,18.0,0.0,1.0
基本面,0.0,3.0,0.0,1.0
先导,0.0,3.0,0.0,1.0
我国,0.0,3.0,0.0,1.0
景气,0.0,3.0,0.0,1.0
包装,0.0,6.0,0.0,1.0
开始,0.0,9.0,0.0,1.0
营收,0.0,3.0,0.0,1.0
南昌市,0.0,6.0,0.0,1.0
施压,0.0,3.0,0.0,1.0
还要,0.0,3.0,0.0,1.0
由,0.0,8.0,0.0,1.0
来源,0.0,3.0,0.0,1.0
1,0.0,12.0,0.0,1.0
40.82,0.0,3.0,0.0,1.0
财务,0.0,3.0,0.0,1.0
熟食,0.0,3.0,0.0,1.0
炒作,0.0,6.0,0.0,1.0
无应,0.0,3.0,0.0,1.0
市场竞争,0.0,6.0,0.0,1.0
800,0.0,3.0,0.0,1.0
非常,0.0,9.0,0.0,1.0
明白,0.0,3.0,0.0,1.0
外,0.0,3.0,0.0,1.0
月,0.0,60.0,0.0,1.0
房,0.0,3.0,0.0,1.0
没关系,6.0,0.0,1.0,0.0
不了,0.0,3.0,0.0,1.0
此,0.0,12.0,0.0,1.0
龙头企业,0.0,3.0,0.0,1.0
位于,0.0,3.0,0.0,1.0
迹象,0.0,3.0,0.0,1.0
能够,0.0,3.0,0.0,1.0
加上,0.0,6.0,0.0,1.0
保证,0.0,3.0,0.0,1.0
一阳,0.0,6.0,0.0,1.0
股们,0.0,3.0,0.0,1.0
董事局,0.0,2.0,0.0,1.0
http,0.0,33.0,0.0,1.0
S1010612100016,0.0,3.0,0.0,1.0
要,0.0,3.0,0.0,1.0
报告,0.0,3.0,0.0,1.0
抽,0.0,3.0,0.0,1.0
以下,0.0,6.0,0.0,1.0
皇烤,0.0,5.0,0.0,1.0
增资,0.0,12.0,0.0,1.0
证券报,0.0,6.0,0.0,1.0
华北,0.0,6.0,0.0,1.0
本人,0.0,3.0,0.0,1.0
7.15,0.0,3.0,0.0,1.0
4,0.0,14.0,0.0,1.0
已不多,0.0,3.0,0.0,1.0
禽社,0.0,5.0,0.0,1.0
员,0.0,3.0,0.0,1.0
食品,0.0,70.0,0.0,1.0
部副,0.0,3.0,0.0,1.0
内审,0.0,3.0,0.0,1.0
15,0.0,9.0,0.0,1.0
控股,0.0,9.0,0.0,1.0
 ,0.0,132.0,0.0,1.0
久,0.0,6.0,0.0,1.0
遥遥领先,0.0,3.0,0.0,1.0
其中,0.0,12.0,0.0,1.0
夜宵,0.0,3.0,0.0,1.0
内部,0.0,9.0,0.0,1.0
128.85,0.0,3.0,0.0,1.0
该,0.0,15.0,0.0,1.0
各地,0.0,3.0,0.0,1.0
负责人,0.0,12.0,0.0,1.0
历史,0.0,3.0,0.0,1.0
正是,0.0,3.0,0.0,1.0
xtj16188,0.0,3.0,0.0,1.0
先生,0.0,15.0,0.0,1.0
一家,0.0,6.0,0.0,1.0
领域,0.0,6.0,0.0,1.0
明起,0.0,3.0,0.0,1.0
002695,0.0,54.0,0.0,1.0
2016,0.0,6.0,0.0,1.0
盘中,0.0,3.0,0.0,1.0
建设,0.0,18.0,0.0,1.0
暴涨,0.0,3.0,0.0,1.0
风格,0.0,3.0,0.0,1.0
终于,0.0,3.0,0.0,1.0
保留,0.0,3.0,0.0,1.0
报,0.0,12.0,0.0,1.0
介入,0.0,6.0,0.0,1.0
抢筹,4.0,0.0,1.0,0.0
十万,0.0,3.0,0.0,1.0
778,0.0,3.0,0.0,1.0
后,0.0,6.0,0.0,1.0
替代性,0.0,3.0,0.0,1.0
本,0.0,3.0,0.0,1.0
行业,0.0,21.0,0.0,1.0
亿狂,0.0,6.0,0.0,1.0
每日,0.0,3.0,0.0,1.0
之,0.0,3.0,0.0,1.0
城市,0.0,3.0,0.0,1.0
eastmoney,0.0,3.0,0.0,1.0
服务,0.0,3.0,0.0,1.0
大型,0.0,2.0,0.0,1.0
【,0.0,3.0,0.0,1.0
企业,0.0,33.0,0.0,1.0
占,0.0,3.0,0.0,1.0
这点,0.0,3.0,0.0,1.0
1996,0.0,2.0,0.0,1.0
继续,0.0,6.0,0.0,1.0
锁定,0.0,3.0,0.0,1.0
年产,0.0,3.0,0.0,1.0
279.09,0.0,3.0,0.0,1.0
有望,4.0,33.0,0.10810810810810811,0.8918918918918919
左右,0.0,6.0,0.0,1.0
辞职,0.0,3.0,0.0,1.0
巨资,0.0,3.0,0.0,1.0
老龙头,0.0,3.0,0.0,1.0
层,0.0,6.0,0.0,1.0
认为,0.0,3.0,0.0,1.0
太大,0.0,3.0,0.0,1.0
股价,0.0,18.0,0.0,1.0
并且,0.0,6.0,0.0,1.0
领先,0.0,6.0,0.0,1.0
管理,0.0,3.0,0.0,1.0
董事会,0.0,12.0,0.0,1.0
铺设,0.0,3.0,0.0,1.0
受,0.0,3.0,0.0,1.0
大量,0.0,6.0,0.0,1.0
竞争,0.0,12.0,0.0,1.0
连续,0.0,12.0,0.0,1.0
回复,0.0,3.0,0.0,1.0
注册资金,0.0,3.0,0.0,1.0
去,0.0,3.0,0.0,1.0
自身,0.0,3.0,0.0,1.0
侦测,0.0,3.0,0.0,1.0
说,0.0,3.0,0.0,1.0
外滩,0.0,6.0,0.0,1.0
hqpick,0.0,3.0,0.0,1.0
调整,0.0,3.0,0.0,1.0
强,0.0,3.0,0.0,1.0
跌至,0.0,6.0,0.0,1.0
徐桂芬,0.0,8.0,0.0,1.0
告诉,0.0,3.0,0.0,1.0
泸天化,6.0,6.0,0.5,0.5
保护,0.0,3.0,0.0,1.0
公告,0.0,21.0,0.0,1.0
买卖,0.0,3.0,0.0,1.0
买入,0.0,6.0,0.0,1.0
做,0.0,3.0,0.0,1.0
开市,0.0,3.0,0.0,1.0
资讯网,0.0,3.0,0.0,1.0
年报,0.0,12.0,0.0,1.0
0.07,0.0,3.0,0.0,1.0
成熟,0.0,3.0,0.0,1.0
依旧,0.0,3.0,0.0,1.0
隆重,0.0,3.0,0.0,1.0
黑马,0.0,3.0,0.0,1.0
擒先,0.0,3.0,0.0,1.0
且,0.0,3.0,0.0,1.0
交易日,0.0,6.0,0.0,1.0
敌周,0.0,3.0,0.0,1.0
对比,0.0,3.0,0.0,1.0
职务,0.0,3.0,0.0,1.0
7172,0.0,3.0,0.0,1.0
近日,0.0,12.0,0.0,1.0
问询,0.0,3.0,0.0,1.0
简称,0.0,9.0,0.0,1.0
来袭,0.0,3.0,0.0,1.0
k,0.0,3.0,0.0,1.0
根据,0.0,3.0,0.0,1.0
低,0.0,15.0,0.0,1.0
区域,0.0,3.0,0.0,1.0
下半年,0.0,3.0,0.0,1.0
升级,0.0,3.0,0.0,1.0
业务,0.0,6.0,0.0,1.0
单店,0.0,3.0,0.0,1.0
证券日报,0.0,3.0,0.0,1.0
预案,0.0,3.0,0.0,1.0
可以,0.0,3.0,0.0,1.0
应收,0.0,3.0,0.0,1.0
当然,0.0,3.0,0.0,1.0
一根,0.0,6.0,0.0,1.0
日中报,0.0,3.0,0.0,1.0
褚浚,0.0,3.0,0.0,1.0
登记,0.0,6.0,0.0,1.0
南昌县,0.0,3.0,0.0,1.0
脖,0.0,12.0,0.0,1.0
日复牌,0.0,3.0,0.0,1.0
现金,0.0,9.0,0.0,1.0
85.88,0.0,3.0,0.0,1.0
江西,0.0,58.0,0.0,1.0
均瑶,0.0,3.0,0.0,1.0
更新,0.0,3.0,0.0,1.0
全国,0.0,9.0,0.0,1.0
错过,6.0,6.0,0.5,0.5
名,0.0,6.0,0.0,1.0
多个,0.0,3.0,0.0,1.0
：,0.0,69.0,0.0,1.0
麻烦,0.0,3.0,0.0,1.0
打造,0.0,3.0,0.0,1.0
妖王,0.0,6.0,0.0,1.0
走强,0.0,3.0,0.0,1.0
真实,0.0,3.0,0.0,1.0
红利,0.0,6.0,0.0,1.0
长运,0.0,3.0,0.0,1.0
自然人,0.0,6.0,0.0,1.0
中报,0.0,21.0,0.0,1.0
FDxEqVlfoBMK6h5GpWhTONicJegoabUb924Iic8AwYT8HG,0.0,3.0,0.0,1.0
）,0.0,39.0,0.0,1.0
容错过,0.0,3.0,0.0,1.0
希望,0.0,3.0,0.0,1.0
总社,0.0,3.0,0.0,1.0
投资,0.0,18.0,0.0,1.0
；,0.0,15.0,0.0,1.0
e,0.0,9.0,0.0,1.0
投入,0.0,6.0,0.0,1.0
8,0.0,3.0,0.0,1.0
形成,0.0,3.0,0.0,1.0
比较,0.0,18.0,0.0,1.0
保税,0.0,3.0,0.0,1.0
智能,0.0,3.0,0.0,1.0
小,0.0,9.0,0.0,1.0
0.88,0.0,3.0,0.0,1.0
激烈,0.0,9.0,0.0,1.0
公布,0.0,12.0,0.0,1.0
沪,0.0,6.0,0.0,1.0
超募,0.0,6.0,0.0,1.0
上市,0.0,42.0,0.0,1.0
科长,0.0,3.0,0.0,1.0
阳线,0.0,6.0,0.0,1.0
3,0.0,23.0,0.0,1.0
企图,0.0,6.0,0.0,1.0
上半年,0.0,3.0,0.0,1.0
建立,0.0,3.0,0.0,1.0
围挡,0.0,6.0,0.0,1.0
正,0.0,6.0,0.0,1.0
烤,0.0,3.0,0.0,1.0
大部分,0.0,3.0,0.0,1.0
销售额,0.0,6.0,0.0,1.0
前期,0.0,6.0,0.0,1.0
0TExW337TnLYPcXzrskchEic4sicr0zibTHf2ZDlfFsG,0.0,3.0,0.0,1.0
翻身,0.0,3.0,0.0,1.0
远高于,0.0,3.0,0.0,1.0
交易价格,0.0,3.0,0.0,1.0
复制,0.0,12.0,0.0,1.0
加工,0.0,26.0,0.0,1.0
审议,0.0,3.0,0.0,1.0
发布,0.0,3.0,0.0,1.0
从而,0.0,6.0,0.0,1.0
IMAGE,0.0,27.0,0.0,1.0
有限,0.0,12.0,0.0,1.0
市场,0.0,18.0,0.0,1.0
平均,0.0,3.0,0.0,1.0
操作,0.0,3.0,0.0,1.0
导致,0.0,3.0,0.0,1.0
高达,0.0,3.0,0.0,1.0
安徽,0.0,3.0,0.0,1.0
矗立,0.0,3.0,0.0,1.0
并,0.0,6.0,0.0,1.0
用,0.0,3.0,0.0,1.0
景德镇市,0.0,3.0,0.0,1.0
但煌,0.0,3.0,0.0,1.0
财务经理,0.0,3.0,0.0,1.0
jpeg,0.0,3.0,0.0,1.0
环境,0.0,3.0,0.0,1.0
盛,0.0,6.0,0.0,1.0
投资者,0.0,15.0,0.0,1.0
炒,0.0,3.0,0.0,1.0
,0.0,3.0,0.0,1.0
登陆,0.0,3.0,0.0,1.0
在,0.0,96.0,0.0,1.0
《,0.0,21.0,0.0,1.0
河南,0.0,3.0,0.0,1.0
界,0.0,6.0,0.0,1.0
万元,0.0,18.0,0.0,1.0
股本,0.0,9.0,0.0,1.0
黑,0.0,3.0,0.0,1.0
没有,0.0,6.0,0.0,1.0
闹事,0.0,3.0,0.0,1.0
净利润,0.0,12.0,0.0,1.0
晚间,0.0,15.0,0.0,1.0
后市,10.0,0.0,1.0,0.0
信号,0.0,6.0,0.0,1.0
换,0.0,3.0,0.0,1.0
此前,0.0,6.0,0.0,1.0
布局,0.0,6.0,0.0,1.0
跌,0.0,12.0,0.0,1.0
王文长,0.0,3.0,0.0,1.0
洁净车间,0.0,3.0,0.0,1.0
现在,0.0,6.0,0.0,1.0
这个,0.0,6.0,0.0,1.0
史文超,0.0,3.0,0.0,1.0
德瑞,0.0,3.0,0.0,1.0
低吸,0.0,18.0,0.0,1.0
宁波,0.0,3.0,0.0,1.0
之一,0.0,3.0,0.0,1.0
做到,0.0,3.0,0.0,1.0
王特,0.0,3.0,0.0,1.0
来看,0.0,12.0,0.0,1.0
仁者见仁,0.0,3.0,0.0,1.0
契合,0.0,3.0,0.0,1.0
食材,0.0,3.0,0.0,1.0
基础,0.0,6.0,0.0,1.0
昨日,0.0,3.0,0.0,1.0
预增,0.0,6.0,0.0,1.0
首个,0.0,3.0,0.0,1.0
认购,0.0,6.0,0.0,1.0
势头,0.0,6.0,0.0,1.0
吸金,0.0,6.0,0.0,1.0
29.2,0.0,3.0,0.0,1.0
年,0.0,66.0,0.0,1.0
经理,0.0,9.0,0.0,1.0
早期,0.0,6.0,0.0,1.0
具体,0.0,3.0,0.0,1.0
英,0.0,12.0,0.0,1.0
吨,0.0,3.0,0.0,1.0
产品,0.0,21.0,0.0,1.0
/,0.0,138.0,0.0,1.0
增加收入,0.0,3.0,0.0,1.0
十分,0.0,3.0,0.0,1.0
hexun,0.0,3.0,0.0,1.0
绿滋肴,0.0,21.0,0.0,1.0
记载,0.0,3.0,0.0,1.0
瑟,0.0,3.0,0.0,1.0
前,0.0,3.0,0.0,1.0
ATVA9nlGqwsyWUxEhWyt6DYLLoGgadUXaa2ibiaTbRsAibcliaBw0Cp5wLMLCWmw,0.0,3.0,0.0,1.0
战火,0.0,3.0,0.0,1.0
大,0.0,21.0,0.0,1.0
或者,0.0,6.0,0.0,1.0
经济,0.0,3.0,0.0,1.0
这支,0.0,3.0,0.0,1.0
跳水,0.0,3.0,0.0,1.0
累计,0.0,3.0,0.0,1.0
再,0.0,3.0,0.0,1.0
持续性,0.0,3.0,0.0,1.0
品牌,0.0,9.0,0.0,1.0
显示,0.0,12.0,0.0,1.0
跟踪,0.0,3.0,0.0,1.0
44e18e7013920191,0.0,3.0,0.0,1.0
季,0.0,6.0,0.0,1.0
大厦,0.0,3.0,0.0,1.0
结构,0.0,6.0,0.0,1.0
神话,0.0,3.0,0.0,1.0
阶段,0.0,12.0,0.0,1.0
为例,0.0,3.0,0.0,1.0
沿革,0.0,3.0,0.0,1.0
这是,0.0,3.0,0.0,1.0
成长,0.0,3.0,0.0,1.0
首次,0.0,3.0,0.0,1.0
05,0.0,3.0,0.0,1.0
支撑位,0.0,3.0,0.0,1.0
几天,0.0,3.0,0.0,1.0
SRC,0.0,27.0,0.0,1.0
皇上,0.0,5.0,0.0,1.0
09,0.0,3.0,0.0,1.0
留给,0.0,3.0,0.0,1.0
已经,0.0,9.0,0.0,1.0
大幅,0.0,6.0,0.0,1.0
复星,0.0,6.0,0.0,1.0
倍,0.0,9.0,0.0,1.0
已,0.0,15.0,0.0,1.0
转,0.0,21.0,0.0,1.0
着,0.0,3.0,0.0,1.0
依靠,0.0,3.0,0.0,1.0
遗漏,0.0,3.0,0.0,1.0
不行,0.0,3.0,0.0,1.0
用于,0.0,6.0,0.0,1.0
强势,4.0,6.0,0.4,0.6
斜对面,0.0,3.0,0.0,1.0
冠军,0.0,3.0,0.0,1.0
北京,0.0,3.0,0.0,1.0
估值,0.0,6.0,0.0,1.0
氮气,0.0,3.0,0.0,1.0
起来,0.0,3.0,0.0,1.0
共同,0.0,6.0,0.0,1.0
好,0.0,12.0,0.0,1.0
通过,0.0,3.0,0.0,1.0
主力军,0.0,3.0,0.0,1.0
辞去,0.0,3.0,0.0,1.0
股票代码,0.0,3.0,0.0,1.0
底部,0.0,3.0,0.0,1.0
车间,0.0,3.0,0.0,1.0
畜禽肉,0.0,2.0,0.0,1.0
子公司,0.0,6.0,0.0,1.0
终止,0.0,3.0,0.0,1.0
两,0.0,3.0,0.0,1.0
高,0.0,18.0,0.0,1.0
门槛,0.0,3.0,0.0,1.0
具体内容,0.0,3.0,0.0,1.0
超跌,0.0,15.0,0.0,1.0
绝味,0.0,57.0,0.0,1.0
逐步,0.0,3.0,0.0,1.0
H7N9,0.0,3.0,0.0,1.0
说明,0.0,12.0,0.0,1.0
公众,0.0,6.0,0.0,1.0
比例,0.0,3.0,0.0,1.0
》,0.0,21.0,0.0,1.0
妖,0.0,21.0,0.0,1.0
启动,0.0,3.0,0.0,1.0
6,0.0,39.0,0.0,1.0
合适,0.0,3.0,0.0,1.0
面对,0.0,3.0,0.0,1.0
周黑,0.0,63.0,0.0,1.0
大涨,0.0,9.0,0.0,1.0
卤,0.0,33.0,0.0,1.0
介绍,0.0,6.0,0.0,1.0
绝味会否,0.0,3.0,0.0,1.0
他人,0.0,3.0,0.0,1.0
加剧,0.0,9.0,0.0,1.0
mmbiz,0.0,30.0,0.0,1.0
不谈,0.0,3.0,0.0,1.0
3.4,0.0,3.0,0.0,1.0
其,0.0,20.0,0.0,1.0
9,0.0,6.0,0.0,1.0
特停,0.0,3.0,0.0,1.0
鸭王,0.0,3.0,0.0,1.0
率先,0.0,3.0,0.0,1.0
网络,0.0,3.0,0.0,1.0
fmt,0.0,6.0,0.0,1.0
冲入,0.0,3.0,0.0,1.0
真空,0.0,3.0,0.0,1.0
具有,0.0,6.0,0.0,1.0
8000,0.0,3.0,0.0,1.0
好好,0.0,3.0,0.0,1.0
记者,0.0,9.0,0.0,1.0
cn,0.0,24.0,0.0,1.0
虽,0.0,9.0,0.0,1.0
合法利益,0.0,3.0,0.0,1.0
取代,0.0,3.0,0.0,1.0
带动,0.0,3.0,0.0,1.0
该股,6.0,6.0,0.5,0.5
先,0.0,3.0,0.0,1.0
便,0.0,6.0,0.0,1.0
Qe8ZwFM8df5cib9rDibmtx6evUTAdCkMuDjiaam46Yl5S425pugD2rPH6XAGCoUYC3W6IIUWhuLhn7sxJmL6tjXibw,0.0,3.0,0.0,1.0
港区,0.0,3.0,0.0,1.0
八千,0.0,3.0,0.0,1.0
问题,0.0,3.0,0.0,1.0
知道,0.0,9.0,0.0,1.0
热点,0.0,3.0,0.0,1.0
里,0.0,3.0,0.0,1.0
计算,0.0,3.0,0.0,1.0
关于,0.0,15.0,0.0,1.0
全资,0.0,6.0,0.0,1.0
欢迎,0.0,3.0,0.0,1.0
之势,0.0,6.0,0.0,1.0
模式,0.0,12.0,0.0,1.0
实现,0.0,12.0,0.0,1.0
新闻,0.0,3.0,0.0,1.0
充足,0.0,3.0,0.0,1.0
不会,0.0,6.0,0.0,1.0
深圳证券交易所,0.0,9.0,0.0,1.0
将会,0.0,6.0,0.0,1.0
刊登,0.0,3.0,0.0,1.0
部长,0.0,3.0,0.0,1.0
内生性,0.0,3.0,0.0,1.0
管理中心,0.0,3.0,0.0,1.0
遭,4.0,9.0,0.3076923076923077,0.6923076923076923
老,0.0,3.0,0.0,1.0
对于,0.0,3.0,0.0,1.0
争夺,0.0,3.0,0.0,1.0
早,0.0,6.0,0.0,1.0
多涨,0.0,3.0,0.0,1.0
大有,0.0,6.0,0.0,1.0
控制,0.0,9.0,0.0,1.0
法人代表,0.0,3.0,0.0,1.0
园,0.0,3.0,0.0,1.0
即便,0.0,3.0,0.0,1.0
三四,0.0,3.0,0.0,1.0
不容,0.0,6.0,0.0,1.0
探讨,0.0,3.0,0.0,1.0
现任,0.0,5.0,0.0,1.0
厌氧,0.0,3.0,0.0,1.0
包括,0.0,3.0,0.0,1.0
将,6.0,12.0,0.3333333333333333,0.6666666666666666
这家,0.0,3.0,0.0,1.0
随着,0.0,9.0,0.0,1.0
A股,0.0,9.0,0.0,1.0
不同,0.0,3.0,0.0,1.0
季报,0.0,6.0,0.0,1.0
异常,0.0,24.0,0.0,1.0
损失,0.0,3.0,0.0,1.0
wx,0.0,6.0,0.0,1.0
擒王,0.0,3.0,0.0,1.0
交易,0.0,3.0,0.0,1.0
拉升,0.0,3.0,0.0,1.0
更,0.0,3.0,0.0,1.0
先围,0.0,6.0,0.0,1.0
酱,0.0,18.0,0.0,1.0
七,0.0,3.0,0.0,1.0
股,0.0,18.0,0.0,1.0
除权日,0.0,3.0,0.0,1.0
于,0.0,17.0,0.0,1.0
gif,0.0,9.0,0.0,1.0
qpic,0.0,15.0,0.0,1.0
保鲜,0.0,3.0,0.0,1.0
成,0.0,6.0,0.0,1.0
880,0.0,3.0,0.0,1.0
中小板,0.0,3.0,0.0,1.0
17.850,0.0,3.0,0.0,1.0
快,0.0,3.0,0.0,1.0
H股,0.0,3.0,0.0,1.0
微,0.0,6.0,0.0,1.0
近年来,0.0,6.0,0.0,1.0
口感,0.0,3.0,0.0,1.0
大牛股,0.0,3.0,0.0,1.0
审计,0.0,15.0,0.0,1.0
优势,0.0,3.0,0.0,1.0
担任,0.0,3.0,0.0,1.0
上,0.0,27.0,0.0,1.0
成立,0.0,7.0,0.0,1.0
或本,0.0,3.0,0.0,1.0
是否,0.0,12.0,0.0,1.0
分行,0.0,3.0,0.0,1.0
比如,0.0,6.0,0.0,1.0
27dee6c483faf2ee,0.0,3.0,0.0,1.0
应,0.0,18.0,0.0,1.0
购买,0.0,9.0,0.0,1.0
秘密,0.0,6.0,0.0,1.0
披露,0.0,57.0,0.0,1.0
辽宁,0.0,3.0,0.0,1.0
定位,0.0,6.0,0.0,1.0
当前,0.0,3.0,0.0,1.0
发行,0.0,3.0,0.0,1.0
宝位,0.0,3.0,0.0,1.0
存在,0.0,15.0,0.0,1.0
六绝,0.0,3.0,0.0,1.0
经验,0.0,3.0,0.0,1.0
成长性,0.0,6.0,0.0,1.0
门店,0.0,18.0,0.0,1.0
实业,0.0,8.0,0.0,1.0
抢,0.0,6.0,0.0,1.0
亿,0.0,12.0,0.0,1.0
之前,0.0,6.0,0.0,1.0
连锁,0.0,6.0,0.0,1.0
一旦,0.0,6.0,0.0,1.0
完整,0.0,3.0,0.0,1.0
名家,0.0,3.0,0.0,1.0
不知,0.0,3.0,0.0,1.0
均,0.0,6.0,0.0,1.0
南财,0.0,3.0,0.0,1.0
二线,0.0,3.0,0.0,1.0
等,0.0,33.0,0.0,1.0
7v06iaSsHYU9T6HLWcTEH33ibckCiceibDZGd8qqiaCtSia8VJcpxa5k2lw,0.0,3.0,0.0,1.0
成功,0.0,6.0,0.0,1.0
A,0.0,21.0,0.0,1.0
且煌,0.0,3.0,0.0,1.0
上述,0.0,6.0,0.0,1.0
有些,0.0,3.0,0.0,1.0
总收入,0.0,3.0,0.0,1.0
小龙虾,0.0,15.0,0.0,1.0
明,0.0,6.0,0.0,1.0
专注,0.0,6.0,0.0,1.0
盲目,0.0,3.0,0.0,1.0
蓝筹,0.0,3.0,0.0,1.0
巨潮,0.0,3.0,0.0,1.0
维克,0.0,12.0,0.0,1.0
7.4,0.0,3.0,0.0,1.0
卤味,0.0,3.0,0.0,1.0
下,0.0,12.0,0.0,1.0
上市公司,0.0,3.0,0.0,1.0
雄安,0.0,9.0,0.0,1.0
远超煌,0.0,6.0,0.0,1.0
2012,0.0,12.0,0.0,1.0
收入,0.0,9.0,0.0,1.0
同行,0.0,3.0,0.0,1.0
情况,0.0,3.0,0.0,1.0
理性,0.0,3.0,0.0,1.0
—,0.0,24.0,0.0,1.0
、,6.0,189.0,0.03076923076923077,0.9692307692307692
中国,0.0,12.0,0.0,1.0
其间,0.0,6.0,0.0,1.0
近期,0.0,12.0,0.0,1.0
找个,0.0,3.0,0.0,1.0
能力,0.0,3.0,0.0,1.0
但,0.0,27.0,0.0,1.0
同花顺,0.0,3.0,0.0,1.0
仅,0.0,3.0,0.0,1.0
任何,0.0,3.0,0.0,1.0
挂牌,0.0,12.0,0.0,1.0
营业,0.0,9.0,0.0,1.0
股票,0.0,30.0,0.0,1.0
条件,0.0,3.0,0.0,1.0
列为,0.0,3.0,0.0,1.0
纷纷,0.0,12.0,0.0,1.0
店,0.0,3.0,0.0,1.0
a,0.0,3.0,0.0,1.0
脱颖而出,0.0,3.0,0.0,1.0
主力,0.0,18.0,0.0,1.0
只有,0.0,6.0,0.0,1.0
讯,0.0,6.0,0.0,1.0
不断,0.0,3.0,0.0,1.0
新建,0.0,3.0,0.0,1.0
搬迁,0.0,3.0,0.0,1.0
公司股票,0.0,12.0,0.0,1.0
周佩龙,0.0,3.0,0.0,1.0
最近,0.0,3.0,0.0,1.0
证券时报,0.0,6.0,0.0,1.0
注意,0.0,3.0,0.0,1.0
才,0.0,3.0,0.0,1.0
一波,0.0,6.0,0.0,1.0
而煌,0.0,15.0,0.0,1.0
向,0.0,6.0,0.0,1.0
核查,0.0,12.0,0.0,1.0
实际上,0.0,6.0,0.0,1.0
建仓,0.0,3.0,0.0,1.0
实行,0.0,3.0,0.0,1.0
肉食,0.0,3.0,0.0,1.0
行情,0.0,36.0,0.0,1.0
新鲜出炉,0.0,6.0,0.0,1.0
工作,0.0,3.0,0.0,1.0
凭借,0.0,3.0,0.0,1.0
个人,0.0,3.0,0.0,1.0
煌,10.0,319.0,0.030395136778115502,0.9696048632218845
会议,0.0,3.0,0.0,1.0
规定,0.0,3.0,0.0,1.0
2,0.0,11.0,0.0,1.0
资产,0.0,3.0,0.0,1.0
3256,0.0,6.0,0.0,1.0
百亿,4.0,0.0,1.0,0.0
机会,0.0,6.0,0.0,1.0
强调,0.0,3.0,0.0,1.0
广泛,0.0,3.0,0.0,1.0
不到,0.0,3.0,0.0,1.0
拓宽,0.0,3.0,0.0,1.0
img,0.0,9.0,0.0,1.0
送,0.0,6.0,0.0,1.0
南昌,0.0,8.0,0.0,1.0
首先,0.0,3.0,0.0,1.0
波动,0.0,18.0,0.0,1.0
仓,0.0,3.0,0.0,1.0
第一股,0.0,6.0,0.0,1.0
计划,0.0,3.0,0.0,1.0
新,0.0,6.0,0.0,1.0
之路,0.0,3.0,0.0,1.0
上涨,0.0,9.0,0.0,1.0
是,0.0,70.0,0.0,1.0
变革,0.0,3.0,0.0,1.0
房地产,0.0,6.0,0.0,1.0
议案,0.0,3.0,0.0,1.0
就职,0.0,3.0,0.0,1.0
603517,0.0,3.0,0.0,1.0
曾于,0.0,3.0,0.0,1.0
突出,0.0,3.0,0.0,1.0
以煌,0.0,3.0,0.0,1.0
疯狂,4.0,0.0,1.0,0.0
使用,0.0,6.0,0.0,1.0
缔造,0.0,3.0,0.0,1.0
高送,0.0,21.0,0.0,1.0
脖会,0.0,3.0,0.0,1.0
江西省,0.0,6.0,0.0,1.0
龙头股,4.0,6.0,0.4,0.6
涨,0.0,3.0,0.0,1.0
其余,0.0,3.0,0.0,1.0
从,0.0,24.0,0.0,1.0
13000,0.0,3.0,0.0,1.0
处于,0.0,12.0,0.0,1.0
20.11,0.0,3.0,0.0,1.0
融合,0.0,6.0,0.0,1.0
商业模式,0.0,9.0,0.0,1.0
641,0.0,3.0,0.0,1.0
创业板,0.0,6.0,0.0,1.0
口味,0.0,3.0,0.0,1.0
会计,0.0,3.0,0.0,1.0
形式,0.0,9.0,0.0,1.0
方面,0.0,9.0,0.0,1.0
同意,0.0,3.0,0.0,1.0
6.30,0.0,3.0,0.0,1.0
较大,0.0,9.0,0.0,1.0
击败,0.0,3.0,0.0,1.0
经营,0.0,6.0,0.0,1.0
智通,0.0,3.0,0.0,1.0
55,0.0,3.0,0.0,1.0
七月,0.0,6.0,0.0,1.0
经,0.0,9.0,0.0,1.0
迈入,0.0,3.0,0.0,1.0
脖则,0.0,3.0,0.0,1.0
因,0.0,3.0,0.0,1.0
肉制品,0.0,21.0,0.0,1.0
合伙,0.0,12.0,0.0,1.0
被,0.0,18.0,0.0,1.0
杀伤力,0.0,3.0,0.0,1.0
进入,0.0,6.0,0.0,1.0
诞生,0.0,3.0,0.0,1.0
题材,0.0,6.0,0.0,1.0
涨停,0.0,15.0,0.0,1.0
股票交易,0.0,3.0,0.0,1.0
年度,0.0,6.0,0.0,1.0
一,0.0,12.0,0.0,1.0
起,0.0,9.0,0.0,1.0
20,0.0,15.0,0.0,1.0
上证,0.0,9.0,0.0,1.0
监督,0.0,3.0,0.0,1.0
市场份额,0.0,3.0,0.0,1.0
一周,0.0,3.0,0.0,1.0
开,0.0,3.0,0.0,1.0
有限公司,0.0,73.0,0.0,1.0
地块,0.0,3.0,0.0,1.0
猛,0.0,6.0,0.0,1.0
　,0.0,186.0,0.0,1.0
半年,0.0,6.0,0.0,1.0
关注,0.0,12.0,0.0,1.0
拍,0.0,9.0,0.0,1.0
智者见智,0.0,3.0,0.0,1.0
年度报告,0.0,3.0,0.0,1.0
唯一,0.0,3.0,0.0,1.0
thsi,0.0,9.0,0.0,1.0
>,0.0,30.0,0.0,1.0
减持,0.0,3.0,0.0,1.0
构成,0.0,3.0,0.0,1.0
原因,0.0,3.0,0.0,1.0
九天,0.0,3.0,0.0,1.0
走,0.0,12.0,0.0,1.0
个,0.0,6.0,0.0,1.0
达,0.0,9.0,0.0,1.0
买,0.0,6.0,0.0,1.0
600561,0.0,3.0,0.0,1.0
采取,0.0,3.0,0.0,1.0
引发,0.0,3.0,0.0,1.0
市值,0.0,3.0,0.0,1.0
成为,0.0,18.0,0.0,1.0
游资,0.0,15.0,0.0,1.0
瞄准,0.0,3.0,0.0,1.0
集团,0.0,61.0,0.0,1.0
3527,0.0,3.0,0.0,1.0
总部,0.0,6.0,0.0,1.0
可,0.0,6.0,0.0,1.0
以,0.0,23.0,0.0,1.0
合理,0.0,3.0,0.0,1.0
出仓,0.0,3.0,0.0,1.0
女士,0.0,5.0,0.0,1.0
增,0.0,6.0,0.0,1.0
没什么,0.0,3.0,0.0,1.0
远,0.0,6.0,0.0,1.0
弱,0.0,6.0,0.0,1.0
同时,0.0,15.0,0.0,1.0
详见,0.0,3.0,0.0,1.0
盈利,0.0,6.0,0.0,1.0
w,0.0,3.0,0.0,1.0
后者,0.0,3.0,0.0,1.0
主席,0.0,2.0,0.0,1.0
一冷,0.0,3.0,0.0,1.0
财经,0.0,3.0,0.0,1.0
注册,0.0,3.0,0.0,1.0
筹划,0.0,6.0,0.0,1.0
上午,0.0,3.0,0.0,1.0
递交,0.0,3.0,0.0,1.0
多家,4.0,3.0,0.5714285714285714,0.42857142857142855
一个,0.0,9.0,0.0,1.0
重出江湖,0.0,3.0,0.0,1.0
_,0.0,21.0,0.0,1.0
差异化,0.0,3.0,0.0,1.0
从小,0.0,3.0,0.0,1.0
6.8,0.0,3.0,0.0,1.0
销售,0.0,3.0,0.0,1.0
1.03,0.0,3.0,0.0,1.0
营销,0.0,3.0,0.0,1.0
结合,0.0,3.0,0.0,1.0
把握,0.0,3.0,0.0,1.0
消息,0.0,3.0,0.0,1.0
擒贼,0.0,3.0,0.0,1.0
点,0.0,3.0,0.0,1.0
五穷,0.0,3.0,0.0,1.0
数量,0.0,9.0,0.0,1.0
个股,0.0,18.0,0.0,1.0
三线,0.0,6.0,0.0,1.0
19,0.0,9.0,0.0,1.0
稽核,0.0,6.0,0.0,1.0
停牌,0.0,15.0,0.0,1.0
中成,0.0,3.0,0.0,1.0
2.399,0.0,3.0,0.0,1.0
Qe8ZwFM8df5cib9rDibmtx6evUTAdCkMuDOQDCHs4Nic79QYHXGia2pmwO3SbmWTl2RCWt0j5wTJxQ4LfCfCc53uSQ,0.0,3.0,0.0,1.0
全体成员,0.0,3.0,0.0,1.0
机构,4.0,9.0,0.3076923076923077,0.6923076923076923
温馨,0.0,3.0,0.0,1.0
=,0.0,33.0,0.0,1.0
0.39,0.0,3.0,0.0,1.0
证券网,0.0,3.0,0.0,1.0
王永红,0.0,3.0,0.0,1.0
特力,0.0,21.0,0.0,1.0
为主,0.0,8.0,0.0,1.0
重大,0.0,21.0,0.0,1.0
富豪,0.0,3.0,0.0,1.0
而且,0.0,3.0,0.0,1.0
平台,0.0,6.0,0.0,1.0
走出,0.0,3.0,0.0,1.0
软件,0.0,3.0,0.0,1.0
时间,0.0,15.0,0.0,1.0
%,0.0,51.0,0.0,1.0
200,0.0,3.0,0.0,1.0
20.67,0.0,3.0,0.0,1.0
国际,0.0,6.0,0.0,1.0
后期,0.0,3.0,0.0,1.0
撇开,0.0,3.0,0.0,1.0
机械制造,0.0,3.0,0.0,1.0
透支,0.0,3.0,0.0,1.0
显然,0.0,3.0,0.0,1.0
面,0.0,3.0,0.0,1.0
锂电池,4.0,12.0,0.25,0.75
(,0.0,39.0,0.0,1.0
底蕴,0.0,6.0,0.0,1.0
类,0.0,3.0,0.0,1.0
（,0.0,42.0,0.0,1.0
三个,0.0,6.0,0.0,1.0
易主,0.0,3.0,0.0,1.0
对,0.0,9.0,0.0,1.0
误导性,0.0,3.0,0.0,1.0
9.23,0.0,3.0,0.0,1.0
标准化,0.0,3.0,0.0,1.0
未,0.0,27.0,0.0,1.0
小觑,0.0,6.0,0.0,1.0
应予以,0.0,3.0,0.0,1.0
简单,0.0,6.0,0.0,1.0
临近,0.0,3.0,0.0,1.0
打,0.0,3.0,0.0,1.0
以及,0.0,6.0,0.0,1.0
SZ,0.0,3.0,0.0,1.0
真空包装,0.0,6.0,0.0,1.0
可能性,0.0,3.0,0.0,1.0
切勿,0.0,3.0,0.0,1.0
股煌,0.0,6.0,0.0,1.0
今日,0.0,9.0,0.0,1.0
14,0.0,15.0,0.0,1.0
甩,0.0,6.0,0.0,1.0
这两项,0.0,3.0,0.0,1.0
本次,0.0,6.0,0.0,1.0
不难看出,0.0,3.0,0.0,1.0
一分钟,0.0,3.0,0.0,1.0
SH,0.0,3.0,0.0,1.0
利空消息,0.0,3.0,0.0,1.0
.,0.0,78.0,0.0,1.0
至此,0.0,3.0,0.0,1.0
人,0.0,9.0,0.0,1.0
3.36,0.0,3.0,0.0,1.0
褚建庚,0.0,6.0,0.0,1.0
军民,0.0,6.0,0.0,1.0
股民,0.0,3.0,0.0,1.0
穿,0.0,6.0,0.0,1.0
去年,0.0,12.0,0.0,1.0
生产,0.0,3.0,0.0,1.0
仅限于,0.0,3.0,0.0,1.0
召开,0.0,3.0,0.0,1.0
竞争者,0.0,3.0,0.0,1.0
指,0.0,9.0,0.0,1.0
第一,4.0,18.0,0.18181818181818182,0.8181818181818182
验证,0.0,3.0,0.0,1.0
22.73,0.0,3.0,0.0,1.0
准确,0.0,3.0,0.0,1.0
而是,0.0,3.0,0.0,1.0
如今,0.0,3.0,0.0,1.0
深交所,0.0,12.0,0.0,1.0
-,0.0,9.0,0.0,1.0
少数,0.0,3.0,0.0,1.0
复牌,0.0,18.0,0.0,1.0
44.87,0.0,3.0,0.0,1.0
动作,0.0,3.0,0.0,1.0
1993,0.0,11.0,0.0,1.0
度,0.0,3.0,0.0,1.0
除了,0.0,9.0,0.0,1.0
看,0.0,6.0,0.0,1.0
鸭,0.0,105.0,0.0,1.0
谭德胤,0.0,3.0,0.0,1.0
合作,0.0,6.0,0.0,1.0
比较而言,0.0,3.0,0.0,1.0
万锁,0.0,3.0,0.0,1.0
缺点,0.0,3.0,0.0,1.0
加盟店,0.0,6.0,0.0,1.0
最低价,0.0,3.0,0.0,1.0
选股,0.0,3.0,0.0,1.0
块,0.0,3.0,0.0,1.0
