uSmartInsight,0.0,6.0,0.0,1.0
四场,0.0,9.0,0.0,1.0
一片,0.0,6.0,0.0,1.0
安全性,0.0,6.0,0.0,1.0
技术部,0.0,3.0,0.0,1.0
分支机构,0.0,6.0,0.0,1.0
工程,0.0,6.0,0.0,1.0
上能,0.0,3.0,0.0,1.0
2.62,0.0,3.0,0.0,1.0
跨国,0.0,6.0,0.0,1.0
经销商,0.0,9.0,0.0,1.0
接入,0.0,27.0,0.0,1.0
90,0.0,9.0,0.0,1.0
完成,0.0,105.0,0.0,1.0
许维,0.0,3.0,0.0,1.0
重返,0.0,6.0,0.0,1.0
Optical,0.0,3.0,0.0,1.0
同比,0.0,63.0,0.0,1.0
OTT,0.0,3.0,0.0,1.0
亿拍,0.0,3.0,0.0,1.0
亲自,0.0,3.0,0.0,1.0
到位,0.0,3.0,0.0,1.0
法,0.0,3.0,0.0,1.0
独家,0.0,21.0,0.0,1.0
HUB,0.0,6.0,0.0,1.0
推动力,0.0,3.0,0.0,1.0
彰显,0.0,3.0,0.0,1.0
32,0.0,3.0,0.0,1.0
9.52,0.0,9.0,0.0,1.0
历程,0.0,9.0,0.0,1.0
原型机,0.0,3.0,0.0,1.0
62.76,0.0,3.0,0.0,1.0
Group,0.0,3.0,0.0,1.0
0,0.0,9.0,0.0,1.0
002024,0.0,3.0,0.0,1.0
高新,0.0,9.0,0.0,1.0
双赢,0.0,3.0,0.0,1.0
网将,0.0,3.0,0.0,1.0
12,0.0,36.0,0.0,1.0
―,0.0,6.0,0.0,1.0
至,0.0,42.0,0.0,1.0
为此,0.0,9.0,0.0,1.0
示范作用,0.0,6.0,0.0,1.0
承压,0.0,3.0,0.0,1.0
标准,0.0,93.0,0.0,1.0
浪潮,0.0,3.0,0.0,1.0
员工,0.0,33.0,0.0,1.0
跟进,0.0,3.0,0.0,1.0
3.99,0.0,3.0,0.0,1.0
1.5,0.0,3.0,0.0,1.0
一幅,0.0,3.0,0.0,1.0
最后,0.0,3.0,0.0,1.0
倒换,0.0,6.0,0.0,1.0
坚持,0.0,36.0,0.0,1.0
GSMA,0.0,21.0,0.0,1.0
并行,0.0,3.0,0.0,1.0
发表,0.0,12.0,0.0,1.0
布,0.0,3.0,0.0,1.0
chart,0.0,3.0,0.0,1.0
4.98,0.0,12.0,0.0,1.0
5224,0.0,3.0,0.0,1.0
集体,0.0,6.0,0.0,1.0
用途,0.0,3.0,0.0,1.0
演进,0.0,27.0,0.0,1.0
chinatimes,0.0,6.0,0.0,1.0
股份,0.0,57.0,0.0,1.0
由此,0.0,3.0,0.0,1.0
灵活,0.0,3.0,0.0,1.0
实质,0.0,3.0,0.0,1.0
市盈率,0.0,3.0,0.0,1.0
支付,0.0,3.0,0.0,1.0
来自,0.0,3.0,0.0,1.0
特别,0.0,3.0,0.0,1.0
越来越,0.0,3.0,0.0,1.0
单季,0.0,3.0,0.0,1.0
建成,0.0,6.0,0.0,1.0
走高,0.0,3.0,0.0,1.0
培育,0.0,6.0,0.0,1.0
财产,0.0,3.0,0.0,1.0
多方,0.0,3.0,0.0,1.0
Gbps,0.0,3.0,0.0,1.0
费用,0.0,6.0,0.0,1.0
公有,0.0,6.0,0.0,1.0
步伐,0.0,9.0,0.0,1.0
和康,0.0,6.0,0.0,1.0
17.74,0.0,3.0,0.0,1.0
近百人,0.0,3.0,0.0,1.0
GTB,0.0,3.0,0.0,1.0
坚定不移,0.0,9.0,0.0,1.0
手机,0.0,39.0,0.0,1.0
白皮书,0.0,9.0,0.0,1.0
股价,0.0,33.0,0.0,1.0
1.24,0.0,6.0,0.0,1.0
或作,0.0,3.0,0.0,1.0
管群,0.0,9.0,0.0,1.0
该行,0.0,3.0,0.0,1.0
参考,0.0,3.0,0.0,1.0
总部,0.0,21.0,0.0,1.0
宽带,0.0,12.0,0.0,1.0
转折,0.0,3.0,0.0,1.0
平行,0.0,3.0,0.0,1.0
等效,0.0,3.0,0.0,1.0
png,0.0,18.0,0.0,1.0
Ethernet,0.0,3.0,0.0,1.0
Compact,0.0,6.0,0.0,1.0
会上,0.0,3.0,0.0,1.0
端到,0.0,30.0,0.0,1.0
殷一民为,0.0,3.0,0.0,1.0
还有,0.0,12.0,0.0,1.0
较长时间,0.0,6.0,0.0,1.0
】,0.0,21.0,0.0,1.0
徐忠建,0.0,3.0,0.0,1.0
革命,0.0,6.0,0.0,1.0
很多,0.0,18.0,0.0,1.0
数据处理,0.0,3.0,0.0,1.0
络,0.0,6.0,0.0,1.0
前沿,0.0,3.0,0.0,1.0
不到,0.0,6.0,0.0,1.0
发力,0.0,12.0,0.0,1.0
如有,0.0,6.0,0.0,1.0
却花,0.0,3.0,0.0,1.0
情,2.0,0.0,1.0,0.0
声部,2.0,0.0,1.0,0.0
首届,0.0,6.0,0.0,1.0
+,0.0,45.0,0.0,1.0
四管,0.0,3.0,0.0,1.0
新高,0.0,33.0,0.0,1.0
联通,0.0,3.0,0.0,1.0
带来,0.0,27.0,0.0,1.0
如期举行,0.0,3.0,0.0,1.0
亿港元,0.0,12.0,0.0,1.0
涨幅,0.0,15.0,0.0,1.0
资金,0.0,18.0,0.0,1.0
消息,0.0,51.0,0.0,1.0
归集,0.0,6.0,0.0,1.0
2017MWC,0.0,12.0,0.0,1.0
都,0.0,18.0,0.0,1.0
跌近,0.0,3.0,0.0,1.0
展,0.0,36.0,0.0,1.0
万科,0.0,3.0,0.0,1.0
fast,0.0,21.0,0.0,1.0
技术实力,0.0,6.0,0.0,1.0
巴基斯坦,0.0,6.0,0.0,1.0
实施,0.0,3.0,0.0,1.0
官网,0.0,7.0,0.0,1.0
实时,0.0,12.0,0.0,1.0
编号,0.0,9.0,0.0,1.0
中能,0.0,3.0,0.0,1.0
何雪,0.0,3.0,0.0,1.0
3311,0.0,3.0,0.0,1.0
政府,0.0,27.0,0.0,1.0
机遇,0.0,12.0,0.0,1.0
价格,0.0,3.0,0.0,1.0
采访,0.0,9.0,0.0,1.0
空,0.0,3.0,0.0,1.0
购物,0.0,9.0,0.0,1.0
36.26,0.0,6.0,0.0,1.0
是否,0.0,3.0,0.0,1.0
权责,0.0,3.0,0.0,1.0
uSmart,0.0,3.0,0.0,1.0
按,0.0,6.0,0.0,1.0
Volume,0.0,12.0,0.0,1.0
不错,0.0,3.0,0.0,1.0
低于,0.0,6.0,0.0,1.0
市场,0.0,162.0,0.0,1.0
45,0.0,6.0,0.0,1.0
开通,0.0,30.0,0.0,1.0
简化,0.0,6.0,0.0,1.0
承建,0.0,9.0,0.0,1.0
调整,0.0,6.0,0.0,1.0
股涨,0.0,3.0,0.0,1.0
快讯,0.0,6.0,0.0,1.0
商业价值,0.0,6.0,0.0,1.0
密码,0.0,6.0,0.0,1.0
ZDNet,0.0,3.0,0.0,1.0
大好,0.0,3.0,0.0,1.0
增长,0.0,165.0,0.0,1.0
3.98,0.0,3.0,0.0,1.0
斩获,0.0,12.0,0.0,1.0
符合,0.0,3.0,0.0,1.0
同步,0.0,6.0,0.0,1.0
签约,0.0,27.0,0.0,1.0
导入,0.0,3.0,0.0,1.0
谈及,0.0,3.0,0.0,1.0
规范性,0.0,3.0,0.0,1.0
状态,0.0,6.0,0.0,1.0
承载,0.0,102.0,0.0,1.0
侵犯,0.0,6.0,0.0,1.0
多址,0.0,6.0,0.0,1.0
市场营销,0.0,3.0,0.0,1.0
全力支持,0.0,3.0,0.0,1.0
交换,0.0,3.0,0.0,1.0
公告,0.0,24.0,0.0,1.0
思考,0.0,3.0,0.0,1.0
态度,0.0,6.0,0.0,1.0
并不需要,0.0,3.0,0.0,1.0
标杆,0.0,9.0,0.0,1.0
作出贡献,0.0,3.0,0.0,1.0
UN,0.0,6.0,0.0,1.0
上将,0.0,3.0,0.0,1.0
前二,0.0,9.0,0.0,1.0
节奏,0.0,3.0,0.0,1.0
现有,0.0,9.0,0.0,1.0
技术支持,0.0,3.0,0.0,1.0
咨询,0.0,9.0,0.0,1.0
深圳市,0.0,24.0,0.0,1.0
及大,0.0,3.0,0.0,1.0
郭树波,0.0,12.0,0.0,1.0
承接,0.0,3.0,0.0,1.0
第一阶段,0.0,9.0,0.0,1.0
20170525,0.0,3.0,0.0,1.0
升,0.0,15.0,0.0,1.0
列示,0.0,3.0,0.0,1.0
我国,0.0,12.0,0.0,1.0
现网,0.0,6.0,0.0,1.0
推动,0.0,72.0,0.0,1.0
设有,0.0,3.0,0.0,1.0
激烈,0.0,3.0,0.0,1.0
两大,0.0,12.0,0.0,1.0
129,0.0,3.0,0.0,1.0
拓展,0.0,42.0,0.0,1.0
普通股,0.0,12.0,0.0,1.0
股权,0.0,75.0,0.0,1.0
容量,0.0,15.0,0.0,1.0
两者,0.0,3.0,0.0,1.0
营运,0.0,3.0,0.0,1.0
5,0.0,60.0,0.0,1.0
朱伏生,0.0,9.0,0.0,1.0
中心,0.0,33.0,0.0,1.0
虚拟,0.0,3.0,0.0,1.0
4d81,0.0,3.0,0.0,1.0
对,0.0,126.0,0.0,1.0
作,0.0,3.0,0.0,1.0
余额,0.0,12.0,0.0,1.0
采用,0.0,33.0,0.0,1.0
完全,0.0,9.0,0.0,1.0
江苏省,0.0,3.0,0.0,1.0
外,0.0,18.0,0.0,1.0
消费者,0.0,33.0,0.0,1.0
畅谈,0.0,3.0,0.0,1.0
Micha,0.0,3.0,0.0,1.0
入股,0.0,21.0,0.0,1.0
不必,0.0,3.0,0.0,1.0
起到,0.0,6.0,0.0,1.0
NET,0.0,3.0,0.0,1.0
FB,0.0,3.0,0.0,1.0
KT,0.0,3.0,0.0,1.0
大楼,0.0,6.0,0.0,1.0
纯利,0.0,12.0,0.0,1.0
解决,0.0,12.0,0.0,1.0
100G,0.0,3.0,0.0,1.0
持续增长,0.0,6.0,0.0,1.0
同心圆,0.0,3.0,0.0,1.0
img3,0.0,3.0,0.0,1.0
101,0.0,6.0,0.0,1.0
仪表,0.0,3.0,0.0,1.0
运用,0.0,3.0,0.0,1.0
赵先,0.0,6.0,0.0,1.0
UnitWidth,0.0,12.0,0.0,1.0
18,0.0,12.0,0.0,1.0
通信,0.0,48.0,0.0,1.0
数博,0.0,3.0,0.0,1.0
500,0.0,6.0,0.0,1.0
拟,0.0,12.0,0.0,1.0
通知,0.0,3.0,0.0,1.0
控股,0.0,18.0,0.0,1.0
开场,0.0,3.0,0.0,1.0
增长点,0.0,3.0,0.0,1.0
毛利,0.0,12.0,0.0,1.0
复用技术,0.0,3.0,0.0,1.0
内幕,0.0,9.0,0.0,1.0
领先地位,0.0,15.0,0.0,1.0
互通,0.0,3.0,0.0,1.0
下面,0.0,3.0,0.0,1.0
监事会,0.0,3.0,0.0,1.0
to,0.0,3.0,0.0,1.0
干部,0.0,6.0,0.0,1.0
120Mbps,0.0,3.0,0.0,1.0
ITU,0.0,3.0,0.0,1.0
2016,0.0,75.0,0.0,1.0
多项,0.0,15.0,0.0,1.0
欧,0.0,3.0,0.0,1.0
160,0.0,9.0,0.0,1.0
退税,0.0,3.0,0.0,1.0
作出,0.0,3.0,0.0,1.0
余胜良,0.0,3.0,0.0,1.0
增强,0.0,6.0,0.0,1.0
城,0.0,3.0,0.0,1.0
发展前景,0.0,3.0,0.0,1.0
后,0.0,48.0,0.0,1.0
良就,0.0,3.0,0.0,1.0
美联储,0.0,3.0,0.0,1.0
提升,0.0,115.0,0.0,1.0
信息系统,0.0,6.0,0.0,1.0
吁,0.0,3.0,0.0,1.0
刑期,0.0,3.0,0.0,1.0
之,0.0,9.0,0.0,1.0
理事长,0.0,3.0,0.0,1.0
Shared,0.0,3.0,0.0,1.0
产业,0.0,93.0,0.0,1.0
预告,0.0,3.0,0.0,1.0
出口,0.0,3.0,0.0,1.0
ElasticNet,0.0,3.0,0.0,1.0
报价,0.0,12.0,0.0,1.0
英特尔,0.0,6.0,0.0,1.0
凸显,0.0,3.0,0.0,1.0
爱立信,0.0,3.0,0.0,1.0
22.86,0.0,3.0,0.0,1.0
一部分,0.0,12.0,0.0,1.0
峰会,0.0,27.0,0.0,1.0
报告,0.0,15.0,0.0,1.0
层,0.0,6.0,0.0,1.0
千套,0.0,3.0,0.0,1.0
非洲,0.0,6.0,0.0,1.0
大规模,0.0,9.0,0.0,1.0
广泛,0.0,21.0,0.0,1.0
几乎,0.0,3.0,0.0,1.0
朱传戈,0.0,3.0,0.0,1.0
受,0.0,15.0,0.0,1.0
现价,0.0,18.0,0.0,1.0
images,0.0,3.0,0.0,1.0
获取,0.0,6.0,0.0,1.0
13164305ylwz,0.0,3.0,0.0,1.0
对接,0.0,3.0,0.0,1.0
超车,0.0,6.0,0.0,1.0
17.6,0.0,3.0,0.0,1.0
一体机,0.0,3.0,0.0,1.0
’,0.0,6.0,0.0,1.0
调研,0.0,3.0,0.0,1.0
加大,0.0,18.0,0.0,1.0
各种,0.0,6.0,0.0,1.0
评论,0.0,6.0,0.0,1.0
高兴,0.0,3.0,0.0,1.0
装备,0.0,3.0,0.0,1.0
告诉,0.0,3.0,0.0,1.0
保护,0.0,12.0,0.0,1.0
竞争对手,0.0,9.0,0.0,1.0
共,0.0,9.0,0.0,1.0
向业界,0.0,3.0,0.0,1.0
步入,0.0,6.0,0.0,1.0
不当,0.0,12.0,0.0,1.0
专访,0.0,6.0,0.0,1.0
╱,0.0,9.0,0.0,1.0
创业投资,0.0,12.0,0.0,1.0
91,0.0,3.0,0.0,1.0
最佳,0.0,15.0,0.0,1.0
高通,0.0,9.0,0.0,1.0
数字化,0.0,21.0,0.0,1.0
翅膀,0.0,3.0,0.0,1.0
城堡,0.0,3.0,0.0,1.0
可行性,0.0,3.0,0.0,1.0
两位,0.0,3.0,0.0,1.0
强劲,0.0,6.0,0.0,1.0
收入,0.0,57.0,0.0,1.0
典型,0.0,3.0,0.0,1.0
土耳其,0.0,33.0,0.0,1.0
职务,0.0,3.0,0.0,1.0
一步,0.0,9.0,0.0,1.0
以至,0.0,3.0,0.0,1.0
cc,0.0,3.0,0.0,1.0
件,0.0,3.0,0.0,1.0
中央,0.0,3.0,0.0,1.0
低,0.0,15.0,0.0,1.0
滨海,0.0,2.0,0.0,1.0
共筑,0.0,3.0,0.0,1.0
关键技术,0.0,81.0,0.0,1.0
新型,0.0,9.0,0.0,1.0
上海贝尔,0.0,3.0,0.0,1.0
服务,0.0,78.0,0.0,1.0
可以,0.0,24.0,0.0,1.0
东西,0.0,3.0,0.0,1.0
自用,0.0,6.0,0.0,1.0
瑞信,0.0,9.0,0.0,1.0
本报记者,0.0,3.0,0.0,1.0
体验,0.0,34.0,0.0,1.0
愿景,0.0,3.0,0.0,1.0
2005,0.0,6.0,0.0,1.0
此次,0.0,18.0,0.0,1.0
喝彩,2.0,0.0,1.0,0.0
23.25,0.0,3.0,0.0,1.0
亚太地区,0.0,3.0,0.0,1.0
非核心,0.0,3.0,0.0,1.0
程度,0.0,3.0,0.0,1.0
比利时,0.0,9.0,0.0,1.0
井盖,0.0,3.0,0.0,1.0
正交,0.0,9.0,0.0,1.0
确认,0.0,6.0,0.0,1.0
解析,0.0,3.0,0.0,1.0
风雨,0.0,3.0,0.0,1.0
打造,0.0,39.0,0.0,1.0
公立学校,0.0,3.0,0.0,1.0
部,0.0,6.0,0.0,1.0
觉得,0.0,3.0,0.0,1.0
获悉,0.0,9.0,0.0,1.0
真实,0.0,12.0,0.0,1.0
实验,0.0,4.0,0.0,1.0
601,0.0,3.0,0.0,1.0
财年,0.0,3.0,0.0,1.0
各种各样,0.0,3.0,0.0,1.0
管控,0.0,3.0,0.0,1.0
希望,0.0,9.0,0.0,1.0
一站式,0.0,3.0,0.0,1.0
展示,0.0,33.0,0.0,1.0
张高丽,0.0,3.0,0.0,1.0
167,0.0,3.0,0.0,1.0
靓丽,0.0,6.0,0.0,1.0
8,0.0,19.0,0.0,1.0
形成,0.0,12.0,0.0,1.0
有效,0.0,21.0,0.0,1.0
不分,0.0,3.0,0.0,1.0
首相,0.0,9.0,0.0,1.0
价值,0.0,27.0,0.0,1.0
记忆,0.0,3.0,0.0,1.0
上市,0.0,15.0,0.0,1.0
挑战,0.0,3.0,0.0,1.0
World,0.0,3.0,0.0,1.0
重大,0.0,6.0,0.0,1.0
协会,0.0,3.0,0.0,1.0
上半年,0.0,75.0,0.0,1.0
建立,0.0,6.0,0.0,1.0
正,0.0,12.0,0.0,1.0
超高速,0.0,9.0,0.0,1.0
多款,0.0,6.0,0.0,1.0
前期,0.0,3.0,0.0,1.0
主持会议,0.0,3.0,0.0,1.0
展位,0.0,6.0,0.0,1.0
流出,0.0,3.0,0.0,1.0
16.3,0.0,3.0,0.0,1.0
相约,0.0,3.0,0.0,1.0
查处,0.0,3.0,0.0,1.0
首席,0.0,18.0,0.0,1.0
尤其,0.0,6.0,0.0,1.0
平均,0.0,18.0,0.0,1.0
而且,0.0,6.0,0.0,1.0
奖项,0.0,3.0,0.0,1.0
适用於,0.0,3.0,0.0,1.0
FPCA,0.0,6.0,0.0,1.0
愿意,0.0,3.0,0.0,1.0
GOOGLE,0.0,3.0,0.0,1.0
丰富,0.0,9.0,0.0,1.0
第一次,0.0,9.0,0.0,1.0
经济犯罪,0.0,6.0,0.0,1.0
干,0.0,6.0,0.0,1.0
短,0.0,3.0,0.0,1.0
内容,0.0,18.0,0.0,1.0
自然语言,0.0,3.0,0.0,1.0
一个,0.0,18.0,0.0,1.0
OAM,0.0,3.0,0.0,1.0
知名企业,0.0,3.0,0.0,1.0
美丽,0.0,3.0,0.0,1.0
嘉兴市,0.0,18.0,0.0,1.0
一座,0.0,3.0,0.0,1.0
全体,0.0,12.0,0.0,1.0
看准,0.0,3.0,0.0,1.0
Shanghai,0.0,3.0,0.0,1.0
天然,0.0,3.0,0.0,1.0
kpic,0.0,3.0,0.0,1.0
6.5,0.0,3.0,0.0,1.0
按年,0.0,3.0,0.0,1.0
方辉,0.0,3.0,0.0,1.0
向前,0.0,6.0,0.0,1.0
惊人,0.0,3.0,0.0,1.0
码,0.0,3.0,0.0,1.0
溢价,0.0,3.0,0.0,1.0
社会,0.0,6.0,0.0,1.0
磋商,0.0,6.0,0.0,1.0
契合,0.0,6.0,0.0,1.0
片区,0.0,6.0,0.0,1.0
泉州,0.0,9.0,0.0,1.0
穿,0.0,3.0,0.0,1.0
Tier,0.0,9.0,0.0,1.0
环球,0.0,9.0,0.0,1.0
半高,0.0,3.0,0.0,1.0
无线,0.0,42.0,0.0,1.0
下午,0.0,3.0,0.0,1.0
处理器,0.0,3.0,0.0,1.0
签,0.0,3.0,0.0,1.0
固网,0.0,6.0,0.0,1.0
职务侵占,0.0,3.0,0.0,1.0
出让,0.0,6.0,0.0,1.0
Pakistan,0.0,3.0,0.0,1.0
胜,0.0,3.0,0.0,1.0
主题,0.0,27.0,0.0,1.0
公司业绩,0.0,3.0,0.0,1.0
大部分,0.0,6.0,0.0,1.0
另一方面,0.0,6.0,0.0,1.0
失误,0.0,3.0,0.0,1.0
提供商,0.0,33.0,0.0,1.0
或者,0.0,3.0,0.0,1.0
数码化,0.0,3.0,0.0,1.0
山里,0.0,3.0,0.0,1.0
不可,0.0,6.0,0.0,1.0
主人,0.0,3.0,0.0,1.0
张玉洁,0.0,3.0,0.0,1.0
表现,0.0,30.0,0.0,1.0
11.04,0.0,3.0,0.0,1.0
品牌,0.0,15.0,0.0,1.0
222,0.0,12.0,0.0,1.0
20.63,0.0,3.0,0.0,1.0
远超,0.0,6.0,0.0,1.0
时期,0.0,3.0,0.0,1.0
奋斗,0.0,3.0,0.0,1.0
结构,0.0,12.0,0.0,1.0
形式,0.0,6.0,0.0,1.0
21.05,0.0,3.0,0.0,1.0
群,0.0,12.0,0.0,1.0
小角色,0.0,3.0,0.0,1.0
表明,0.0,3.0,0.0,1.0
中兴通讯,2.0,2188.0,0.0009132420091324201,0.9990867579908675
41.88,0.0,3.0,0.0,1.0
证券时报,0.0,28.0,0.0,1.0
补助,0.0,15.0,0.0,1.0
率,0.0,9.0,0.0,1.0
2017Q1,0.0,3.0,0.0,1.0
得,0.0,3.0,0.0,1.0
简称,0.0,6.0,0.0,1.0
筑梦人,0.0,3.0,0.0,1.0
长,0.0,3.0,0.0,1.0
依靠,0.0,3.0,0.0,1.0
区,0.0,6.0,0.0,1.0
会议纪要,0.0,3.0,0.0,1.0
信息化,0.0,15.0,0.0,1.0
渴望,0.0,3.0,0.0,1.0
实现,0.0,150.0,0.0,1.0
外部,0.0,3.0,0.0,1.0
方案,0.0,102.0,0.0,1.0
科隆,0.0,3.0,0.0,1.0
MIMO,0.0,64.0,0.0,1.0
img2,0.0,3.0,0.0,1.0
操作,0.0,3.0,0.0,1.0
器,0.0,6.0,0.0,1.0
时隙,0.0,3.0,0.0,1.0
供电,0.0,3.0,0.0,1.0
芯片,0.0,33.0,0.0,1.0
搭载,0.0,3.0,0.0,1.0
○,0.0,3.0,0.0,1.0
高,0.0,39.0,0.0,1.0
1.49,0.0,3.0,0.0,1.0
进一步,0.0,30.0,0.0,1.0
从单,0.0,3.0,0.0,1.0
各个,0.0,3.0,0.0,1.0
行业标准,0.0,3.0,0.0,1.0
说明,0.0,6.0,0.0,1.0
公众,0.0,6.0,0.0,1.0
高品质,0.0,3.0,0.0,1.0
动力,0.0,3.0,0.0,1.0
启动,0.0,15.0,0.0,1.0
Pre5G,0.0,75.0,0.0,1.0
IV,0.0,9.0,0.0,1.0
加息,0.0,3.0,0.0,1.0
交出,0.0,3.0,0.0,1.0
日工,0.0,3.0,0.0,1.0
大涨,0.0,12.0,0.0,1.0
直播,0.0,69.0,0.0,1.0
每套,0.0,3.0,0.0,1.0
Li,0.0,3.0,0.0,1.0
介绍,0.0,21.0,0.0,1.0
研报,0.0,3.0,0.0,1.0
引入,0.0,9.0,0.0,1.0
智能手机,0.0,6.0,0.0,1.0
全,0.0,6.0,0.0,1.0
董事长,0.0,45.0,0.0,1.0
 ,0.0,1046.0,0.0,1.0
年初,0.0,6.0,0.0,1.0
网络,0.0,243.0,0.0,1.0
前十名,0.0,3.0,0.0,1.0
传奇,0.0,3.0,0.0,1.0
如何,0.0,6.0,0.0,1.0
至关重要,0.0,3.0,0.0,1.0
具备,0.0,18.0,0.0,1.0
动态,0.0,6.0,0.0,1.0
刷出,0.0,3.0,0.0,1.0
发布公告,0.0,15.0,0.0,1.0
抓住机遇,0.0,3.0,0.0,1.0
29.85,0.0,24.0,0.0,1.0
TCS310,0.0,3.0,0.0,1.0
P2P,0.0,3.0,0.0,1.0
精彩,0.0,12.0,0.0,1.0
极致,0.0,9.0,0.0,1.0
下一代,0.0,30.0,0.0,1.0
Forum,0.0,3.0,0.0,1.0
之间,0.0,12.0,0.0,1.0
CCSA,0.0,3.0,0.0,1.0
日,0.0,187.0,0.0,1.0
关于,0.0,6.0,0.0,1.0
经济往来,0.0,6.0,0.0,1.0
ZXCTN,0.0,9.0,0.0,1.0
模式,0.0,6.0,0.0,1.0
月底,0.0,3.0,0.0,1.0
绑定,0.0,3.0,0.0,1.0
刚刚,0.0,3.0,0.0,1.0
首位,0.0,3.0,0.0,1.0
深入,0.0,12.0,0.0,1.0
绿色,0.0,3.0,0.0,1.0
侯,0.0,3.0,0.0,1.0
MWCS,0.0,3.0,0.0,1.0
法国,0.0,3.0,0.0,1.0
20170724210812Nx8WDd9a3X,0.0,3.0,0.0,1.0
方向,0.0,18.0,0.0,1.0
6.8,0.0,3.0,0.0,1.0
查看,0.0,6.0,0.0,1.0
业界,0.0,81.0,0.0,1.0
定制,0.0,9.0,0.0,1.0
2K,0.0,3.0,0.0,1.0
打理,0.0,6.0,0.0,1.0
工信部,0.0,3.0,0.0,1.0
564.83,0.0,12.0,0.0,1.0
不同,0.0,12.0,0.0,1.0
新任,0.0,3.0,0.0,1.0
博士,0.0,15.0,0.0,1.0
厂商,0.0,15.0,0.0,1.0
下调,0.0,3.0,0.0,1.0
西部,0.0,3.0,0.0,1.0
虚拟化,0.0,9.0,0.0,1.0
47.73,0.0,3.0,0.0,1.0
开花,0.0,3.0,0.0,1.0
现场直播,0.0,9.0,0.0,1.0
外场,0.0,75.0,0.0,1.0
满足要求,0.0,9.0,0.0,1.0
出售,0.0,24.0,0.0,1.0
870022,0.0,3.0,0.0,1.0
股,0.0,42.0,0.0,1.0
授出,0.0,3.0,0.0,1.0
救赎,0.0,3.0,0.0,1.0
办法,0.0,6.0,0.0,1.0
零点,0.0,3.0,0.0,1.0
复数,0.0,6.0,0.0,1.0
世界,0.0,45.0,0.0,1.0
生活,0.0,6.0,0.0,1.0
金额,0.0,3.0,0.0,1.0
OpenDayLight,0.0,3.0,0.0,1.0
审计,0.0,45.0,0.0,1.0
差异化,0.0,6.0,0.0,1.0
重金,0.0,6.0,0.0,1.0
沟通,0.0,3.0,0.0,1.0
严重,0.0,6.0,0.0,1.0
APP,0.0,12.0,0.0,1.0
2017MWCS,0.0,3.0,0.0,1.0
31.0,0.0,6.0,0.0,1.0
秘密,0.0,3.0,0.0,1.0
减少,0.0,3.0,0.0,1.0
创下,0.0,12.0,0.0,1.0
定位,0.0,3.0,0.0,1.0
日电,0.0,12.0,0.0,1.0
D20,0.0,3.0,0.0,1.0
ACWI,0.0,6.0,0.0,1.0
优质,0.0,3.0,0.0,1.0
acd9,0.0,3.0,0.0,1.0
市县,0.0,6.0,0.0,1.0
商,0.0,36.0,0.0,1.0
致力于,0.0,21.0,0.0,1.0
Solution,0.0,3.0,0.0,1.0
副总裁,0.0,69.0,0.0,1.0
驻,0.0,3.0,0.0,1.0
ZENIC,0.0,6.0,0.0,1.0
风河,0.0,3.0,0.0,1.0
邮件,0.0,27.0,0.0,1.0
Elastic,0.0,3.0,0.0,1.0
7,0.0,102.0,0.0,1.0
1.14,0.0,3.0,0.0,1.0
被动,0.0,3.0,0.0,1.0
0.55,0.0,3.0,0.0,1.0
显现,0.0,6.0,0.0,1.0
配套,0.0,6.0,0.0,1.0
提高,0.0,15.0,0.0,1.0
日渐,0.0,6.0,0.0,1.0
一年一度,0.0,3.0,0.0,1.0
OFDM,0.0,3.0,0.0,1.0
eastmoney,0.0,21.0,0.0,1.0
鲜明,0.0,3.0,0.0,1.0
从事,0.0,9.0,0.0,1.0
截图,0.0,15.0,0.0,1.0
1ms,0.0,3.0,0.0,1.0
2012,0.0,15.0,0.0,1.0
爱奇艺,0.0,3.0,0.0,1.0
敢于,0.0,3.0,0.0,1.0
u,0.0,9.0,0.0,1.0
、,0.0,1017.0,0.0,1.0
免,0.0,3.0,0.0,1.0
投资品,0.0,3.0,0.0,1.0
主业,0.0,3.0,0.0,1.0
群中,0.0,3.0,0.0,1.0
结果显示,0.0,3.0,0.0,1.0
但,0.0,18.0,0.0,1.0
万元,0.0,12.0,0.0,1.0
多彩的,0.0,6.0,0.0,1.0
一张,0.0,9.0,0.0,1.0
软,0.0,21.0,0.0,1.0
三合一,0.0,3.0,0.0,1.0
AI,0.0,3.0,0.0,1.0
朱,0.0,6.0,0.0,1.0
亚太,0.0,9.0,0.0,1.0
对大,0.0,3.0,0.0,1.0
重磅,0.0,6.0,0.0,1.0
新建,0.0,3.0,0.0,1.0
重要,0.0,54.0,0.0,1.0
高带宽,0.0,3.0,0.0,1.0
涉资,0.0,15.0,0.0,1.0
不畏,0.0,3.0,0.0,1.0
长期,0.0,21.0,0.0,1.0
贡献,0.0,27.0,0.0,1.0
Telefonica,0.0,6.0,0.0,1.0
注意,0.0,3.0,0.0,1.0
更大,0.0,3.0,0.0,1.0
发展中国家,0.0,3.0,0.0,1.0
深度,0.0,9.0,0.0,1.0
行情,0.0,70.0,0.0,1.0
计划,0.0,57.0,0.0,1.0
出身,0.0,3.0,0.0,1.0
凭借,0.0,12.0,0.0,1.0
增长速度,0.0,3.0,0.0,1.0
PRE,0.0,3.0,0.0,1.0
授信额度,0.0,12.0,0.0,1.0
合唱团,2.0,0.0,1.0,0.0
良好,0.0,9.0,0.0,1.0
巨大,0.0,6.0,0.0,1.0
容忍,0.0,3.0,0.0,1.0
16.74,0.0,3.0,0.0,1.0
款,0.0,3.0,0.0,1.0
97.81,0.0,3.0,0.0,1.0
南昌,0.0,15.0,0.0,1.0
纪录,0.0,3.0,0.0,1.0
产生,0.0,3.0,0.0,1.0
革新,0.0,3.0,0.0,1.0
全年,0.0,3.0,0.0,1.0
润乾,0.0,6.0,0.0,1.0
ETSI,0.0,3.0,0.0,1.0
竞争,0.0,9.0,0.0,1.0
追求,0.0,3.0,0.0,1.0
功控,0.0,3.0,0.0,1.0
22.93665,0.0,3.0,0.0,1.0
甘肃省,0.0,3.0,0.0,1.0
意见,0.0,3.0,0.0,1.0
评级,0.0,15.0,0.0,1.0
Cell,0.0,6.0,0.0,1.0
波形,0.0,3.0,0.0,1.0
利,0.0,3.0,0.0,1.0
成交,0.0,33.0,0.0,1.0
称何,0.0,3.0,0.0,1.0
不赖,0.0,3.0,0.0,1.0
衍生品,0.0,3.0,0.0,1.0
全程,0.0,15.0,0.0,1.0
挤满,0.0,3.0,0.0,1.0
孙放,0.0,3.0,0.0,1.0
旅程,0.0,3.0,0.0,1.0
有利,0.0,6.0,0.0,1.0
初始,0.0,3.0,0.0,1.0
大幅度,0.0,3.0,0.0,1.0
=,0.0,123.0,0.0,1.0
保密,0.0,3.0,0.0,1.0
单用户,0.0,9.0,0.0,1.0
品质,0.0,6.0,0.0,1.0
人文,0.0,3.0,0.0,1.0
同意,0.0,3.0,0.0,1.0
NETA48,0.0,3.0,0.0,1.0
板,0.0,6.0,0.0,1.0
智会,0.0,3.0,0.0,1.0
智通,0.0,9.0,0.0,1.0
积极性,0.0,3.0,0.0,1.0
正式,0.0,30.0,0.0,1.0
施行,0.0,3.0,0.0,1.0
各自,0.0,12.0,0.0,1.0
Neat,0.0,3.0,0.0,1.0
涉及面,0.0,3.0,0.0,1.0
并,0.0,141.0,0.0,1.0
大致,0.0,3.0,0.0,1.0
李伟军,0.0,3.0,0.0,1.0
元年,0.0,3.0,0.0,1.0
坦言,0.0,3.0,0.0,1.0
移动,0.0,69.0,0.0,1.0
贵州省,0.0,6.0,0.0,1.0
今年,0.0,57.0,0.0,1.0
注重,0.0,3.0,0.0,1.0
同等,0.0,3.0,0.0,1.0
市场份额,0.0,27.0,0.0,1.0
一轮,0.0,3.0,0.0,1.0
「,0.0,6.0,0.0,1.0
401,0.0,3.0,0.0,1.0
年度报告,0.0,6.0,0.0,1.0
环境,0.0,12.0,0.0,1.0
上来,0.0,3.0,0.0,1.0
⊙,0.0,3.0,0.0,1.0
官方论坛,0.0,3.0,0.0,1.0
米歇尔,0.0,9.0,0.0,1.0
1991,0.0,3.0,0.0,1.0
路灯,0.0,3.0,0.0,1.0
扭正,0.0,3.0,0.0,1.0
幅度,0.0,3.0,0.0,1.0
试点,0.0,15.0,0.0,1.0
买,0.0,3.0,0.0,1.0
交给,0.0,6.0,0.0,1.0
挠性,0.0,6.0,0.0,1.0
黄河,2.0,0.0,1.0,0.0
号,0.0,9.0,0.0,1.0
湖南省,0.0,3.0,0.0,1.0
不断,0.0,63.0,0.0,1.0
陆平,0.0,12.0,0.0,1.0
1.32,0.0,3.0,0.0,1.0
想象,0.0,3.0,0.0,1.0
房产交易,0.0,3.0,0.0,1.0
可,0.0,15.0,0.0,1.0
线,0.0,6.0,0.0,1.0
论坛,0.0,24.0,0.0,1.0
基于,0.0,69.0,0.0,1.0
此前,0.0,15.0,0.0,1.0
自查,0.0,3.0,0.0,1.0
海通,0.0,3.0,0.0,1.0
南山区,0.0,6.0,0.0,1.0
敬请,0.0,3.0,0.0,1.0
视觉,0.0,6.0,0.0,1.0
同时,0.0,45.0,0.0,1.0
计入,0.0,9.0,0.0,1.0
杭,0.0,3.0,0.0,1.0
在,2.0,887.0,0.0022497187851518562,0.9977502812148481
处,0.0,3.0,0.0,1.0
是因为,0.0,3.0,0.0,1.0
恢复正常,0.0,3.0,0.0,1.0
学校,0.0,3.0,0.0,1.0
主席,0.0,33.0,0.0,1.0
行为,0.0,6.0,0.0,1.0
HuB,0.0,3.0,0.0,1.0
41.83,0.0,3.0,0.0,1.0
留住,0.0,3.0,0.0,1.0
满足,0.0,30.0,0.0,1.0
20160801,0.0,9.0,0.0,1.0
23.58,0.0,3.0,0.0,1.0
292.13,0.0,3.0,0.0,1.0
科学管理,0.0,3.0,0.0,1.0
园区,0.0,3.0,0.0,1.0
监事,0.0,3.0,0.0,1.0
远程,0.0,9.0,0.0,1.0
连接,0.0,24.0,0.0,1.0
销量,0.0,3.0,0.0,1.0
数量,0.0,12.0,0.0,1.0
切入,0.0,3.0,0.0,1.0
HUB1,0.0,9.0,0.0,1.0
送,0.0,3.0,0.0,1.0
Communications,0.0,3.0,0.0,1.0
服务器,0.0,63.0,0.0,1.0
信念,0.0,3.0,0.0,1.0
组网,0.0,18.0,0.0,1.0
中性,0.0,3.0,0.0,1.0
践行,0.0,6.0,0.0,1.0
紧随其后,0.0,3.0,0.0,1.0
T208,0.0,6.0,0.0,1.0
长时间,0.0,3.0,0.0,1.0
26,0.0,9.0,0.0,1.0
OEPTurkey,0.0,3.0,0.0,1.0
中国移动,0.0,87.0,0.0,1.0
雪梅,0.0,3.0,0.0,1.0
不减,0.0,3.0,0.0,1.0
着,0.0,9.0,0.0,1.0
机顶盒,0.0,6.0,0.0,1.0
青春,0.0,3.0,0.0,1.0
米卡,0.0,3.0,0.0,1.0
开拓,0.0,6.0,0.0,1.0
家万,0.0,3.0,0.0,1.0
领跑,0.0,15.0,0.0,1.0
事务,0.0,12.0,0.0,1.0
孙杰,0.0,3.0,0.0,1.0
治理,0.0,36.0,0.0,1.0
援引,0.0,3.0,0.0,1.0
【,0.0,21.0,0.0,1.0
标的,0.0,9.0,0.0,1.0
第二届,0.0,6.0,0.0,1.0
学院,2.0,0.0,1.0,0.0
8809,0.0,3.0,0.0,1.0
P30,0.0,3.0,0.0,1.0
可能性,0.0,3.0,0.0,1.0
核心成员,0.0,3.0,0.0,1.0
画面,0.0,3.0,0.0,1.0
从省,0.0,3.0,0.0,1.0
LTE,0.0,15.0,0.0,1.0
先锋,0.0,3.0,0.0,1.0
目的,0.0,3.0,0.0,1.0
运作,0.0,3.0,0.0,1.0
让,0.0,3.0,0.0,1.0
优异,0.0,6.0,0.0,1.0
瑞信升,0.0,3.0,0.0,1.0
政企,0.0,36.0,0.0,1.0
最大,0.0,21.0,0.0,1.0
爆炸性,0.0,3.0,0.0,1.0
Tech,0.0,3.0,0.0,1.0
环球网,0.0,3.0,0.0,1.0
全球电信,0.0,6.0,0.0,1.0
成果,0.0,21.0,0.0,1.0
SRC,0.0,60.0,0.0,1.0
成立,0.0,12.0,0.0,1.0
受惠,0.0,3.0,0.0,1.0
关注,0.0,45.0,0.0,1.0
风云际会,0.0,3.0,0.0,1.0
模组,0.0,9.0,0.0,1.0
提速,0.0,3.0,0.0,1.0
新加坡,0.0,9.0,0.0,1.0
借助,0.0,3.0,0.0,1.0
上升,0.0,24.0,0.0,1.0
这一,0.0,15.0,0.0,1.0
而是,0.0,3.0,0.0,1.0
环节,0.0,3.0,0.0,1.0
午间,0.0,3.0,0.0,1.0
标题,0.0,9.0,0.0,1.0
至强,0.0,3.0,0.0,1.0
端网络,0.0,3.0,0.0,1.0
深化,0.0,3.0,0.0,1.0
二者,0.0,3.0,0.0,1.0
IMT,0.0,15.0,0.0,1.0
敲开,0.0,3.0,0.0,1.0
系列,0.0,6.0,0.0,1.0
动摇,0.0,3.0,0.0,1.0
十几,0.0,3.0,0.0,1.0
冻结,0.0,3.0,0.0,1.0
发文,0.0,3.0,0.0,1.0
明说,0.0,6.0,0.0,1.0
与会,0.0,12.0,0.0,1.0
PE21,0.0,6.0,0.0,1.0
珠宝,0.0,3.0,0.0,1.0
指出,0.0,18.0,0.0,1.0
县乡,0.0,3.0,0.0,1.0
商业,0.0,21.0,0.0,1.0
顶尖,0.0,3.0,0.0,1.0
AAU,0.0,3.0,0.0,1.0
HK,0.0,51.0,0.0,1.0
SDN,0.0,18.0,0.0,1.0
财务报表,0.0,3.0,0.0,1.0
谈到,0.0,6.0,0.0,1.0
日讯,0.0,34.0,0.0,1.0
全世界,0.0,3.0,0.0,1.0
峰值,0.0,21.0,0.0,1.0
OTA,0.0,3.0,0.0,1.0
跟随者,0.0,3.0,0.0,1.0
画出,0.0,3.0,0.0,1.0
回顾,0.0,3.0,0.0,1.0
协议,0.0,81.0,0.0,1.0
jrjimg,0.0,3.0,0.0,1.0
空间,0.0,9.0,0.0,1.0
协定,0.0,3.0,0.0,1.0
供应商,0.0,18.0,0.0,1.0
徐慧俊,0.0,18.0,0.0,1.0
党组,0.0,6.0,0.0,1.0
人民网,0.0,6.0,0.0,1.0
具体情况,0.0,3.0,0.0,1.0
Connected,0.0,3.0,0.0,1.0
展台,0.0,12.0,0.0,1.0
张俊,0.0,3.0,0.0,1.0
值得注意,0.0,9.0,0.0,1.0
元,0.0,123.0,0.0,1.0
多媒体,0.0,3.0,0.0,1.0
月份,0.0,18.0,0.0,1.0
法对,0.0,3.0,0.0,1.0
力,0.0,3.0,0.0,1.0
专利,0.0,12.0,0.0,1.0
股中,0.0,3.0,0.0,1.0
成绩斐然,0.0,3.0,0.0,1.0
Duchesse,0.0,3.0,0.0,1.0
B,0.0,3.0,0.0,1.0
不断加强,0.0,3.0,0.0,1.0
获得,0.0,36.0,0.0,1.0
首季,0.0,3.0,0.0,1.0
宽,0.0,3.0,0.0,1.0
管制,0.0,3.0,0.0,1.0
三,0.0,15.0,0.0,1.0
多维,0.0,3.0,0.0,1.0
死气沉沉,0.0,3.0,0.0,1.0
电信,0.0,61.0,0.0,1.0
龙头,0.0,21.0,0.0,1.0
称,0.0,42.0,0.0,1.0
详情,0.0,3.0,0.0,1.0
298,0.0,3.0,0.0,1.0
思路,0.0,3.0,0.0,1.0
日益,0.0,9.0,0.0,1.0
所有,0.0,9.0,0.0,1.0
NETA,0.0,6.0,0.0,1.0
指标,0.0,3.0,0.0,1.0
Formula,0.0,12.0,0.0,1.0
提供,0.0,120.0,0.0,1.0
能,0.0,10.0,0.0,1.0
团队,0.0,3.0,0.0,1.0
国外,0.0,3.0,0.0,1.0
称为,0.0,3.0,0.0,1.0
CDN,0.0,15.0,0.0,1.0
M,0.0,12.0,0.0,1.0
支出,0.0,3.0,0.0,1.0
Flexhaul,0.0,30.0,0.0,1.0
接入网,0.0,3.0,0.0,1.0
新浪,0.0,21.0,0.0,1.0
公司股票,0.0,3.0,0.0,1.0
特地,0.0,3.0,0.0,1.0
2018,0.0,15.0,0.0,1.0
IT,0.0,18.0,0.0,1.0
携手,0.0,34.0,0.0,1.0
得益于,0.0,3.0,0.0,1.0
国际化,0.0,3.0,0.0,1.0
低功耗,0.0,6.0,0.0,1.0
东方财富网,0.0,3.0,0.0,1.0
拿,0.0,3.0,0.0,1.0
最佳时机,0.0,6.0,0.0,1.0
能耗,0.0,3.0,0.0,1.0
福建,0.0,6.0,0.0,1.0
Most,0.0,3.0,0.0,1.0
608,0.0,3.0,0.0,1.0
成长,0.0,6.0,0.0,1.0
传,0.0,9.0,0.0,1.0
GHz,0.0,13.0,0.0,1.0
邮电,0.0,3.0,0.0,1.0
亿美元,0.0,18.0,0.0,1.0
选择,0.0,6.0,0.0,1.0
开支,0.0,6.0,0.0,1.0
冲击,0.0,3.0,0.0,1.0
311,0.0,3.0,0.0,1.0
客陷,0.0,3.0,0.0,1.0
非常,0.0,12.0,0.0,1.0
未来,0.0,96.0,0.0,1.0
办理,0.0,3.0,0.0,1.0
高中生,0.0,3.0,0.0,1.0
<,0.0,63.0,0.0,1.0
港股,0.0,27.0,0.0,1.0
股东大会,0.0,45.0,0.0,1.0
来临,0.0,3.0,0.0,1.0
生态圈,0.0,3.0,0.0,1.0
很快,0.0,6.0,0.0,1.0
A1Ab003,0.0,3.0,0.0,1.0
EPS,0.0,3.0,0.0,1.0
背驰,0.0,3.0,0.0,1.0
国内,0.0,42.0,0.0,1.0
元盛,0.0,24.0,0.0,1.0
健康,0.0,12.0,0.0,1.0
业绩,0.0,102.0,0.0,1.0
协作,0.0,9.0,0.0,1.0
年间,0.0,3.0,0.0,1.0
国内外,0.0,12.0,0.0,1.0
预期,0.0,15.0,0.0,1.0
吸引,0.0,6.0,0.0,1.0
佳,0.0,3.0,0.0,1.0
即可,0.0,3.0,0.0,1.0
18.6,0.0,3.0,0.0,1.0
2G,0.0,9.0,0.0,1.0
com,0.0,73.0,0.0,1.0
周年,0.0,9.0,0.0,1.0
下高达,0.0,6.0,0.0,1.0
智能化,0.0,6.0,0.0,1.0
尝试,0.0,3.0,0.0,1.0
6G,0.0,3.0,0.0,1.0
Uptime,0.0,9.0,0.0,1.0
盈利,0.0,9.0,0.0,1.0
找准,0.0,3.0,0.0,1.0
义务,0.0,3.0,0.0,1.0
仪式,0.0,33.0,0.0,1.0
合规,0.0,18.0,0.0,1.0
00762,0.0,3.0,0.0,1.0
利润,0.0,36.0,0.0,1.0
VR,0.0,102.0,0.0,1.0
～,0.0,3.0,0.0,1.0
殷在,0.0,3.0,0.0,1.0
公安机关,0.0,30.0,0.0,1.0
双方,0.0,27.0,0.0,1.0
沉淀,0.0,3.0,0.0,1.0
享受,0.0,6.0,0.0,1.0
此举,0.0,1.0,0.0,1.0
明日,0.0,3.0,0.0,1.0
资源配置,0.0,3.0,0.0,1.0
势头,0.0,6.0,0.0,1.0
逐渐,0.0,12.0,0.0,1.0
算不上,0.0,3.0,0.0,1.0
Builder,0.0,3.0,0.0,1.0
可靠,0.0,9.0,0.0,1.0
白板,0.0,3.0,0.0,1.0
其他,0.0,9.0,0.0,1.0
开发,0.0,9.0,0.0,1.0
One,0.0,3.0,0.0,1.0
针对,0.0,18.0,0.0,1.0
原因,0.0,12.0,0.0,1.0
尚,0.0,6.0,0.0,1.0
几个,0.0,9.0,0.0,1.0
同学,0.0,9.0,0.0,1.0
生涯规划,0.0,3.0,0.0,1.0
核心技术,0.0,15.0,0.0,1.0
开场白,0.0,3.0,0.0,1.0
视察,0.0,3.0,0.0,1.0
并共拓,0.0,3.0,0.0,1.0
OranGE,0.0,3.0,0.0,1.0
给予,0.0,12.0,0.0,1.0
至超,0.0,3.0,0.0,1.0
双向,0.0,3.0,0.0,1.0
518x0,0.0,3.0,0.0,1.0
厂家,0.0,21.0,0.0,1.0
SDON,0.0,9.0,0.0,1.0
链,0.0,36.0,0.0,1.0
设在,0.0,3.0,0.0,1.0
道路,0.0,6.0,0.0,1.0
及时,0.0,4.0,0.0,1.0
市场部,0.0,3.0,0.0,1.0
万,0.0,9.0,0.0,1.0
original,0.0,6.0,0.0,1.0
商谈,0.0,3.0,0.0,1.0
维持,0.0,15.0,0.0,1.0
Nubia,0.0,3.0,0.0,1.0
合作伙伴,0.0,30.0,0.0,1.0
采取,0.0,3.0,0.0,1.0
人均,0.0,3.0,0.0,1.0
278,0.0,3.0,0.0,1.0
Keqiang,0.0,3.0,0.0,1.0
ANGA,0.0,3.0,0.0,1.0
金融,0.0,12.0,0.0,1.0
全方位,0.0,6.0,0.0,1.0
把,0.0,18.0,0.0,1.0
胜过,0.0,3.0,0.0,1.0
主流,0.0,6.0,0.0,1.0
产业化,0.0,3.0,0.0,1.0
冲锋衣,0.0,3.0,0.0,1.0
后者,0.0,6.0,0.0,1.0
10.1,0.0,24.0,0.0,1.0
DCI,0.0,3.0,0.0,1.0
企业,0.0,81.0,0.0,1.0
Eastmoney,0.0,3.0,0.0,1.0
特定,0.0,3.0,0.0,1.0
面向,0.0,21.0,0.0,1.0
经历,0.0,15.0,0.0,1.0
努力,0.0,6.0,0.0,1.0
2017,2.0,252.0,0.007874015748031496,0.9921259842519685
Mobile,0.0,3.0,0.0,1.0
FlexE,0.0,24.0,0.0,1.0
首个,0.0,36.0,0.0,1.0
国家开发银行,0.0,3.0,0.0,1.0
节点,0.0,6.0,0.0,1.0
三句话,0.0,3.0,0.0,1.0
实地,0.0,3.0,0.0,1.0
罚款,0.0,6.0,0.0,1.0
增加,0.0,3.0,0.0,1.0
无疑,0.0,3.0,0.0,1.0
拿下,0.0,3.0,0.0,1.0
16.34,0.0,3.0,0.0,1.0
高阶,0.0,9.0,0.0,1.0
归属,0.0,9.0,0.0,1.0
战略地位,0.0,3.0,0.0,1.0
海称,0.0,3.0,0.0,1.0
早前,0.0,3.0,0.0,1.0
之一,0.0,39.0,0.0,1.0
全线,0.0,3.0,0.0,1.0
对应,0.0,9.0,0.0,1.0
矩形,0.0,3.0,0.0,1.0
欢迎词,0.0,3.0,0.0,1.0
商务,0.0,3.0,0.0,1.0
营收,0.0,18.0,0.0,1.0
演绎,2.0,0.0,1.0,0.0
观点,0.0,9.0,0.0,1.0
辞去,0.0,12.0,0.0,1.0
7830753693961618703,0.0,3.0,0.0,1.0
结果,0.0,24.0,0.0,1.0
计算,0.0,36.0,0.0,1.0
欲试,0.0,3.0,0.0,1.0
12.14,0.0,6.0,0.0,1.0
离职,0.0,3.0,0.0,1.0
第七届,0.0,9.0,0.0,1.0
TP,0.0,6.0,0.0,1.0
看来,0.0,3.0,0.0,1.0
佳兆业,0.0,12.0,0.0,1.0
媒体报道,0.0,3.0,0.0,1.0
GlobalData,0.0,6.0,0.0,1.0
7021,0.0,3.0,0.0,1.0
指示,0.0,3.0,0.0,1.0
多里亚,0.0,3.0,0.0,1.0
南京艺术学院,0.0,3.0,0.0,1.0
hpf,0.0,3.0,0.0,1.0
创业,0.0,21.0,0.0,1.0
抢占,0.0,3.0,0.0,1.0
位,0.0,3.0,0.0,1.0
全局,0.0,3.0,0.0,1.0
这才,0.0,3.0,0.0,1.0
20170624,0.0,3.0,0.0,1.0
0049,0.0,6.0,0.0,1.0
20MHz,0.0,3.0,0.0,1.0
赫二会,0.0,3.0,0.0,1.0
18.8,0.0,3.0,0.0,1.0
任何,0.0,6.0,0.0,1.0
荣获,0.0,3.0,0.0,1.0
交付,0.0,3.0,0.0,1.0
稳固,0.0,3.0,0.0,1.0
28.9,0.0,6.0,0.0,1.0
中信银行,0.0,3.0,0.0,1.0
华溪,0.0,3.0,0.0,1.0
15,0.0,9.0,0.0,1.0
区别,0.0,3.0,0.0,1.0
utuku,0.0,6.0,0.0,1.0
国家级,0.0,3.0,0.0,1.0
下决心,0.0,6.0,0.0,1.0
以固移,0.0,3.0,0.0,1.0
必然,0.0,3.0,0.0,1.0
多模,0.0,12.0,0.0,1.0
十天,0.0,6.0,0.0,1.0
22.81,0.0,6.0,0.0,1.0
巴西,0.0,33.0,0.0,1.0
愿同,0.0,3.0,0.0,1.0
王晶,0.0,3.0,0.0,1.0
cnfolimg,0.0,9.0,0.0,1.0
44d2,0.0,3.0,0.0,1.0
职业,0.0,3.0,0.0,1.0
孩子,0.0,3.0,0.0,1.0
预报,0.0,3.0,0.0,1.0
发,0.0,3.0,0.0,1.0
建设,0.0,81.0,0.0,1.0
2.1,0.0,3.0,0.0,1.0
显着,0.0,3.0,0.0,1.0
国庆,0.0,1.0,0.0,1.0
财报,0.0,9.0,0.0,1.0
出货量,0.0,3.0,0.0,1.0
两年,0.0,3.0,0.0,1.0
幣,0.0,3.0,0.0,1.0
内,0.0,27.0,0.0,1.0
主导,0.0,18.0,0.0,1.0
不再,0.0,18.0,0.0,1.0
影音,0.0,3.0,0.0,1.0
Capital,0.0,3.0,0.0,1.0
再,0.0,9.0,0.0,1.0
嘉宾,0.0,6.0,0.0,1.0
保障,0.0,18.0,0.0,1.0
老将,0.0,3.0,0.0,1.0
》,2.0,54.0,0.03571428571428571,0.9642857142857143
小于,0.0,6.0,0.0,1.0
审议,0.0,21.0,0.0,1.0
319,0.0,3.0,0.0,1.0
3.6,0.0,3.0,0.0,1.0
联姻,0.0,3.0,0.0,1.0
飘红,0.0,6.0,0.0,1.0
滑坡,0.0,3.0,0.0,1.0
董事会,0.0,6.0,0.0,1.0
白马,0.0,3.0,0.0,1.0
1.01,0.0,6.0,0.0,1.0
频谱,0.0,36.0,0.0,1.0
相同,0.0,6.0,0.0,1.0
变化,0.0,3.0,0.0,1.0
去,0.0,12.0,0.0,1.0
法律,0.0,3.0,0.0,1.0
进度,0.0,3.0,0.0,1.0
双重,0.0,3.0,0.0,1.0
分拆,0.0,9.0,0.0,1.0
2.5,0.0,6.0,0.0,1.0
充满,0.0,3.0,0.0,1.0
多家,0.0,27.0,0.0,1.0
高涨,0.0,3.0,0.0,1.0
革命性,0.0,3.0,0.0,1.0
决定性,0.0,3.0,0.0,1.0
0.4,0.0,3.0,0.0,1.0
],0.0,9.0,0.0,1.0
买入,0.0,21.0,0.0,1.0
湾,0.0,2.0,0.0,1.0
做,0.0,33.0,0.0,1.0
开启,0.0,18.0,0.0,1.0
49.9,0.0,6.0,0.0,1.0
当然,0.0,3.0,0.0,1.0
库,0.0,6.0,0.0,1.0
彻底解决,0.0,3.0,0.0,1.0
便利,0.0,3.0,0.0,1.0
150517773373600357,0.0,9.0,0.0,1.0
支点,0.0,3.0,0.0,1.0
下能,0.0,3.0,0.0,1.0
000063,0.0,136.0,0.0,1.0
报案,0.0,6.0,0.0,1.0
4.9,0.0,3.0,0.0,1.0
实时操作系统,0.0,3.0,0.0,1.0
根据,0.0,15.0,0.0,1.0
互利,0.0,3.0,0.0,1.0
随心,0.0,3.0,0.0,1.0
时称,0.0,3.0,0.0,1.0
7.272,0.0,9.0,0.0,1.0
第一名,0.0,3.0,0.0,1.0
现实,0.0,6.0,0.0,1.0
2.6,0.0,1.0,0.0,1.0
年收入,0.0,6.0,0.0,1.0
党字,0.0,6.0,0.0,1.0
书记,0.0,3.0,0.0,1.0
扩大,0.0,15.0,0.0,1.0
招商,0.0,6.0,0.0,1.0
一度,0.0,3.0,0.0,1.0
全国,0.0,30.0,0.0,1.0
美通,0.0,6.0,0.0,1.0
多入,0.0,3.0,0.0,1.0
消费类,0.0,3.0,0.0,1.0
2.82,0.0,3.0,0.0,1.0
Tunnel,0.0,9.0,0.0,1.0
人民币,0.0,78.0,0.0,1.0
投影,0.0,3.0,0.0,1.0
转让,0.0,36.0,0.0,1.0
理论,0.0,6.0,0.0,1.0
组,0.0,12.0,0.0,1.0
中报,0.0,3.0,0.0,1.0
硬件,0.0,12.0,0.0,1.0
刘璇,0.0,3.0,0.0,1.0
获北水,0.0,3.0,0.0,1.0
RCS,0.0,111.0,0.0,1.0
覆盖,0.0,18.0,0.0,1.0
毕业典礼,0.0,3.0,0.0,1.0
投入,0.0,123.0,0.0,1.0
协助,0.0,6.0,0.0,1.0
当日,0.0,6.0,0.0,1.0
已,0.0,135.0,0.0,1.0
eMBB,0.0,9.0,0.0,1.0
演讲,0.0,3.0,0.0,1.0
精心,2.0,0.0,1.0,0.0
3.0,0.0,6.0,0.0,1.0
增值,0.0,3.0,0.0,1.0
真实性,0.0,6.0,0.0,1.0
黄,0.0,3.0,0.0,1.0
www,0.0,43.0,0.0,1.0
终身难忘,0.0,3.0,0.0,1.0
系统,0.0,45.0,0.0,1.0
涨近,0.0,15.0,0.0,1.0
进程,0.0,18.0,0.0,1.0
积极开展,0.0,3.0,0.0,1.0
办公,0.0,6.0,0.0,1.0
IoDT,0.0,3.0,0.0,1.0
长远,0.0,3.0,0.0,1.0
人因,0.0,3.0,0.0,1.0
据预,0.0,6.0,0.0,1.0
MUSA,0.0,21.0,0.0,1.0
自研,0.0,15.0,0.0,1.0
发布,0.0,135.0,0.0,1.0
规定,0.0,3.0,0.0,1.0
有限,0.0,3.0,0.0,1.0
变成,0.0,6.0,0.0,1.0
人事变动,0.0,3.0,0.0,1.0
深圳市公安局,0.0,9.0,0.0,1.0
问题,0.0,36.0,0.0,1.0
紧密,0.0,9.0,0.0,1.0
准备,0.0,21.0,0.0,1.0
C3,0.0,3.0,0.0,1.0
高达,0.0,6.0,0.0,1.0
骨干网,0.0,3.0,0.0,1.0
契约,0.0,6.0,0.0,1.0
性能,0.0,24.0,0.0,1.0
149854718869837600,0.0,3.0,0.0,1.0
有助,0.0,3.0,0.0,1.0
南京,0.0,12.0,0.0,1.0
Ambitious,0.0,3.0,0.0,1.0
TDD,0.0,6.0,0.0,1.0
低成本,0.0,6.0,0.0,1.0
投资者,0.0,27.0,0.0,1.0
应用软件,0.0,3.0,0.0,1.0
总计,0.0,3.0,0.0,1.0
尽管如此,0.0,3.0,0.0,1.0
MU,0.0,3.0,0.0,1.0
FPC,0.0,6.0,0.0,1.0
自主,0.0,9.0,0.0,1.0
二季度,0.0,3.0,0.0,1.0
净利润,0.0,63.0,0.0,1.0
数十亿元,0.0,3.0,0.0,1.0
差距,0.0,6.0,0.0,1.0
信号,0.0,3.0,0.0,1.0
aspx,0.0,12.0,0.0,1.0
映射,0.0,3.0,0.0,1.0
Oi,0.0,18.0,0.0,1.0
41.7,0.0,6.0,0.0,1.0
话题,0.0,3.0,0.0,1.0
告知,0.0,3.0,0.0,1.0
透露,0.0,21.0,0.0,1.0
呈现,0.0,9.0,0.0,1.0
这个,0.0,6.0,0.0,1.0
一席之地,0.0,3.0,0.0,1.0
整合,0.0,15.0,0.0,1.0
发货,0.0,15.0,0.0,1.0
整体,0.0,33.0,0.0,1.0
共享,0.0,39.0,0.0,1.0
调制,0.0,6.0,0.0,1.0
980,0.0,3.0,0.0,1.0
确保,0.0,3.0,0.0,1.0
开展,0.0,45.0,0.0,1.0
基础,0.0,9.0,0.0,1.0
下降,0.0,3.0,0.0,1.0
昨日,0.0,12.0,0.0,1.0
Quote2010PictureProducter,0.0,12.0,0.0,1.0
下旬,0.0,15.0,0.0,1.0
世界各地,0.0,3.0,0.0,1.0
日本,0.0,30.0,0.0,1.0
8816448133673487248,0.0,3.0,0.0,1.0
190,0.0,3.0,0.0,1.0
全面,0.0,63.0,0.0,1.0
规范,0.0,15.0,0.0,1.0
区块,0.0,33.0,0.0,1.0
前列,0.0,3.0,0.0,1.0
四,0.0,9.0,0.0,1.0
几毫米,0.0,3.0,0.0,1.0
年,2.0,336.0,0.005917159763313609,0.9940828402366864
通道,0.0,3.0,0.0,1.0
排,0.0,3.0,0.0,1.0
具体,0.0,6.0,0.0,1.0
只,0.0,12.0,0.0,1.0
重点,0.0,21.0,0.0,1.0
带宽,0.0,6.0,0.0,1.0
很大,0.0,3.0,0.0,1.0
收窄,0.0,3.0,0.0,1.0
日常,0.0,6.0,0.0,1.0
偿还,0.0,6.0,0.0,1.0
学子,0.0,3.0,0.0,1.0
i8,0.0,3.0,0.0,1.0
彭博社,0.0,3.0,0.0,1.0
征求,0.0,3.0,0.0,1.0
归属于,0.0,9.0,0.0,1.0
17.48,0.0,3.0,0.0,1.0
大,0.0,150.0,0.0,1.0
6.67,0.0,3.0,0.0,1.0
201707,0.0,12.0,0.0,1.0
中枢,0.0,6.0,0.0,1.0
催化剂,0.0,3.0,0.0,1.0
建筑面积,0.0,3.0,0.0,1.0
交,0.0,3.0,0.0,1.0
累计,0.0,9.0,0.0,1.0
简介,0.0,9.0,0.0,1.0
继,0.0,6.0,0.0,1.0
13.09,0.0,21.0,0.0,1.0
积累,0.0,21.0,0.0,1.0
管理制度,0.0,9.0,0.0,1.0
随选,0.0,3.0,0.0,1.0
40,0.0,6.0,0.0,1.0
管委会,0.0,9.0,0.0,1.0
布局,0.0,27.0,0.0,1.0
引擎,0.0,6.0,0.0,1.0
感谢,0.0,3.0,0.0,1.0
20.70,0.0,3.0,0.0,1.0
梦想,0.0,18.0,0.0,1.0
这是,0.0,12.0,0.0,1.0
首次,0.0,6.0,0.0,1.0
兼,0.0,3.0,0.0,1.0
不断涌现,0.0,3.0,0.0,1.0
自身,0.0,6.0,0.0,1.0
由,2.0,63.0,0.03076923076923077,0.9692307692307692
战略性,0.0,6.0,0.0,1.0
替代,0.0,3.0,0.0,1.0
控股权,0.0,3.0,0.0,1.0
熊辉,0.0,3.0,0.0,1.0
网路,0.0,3.0,0.0,1.0
用于,0.0,6.0,0.0,1.0
3,0.0,37.0,0.0,1.0
并发,0.0,3.0,0.0,1.0
序列,0.0,3.0,0.0,1.0
IMAGE,0.0,57.0,0.0,1.0
效应,0.0,3.0,0.0,1.0
产出,0.0,6.0,0.0,1.0
净额,0.0,3.0,0.0,1.0
上联,0.0,3.0,0.0,1.0
底部,0.0,6.0,0.0,1.0
方昆海,0.0,6.0,0.0,1.0
超低,0.0,6.0,0.0,1.0
以云,0.0,3.0,0.0,1.0
发货量,0.0,9.0,0.0,1.0
港元,0.0,42.0,0.0,1.0
接收机,0.0,3.0,0.0,1.0
下静待,0.0,3.0,0.0,1.0
转化,0.0,3.0,0.0,1.0
C114,0.0,3.0,0.0,1.0
市政府,0.0,3.0,0.0,1.0
官,0.0,3.0,0.0,1.0
确定,0.0,9.0,0.0,1.0
效益,0.0,15.0,0.0,1.0
大奖,0.0,15.0,0.0,1.0
MBB,0.0,3.0,0.0,1.0
嘉兴,0.0,24.0,0.0,1.0
背景,0.0,9.0,0.0,1.0
雄厚,0.0,6.0,0.0,1.0
集中,0.0,6.0,0.0,1.0
有线电视,0.0,3.0,0.0,1.0
CEO,0.0,3.0,0.0,1.0
间接,0.0,12.0,0.0,1.0
无需,0.0,3.0,0.0,1.0
基本功能,0.0,3.0,0.0,1.0
科目,0.0,3.0,0.0,1.0
任命,0.0,3.0,0.0,1.0
Hans,0.0,3.0,0.0,1.0
1000,0.0,15.0,0.0,1.0
上述,0.0,9.0,0.0,1.0
万里行,0.0,6.0,0.0,1.0
本地网络,0.0,3.0,0.0,1.0
面上,0.0,6.0,0.0,1.0
中国联通,0.0,27.0,0.0,1.0
这方面,0.0,6.0,0.0,1.0
5GHz,0.0,3.0,0.0,1.0
巴塞罗那,0.0,6.0,0.0,1.0
巩固,0.0,6.0,0.0,1.0
华数,0.0,33.0,0.0,1.0
这条,0.0,3.0,0.0,1.0
年底,0.0,18.0,0.0,1.0
社交,0.0,3.0,0.0,1.0
始终,0.0,3.0,0.0,1.0
无缝,0.0,3.0,0.0,1.0
有个,0.0,3.0,0.0,1.0
将会,0.0,15.0,0.0,1.0
活跃股,0.0,3.0,0.0,1.0
两次,0.0,3.0,0.0,1.0
系统集成,0.0,3.0,0.0,1.0
此,0.0,12.0,0.0,1.0
每年,0.0,3.0,0.0,1.0
涨,0.0,42.0,0.0,1.0
诺诺,0.0,3.0,0.0,1.0
收盘,0.0,6.0,0.0,1.0
细务,0.0,3.0,0.0,1.0
DF120,0.0,3.0,0.0,1.0
涉及,0.0,6.0,0.0,1.0
早,0.0,3.0,0.0,1.0
软件开发,0.0,3.0,0.0,1.0
高见,0.0,3.0,0.0,1.0
控制,0.0,9.0,0.0,1.0
编辑,0.0,6.0,0.0,1.0
公会,0.0,3.0,0.0,1.0
大力,0.0,3.0,0.0,1.0
聚合,0.0,3.0,0.0,1.0
引来,0.0,3.0,0.0,1.0
立项,0.0,3.0,0.0,1.0
将,0.0,312.0,0.0,1.0
席位,0.0,3.0,0.0,1.0
随着,0.0,27.0,0.0,1.0
A股,0.0,90.0,0.0,1.0
主讲,0.0,3.0,0.0,1.0
技术升级,0.0,3.0,0.0,1.0
第五,0.0,3.0,0.0,1.0
一职,0.0,21.0,0.0,1.0
Telenor,0.0,9.0,0.0,1.0
32ac3f03,0.0,3.0,0.0,1.0
同行业,0.0,3.0,0.0,1.0
强烈推荐,0.0,6.0,0.0,1.0
基础设施,0.0,6.0,0.0,1.0
方昆,0.0,3.0,0.0,1.0
一位,0.0,9.0,0.0,1.0
所,0.0,15.0,0.0,1.0
赵先明,0.0,18.0,0.0,1.0
杨波,0.0,3.0,0.0,1.0
成,0.0,6.0,0.0,1.0
User,0.0,3.0,0.0,1.0
帮助,0.0,15.0,0.0,1.0
快,0.0,3.0,0.0,1.0
幣购,0.0,6.0,0.0,1.0
肖明,0.0,6.0,0.0,1.0
近年来,0.0,12.0,0.0,1.0
检索,0.0,6.0,0.0,1.0
分行,0.0,3.0,0.0,1.0
上,2.0,192.0,0.010309278350515464,0.9896907216494846
一份,0.0,3.0,0.0,1.0
学习,0.0,9.0,0.0,1.0
梯队,0.0,3.0,0.0,1.0
先行,0.0,9.0,0.0,1.0
激励机制,0.0,3.0,0.0,1.0
比如,0.0,9.0,0.0,1.0
优秀,0.0,6.0,0.0,1.0
证券,0.0,21.0,0.0,1.0
麦克风,0.0,3.0,0.0,1.0
当前,0.0,15.0,0.0,1.0
王昕,0.0,3.0,0.0,1.0
1.63,0.0,6.0,0.0,1.0
导向,0.0,6.0,0.0,1.0
执行,0.0,15.0,0.0,1.0
示范,0.0,3.0,0.0,1.0
07,0.0,19.0,0.0,1.0
空口,0.0,3.0,0.0,1.0
浮盈,0.0,3.0,0.0,1.0
设计,0.0,18.0,0.0,1.0
简单,0.0,6.0,0.0,1.0
刑拘,0.0,6.0,0.0,1.0
朋友,0.0,3.0,0.0,1.0
方式,0.0,9.0,0.0,1.0
等,0.0,192.0,0.0,1.0
走入,0.0,3.0,0.0,1.0
有助于,0.0,18.0,0.0,1.0
调查局,0.0,6.0,0.0,1.0
电源,0.0,3.0,0.0,1.0
张建国,0.0,15.0,0.0,1.0
逼近,0.0,6.0,0.0,1.0
565,0.0,9.0,0.0,1.0
1.3,0.0,3.0,0.0,1.0
匿名,0.0,3.0,0.0,1.0
浇筑,0.0,6.0,0.0,1.0
转变,0.0,3.0,0.0,1.0
300,0.0,6.0,0.0,1.0
Flexible,0.0,3.0,0.0,1.0
同行,0.0,3.0,0.0,1.0
信息技术,0.0,9.0,0.0,1.0
—,0.0,27.0,0.0,1.0
隔离,0.0,3.0,0.0,1.0
源代码,0.0,3.0,0.0,1.0
智囊团,0.0,3.0,0.0,1.0
以下,0.0,9.0,0.0,1.0
这位,0.0,3.0,0.0,1.0
20170627,0.0,6.0,0.0,1.0
出席,0.0,15.0,0.0,1.0
携大,0.0,3.0,0.0,1.0
预测,0.0,3.0,0.0,1.0
导致,0.0,3.0,0.0,1.0
策略,0.0,3.0,0.0,1.0
股票,0.0,45.0,0.0,1.0
高标准,0.0,9.0,0.0,1.0
稳居,0.0,6.0,0.0,1.0
清仓,0.0,3.0,0.0,1.0
4.7,0.0,3.0,0.0,1.0
教育,0.0,24.0,0.0,1.0
共推,0.0,3.0,0.0,1.0
助推,0.0,6.0,0.0,1.0
董事,0.0,6.0,0.0,1.0
」,0.0,6.0,0.0,1.0
2.89,0.0,12.0,0.0,1.0
有关,0.0,6.0,0.0,1.0
一年,0.0,15.0,0.0,1.0
为端,0.0,3.0,0.0,1.0
工程师,0.0,3.0,0.0,1.0
一笔,0.0,3.0,0.0,1.0
电话会议,0.0,3.0,0.0,1.0
25,0.0,9.0,0.0,1.0
视野,0.0,3.0,0.0,1.0
巨亏,0.0,3.0,0.0,1.0
以,0.0,90.0,0.0,1.0
各类,0.0,6.0,0.0,1.0
洽谈,0.0,3.0,0.0,1.0
上调,0.0,9.0,0.0,1.0
决策,0.0,3.0,0.0,1.0
距离,0.0,6.0,0.0,1.0
去年同期,0.0,9.0,0.0,1.0
知道,0.0,6.0,0.0,1.0
刚好,0.0,3.0,0.0,1.0
到户,0.0,3.0,0.0,1.0
工作,0.0,33.0,0.0,1.0
从而,0.0,27.0,0.0,1.0
四个,0.0,6.0,0.0,1.0
并表,0.0,6.0,0.0,1.0
Michel,0.0,3.0,0.0,1.0
活动,0.0,18.0,0.0,1.0
会议,0.0,21.0,0.0,1.0
主营业务,0.0,9.0,0.0,1.0
无线通信,0.0,6.0,0.0,1.0
继在,0.0,3.0,0.0,1.0
这些,0.0,18.0,0.0,1.0
站址,0.0,3.0,0.0,1.0
浮现,0.0,6.0,0.0,1.0
深掘,0.0,3.0,0.0,1.0
16.36,0.0,3.0,0.0,1.0
20170629,0.0,3.0,0.0,1.0
课,0.0,3.0,0.0,1.0
场所,0.0,3.0,0.0,1.0
新闻,0.0,9.0,0.0,1.0
国土,0.0,3.0,0.0,1.0
新,0.0,102.0,0.0,1.0
上涨,0.0,18.0,0.0,1.0
是,0.0,207.0,0.0,1.0
前传,0.0,3.0,0.0,1.0
信息产业,0.0,3.0,0.0,1.0
一流,0.0,6.0,0.0,1.0
迎接,0.0,6.0,0.0,1.0
议案,0.0,15.0,0.0,1.0
华泰,0.0,3.0,0.0,1.0
殷一民,0.0,48.0,0.0,1.0
使用,0.0,18.0,0.0,1.0
标志,0.0,9.0,0.0,1.0
校企,2.0,0.0,1.0,0.0
加,0.0,3.0,0.0,1.0
规模,0.0,45.0,0.0,1.0
>,0.0,81.0,0.0,1.0
美国,0.0,15.0,0.0,1.0
处于,0.0,21.0,0.0,1.0
何伟,0.0,3.0,0.0,1.0
兴,0.0,42.0,0.0,1.0
710Mbps,0.0,3.0,0.0,1.0
合同,0.0,3.0,0.0,1.0
在内,0.0,21.0,0.0,1.0
感受,0.0,12.0,0.0,1.0
净亏损,0.0,3.0,0.0,1.0
72,0.0,3.0,0.0,1.0
平衡,0.0,3.0,0.0,1.0
出现,0.0,6.0,0.0,1.0
驱动,0.0,9.0,0.0,1.0
看着,0.0,3.0,0.0,1.0
中国银行,0.0,3.0,0.0,1.0
35d050712922,0.0,3.0,0.0,1.0
点明,0.0,3.0,0.0,1.0
建设工程,0.0,3.0,0.0,1.0
什么样,0.0,3.0,0.0,1.0
武汉市,0.0,3.0,0.0,1.0
55,0.0,6.0,0.0,1.0
接近,0.0,12.0,0.0,1.0
视讯,0.0,3.0,0.0,1.0
溢出,0.0,3.0,0.0,1.0
载波,0.0,3.0,0.0,1.0
SHAREPURCHASE,0.0,3.0,0.0,1.0
组织,0.0,33.0,0.0,1.0
N,0.0,3.0,0.0,1.0
产品品质,0.0,3.0,0.0,1.0
地,0.0,27.0,0.0,1.0
凭藉,0.0,3.0,0.0,1.0
838,0.0,3.0,0.0,1.0
万平方米,0.0,3.0,0.0,1.0
完整,0.0,12.0,0.0,1.0
轨道交通,0.0,3.0,0.0,1.0
hqhkpic,0.0,12.0,0.0,1.0
达到,0.0,24.0,0.0,1.0
转好,0.0,6.0,0.0,1.0
26000063,0.0,3.0,0.0,1.0
期待,0.0,9.0,0.0,1.0
网改,0.0,3.0,0.0,1.0
08,0.0,10.0,0.0,1.0
举办,0.0,45.0,0.0,1.0
走,0.0,3.0,0.0,1.0
席卷,0.0,3.0,0.0,1.0
预,0.0,51.0,0.0,1.0
MSCI,0.0,48.0,0.0,1.0
参与,0.0,36.0,0.0,1.0
燕,0.0,3.0,0.0,1.0
积极,0.0,54.0,0.0,1.0
短期,0.0,3.0,0.0,1.0
首款,0.0,3.0,0.0,1.0
工具包,0.0,3.0,0.0,1.0
3019,0.0,3.0,0.0,1.0
Asia,0.0,3.0,0.0,1.0
利好,0.0,15.0,0.0,1.0
齐涨,0.0,6.0,0.0,1.0
赞助商,0.0,3.0,0.0,1.0
正是,0.0,6.0,0.0,1.0
秘书长,0.0,6.0,0.0,1.0
引进,0.0,6.0,0.0,1.0
位列,0.0,6.0,0.0,1.0
第四届,0.0,3.0,0.0,1.0
先生,0.0,45.0,0.0,1.0
信心,0.0,9.0,0.0,1.0
4,0.0,66.0,0.0,1.0
这款,0.0,3.0,0.0,1.0
发现,0.0,12.0,0.0,1.0
4.5,0.0,6.0,0.0,1.0
知名,0.0,6.0,0.0,1.0
周少杰,0.0,3.0,0.0,1.0
第三次,0.0,6.0,0.0,1.0
藏,0.0,3.0,0.0,1.0
插上,0.0,3.0,0.0,1.0
憧憬,0.0,3.0,0.0,1.0
更是,0.0,3.0,0.0,1.0
下同,0.0,3.0,0.0,1.0
新兴,0.0,36.0,0.0,1.0
中心组,0.0,3.0,0.0,1.0
说,0.0,9.0,0.0,1.0
结构设计,0.0,3.0,0.0,1.0
等等,0.0,9.0,0.0,1.0
持,0.0,9.0,0.0,1.0
关心,0.0,9.0,0.0,1.0
_,0.0,24.0,0.0,1.0
实力,0.0,24.0,0.0,1.0
IMS,0.0,3.0,0.0,1.0
总裁,0.0,21.0,0.0,1.0
一些,0.0,6.0,0.0,1.0
第三季,0.0,3.0,0.0,1.0
现升,0.0,12.0,0.0,1.0
特征,0.0,12.0,0.0,1.0
新一轮,0.0,12.0,0.0,1.0
七年,0.0,3.0,0.0,1.0
点,0.0,15.0,0.0,1.0
32.64,0.0,6.0,0.0,1.0
录得,0.0,3.0,0.0,1.0
第一枪,0.0,3.0,0.0,1.0
个,0.0,24.0,0.0,1.0
伴随,0.0,6.0,0.0,1.0
科技,0.0,36.0,0.0,1.0
引导,0.0,6.0,0.0,1.0
分享,0.0,27.0,0.0,1.0
建筑群,0.0,3.0,0.0,1.0
相对,0.0,3.0,0.0,1.0
印尼,0.0,3.0,0.0,1.0
一员,0.0,9.0,0.0,1.0
高峰,0.0,3.0,0.0,1.0
有线,0.0,6.0,0.0,1.0
3.68,0.0,6.0,0.0,1.0
分,0.0,3.0,0.0,1.0
一段,0.0,3.0,0.0,1.0
为主,0.0,6.0,0.0,1.0
公开,0.0,6.0,0.0,1.0
一届,0.0,3.0,0.0,1.0
平台,0.0,69.0,0.0,1.0
软件,0.0,24.0,0.0,1.0
84da,0.0,3.0,0.0,1.0
万港元,0.0,3.0,0.0,1.0
摘要,0.0,3.0,0.0,1.0
话务量,0.0,3.0,0.0,1.0
后期,0.0,3.0,0.0,1.0
市政管理,0.0,3.0,0.0,1.0
发射机,0.0,3.0,0.0,1.0
理解,0.0,9.0,0.0,1.0
研制,0.0,6.0,0.0,1.0
知情人,0.0,6.0,0.0,1.0
首创,0.0,3.0,0.0,1.0
（,0.0,232.0,0.0,1.0
考虑,0.0,3.0,0.0,1.0
小组,0.0,21.0,0.0,1.0
更,0.0,60.0,0.0,1.0
公共部门,0.0,6.0,0.0,1.0
1,0.0,21.0,0.0,1.0
表示,0.0,120.0,0.0,1.0
深厚,0.0,3.0,0.0,1.0
黄兴,0.0,3.0,0.0,1.0
以及,0.0,75.0,0.0,1.0
承受,0.0,3.0,0.0,1.0
性能指标,0.0,3.0,0.0,1.0
作用,0.0,15.0,0.0,1.0
解释,0.0,3.0,0.0,1.0
14,0.0,6.0,0.0,1.0
积极参与,0.0,9.0,0.0,1.0
严格,0.0,3.0,0.0,1.0
540.11,0.0,30.0,0.0,1.0
适用,0.0,3.0,0.0,1.0
大有可为,0.0,3.0,0.0,1.0
充分体现,0.0,3.0,0.0,1.0
土建,0.0,3.0,0.0,1.0
MM,0.0,3.0,0.0,1.0
总线,0.0,3.0,0.0,1.0
总理,0.0,18.0,0.0,1.0
成员,0.0,15.0,0.0,1.0
近三成,0.0,9.0,0.0,1.0
和谐,0.0,3.0,0.0,1.0
世界级,0.0,3.0,0.0,1.0
vDC,0.0,3.0,0.0,1.0
私募,0.0,3.0,0.0,1.0
Pre,0.0,3.0,0.0,1.0
股份公司,0.0,6.0,0.0,1.0
智能家居,0.0,3.0,0.0,1.0
验证,0.0,45.0,0.0,1.0
新城,0.0,9.0,0.0,1.0
卡里,0.0,3.0,0.0,1.0
新旗舰,0.0,3.0,0.0,1.0
展会,0.0,24.0,0.0,1.0
三年,0.0,3.0,0.0,1.0
第十个,0.0,3.0,0.0,1.0
财华,0.0,3.0,0.0,1.0
已于,0.0,3.0,0.0,1.0
万件,0.0,6.0,0.0,1.0
创,0.0,33.0,0.0,1.0
看,0.0,3.0,0.0,1.0
公开市场,0.0,3.0,0.0,1.0
债务,0.0,3.0,0.0,1.0
左右,0.0,6.0,0.0,1.0
优势互补,0.0,3.0,0.0,1.0
参展,0.0,9.0,0.0,1.0
呈,0.0,3.0,0.0,1.0
韩国,0.0,3.0,0.0,1.0
期,0.0,3.0,0.0,1.0
物,0.0,24.0,0.0,1.0
累积,0.0,6.0,0.0,1.0
加上,0.0,3.0,0.0,1.0
走向,0.0,6.0,0.0,1.0
RRU,0.0,3.0,0.0,1.0
从何,0.0,3.0,0.0,1.0
复苏,0.0,3.0,0.0,1.0
及其,0.0,18.0,0.0,1.0
第二阶段,0.0,18.0,0.0,1.0
低估,0.0,6.0,0.0,1.0
1.50,0.0,3.0,0.0,1.0
绩效,0.0,6.0,0.0,1.0
RAM,0.0,3.0,0.0,1.0
集成商,0.0,3.0,0.0,1.0
组成部分,0.0,3.0,0.0,1.0
8GB,0.0,3.0,0.0,1.0
62.02,0.0,3.0,0.0,1.0
李克强,0.0,15.0,0.0,1.0
Chatbot,0.0,3.0,0.0,1.0
领导,0.0,15.0,0.0,1.0
刑事拘留,0.0,21.0,0.0,1.0
副省长,0.0,3.0,0.0,1.0
一方面,0.0,6.0,0.0,1.0
T8000,0.0,3.0,0.0,1.0
最小,0.0,3.0,0.0,1.0
保持稳定,0.0,3.0,0.0,1.0
支,0.0,3.0,0.0,1.0
中国,0.0,150.0,0.0,1.0
:,0.0,78.0,0.0,1.0
持股,0.0,30.0,0.0,1.0
发挥,0.0,9.0,0.0,1.0
2013,0.0,6.0,0.0,1.0
现任,0.0,3.0,0.0,1.0
认可,0.0,12.0,0.0,1.0
懂,0.0,3.0,0.0,1.0
实际,0.0,6.0,0.0,1.0
当地,0.0,6.0,0.0,1.0
高位,0.0,6.0,0.0,1.0
交换机,0.0,3.0,0.0,1.0
振奋人心,0.0,3.0,0.0,1.0
大盘股,0.0,3.0,0.0,1.0
快报,0.0,42.0,0.0,1.0
水下,0.0,6.0,0.0,1.0
PTN,0.0,9.0,0.0,1.0
对象,0.0,9.0,0.0,1.0
别人,0.0,3.0,0.0,1.0
改变,0.0,6.0,0.0,1.0
计算机,0.0,3.0,0.0,1.0
官方,0.0,15.0,0.0,1.0
交往,0.0,6.0,0.0,1.0
重要一环,0.0,3.0,0.0,1.0
Charles,0.0,3.0,0.0,1.0
联合国,0.0,12.0,0.0,1.0
原,0.0,36.0,0.0,1.0
RAN,0.0,6.0,0.0,1.0
05,0.0,9.0,0.0,1.0
电讯,0.0,15.0,0.0,1.0
工会主席,0.0,30.0,0.0,1.0
10,0.0,30.0,0.0,1.0
更为重要,0.0,3.0,0.0,1.0
华夏,0.0,3.0,0.0,1.0
亿元,0.0,186.0,0.0,1.0
20170526,0.0,6.0,0.0,1.0
颁发,0.0,3.0,0.0,1.0
人工智能,0.0,21.0,0.0,1.0
点对点,0.0,3.0,0.0,1.0
主旨,0.0,3.0,0.0,1.0
获,0.0,6.0,0.0,1.0
用户,0.0,49.0,0.0,1.0
滚动,0.0,3.0,0.0,1.0
13,0.0,27.0,0.0,1.0
公司员工,0.0,3.0,0.0,1.0
总工程师,0.0,9.0,0.0,1.0
版,0.0,3.0,0.0,1.0
16.8,0.0,9.0,0.0,1.0
见状,0.0,3.0,0.0,1.0
估计,0.0,9.0,0.0,1.0
9V8,0.0,3.0,0.0,1.0
形态,0.0,3.0,0.0,1.0
极限,0.0,6.0,0.0,1.0
民政,0.0,3.0,0.0,1.0
架构师,0.0,3.0,0.0,1.0
类别,0.0,6.0,0.0,1.0
逾,0.0,15.0,0.0,1.0
04,0.0,6.0,0.0,1.0
H,0.0,3.0,0.0,1.0
经过,0.0,3.0,0.0,1.0
资格,0.0,3.0,0.0,1.0
最轻,0.0,3.0,0.0,1.0
↓,0.0,18.0,0.0,1.0
article,0.0,3.0,0.0,1.0
华为,0.0,6.0,0.0,1.0
亿购,0.0,3.0,0.0,1.0
开幕,0.0,6.0,0.0,1.0
NFV,0.0,9.0,0.0,1.0
2004,0.0,3.0,0.0,1.0
星期二,0.0,6.0,0.0,1.0
期间,0.0,18.0,0.0,1.0
据悉,0.0,9.0,0.0,1.0
K,0.0,12.0,0.0,1.0
hqpick,0.0,9.0,0.0,1.0
智慧,0.0,126.0,0.0,1.0
各大,0.0,6.0,0.0,1.0
还是,0.0,12.0,0.0,1.0
归母,0.0,3.0,0.0,1.0
参加,0.0,12.0,0.0,1.0
开除,0.0,3.0,0.0,1.0
段,0.0,3.0,0.0,1.0
办公室,0.0,3.0,0.0,1.0
加速,0.0,24.0,0.0,1.0
单位,0.0,3.0,0.0,1.0
W5,0.0,3.0,0.0,1.0
尚需,0.0,3.0,0.0,1.0
高性能,0.0,3.0,0.0,1.0
增速,0.0,24.0,0.0,1.0
61d3,0.0,3.0,0.0,1.0
机构,0.0,3.0,0.0,1.0
@,0.0,12.0,0.0,1.0
农业银行,0.0,3.0,0.0,1.0
高峰论坛,0.0,45.0,0.0,1.0
发展,0.0,126.0,0.0,1.0
内核,0.0,3.0,0.0,1.0
白金,0.0,3.0,0.0,1.0
放弃,0.0,3.0,0.0,1.0
从,0.0,54.0,0.0,1.0
50,0.0,6.0,0.0,1.0
asiafinance,0.0,9.0,0.0,1.0
阿里巴巴,0.0,9.0,0.0,1.0
任职,0.0,3.0,0.0,1.0
2000,0.0,15.0,0.0,1.0
细节,0.0,3.0,0.0,1.0
净利,0.0,6.0,0.0,1.0
进展,0.0,6.0,0.0,1.0
李兴彩,0.0,3.0,0.0,1.0
投资收益,0.0,9.0,0.0,1.0
ICT,0.0,21.0,0.0,1.0
13163719hyu4,0.0,3.0,0.0,1.0
产业链,0.0,9.0,0.0,1.0
专业,0.0,12.0,0.0,1.0
1.13,0.0,6.0,0.0,1.0
刷新,0.0,6.0,0.0,1.0
蓝海,0.0,3.0,0.0,1.0
无,0.0,3.0,0.0,1.0
现场,0.0,24.0,0.0,1.0
生态,0.0,18.0,0.0,1.0
研究院,0.0,3.0,0.0,1.0
时报,0.0,3.0,0.0,1.0
4G,0.0,93.0,0.0,1.0
通,0.0,6.0,0.0,1.0
频分,0.0,3.0,0.0,1.0
所示,0.0,3.0,0.0,1.0
13.21,0.0,3.0,0.0,1.0
近,0.0,36.0,0.0,1.0
多少,0.0,3.0,0.0,1.0
996,0.0,3.0,0.0,1.0
画卷,0.0,3.0,0.0,1.0
互动,0.0,6.0,0.0,1.0
营销,0.0,3.0,0.0,1.0
朱必亮,0.0,3.0,0.0,1.0
28.43,0.0,3.0,0.0,1.0
入围,0.0,6.0,0.0,1.0
表现力,0.0,3.0,0.0,1.0
充分,0.0,12.0,0.0,1.0
IPTV,0.0,33.0,0.0,1.0
监管,0.0,3.0,0.0,1.0
赶超,0.0,3.0,0.0,1.0
局部,0.0,3.0,0.0,1.0
通信网,0.0,3.0,0.0,1.0
同比增加,0.0,3.0,0.0,1.0
伯杰,0.0,6.0,0.0,1.0
超过,0.0,33.0,0.0,1.0
渐显,0.0,3.0,0.0,1.0
集,0.0,3.0,0.0,1.0
需求,0.0,24.0,0.0,1.0
超,0.0,18.0,0.0,1.0
大刀阔斧,0.0,3.0,0.0,1.0
20170607,0.0,3.0,0.0,1.0
18.94,0.0,3.0,0.0,1.0
回传,0.0,3.0,0.0,1.0
政务信息,0.0,3.0,0.0,1.0
3.3,0.0,3.0,0.0,1.0
效率,0.0,18.0,0.0,1.0
互联网,0.0,69.0,0.0,1.0
光,0.0,27.0,0.0,1.0
土地,0.0,12.0,0.0,1.0
阿里,0.0,12.0,0.0,1.0
构筑,0.0,6.0,0.0,1.0
总监,0.0,3.0,0.0,1.0
担纲,0.0,3.0,0.0,1.0
演示,0.0,21.0,0.0,1.0
直传,0.0,3.0,0.0,1.0
任组长,0.0,3.0,0.0,1.0
20.40,0.0,3.0,0.0,1.0
打击,0.0,3.0,0.0,1.0
互操作性,0.0,6.0,0.0,1.0
26.13,0.0,6.0,0.0,1.0
流动,0.0,18.0,0.0,1.0
美国政府,0.0,6.0,0.0,1.0
赵庆,0.0,3.0,0.0,1.0
期权,0.0,30.0,0.0,1.0
双双,0.0,9.0,0.0,1.0
居首,0.0,3.0,0.0,1.0
晒,0.0,3.0,0.0,1.0
旧,0.0,3.0,0.0,1.0
正常化,0.0,3.0,0.0,1.0
部分,0.0,3.0,0.0,1.0
灵活性,0.0,3.0,0.0,1.0
不少,0.0,3.0,0.0,1.0
客户资源,0.0,3.0,0.0,1.0
马,0.0,3.0,0.0,1.0
万余名,0.0,3.0,0.0,1.0
永不,0.0,3.0,0.0,1.0
涉嫌,0.0,15.0,0.0,1.0
买卖,0.0,3.0,0.0,1.0
流,0.0,3.0,0.0,1.0
专委,0.0,3.0,0.0,1.0
确认书,0.0,3.0,0.0,1.0
2.93,0.0,3.0,0.0,1.0
券商,0.0,3.0,0.0,1.0
网络覆盖,0.0,6.0,0.0,1.0
光纤,0.0,3.0,0.0,1.0
超高,0.0,3.0,0.0,1.0
会,0.0,21.0,0.0,1.0
许明,0.0,3.0,0.0,1.0
先后,0.0,6.0,0.0,1.0
主动,0.0,12.0,0.0,1.0
数据库,0.0,6.0,0.0,1.0
顾问,0.0,3.0,0.0,1.0
认证,0.0,21.0,0.0,1.0
纳入,0.0,39.0,0.0,1.0
CTO,0.0,15.0,0.0,1.0
信息,0.0,54.0,0.0,1.0
康讯,0.0,3.0,0.0,1.0
2.17,0.0,3.0,0.0,1.0
超快,0.0,3.0,0.0,1.0
SIC,0.0,3.0,0.0,1.0
网红,0.0,6.0,0.0,1.0
易,0.0,3.0,0.0,1.0
一中,0.0,3.0,0.0,1.0
主持,0.0,12.0,0.0,1.0
基本面,0.0,9.0,0.0,1.0
格隆汇,0.0,3.0,0.0,1.0
Pre5GMassive,0.0,1.0,0.0,1.0
立即,0.0,3.0,0.0,1.0
加入,0.0,15.0,0.0,1.0
亦,0.0,3.0,0.0,1.0
开始,0.0,51.0,0.0,1.0
相信,0.0,6.0,0.0,1.0
试验场,0.0,3.0,0.0,1.0
下载速度,0.0,3.0,0.0,1.0
下称,0.0,3.0,0.0,1.0
主办,0.0,9.0,0.0,1.0
良,0.0,3.0,0.0,1.0
初期,0.0,3.0,0.0,1.0
自首,0.0,18.0,0.0,1.0
苏宁,0.0,9.0,0.0,1.0
OVUM,0.0,6.0,0.0,1.0
月,0.0,320.0,0.0,1.0
金融市场,0.0,3.0,0.0,1.0
KPN,0.0,3.0,0.0,1.0
人,0.0,21.0,0.0,1.0
00763,0.0,99.0,0.0,1.0
赚,0.0,3.0,0.0,1.0
数月,0.0,9.0,0.0,1.0
尽快,0.0,3.0,0.0,1.0
总价,0.0,3.0,0.0,1.0
关键因素,0.0,3.0,0.0,1.0
续写,0.0,3.0,0.0,1.0
专家,0.0,21.0,0.0,1.0
收益,0.0,3.0,0.0,1.0
报道,0.0,40.0,0.0,1.0
推进,0.0,69.0,0.0,1.0
曾,0.0,9.0,0.0,1.0
生态系统,0.0,24.0,0.0,1.0
诊股,0.0,61.0,0.0,1.0
别的,0.0,6.0,0.0,1.0
极强,0.0,3.0,0.0,1.0
普遍认为,0.0,3.0,0.0,1.0
亮相,0.0,12.0,0.0,1.0
21.21,0.0,3.0,0.0,1.0
框架,0.0,6.0,0.0,1.0
报收,0.0,6.0,0.0,1.0
客户端,0.0,9.0,0.0,1.0
知悉,0.0,3.0,0.0,1.0
钻研,0.0,3.0,0.0,1.0
事件,0.0,6.0,0.0,1.0
ImageType,0.0,12.0,0.0,1.0
第一季度,0.0,3.0,0.0,1.0
全球,0.0,261.0,0.0,1.0
方,0.0,3.0,0.0,1.0
遥遥领先,0.0,3.0,0.0,1.0
崛起,0.0,3.0,0.0,1.0
泥潭,0.0,3.0,0.0,1.0
两个,0.0,21.0,0.0,1.0
内部,0.0,66.0,0.0,1.0
分组,0.0,6.0,0.0,1.0
负责人,0.0,6.0,0.0,1.0
历史,0.0,24.0,0.0,1.0
明显,0.0,9.0,0.0,1.0
住房,0.0,3.0,0.0,1.0
632dd68d,0.0,3.0,0.0,1.0
第十七次,0.0,3.0,0.0,1.0
前沿技术,0.0,6.0,0.0,1.0
应对,0.0,3.0,0.0,1.0
赢得,2.0,3.0,0.4,0.6
激励,0.0,48.0,0.0,1.0
沿途,0.0,3.0,0.0,1.0
签署,0.0,45.0,0.0,1.0
2019,0.0,6.0,0.0,1.0
14.33,0.0,3.0,0.0,1.0
做好,0.0,21.0,0.0,1.0
信部,0.0,3.0,0.0,1.0
360,0.0,3.0,0.0,1.0
网办,0.0,3.0,0.0,1.0
多地,0.0,3.0,0.0,1.0
本,0.0,6.0,0.0,1.0
建议,0.0,6.0,0.0,1.0
落地,0.0,21.0,0.0,1.0
案情,0.0,6.0,0.0,1.0
新品,0.0,15.0,0.0,1.0
城市,0.0,81.0,0.0,1.0
詹钰叶,0.0,3.0,0.0,1.0
27.81,0.0,3.0,0.0,1.0
占,0.0,6.0,0.0,1.0
04ef3be0,0.0,9.0,0.0,1.0
ID,0.0,12.0,0.0,1.0
时,0.0,18.0,0.0,1.0
IEEE,0.0,9.0,0.0,1.0
千万级,0.0,3.0,0.0,1.0
22,0.0,9.0,0.0,1.0
接二连三,0.0,3.0,0.0,1.0
并且,0.0,6.0,0.0,1.0
领先,0.0,69.0,0.0,1.0
管理,0.0,57.0,0.0,1.0
导读,0.0,3.0,0.0,1.0
OEM,0.0,6.0,0.0,1.0
深,0.0,21.0,0.0,1.0
28xPE,0.0,3.0,0.0,1.0
承担,0.0,9.0,0.0,1.0
草案,0.0,3.0,0.0,1.0
秦如培,0.0,3.0,0.0,1.0
荷兰,0.0,12.0,0.0,1.0
阳光,0.0,3.0,0.0,1.0
互联,0.0,9.0,0.0,1.0
薪酬,0.0,3.0,0.0,1.0
旗下,0.0,18.0,0.0,1.0
第三名,0.0,3.0,0.0,1.0
凭借着,0.0,3.0,0.0,1.0
Neta,0.0,9.0,0.0,1.0
关,0.0,3.0,0.0,1.0
使,0.0,6.0,0.0,1.0
数据中心,0.0,27.0,0.0,1.0
A2P,0.0,3.0,0.0,1.0
3GPP,0.0,6.0,0.0,1.0
采,0.0,3.0,0.0,1.0
致辞,0.0,6.0,0.0,1.0
每经,0.0,6.0,0.0,1.0
成熟,0.0,18.0,0.0,1.0
视频,0.0,84.0,0.0,1.0
027,0.0,3.0,0.0,1.0
德国科隆,0.0,3.0,0.0,1.0
传递,0.0,6.0,0.0,1.0
个省,0.0,3.0,0.0,1.0
转发,0.0,6.0,0.0,1.0
且,0.0,9.0,0.0,1.0
双轮,0.0,6.0,0.0,1.0
产品开发,0.0,6.0,0.0,1.0
概括,0.0,3.0,0.0,1.0
近日,0.0,90.0,0.0,1.0
多方面,0.0,6.0,0.0,1.0
for,0.0,3.0,0.0,1.0
融合,0.0,21.0,0.0,1.0
化,0.0,27.0,0.0,1.0
区域,0.0,15.0,0.0,1.0
007635,0.0,12.0,0.0,1.0
NGMN,0.0,3.0,0.0,1.0
预案,0.0,6.0,0.0,1.0
申请,0.0,15.0,0.0,1.0
白马股,0.0,3.0,0.0,1.0
永兴,0.0,6.0,0.0,1.0
V,0.0,3.0,0.0,1.0
延续,0.0,3.0,0.0,1.0
证券日报,0.0,3.0,0.0,1.0
据格,0.0,3.0,0.0,1.0
现金,0.0,3.0,0.0,1.0
这较,0.0,3.0,0.0,1.0
停车,0.0,3.0,0.0,1.0
您,0.0,3.0,0.0,1.0
：,0.0,228.0,0.0,1.0
601939,0.0,3.0,0.0,1.0
参与者,0.0,6.0,0.0,1.0
原理,0.0,3.0,0.0,1.0
合伙人,0.0,6.0,0.0,1.0
多钱,0.0,3.0,0.0,1.0
亮点,0.0,6.0,0.0,1.0
中,0.0,142.0,0.0,1.0
）,0.0,235.0,0.0,1.0
最为,0.0,3.0,0.0,1.0
亿份,0.0,6.0,0.0,1.0
000858,0.0,3.0,0.0,1.0
000034,0.0,6.0,0.0,1.0
西班牙,0.0,9.0,0.0,1.0
受此,0.0,12.0,0.0,1.0
投资,0.0,51.0,0.0,1.0
正在,0.0,42.0,0.0,1.0
175,0.0,3.0,0.0,1.0
;,0.0,15.0,0.0,1.0
massive,0.0,3.0,0.0,1.0
中标,0.0,9.0,0.0,1.0
罗松华,0.0,3.0,0.0,1.0
智能,0.0,21.0,0.0,1.0
赢,0.0,6.0,0.0,1.0
SD,0.0,6.0,0.0,1.0
共计,0.0,3.0,0.0,1.0
联盟,0.0,12.0,0.0,1.0
试验局,0.0,3.0,0.0,1.0
靠,0.0,3.0,0.0,1.0
H股,0.0,60.0,0.0,1.0
促进,0.0,15.0,0.0,1.0
后续,0.0,18.0,0.0,1.0
委员会,0.0,3.0,0.0,1.0
服务业,0.0,6.0,0.0,1.0
实测,0.0,12.0,0.0,1.0
宗,0.0,6.0,0.0,1.0
做到,0.0,3.0,0.0,1.0
快速增长,0.0,6.0,0.0,1.0
力求,0.0,3.0,0.0,1.0
朱进,0.0,9.0,0.0,1.0
上海交通大学,0.0,3.0,0.0,1.0
五年,0.0,3.0,0.0,1.0
规模化,0.0,3.0,0.0,1.0
产品部,0.0,6.0,0.0,1.0
一直,0.0,9.0,0.0,1.0
云,0.0,66.0,0.0,1.0
多名,0.0,3.0,0.0,1.0
UE,0.0,9.0,0.0,1.0
发言,0.0,18.0,0.0,1.0
云化,0.0,6.0,0.0,1.0
三板,0.0,3.0,0.0,1.0
四大,0.0,9.0,0.0,1.0
量,0.0,15.0,0.0,1.0
上溯,0.0,6.0,0.0,1.0
记录,0.0,3.0,0.0,1.0
彩虹,2.0,0.0,1.0,0.0
占有,0.0,3.0,0.0,1.0
公布,0.0,48.0,0.0,1.0
7.27,0.0,3.0,0.0,1.0
更换,0.0,3.0,0.0,1.0
地位,0.0,24.0,0.0,1.0
没有,0.0,9.0,0.0,1.0
借力,0.0,3.0,0.0,1.0
布鲁塞尔,0.0,12.0,0.0,1.0
后市,0.0,3.0,0.0,1.0
钥匙,0.0,3.0,0.0,1.0
利益,0.0,9.0,0.0,1.0
积,0.0,6.0,0.0,1.0
日晚,0.0,15.0,0.0,1.0
今天,0.0,3.0,0.0,1.0
集成,0.0,12.0,0.0,1.0
现在,0.0,3.0,0.0,1.0
BMC,0.0,3.0,0.0,1.0
趋势,0.0,24.0,0.0,1.0
汇总,0.0,3.0,0.0,1.0
下载,0.0,9.0,0.0,1.0
入选,0.0,3.0,0.0,1.0
传送,0.0,6.0,0.0,1.0
来看,0.0,3.0,0.0,1.0
多种,0.0,15.0,0.0,1.0
等级,0.0,6.0,0.0,1.0
竞买,0.0,3.0,0.0,1.0
东南亚,0.0,3.0,0.0,1.0
其中,0.0,30.0,0.0,1.0
ac91,0.0,3.0,0.0,1.0
发达国家,0.0,3.0,0.0,1.0
和物,0.0,12.0,0.0,1.0
得到,0.0,6.0,0.0,1.0
帧,0.0,3.0,0.0,1.0
市长,0.0,3.0,0.0,1.0
Telenet,0.0,30.0,0.0,1.0
逻辑,0.0,3.0,0.0,1.0
引领,0.0,33.0,0.0,1.0
风暴,0.0,3.0,0.0,1.0
经理,0.0,3.0,0.0,1.0
需,0.0,3.0,0.0,1.0
产品,0.0,165.0,0.0,1.0
于,0.0,48.0,0.0,1.0
STB,0.0,3.0,0.0,1.0
诺基亚,0.0,3.0,0.0,1.0
低频,0.0,12.0,0.0,1.0
平滑,0.0,3.0,0.0,1.0
类型,0.0,3.0,0.0,1.0
19.5,0.0,3.0,0.0,1.0
5GNR,0.0,3.0,0.0,1.0
理财,0.0,6.0,0.0,1.0
网站,0.0,6.0,0.0,1.0
149855076551640700,0.0,3.0,0.0,1.0
技术创新,0.0,12.0,0.0,1.0
云商,0.0,9.0,0.0,1.0
下转,0.0,3.0,0.0,1.0
签订,0.0,12.0,0.0,1.0
结束,0.0,3.0,0.0,1.0
高点,0.0,3.0,0.0,1.0
围绕,0.0,9.0,0.0,1.0
显示,0.0,54.0,0.0,1.0
样机,0.0,9.0,0.0,1.0
电视,0.0,3.0,0.0,1.0
聆听,0.0,3.0,0.0,1.0
转型,0.0,63.0,0.0,1.0
巨额,0.0,3.0,0.0,1.0
签订协议,0.0,3.0,0.0,1.0
阶段,0.0,45.0,0.0,1.0
项目,0.0,51.0,0.0,1.0
1998,0.0,3.0,0.0,1.0
扩展,0.0,15.0,0.0,1.0
关键作用,0.0,3.0,0.0,1.0
大幅,0.0,12.0,0.0,1.0
交流,0.0,9.0,0.0,1.0
对此,0.0,3.0,0.0,1.0
区间,0.0,15.0,0.0,1.0
因涉嫌,0.0,3.0,0.0,1.0
提案,0.0,9.0,0.0,1.0
领导者,0.0,15.0,0.0,1.0
柏燕民向,0.0,3.0,0.0,1.0
值得一提的是,0.0,3.0,0.0,1.0
3.5,0.0,6.0,0.0,1.0
迈向,0.0,6.0,0.0,1.0
简评,0.0,3.0,0.0,1.0
维护,0.0,3.0,0.0,1.0
投案自首,0.0,9.0,0.0,1.0
核心,0.0,48.0,0.0,1.0
合一,0.0,3.0,0.0,1.0
子公司,0.0,18.0,0.0,1.0
应用,0.0,87.0,0.0,1.0
多用户,0.0,6.0,0.0,1.0
披露,0.0,18.0,0.0,1.0
经济,0.0,12.0,0.0,1.0
保持,0.0,18.0,0.0,1.0
润,0.0,3.0,0.0,1.0
参会,0.0,6.0,0.0,1.0
带给,0.0,6.0,0.0,1.0
比例,0.0,27.0,0.0,1.0
竞争力,0.0,24.0,0.0,1.0
朱永涛,0.0,3.0,0.0,1.0
6,0.0,177.0,0.0,1.0
SA,0.0,6.0,0.0,1.0
经营部,0.0,3.0,0.0,1.0
第三方,0.0,9.0,0.0,1.0
附属,0.0,12.0,0.0,1.0
钱,0.0,3.0,0.0,1.0
Q2,0.0,3.0,0.0,1.0
领先者,0.0,3.0,0.0,1.0
旨在,0.0,3.0,0.0,1.0
5GMF,0.0,3.0,0.0,1.0
宣布,0.0,30.0,0.0,1.0
最低,0.0,3.0,0.0,1.0
其,0.0,48.0,0.0,1.0
9,0.0,9.0,0.0,1.0
率先,0.0,60.0,0.0,1.0
英才,0.0,3.0,0.0,1.0
256QAM,0.0,3.0,0.0,1.0
给出,0.0,3.0,0.0,1.0
仍,0.0,12.0,0.0,1.0
cn,0.0,27.0,0.0,1.0
事业部,0.0,6.0,0.0,1.0
管治,0.0,3.0,0.0,1.0
新兴产业,0.0,6.0,0.0,1.0
分别,0.0,48.0,0.0,1.0
优化,0.0,15.0,0.0,1.0
出炉,0.0,3.0,0.0,1.0
市区,0.0,3.0,0.0,1.0
设备,0.0,90.0,0.0,1.0
银川,0.0,3.0,0.0,1.0
全资,0.0,15.0,0.0,1.0
政务,0.0,54.0,0.0,1.0
唯一,0.0,9.0,0.0,1.0
认为,0.0,36.0,0.0,1.0
公益,0.0,15.0,0.0,1.0
合计,0.0,3.0,0.0,1.0
深圳证券交易所,0.0,6.0,0.0,1.0
推动者,0.0,3.0,0.0,1.0
顶层,0.0,3.0,0.0,1.0
先进,0.0,18.0,0.0,1.0
年度,0.0,27.0,0.0,1.0
p,0.0,6.0,0.0,1.0
触摸,0.0,3.0,0.0,1.0
老,0.0,3.0,0.0,1.0
创新,0.0,159.0,0.0,1.0
查尔斯,0.0,9.0,0.0,1.0
新一代,0.0,12.0,0.0,1.0
多,2.0,54.0,0.03571428571428571,0.9642857142857143
不仅,0.0,9.0,0.0,1.0
ccstock,0.0,3.0,0.0,1.0
23.74,0.0,3.0,0.0,1.0
卓越,0.0,6.0,0.0,1.0
绽放,0.0,9.0,0.0,1.0
0.96,0.0,3.0,0.0,1.0
周期,0.0,3.0,0.0,1.0
欧美,0.0,6.0,0.0,1.0
通报,0.0,3.0,0.0,1.0
包括,0.0,60.0,0.0,1.0
未公开,0.0,3.0,0.0,1.0
下半年,0.0,9.0,0.0,1.0
2Gbps,0.0,6.0,0.0,1.0
本届,0.0,6.0,0.0,1.0
观众,0.0,9.0,0.0,1.0
宏站,0.0,3.0,0.0,1.0
537,0.0,3.0,0.0,1.0
营员,0.0,3.0,0.0,1.0
需要,0.0,6.0,0.0,1.0
交易,0.0,15.0,0.0,1.0
内参,0.0,9.0,0.0,1.0
盛会,0.0,6.0,0.0,1.0
塬,0.0,3.0,0.0,1.0
采购,0.0,12.0,0.0,1.0
变幅,0.0,3.0,0.0,1.0
共建,2.0,3.0,0.4,0.6
会后,0.0,3.0,0.0,1.0
存储,0.0,60.0,0.0,1.0
蜂窝,0.0,3.0,0.0,1.0
上海,0.0,93.0,0.0,1.0
形势,0.0,3.0,0.0,1.0
五粮液,0.0,3.0,0.0,1.0
几年,0.0,6.0,0.0,1.0
总在,0.0,3.0,0.0,1.0
三项,0.0,3.0,0.0,1.0
建设银行,0.0,3.0,0.0,1.0
那个,0.0,6.0,0.0,1.0
博览会,0.0,6.0,0.0,1.0
各级,0.0,3.0,0.0,1.0
热情洋溢,0.0,3.0,0.0,1.0
负责,0.0,6.0,0.0,1.0
路由器,0.0,9.0,0.0,1.0
经验,0.0,12.0,0.0,1.0
坚定信念,0.0,3.0,0.0,1.0
省级,0.0,3.0,0.0,1.0
增值税,0.0,3.0,0.0,1.0
日期,0.0,3.0,0.0,1.0
司法机关,0.0,3.0,0.0,1.0
夏令营,0.0,12.0,0.0,1.0
更佳,0.0,6.0,0.0,1.0
市场竞争,0.0,3.0,0.0,1.0
去年,0.0,36.0,0.0,1.0
国家信息中心,0.0,6.0,0.0,1.0
录像,0.0,3.0,0.0,1.0
端口,0.0,3.0,0.0,1.0
再次,0.0,12.0,0.0,1.0
现跌,0.0,3.0,0.0,1.0
局,0.0,6.0,0.0,1.0
建造,0.0,3.0,0.0,1.0
一群,0.0,3.0,0.0,1.0
31,0.0,3.0,0.0,1.0
上市公司,0.0,21.0,0.0,1.0
运营,0.0,45.0,0.0,1.0
发起,0.0,9.0,0.0,1.0
创新性,0.0,6.0,0.0,1.0
年前,0.0,3.0,0.0,1.0
情况,0.0,15.0,0.0,1.0
视像,0.0,24.0,0.0,1.0
测试,0.0,216.0,0.0,1.0
两百名,0.0,3.0,0.0,1.0
信任,0.0,6.0,0.0,1.0
迎来,0.0,15.0,0.0,1.0
100MHz,0.0,3.0,0.0,1.0
1Gbps,0.0,12.0,0.0,1.0
重,0.0,6.0,0.0,1.0
00728,0.0,3.0,0.0,1.0
测试环境,0.0,3.0,0.0,1.0
派出,2.0,0.0,1.0,0.0
178,0.0,3.0,0.0,1.0
第二十次,0.0,3.0,0.0,1.0
有意,0.0,6.0,0.0,1.0
填补,0.0,3.0,0.0,1.0
纷纷,0.0,6.0,0.0,1.0
牵手,0.0,6.0,0.0,1.0
中小型,0.0,3.0,0.0,1.0
澎湃,0.0,18.0,0.0,1.0
试验,0.0,72.0,0.0,1.0
国务院,0.0,18.0,0.0,1.0
边框,0.0,3.0,0.0,1.0
额度,0.0,3.0,0.0,1.0
破产,0.0,6.0,0.0,1.0
责任,0.0,6.0,0.0,1.0
适应能力,0.0,3.0,0.0,1.0
传闻,0.0,3.0,0.0,1.0
力争,0.0,12.0,0.0,1.0
OTN,0.0,3.0,0.0,1.0
终端,0.0,42.0,0.0,1.0
年近,0.0,3.0,0.0,1.0
分析,0.0,18.0,0.0,1.0
Newswiretoday,0.0,3.0,0.0,1.0
周三,0.0,3.0,0.0,1.0
安全,0.0,27.0,0.0,1.0
Conax,0.0,21.0,0.0,1.0
事实上,0.0,3.0,0.0,1.0
核心网,0.0,21.0,0.0,1.0
现涨,0.0,3.0,0.0,1.0
研究进展,0.0,3.0,0.0,1.0
.,0.0,386.0,0.0,1.0
朱先妮,0.0,6.0,0.0,1.0
人数,0.0,3.0,0.0,1.0
数,0.0,9.0,0.0,1.0
个人,0.0,18.0,0.0,1.0
统一,0.0,9.0,0.0,1.0
之城,0.0,3.0,0.0,1.0
600,0.0,6.0,0.0,1.0
2,0.0,48.0,0.0,1.0
日起,0.0,9.0,0.0,1.0
适应,0.0,3.0,0.0,1.0
变幻,0.0,3.0,0.0,1.0
领导层,0.0,3.0,0.0,1.0
通讯,0.0,18.0,0.0,1.0
知识库,0.0,3.0,0.0,1.0
一系列,0.0,6.0,0.0,1.0
一次,0.0,9.0,0.0,1.0
WAN,0.0,6.0,0.0,1.0
伙伴,0.0,9.0,0.0,1.0
广播,0.0,3.0,0.0,1.0
判处,0.0,3.0,0.0,1.0
业务收入,0.0,3.0,0.0,1.0
网上,0.0,3.0,0.0,1.0
权,0.0,3.0,0.0,1.0
内控,0.0,6.0,0.0,1.0
33.17,0.0,3.0,0.0,1.0
深耕细作,0.0,3.0,0.0,1.0
1.08,0.0,3.0,0.0,1.0
stcn,0.0,19.0,0.0,1.0
近年,0.0,6.0,0.0,1.0
社,0.0,6.0,0.0,1.0
[,0.0,9.0,0.0,1.0
滤波器,0.0,3.0,0.0,1.0
掌握,0.0,3.0,0.0,1.0
商业模式,0.0,9.0,0.0,1.0
sinaimg,0.0,12.0,0.0,1.0
不用,0.0,3.0,0.0,1.0
韩等,0.0,3.0,0.0,1.0
担任,0.0,24.0,0.0,1.0
为,0.0,306.0,0.0,1.0
统一标准,0.0,3.0,0.0,1.0
师生,2.0,0.0,1.0,0.0
孟加拉,0.0,9.0,0.0,1.0
5GAA,0.0,6.0,0.0,1.0
厚,0.0,3.0,0.0,1.0
广电,0.0,9.0,0.0,1.0
06,0.0,12.0,0.0,1.0
重构,0.0,9.0,0.0,1.0
图片,0.0,3.0,0.0,1.0
弹性,0.0,3.0,0.0,1.0
於,0.0,12.0,0.0,1.0
周明,0.0,3.0,0.0,1.0
主要,0.0,63.0,0.0,1.0
一行,0.0,3.0,0.0,1.0
全景,0.0,3.0,0.0,1.0
一,0.0,15.0,0.0,1.0
起,0.0,6.0,0.0,1.0
大会,0.0,42.0,0.0,1.0
Broadcast,0.0,3.0,0.0,1.0
确实,0.0,3.0,0.0,1.0
案件,0.0,6.0,0.0,1.0
二是,0.0,3.0,0.0,1.0
互联互通,0.0,36.0,0.0,1.0
阵列,0.0,3.0,0.0,1.0
半年,0.0,18.0,0.0,1.0
及来,0.0,3.0,0.0,1.0
跟随,0.0,3.0,0.0,1.0
野村,0.0,12.0,0.0,1.0
二度,0.0,12.0,0.0,1.0
多出,0.0,3.0,0.0,1.0
周玲,0.0,3.0,0.0,1.0
软件产品,0.0,3.0,0.0,1.0
TPG,0.0,9.0,0.0,1.0
修复,0.0,3.0,0.0,1.0
稳定性,0.0,6.0,0.0,1.0
达,0.0,15.0,0.0,1.0
扩频,0.0,3.0,0.0,1.0
有利于,0.0,3.0,0.0,1.0
市值,0.0,21.0,0.0,1.0
成为,0.0,54.0,0.0,1.0
中传,0.0,3.0,0.0,1.0
13163803dvjq,0.0,3.0,0.0,1.0
到来,0.0,12.0,0.0,1.0
瞄准,0.0,3.0,0.0,1.0
发盈喜,0.0,6.0,0.0,1.0
知识,0.0,6.0,0.0,1.0
教室,0.0,9.0,0.0,1.0
旗舰,0.0,6.0,0.0,1.0
营办,0.0,6.0,0.0,1.0
窗期,0.0,3.0,0.0,1.0
增,0.0,3.0,0.0,1.0
遇到,0.0,3.0,0.0,1.0
上年,0.0,36.0,0.0,1.0
30,0.0,57.0,0.0,1.0
‘,0.0,6.0,0.0,1.0
总工会,0.0,33.0,0.0,1.0
技术,0.0,381.0,0.0,1.0
Uni,0.0,3.0,0.0,1.0
数据,0.0,81.0,0.0,1.0
jiemian,0.0,12.0,0.0,1.0
A1,0.0,3.0,0.0,1.0
除此之外,0.0,3.0,0.0,1.0
工会,0.0,6.0,0.0,1.0
流量,0.0,15.0,0.0,1.0
体系,0.0,9.0,0.0,1.0
高级,0.0,39.0,0.0,1.0
差价,0.0,3.0,0.0,1.0
销售,0.0,9.0,0.0,1.0
最高者,0.0,3.0,0.0,1.0
此消彼长,0.0,6.0,0.0,1.0
Singtel4G,0.0,1.0,0.0,1.0
国家机关,0.0,3.0,0.0,1.0
现报,0.0,3.0,0.0,1.0
事项,0.0,15.0,0.0,1.0
党工委,0.0,3.0,0.0,1.0
资料,0.0,3.0,0.0,1.0
瑰丽,0.0,3.0,0.0,1.0
AGREEMENT,0.0,3.0,0.0,1.0
位居,0.0,12.0,0.0,1.0
曝光,0.0,12.0,0.0,1.0
开诚布公,0.0,3.0,0.0,1.0
中心化,0.0,12.0,0.0,1.0
家庭,0.0,3.0,0.0,1.0
Netas,0.0,6.0,0.0,1.0
神州数码,0.0,12.0,0.0,1.0
一次性,0.0,9.0,0.0,1.0
目标价,0.0,21.0,0.0,1.0
常规,0.0,3.0,0.0,1.0
何雪梅,0.0,78.0,0.0,1.0
制胜,0.0,6.0,0.0,1.0
初步,0.0,3.0,0.0,1.0
28,0.0,33.0,0.0,1.0
四成,0.0,3.0,0.0,1.0
排名,0.0,12.0,0.0,1.0
省委常委,0.0,3.0,0.0,1.0
涌入,0.0,3.0,0.0,1.0
清楚,0.0,3.0,0.0,1.0
成本,0.0,15.0,0.0,1.0
每秒,0.0,3.0,0.0,1.0
余款,0.0,3.0,0.0,1.0
数据网络,0.0,3.0,0.0,1.0
加密,0.0,9.0,0.0,1.0
层面,0.0,3.0,0.0,1.0
例如,0.0,6.0,0.0,1.0
聚焦,0.0,15.0,0.0,1.0
探讨,0.0,9.0,0.0,1.0
付费,0.0,3.0,0.0,1.0
智得,0.0,3.0,0.0,1.0
pic430,0.0,3.0,0.0,1.0
明年,0.0,3.0,0.0,1.0
雄安,0.0,6.0,0.0,1.0
亏顺,0.0,3.0,0.0,1.0
一棋,0.0,3.0,0.0,1.0
全市,0.0,6.0,0.0,1.0
基地,0.0,18.0,0.0,1.0
高容量,0.0,3.0,0.0,1.0
速度,0.0,21.0,0.0,1.0
如下,0.0,12.0,0.0,1.0
电话,0.0,3.0,0.0,1.0
客户,0.0,57.0,0.0,1.0
UP,0.0,3.0,0.0,1.0
看好,0.0,15.0,0.0,1.0
很难,0.0,3.0,0.0,1.0
包容,0.0,3.0,0.0,1.0
新增,0.0,3.0,0.0,1.0
下跌,0.0,9.0,0.0,1.0
梅因,0.0,3.0,0.0,1.0
支撑,0.0,18.0,0.0,1.0
隐私,0.0,3.0,0.0,1.0
被,0.0,54.0,0.0,1.0
国际博览,0.0,3.0,0.0,1.0
生产,0.0,9.0,0.0,1.0
几十,0.0,3.0,0.0,1.0
杠杆,0.0,3.0,0.0,1.0
上下游,0.0,3.0,0.0,1.0
指,0.0,6.0,0.0,1.0
第一,0.0,27.0,0.0,1.0
服务平台,0.0,3.0,0.0,1.0
多彩,0.0,3.0,0.0,1.0
0000632,0.0,9.0,0.0,1.0
5GMassiveMIMO,0.0,3.0,0.0,1.0
深交所,0.0,3.0,0.0,1.0
证实,0.0,9.0,0.0,1.0
关键,0.0,6.0,0.0,1.0
3.64,0.0,3.0,0.0,1.0
评为,0.0,3.0,0.0,1.0
除了,0.0,21.0,0.0,1.0
据介绍,0.0,6.0,0.0,1.0
触及,0.0,3.0,0.0,1.0
实践,0.0,30.0,0.0,1.0
共赢,0.0,9.0,0.0,1.0
控制器,0.0,6.0,0.0,1.0
一季度,0.0,6.0,0.0,1.0
艳,0.0,3.0,0.0,1.0
集资,0.0,6.0,0.0,1.0
接受,0.0,15.0,0.0,1.0
股东,0.0,75.0,0.0,1.0
制裁,0.0,3.0,0.0,1.0
域,0.0,6.0,0.0,1.0
NB,0.0,15.0,0.0,1.0
已达,0.0,3.0,0.0,1.0
银行,0.0,3.0,0.0,1.0
自从,0.0,3.0,0.0,1.0
7.37,0.0,3.0,0.0,1.0
较,0.0,54.0,0.0,1.0
中国证监会,0.0,3.0,0.0,1.0
良性,0.0,3.0,0.0,1.0
告捷,0.0,3.0,0.0,1.0
重拾,0.0,3.0,0.0,1.0
攻关,0.0,3.0,0.0,1.0
业务,0.0,234.0,0.0,1.0
馆内,0.0,3.0,0.0,1.0
技术标准,0.0,3.0,0.0,1.0
利润分配,0.0,6.0,0.0,1.0
可扩展性,0.0,3.0,0.0,1.0
团建,0.0,3.0,0.0,1.0
大容量,0.0,3.0,0.0,1.0
接口技术,0.0,3.0,0.0,1.0
系,0.0,3.0,0.0,1.0
万物,0.0,9.0,0.0,1.0
惧,0.0,3.0,0.0,1.0
断线,0.0,3.0,0.0,1.0
&,0.0,60.0,0.0,1.0
h,0.0,6.0,0.0,1.0
过程,0.0,24.0,0.0,1.0
小规模,0.0,3.0,0.0,1.0
横跨,0.0,3.0,0.0,1.0
到,0.0,69.0,0.0,1.0
证照,0.0,30.0,0.0,1.0
随后,0.0,12.0,0.0,1.0
51.78,0.0,3.0,0.0,1.0
IPO,0.0,15.0,0.0,1.0
本报讯,0.0,3.0,0.0,1.0
主,0.0,9.0,0.0,1.0
拥有,0.0,21.0,0.0,1.0
37.2,0.0,6.0,0.0,1.0
20.8,0.0,3.0,0.0,1.0
估值,0.0,36.0,0.0,1.0
3D,0.0,3.0,0.0,1.0
IoT,0.0,27.0,0.0,1.0
MaaP,0.0,18.0,0.0,1.0
美,0.0,3.0,0.0,1.0
212MHz,0.0,9.0,0.0,1.0
811,0.0,3.0,0.0,1.0
Access,0.0,6.0,0.0,1.0
一带,0.0,12.0,0.0,1.0
BIOS,0.0,3.0,0.0,1.0
去年底,0.0,3.0,0.0,1.0
胜势,0.0,6.0,0.0,1.0
00,0.0,3.0,0.0,1.0
二,0.0,9.0,0.0,1.0
中兴,2.0,96.0,0.02040816326530612,0.9795918367346939
竞得,0.0,12.0,0.0,1.0
a580xH,0.0,3.0,0.0,1.0
生日,0.0,3.0,0.0,1.0
类产品,0.0,6.0,0.0,1.0
范围,0.0,21.0,0.0,1.0
首家,0.0,12.0,0.0,1.0
会员,0.0,6.0,0.0,1.0
编码,0.0,3.0,0.0,1.0
质量,0.0,18.0,0.0,1.0
摄像头,0.0,3.0,0.0,1.0
测试计划,0.0,3.0,0.0,1.0
33,0.0,3.0,0.0,1.0
一体化,0.0,12.0,0.0,1.0
创造,0.0,6.0,0.0,1.0
Val,0.0,3.0,0.0,1.0
分层,0.0,3.0,0.0,1.0
日至,0.0,3.0,0.0,1.0
眼球,0.0,3.0,0.0,1.0
专题讨论,0.0,6.0,0.0,1.0
气,0.0,3.0,0.0,1.0
影响,0.0,33.0,0.0,1.0
实验室,0.0,6.0,0.0,1.0
18.7,0.0,3.0,0.0,1.0
博会,0.0,9.0,0.0,1.0
望,0.0,3.0,0.0,1.0
蓝筹股,0.0,3.0,0.0,1.0
证明,0.0,6.0,0.0,1.0
中有,0.0,3.0,0.0,1.0
守成,0.0,3.0,0.0,1.0
265,0.0,3.0,0.0,1.0
Kwaaitaal,0.0,3.0,0.0,1.0
历经,0.0,3.0,0.0,1.0
持续,0.0,87.0,0.0,1.0
贵州,0.0,6.0,0.0,1.0
5G,0.0,873.0,0.0,1.0
10.46,0.0,3.0,0.0,1.0
《,2.0,57.0,0.03389830508474576,0.9661016949152542
市中心,0.0,1.0,0.0,1.0
建华,0.0,3.0,0.0,1.0
作价,0.0,3.0,0.0,1.0
又,0.0,18.0,0.0,1.0
容情,0.0,3.0,0.0,1.0
18.606,0.0,3.0,0.0,1.0
牵头,0.0,9.0,0.0,1.0
18.70,0.0,6.0,0.0,1.0
jykx,0.0,6.0,0.0,1.0
比,0.0,3.0,0.0,1.0
总,0.0,21.0,0.0,1.0
郑重,0.0,3.0,0.0,1.0
快速,0.0,24.0,0.0,1.0
数字,0.0,18.0,0.0,1.0
延时,0.0,3.0,0.0,1.0
80.90,0.0,3.0,0.0,1.0
高清,0.0,3.0,0.0,1.0
窄带,0.0,3.0,0.0,1.0
科学家,0.0,12.0,0.0,1.0
首日,0.0,3.0,0.0,1.0
35.42,0.0,15.0,0.0,1.0
期限,0.0,3.0,0.0,1.0
联合,0.0,84.0,0.0,1.0
极大,0.0,9.0,0.0,1.0
呼吁,0.0,6.0,0.0,1.0
全新,0.0,12.0,0.0,1.0
看看,0.0,3.0,0.0,1.0
筑底,0.0,3.0,0.0,1.0
WIND,0.0,3.0,0.0,1.0
一是,0.0,6.0,0.0,1.0
赛道,0.0,3.0,0.0,1.0
多年,0.0,12.0,0.0,1.0
其实,0.0,3.0,0.0,1.0
无数,0.0,3.0,0.0,1.0
OEP,0.0,3.0,0.0,1.0
迅速,0.0,3.0,0.0,1.0
端,0.0,66.0,0.0,1.0
950,0.0,6.0,0.0,1.0
　,0.0,572.0,0.0,1.0
?,0.0,30.0,0.0,1.0
指着,0.0,3.0,0.0,1.0
乾,0.0,3.0,0.0,1.0
谦虚,0.0,3.0,0.0,1.0
板块,0.0,3.0,0.0,1.0
潜在,0.0,3.0,0.0,1.0
相关,0.0,66.0,0.0,1.0
21.8,0.0,6.0,0.0,1.0
中国电信,0.0,12.0,0.0,1.0
盒子,0.0,3.0,0.0,1.0
■,0.0,3.0,0.0,1.0
季度,0.0,6.0,0.0,1.0
33.3,0.0,3.0,0.0,1.0
来源,0.0,6.0,0.0,1.0
配合,0.0,6.0,0.0,1.0
19.77,0.0,3.0,0.0,1.0
包含,0.0,9.0,0.0,1.0
vBRAS,0.0,6.0,0.0,1.0
何,0.0,3.0,0.0,1.0
圣保罗,0.0,6.0,0.0,1.0
向,0.0,111.0,0.0,1.0
0.75,0.0,3.0,0.0,1.0
委员,0.0,3.0,0.0,1.0
欧洲,0.0,12.0,0.0,1.0
IDC,0.0,3.0,0.0,1.0
入驻,0.0,3.0,0.0,1.0
下单,0.0,3.0,0.0,1.0
很,0.0,15.0,0.0,1.0
609,0.0,9.0,0.0,1.0
格局,0.0,9.0,0.0,1.0
迅速开展,0.0,3.0,0.0,1.0
时代,0.0,33.0,0.0,1.0
基本,0.0,3.0,0.0,1.0
镑,0.0,3.0,0.0,1.0
领导人,0.0,3.0,0.0,1.0
5GIA,0.0,6.0,0.0,1.0
广东,0.0,36.0,0.0,1.0
27,0.0,27.0,0.0,1.0
关系,0.0,9.0,0.0,1.0
邮储,0.0,3.0,0.0,1.0
精炼,0.0,3.0,0.0,1.0
毛利率,0.0,6.0,0.0,1.0
CCF,0.0,6.0,0.0,1.0
体现,0.0,9.0,0.0,1.0
特点,0.0,3.0,0.0,1.0
源码,0.0,3.0,0.0,1.0
迈进,0.0,6.0,0.0,1.0
有幸,0.0,3.0,0.0,1.0
设施,0.0,3.0,0.0,1.0
职务犯罪,0.0,18.0,0.0,1.0
回到,0.0,3.0,0.0,1.0
论,0.0,3.0,0.0,1.0
组建,0.0,3.0,0.0,1.0
网,0.0,35.0,0.0,1.0
故事,0.0,3.0,0.0,1.0
自,0.0,21.0,0.0,1.0
35,0.0,3.0,0.0,1.0
调高,0.0,3.0,0.0,1.0
矢量,0.0,3.0,0.0,1.0
级,0.0,9.0,0.0,1.0
4.01,0.0,6.0,0.0,1.0
成交额,0.0,6.0,0.0,1.0
依托,0.0,3.0,0.0,1.0
预计,0.0,12.0,0.0,1.0
基金,0.0,12.0,0.0,1.0
整个,0.0,9.0,0.0,1.0
参加者,0.0,3.0,0.0,1.0
第一家,0.0,6.0,0.0,1.0
24,0.0,24.0,0.0,1.0
1996,0.0,3.0,0.0,1.0
主任,0.0,6.0,0.0,1.0
),0.0,325.0,0.0,1.0
c,0.0,9.0,0.0,1.0
sub6GHz,0.0,3.0,0.0,1.0
实践经验,0.0,9.0,0.0,1.0
胡淑军,0.0,3.0,0.0,1.0
密度,0.0,3.0,0.0,1.0
稳步增长,0.0,3.0,0.0,1.0
背后,0.0,6.0,0.0,1.0
国家,0.0,81.0,0.0,1.0
助学,0.0,6.0,0.0,1.0
凌晨,0.0,3.0,0.0,1.0
全文,0.0,6.0,0.0,1.0
暴涨,0.0,3.0,0.0,1.0
蔡淑敏,0.0,3.0,0.0,1.0
NetasS,0.0,3.0,0.0,1.0
医疗,0.0,9.0,0.0,1.0
文件,0.0,6.0,0.0,1.0
jpg,0.0,48.0,0.0,1.0
展出,0.0,6.0,0.0,1.0
续吁,0.0,3.0,0.0,1.0
升至,0.0,6.0,0.0,1.0
10.8,0.0,3.0,0.0,1.0
目前,0.0,84.0,0.0,1.0
甩掉,0.0,3.0,0.0,1.0
2014,0.0,9.0,0.0,1.0
空分,0.0,21.0,0.0,1.0
深圳湾,0.0,24.0,0.0,1.0
海量,0.0,9.0,0.0,1.0
k,0.0,9.0,0.0,1.0
使用权,0.0,6.0,0.0,1.0
房子,0.0,3.0,0.0,1.0
战略,0.0,78.0,0.0,1.0
侵占,0.0,3.0,0.0,1.0
兴华,0.0,6.0,0.0,1.0
重量级,0.0,3.0,0.0,1.0
以上,0.0,18.0,0.0,1.0
Rich,0.0,3.0,0.0,1.0
；,0.0,93.0,0.0,1.0
Congress,0.0,3.0,0.0,1.0
17,0.0,15.0,0.0,1.0
今日,0.0,21.0,0.0,1.0
23,0.0,9.0,0.0,1.0
处理,0.0,6.0,0.0,1.0
会场,0.0,3.0,0.0,1.0
2020,0.0,36.0,0.0,1.0
china,0.0,6.0,0.0,1.0
号文,0.0,6.0,0.0,1.0
改革,0.0,3.0,0.0,1.0
网络应用,0.0,3.0,0.0,1.0
即将,0.0,9.0,0.0,1.0
100,0.0,6.0,0.0,1.0
守得云,0.0,3.0,0.0,1.0
中午,0.0,3.0,0.0,1.0
解决方案,0.0,186.0,0.0,1.0
倍,0.0,45.0,0.0,1.0
重新,0.0,3.0,0.0,1.0
这座,0.0,3.0,0.0,1.0
印制电路,0.0,6.0,0.0,1.0
冲刺,0.0,12.0,0.0,1.0
魅力,0.0,3.0,0.0,1.0
举行,0.0,13.0,0.0,1.0
联合攻关,0.0,3.0,0.0,1.0
评价,0.0,3.0,0.0,1.0
蓬勃发展,0.0,6.0,0.0,1.0
高层,0.0,9.0,0.0,1.0
榜上,0.0,6.0,0.0,1.0
看法,0.0,6.0,0.0,1.0
70,0.0,9.0,0.0,1.0
发送,0.0,3.0,0.0,1.0
筹备,0.0,3.0,0.0,1.0
绩优,0.0,3.0,0.0,1.0
最,0.0,33.0,0.0,1.0
大盘,0.0,9.0,0.0,1.0
缩小,0.0,6.0,0.0,1.0
NOMA,0.0,36.0,0.0,1.0
19.9,0.0,6.0,0.0,1.0
至今,0.0,6.0,0.0,1.0
丝路,0.0,3.0,0.0,1.0
评估,0.0,12.0,0.0,1.0
全景网,0.0,3.0,0.0,1.0
http,0.0,63.0,0.0,1.0
要求,0.0,9.0,0.0,1.0
暨,0.0,3.0,0.0,1.0
力度,0.0,9.0,0.0,1.0
德国,0.0,6.0,0.0,1.0
算,0.0,3.0,0.0,1.0
把握,0.0,3.0,0.0,1.0
打响,0.0,3.0,0.0,1.0
超级,0.0,9.0,0.0,1.0
专题,0.0,6.0,0.0,1.0
值得,0.0,9.0,0.0,1.0
连续,0.0,12.0,0.0,1.0
TPGCApital,0.0,3.0,0.0,1.0
540,0.0,3.0,0.0,1.0
总体,0.0,3.0,0.0,1.0
还同,0.0,3.0,0.0,1.0
助力,0.0,33.0,0.0,1.0
处罚金,0.0,3.0,0.0,1.0
订阅,0.0,3.0,0.0,1.0
亿,0.0,69.0,0.0,1.0
教育领域,0.0,3.0,0.0,1.0
总经理,0.0,36.0,0.0,1.0
收报,0.0,6.0,0.0,1.0
400G,0.0,6.0,0.0,1.0
媒体,0.0,21.0,0.0,1.0
领域,0.0,141.0,0.0,1.0
说道,0.0,3.0,0.0,1.0
支持,0.0,36.0,0.0,1.0
零,0.0,3.0,0.0,1.0
Xiao,0.0,3.0,0.0,1.0
提前,0.0,27.0,0.0,1.0
NGON,0.0,3.0,0.0,1.0
份额,0.0,12.0,0.0,1.0
产品线,0.0,15.0,0.0,1.0
第一批,0.0,6.0,0.0,1.0
大量,0.0,9.0,0.0,1.0
深入探讨,0.0,3.0,0.0,1.0
专题学习,0.0,6.0,0.0,1.0
盘中,0.0,18.0,0.0,1.0
技术储备,0.0,3.0,0.0,1.0
贵安,0.0,27.0,0.0,1.0
无线网络,0.0,3.0,0.0,1.0
以来,0.0,33.0,0.0,1.0
订单,0.0,3.0,0.0,1.0
报,0.0,48.0,0.0,1.0
法规,0.0,3.0,0.0,1.0
32.94,0.0,12.0,0.0,1.0
功能,0.0,9.0,0.0,1.0
黄辉颖,0.0,3.0,0.0,1.0
向际鹰,0.0,18.0,0.0,1.0
55.59,0.0,3.0,0.0,1.0
013,0.0,3.0,0.0,1.0
反腐,0.0,6.0,0.0,1.0
一名,0.0,3.0,0.0,1.0
00941,0.0,3.0,0.0,1.0
282.7,0.0,3.0,0.0,1.0
另外,0.0,9.0,0.0,1.0
继续,0.0,21.0,0.0,1.0
最新,0.0,33.0,0.0,1.0
基带,0.0,6.0,0.0,1.0
5.29,0.0,9.0,0.0,1.0
有望,0.0,42.0,0.0,1.0
人民,0.0,9.0,0.0,1.0
阵阵,2.0,0.0,1.0,0.0
一举,0.0,3.0,0.0,1.0
单一,0.0,9.0,0.0,1.0
工作组,0.0,3.0,0.0,1.0
表达,0.0,3.0,0.0,1.0
COM,0.0,3.0,0.0,1.0
作为,0.0,102.0,0.0,1.0
oads,0.0,3.0,0.0,1.0
吞吐量,0.0,12.0,0.0,1.0
榜,0.0,12.0,0.0,1.0
两家,0.0,6.0,0.0,1.0
截至,0.0,15.0,0.0,1.0
硬,0.0,6.0,0.0,1.0
最优,0.0,3.0,0.0,1.0
人员,0.0,6.0,0.0,1.0
Multi,0.0,3.0,0.0,1.0
扶贫,0.0,3.0,0.0,1.0
优质产品,0.0,3.0,0.0,1.0
全系列,0.0,24.0,0.0,1.0
努比亚,0.0,87.0,0.0,1.0
有着,0.0,3.0,0.0,1.0
持有,0.0,18.0,0.0,1.0
记录表,0.0,3.0,0.0,1.0
非法,0.0,9.0,0.0,1.0
夺,0.0,3.0,0.0,1.0
不仅如此,0.0,3.0,0.0,1.0
惟,0.0,3.0,0.0,1.0
加强,0.0,15.0,0.0,1.0
SDK,0.0,3.0,0.0,1.0
高于,0.0,12.0,0.0,1.0
Type,0.0,12.0,0.0,1.0
629646899876339298,0.0,3.0,0.0,1.0
MANO,0.0,3.0,0.0,1.0
斥资,0.0,3.0,0.0,1.0
城域网,0.0,6.0,0.0,1.0
D,0.0,12.0,0.0,1.0
帮,0.0,3.0,0.0,1.0
发布会,0.0,6.0,0.0,1.0
可能,0.0,6.0,0.0,1.0
性,0.0,12.0,0.0,1.0
不予置评,0.0,3.0,0.0,1.0
第二,0.0,3.0,0.0,1.0
回应,0.0,3.0,0.0,1.0
7000,0.0,3.0,0.0,1.0
mimo,0.0,3.0,0.0,1.0
软银,0.0,27.0,0.0,1.0
升级,0.0,27.0,0.0,1.0
投影仪,0.0,3.0,0.0,1.0
此事,0.0,3.0,0.0,1.0
近几年来,0.0,3.0,0.0,1.0
了解,0.0,9.0,0.0,1.0
29,0.0,12.0,0.0,1.0
推广,0.0,3.0,0.0,1.0
外媒,0.0,6.0,0.0,1.0
三到,0.0,3.0,0.0,1.0
zqrb,0.0,3.0,0.0,1.0
采集,0.0,3.0,0.0,1.0
大众,0.0,3.0,0.0,1.0
上周,0.0,9.0,0.0,1.0
场景,0.0,48.0,0.0,1.0
NR,0.0,21.0,0.0,1.0
Virtual,0.0,3.0,0.0,1.0
一文,0.0,3.0,0.0,1.0
大合唱,2.0,0.0,1.0,0.0
全力,0.0,6.0,0.0,1.0
晚间,0.0,12.0,0.0,1.0
名,0.0,15.0,0.0,1.0
多个,0.0,36.0,0.0,1.0
无论是,0.0,6.0,0.0,1.0
逾期,0.0,3.0,0.0,1.0
过,0.0,6.0,0.0,1.0
全国性,0.0,3.0,0.0,1.0
研讨,0.0,3.0,0.0,1.0
IP,0.0,9.0,0.0,1.0
副,0.0,9.0,0.0,1.0
最新进展,0.0,15.0,0.0,1.0
红利,0.0,6.0,0.0,1.0
发生,0.0,3.0,0.0,1.0
暂,0.0,9.0,0.0,1.0
近距离,0.0,3.0,0.0,1.0
速率,0.0,30.0,0.0,1.0
资源,0.0,18.0,0.0,1.0
冲减,0.0,3.0,0.0,1.0
中考,0.0,3.0,0.0,1.0
最高,0.0,18.0,0.0,1.0
展开,0.0,24.0,0.0,1.0
基因,0.0,3.0,0.0,1.0
违纪,0.0,3.0,0.0,1.0
图谱,0.0,3.0,0.0,1.0
交割,0.0,9.0,0.0,1.0
一起,0.0,12.0,0.0,1.0
寸步难移,0.0,3.0,0.0,1.0
601288,0.0,3.0,0.0,1.0
悄然,0.0,3.0,0.0,1.0
沪,0.0,3.0,0.0,1.0
流失,0.0,3.0,0.0,1.0
历史使命,0.0,3.0,0.0,1.0
联系人,0.0,3.0,0.0,1.0
隆汇,0.0,3.0,0.0,1.0
商业秘密,0.0,3.0,0.0,1.0
必,0.0,3.0,0.0,1.0
净买额,0.0,3.0,0.0,1.0
统计,0.0,6.0,0.0,1.0
190043651,0.0,3.0,0.0,1.0
为了,0.0,3.0,0.0,1.0
16,0.0,12.0,0.0,1.0
DPU,0.0,6.0,0.0,1.0
顺利,0.0,12.0,0.0,1.0
小河,0.0,3.0,0.0,1.0
三成,0.0,3.0,0.0,1.0
避免,0.0,3.0,0.0,1.0
还,0.0,48.0,0.0,1.0
隐现,0.0,12.0,0.0,1.0
推理,0.0,3.0,0.0,1.0
人生,0.0,3.0,0.0,1.0
智库,0.0,3.0,0.0,1.0
贡献者,0.0,9.0,0.0,1.0
讨论,0.0,9.0,0.0,1.0
内生,0.0,3.0,0.0,1.0
Ming,0.0,3.0,0.0,1.0
目标,0.0,12.0,0.0,1.0
覆蓋,0.0,6.0,0.0,1.0
关切,0.0,3.0,0.0,1.0
用,0.0,6.0,0.0,1.0
半年度,0.0,24.0,0.0,1.0
联网,0.0,36.0,0.0,1.0
香港,0.0,9.0,0.0,1.0
第三届,0.0,3.0,0.0,1.0
出,0.0,9.0,0.0,1.0
七月,0.0,3.0,0.0,1.0
发明专利,0.0,3.0,0.0,1.0
千兆,0.0,3.0,0.0,1.0
19,0.0,27.0,0.0,1.0
|,0.0,6.0,0.0,1.0
鸿沟,0.0,3.0,0.0,1.0
763,0.0,3.0,0.0,1.0
记者,0.0,57.0,0.0,1.0
多用途,0.0,3.0,0.0,1.0
视频会议,0.0,3.0,0.0,1.0
完美,0.0,3.0,0.0,1.0
下,0.0,48.0,0.0,1.0
入口,0.0,12.0,0.0,1.0
迈出,0.0,6.0,0.0,1.0
额,0.0,12.0,0.0,1.0
大增,0.0,6.0,0.0,1.0
表,0.0,6.0,0.0,1.0
研发,0.0,147.0,0.0,1.0
工业,0.0,9.0,0.0,1.0
攻坚,0.0,3.0,0.0,1.0
已超,0.0,6.0,0.0,1.0
法兰克福,0.0,3.0,0.0,1.0
小区,0.0,12.0,0.0,1.0
受邀,0.0,6.0,0.0,1.0
Berger,0.0,3.0,0.0,1.0
Giga,0.0,3.0,0.0,1.0
复杂,0.0,6.0,0.0,1.0
大唐,0.0,3.0,0.0,1.0
水平,0.0,18.0,0.0,1.0
Global,0.0,6.0,0.0,1.0
积极探索,0.0,3.0,0.0,1.0
温良,0.0,6.0,0.0,1.0
含,0.0,3.0,0.0,1.0
端云,0.0,3.0,0.0,1.0
战略伙伴,0.0,3.0,0.0,1.0
要,0.0,12.0,0.0,1.0
回答,0.0,6.0,0.0,1.0
使得,0.0,6.0,0.0,1.0
/,0.0,483.0,0.0,1.0
hexun,0.0,3.0,0.0,1.0
分布式,0.0,9.0,0.0,1.0
多点,0.0,6.0,0.0,1.0
FDD,0.0,18.0,0.0,1.0
寻求,0.0,12.0,0.0,1.0
看不到,0.0,3.0,0.0,1.0
业内,0.0,15.0,0.0,1.0
国资,0.0,6.0,0.0,1.0
人才,0.0,6.0,0.0,1.0
亏损,0.0,21.0,0.0,1.0
分析师,0.0,3.0,0.0,1.0
销往,0.0,6.0,0.0,1.0
徐庄,0.0,3.0,0.0,1.0
精彩纷呈,0.0,3.0,0.0,1.0
结成,0.0,6.0,0.0,1.0
扩张,0.0,3.0,0.0,1.0
们,0.0,9.0,0.0,1.0
半年报,0.0,3.0,0.0,1.0
us,0.0,3.0,0.0,1.0
陪伴,0.0,3.0,0.0,1.0
母公司,0.0,9.0,0.0,1.0
引述,0.0,3.0,0.0,1.0
传统,0.0,9.0,0.0,1.0
PON,0.0,3.0,0.0,1.0
生日礼品,0.0,3.0,0.0,1.0
一家,0.0,12.0,0.0,1.0
非常高兴,0.0,3.0,0.0,1.0
近期,0.0,3.0,0.0,1.0
商用,0.0,195.0,0.0,1.0
OpenFog,0.0,3.0,0.0,1.0
一定,0.0,3.0,0.0,1.0
降低,0.0,3.0,0.0,1.0
推出,0.0,42.0,0.0,1.0
已经,0.0,78.0,0.0,1.0
突围,0.0,6.0,0.0,1.0
著名,0.0,6.0,0.0,1.0
Massive,0.0,54.0,0.0,1.0
600050,0.0,6.0,0.0,1.0
601998,0.0,3.0,0.0,1.0
揭秘,0.0,3.0,0.0,1.0
cms,0.0,9.0,0.0,1.0
故障,0.0,3.0,0.0,1.0
何雪梅涉,0.0,3.0,0.0,1.0
0.5,0.0,3.0,0.0,1.0
img0,0.0,3.0,0.0,1.0
诸多,0.0,12.0,0.0,1.0
负面影响,0.0,3.0,0.0,1.0
北京,0.0,6.0,0.0,1.0
国际标准,0.0,21.0,0.0,1.0
共同,0.0,45.0,0.0,1.0
好,0.0,6.0,0.0,1.0
16.5,0.0,3.0,0.0,1.0
拉动,0.0,3.0,0.0,1.0
重大项目,0.0,3.0,0.0,1.0
收受贿赂,0.0,3.0,0.0,1.0
培训,0.0,3.0,0.0,1.0
37,0.0,3.0,0.0,1.0
调度,0.0,3.0,0.0,1.0
履行,0.0,6.0,0.0,1.0
见证,0.0,6.0,0.0,1.0
毫无疑问,0.0,3.0,0.0,1.0
报表,0.0,6.0,0.0,1.0
加倍,0.0,3.0,0.0,1.0
基站,0.0,57.0,0.0,1.0
会计准则,0.0,3.0,0.0,1.0
路,0.0,9.0,0.0,1.0
千亿,0.0,6.0,0.0,1.0
除,0.0,3.0,0.0,1.0
第十四次,0.0,3.0,0.0,1.0
柏燕民,0.0,3.0,0.0,1.0
主板,0.0,3.0,0.0,1.0
面对,0.0,6.0,0.0,1.0
国际,0.0,54.0,0.0,1.0
十分,0.0,3.0,0.0,1.0
马婧,0.0,3.0,0.0,1.0
MWC,0.0,48.0,0.0,1.0
所说,0.0,3.0,0.0,1.0
可靠性,0.0,3.0,0.0,1.0
阅历,0.0,3.0,0.0,1.0
发展趋势,0.0,3.0,0.0,1.0
讯,0.0,27.0,0.0,1.0
三家,0.0,3.0,0.0,1.0
66,0.0,3.0,0.0,1.0
电脑,0.0,3.0,0.0,1.0
弯道,0.0,6.0,0.0,1.0
具有,0.0,9.0,0.0,1.0
8000,0.0,6.0,0.0,1.0
释放,0.0,3.0,0.0,1.0
60,0.0,3.0,0.0,1.0
最终,0.0,3.0,0.0,1.0
卫星,0.0,3.0,0.0,1.0
带动,0.0,12.0,0.0,1.0
先,0.0,3.0,0.0,1.0
两套,0.0,3.0,0.0,1.0
23.56,0.0,3.0,0.0,1.0
筑梦,0.0,6.0,0.0,1.0
桌面,0.0,3.0,0.0,1.0
高频,0.0,12.0,0.0,1.0
EM,0.0,12.0,0.0,1.0
取得,0.0,12.0,0.0,1.0
管理层,0.0,3.0,0.0,1.0
2009,0.0,9.0,0.0,1.0
107,0.0,3.0,0.0,1.0
21,0.0,15.0,0.0,1.0
905.36,0.0,3.0,0.0,1.0
授予,0.0,6.0,0.0,1.0
还原,0.0,3.0,0.0,1.0
严格遵守,0.0,3.0,0.0,1.0
(,0.0,328.0,0.0,1.0
单,0.0,9.0,0.0,1.0
容错过,0.0,3.0,0.0,1.0
一周,0.0,3.0,0.0,1.0
!,0.0,3.0,0.0,1.0
权利,0.0,3.0,0.0,1.0
对于,0.0,36.0,0.0,1.0
严惩不贷,0.0,3.0,0.0,1.0
出台,0.0,3.0,0.0,1.0
出任,0.0,3.0,0.0,1.0
在于,0.0,6.0,0.0,1.0
逐项,0.0,3.0,0.0,1.0
号馆,0.0,3.0,0.0,1.0
管理人员,0.0,3.0,0.0,1.0
进行,0.0,123.0,0.0,1.0
架构,0.0,15.0,0.0,1.0
移动性,0.0,6.0,0.0,1.0
位于,0.0,9.0,0.0,1.0
贫寒,0.0,3.0,0.0,1.0
开幕式,0.0,6.0,0.0,1.0
省,0.0,3.0,0.0,1.0
东京,0.0,6.0,0.0,1.0
新区,0.0,27.0,0.0,1.0
能够,0.0,15.0,0.0,1.0
2.95,0.0,3.0,0.0,1.0
研究,0.0,57.0,0.0,1.0
矩阵,0.0,3.0,0.0,1.0
48,0.0,3.0,0.0,1.0
复用,0.0,15.0,0.0,1.0
人士,0.0,21.0,0.0,1.0
标准化,0.0,15.0,0.0,1.0
创近,0.0,3.0,0.0,1.0
致力,0.0,3.0,0.0,1.0
组件,0.0,6.0,0.0,1.0
三大,0.0,15.0,0.0,1.0
部署,0.0,85.0,0.0,1.0
加快,0.0,18.0,0.0,1.0
交通,0.0,3.0,0.0,1.0
更好,0.0,9.0,0.0,1.0
常务,0.0,3.0,0.0,1.0
优势,0.0,60.0,0.0,1.0
related,0.0,3.0,0.0,1.0
交流会,0.0,3.0,0.0,1.0
传输,0.0,18.0,0.0,1.0
供货,0.0,3.0,0.0,1.0
中证网,0.0,3.0,0.0,1.0
20.66,0.0,3.0,0.0,1.0
应,0.0,3.0,0.0,1.0
半,0.0,9.0,0.0,1.0
基金会,0.0,21.0,0.0,1.0
脸色,0.0,3.0,0.0,1.0
尼斯,0.0,3.0,0.0,1.0
跨省,0.0,3.0,0.0,1.0
大学城,0.0,9.0,0.0,1.0
承诺,0.0,6.0,0.0,1.0
植入,0.0,3.0,0.0,1.0
融资,0.0,33.0,0.0,1.0
展厅,0.0,9.0,0.0,1.0
全力以赴,0.0,3.0,0.0,1.0
之前,0.0,9.0,0.0,1.0
身影,0.0,6.0,0.0,1.0
骨干,0.0,9.0,0.0,1.0
509x0,0.0,3.0,0.0,1.0
召开,0.0,39.0,0.0,1.0
点击,0.0,3.0,0.0,1.0
商报讯,0.0,3.0,0.0,1.0
均,0.0,36.0,0.0,1.0
深感,0.0,3.0,0.0,1.0
局点,0.0,3.0,0.0,1.0
成功,0.0,42.0,0.0,1.0
A,0.0,33.0,0.0,1.0
代码,0.0,15.0,0.0,1.0
高端,0.0,9.0,0.0,1.0
知情,0.0,12.0,0.0,1.0
一代,0.0,3.0,0.0,1.0
跨界,0.0,3.0,0.0,1.0
SZ,0.0,24.0,0.0,1.0
影响力,0.0,6.0,0.0,1.0
五大,0.0,6.0,0.0,1.0
搭建,0.0,6.0,0.0,1.0
因素,0.0,3.0,0.0,1.0
TechWeb,0.0,3.0,0.0,1.0
樊庆峰,0.0,3.0,0.0,1.0
外电,0.0,3.0,0.0,1.0
一路,0.0,12.0,0.0,1.0
603000,0.0,6.0,0.0,1.0
能力,0.0,51.0,0.0,1.0
财经,0.0,15.0,0.0,1.0
实习生,0.0,3.0,0.0,1.0
问答,0.0,3.0,0.0,1.0
盛宴,0.0,3.0,0.0,1.0
商用化,0.0,3.0,0.0,1.0
营业,0.0,75.0,0.0,1.0
庄浪,0.0,3.0,0.0,1.0
年息,0.0,6.0,0.0,1.0
．,0.0,3.0,0.0,1.0
富瑞续,0.0,3.0,0.0,1.0
斥,0.0,6.0,0.0,1.0
恒勉,0.0,3.0,0.0,1.0
Skylake,0.0,3.0,0.0,1.0
利用,0.0,21.0,0.0,1.0
金牌,0.0,3.0,0.0,1.0
追赶,0.0,6.0,0.0,1.0
199,0.0,3.0,0.0,1.0
详细信息,0.0,3.0,0.0,1.0
浙江,0.0,33.0,0.0,1.0
制定,0.0,39.0,0.0,1.0
预料,0.0,6.0,0.0,1.0
第,0.0,3.0,0.0,1.0
运营商,0.0,240.0,0.0,1.0
好评,0.0,6.0,0.0,1.0
提出,0.0,30.0,0.0,1.0
crawl,0.0,3.0,0.0,1.0
完善,0.0,9.0,0.0,1.0
阅读器,0.0,3.0,0.0,1.0
n,0.0,12.0,0.0,1.0
进军,0.0,3.0,0.0,1.0
收购,0.0,42.0,0.0,1.0
前,0.0,57.0,0.0,1.0
存在,0.0,6.0,0.0,1.0
贿赂,0.0,3.0,0.0,1.0
娱乐,0.0,6.0,0.0,1.0
功夫,0.0,3.0,0.0,1.0
100T,0.0,6.0,0.0,1.0
显著,0.0,3.0,0.0,1.0
数十,0.0,3.0,0.0,1.0
齐下,0.0,3.0,0.0,1.0
稳健,0.0,3.0,0.0,1.0
办事处,0.0,3.0,0.0,1.0
英国伦敦,0.0,3.0,0.0,1.0
移交,0.0,3.0,0.0,1.0
明确,0.0,3.0,0.0,1.0
先机,0.0,9.0,0.0,1.0
百亿,0.0,6.0,0.0,1.0
机会,0.0,12.0,0.0,1.0
强调,0.0,6.0,0.0,1.0
同期,0.0,36.0,0.0,1.0
0763,0.0,9.0,0.0,1.0
经济大国,0.0,3.0,0.0,1.0
包袱,0.0,3.0,0.0,1.0
指其,0.0,3.0,0.0,1.0
开营,0.0,12.0,0.0,1.0
综合,0.0,42.0,0.0,1.0
理念,0.0,12.0,0.0,1.0
30.24,0.0,3.0,0.0,1.0
接,0.0,3.0,0.0,1.0
虚拟实境,0.0,3.0,0.0,1.0
变革,0.0,9.0,0.0,1.0
350,0.0,6.0,0.0,1.0
众多,0.0,6.0,0.0,1.0
无关,0.0,3.0,0.0,1.0
南亚,0.0,3.0,0.0,1.0
授权,0.0,6.0,0.0,1.0
Index,0.0,12.0,0.0,1.0
好转,0.0,3.0,0.0,1.0
因,0.0,6.0,0.0,1.0
雕琢,0.0,3.0,0.0,1.0
本周一,0.0,3.0,0.0,1.0
地块,0.0,12.0,0.0,1.0
压力,0.0,6.0,0.0,1.0
约,0.0,15.0,0.0,1.0
规划,0.0,15.0,0.0,1.0
2015,0.0,18.0,0.0,1.0
融券,0.0,15.0,0.0,1.0
成绩单,0.0,6.0,0.0,1.0
做出,0.0,15.0,0.0,1.0
集采,0.0,9.0,0.0,1.0
组成,0.0,21.0,0.0,1.0
结合,0.0,15.0,0.0,1.0
努力奋斗,0.0,3.0,0.0,1.0
通过,0.0,63.0,0.0,1.0
续签,0.0,3.0,0.0,1.0
时间,0.0,6.0,0.0,1.0
DevOps,0.0,6.0,0.0,1.0
uRLLC,0.0,3.0,0.0,1.0
方面,0.0,120.0,0.0,1.0
三个,0.0,3.0,0.0,1.0
契机,0.0,15.0,0.0,1.0
时延,0.0,18.0,0.0,1.0
走空分,0.0,3.0,0.0,1.0
朱伏,0.0,3.0,0.0,1.0
各方,0.0,3.0,0.0,1.0
重用,0.0,3.0,0.0,1.0
万股,0.0,18.0,0.0,1.0
媒体化,0.0,3.0,0.0,1.0
经营,0.0,15.0,0.0,1.0
和解,0.0,6.0,0.0,1.0
计提,0.0,3.0,0.0,1.0
携,0.0,6.0,0.0,1.0
平移,0.0,3.0,0.0,1.0
之上,0.0,3.0,0.0,1.0
全球化,0.0,6.0,0.0,1.0
开放,0.0,15.0,0.0,1.0
进入,0.0,18.0,0.0,1.0
行业,0.0,87.0,0.0,1.0
用空分,0.0,3.0,0.0,1.0
MassiveMIMO,0.0,3.0,0.0,1.0
站点,0.0,6.0,0.0,1.0
回头,0.0,3.0,0.0,1.0
20,0.0,54.0,0.0,1.0
日前,0.0,6.0,0.0,1.0
脸庞,0.0,3.0,0.0,1.0
足够,0.0,3.0,0.0,1.0
有限公司,0.0,87.0,0.0,1.0
改善,0.0,30.0,0.0,1.0
专利申请,0.0,15.0,0.0,1.0
王欣晖,0.0,3.0,0.0,1.0
构建,0.0,9.0,0.0,1.0
制式,0.0,3.0,0.0,1.0
该,0.0,45.0,0.0,1.0
之外,0.0,3.0,0.0,1.0
办事,0.0,3.0,0.0,1.0
标签,0.0,12.0,0.0,1.0
参观,0.0,9.0,0.0,1.0
立马,0.0,3.0,0.0,1.0
用地,0.0,6.0,0.0,1.0
元器件,0.0,3.0,0.0,1.0
分得,0.0,3.0,0.0,1.0
mMTC,0.0,15.0,0.0,1.0
地区,0.0,9.0,0.0,1.0
若昂,0.0,3.0,0.0,1.0
海外,0.0,21.0,0.0,1.0
频段,0.0,12.0,0.0,1.0
逐步形成,0.0,6.0,0.0,1.0
聊天,0.0,12.0,0.0,1.0
集团,0.0,24.0,0.0,1.0
引领者,0.0,6.0,0.0,1.0
树立,0.0,3.0,0.0,1.0
所致,0.0,6.0,0.0,1.0
6.36,0.0,3.0,0.0,1.0
短信,0.0,3.0,0.0,1.0
CH,0.0,3.0,0.0,1.0
奖,0.0,3.0,0.0,1.0
电子,0.0,69.0,0.0,1.0
前所未有,0.0,3.0,0.0,1.0
4.8,0.0,6.0,0.0,1.0
11,0.0,9.0,0.0,1.0
pngdata,0.0,3.0,0.0,1.0
运维,0.0,9.0,0.0,1.0
新闻记者,0.0,12.0,0.0,1.0
业内人士,0.0,3.0,0.0,1.0
广州,0.0,15.0,0.0,1.0
18.2,0.0,3.0,0.0,1.0
腐败,0.0,3.0,0.0,1.0
2017H1,0.0,3.0,0.0,1.0
后令,0.0,3.0,0.0,1.0
翻倍,0.0,3.0,0.0,1.0
艺术,0.0,3.0,0.0,1.0
186,0.0,3.0,0.0,1.0
逐步,0.0,33.0,0.0,1.0
达成,0.0,27.0,0.0,1.0
PCT,0.0,9.0,0.0,1.0
居,0.0,6.0,0.0,1.0
之后,0.0,9.0,0.0,1.0
小批量,0.0,3.0,0.0,1.0
-,0.0,351.0,0.0,1.0
强化,0.0,57.0,0.0,1.0
Hosting,0.0,12.0,0.0,1.0
着力,0.0,6.0,0.0,1.0
强度,0.0,3.0,0.0,1.0
机器人,0.0,3.0,0.0,1.0
性质,0.0,3.0,0.0,1.0
指数,0.0,33.0,0.0,1.0
第一个,0.0,12.0,0.0,1.0
指定,0.0,3.0,0.0,1.0
京报,0.0,9.0,0.0,1.0
26GHz,0.0,6.0,0.0,1.0
学会,0.0,3.0,0.0,1.0
证券网,0.0,6.0,0.0,1.0
创新型,0.0,3.0,0.0,1.0
前三名,0.0,3.0,0.0,1.0
超前,0.0,3.0,0.0,1.0
怎样,0.0,6.0,0.0,1.0
代表,0.0,15.0,0.0,1.0
天线,0.0,3.0,0.0,1.0
%,0.0,417.0,0.0,1.0
最新消息,0.0,3.0,0.0,1.0
度,0.0,3.0,0.0,1.0
受到,0.0,3.0,0.0,1.0
全省,0.0,9.0,0.0,1.0
美洲,0.0,6.0,0.0,1.0
归结,0.0,3.0,0.0,1.0
头盔,0.0,3.0,0.0,1.0
3G,0.0,18.0,0.0,1.0
季报,0.0,3.0,0.0,1.0
257.45,0.0,3.0,0.0,1.0
普通,0.0,3.0,0.0,1.0
4.35,0.0,6.0,0.0,1.0
最高价,0.0,6.0,0.0,1.0
互补,0.0,3.0,0.0,1.0
DSLbonding,0.0,3.0,0.0,1.0
分公司,0.0,3.0,0.0,1.0
依据,0.0,3.0,0.0,1.0
22.94,0.0,27.0,0.0,1.0
涉嫌犯罪,0.0,12.0,0.0,1.0
fyhneam0969292,0.0,3.0,0.0,1.0
多层,0.0,3.0,0.0,1.0
并会,0.0,3.0,0.0,1.0
2010,0.0,3.0,0.0,1.0
高管,0.0,24.0,0.0,1.0
580,0.0,3.0,0.0,1.0
信,0.0,6.0,0.0,1.0
c948fe043083,0.0,3.0,0.0,1.0
亚马逊,0.0,3.0,0.0,1.0
元旦晚会,2.0,0.0,1.0,0.0
财务数据,0.0,3.0,0.0,1.0
据,0.0,45.0,0.0,1.0
乘以,0.0,3.0,0.0,1.0
持仓,0.0,3.0,0.0,1.0
突破,0.0,27.0,0.0,1.0
巨头,0.0,3.0,0.0,1.0
本次,0.0,69.0,0.0,1.0
机密,0.0,3.0,0.0,1.0
任务,0.0,6.0,0.0,1.0
公司,0.0,362.0,0.0,1.0
住宅,0.0,3.0,0.0,1.0
出来,0.0,3.0,0.0,1.0
finance,0.0,12.0,0.0,1.0
篡改,0.0,9.0,0.0,1.0
跨,0.0,6.0,0.0,1.0
切片,0.0,12.0,0.0,1.0
NetCologne,0.0,21.0,0.0,1.0
触手,0.0,3.0,0.0,1.0
航行,0.0,6.0,0.0,1.0
招标,0.0,3.0,0.0,1.0
发散,0.0,3.0,0.0,1.0
合并,0.0,6.0,0.0,1.0
蛋糕,0.0,3.0,0.0,1.0
圣保罗市,0.0,12.0,0.0,1.0
属性,0.0,3.0,0.0,1.0
领跑者,0.0,6.0,0.0,1.0
申请人,0.0,3.0,0.0,1.0
责任编辑,0.0,6.0,0.0,1.0
交易员,0.0,3.0,0.0,1.0
合作,2.0,174.0,0.011363636363636364,0.9886363636363636
协同,0.0,6.0,0.0,1.0
深圳,0.0,21.0,0.0,1.0
每日,0.0,6.0,0.0,1.0
点评,0.0,3.0,0.0,1.0
务实,0.0,3.0,0.0,1.0
停止,0.0,3.0,0.0,1.0
探索,0.0,15.0,0.0,1.0
遏制,0.0,6.0,0.0,1.0
G,0.0,21.0,0.0,1.0
