日,0.0,21.0,0.0,1.0
工业,6.0,0.0,1.0,0.0
老,0.0,6.0,0.0,1.0
860,0.0,3.0,0.0,1.0
政府,0.0,21.0,0.0,1.0
反馈,0.0,6.0,0.0,1.0
资本,0.0,15.0,0.0,1.0
至,0.0,3.0,0.0,1.0
增幅,0.0,6.0,0.0,1.0
整体,0.0,3.0,0.0,1.0
235.07,0.0,3.0,0.0,1.0
及其,0.0,9.0,0.0,1.0
股东,0.0,48.0,0.0,1.0
电子,0.0,19.0,0.0,1.0
5.87,0.0,6.0,0.0,1.0
完成,0.0,18.0,0.0,1.0
协议,0.0,9.0,0.0,1.0
两层,0.0,3.0,0.0,1.0
游戏,0.0,3.0,0.0,1.0
较,2.0,0.0,1.0,0.0
中国证监会,0.0,3.0,0.0,1.0
所得,0.0,9.0,0.0,1.0
34,0.0,3.0,0.0,1.0
业务,0.0,6.0,0.0,1.0
球队,0.0,3.0,0.0,1.0
同比,0.0,6.0,0.0,1.0
补贴,0.0,21.0,0.0,1.0
值得注意,0.0,3.0,0.0,1.0
元,0.0,7.0,0.0,1.0
规则,0.0,3.0,0.0,1.0
法,0.0,3.0,0.0,1.0
对手,0.0,24.0,0.0,1.0
此次,0.0,18.0,0.0,1.0
县域,0.0,3.0,0.0,1.0
到,0.0,3.0,0.0,1.0
蜂鸟,2.0,0.0,1.0,0.0
质疑,0.0,6.0,0.0,1.0
关联方,0.0,3.0,0.0,1.0
持股,0.0,6.0,0.0,1.0
拥有,0.0,6.0,0.0,1.0
洪都航空,0.0,3.0,0.0,1.0
主营业务,0.0,12.0,0.0,1.0
获得,0.0,24.0,0.0,1.0
日起,0.0,3.0,0.0,1.0
4,0.0,3.0,0.0,1.0
建设项目,0.0,3.0,0.0,1.0
西布朗,0.0,3.0,0.0,1.0
实际,0.0,15.0,0.0,1.0
85.84,0.0,3.0,0.0,1.0
四季常青,2.0,0.0,1.0,0.0
待,0.0,3.0,0.0,1.0
龙头,0.0,3.0,0.0,1.0
综合性,0.0,3.0,0.0,1.0
何文英,0.0,3.0,0.0,1.0
关系,0.0,9.0,0.0,1.0
案例,0.0,3.0,0.0,1.0
支持,0.0,3.0,0.0,1.0
能,2.0,0.0,1.0,0.0
历史,0.0,3.0,0.0,1.0
题材,0.0,6.0,0.0,1.0
申请,3.0,0.0,1.0,0.0
客户名单,0.0,3.0,0.0,1.0
原,0.0,3.0,0.0,1.0
程度,0.0,3.0,0.0,1.0
成都,21.0,39.0,0.35,0.65
合伙人,0.0,15.0,0.0,1.0
中,0.0,18.0,0.0,1.0
防务,0.0,6.0,0.0,1.0
出资方,0.0,6.0,0.0,1.0
影响,0.0,6.0,0.0,1.0
10,3.0,6.0,0.3333333333333333,0.6666666666666666
7122,0.0,3.0,0.0,1.0
拍卖,0.0,6.0,0.0,1.0
东洲,0.0,6.0,0.0,1.0
股份,0.0,64.0,0.0,1.0
偿还债务,0.0,3.0,0.0,1.0
亿元,0.0,58.0,0.0,1.0
之中,0.0,3.0,0.0,1.0
证监会,0.0,15.0,0.0,1.0
0.60,0.0,1.0,0.0,1.0
水平,0.0,3.0,0.0,1.0
持续,0.0,6.0,0.0,1.0
形式,0.0,3.0,0.0,1.0
《,0.0,3.0,0.0,1.0
韶光,0.0,3.0,0.0,1.0
金额,0.0,6.0,0.0,1.0
对此,0.0,3.0,0.0,1.0
作价,0.0,9.0,0.0,1.0
中旬,0.0,6.0,0.0,1.0
体量,0.0,1.0,0.0,1.0
mmbiz,0.0,6.0,0.0,1.0
分别,0.0,9.0,0.0,1.0
很长,2.0,0.0,1.0,0.0
未来,0.0,3.0,0.0,1.0
合计,0.0,3.0,0.0,1.0
8.18,0.0,6.0,0.0,1.0
为亚,0.0,3.0,0.0,1.0
<,0.0,15.0,0.0,1.0
交易,0.0,108.0,0.0,1.0
实控,0.0,3.0,0.0,1.0
期间,0.0,6.0,0.0,1.0
第一,0.0,1.0,0.0,1.0
png,0.0,6.0,0.0,1.0
hqpick,0.0,3.0,0.0,1.0
材料,0.0,24.0,0.0,1.0
37,0.0,3.0,0.0,1.0
联合,0.0,6.0,0.0,1.0
极大,0.0,6.0,0.0,1.0
购买方,0.0,3.0,0.0,1.0
归母,0.0,21.0,0.0,1.0
总,0.0,3.0,0.0,1.0
】,0.0,6.0,0.0,1.0
mmhead,0.0,3.0,0.0,1.0
业绩,0.0,24.0,0.0,1.0
创建,0.0,3.0,0.0,1.0
以小,0.0,9.0,0.0,1.0
实控人,0.0,6.0,0.0,1.0
425.10,0.0,3.0,0.0,1.0
发展,3.0,0.0,1.0,0.0
奖补,0.0,18.0,0.0,1.0
成立,3.0,24.0,0.1111111111111111,0.8888888888888888
凤巢,0.0,12.0,0.0,1.0
时间,3.0,0.0,1.0,0.0
决策,0.0,3.0,0.0,1.0
?,0.0,9.0,0.0,1.0
为,2.0,109.0,0.018018018018018018,0.9819819819819819
+,0.0,3.0,0.0,1.0
com,0.0,3.0,0.0,1.0
116.98,0.0,3.0,0.0,1.0
月份,0.0,3.0,0.0,1.0
装入,0.0,3.0,0.0,1.0
2012,3.0,0.0,1.0,0.0
控制权,0.0,3.0,0.0,1.0
盈利,0.0,3.0,0.0,1.0
■,0.0,3.0,0.0,1.0
资金,0.0,40.0,0.0,1.0
蓝海,0.0,18.0,0.0,1.0
老牌,0.0,3.0,0.0,1.0
利润,0.0,3.0,0.0,1.0
23.61,0.0,3.0,0.0,1.0
陆定,0.0,3.0,0.0,1.0
如何,0.0,3.0,0.0,1.0
近,0.0,6.0,0.0,1.0
转而,0.0,3.0,0.0,1.0
暴露出,0.0,6.0,0.0,1.0
向,0.0,6.0,0.0,1.0
互动,0.0,12.0,0.0,1.0
进行,0.0,12.0,0.0,1.0
重点县,0.0,3.0,0.0,1.0
原力,0.0,3.0,0.0,1.0
很,0.0,6.0,0.0,1.0
价格,0.0,6.0,0.0,1.0
支配,0.0,3.0,0.0,1.0
其他,0.0,6.0,0.0,1.0
东证,0.0,18.0,0.0,1.0
超过,0.0,23.0,0.0,1.0
花期,2.0,0.0,1.0,0.0
转为,0.0,6.0,0.0,1.0
需求,0.0,3.0,0.0,1.0
低于,0.0,3.0,0.0,1.0
无法,0.0,3.0,0.0,1.0
前身,0.0,6.0,0.0,1.0
方式,0.0,4.0,0.0,1.0
研究室,0.0,3.0,0.0,1.0
值得,0.0,3.0,0.0,1.0
自,3.0,0.0,1.0,0.0
行动,0.0,18.0,0.0,1.0
增长,3.0,6.0,0.3333333333333333,0.6666666666666666
藤蔓,2.0,0.0,1.0,0.0
基金,0.0,27.0,0.0,1.0
浩蓝,0.0,21.0,0.0,1.0
万,0.0,3.0,0.0,1.0
环保,3.0,0.0,1.0,0.0
业务部,0.0,3.0,0.0,1.0
保壳,0.0,6.0,0.0,1.0
享有,0.0,3.0,0.0,1.0
),0.0,36.0,0.0,1.0
营业,0.0,9.0,0.0,1.0
觉醒,0.0,3.0,0.0,1.0
蓝,0.0,6.0,0.0,1.0
部门经理,0.0,3.0,0.0,1.0
全文,0.0,3.0,0.0,1.0
已有,0.0,3.0,0.0,1.0
中航,0.0,3.0,0.0,1.0
凸显出,0.0,6.0,0.0,1.0
企业,3.0,27.0,0.1,0.9
最新,0.0,6.0,0.0,1.0
配融,0.0,6.0,0.0,1.0
提名,0.0,3.0,0.0,1.0
目前,0.0,6.0,0.0,1.0
2014,0.0,6.0,0.0,1.0
风口,0.0,6.0,0.0,1.0
:,0.0,15.0,0.0,1.0
高于,0.0,3.0,0.0,1.0
期货,0.0,3.0,0.0,1.0
电工,0.0,6.0,0.0,1.0
2017,3.0,12.0,0.2,0.8
29,0.0,3.0,0.0,1.0
629,0.0,6.0,0.0,1.0
会,0.0,3.0,0.0,1.0
；,0.0,37.0,0.0,1.0
周蓉,0.0,6.0,0.0,1.0
保税,0.0,3.0,0.0,1.0
艇,0.0,6.0,0.0,1.0
17,0.0,3.0,0.0,1.0
以小吞大,0.0,3.0,0.0,1.0
[,0.0,3.0,0.0,1.0
顺利,0.0,9.0,0.0,1.0
金融界,0.0,3.0,0.0,1.0
纳入,0.0,3.0,0.0,1.0
抽丝剥茧,0.0,3.0,0.0,1.0
股权,0.0,31.0,0.0,1.0
话题,0.0,3.0,0.0,1.0
36,0.0,6.0,0.0,1.0
之一,0.0,6.0,0.0,1.0
人均,0.0,6.0,0.0,1.0
炙手可热,0.0,6.0,0.0,1.0
5,0.0,18.0,0.0,1.0
化工,0.0,3.0,0.0,1.0
亏损,0.0,3.0,0.0,1.0
迫于,0.0,3.0,0.0,1.0
亦,0.0,6.0,0.0,1.0
商务,0.0,3.0,0.0,1.0
营收,0.0,21.0,0.0,1.0
关联,0.0,12.0,0.0,1.0
对,0.0,45.0,0.0,1.0
1,0.0,12.0,0.0,1.0
余额,0.0,6.0,0.0,1.0
过剩,0.0,3.0,0.0,1.0
也就是说,0.0,3.0,0.0,1.0
月,3.0,51.0,0.05555555555555555,0.9444444444444444
列,0.0,3.0,0.0,1.0
尘埃落定,0.0,3.0,0.0,1.0
人,0.0,18.0,0.0,1.0
大额,0.0,3.0,0.0,1.0
7439,0.0,6.0,0.0,1.0
地点,3.0,0.0,1.0,0.0
10.66,0.0,1.0,0.0,1.0
保证,0.0,3.0,0.0,1.0
29.30,0.0,3.0,0.0,1.0
收益,0.0,3.0,0.0,1.0
双,0.0,3.0,0.0,1.0
专用,0.0,3.0,0.0,1.0
中证网,0.0,3.0,0.0,1.0
要求,0.0,3.0,0.0,1.0
暨,0.0,6.0,0.0,1.0
12,0.0,12.0,0.0,1.0
解决,0.0,6.0,0.0,1.0
诊股,0.0,3.0,0.0,1.0
电子行业,0.0,6.0,0.0,1.0
d52ea915d6698cbc,0.0,3.0,0.0,1.0
亿买,0.0,3.0,0.0,1.0
汪,0.0,3.0,0.0,1.0
通信,0.0,6.0,0.0,1.0
创业板,0.0,9.0,0.0,1.0
同时,0.0,13.0,0.0,1.0
拟,0.0,6.0,0.0,1.0
提高,0.0,3.0,0.0,1.0
15,0.0,3.0,0.0,1.0
控股,0.0,111.0,0.0,1.0
通过,0.0,15.0,0.0,1.0
原实,0.0,3.0,0.0,1.0
进入,0.0,4.0,0.0,1.0
有何,0.0,3.0,0.0,1.0
01,0.0,3.0,0.0,1.0
国防,0.0,6.0,0.0,1.0
明显,0.0,6.0,0.0,1.0
厂,0.0,6.0,0.0,1.0
公司,3.0,72.0,0.04,0.96
总厂,0.0,6.0,0.0,1.0
腾邦,0.0,3.0,0.0,1.0
天通股份,0.0,30.0,0.0,1.0
2016,3.0,54.0,0.05263157894736842,0.9473684210526315
委派代表,0.0,6.0,0.0,1.0
激励,0.0,3.0,0.0,1.0
支付,0.0,6.0,0.0,1.0
重大,0.0,12.0,0.0,1.0
五号,0.0,24.0,0.0,1.0
2019,0.0,3.0,0.0,1.0
终于,0.0,6.0,0.0,1.0
出资人,0.0,9.0,0.0,1.0
1965,0.0,6.0,0.0,1.0
第十八届,12.0,0.0,1.0,0.0
000,3.0,0.0,1.0,0.0
东方,0.0,18.0,0.0,1.0
财报,0.0,3.0,0.0,1.0
典型,0.0,3.0,0.0,1.0
两年,0.0,6.0,0.0,1.0
内,0.0,3.0,0.0,1.0
位列,0.0,3.0,0.0,1.0
之,0.0,9.0,0.0,1.0
道,0.0,6.0,0.0,1.0
产业,0.0,3.0,0.0,1.0
【,0.0,6.0,0.0,1.0
jpg,0.0,3.0,0.0,1.0
占,0.0,18.0,0.0,1.0
另外,0.0,3.0,0.0,1.0
表决权,0.0,6.0,0.0,1.0
英超,0.0,3.0,0.0,1.0
有望,0.0,3.0,0.0,1.0
》,0.0,3.0,0.0,1.0
小汪,0.0,3.0,0.0,1.0
3001232,0.0,3.0,0.0,1.0
女郎,2.0,0.0,1.0,0.0
22,0.0,9.0,0.0,1.0
近日,0.0,3.0,0.0,1.0
产能,0.0,3.0,0.0,1.0
光电子,0.0,128.0,0.0,1.0
作为,0.0,9.0,0.0,1.0
有序,0.0,3.0,0.0,1.0
意思,0.0,3.0,0.0,1.0
梅山,0.0,3.0,0.0,1.0
天,0.0,6.0,0.0,1.0
连续,0.0,12.0,0.0,1.0
PE,0.0,6.0,0.0,1.0
五洋,0.0,3.0,0.0,1.0
来说,0.0,3.0,0.0,1.0
持有,0.0,6.0,0.0,1.0
太阳鸟,20.0,361.0,0.05249343832020997,0.94750656167979
展览会,6.0,0.0,1.0,0.0
公告,0.0,15.0,0.0,1.0
抬升,0.0,3.0,0.0,1.0
科工,0.0,3.0,0.0,1.0
募资,0.0,3.0,0.0,1.0
1.2,0.0,3.0,0.0,1.0
年报,0.0,3.0,0.0,1.0
债务,0.0,3.0,0.0,1.0
复合材料,0.0,6.0,0.0,1.0
阅读,0.0,3.0,0.0,1.0
高出,0.0,3.0,0.0,1.0
903,0.0,3.0,0.0,1.0
其中,0.0,6.0,0.0,1.0
稀释,0.0,3.0,0.0,1.0
且,0.0,9.0,0.0,1.0
很小,0.0,3.0,0.0,1.0
6618,0.0,3.0,0.0,1.0
㎡,3.0,0.0,1.0,0.0
79.04,0.0,3.0,0.0,1.0
问询,0.0,3.0,0.0,1.0
第二,0.0,3.0,0.0,1.0
回应,0.0,6.0,0.0,1.0
实力,0.0,3.0,0.0,1.0
国营,0.0,6.0,0.0,1.0
k,0.0,3.0,0.0,1.0
根据,0.0,12.0,0.0,1.0
新贵,0.0,6.0,0.0,1.0
时称,0.0,6.0,0.0,1.0
4376,0.0,3.0,0.0,1.0
服务,0.0,6.0,0.0,1.0
亚,0.0,113.0,0.0,1.0
应收,0.0,6.0,0.0,1.0
红相,0.0,3.0,0.0,1.0
115,0.0,3.0,0.0,1.0
本报记者,0.0,3.0,0.0,1.0
小,2.0,0.0,1.0,0.0
交易价格,0.0,1.0,0.0,1.0
特定,0.0,6.0,0.0,1.0
家具,33.0,0.0,1.0,0.0
晚间,0.0,3.0,0.0,1.0
名,0.0,6.0,0.0,1.0
93.11,0.0,3.0,0.0,1.0
微波,0.0,1.0,0.0,1.0
您,12.0,0.0,1.0,0.0
：,9.0,57.0,0.13636363636363635,0.8636363636363636
达成,0.0,3.0,0.0,1.0
期,0.0,3.0,0.0,1.0
竞拍,0.0,24.0,0.0,1.0
自然人,0.0,3.0,0.0,1.0
欢声笑语,0.0,3.0,0.0,1.0
一事,0.0,6.0,0.0,1.0
）,0.0,34.0,0.0,1.0
委托,0.0,3.0,0.0,1.0
四川,0.0,6.0,0.0,1.0
展示,0.0,3.0,0.0,1.0
投资,0.0,6.0,0.0,1.0
xKAiaXrsa6BiaDaibcNxmgzl1YLUb6eVkNgzzd7g4od4BtuibG05ask3RqfvCMicNDQXY7kjqxYYz7Rwzuiacb5fAO1w,0.0,3.0,0.0,1.0
e,0.0,6.0,0.0,1.0
形成,0.0,3.0,0.0,1.0
汛情,0.0,6.0,0.0,1.0
嫌疑,0.0,6.0,0.0,1.0
wx,0.0,12.0,0.0,1.0
体验,0.0,3.0,0.0,1.0
直接,0.0,12.0,0.0,1.0
李跃先,0.0,27.0,0.0,1.0
间接,0.0,9.0,0.0,1.0
上市,0.0,6.0,0.0,1.0
趋弱,0.0,6.0,0.0,1.0
估值,0.0,6.0,0.0,1.0
局对涉,0.0,3.0,0.0,1.0
扶持,0.0,3.0,0.0,1.0
配套,0.0,16.0,0.0,1.0
对称,0.0,6.0,0.0,1.0
销售额,0.0,12.0,0.0,1.0
一直,0.0,9.0,0.0,1.0
主业,0.0,6.0,0.0,1.0
董秘,0.0,3.0,0.0,1.0
穿透,0.0,3.0,0.0,1.0
收到,0.0,3.0,0.0,1.0
为了,0.0,3.0,0.0,1.0
机器人,0.0,3.0,0.0,1.0
相约,12.0,0.0,1.0,0.0
波动,0.0,3.0,0.0,1.0
有限,0.0,15.0,0.0,1.0
避免,0.0,3.0,0.0,1.0
还,0.0,3.0,0.0,1.0
问题,0.0,9.0,0.0,1.0
量,0.0,6.0,0.0,1.0
384.97,0.0,3.0,0.0,1.0
看点,0.0,3.0,0.0,1.0
高达,0.0,3.0,0.0,1.0
2018,0.0,3.0,0.0,1.0
并,0.0,39.0,0.0,1.0
云内,0.0,3.0,0.0,1.0
jpeg,0.0,6.0,0.0,1.0
2017.6,3.0,0.0,1.0,0.0
浩,0.0,6.0,0.0,1.0
1.1,0.0,3.0,0.0,1.0
自有,0.0,3.0,0.0,1.0
在,3.0,48.0,0.058823529411764705,0.9411764705882353
难掩,0.0,3.0,0.0,1.0
万元,0.0,81.0,0.0,1.0
股本,0.0,3.0,0.0,1.0
在内,0.0,9.0,0.0,1.0
03,0.0,3.0,0.0,1.0
19,0.0,9.0,0.0,1.0
净利润,0.0,45.0,0.0,1.0
出资,0.0,27.0,0.0,1.0
助力,0.0,6.0,0.0,1.0
过会,0.0,19.0,0.0,1.0
此前,0.0,3.0,0.0,1.0
发问,0.0,3.0,0.0,1.0
次,0.0,3.0,0.0,1.0
布局,0.0,3.0,0.0,1.0
借壳,0.0,24.0,0.0,1.0
停牌,0.0,12.0,0.0,1.0
12.95,0.0,4.0,0.0,1.0
十二号,0.0,24.0,0.0,1.0
珠海,0.0,18.0,0.0,1.0
29.3,0.0,6.0,0.0,1.0
整合,0.0,3.0,0.0,1.0
若干个,0.0,3.0,0.0,1.0
953,0.0,3.0,0.0,1.0
股权结构,0.0,3.0,0.0,1.0
宁波,0.0,81.0,0.0,1.0
4274,0.0,3.0,0.0,1.0
受到,0.0,3.0,0.0,1.0
合理性,0.0,3.0,0.0,1.0
退市,0.0,3.0,0.0,1.0
盛路,0.0,3.0,0.0,1.0
262.50,0.0,3.0,0.0,1.0
下降,0.0,3.0,0.0,1.0
风险,0.0,3.0,0.0,1.0
属于,0.0,3.0,0.0,1.0
依赖,0.0,3.0,0.0,1.0
得到,0.0,3.0,0.0,1.0
日讯,0.0,3.0,0.0,1.0
年,6.0,87.0,0.06451612903225806,0.9354838709677419
铁马,0.0,24.0,0.0,1.0
使得,0.0,3.0,0.0,1.0
/,0.0,79.0,0.0,1.0
少数,0.0,3.0,0.0,1.0
于,0.0,24.0,0.0,1.0
494,0.0,3.0,0.0,1.0
偿还,0.0,3.0,0.0,1.0
复牌,0.0,12.0,0.0,1.0
永恒,0.0,3.0,0.0,1.0
再,0.0,3.0,0.0,1.0
证券网,0.0,3.0,0.0,1.0
网站,0.0,3.0,0.0,1.0
97.38,0.0,16.0,0.0,1.0
以上,0.0,3.0,0.0,1.0
签订,0.0,6.0,0.0,1.0
回复,0.0,3.0,0.0,1.0
平抑,0.0,3.0,0.0,1.0
初试锋芒,9.0,0.0,1.0,0.0
0,0.0,12.0,0.0,1.0
品牌,3.0,3.0,0.5,0.5
显示,0.0,12.0,0.0,1.0
航天,0.0,6.0,0.0,1.0
探究,0.0,3.0,0.0,1.0
海斐,0.0,21.0,0.0,1.0
转型,0.0,6.0,0.0,1.0
巨额,0.0,3.0,0.0,1.0
签订协议,0.0,3.0,0.0,1.0
结构,0.0,9.0,0.0,1.0
一家,0.0,9.0,0.0,1.0
项目,0.0,27.0,0.0,1.0
首次,3.0,0.0,1.0,0.0
国际,6.0,0.0,1.0,0.0
1998,0.0,6.0,0.0,1.0
一定,0.0,3.0,0.0,1.0
仍为,0.0,3.0,0.0,1.0
大幅,0.0,15.0,0.0,1.0
电力,0.0,3.0,0.0,1.0
倍,0.0,6.0,0.0,1.0
147,0.0,3.0,0.0,1.0
已,3.0,9.0,0.25,0.75
简称,0.0,3.0,0.0,1.0
控股权,0.0,3.0,0.0,1.0
依靠,0.0,3.0,0.0,1.0
造船,0.0,3.0,0.0,1.0
回款,0.0,6.0,0.0,1.0
提案,0.0,3.0,0.0,1.0
实现,0.0,18.0,0.0,1.0
不惜,0.0,3.0,0.0,1.0
诸多,0.0,3.0,0.0,1.0
一致,0.0,15.0,0.0,1.0
负面影响,0.0,3.0,0.0,1.0
方案,0.0,6.0,0.0,1.0
3,0.0,6.0,0.0,1.0
行业,0.0,1.0,0.0,1.0
共同,0.0,12.0,0.0,1.0
分析,0.0,3.0,0.0,1.0
IMAGE,0.0,15.0,0.0,1.0
增厚,0.0,6.0,0.0,1.0
核心,0.0,3.0,0.0,1.0
300.00,0.0,3.0,0.0,1.0
子公司,0.0,15.0,0.0,1.0
高,0.0,6.0,0.0,1.0
大体,0.0,6.0,0.0,1.0
进一步,0.0,3.0,0.0,1.0
经济,0.0,3.0,0.0,1.0
客户,0.0,6.0,0.0,1.0
比例,0.0,3.0,0.0,1.0
细看,0.0,6.0,0.0,1.0
动力,0.0,9.0,0.0,1.0
准备,0.0,3.0,0.0,1.0
原创,0.0,3.0,0.0,1.0
面对,0.0,3.0,0.0,1.0
议,0.0,3.0,0.0,1.0
经办人,0.0,3.0,0.0,1.0
6.6,0.0,3.0,0.0,1.0
最终,0.0,6.0,0.0,1.0
华腾,0.0,48.0,0.0,1.0
特色,0.0,3.0,0.0,1.0
引入,0.0,3.0,0.0,1.0
控制,0.0,24.0,0.0,1.0
其,2.0,12.0,0.14285714285714285,0.8571428571428571
讯,0.0,6.0,0.0,1.0
击退,0.0,3.0,0.0,1.0
fmt,0.0,9.0,0.0,1.0
42,0.0,3.0,0.0,1.0
动态,3.0,0.0,1.0,0.0
9.91,0.0,3.0,0.0,1.0
仍,0.0,6.0,0.0,1.0
假设,0.0,9.0,0.0,1.0
得知,0.0,3.0,0.0,1.0
上述,0.0,6.0,0.0,1.0
协商,0.0,3.0,0.0,1.0
隽蓉,0.0,3.0,0.0,1.0
成功,3.0,9.0,0.25,0.75
审核,0.0,6.0,0.0,1.0
港区,0.0,3.0,0.0,1.0
开拓,0.0,3.0,0.0,1.0
关于,0.0,3.0,0.0,1.0
600330,0.0,9.0,0.0,1.0
年底,3.0,0.0,1.0,0.0
占归母,0.0,6.0,0.0,1.0
前,0.0,6.0,0.0,1.0
不会,0.0,3.0,0.0,1.0
逐渐,0.0,3.0,0.0,1.0
334200,0.0,3.0,0.0,1.0
存在,0.0,12.0,0.0,1.0
每年,3.0,0.0,1.0,0.0
博云新材,0.0,6.0,0.0,1.0
绿色,3.0,0.0,1.0,0.0
对于,0.0,3.0,0.0,1.0
补充协议,0.0,3.0,0.0,1.0
期为,0.0,3.0,0.0,1.0
多,0.0,3.0,0.0,1.0
11,0.0,12.0,0.0,1.0
而言,0.0,3.0,0.0,1.0
娱乐,0.0,3.0,0.0,1.0
即便,0.0,3.0,0.0,1.0
借款,0.0,12.0,0.0,1.0
周期,0.0,3.0,0.0,1.0
9,0.0,6.0,0.0,1.0
017.25,0.0,3.0,0.0,1.0
包括,0.0,6.0,0.0,1.0
将,0.0,39.0,0.0,1.0
不同,0.0,3.0,0.0,1.0
终获,0.0,3.0,0.0,1.0
债权,0.0,12.0,0.0,1.0
型,0.0,9.0,0.0,1.0
军工,0.0,43.0,0.0,1.0
受人,0.0,3.0,0.0,1.0
锁定,0.0,12.0,0.0,1.0
人士,0.0,3.0,0.0,1.0
股,0.0,13.0,0.0,1.0
961,0.0,3.0,0.0,1.0
32.11,0.0,3.0,0.0,1.0
qpic,0.0,3.0,0.0,1.0
组件,0.0,1.0,0.0,1.0
防汛,0.0,3.0,0.0,1.0
未,0.0,3.0,0.0,1.0
原子,0.0,3.0,0.0,1.0
传粉,2.0,0.0,1.0,0.0
13,0.0,6.0,0.0,1.0
多方,0.0,3.0,0.0,1.0
近年来,0.0,3.0,0.0,1.0
出具,0.0,3.0,0.0,1.0
一方面,0.0,3.0,0.0,1.0
审计,0.0,3.0,0.0,1.0
8cc4ecebee307f29,0.0,3.0,0.0,1.0
参加,3.0,0.0,1.0,0.0
上,0.0,18.0,0.0,1.0
表决,0.0,3.0,0.0,1.0
严重,0.0,3.0,0.0,1.0
梯队,0.0,1.0,0.0,1.0
http,0.0,15.0,0.0,1.0
应,0.0,3.0,0.0,1.0
造成,0.0,3.0,0.0,1.0
购买,0.0,16.0,0.0,1.0
朱淋云,0.0,3.0,0.0,1.0
披露,0.0,6.0,0.0,1.0
综合,0.0,3.0,0.0,1.0
承诺,0.0,12.0,0.0,1.0
发行,0.0,20.0,0.0,1.0
回报,0.0,3.0,0.0,1.0
融资,0.0,3.0,0.0,1.0
亿股,0.0,7.0,0.0,1.0
cn,0.0,12.0,0.0,1.0
执行,0.0,6.0,0.0,1.0
亿,0.0,1.0,0.0,1.0
保持一致,0.0,6.0,0.0,1.0
设计,0.0,6.0,0.0,1.0
北化,0.0,3.0,0.0,1.0
69.86,0.0,3.0,0.0,1.0
多次,0.0,3.0,0.0,1.0
并购,0.0,99.0,0.0,1.0
7,3.0,18.0,0.14285714285714285,0.8571428571428571
33.42,0.0,13.0,0.0,1.0
剔除,0.0,3.0,0.0,1.0
等,0.0,24.0,0.0,1.0
9500,0.0,3.0,0.0,1.0
通知,0.0,3.0,0.0,1.0
特种,0.0,3.0,0.0,1.0
委将,0.0,3.0,0.0,1.0
资金来源,0.0,3.0,0.0,1.0
再次,0.0,3.0,0.0,1.0
-,6.0,9.0,0.4,0.6
专注,0.0,3.0,0.0,1.0
eastmoney,0.0,3.0,0.0,1.0
487797f92a87e103,0.0,3.0,0.0,1.0
从事,0.0,3.0,0.0,1.0
五大,0.0,3.0,0.0,1.0
31,0.0,3.0,0.0,1.0
上市公司,0.0,77.0,0.0,1.0
187,0.0,3.0,0.0,1.0
200.05,0.0,3.0,0.0,1.0
2.58,0.0,6.0,0.0,1.0
收入,0.0,12.0,0.0,1.0
提供,0.0,12.0,0.0,1.0
年前,0.0,3.0,0.0,1.0
情况,0.0,3.0,0.0,1.0
前期,0.0,3.0,0.0,1.0
—,18.0,0.0,1.0,0.0
、,0.0,282.0,0.0,1.0
中国,0.0,3.0,0.0,1.0
合伙,0.0,18.0,0.0,1.0
金戈,0.0,3.0,0.0,1.0
能力,0.0,12.0,0.0,1.0
变相,0.0,15.0,0.0,1.0
但,0.0,3.0,0.0,1.0
902.6,0.0,3.0,0.0,1.0
挂牌,0.0,6.0,0.0,1.0
条件,0.0,6.0,0.0,1.0
纷纷,0.0,3.0,0.0,1.0
观花,2.0,0.0,1.0,0.0
星波,0.0,3.0,0.0,1.0
账款,0.0,6.0,0.0,1.0
利用,0.0,3.0,0.0,1.0
恒电,0.0,3.0,0.0,1.0
高科,0.0,3.0,0.0,1.0
第三,0.0,6.0,0.0,1.0
86,0.0,3.0,0.0,1.0
产生,0.0,3.0,0.0,1.0
分散,0.0,3.0,0.0,1.0
证券时报,0.0,3.0,0.0,1.0
提出,0.0,3.0,0.0,1.0
巨亏,0.0,3.0,0.0,1.0
以,0.0,10.0,0.0,1.0
麾下,0.0,3.0,0.0,1.0
植物,2.0,0.0,1.0,0.0
16,0.0,3.0,0.0,1.0
收购,0.0,52.0,0.0,1.0
行情,0.0,3.0,0.0,1.0
工作,0.0,9.0,0.0,1.0
全资,0.0,6.0,0.0,1.0
.,3.0,42.0,0.06666666666666667,0.9333333333333333
朱先妮,0.0,3.0,0.0,1.0
航运,0.0,3.0,0.0,1.0
616,0.0,3.0,0.0,1.0
会议,0.0,6.0,0.0,1.0
2,0.0,9.0,0.0,1.0
资产,0.0,15.0,0.0,1.0
补偿,0.0,15.0,0.0,1.0
中船,0.0,3.0,0.0,1.0
亚光,0.0,24.0,0.0,1.0
260,3.0,0.0,1.0,0.0
国有产权,0.0,15.0,0.0,1.0
市场,0.0,21.0,0.0,1.0
img,0.0,9.0,0.0,1.0
船,0.0,3.0,0.0,1.0
取得,0.0,3.0,0.0,1.0
首先,0.0,6.0,0.0,1.0
一次,0.0,3.0,0.0,1.0
上限,0.0,3.0,0.0,1.0
之前,0.0,3.0,0.0,1.0
新,9.0,24.0,0.2727272727272727,0.7272727272727273
是,0.0,33.0,0.0,1.0
沅江市,0.0,3.0,0.0,1.0
花蜜,2.0,0.0,1.0,0.0
邀,3.0,0.0,1.0,0.0
太,0.0,3.0,0.0,1.0
众多,0.0,6.0,0.0,1.0
88.78,0.0,3.0,0.0,1.0
起航,0.0,6.0,0.0,1.0
第二层,0.0,3.0,0.0,1.0
因,0.0,9.0,0.0,1.0
意见,0.0,6.0,0.0,1.0
观察,0.0,3.0,0.0,1.0
规模,3.0,9.0,0.25,0.75
压力,0.0,3.0,0.0,1.0
>,0.0,24.0,0.0,1.0
2015,0.0,9.0,0.0,1.0
全球,0.0,3.0,0.0,1.0
技术,0.0,3.0,0.0,1.0
於,0.0,3.0,0.0,1.0
融合,0.0,15.0,0.0,1.0
 ,99.0,66.0,0.6,0.4
天力,0.0,18.0,0.0,1.0
qlogo,0.0,3.0,0.0,1.0
产权,0.0,3.0,0.0,1.0
体形,2.0,0.0,1.0,0.0
严苛,0.0,3.0,0.0,1.0
出现,0.0,3.0,0.0,1.0
蓝本,0.0,6.0,0.0,1.0
萧条,0.0,3.0,0.0,1.0
164,0.0,3.0,0.0,1.0
比亚,0.0,3.0,0.0,1.0
旅游,0.0,3.0,0.0,1.0
经营,0.0,6.0,0.0,1.0
经,0.0,3.0,0.0,1.0
1827,0.0,3.0,0.0,1.0
焕等,0.0,3.0,0.0,1.0
副总经理,0.0,3.0,0.0,1.0
SRC,0.0,15.0,0.0,1.0
扬帆,0.0,6.0,0.0,1.0
地,0.0,6.0,0.0,1.0
主要,0.0,3.0,0.0,1.0
游艇,0.0,18.0,0.0,1.0
涨停,0.0,6.0,0.0,1.0
29.47,0.0,3.0,0.0,1.0
年度,0.0,18.0,0.0,1.0
一,0.0,12.0,0.0,1.0
20,3.0,3.0,0.5,0.5
对海斐,0.0,3.0,0.0,1.0
年均,0.0,3.0,0.0,1.0
比,0.0,3.0,0.0,1.0
大幅提高,0.0,3.0,0.0,1.0
达到,0.0,6.0,0.0,1.0
而亚,0.0,3.0,0.0,1.0
有限公司,3.0,24.0,0.1111111111111111,0.8888888888888888
委,0.0,3.0,0.0,1.0
　,0.0,206.0,0.0,1.0
Q3auHgzwzM7Gwl3X0hqfdgic3bbkZ1CQwv16jgBZd6CJxCYiasRDnTWA,0.0,3.0,0.0,1.0
VR,0.0,3.0,0.0,1.0
二度,0.0,6.0,0.0,1.0
thsi,0.0,6.0,0.0,1.0
约,0.0,3.0,0.0,1.0
总数,0.0,6.0,0.0,1.0
构成,0.0,3.0,0.0,1.0
原因,0.0,3.0,0.0,1.0
启示,0.0,3.0,0.0,1.0
24.46,0.0,9.0,0.0,1.0
个,0.0,18.0,0.0,1.0
所持亚,0.0,6.0,0.0,1.0
投资者,0.0,15.0,0.0,1.0
博大,0.0,9.0,0.0,1.0
参与,0.0,15.0,0.0,1.0
审批,0.0,3.0,0.0,1.0
市值,0.0,3.0,0.0,1.0
成为,0.0,13.0,0.0,1.0
300123,0.0,24.0,0.0,1.0
杨黎鸣,0.0,3.0,0.0,1.0
标识,3.0,0.0,1.0,0.0
瑞联,0.0,30.0,0.0,1.0
100,0.0,3.0,0.0,1.0
炒,0.0,3.0,0.0,1.0
评估,0.0,9.0,0.0,1.0
跳舞,2.0,0.0,1.0,0.0
强力,0.0,3.0,0.0,1.0
竞争,0.0,3.0,0.0,1.0
投票选举,0.0,3.0,0.0,1.0
军工企业,0.0,9.0,0.0,1.0
30,3.0,0.0,1.0,0.0
所持,0.0,3.0,0.0,1.0
不仅,0.0,3.0,0.0,1.0
对价,0.0,9.0,0.0,1.0
份额,0.0,3.0,0.0,1.0
贷款,0.0,6.0,0.0,1.0
说,0.0,3.0,0.0,1.0
多家,0.0,3.0,0.0,1.0
],0.0,3.0,0.0,1.0
满足,0.0,6.0,0.0,1.0
_,0.0,12.0,0.0,1.0
发布,0.0,3.0,0.0,1.0
事务,0.0,6.0,0.0,1.0
三季度,0.0,6.0,0.0,1.0
中其,0.0,3.0,0.0,1.0
国内,0.0,6.0,0.0,1.0
颓势,0.0,3.0,0.0,1.0
销售,0.0,6.0,0.0,1.0
转让,0.0,12.0,0.0,1.0
特征,0.0,3.0,0.0,1.0
之后,0.0,6.0,0.0,1.0
7.28,0.0,3.0,0.0,1.0
销量,3.0,0.0,1.0,0.0
比重,0.0,9.0,0.0,1.0
合并,0.0,6.0,0.0,1.0
事项,0.0,3.0,0.0,1.0
吸引,2.0,0.0,1.0,0.0
南京,0.0,33.0,0.0,1.0
科技,0.0,3.0,0.0,1.0
值,0.0,3.0,0.0,1.0
债转股,0.0,6.0,0.0,1.0
仅为,0.0,3.0,0.0,1.0
176.54,0.0,3.0,0.0,1.0
主体,0.0,15.0,0.0,1.0
初始,0.0,3.0,0.0,1.0
=,0.0,24.0,0.0,1.0
方,0.0,3.0,0.0,1.0
方大,0.0,3.0,0.0,1.0
大,0.0,18.0,0.0,1.0
对方,0.0,6.0,0.0,1.0
0.18,0.0,3.0,0.0,1.0
紧随其后,0.0,3.0,0.0,1.0
交易所,0.0,3.0,0.0,1.0
公开,0.0,7.0,0.0,1.0
平台,0.0,15.0,0.0,1.0
船艇,0.0,6.0,0.0,1.0
%,6.0,67.0,0.0821917808219178,0.9178082191780822
重组,0.0,18.0,0.0,1.0
军民,0.0,15.0,0.0,1.0
牵头,0.0,3.0,0.0,1.0
承办,0.0,3.0,0.0,1.0
展,12.0,0.0,1.0,0.0
成本,0.0,3.0,0.0,1.0
F8TicxB8zvAnJcQh3gugHdUFmBPVpY52uw10A,0.0,3.0,0.0,1.0
(,0.0,36.0,0.0,1.0
类,0.0,3.0,0.0,1.0
（,0.0,34.0,0.0,1.0
以来,3.0,0.0,1.0,0.0
分公司,0.0,3.0,0.0,1.0
58.16,0.0,3.0,0.0,1.0
推荐,3.0,0.0,1.0,0.0
可以,0.0,6.0,0.0,1.0
标的,0.0,24.0,0.0,1.0
长沙,0.0,3.0,0.0,1.0
表示,0.0,12.0,0.0,1.0
2010,0.0,6.0,0.0,1.0
高管,0.0,3.0,0.0,1.0
二次,0.0,3.0,0.0,1.0
规避,0.0,3.0,0.0,1.0
以及,0.0,9.0,0.0,1.0
SZ,0.0,6.0,0.0,1.0
控人,0.0,3.0,0.0,1.0
优良,2.0,0.0,1.0,0.0
融入,0.0,3.0,0.0,1.0
看作,0.0,3.0,0.0,1.0
今日,3.0,3.0,0.5,0.5
解释,0.0,6.0,0.0,1.0
曹锐,0.0,3.0,0.0,1.0
有关,0.0,3.0,0.0,1.0
当下,0.0,6.0,0.0,1.0
第,0.0,3.0,0.0,1.0
本次,0.0,48.0,0.0,1.0
浩蓝瑞东,0.0,21.0,0.0,1.0
B9K5tZtibh3REQjoyCFibv60MAw3WbRk9ul6Y8NNk8nlJOxbX9tDQhKRvh1ROP1iaUIibibuzZHmqt9a3A,0.0,3.0,0.0,1.0
SH,0.0,3.0,0.0,1.0
金刚,0.0,3.0,0.0,1.0
罕见,0.0,3.0,0.0,1.0
公共服务,0.0,3.0,0.0,1.0
新增,0.0,9.0,0.0,1.0
最大,0.0,4.0,0.0,1.0
支撑,0.0,3.0,0.0,1.0
设置,0.0,3.0,0.0,1.0
618.00,0.0,3.0,0.0,1.0
37.57,0.0,3.0,0.0,1.0
被,0.0,15.0,0.0,1.0
后,0.0,21.0,0.0,1.0
第一层,0.0,3.0,0.0,1.0
增值率,0.0,3.0,0.0,1.0
生产,0.0,9.0,0.0,1.0
关注,0.0,3.0,0.0,1.0
召开,0.0,3.0,0.0,1.0
发生变化,0.0,6.0,0.0,1.0
资金不足,0.0,3.0,0.0,1.0
借助,0.0,3.0,0.0,1.0
记者,0.0,3.0,0.0,1.0
午间,0.0,3.0,0.0,1.0
展会,3.0,0.0,1.0,0.0
募集,0.0,16.0,0.0,1.0
竞价,0.0,3.0,0.0,1.0
股转债,0.0,3.0,0.0,1.0
6,3.0,12.0,0.2,0.8
红线,0.0,3.0,0.0,1.0
均,3.0,9.0,0.25,0.75
41.77,0.0,6.0,0.0,1.0
提升,0.0,6.0,0.0,1.0
改制,0.0,6.0,0.0,1.0
亚光后,0.0,6.0,0.0,1.0
研发,0.0,6.0,0.0,1.0
资料,0.0,3.0,0.0,1.0
事实上,0.0,3.0,0.0,1.0
