日,0.0,24.0,0.0,1.0
12,0.0,6.0,0.0,1.0
业务,0.0,6.0,0.0,1.0
落马,0.0,3.0,0.0,1.0
发展,0.0,12.0,0.0,1.0
资本,0.0,6.0,0.0,1.0
至,0.0,9.0,0.0,1.0
风险,6.0,0.0,1.0,0.0
纸业,0.0,6.0,0.0,1.0
一体,0.0,3.0,0.0,1.0
：,0.0,9.0,0.0,1.0
山东,0.0,9.0,0.0,1.0
平煤,0.0,6.0,0.0,1.0
2001,0.0,9.0,0.0,1.0
得到,3.0,0.0,1.0,0.0
荣盛,0.0,12.0,0.0,1.0
协议,3.0,0.0,1.0,0.0
6.10,0.0,3.0,0.0,1.0
较,0.0,3.0,0.0,1.0
年,1.0,39.0,0.025,0.975
8.89,0.0,3.0,0.0,1.0
只,0.0,3.0,0.0,1.0
/,0.0,54.0,0.0,1.0
中心,0.0,3.0,0.0,1.0
副省长,0.0,6.0,0.0,1.0
时任,0.0,6.0,0.0,1.0
前,0.0,6.0,0.0,1.0
人才,0.0,3.0,0.0,1.0
高速,0.0,18.0,0.0,1.0
集团化,0.0,3.0,0.0,1.0
20170504,0.0,3.0,0.0,1.0
或涉,0.0,5.0,0.0,1.0
同时,3.0,0.0,1.0,0.0
600522,0.0,6.0,0.0,1.0
秘书,0.0,12.0,0.0,1.0
:,0.0,9.0,0.0,1.0
持股,0.0,18.0,0.0,1.0
战略,0.0,3.0,0.0,1.0
000488,0.0,3.0,0.0,1.0
战法,3.0,0.0,1.0,0.0
600015,0.0,3.0,0.0,1.0
真正,1.0,0.0,1.0,0.0
收益率,3.0,0.0,1.0,0.0
600016,0.0,3.0,0.0,1.0
地,0.0,6.0,0.0,1.0
鲁伟,0.0,9.0,0.0,1.0
因子,0.0,6.0,0.0,1.0
重仓股,0.0,9.0,0.0,1.0
称,0.0,3.0,0.0,1.0
项目,0.0,11.0,0.0,1.0
不足,0.0,6.0,0.0,1.0
党委书记,0.0,6.0,0.0,1.0
推出,5.0,0.0,1.0,0.0
比例,0.0,15.0,0.0,1.0
任职,0.0,18.0,0.0,1.0
8,0.0,9.0,0.0,1.0
买入,0.0,33.0,0.0,1.0
十年,0.0,6.0,0.0,1.0
能,0.0,9.0,0.0,1.0
增持,0.0,9.0,0.0,1.0
部门,0.0,6.0,0.0,1.0
质量,0.0,6.0,0.0,1.0
长,0.0,6.0,0.0,1.0
办公厅,0.0,9.0,0.0,1.0
接受,1.0,21.0,0.045454545454545456,0.9545454545454546
原,0.0,6.0,0.0,1.0
省政府,0.0,9.0,0.0,1.0
杂志,0.0,6.0,0.0,1.0
股东,0.0,6.0,0.0,1.0
中,0.0,24.0,0.0,1.0
;,6.0,0.0,1.0,0.0
对外,0.0,12.0,0.0,1.0
影响,0.0,6.0,0.0,1.0
期权,1.0,0.0,1.0,0.0
建发,0.0,9.0,0.0,1.0
10,0.0,24.0,0.0,1.0
IMAGE,0.0,9.0,0.0,1.0
出生,0.0,6.0,0.0,1.0
股份,0.0,21.0,0.0,1.0
Wind,0.0,3.0,0.0,1.0
1.89,0.0,3.0,0.0,1.0
核心,0.0,3.0,0.0,1.0
面签,6.0,0.0,1.0,0.0
市盈率,0.0,18.0,0.0,1.0
大酒店,0.0,17.0,0.0,1.0
子公司,0.0,6.0,0.0,1.0
高,3.0,3.0,0.5,0.5
华尔街,4.0,0.0,1.0,0.0
用户,18.0,0.0,1.0,0.0
6.49,0.0,3.0,0.0,1.0
《,0.0,15.0,0.0,1.0
李恩树,0.0,6.0,0.0,1.0
布莱克,1.0,0.0,1.0,0.0
投资,20.0,146.0,0.12048192771084337,0.8795180722891566
原创,0.0,3.0,0.0,1.0
民生银行,0.0,6.0,0.0,1.0
601009,0.0,3.0,0.0,1.0
登海,0.0,9.0,0.0,1.0
止盈,3.0,0.0,1.0,0.0
e,3.0,6.0,0.3333333333333333,0.6666666666666666
远海,0.0,9.0,0.0,1.0
组合,4.0,0.0,1.0,0.0
特色,3.0,0.0,1.0,0.0
17.66,0.0,3.0,0.0,1.0
总,0.0,15.0,0.0,1.0
张宁,0.0,15.0,0.0,1.0
讯,0.0,3.0,0.0,1.0
作为,0.0,5.0,0.0,1.0
交易,9.0,6.0,0.6,0.4
绩效,0.0,3.0,0.0,1.0
000541,0.0,3.0,0.0,1.0
提升,3.0,0.0,1.0,0.0
具备,0.0,3.0,0.0,1.0
动态,0.0,18.0,0.0,1.0
期间,0.0,6.0,0.0,1.0
cn,0.0,6.0,0.0,1.0
png,0.0,3.0,0.0,1.0
hqpick,0.0,3.0,0.0,1.0
7,0.0,12.0,0.0,1.0
用线,3.0,0.0,1.0,0.0
极大,3.0,0.0,1.0,0.0
优化,3.0,0.0,1.0,0.0
结果显示,0.0,6.0,0.0,1.0
短线,6.0,0.0,1.0,0.0
只增,0.0,3.0,0.0,1.0
02,0.0,3.0,0.0,1.0
现,0.0,3.0,0.0,1.0
预期,3.0,0.0,1.0,0.0
实现,0.0,3.0,0.0,1.0
唯一,0.0,11.0,0.0,1.0
内,0.0,20.0,0.0,1.0
公益,3.0,0.0,1.0,0.0
=,0.0,9.0,0.0,1.0
11.70,0.0,3.0,0.0,1.0
线下,3.0,0.0,1.0,0.0
激励机制,0.0,3.0,0.0,1.0
+,0.0,3.0,0.0,1.0
com,0.0,3.0,0.0,1.0
板块,0.0,9.0,0.0,1.0
铁建,0.0,6.0,0.0,1.0
边际,0.0,3.0,0.0,1.0
查,0.0,6.0,0.0,1.0
001979,0.0,3.0,0.0,1.0
收盘,0.0,9.0,0.0,1.0
对于,0.0,3.0,0.0,1.0
1.24,0.0,3.0,0.0,1.0
相关,0.0,6.0,0.0,1.0
601636,0.0,3.0,0.0,1.0
多,3.0,0.0,1.0,0.0
11,0.0,3.0,0.0,1.0
编辑,0.0,6.0,0.0,1.0
资金,3.0,6.0,0.3333333333333333,0.6666666666666666
圈子,3.0,0.0,1.0,0.0
消息,0.0,3.0,0.0,1.0
4yS2,0.0,3.0,0.0,1.0
包括,0.0,9.0,0.0,1.0
治理,0.0,3.0,0.0,1.0
长沙,0.0,11.0,0.0,1.0
fyeyqek8170157,0.0,3.0,0.0,1.0
据,0.0,3.0,0.0,1.0
<,0.0,9.0,0.0,1.0
互动,0.0,9.0,0.0,1.0
任,0.0,6.0,0.0,1.0
08,0.0,3.0,0.0,1.0
陷入,0.0,6.0,0.0,1.0
研究,0.0,21.0,0.0,1.0
人士,0.0,3.0,0.0,1.0
证券,0.0,9.0,0.0,1.0
超过,0.0,9.0,0.0,1.0
超,0.0,6.0,0.0,1.0
低于,0.0,24.0,0.0,1.0
生活,3.0,0.0,1.0,0.0
5.23,0.0,3.0,0.0,1.0
金额,3.0,0.0,1.0,0.0
年化,3.0,0.0,1.0,0.0
葛洲坝,0.0,6.0,0.0,1.0
交通,0.0,6.0,0.0,1.0
理论家,1.0,0.0,1.0,0.0
担任,0.0,6.0,0.0,1.0
上,3.0,0.0,1.0,0.0
效率,3.0,0.0,1.0,0.0
严重,0.0,9.0,0.0,1.0
自,0.0,6.0,0.0,1.0
由,0.0,6.0,0.0,1.0
资产,3.0,0.0,1.0,0.0
TTM,0.0,9.0,0.0,1.0
增长,1.0,0.0,1.0,0.0
仍,0.0,6.0,0.0,1.0
特别,1.0,0.0,1.0,0.0
石化,0.0,6.0,0.0,1.0
赣粤高速,0.0,9.0,0.0,1.0
中国,0.0,6.0,0.0,1.0
 ,3.0,66.0,0.043478260869565216,0.9565217391304348
两任,0.0,6.0,0.0,1.0
涉嫌,0.0,9.0,0.0,1.0
之前,0.0,12.0,0.0,1.0
参与,3.0,0.0,1.0,0.0
南京,0.0,6.0,0.0,1.0
收费,0.0,6.0,0.0,1.0
),0.0,47.0,0.0,1.0
这些,1.0,0.0,1.0,0.0
飞马,0.0,9.0,0.0,1.0
传闻,0.0,6.0,0.0,1.0
金融,1.0,0.0,1.0,0.0
均,0.0,6.0,0.0,1.0
下属,0.0,6.0,0.0,1.0
600761,0.0,6.0,0.0,1.0
等,7.0,30.0,0.1891891891891892,0.8108108108108109
提高,3.0,0.0,1.0,0.0
曾任,0.0,9.0,0.0,1.0
迈伦,1.0,0.0,1.0,0.0
调任,0.0,6.0,0.0,1.0
调查,0.0,24.0,0.0,1.0
财富,3.0,0.0,1.0,0.0
无法,0.0,3.0,0.0,1.0
eastmoney,0.0,3.0,0.0,1.0
jpg,0.0,3.0,0.0,1.0
最新,0.0,18.0,0.0,1.0
》,0.0,15.0,0.0,1.0
共有,0.0,9.0,0.0,1.0
搭建,3.0,0.0,1.0,0.0
上市公司,0.0,20.0,0.0,1.0
2014,0.0,6.0,0.0,1.0
桃源县,0.0,6.0,0.0,1.0
电工,0.0,3.0,0.0,1.0
同行,3.0,0.0,1.0,0.0
2017,0.0,15.0,0.0,1.0
情况,0.0,3.0,0.0,1.0
1973,1.0,0.0,1.0,0.0
算法,3.0,0.0,1.0,0.0
晨鸣,0.0,6.0,0.0,1.0
；,0.0,18.0,0.0,1.0
先后,1.0,5.0,0.16666666666666666,0.8333333333333334
002041,0.0,6.0,0.0,1.0
宋伟杰,0.0,33.0,0.0,1.0
1.32,0.0,3.0,0.0,1.0
统计,0.0,6.0,0.0,1.0
但,1.0,0.0,1.0,0.0
纪委,0.0,3.0,0.0,1.0
竣工,0.0,6.0,0.0,1.0
资讯,0.0,3.0,0.0,1.0
费希尔,1.0,0.0,1.0,0.0
挂牌,0.0,6.0,0.0,1.0
截至,0.0,9.0,0.0,1.0
101,0.0,6.0,0.0,1.0
43675f3fd8e6098f,0.0,3.0,0.0,1.0
之一,3.0,0.0,1.0,0.0
泰,0.0,6.0,0.0,1.0
湖南,0.0,35.0,0.0,1.0
5,0.0,33.0,0.0,1.0
稍早,0.0,6.0,0.0,1.0
公馆,0.0,6.0,0.0,1.0
迟至,0.0,6.0,0.0,1.0
数十亿,0.0,6.0,0.0,1.0
重要,3.0,0.0,1.0,0.0
还要,1.0,0.0,1.0,0.0
对,0.0,3.0,0.0,1.0
种业,0.0,9.0,0.0,1.0
一笔,0.0,6.0,0.0,1.0
下称,0.0,6.0,0.0,1.0
crawl,0.0,3.0,0.0,1.0
才,0.0,6.0,0.0,1.0
以,0.0,6.0,0.0,1.0
安全,3.0,3.0,0.5,0.5
试图,1.0,0.0,1.0,0.0
商务酒店,0.0,6.0,0.0,1.0
月,0.0,45.0,0.0,1.0
人,0.0,6.0,0.0,1.0
行情,0.0,17.0,0.0,1.0
统计局,0.0,9.0,0.0,1.0
特变,0.0,3.0,0.0,1.0
.,0.0,30.0,0.0,1.0
认同,3.0,0.0,1.0,0.0
定价,1.0,0.0,1.0,0.0
至今,0.0,3.0,0.0,1.0
600,0.0,3.0,0.0,1.0
2,0.0,12.0,0.0,1.0
http,0.0,9.0,0.0,1.0
曾,0.0,6.0,0.0,1.0
套牢,3.0,0.0,1.0,0.0
0.34,0.0,3.0,0.0,1.0
诊股,0.0,2.0,0.0,1.0
体系,1.0,3.0,0.25,0.75
广泛,1.0,0.0,1.0,0.0
以下,0.0,3.0,0.0,1.0
披露,0.0,6.0,0.0,1.0
img,0.0,3.0,0.0,1.0
分为,0.0,6.0,0.0,1.0
蛇口,0.0,6.0,0.0,1.0
运用,3.0,0.0,1.0,0.0
计划,9.0,0.0,1.0,0.0
举,0.0,6.0,0.0,1.0
是,4.0,18.0,0.18181818181818182,0.8181818181818182
有效,1.0,0.0,1.0,0.0
合规,0.0,6.0,0.0,1.0
评级,3.0,0.0,1.0,0.0
15,0.0,3.0,0.0,1.0
通过,3.0,6.0,0.3333333333333333,0.6666666666666666
旗滨,0.0,6.0,0.0,1.0
党委,0.0,3.0,0.0,1.0
市场,1.0,6.0,0.14285714285714285,0.8571428571428571
601186,0.0,3.0,0.0,1.0
董事长,0.0,38.0,0.0,1.0
该,0.0,6.0,0.0,1.0
规划,3.0,0.0,1.0,0.0
干部,0.0,18.0,0.0,1.0
结合,3.0,0.0,1.0,0.0
sinaimg,0.0,3.0,0.0,1.0
文,0.0,6.0,0.0,1.0
配比,3.0,0.0,1.0,0.0
公开,0.0,6.0,0.0,1.0
建设,0.0,6.0,0.0,1.0
签署,6.0,0.0,1.0,0.0
品质,3.0,0.0,1.0,0.0
金,0.0,6.0,0.0,1.0
方面,0.0,9.0,0.0,1.0
以来,0.0,6.0,0.0,1.0
·,3.0,0.0,1.0,0.0
审查,0.0,6.0,0.0,1.0
功能,6.0,0.0,1.0,0.0
经营,0.0,12.0,0.0,1.0
现代,7.0,139.0,0.04794520547945205,0.952054794520548
建议,3.0,3.0,0.5,0.5
维修,0.0,6.0,0.0,1.0
之,0.0,6.0,0.0,1.0
银行,0.0,15.0,0.0,1.0
1.66,0.0,3.0,0.0,1.0
取代,3.0,0.0,1.0,0.0
副总经理,0.0,20.0,0.0,1.0
其中,0.0,15.0,0.0,1.0
占,0.0,9.0,0.0,1.0
再,3.0,0.0,1.0,0.0
保障,3.0,0.0,1.0,0.0
行业,0.0,3.0,0.0,1.0
清楚,0.0,3.0,0.0,1.0
化学,0.0,6.0,0.0,1.0
农调队,0.0,9.0,0.0,1.0
投资者,0.0,6.0,0.0,1.0
20,0.0,9.0,0.0,1.0
圈,6.0,0.0,1.0,0.0
股价,0.0,9.0,0.0,1.0
发酵,0.0,6.0,0.0,1.0
窝案,0.0,6.0,0.0,1.0
管理,0.0,9.0,0.0,1.0
董事会,0.0,6.0,0.0,1.0
000900,3.0,26.0,0.10344827586206896,0.896551724137931
有限公司,0.0,12.0,0.0,1.0
屡有,0.0,6.0,0.0,1.0
　,0.0,66.0,0.0,1.0
天,0.0,9.0,0.0,1.0
谢谢您,0.0,3.0,0.0,1.0
PE,0.0,9.0,0.0,1.0
目前,0.0,6.0,0.0,1.0
thsi,0.0,3.0,0.0,1.0
>,0.0,12.0,0.0,1.0
一位,0.0,6.0,0.0,1.0
权力,0.0,3.0,0.0,1.0
2.5,0.0,3.0,0.0,1.0
达,0.0,6.0,0.0,1.0
普遍,3.0,0.0,1.0,0.0
华夏银行,0.0,6.0,0.0,1.0
湖南省,0.0,18.0,0.0,1.0
计算机,1.0,0.0,1.0,0.0
集团,0.0,24.0,0.0,1.0
斯科尔斯,1.0,0.0,1.0,0.0
0009002,0.0,3.0,0.0,1.0
屡次,0.0,6.0,0.0,1.0
根据,3.0,0.0,1.0,0.0
采用,1.0,0.0,1.0,0.0
基于,0.0,3.0,0.0,1.0
视频,6.0,0.0,1.0,0.0
4,0.0,9.0,0.0,1.0
30,0.0,9.0,0.0,1.0
发现,0.0,6.0,0.0,1.0
慈善事业,3.0,0.0,1.0,0.0
提供,6.0,0.0,1.0,0.0
证券公司,0.0,12.0,0.0,1.0
记者,0.0,15.0,0.0,1.0
答复,0.0,3.0,0.0,1.0
回复,0.0,3.0,0.0,1.0
总经理,0.0,6.0,0.0,1.0
市场规律,1.0,0.0,1.0,0.0
k,0.0,3.0,0.0,1.0
腐败,0.0,6.0,0.0,1.0
client,0.0,3.0,0.0,1.0
3.48,0.0,3.0,0.0,1.0
酒店,0.0,6.0,0.0,1.0
服务,3.0,0.0,1.0,0.0
可以,3.0,0.0,1.0,0.0
主营,0.0,6.0,0.0,1.0
制衡,0.0,3.0,0.0,1.0
深交所,0.0,6.0,0.0,1.0
模型,5.0,0.0,1.0,0.0
601169,0.0,3.0,0.0,1.0
109,0.0,9.0,0.0,1.0
体验,3.0,0.0,1.0,0.0
违规,0.0,12.0,0.0,1.0
高速公路,0.0,6.0,0.0,1.0
养护,0.0,6.0,0.0,1.0
净值,3.0,0.0,1.0,0.0
手段,3.0,0.0,1.0,0.0
个股,0.0,18.0,0.0,1.0
安徽,0.0,9.0,0.0,1.0
倍,0.0,33.0,0.0,1.0
科技,0.0,9.0,0.0,1.0
招商,0.0,6.0,0.0,1.0
水运,0.0,12.0,0.0,1.0
600030,0.0,6.0,0.0,1.0
确认,0.0,6.0,0.0,1.0
机构,0.0,3.0,0.0,1.0
解析,1.0,0.0,1.0,0.0
交通运输,0.0,11.0,0.0,1.0
打造,0.0,6.0,0.0,1.0
占用,0.0,6.0,0.0,1.0
研讨,3.0,0.0,1.0,0.0
大,0.0,6.0,0.0,1.0
副,0.0,3.0,0.0,1.0
莫顿,1.0,0.0,1.0,0.0
理论,7.0,0.0,1.0,0.0
平台,0.0,9.0,0.0,1.0
）,3.0,63.0,0.045454545454545456,0.9545454545454546
%,0.0,33.0,0.0,1.0
管控,0.0,3.0,0.0,1.0
受此,0.0,6.0,0.0,1.0
合力,0.0,9.0,0.0,1.0
国际,0.0,9.0,0.0,1.0
正在,0.0,15.0,0.0,1.0
违纪,0.0,9.0,0.0,1.0
主体,0.0,6.0,0.0,1.0
协助,0.0,6.0,0.0,1.0
前任,0.0,11.0,0.0,1.0
智能,3.0,0.0,1.0,0.0
(,0.0,50.0,0.0,1.0
ad0f0bb1597720,0.0,3.0,0.0,1.0
002146,0.0,3.0,0.0,1.0
中原,0.0,9.0,0.0,1.0
（,3.0,66.0,0.043478260869565216,0.9565217391304348
更,3.0,0.0,1.0,0.0
北京,0.0,6.0,0.0,1.0
1,0.0,15.0,0.0,1.0
信息,0.0,12.0,0.0,1.0
表示,0.0,6.0,0.0,1.0
估值,0.0,9.0,0.0,1.0
高管,0.0,6.0,0.0,1.0
系统,0.0,11.0,0.0,1.0
组织,0.0,30.0,0.0,1.0
SRC,0.0,9.0,0.0,1.0
正,0.0,3.0,0.0,1.0
规避,3.0,0.0,1.0,0.0
母子公司,0.0,3.0,0.0,1.0
SZ,0.0,6.0,0.0,1.0
600383,0.0,3.0,0.0,1.0
当红,0.0,9.0,0.0,1.0
写字楼,0.0,6.0,0.0,1.0
今日,0.0,3.0,0.0,1.0
照明,0.0,6.0,0.0,1.0
有关,0.0,3.0,0.0,1.0
严格,3.0,0.0,1.0,0.0
罗伯特,1.0,0.0,1.0,0.0
n,0.0,3.0,0.0,1.0
书记,0.0,3.0,0.0,1.0
客户,0.0,3.0,0.0,1.0
期望,3.0,0.0,1.0,0.0
还,3.0,9.0,0.25,0.75
为,6.0,6.0,0.5,0.5
路径,0.0,3.0,0.0,1.0
公司,0.0,51.0,0.0,1.0
融,3.0,0.0,1.0,0.0
被,2.0,18.0,0.1,0.9
1999,0.0,6.0,0.0,1.0
、,9.0,213.0,0.04054054054054054,0.9594594594594594
建设周期,0.0,6.0,0.0,1.0
后,0.0,6.0,0.0,1.0
中信证券,0.0,9.0,0.0,1.0
在,3.0,42.0,0.06666666666666667,0.9333333333333333
财经,0.0,21.0,0.0,1.0
掉,3.0,0.0,1.0,0.0
股本,0.0,9.0,0.0,1.0
4.79,0.0,3.0,0.0,1.0
-,0.0,33.0,0.0,1.0
亿元,0.0,6.0,0.0,1.0
凯莱,0.0,23.0,0.0,1.0
五星级,0.0,6.0,0.0,1.0
佛山,0.0,6.0,0.0,1.0
等到,1.0,0.0,1.0,0.0
国家队,0.0,9.0,0.0,1.0
1966,0.0,6.0,0.0,1.0
一切正常,0.0,3.0,0.0,1.0
架构,0.0,3.0,0.0,1.0
被查,0.0,17.0,0.0,1.0
之后,1.0,0.0,1.0,0.0
