带有,0.0,3.0,0.0,1.0
汶川,0.0,3.0,0.0,1.0
一片,3.0,9.0,0.25,0.75
泊位,5.0,0.0,1.0,0.0
沿着,0.0,12.0,0.0,1.0
灵动,0.0,3.0,0.0,1.0
狼狈,3.0,0.0,1.0,0.0
网址,0.0,6.0,0.0,1.0
广大,0.0,6.0,0.0,1.0
历程,0.0,3.0,0.0,1.0
细胞,0.0,3.0,0.0,1.0
至,3.0,12.0,0.2,0.8
一切,0.0,3.0,0.0,1.0
交警,3.0,0.0,1.0,0.0
跨国,0.0,9.0,0.0,1.0
Ａ,0.0,3.0,0.0,1.0
中外,0.0,18.0,0.0,1.0
保障制度,0.0,3.0,0.0,1.0
合理布局,0.0,3.0,0.0,1.0
村妙石,0.0,3.0,0.0,1.0
90,0.0,9.0,0.0,1.0
完成,0.0,27.0,0.0,1.0
同一,0.0,3.0,0.0,1.0
尽调,0.0,3.0,0.0,1.0
邀请,0.0,6.0,0.0,1.0
一名,0.0,6.0,0.0,1.0
纪录片,6.0,3.0,0.6666666666666666,0.3333333333333333
同比,0.0,33.0,0.0,1.0
多辆,0.0,3.0,0.0,1.0
三峰,0.0,3.0,0.0,1.0
信托,3.0,114.0,0.02564102564102564,0.9743589743589743
到位,0.0,3.0,0.0,1.0
法,0.0,9.0,0.0,1.0
太平,3.0,9.0,0.25,0.75
参观者,0.0,3.0,0.0,1.0
大大,0.0,3.0,0.0,1.0
为界,0.0,3.0,0.0,1.0
建厂,0.0,3.0,0.0,1.0
信息沟通,0.0,3.0,0.0,1.0
SAIC,0.0,3.0,0.0,1.0
见习,0.0,6.0,0.0,1.0
银团,0.0,12.0,0.0,1.0
妈咪,0.0,15.0,0.0,1.0
蒲公英,0.0,9.0,0.0,1.0
0,0.0,3.0,0.0,1.0
探路者,0.0,3.0,0.0,1.0
码头,0.0,6.0,0.0,1.0
派出所,0.0,3.0,0.0,1.0
双赢,0.0,3.0,0.0,1.0
乡村,3.0,9.0,0.25,0.75
12,0.0,27.0,0.0,1.0
核辐射,0.0,3.0,0.0,1.0
Daniel,0.0,3.0,0.0,1.0
高手,0.0,3.0,0.0,1.0
0.3432,0.0,3.0,0.0,1.0
还,15.0,63.0,0.19230769230769232,0.8076923076923077
标准,0.0,30.0,0.0,1.0
案例,0.0,6.0,0.0,1.0
年,12.0,279.0,0.041237113402061855,0.9587628865979382
员工,0.0,3.0,0.0,1.0
姜洋,0.0,9.0,0.0,1.0
000709,0.0,3.0,0.0,1.0
许可,0.0,3.0,0.0,1.0
崂山,0.0,9.0,0.0,1.0
商务区,0.0,9.0,0.0,1.0
最后,3.0,9.0,0.25,0.75
坚持,0.0,6.0,0.0,1.0
(,12.0,132.0,0.08333333333333333,0.9166666666666666
程度,0.0,15.0,0.0,1.0
秘书长,0.0,6.0,0.0,1.0
chart,0.0,3.0,0.0,1.0
带头人,3.0,0.0,1.0,0.0
地方,12.0,18.0,0.4,0.6
办公楼,3.0,6.0,0.3333333333333333,0.6666666666666666
附近,3.0,12.0,0.2,0.8
梁庆,0.0,3.0,0.0,1.0
之楼,0.0,3.0,0.0,1.0
chinatimes,0.0,9.0,0.0,1.0
股份,0.0,48.0,0.0,1.0
内容,0.0,12.0,0.0,1.0
灵活,0.0,6.0,0.0,1.0
一眼,0.0,3.0,0.0,1.0
第一任,0.0,3.0,0.0,1.0
出,3.0,9.0,0.25,0.75
绑,0.0,9.0,0.0,1.0
景象,3.0,0.0,1.0,0.0
六家,0.0,3.0,0.0,1.0
哺乳期,0.0,3.0,0.0,1.0
民生,0.0,3.0,0.0,1.0
兼并,0.0,3.0,0.0,1.0
殊荣,0.0,3.0,0.0,1.0
坐坐,3.0,0.0,1.0,0.0
执业,0.0,3.0,0.0,1.0
建成,3.0,15.0,0.16666666666666666,0.8333333333333334
办理,0.0,3.0,0.0,1.0
培育,3.0,9.0,0.25,0.75
抓手,0.0,3.0,0.0,1.0
多方,0.0,9.0,0.0,1.0
概率,0.0,3.0,0.0,1.0
brief,0.0,3.0,0.0,1.0
比邻,0.0,3.0,0.0,1.0
捐助,0.0,6.0,0.0,1.0
上去,0.0,3.0,0.0,1.0
祝贺,0.0,6.0,0.0,1.0
各个,0.0,6.0,0.0,1.0
获证金,0.0,6.0,0.0,1.0
现金支付,0.0,6.0,0.0,1.0
长三角,0.0,3.0,0.0,1.0
图为,0.0,6.0,0.0,1.0
年末,0.0,6.0,0.0,1.0
框架,0.0,3.0,0.0,1.0
项,0.0,6.0,0.0,1.0
获批,0.0,9.0,0.0,1.0
职权,0.0,3.0,0.0,1.0
1.24,0.0,3.0,0.0,1.0
远洋,0.0,12.0,0.0,1.0
保险业务,0.0,3.0,0.0,1.0
加快,0.0,21.0,0.0,1.0
网友,3.0,0.0,1.0,0.0
闭幕,0.0,6.0,0.0,1.0
拉花,0.0,3.0,0.0,1.0
看云飞,0.0,3.0,0.0,1.0
代为,0.0,3.0,0.0,1.0
专家学者,0.0,3.0,0.0,1.0
一如,3.0,0.0,1.0,0.0
浦,0.0,3.0,0.0,1.0
王轩彦经,0.0,3.0,0.0,1.0
png,0.0,15.0,0.0,1.0
7,3.0,66.0,0.043478260869565216,0.9565217391304348
不够,3.0,0.0,1.0,0.0
会上,0.0,6.0,0.0,1.0
担任,0.0,27.0,0.0,1.0
留下,0.0,6.0,0.0,1.0
还有,9.0,12.0,0.42857142857142855,0.5714285714285714
】,0.0,30.0,0.0,1.0
拆堵,0.0,3.0,0.0,1.0
故事,3.0,3.0,0.5,0.5
福特,0.0,3.0,0.0,1.0
164,3.0,0.0,1.0,0.0
宁静,0.0,3.0,0.0,1.0
不到,6.0,0.0,1.0,0.0
内,0.0,57.0,0.0,1.0
换上,0.0,3.0,0.0,1.0
当时,0.0,6.0,0.0,1.0
以下,0.0,30.0,0.0,1.0
榜,0.0,33.0,0.0,1.0
首届,0.0,9.0,0.0,1.0
+,3.0,36.0,0.07692307692307693,0.9230769230769231
安,0.0,3.0,0.0,1.0
俯瞰,0.0,6.0,0.0,1.0
第二天,3.0,0.0,1.0,0.0
中远,0.0,3.0,0.0,1.0
4000,0.0,3.0,0.0,1.0
带来,0.0,6.0,0.0,1.0
它定,0.0,3.0,0.0,1.0
Mminele,0.0,3.0,0.0,1.0
涨幅,0.0,3.0,0.0,1.0
担保,0.0,3.0,0.0,1.0
禁非,0.0,6.0,0.0,1.0
20170620,0.0,9.0,0.0,1.0
更适宜,0.0,3.0,0.0,1.0
hnsb,0.0,3.0,0.0,1.0
消息,0.0,15.0,0.0,1.0
361,0.0,3.0,0.0,1.0
600009,0.0,3.0,0.0,1.0
览胜,0.0,3.0,0.0,1.0
都,21.0,57.0,0.2692307692307692,0.7307692307692307
国企改革,0.0,6.0,0.0,1.0
如何,0.0,36.0,0.0,1.0
治理,0.0,3.0,0.0,1.0
设立,3.0,69.0,0.041666666666666664,0.9583333333333334
行业协会,0.0,12.0,0.0,1.0
宋宁华,0.0,3.0,0.0,1.0
实施,0.0,30.0,0.0,1.0
铁,0.0,6.0,0.0,1.0
官网,0.0,3.0,0.0,1.0
做空,0.0,3.0,0.0,1.0
13.19,0.0,3.0,0.0,1.0
判断能力,0.0,3.0,0.0,1.0
常年,3.0,0.0,1.0,0.0
BWC,0.0,3.0,0.0,1.0
机遇,0.0,6.0,0.0,1.0
中新网,0.0,3.0,0.0,1.0
美术馆,3.0,3.0,0.5,0.5
人文环境,0.0,3.0,0.0,1.0
采访,0.0,12.0,0.0,1.0
一批,0.0,18.0,0.0,1.0
购物,3.0,0.0,1.0,0.0
举办,3.0,51.0,0.05555555555555555,0.9444444444444444
是否,0.0,6.0,0.0,1.0
创下,3.0,0.0,1.0,0.0
绕不开,0.0,3.0,0.0,1.0
平建信,0.0,3.0,0.0,1.0
ABS,0.0,6.0,0.0,1.0
国际化,0.0,33.0,0.0,1.0
20170620160130BahyrXypqB,0.0,3.0,0.0,1.0
无法,3.0,0.0,1.0,0.0
市场,3.0,81.0,0.03571428571428571,0.9642857142857143
损害,0.0,3.0,0.0,1.0
终身,0.0,9.0,0.0,1.0
灰,0.0,3.0,0.0,1.0
英雄,0.0,3.0,0.0,1.0
教,0.0,6.0,0.0,1.0
阳光灿烂,0.0,3.0,0.0,1.0
调整,0.0,6.0,0.0,1.0
房产,0.0,6.0,0.0,1.0
开放性,0.0,6.0,0.0,1.0
存量房,0.0,3.0,0.0,1.0
博物馆,0.0,3.0,0.0,1.0
高风险,0.0,9.0,0.0,1.0
增长,0.0,42.0,0.0,1.0
负,6.0,0.0,1.0,0.0
往往,3.0,0.0,1.0,0.0
辩护,0.0,3.0,0.0,1.0
不断创新,0.0,3.0,0.0,1.0
600825,0.0,3.0,0.0,1.0
特斯拉,0.0,3.0,0.0,1.0
首选,0.0,6.0,0.0,1.0
中国,6.0,309.0,0.01904761904761905,0.9809523809523809
商场,3.0,0.0,1.0,0.0
600663,9.0,87.0,0.09375,0.90625
南瑞,0.0,3.0,0.0,1.0
康复,0.0,3.0,0.0,1.0
状态,0.0,6.0,0.0,1.0
承载,0.0,15.0,0.0,1.0
万放,0.0,3.0,0.0,1.0
远东,0.0,9.0,0.0,1.0
责编,0.0,3.0,0.0,1.0
金领,0.0,9.0,0.0,1.0
TWO,0.0,3.0,0.0,1.0
内侧,0.0,3.0,0.0,1.0
注明,0.0,3.0,0.0,1.0
真,3.0,0.0,1.0,0.0
212,0.0,3.0,0.0,1.0
思考,0.0,3.0,0.0,1.0
大力支持,0.0,12.0,0.0,1.0
意味着,0.0,15.0,0.0,1.0
世界杯,0.0,3.0,0.0,1.0
为期,0.0,9.0,0.0,1.0
大队,0.0,6.0,0.0,1.0
早已,3.0,0.0,1.0,0.0
领带,3.0,0.0,1.0,0.0
共有,0.0,3.0,0.0,1.0
开发区,3.0,6.0,0.3333333333333333,0.6666666666666666
机,0.0,3.0,0.0,1.0
涵盖,0.0,3.0,0.0,1.0
资产重组,0.0,9.0,0.0,1.0
频,0.0,3.0,0.0,1.0
承接,0.0,3.0,0.0,1.0
踪影,0.0,3.0,0.0,1.0
致力于,0.0,6.0,0.0,1.0
接下来,0.0,6.0,0.0,1.0
高兴,0.0,18.0,0.0,1.0
联动,0.0,27.0,0.0,1.0
刨,3.0,0.0,1.0,0.0
一种,0.0,3.0,0.0,1.0
一晃,0.0,3.0,0.0,1.0
推动,0.0,57.0,0.0,1.0
律师,0.0,6.0,0.0,1.0
发挥,0.0,21.0,0.0,1.0
进步,0.0,3.0,0.0,1.0
纯正,0.0,6.0,0.0,1.0
促,0.0,3.0,0.0,1.0
半岛,0.0,3.0,0.0,1.0
拓展,0.0,15.0,0.0,1.0
之旅,0.0,3.0,0.0,1.0
股权,0.0,42.0,0.0,1.0
看着,12.0,0.0,1.0,0.0
批,0.0,3.0,0.0,1.0
容量,0.0,9.0,0.0,1.0
中小学,0.0,3.0,0.0,1.0
外资,0.0,9.0,0.0,1.0
先讲,3.0,0.0,1.0,0.0
5,6.0,42.0,0.125,0.875
做,6.0,15.0,0.2857142857142857,0.7142857142857143
高度,0.0,24.0,0.0,1.0
中心,12.0,132.0,0.08333333333333333,0.9166666666666666
领航,0.0,3.0,0.0,1.0
不出意外,0.0,3.0,0.0,1.0
小学,0.0,9.0,0.0,1.0
像是,3.0,0.0,1.0,0.0
对,3.0,105.0,0.027777777777777776,0.9722222222222222
牌照,0.0,12.0,0.0,1.0
余额,0.0,6.0,0.0,1.0
对话,0.0,9.0,0.0,1.0
客服,0.0,3.0,0.0,1.0
外商,0.0,6.0,0.0,1.0
56.23,0.0,15.0,0.0,1.0
支教,0.0,9.0,0.0,1.0
天际线,0.0,18.0,0.0,1.0
银联卡,0.0,3.0,0.0,1.0
整改,0.0,6.0,0.0,1.0
徐忠,0.0,3.0,0.0,1.0
悲壮,0.0,3.0,0.0,1.0
此,3.0,33.0,0.08333333333333333,0.9166666666666666
观察,0.0,6.0,0.0,1.0
大楼,9.0,6.0,0.6,0.4
转正,3.0,0.0,1.0,0.0
每股,0.0,6.0,0.0,1.0
申能,0.0,3.0,0.0,1.0
险资,0.0,3.0,0.0,1.0
解决,0.0,3.0,0.0,1.0
边,0.0,3.0,0.0,1.0
区域性,0.0,3.0,0.0,1.0
联络员,0.0,3.0,0.0,1.0
研讨会,0.0,6.0,0.0,1.0
叫做,3.0,3.0,0.5,0.5
光明,0.0,3.0,0.0,1.0
载体,0.0,3.0,0.0,1.0
—,0.0,117.0,0.0,1.0
金融家,0.0,3.0,0.0,1.0
绿岸,0.0,9.0,0.0,1.0
分为,0.0,6.0,0.0,1.0
南非,0.0,3.0,0.0,1.0
国际金融,0.0,24.0,0.0,1.0
想,6.0,6.0,0.5,0.5
一间,3.0,0.0,1.0,0.0
多边,0.0,3.0,0.0,1.0
18,3.0,15.0,0.16666666666666666,0.8333333333333334
通信,0.0,6.0,0.0,1.0
PE26,0.0,3.0,0.0,1.0
甲级,0.0,9.0,0.0,1.0
保等,0.0,3.0,0.0,1.0
500,0.0,6.0,0.0,1.0
奶奶,0.0,3.0,0.0,1.0
造林,0.0,3.0,0.0,1.0
控股,0.0,15.0,0.0,1.0
外语,0.0,3.0,0.0,1.0
平衡,0.0,15.0,0.0,1.0
千万,3.0,3.0,0.5,0.5
祥,0.0,3.0,0.0,1.0
S,0.0,3.0,0.0,1.0
尊贤会,0.0,3.0,0.0,1.0
01,0.0,3.0,0.0,1.0
欣荣,3.0,0.0,1.0,0.0
正是,0.0,18.0,0.0,1.0
范例,0.0,3.0,0.0,1.0
依然,3.0,6.0,0.3333333333333333,0.6666666666666666
风,3.0,3.0,0.5,0.5
2016,0.0,48.0,0.0,1.0
中国台湾,0.0,3.0,0.0,1.0
竣工,0.0,15.0,0.0,1.0
支付,0.0,12.0,0.0,1.0
企业家,0.0,3.0,0.0,1.0
相信,0.0,6.0,0.0,1.0
走过,3.0,3.0,0.5,0.5
厨房,0.0,3.0,0.0,1.0
考虑,0.0,9.0,0.0,1.0
美的,0.0,3.0,0.0,1.0
自家,0.0,3.0,0.0,1.0
打油诗,3.0,0.0,1.0,0.0
接替,0.0,3.0,0.0,1.0
建筑,9.0,15.0,0.375,0.625
11.07,0.0,3.0,0.0,1.0
老龄,0.0,9.0,0.0,1.0
后,12.0,72.0,0.14285714285714285,0.8571428571428571
比起,0.0,3.0,0.0,1.0
提升,0.0,55.0,0.0,1.0
信息系统,0.0,3.0,0.0,1.0
人口,0.0,3.0,0.0,1.0
之,3.0,15.0,0.16666666666666666,0.8333333333333334
显然,0.0,3.0,0.0,1.0
可能,0.0,6.0,0.0,1.0
产业,0.0,69.0,0.0,1.0
鲜明,0.0,3.0,0.0,1.0
上班,6.0,3.0,0.6666666666666666,0.3333333333333333
第一届,0.0,6.0,0.0,1.0
盛事,0.0,3.0,0.0,1.0
大关,0.0,3.0,0.0,1.0
党组织,3.0,0.0,1.0,0.0
财新网,0.0,3.0,0.0,1.0
层,0.0,6.0,0.0,1.0
版,0.0,15.0,0.0,1.0
相辅相成,0.0,3.0,0.0,1.0
张,0.0,3.0,0.0,1.0
一手,0.0,3.0,0.0,1.0
律所,0.0,3.0,0.0,1.0
几乎,3.0,3.0,0.5,0.5
宜人,0.0,3.0,0.0,1.0
办公室,3.0,33.0,0.08333333333333333,0.9166666666666666
受,3.0,0.0,1.0,0.0
images,0.0,18.0,0.0,1.0
270,0.0,3.0,0.0,1.0
摸排,0.0,3.0,0.0,1.0
对接,0.0,18.0,0.0,1.0
resfile,0.0,12.0,0.0,1.0
名称,0.0,3.0,0.0,1.0
书法展,0.0,3.0,0.0,1.0
教材,0.0,3.0,0.0,1.0
调研,0.0,12.0,0.0,1.0
根本,0.0,3.0,0.0,1.0
话语权,0.0,3.0,0.0,1.0
强,0.0,9.0,0.0,1.0
运营,0.0,18.0,0.0,1.0
一去,0.0,6.0,0.0,1.0
告诉,3.0,6.0,0.3333333333333333,0.6666666666666666
并驾齐驱,0.0,3.0,0.0,1.0
保护,0.0,6.0,0.0,1.0
半天,3.0,0.0,1.0,0.0
横滨,0.0,3.0,0.0,1.0
共,0.0,9.0,0.0,1.0
2011,3.0,6.0,0.3333333333333333,0.6666666666666666
加班,9.0,0.0,1.0,0.0
资生堂,0.0,3.0,0.0,1.0
插,3.0,0.0,1.0,0.0
蔡丽萍,0.0,3.0,0.0,1.0
方上,0.0,3.0,0.0,1.0
彰显,0.0,6.0,0.0,1.0
订,3.0,0.0,1.0,0.0
最佳,0.0,3.0,0.0,1.0
陆续,0.0,3.0,0.0,1.0
考验,0.0,3.0,0.0,1.0
有力,0.0,3.0,0.0,1.0
抵御,0.0,6.0,0.0,1.0
纵论,0.0,3.0,0.0,1.0
强劲,0.0,6.0,0.0,1.0
单车,0.0,3.0,0.0,1.0
读秒,0.0,6.0,0.0,1.0
出新招,0.0,3.0,0.0,1.0
典型,0.0,3.0,0.0,1.0
6618,0.0,3.0,0.0,1.0
增持,0.0,27.0,0.0,1.0
职务,0.0,3.0,0.0,1.0
一步,0.0,12.0,0.0,1.0
眼下,0.0,3.0,0.0,1.0
桑彤,0.0,3.0,0.0,1.0
贝克,0.0,3.0,0.0,1.0
件,3.0,0.0,1.0,0.0
中央,0.0,9.0,0.0,1.0
触角,0.0,3.0,0.0,1.0
一楼,3.0,0.0,1.0,0.0
家新,0.0,3.0,0.0,1.0
新型,0.0,6.0,0.0,1.0
酒店,6.0,3.0,0.6666666666666666,0.3333333333333333
金融体系,0.0,9.0,0.0,1.0
服务,0.0,138.0,0.0,1.0
可以,6.0,27.0,0.18181818181818182,0.8181818181818182
冰鉴,0.0,9.0,0.0,1.0
东西,0.0,3.0,0.0,1.0
当然,0.0,3.0,0.0,1.0
美泰,0.0,3.0,0.0,1.0
六,0.0,6.0,0.0,1.0
预备,3.0,0.0,1.0,0.0
此事,0.0,6.0,0.0,1.0
本报记者,0.0,42.0,0.0,1.0
体验,0.0,9.0,0.0,1.0
愿景,0.0,3.0,0.0,1.0
每幢,3.0,0.0,1.0,0.0
餐饮,3.0,0.0,1.0,0.0
2.3,0.0,3.0,0.0,1.0
职能部门,3.0,3.0,0.5,0.5
公共,0.0,24.0,0.0,1.0
下去,6.0,0.0,1.0,0.0
模板,0.0,3.0,0.0,1.0
一穷二白,0.0,3.0,0.0,1.0
表述,0.0,3.0,0.0,1.0
亿,3.0,6.0,0.3333333333333333,0.6666666666666666
尺度,0.0,3.0,0.0,1.0
确认,0.0,9.0,0.0,1.0
打造,0.0,75.0,0.0,1.0
文化节,0.0,3.0,0.0,1.0
衷心,0.0,3.0,0.0,1.0
杨溢仁,0.0,6.0,0.0,1.0
低迷,0.0,3.0,0.0,1.0
手机,0.0,3.0,0.0,1.0
中,0.0,126.0,0.0,1.0
巨头,0.0,3.0,0.0,1.0
现年,0.0,3.0,0.0,1.0
委托,0.0,6.0,0.0,1.0
管控,0.0,3.0,0.0,1.0
希望,3.0,33.0,0.08333333333333333,0.9166666666666666
保持,0.0,15.0,0.0,1.0
展示,0.0,9.0,0.0,1.0
黄日阅,0.0,3.0,0.0,1.0
旨在,0.0,21.0,0.0,1.0
渠道,0.0,9.0,0.0,1.0
靓丽,0.0,3.0,0.0,1.0
8,0.0,21.0,0.0,1.0
形成,3.0,45.0,0.0625,0.9375
浜,0.0,3.0,0.0,1.0
滩,0.0,3.0,0.0,1.0
DF150,0.0,3.0,0.0,1.0
副行长,0.0,9.0,0.0,1.0
安盛,0.0,3.0,0.0,1.0
价值,0.0,6.0,0.0,1.0
国改,0.0,3.0,0.0,1.0
754,0.0,3.0,0.0,1.0
执法,0.0,6.0,0.0,1.0
上市,3.0,0.0,1.0,0.0
大山,0.0,3.0,0.0,1.0
海外投资,0.0,3.0,0.0,1.0
协会,0.0,75.0,0.0,1.0
上半年,3.0,24.0,0.1111111111111111,0.8888888888888888
建立,3.0,24.0,0.1111111111111111,0.8888888888888888
正,0.0,33.0,0.0,1.0
讲话,0.0,9.0,0.0,1.0
前期,0.0,3.0,0.0,1.0
早班车,0.0,3.0,0.0,1.0
不管,3.0,3.0,0.5,0.5
优选,0.0,3.0,0.0,1.0
消防,0.0,3.0,0.0,1.0
特,0.0,3.0,0.0,1.0
RodrigoLopes,0.0,3.0,0.0,1.0
悠哉,3.0,0.0,1.0,0.0
斜阳,0.0,15.0,0.0,1.0
奖项,0.0,9.0,0.0,1.0
租户,0.0,3.0,0.0,1.0
融,0.0,3.0,0.0,1.0
图片,3.0,0.0,1.0,0.0
接管,0.0,12.0,0.0,1.0
第一次,3.0,6.0,0.3333333333333333,0.6666666666666666
颐讯,0.0,6.0,0.0,1.0
中银,6.0,6.0,0.5,0.5
1284,0.0,3.0,0.0,1.0
由此,0.0,6.0,0.0,1.0
一度,3.0,3.0,0.5,0.5
一个,30.0,60.0,0.3333333333333333,0.6666666666666666
首部,0.0,9.0,0.0,1.0
划地,0.0,3.0,0.0,1.0
0bea248d,0.0,3.0,0.0,1.0
联系,0.0,6.0,0.0,1.0
雨天,3.0,0.0,1.0,0.0
境内,0.0,15.0,0.0,1.0
叫,0.0,3.0,0.0,1.0
常宏系,0.0,3.0,0.0,1.0
反复,0.0,6.0,0.0,1.0
朝阳产业,0.0,3.0,0.0,1.0
全体,0.0,21.0,0.0,1.0
汇聚,0.0,3.0,0.0,1.0
布局,0.0,18.0,0.0,1.0
当下,0.0,3.0,0.0,1.0
结构性,0.0,9.0,0.0,1.0
天然,0.0,3.0,0.0,1.0
kpic,0.0,3.0,0.0,1.0
按年,0.0,3.0,0.0,1.0
出绝,0.0,3.0,0.0,1.0
人才队伍,0.0,12.0,0.0,1.0
场,3.0,3.0,0.5,0.5
房到,3.0,0.0,1.0,0.0
０,3.0,0.0,1.0,0.0
有余,0.0,3.0,0.0,1.0
颁发,0.0,3.0,0.0,1.0
68,0.0,3.0,0.0,1.0
无论是,0.0,12.0,0.0,1.0
业务,0.0,54.0,0.0,1.0
分离,3.0,0.0,1.0,0.0
浦西,3.0,3.0,0.5,0.5
文明,0.0,6.0,0.0,1.0
片区,0.0,18.0,0.0,1.0
帷幕,0.0,6.0,0.0,1.0
风险,0.0,33.0,0.0,1.0
一体,0.0,3.0,0.0,1.0
夜话,0.0,9.0,0.0,1.0
属于,0.0,3.0,0.0,1.0
继富,0.0,3.0,0.0,1.0
嫁接,0.0,3.0,0.0,1.0
环球,3.0,21.0,0.125,0.875
出门,3.0,0.0,1.0,0.0
维度,0.0,3.0,0.0,1.0
衷心感谢,0.0,3.0,0.0,1.0
下午,0.0,9.0,0.0,1.0
来此,0.0,3.0,0.0,1.0
upload,0.0,3.0,0.0,1.0
主管,0.0,9.0,0.0,1.0
辞职,6.0,0.0,1.0,0.0
免疫系统,0.0,3.0,0.0,1.0
各种,3.0,0.0,1.0,0.0
１,0.0,3.0,0.0,1.0
焕发,0.0,12.0,0.0,1.0
另一方面,0.0,6.0,0.0,1.0
人寿,0.0,21.0,0.0,1.0
越来越,0.0,6.0,0.0,1.0
十个,0.0,3.0,0.0,1.0
以超,0.0,3.0,0.0,1.0
才能,0.0,3.0,0.0,1.0
保监会,0.0,30.0,0.0,1.0
供需,0.0,3.0,0.0,1.0
战略,0.0,30.0,0.0,1.0
以上,3.0,12.0,0.2,0.8
纪念,0.0,3.0,0.0,1.0
三种,0.0,3.0,0.0,1.0
米开朗基罗,0.0,3.0,0.0,1.0
张家,0.0,3.0,0.0,1.0
品牌,3.0,12.0,0.2,0.8
thumbnails,0.0,3.0,0.0,1.0
浦东新区,3.0,3.0,0.5,0.5
苏州,0.0,23.0,0.0,1.0
发展部,0.0,3.0,0.0,1.0
时期,0.0,3.0,0.0,1.0
奋斗,3.0,0.0,1.0,0.0
宣传,0.0,3.0,0.0,1.0
结构,3.0,3.0,0.5,0.5
沥青,0.0,3.0,0.0,1.0
专业人士,0.0,3.0,0.0,1.0
隧道,3.0,0.0,1.0,0.0
六个,0.0,3.0,0.0,1.0
党委书记,3.0,6.0,0.3333333333333333,0.6666666666666666
出口,3.0,3.0,0.5,0.5
楼约,0.0,3.0,0.0,1.0
六场,0.0,3.0,0.0,1.0
MSCI,0.0,9.0,0.0,1.0
节约,0.0,3.0,0.0,1.0
黄斌汉,0.0,6.0,0.0,1.0
听,3.0,0.0,1.0,0.0
率,0.0,1.0,0.0,1.0
得,3.0,9.0,0.25,0.75
简称,0.0,39.0,0.0,1.0
长,0.0,3.0,0.0,1.0
区,0.0,45.0,0.0,1.0
85,0.0,3.0,0.0,1.0
上映,0.0,9.0,0.0,1.0
熟悉,0.0,3.0,0.0,1.0
凯恩斯主义,0.0,3.0,0.0,1.0
新闻报道,0.0,3.0,0.0,1.0
方案,3.0,6.0,0.3333333333333333,0.6666666666666666
当,3.0,6.0,0.3333333333333333,0.6666666666666666
市政,0.0,9.0,0.0,1.0
Dawn,12.0,0.0,1.0,0.0
BOSSRUN,0.0,18.0,0.0,1.0
繁华世界,3.0,0.0,1.0,0.0
信步,0.0,3.0,0.0,1.0
金融业,0.0,33.0,0.0,1.0
成谜,0.0,3.0,0.0,1.0
环路,6.0,9.0,0.4,0.6
川哥,0.0,3.0,0.0,1.0
一栋,3.0,0.0,1.0,0.0
证券化,0.0,4.0,0.0,1.0
两,0.0,3.0,0.0,1.0
注意,0.0,9.0,0.0,1.0
姜建清,0.0,6.0,0.0,1.0
进一步,0.0,27.0,0.0,1.0
顺利开展,0.0,3.0,0.0,1.0
惬意,0.0,3.0,0.0,1.0
公众,0.0,9.0,0.0,1.0
RUN,0.0,3.0,0.0,1.0
高品质,0.0,3.0,0.0,1.0
年来,0.0,3.0,0.0,1.0
启动,0.0,27.0,0.0,1.0
合适,3.0,0.0,1.0,0.0
客户服务,0.0,3.0,0.0,1.0
绿荫,0.0,3.0,0.0,1.0
逐幢,0.0,3.0,0.0,1.0
富达,0.0,15.0,0.0,1.0
e,0.0,6.0,0.0,1.0
日讯据,0.0,3.0,0.0,1.0
街道,0.0,33.0,0.0,1.0
介绍,0.0,33.0,0.0,1.0
特色,0.0,6.0,0.0,1.0
织密,0.0,3.0,0.0,1.0
全,0.0,9.0,0.0,1.0
58,0.0,3.0,0.0,1.0
人心,0.0,3.0,0.0,1.0
安全,0.0,9.0,0.0,1.0
网络,0.0,18.0,0.0,1.0
社群,0.0,3.0,0.0,1.0
全年,0.0,3.0,0.0,1.0
持牌,0.0,6.0,0.0,1.0
[,0.0,12.0,0.0,1.0
具备,0.0,9.0,0.0,1.0
动态,0.0,3.0,0.0,1.0
要严,0.0,3.0,0.0,1.0
协同,0.0,9.0,0.0,1.0
发布公告,0.0,3.0,0.0,1.0
困难,6.0,3.0,0.6666666666666666,0.3333333333333333
知乎,3.0,0.0,1.0,0.0
88.20,0.0,3.0,0.0,1.0
上海社科院,0.0,3.0,0.0,1.0
张江,0.0,3.0,0.0,1.0
P2P,0.0,15.0,0.0,1.0
精彩,0.0,3.0,0.0,1.0
宇航,0.0,3.0,0.0,1.0
疾病,0.0,3.0,0.0,1.0
日,6.0,225.0,0.025974025974025976,0.974025974025974
试水后,0.0,3.0,0.0,1.0
看不到,3.0,0.0,1.0,0.0
大考,0.0,6.0,0.0,1.0
看上去,3.0,0.0,1.0,0.0
局局长,0.0,3.0,0.0,1.0
模式,0.0,18.0,0.0,1.0
月底,0.0,6.0,0.0,1.0
股市,0.0,6.0,0.0,1.0
最贵,0.0,3.0,0.0,1.0
旅游业,0.0,3.0,0.0,1.0
带领,0.0,3.0,0.0,1.0
峰会,0.0,45.0,0.0,1.0
养老院,0.0,3.0,0.0,1.0
接力,0.0,9.0,0.0,1.0
深入,0.0,6.0,0.0,1.0
绿色,0.0,159.0,0.0,1.0
腾出,0.0,3.0,0.0,1.0
丽思,3.0,0.0,1.0,0.0
尽收眼底,0.0,3.0,0.0,1.0
法国,0.0,3.0,0.0,1.0
大赛,0.0,3.0,0.0,1.0
海闻,0.0,3.0,0.0,1.0
中介,0.0,3.0,0.0,1.0
年内,0.0,6.0,0.0,1.0
业界,0.0,27.0,0.0,1.0
服务区,0.0,12.0,0.0,1.0
市政道路,0.0,3.0,0.0,1.0
最美,0.0,3.0,0.0,1.0
艺廊,0.0,3.0,0.0,1.0
盛世,0.0,15.0,0.0,1.0
不同,0.0,15.0,0.0,1.0
西装,3.0,0.0,1.0,0.0
三会,0.0,51.0,0.0,1.0
632,0.0,9.0,0.0,1.0
水平,0.0,9.0,0.0,1.0
指导,0.0,12.0,0.0,1.0
社区,0.0,66.0,0.0,1.0
此基础,0.0,3.0,0.0,1.0
顾问,0.0,12.0,0.0,1.0
统一,3.0,24.0,0.1111111111111111,0.8888888888888888
开幕,0.0,33.0,0.0,1.0
兴全,0.0,9.0,0.0,1.0
参考,0.0,3.0,0.0,1.0
股,0.0,12.0,0.0,1.0
触手可及,0.0,3.0,0.0,1.0
名片,0.0,15.0,0.0,1.0
发起人,0.0,3.0,0.0,1.0
义卖,0.0,6.0,0.0,1.0
世界,0.0,21.0,0.0,1.0
14.21,0.0,3.0,0.0,1.0
这三大,0.0,3.0,0.0,1.0
生活,3.0,21.0,0.125,0.875
金额,0.0,6.0,0.0,1.0
永远,3.0,0.0,1.0,0.0
2004,0.0,6.0,0.0,1.0
不要,3.0,0.0,1.0,0.0
元素,0.0,6.0,0.0,1.0
严重,0.0,18.0,0.0,1.0
中期,0.0,3.0,0.0,1.0
APP,0.0,3.0,0.0,1.0
穿越,0.0,3.0,0.0,1.0
增援,0.0,3.0,0.0,1.0
一边,9.0,0.0,1.0,0.0
就要,3.0,3.0,0.5,0.5
解读,0.0,3.0,0.0,1.0
西装革履,3.0,0.0,1.0,0.0
丁宏奇,2.0,0.0,1.0,0.0
减少,0.0,3.0,0.0,1.0
钱政东,0.0,3.0,0.0,1.0
日电,3.0,9.0,0.25,0.75
饮,3.0,0.0,1.0,0.0
胡,0.0,3.0,0.0,1.0
优质,0.0,15.0,0.0,1.0
MarineMoney,0.0,3.0,0.0,1.0
五年,0.0,1.0,0.0,1.0
街镇,0.0,3.0,0.0,1.0
每间,0.0,3.0,0.0,1.0
huaan,0.0,3.0,0.0,1.0
副总裁,0.0,3.0,0.0,1.0
资讯,0.0,3.0,0.0,1.0
两期,0.0,3.0,0.0,1.0
瞭望,0.0,3.0,0.0,1.0
延伸,0.0,3.0,0.0,1.0
政策,0.0,21.0,0.0,1.0
一首,3.0,0.0,1.0,0.0
提高,0.0,3.0,0.0,1.0
回来,3.0,0.0,1.0,0.0
重组,0.0,6.0,0.0,1.0
一年一度,0.0,3.0,0.0,1.0
明,0.0,3.0,0.0,1.0
重点项目,0.0,9.0,0.0,1.0
物业,6.0,21.0,0.2222222222222222,0.7777777777777778
中熬,3.0,0.0,1.0,0.0
涉,0.0,3.0,0.0,1.0
从事,0.0,3.0,0.0,1.0
132,3.0,0.0,1.0,0.0
选取,0.0,3.0,0.0,1.0
运动,0.0,3.0,0.0,1.0
贵,3.0,0.0,1.0,0.0
安家落户,0.0,3.0,0.0,1.0
暂时,3.0,3.0,0.5,0.5
结尾,3.0,0.0,1.0,0.0
2012,0.0,12.0,0.0,1.0
分区,0.0,3.0,0.0,1.0
限,0.0,3.0,0.0,1.0
爱奇艺,0.0,3.0,0.0,1.0
斐,0.0,3.0,0.0,1.0
找到,0.0,3.0,0.0,1.0
一生,0.0,9.0,0.0,1.0
u,0.0,3.0,0.0,1.0
交易市场,0.0,12.0,0.0,1.0
、,57.0,1404.0,0.039014373716632446,0.9609856262833676
嘉,0.0,18.0,0.0,1.0
通用汽车,0.0,24.0,0.0,1.0
年轻,6.0,9.0,0.4,0.6
长卷,0.0,3.0,0.0,1.0
激活,0.0,3.0,0.0,1.0
广厦,3.0,0.0,1.0,0.0
免费,0.0,9.0,0.0,1.0
但,6.0,9.0,0.4,0.6
来到,9.0,9.0,0.5,0.5
注入,0.0,3.0,0.0,1.0
降,0.0,3.0,0.0,1.0
昆曲,0.0,3.0,0.0,1.0
万元,0.0,6.0,0.0,1.0
Uploads,0.0,6.0,0.0,1.0
144378149,0.0,3.0,0.0,1.0
精神,0.0,9.0,0.0,1.0
年头,0.0,3.0,0.0,1.0
一张,3.0,12.0,0.2,0.8
新一轮,0.0,3.0,0.0,1.0
交通,3.0,6.0,0.3333333333333333,0.6666666666666666
软,0.0,3.0,0.0,1.0
血腥,3.0,0.0,1.0,0.0
泰,0.0,6.0,0.0,1.0
声音,0.0,3.0,0.0,1.0
高科,0.0,6.0,0.0,1.0
描述,3.0,0.0,1.0,0.0
不断,0.0,24.0,0.0,1.0
新建,0.0,3.0,0.0,1.0
重要,3.0,63.0,0.045454545454545456,0.9545454545454546
创建,0.0,3.0,0.0,1.0
被誉为,0.0,3.0,0.0,1.0
几步,3.0,0.0,1.0,0.0
银联,0.0,12.0,0.0,1.0
长期,3.0,21.0,0.125,0.875
贡献,0.0,6.0,0.0,1.0
骑车,0.0,3.0,0.0,1.0
华宝,0.0,3.0,0.0,1.0
盘踞,3.0,0.0,1.0,0.0
上海交大,0.0,3.0,0.0,1.0
移战,0.0,3.0,0.0,1.0
换景,0.0,3.0,0.0,1.0
明朝,0.0,3.0,0.0,1.0
可操作性,0.0,3.0,0.0,1.0
保利,0.0,6.0,0.0,1.0
之间,0.0,6.0,0.0,1.0
行情,12.0,30.0,0.2857142857142857,0.7142857142857143
yuqing,0.0,6.0,0.0,1.0
资源共享,0.0,6.0,0.0,1.0
朝,0.0,3.0,0.0,1.0
从业人员,0.0,6.0,0.0,1.0
金融机构,3.0,69.0,0.041666666666666664,0.9583333333333334
主持人,0.0,3.0,0.0,1.0
违纪,0.0,18.0,0.0,1.0
自贸区,0.0,114.0,0.0,1.0
次,0.0,15.0,0.0,1.0
铺垫,0.0,3.0,0.0,1.0
相互促进,0.0,3.0,0.0,1.0
高贵,0.0,3.0,0.0,1.0
良好,0.0,9.0,0.0,1.0
巨大,3.0,3.0,0.5,0.5
冬天,3.0,0.0,1.0,0.0
移步,0.0,3.0,0.0,1.0
稳定,3.0,6.0,0.3333333333333333,0.6666666666666666
终有,3.0,0.0,1.0,0.0
款,0.0,3.0,0.0,1.0
img,0.0,12.0,0.0,1.0
纪录,3.0,0.0,1.0,0.0
产生,0.0,3.0,0.0,1.0
常务理事,0.0,3.0,0.0,1.0
计划,0.0,6.0,0.0,1.0
业态,0.0,6.0,0.0,1.0
杰出,0.0,3.0,0.0,1.0
每天,0.0,3.0,0.0,1.0
5.41,0.0,3.0,0.0,1.0
0.94,0.0,3.0,0.0,1.0
联营,0.0,6.0,0.0,1.0
每步,0.0,3.0,0.0,1.0
评级,0.0,3.0,0.0,1.0
PPT,3.0,0.0,1.0,0.0
2017BossRun,0.0,3.0,0.0,1.0
身着,0.0,3.0,0.0,1.0
600642,0.0,3.0,0.0,1.0
队员,0.0,3.0,0.0,1.0
追求,0.0,3.0,0.0,1.0
上海浦东,0.0,6.0,0.0,1.0
碰头,0.0,3.0,0.0,1.0
完备,0.0,6.0,0.0,1.0
纯粹,0.0,3.0,0.0,1.0
生意,3.0,0.0,1.0,0.0
衍生品,0.0,3.0,0.0,1.0
全程,0.0,9.0,0.0,1.0
那时,0.0,3.0,0.0,1.0
都市,3.0,0.0,1.0,0.0
业务收入,0.0,3.0,0.0,1.0
体制改革,0.0,3.0,0.0,1.0
有利,0.0,3.0,0.0,1.0
初始,0.0,3.0,0.0,1.0
长时间,0.0,3.0,0.0,1.0
如此,0.0,3.0,0.0,1.0
执勤,0.0,3.0,0.0,1.0
资深,0.0,18.0,0.0,1.0
影视,0.0,6.0,0.0,1.0
只要,0.0,3.0,0.0,1.0
人大,3.0,0.0,1.0,0.0
空中,0.0,6.0,0.0,1.0
吐,6.0,0.0,1.0,0.0
谢瑞平,0.0,3.0,0.0,1.0
微乎其微,0.0,3.0,0.0,1.0
人为,0.0,3.0,0.0,1.0
后来,3.0,3.0,0.5,0.5
上升,0.0,6.0,0.0,1.0
之夜,0.0,6.0,0.0,1.0
刺激,0.0,3.0,0.0,1.0
正式,3.0,51.0,0.05555555555555555,0.9444444444444444
盒饭,0.0,3.0,0.0,1.0
经,0.0,3.0,0.0,1.0
脚踝,3.0,0.0,1.0,0.0
工位,0.0,6.0,0.0,1.0
参约,0.0,3.0,0.0,1.0
演讲时,0.0,3.0,0.0,1.0
大致,0.0,3.0,0.0,1.0
营,0.0,3.0,0.0,1.0
上桥入,0.0,6.0,0.0,1.0
题材,0.0,15.0,0.0,1.0
万家,0.0,6.0,0.0,1.0
路站,0.0,3.0,0.0,1.0
佳仁,0.0,3.0,0.0,1.0
精品,3.0,3.0,0.5,0.5
上班时间,3.0,0.0,1.0,0.0
海选,0.0,6.0,0.0,1.0
服务网络,0.0,3.0,0.0,1.0
生命,0.0,3.0,0.0,1.0
进展,0.0,6.0,0.0,1.0
此后,0.0,3.0,0.0,1.0
5.3,0.0,3.0,0.0,1.0
一点点,0.0,3.0,0.0,1.0
识,0.0,6.0,0.0,1.0
较为,0.0,3.0,0.0,1.0
前辈,0.0,3.0,0.0,1.0
适时,0.0,3.0,0.0,1.0
供不应求,0.0,3.0,0.0,1.0
拍,3.0,0.0,1.0,0.0
苏平,0.0,3.0,0.0,1.0
总数,0.0,3.0,0.0,1.0
上汽,0.0,24.0,0.0,1.0
一款,0.0,3.0,0.0,1.0
其余,0.0,3.0,0.0,1.0
双向,3.0,3.0,0.5,0.5
永华,0.0,3.0,0.0,1.0
试点,0.0,24.0,0.0,1.0
过快,0.0,6.0,0.0,1.0
上线,0.0,6.0,0.0,1.0
为公,0.0,3.0,0.0,1.0
提取,0.0,3.0,0.0,1.0
CFA,3.0,18.0,0.14285714285714285,0.8571428571428571
号,0.0,9.0,0.0,1.0
要待,0.0,3.0,0.0,1.0
更高,0.0,3.0,0.0,1.0
人保,0.0,9.0,0.0,1.0
可,3.0,30.0,0.09090909090909091,0.9090909090909091
线,0.0,3.0,0.0,1.0
论坛,0.0,489.0,0.0,1.0
包小包,3.0,0.0,1.0,0.0
基于,0.0,3.0,0.0,1.0
此前,0.0,15.0,0.0,1.0
海通,0.0,3.0,0.0,1.0
行将,0.0,3.0,0.0,1.0
回,0.0,3.0,0.0,1.0
资教,0.0,12.0,0.0,1.0
同时,0.0,51.0,0.0,1.0
dahe,0.0,3.0,0.0,1.0
张敏,0.0,3.0,0.0,1.0
更替,0.0,3.0,0.0,1.0
非法,0.0,3.0,0.0,1.0
上接,0.0,3.0,0.0,1.0
捐建,0.0,3.0,0.0,1.0
处,0.0,3.0,0.0,1.0
是因为,3.0,0.0,1.0,0.0
贯通,0.0,27.0,0.0,1.0
后者,0.0,3.0,0.0,1.0
学校,0.0,3.0,0.0,1.0
主席,0.0,42.0,0.0,1.0
绳,0.0,3.0,0.0,1.0
708,3.0,0.0,1.0,0.0
行为,0.0,3.0,0.0,1.0
多家,0.0,24.0,0.0,1.0
络绎不绝,3.0,0.0,1.0,0.0
堵到,3.0,0.0,1.0,0.0
试验区,0.0,15.0,0.0,1.0
拟建,0.0,3.0,0.0,1.0
岗位,0.0,3.0,0.0,1.0
88.2,0.0,9.0,0.0,1.0
在短期内,0.0,3.0,0.0,1.0
三季度,0.0,3.0,0.0,1.0
中央空调,3.0,0.0,1.0,0.0
接轨,0.0,6.0,0.0,1.0
居民区,0.0,3.0,0.0,1.0
数量,0.0,6.0,0.0,1.0
缪璐,0.0,3.0,0.0,1.0
切入,0.0,3.0,0.0,1.0
擅自,0.0,3.0,0.0,1.0
赴,0.0,3.0,0.0,1.0
69.87,0.0,3.0,0.0,1.0
兼任,0.0,6.0,0.0,1.0
生态,0.0,15.0,0.0,1.0
上海市分行,0.0,6.0,0.0,1.0
蜿蜒,3.0,0.0,1.0,0.0
温馨,0.0,3.0,0.0,1.0
践行,0.0,3.0,0.0,1.0
清代,0.0,3.0,0.0,1.0
艺术家,6.0,3.0,0.6666666666666666,0.3333333333333333
团体,0.0,3.0,0.0,1.0
通向,3.0,0.0,1.0,0.0
血液,0.0,3.0,0.0,1.0
李盼,0.0,3.0,0.0,1.0
26,0.0,18.0,0.0,1.0
银,3.0,6.0,0.3333333333333333,0.6666666666666666
电影业,0.0,3.0,0.0,1.0
如果说,0.0,6.0,0.0,1.0
较大,0.0,3.0,0.0,1.0
多半,0.0,3.0,0.0,1.0
品质,0.0,6.0,0.0,1.0
市场需求,0.0,3.0,0.0,1.0
任命,0.0,3.0,0.0,1.0
营业网点,0.0,3.0,0.0,1.0
警惕,0.0,9.0,0.0,1.0
开拓,0.0,6.0,0.0,1.0
总体,0.0,3.0,0.0,1.0
为本,0.0,3.0,0.0,1.0
拔地而起,3.0,0.0,1.0,0.0
分级,0.0,6.0,0.0,1.0
235,0.0,3.0,0.0,1.0
不得,0.0,3.0,0.0,1.0
寸土寸金,3.0,3.0,0.5,0.5
img1,0.0,12.0,0.0,1.0
骨干,6.0,0.0,1.0,0.0
【,0.0,30.0,0.0,1.0
标的,0.0,3.0,0.0,1.0
位置,0.0,6.0,0.0,1.0
金茂,3.0,21.0,0.125,0.875
第二届,0.0,6.0,0.0,1.0
股为,0.0,3.0,0.0,1.0
控,0.0,6.0,0.0,1.0
围绕,0.0,6.0,0.0,1.0
实际困难,0.0,3.0,0.0,1.0
1.0,0.0,3.0,0.0,1.0
公共场所,0.0,3.0,0.0,1.0
父,0.0,3.0,0.0,1.0
同样,3.0,3.0,0.5,0.5
今日,0.0,18.0,0.0,1.0
从独,3.0,0.0,1.0,0.0
房价,0.0,3.0,0.0,1.0
155,0.0,3.0,0.0,1.0
心想,3.0,0.0,1.0,0.0
高式,0.0,3.0,0.0,1.0
目的,0.0,3.0,0.0,1.0
运作,0.0,6.0,0.0,1.0
公约,0.0,42.0,0.0,1.0
优势,0.0,24.0,0.0,1.0
CIPS,0.0,6.0,0.0,1.0
十三块,3.0,0.0,1.0,0.0
亮灯,3.0,0.0,1.0,0.0
离不开,0.0,3.0,0.0,1.0
直面,0.0,3.0,0.0,1.0
最大,0.0,3.0,0.0,1.0
制度,0.0,9.0,0.0,1.0
回款,0.0,6.0,0.0,1.0
SRC,0.0,72.0,0.0,1.0
汇通,0.0,3.0,0.0,1.0
马路边,3.0,0.0,1.0,0.0
关注,0.0,6.0,0.0,1.0
WALLY,0.0,3.0,0.0,1.0
融为一体,0.0,3.0,0.0,1.0
担当,0.0,6.0,0.0,1.0
一块,0.0,3.0,0.0,1.0
筹备工作,0.0,6.0,0.0,1.0
借助,0.0,3.0,0.0,1.0
主营业务,0.0,9.0,0.0,1.0
这一,0.0,18.0,0.0,1.0
而是,0.0,15.0,0.0,1.0
环节,0.0,3.0,0.0,1.0
盘活,0.0,3.0,0.0,1.0
吃不饱,3.0,0.0,1.0,0.0
财史,0.0,3.0,0.0,1.0
深化,0.0,12.0,0.0,1.0
1993,0.0,3.0,0.0,1.0
任职,0.0,15.0,0.0,1.0
金控,0.0,9.0,0.0,1.0
系列,0.0,18.0,0.0,1.0
动摇,0.0,9.0,0.0,1.0
见君,3.0,0.0,1.0,0.0
关键,3.0,0.0,1.0,0.0
公顷,0.0,3.0,0.0,1.0
凯恩斯,0.0,3.0,0.0,1.0
A03,0.0,9.0,0.0,1.0
职场,0.0,3.0,0.0,1.0
第三年,3.0,0.0,1.0,0.0
商业,0.0,17.0,0.0,1.0
不眠之夜,0.0,9.0,0.0,1.0
政府,0.0,15.0,0.0,1.0
人寿保险,0.0,3.0,0.0,1.0
400,0.0,4.0,0.0,1.0
谈到,0.0,3.0,0.0,1.0
必经,3.0,0.0,1.0,0.0
姚茂敦,0.0,3.0,0.0,1.0
频频,0.0,3.0,0.0,1.0
220,0.0,3.0,0.0,1.0
WFOE,0.0,12.0,0.0,1.0
精,0.0,3.0,0.0,1.0
民工,3.0,0.0,1.0,0.0
协议,0.0,6.0,0.0,1.0
jrjimg,0.0,3.0,0.0,1.0
经营策略,0.0,3.0,0.0,1.0
空间,0.0,63.0,0.0,1.0
卖命,3.0,0.0,1.0,0.0
段,0.0,6.0,0.0,1.0
张晓萌,0.0,3.0,0.0,1.0
分,0.0,3.0,0.0,1.0
1497920346448,0.0,3.0,0.0,1.0
净利,0.0,9.0,0.0,1.0
自由贸易,0.0,3.0,0.0,1.0
万方,6.0,1.0,0.8571428571428571,0.14285714285714285
值得注意,0.0,3.0,0.0,1.0
元,0.0,15.0,0.0,1.0
休憩,0.0,3.0,0.0,1.0
广场,3.0,3.0,0.5,0.5
分工,0.0,3.0,0.0,1.0
生卒,0.0,3.0,0.0,1.0
进取精神,0.0,3.0,0.0,1.0
走访,0.0,3.0,0.0,1.0
银行行长,0.0,3.0,0.0,1.0
新华社,6.0,6.0,0.5,0.5
一站,0.0,3.0,0.0,1.0
这块,0.0,3.0,0.0,1.0
加盟,0.0,3.0,0.0,1.0
缺少,5.0,0.0,1.0,0.0
地铁,15.0,3.0,0.8333333333333334,0.16666666666666666
弯,0.0,12.0,0.0,1.0
国泰,0.0,21.0,0.0,1.0
另类,0.0,6.0,0.0,1.0
反映,0.0,3.0,0.0,1.0
基金业,0.0,12.0,0.0,1.0
相连,0.0,3.0,0.0,1.0
获得,0.0,33.0,0.0,1.0
肯定,3.0,0.0,1.0,0.0
戴上,0.0,3.0,0.0,1.0
超过,0.0,12.0,0.0,1.0
八成,0.0,6.0,0.0,1.0
任凯峰,0.0,6.0,0.0,1.0
高空,0.0,6.0,0.0,1.0
凭栏,0.0,3.0,0.0,1.0
Marine,0.0,6.0,0.0,1.0
朝圣,0.0,3.0,0.0,1.0
黎作,0.0,3.0,0.0,1.0
龙头,0.0,3.0,0.0,1.0
称,0.0,21.0,0.0,1.0
没,3.0,6.0,0.3333333333333333,0.6666666666666666
转租,0.0,3.0,0.0,1.0
两侧,3.0,0.0,1.0,0.0
副处长,0.0,3.0,0.0,1.0
所有,9.0,0.0,1.0,0.0
磨难,0.0,3.0,0.0,1.0
阳光,0.0,18.0,0.0,1.0
张牙舞爪,3.0,0.0,1.0,0.0
噩梦,3.0,0.0,1.0,0.0
新区,3.0,15.0,0.16666666666666666,0.8333333333333334
600835,0.0,3.0,0.0,1.0
能,6.0,30.0,0.16666666666666666,0.8333333333333334
团队,0.0,18.0,0.0,1.0
国外,0.0,3.0,0.0,1.0
坦言,0.0,3.0,0.0,1.0
从宁要,3.0,0.0,1.0,0.0
陆,0.0,36.0,0.0,1.0
一同,0.0,3.0,0.0,1.0
摩根,3.0,6.0,0.3333333333333333,0.6666666666666666
杂志,3.0,0.0,1.0,0.0
各层次,0.0,3.0,0.0,1.0
三座,0.0,3.0,0.0,1.0
满员,3.0,0.0,1.0,0.0
电影,0.0,21.0,0.0,1.0
形象,0.0,3.0,0.0,1.0
收到,0.0,3.0,0.0,1.0
公益事业,0.0,6.0,0.0,1.0
华,0.0,9.0,0.0,1.0
耳麦,0.0,3.0,0.0,1.0
携手,0.0,21.0,0.0,1.0
得益于,0.0,3.0,0.0,1.0
第二季度,0.0,3.0,0.0,1.0
余家,0.0,21.0,0.0,1.0
tp,0.0,3.0,0.0,1.0
证监会,0.0,15.0,0.0,1.0
米,0.0,24.0,0.0,1.0
鳞次栉比,0.0,3.0,0.0,1.0
套餐,3.0,0.0,1.0,0.0
名校,0.0,3.0,0.0,1.0
庆幸,3.0,0.0,1.0,0.0
回到,3.0,0.0,1.0,0.0
升级版,0.0,9.0,0.0,1.0
类似,6.0,0.0,1.0,0.0
之称,0.0,9.0,0.0,1.0
有种,0.0,3.0,0.0,1.0
GDP,0.0,3.0,0.0,1.0
对此,0.0,3.0,0.0,1.0
各持,0.0,3.0,0.0,1.0
共商,0.0,3.0,0.0,1.0
长到,3.0,0.0,1.0,0.0
选择,0.0,12.0,0.0,1.0
土储,0.0,1.0,0.0,1.0
姿态,0.0,3.0,0.0,1.0
烽火,0.0,6.0,0.0,1.0
体量,0.0,3.0,0.0,1.0
今年,3.0,57.0,0.05,0.95
宇,0.0,30.0,0.0,1.0
xmwb,0.0,12.0,0.0,1.0
非常,0.0,9.0,0.0,1.0
未来,0.0,49.0,0.0,1.0
早就,6.0,0.0,1.0,0.0
合计,0.0,6.0,0.0,1.0
注重,0.0,3.0,0.0,1.0
锦上添花,0.0,3.0,0.0,1.0
大都市,0.0,6.0,0.0,1.0
车辆,0.0,6.0,0.0,1.0
投放,0.0,9.0,0.0,1.0
寿险,0.0,9.0,0.0,1.0
哺乳,0.0,3.0,0.0,1.0
qfii,0.0,3.0,0.0,1.0
大势,0.0,3.0,0.0,1.0
各行各业,0.0,3.0,0.0,1.0
幢,0.0,27.0,0.0,1.0
品牌形象,0.0,6.0,0.0,1.0
很快,0.0,3.0,0.0,1.0
语义,0.0,3.0,0.0,1.0
捉鸡,3.0,0.0,1.0,0.0
传承,0.0,6.0,0.0,1.0
居住,0.0,9.0,0.0,1.0
表示,0.0,120.0,0.0,1.0
国内,0.0,30.0,0.0,1.0
东亚银行,3.0,12.0,0.2,0.8
健康,0.0,36.0,0.0,1.0
过渡,0.0,3.0,0.0,1.0
重要讲话,0.0,3.0,0.0,1.0
业绩,0.0,3.0,0.0,1.0
景观带,0.0,3.0,0.0,1.0
年间,0.0,3.0,0.0,1.0
使得,0.0,3.0,0.0,1.0
管理局,3.0,105.0,0.027777777777777776,0.9722222222222222
负面,0.0,9.0,0.0,1.0
预期,0.0,12.0,0.0,1.0
当选,0.0,3.0,0.0,1.0
办,3.0,12.0,0.2,0.8
海归,3.0,0.0,1.0,0.0
应勇任,0.0,3.0,0.0,1.0
只,3.0,3.0,0.5,0.5
存管,0.0,3.0,0.0,1.0
讲席,0.0,3.0,0.0,1.0
2.70,0.0,3.0,0.0,1.0
半年,0.0,6.0,0.0,1.0
逾,3.0,6.0,0.3333333333333333,0.6666666666666666
光,3.0,0.0,1.0,0.0
青年,6.0,0.0,1.0,0.0
月份,0.0,3.0,0.0,1.0
这种,0.0,3.0,0.0,1.0
B2,0.0,3.0,0.0,1.0
尝试,0.0,6.0,0.0,1.0
如今,0.0,21.0,0.0,1.0
国有企业,0.0,3.0,0.0,1.0
以后,3.0,0.0,1.0,0.0
盈利,0.0,6.0,0.0,1.0
不凡,0.0,3.0,0.0,1.0
体系,0.0,18.0,0.0,1.0
合规,0.0,3.0,0.0,1.0
甘肃,0.0,3.0,0.0,1.0
雅安,0.0,3.0,0.0,1.0
欣赏,0.0,3.0,0.0,1.0
多大,3.0,0.0,1.0,0.0
近十年,0.0,3.0,0.0,1.0
双方,0.0,6.0,0.0,1.0
暴露出,0.0,3.0,0.0,1.0
pic430,0.0,3.0,0.0,1.0
大力发展,0.0,3.0,0.0,1.0
泰在,0.0,3.0,0.0,1.0
证金,0.0,21.0,0.0,1.0
批准,0.0,12.0,0.0,1.0
加之,0.0,3.0,0.0,1.0
thsi,0.0,9.0,0.0,1.0
逐渐,0.0,18.0,0.0,1.0
新闻办,0.0,6.0,0.0,1.0
驱动,0.0,12.0,0.0,1.0
张淑贤,0.0,27.0,0.0,1.0
符合实际,0.0,3.0,0.0,1.0
活,0.0,3.0,0.0,1.0
其他,0.0,9.0,0.0,1.0
积极争取,0.0,3.0,0.0,1.0
71,0.0,3.0,0.0,1.0
针对,0.0,18.0,0.0,1.0
年轻人,15.0,3.0,0.8333333333333334,0.16666666666666666
香格里拉酒店,0.0,3.0,0.0,1.0
CBD,3.0,30.0,0.09090909090909091,0.9090909090909091
他会,3.0,0.0,1.0,0.0
世界杯赛,0.0,6.0,0.0,1.0
同学,3.0,0.0,1.0,0.0
保险,0.0,48.0,0.0,1.0
上,6.0,159.0,0.03636363636363636,0.9636363636363636
Vouge,3.0,0.0,1.0,0.0
交易所,12.0,18.0,0.4,0.6
败,0.0,3.0,0.0,1.0
彩色,0.0,3.0,0.0,1.0
星等,3.0,0.0,1.0,0.0
给予,0.0,3.0,0.0,1.0
2.83,0.0,3.0,0.0,1.0
97,0.0,3.0,0.0,1.0
积聚,0.0,3.0,0.0,1.0
齐全,0.0,3.0,0.0,1.0
深绿,0.0,3.0,0.0,1.0
公开场合,0.0,3.0,0.0,1.0
链,0.0,6.0,0.0,1.0
准确,0.0,6.0,0.0,1.0
举措,0.0,3.0,0.0,1.0
带,3.0,6.0,0.3333333333333333,0.6666666666666666
道路,3.0,0.0,1.0,0.0
查封,0.0,3.0,0.0,1.0
金航处,0.0,3.0,0.0,1.0
3533,0.0,12.0,0.0,1.0
高度限制,3.0,0.0,1.0,0.0
维持,0.0,6.0,0.0,1.0
合作伙伴,0.0,3.0,0.0,1.0
民营企业,0.0,3.0,0.0,1.0
各尽其,0.0,3.0,0.0,1.0
人民币,0.0,15.0,0.0,1.0
彭,0.0,3.0,0.0,1.0
高层,0.0,6.0,0.0,1.0
金融,27.0,805.0,0.03245192307692308,0.9675480769230769
全方位,0.0,3.0,0.0,1.0
把,15.0,15.0,0.5,0.5
双,0.0,3.0,0.0,1.0
词汇,0.0,3.0,0.0,1.0
方便,0.0,6.0,0.0,1.0
吃饭,0.0,3.0,0.0,1.0
飞乐,0.0,3.0,0.0,1.0
已有,0.0,39.0,0.0,1.0
精彩纷呈,0.0,3.0,0.0,1.0
集约化,0.0,3.0,0.0,1.0
看到,12.0,9.0,0.5714285714285714,0.42857142857142855
操作,0.0,6.0,0.0,1.0
最新,0.0,15.0,0.0,1.0
居家,0.0,6.0,0.0,1.0
天桥,12.0,0.0,1.0,0.0
温暖,0.0,33.0,0.0,1.0
供,3.0,3.0,0.5,0.5
送出去,0.0,3.0,0.0,1.0
协调,0.0,24.0,0.0,1.0
风口,0.0,3.0,0.0,1.0
面向,0.0,6.0,0.0,1.0
朝九晚,3.0,0.0,1.0,0.0
经历,3.0,3.0,0.5,0.5
建筑面积,0.0,6.0,0.0,1.0
2017,0.0,345.0,0.0,1.0
产业链,0.0,9.0,0.0,1.0
29,0.0,6.0,0.0,1.0
采集,0.0,3.0,0.0,1.0
电梯,3.0,0.0,1.0,0.0
节点,0.0,3.0,0.0,1.0
实地,0.0,3.0,0.0,1.0
防护,0.0,3.0,0.0,1.0
走上,3.0,0.0,1.0,0.0
丁飞,0.0,3.0,0.0,1.0
诱惑,0.0,3.0,0.0,1.0
增加,0.0,18.0,0.0,1.0
无疑,0.0,9.0,0.0,1.0
A08,0.0,3.0,0.0,1.0
税收,0.0,15.0,0.0,1.0
去化率,0.0,3.0,0.0,1.0
yicai,0.0,6.0,0.0,1.0
归属,0.0,6.0,0.0,1.0
优化,0.0,12.0,0.0,1.0
互为,0.0,3.0,0.0,1.0
嘉定,3.0,0.0,1.0,0.0
杨卓卿,0.0,6.0,0.0,1.0
投资者,0.0,15.0,0.0,1.0
小区,3.0,0.0,1.0,0.0
股东会,0.0,3.0,0.0,1.0
资本金,0.0,3.0,0.0,1.0
对应,0.0,6.0,0.0,1.0
金融街,0.0,6.0,0.0,1.0
p1,0.0,6.0,0.0,1.0
我国,0.0,15.0,0.0,1.0
一两点,3.0,0.0,1.0,0.0
半年报,0.0,12.0,0.0,1.0
平安,9.0,6.0,0.6,0.4
道别,3.0,0.0,1.0,0.0
两天,0.0,12.0,0.0,1.0
商务,3.0,21.0,0.125,0.875
高校,0.0,6.0,0.0,1.0
40088,0.0,3.0,0.0,1.0
银监会,0.0,45.0,0.0,1.0
观点,0.0,6.0,0.0,1.0
培训,0.0,18.0,0.0,1.0
结果,0.0,6.0,0.0,1.0
全球,0.0,186.0,0.0,1.0
离职,3.0,0.0,1.0,0.0
口,0.0,3.0,0.0,1.0
韩正,0.0,3.0,0.0,1.0
2008,0.0,21.0,0.0,1.0
伴着,3.0,0.0,1.0,0.0
路程,3.0,0.0,1.0,0.0
攀升,0.0,3.0,0.0,1.0
委员会,0.0,36.0,0.0,1.0
能够,6.0,9.0,0.4,0.6
变化,6.0,3.0,0.6666666666666666,0.3333333333333333
试比高,0.0,6.0,0.0,1.0
美好,0.0,3.0,0.0,1.0
专用,3.0,0.0,1.0,0.0
檀,0.0,3.0,0.0,1.0
国际交流,0.0,6.0,0.0,1.0
位,3.0,9.0,0.25,0.75
诚挚,0.0,3.0,0.0,1.0
40,0.0,15.0,0.0,1.0
报告,0.0,24.0,0.0,1.0
何勇,0.0,18.0,0.0,1.0
日托,0.0,3.0,0.0,1.0
多套,3.0,0.0,1.0,0.0
贸易部,0.0,6.0,0.0,1.0
任何,0.0,15.0,0.0,1.0
大道,0.0,12.0,0.0,1.0
放松,0.0,3.0,0.0,1.0
大湾,0.0,6.0,0.0,1.0
艺间,0.0,3.0,0.0,1.0
裘颖琼,0.0,3.0,0.0,1.0
非机动车,0.0,21.0,0.0,1.0
定为,0.0,3.0,0.0,1.0
能工巧匠,0.0,3.0,0.0,1.0
日讯,0.0,6.0,0.0,1.0
一场,0.0,6.0,0.0,1.0
黄浦江畔,0.0,21.0,0.0,1.0
15,0.0,45.0,0.0,1.0
石桥,3.0,9.0,0.25,0.75
373929,0.0,3.0,0.0,1.0
更好,0.0,18.0,0.0,1.0
国家级,3.0,15.0,0.16666666666666666,0.8333333333333334
党委,3.0,6.0,0.3333333333333333,0.6666666666666666
开放,0.0,33.0,0.0,1.0
红颜,0.0,12.0,0.0,1.0
共治,0.0,15.0,0.0,1.0
略有,0.0,3.0,0.0,1.0
20170521111842605,0.0,3.0,0.0,1.0
该,0.0,27.0,0.0,1.0
乳业,0.0,3.0,0.0,1.0
绝大多数,0.0,3.0,0.0,1.0
中海,0.0,3.0,0.0,1.0
享受,0.0,9.0,0.0,1.0
职业,3.0,0.0,1.0,0.0
孩子,0.0,9.0,0.0,1.0
文,0.0,3.0,0.0,1.0
G20,0.0,3.0,0.0,1.0
建设,3.0,174.0,0.01694915254237288,0.9830508474576272
之初,0.0,3.0,0.0,1.0
近期,0.0,6.0,0.0,1.0
挑战,0.0,6.0,0.0,1.0
镜像,0.0,3.0,0.0,1.0
周馨,0.0,3.0,0.0,1.0
城内,3.0,0.0,1.0,0.0
综合体,0.0,3.0,0.0,1.0
两年,0.0,3.0,0.0,1.0
责任编辑,0.0,3.0,0.0,1.0
部落,0.0,3.0,0.0,1.0
主导,0.0,3.0,0.0,1.0
无敌,3.0,0.0,1.0,0.0
辨别,0.0,3.0,0.0,1.0
由大,0.0,3.0,0.0,1.0
各位,0.0,15.0,0.0,1.0
独家,0.0,3.0,0.0,1.0
900,0.0,3.0,0.0,1.0
再,12.0,9.0,0.5714285714285714,0.42857142857142855
嘉宾,0.0,12.0,0.0,1.0
指引,0.0,3.0,0.0,1.0
批复,0.0,12.0,0.0,1.0
金融信息,0.0,3.0,0.0,1.0
时尚,0.0,3.0,0.0,1.0
审议,0.0,3.0,0.0,1.0
船只,0.0,3.0,0.0,1.0
thumb,0.0,6.0,0.0,1.0
圈,0.0,12.0,0.0,1.0
从业者,0.0,3.0,0.0,1.0
董事会,0.0,12.0,0.0,1.0
现代化,0.0,3.0,0.0,1.0
无数,3.0,0.0,1.0,0.0
首发,0.0,3.0,0.0,1.0
上海浦东新区,0.0,6.0,0.0,1.0
定力,0.0,3.0,0.0,1.0
李冰冰,0.0,3.0,0.0,1.0
齐发声,0.0,6.0,0.0,1.0
去,9.0,21.0,0.3,0.7
法律,0.0,3.0,0.0,1.0
科创,0.0,18.0,0.0,1.0
租赁,0.0,123.0,0.0,1.0
普惠,0.0,6.0,0.0,1.0
中国保监会,0.0,21.0,0.0,1.0
洗礼,0.0,6.0,0.0,1.0
公告,0.0,9.0,0.0,1.0
],0.0,12.0,0.0,1.0
咨询,0.0,9.0,0.0,1.0
护理,0.0,6.0,0.0,1.0
肚子,3.0,0.0,1.0,0.0
湾,0.0,6.0,0.0,1.0
供给,0.0,12.0,0.0,1.0
射箭,0.0,12.0,0.0,1.0
ueditor,0.0,6.0,0.0,1.0
开启,0.0,6.0,0.0,1.0
指示,0.0,3.0,0.0,1.0
聚变,0.0,3.0,0.0,1.0
56.88,0.0,3.0,0.0,1.0
库,0.0,9.0,0.0,1.0
欢聚,0.0,3.0,0.0,1.0
满足,0.0,18.0,0.0,1.0
海鸥,0.0,3.0,0.0,1.0
示范,0.0,9.0,0.0,1.0
便利,0.0,3.0,0.0,1.0
600741,0.0,3.0,0.0,1.0
知名品牌,0.0,3.0,0.0,1.0
期货,6.0,6.0,0.5,0.5
据为己有,3.0,0.0,1.0,0.0
独资,0.0,6.0,0.0,1.0
王洪卫,0.0,3.0,0.0,1.0
八届,0.0,6.0,0.0,1.0
日起,0.0,6.0,0.0,1.0
串联,0.0,3.0,0.0,1.0
照料,0.0,3.0,0.0,1.0
配备,0.0,3.0,0.0,1.0
根据,0.0,15.0,0.0,1.0
凝聚,0.0,6.0,0.0,1.0
固定,5.0,3.0,0.625,0.375
缔造,0.0,3.0,0.0,1.0
下半年,3.0,3.0,0.5,0.5
王华,0.0,21.0,0.0,1.0
据统计,0.0,6.0,0.0,1.0
深意,0.0,6.0,0.0,1.0
一年多来,0.0,6.0,0.0,1.0
2.6,0.0,3.0,0.0,1.0
状况,0.0,3.0,0.0,1.0
商业地产,0.0,12.0,0.0,1.0
优秀员工,3.0,0.0,1.0,0.0
合盛,0.0,3.0,0.0,1.0
书记,0.0,6.0,0.0,1.0
尤其,0.0,9.0,0.0,1.0
落幕,0.0,3.0,0.0,1.0
招商,0.0,9.0,0.0,1.0
更新,0.0,21.0,0.0,1.0
全国,0.0,27.0,0.0,1.0
展等,0.0,3.0,0.0,1.0
地铁站,9.0,0.0,1.0,0.0
就别,0.0,3.0,0.0,1.0
日晚,0.0,9.0,0.0,1.0
要闻,0.0,3.0,0.0,1.0
地下,6.0,3.0,0.6666666666666666,0.3333333333333333
经济区,0.0,3.0,0.0,1.0
会展,0.0,6.0,0.0,1.0
奖励,3.0,0.0,1.0,0.0
输送,0.0,3.0,0.0,1.0
杨再,0.0,3.0,0.0,1.0
首批,0.0,9.0,0.0,1.0
pics,0.0,12.0,0.0,1.0
硬件,0.0,3.0,0.0,1.0
个体,0.0,3.0,0.0,1.0
覆盖全国,0.0,3.0,0.0,1.0
落脚点,0.0,3.0,0.0,1.0
直播,0.0,12.0,0.0,1.0
投入,0.0,3.0,0.0,1.0
协助,0.0,3.0,0.0,1.0
世博,0.0,3.0,0.0,1.0
比较,0.0,3.0,0.0,1.0
颁奖仪式,0.0,3.0,0.0,1.0
已,0.0,117.0,0.0,1.0
演讲,0.0,30.0,0.0,1.0
服务措施,0.0,9.0,0.0,1.0
归属感,0.0,3.0,0.0,1.0
曼哈顿,0.0,12.0,0.0,1.0
274,0.0,3.0,0.0,1.0
增值,0.0,6.0,0.0,1.0
www,0.0,9.0,0.0,1.0
获悉,0.0,45.0,0.0,1.0
系统,0.0,27.0,0.0,1.0
完整,0.0,6.0,0.0,1.0
铺开,0.0,3.0,0.0,1.0
71.6,0.0,3.0,0.0,1.0
联合会,3.0,6.0,0.3333333333333333,0.6666666666666666
进程,0.0,3.0,0.0,1.0
积极开展,0.0,3.0,0.0,1.0
办公,0.0,31.0,0.0,1.0
安本,0.0,3.0,0.0,1.0
轻,0.0,3.0,0.0,1.0
源于,0.0,3.0,0.0,1.0
读出,0.0,3.0,0.0,1.0
摄,0.0,12.0,0.0,1.0
转载,0.0,6.0,0.0,1.0
金科,0.0,3.0,0.0,1.0
这家,3.0,0.0,1.0,0.0
发布,0.0,24.0,0.0,1.0
20170627013249888,0.0,3.0,0.0,1.0
有限,0.0,9.0,0.0,1.0
变成,3.0,0.0,1.0,0.0
一天,6.0,0.0,1.0,0.0
问题,0.0,30.0,0.0,1.0
总体规划,0.0,3.0,0.0,1.0
意见,0.0,3.0,0.0,1.0
准备,3.0,0.0,1.0,0.0
事中,0.0,9.0,0.0,1.0
ln,0.0,12.0,0.0,1.0
现场办公,3.0,0.0,1.0,0.0
队,0.0,3.0,0.0,1.0
鸣枪,0.0,3.0,0.0,1.0
收拢,3.0,0.0,1.0,0.0
一碗,3.0,0.0,1.0,0.0
环境,0.0,48.0,0.0,1.0
之韡,3.0,0.0,1.0,0.0
来宾,0.0,3.0,0.0,1.0
合理,0.0,3.0,0.0,1.0
出妥,0.0,3.0,0.0,1.0
乐园,0.0,3.0,0.0,1.0
界,0.0,3.0,0.0,1.0
在内,0.0,3.0,0.0,1.0
自主,0.0,3.0,0.0,1.0
二季度,0.0,15.0,0.0,1.0
净利润,0.0,21.0,0.0,1.0
农村,3.0,0.0,1.0,0.0
走出,0.0,3.0,0.0,1.0
差距,0.0,3.0,0.0,1.0
信号,0.0,15.0,0.0,1.0
视为,0.0,6.0,0.0,1.0
现身,0.0,6.0,0.0,1.0
出去,0.0,3.0,0.0,1.0
告知,0.0,3.0,0.0,1.0
偷乐,3.0,0.0,1.0,0.0
透露,0.0,30.0,0.0,1.0
呈现,0.0,6.0,0.0,1.0
甄别,0.0,3.0,0.0,1.0
这个,9.0,21.0,0.3,0.7
产业协会,0.0,3.0,0.0,1.0
原有,0.0,3.0,0.0,1.0
整合,0.0,15.0,0.0,1.0
1990,3.0,12.0,0.2,0.8
整体,0.0,6.0,0.0,1.0
私密,0.0,6.0,0.0,1.0
共享,0.0,30.0,0.0,1.0
正常,0.0,12.0,0.0,1.0
师资,0.0,3.0,0.0,1.0
确保,0.0,9.0,0.0,1.0
开展,0.0,54.0,0.0,1.0
下降,0.0,3.0,0.0,1.0
昨日,0.0,36.0,0.0,1.0
营运,0.0,3.0,0.0,1.0
傲然挺立,0.0,3.0,0.0,1.0
大多数,6.0,3.0,0.6666666666666666,0.3333333333333333
细分,0.0,6.0,0.0,1.0
日本,0.0,6.0,0.0,1.0
东岸,0.0,9.0,0.0,1.0
全面,0.0,24.0,0.0,1.0
cc,0.0,3.0,0.0,1.0
前列,0.0,6.0,0.0,1.0
汇集,0.0,3.0,0.0,1.0
柴米油盐,3.0,0.0,1.0,0.0
时候,6.0,0.0,1.0,0.0
见证,0.0,18.0,0.0,1.0
家庭,0.0,9.0,0.0,1.0
具体,0.0,3.0,0.0,1.0
瀞,0.0,3.0,0.0,1.0
月经,0.0,6.0,0.0,1.0
重点,0.0,21.0,0.0,1.0
拉开序幕,0.0,6.0,0.0,1.0
先试,0.0,3.0,0.0,1.0
日常,6.0,9.0,0.4,0.6
缩影,0.0,3.0,0.0,1.0
haiwainet,0.0,9.0,0.0,1.0
/,0.0,564.0,0.0,1.0
210,0.0,3.0,0.0,1.0
侧,0.0,9.0,0.0,1.0
职业技能,0.0,6.0,0.0,1.0
上架,3.0,0.0,1.0,0.0
丰富,0.0,12.0,0.0,1.0
床,3.0,0.0,1.0,0.0
上海市人民政府,0.0,24.0,0.0,1.0
上海市,0.0,45.0,0.0,1.0
天下,0.0,3.0,0.0,1.0
热烈,0.0,12.0,0.0,1.0
游客,9.0,6.0,0.6,0.4
累计,0.0,12.0,0.0,1.0
倒挂,0.0,3.0,0.0,1.0
乱象,0.0,3.0,0.0,1.0
300m,3.0,0.0,1.0,0.0
榜单,0.0,6.0,0.0,1.0
公里,0.0,9.0,0.0,1.0
荣登,0.0,6.0,0.0,1.0
开始,6.0,15.0,0.2857142857142857,0.7142857142857143
交流活动,0.0,3.0,0.0,1.0
津津有味,0.0,3.0,0.0,1.0
感谢,0.0,3.0,0.0,1.0
紧密结合,0.0,3.0,0.0,1.0
次来,0.0,3.0,0.0,1.0
个卡点,0.0,3.0,0.0,1.0
梦想,0.0,3.0,0.0,1.0
全貌,0.0,3.0,0.0,1.0
这是,6.0,15.0,0.2857142857142857,0.7142857142857143
鼓励,0.0,6.0,0.0,1.0
首次,0.0,3.0,0.0,1.0
主权,0.0,3.0,0.0,1.0
等候,3.0,0.0,1.0,0.0
兼,0.0,12.0,0.0,1.0
数位,0.0,3.0,0.0,1.0
自身,0.0,3.0,0.0,1.0
晕,3.0,0.0,1.0,0.0
为什么,3.0,0.0,1.0,0.0
由,3.0,99.0,0.029411764705882353,0.9705882352941176
开展业务,0.0,3.0,0.0,1.0
警力,0.0,6.0,0.0,1.0
后面,3.0,0.0,1.0,0.0
着,24.0,21.0,0.5333333333333333,0.4666666666666667
预警,0.0,3.0,0.0,1.0
群体,0.0,6.0,0.0,1.0
488x0,0.0,3.0,0.0,1.0
离开,3.0,0.0,1.0,0.0
金融公司,0.0,3.0,0.0,1.0
榜上有名,0.0,3.0,0.0,1.0
培养,3.0,24.0,0.1111111111111111,0.8888888888888888
兄弟,0.0,21.0,0.0,1.0
对外,0.0,3.0,0.0,1.0
3,0.0,45.0,0.0,1.0
手里,3.0,0.0,1.0,0.0
主办,0.0,42.0,0.0,1.0
IMAGE,0.0,72.0,0.0,1.0
沿线,0.0,24.0,0.0,1.0
作品,0.0,6.0,0.0,1.0
圣地,3.0,0.0,1.0,0.0
基础,0.0,15.0,0.0,1.0
249,0.0,3.0,0.0,1.0
万亿元,0.0,3.0,0.0,1.0
初步,0.0,9.0,0.0,1.0
常务副,0.0,3.0,0.0,1.0
市政府,0.0,9.0,0.0,1.0
寄予厚望,0.0,3.0,0.0,1.0
自律,0.0,6.0,0.0,1.0
拆除,0.0,3.0,0.0,1.0
...,3.0,6.0,0.3333333333333333,0.6666666666666666
确定,3.0,9.0,0.25,0.75
面临,0.0,12.0,0.0,1.0
6.89,0.0,3.0,0.0,1.0
投身,0.0,3.0,0.0,1.0
传来,0.0,3.0,0.0,1.0
退出,3.0,3.0,0.5,0.5
601229,6.0,0.0,1.0,0.0
144378150,0.0,3.0,0.0,1.0
透彻,0.0,3.0,0.0,1.0
背景,0.0,30.0,0.0,1.0
次年,3.0,0.0,1.0,0.0
集中,0.0,18.0,0.0,1.0
牌类,0.0,6.0,0.0,1.0
王轩彦任,0.0,3.0,0.0,1.0
方上浦,0.0,3.0,0.0,1.0
倾斜,0.0,3.0,0.0,1.0
未向,0.0,3.0,0.0,1.0
适合,0.0,3.0,0.0,1.0
CEO,0.0,9.0,0.0,1.0
专委会,0.0,15.0,0.0,1.0
外,0.0,3.0,0.0,1.0
沙龙,0.0,12.0,0.0,1.0
帮助,3.0,6.0,0.3333333333333333,0.6666666666666666
青春,3.0,0.0,1.0,0.0
兴建,3.0,0.0,1.0,0.0
年入,3.0,0.0,1.0,0.0
1000,0.0,3.0,0.0,1.0
温度,0.0,3.0,0.0,1.0
街区,0.0,12.0,0.0,1.0
636335578195838887,0.0,3.0,0.0,1.0
上述,0.0,9.0,0.0,1.0
八条,0.0,3.0,0.0,1.0
身份,0.0,12.0,0.0,1.0
面积,3.0,18.0,0.14285714285714285,0.8571428571428571
上海站,0.0,6.0,0.0,1.0
承办,0.0,3.0,0.0,1.0
进出,0.0,3.0,0.0,1.0
这方面,0.0,3.0,0.0,1.0
洽谈,0.0,3.0,0.0,1.0
耀眼,0.0,3.0,0.0,1.0
失败,3.0,0.0,1.0,0.0
素有,0.0,9.0,0.0,1.0
年底,0.0,27.0,0.0,1.0
社交,0.0,6.0,0.0,1.0
究竟,0.0,3.0,0.0,1.0
停放,6.0,0.0,1.0,0.0
前来,0.0,3.0,0.0,1.0
始终,3.0,3.0,0.5,0.5
肖世明,0.0,3.0,0.0,1.0
不识君,3.0,0.0,1.0,0.0
有个,3.0,3.0,0.5,0.5
将会,0.0,3.0,0.0,1.0
加剧,0.0,6.0,0.0,1.0
实录,0.0,3.0,0.0,1.0
前五,0.0,3.0,0.0,1.0
每年,0.0,3.0,0.0,1.0
精选,0.0,3.0,0.0,1.0
影片,0.0,3.0,0.0,1.0
51,0.0,6.0,0.0,1.0
网贷,0.0,6.0,0.0,1.0
东风,0.0,3.0,0.0,1.0
近水楼台先得月,0.0,3.0,0.0,1.0
早,0.0,18.0,0.0,1.0
版图,0.0,3.0,0.0,1.0
编辑,0.0,6.0,0.0,1.0
暖,6.0,0.0,1.0,0.0
覆盖,0.0,12.0,0.0,1.0
每个,0.0,3.0,0.0,1.0
中欧,0.0,9.0,0.0,1.0
治安,0.0,3.0,0.0,1.0
营商,0.0,18.0,0.0,1.0
华人,3.0,0.0,1.0,0.0
讯,0.0,24.0,0.0,1.0
环绕着,0.0,3.0,0.0,1.0
国际性,0.0,6.0,0.0,1.0
故得名,3.0,0.0,1.0,0.0
应勇,0.0,9.0,0.0,1.0
杨芳,0.0,3.0,0.0,1.0
A股,0.0,6.0,0.0,1.0
师,0.0,3.0,0.0,1.0
贷,0.0,6.0,0.0,1.0
认识一下,0.0,3.0,0.0,1.0
勾勒,0.0,6.0,0.0,1.0
一职,0.0,3.0,0.0,1.0
英姿,0.0,3.0,0.0,1.0
备案,0.0,12.0,0.0,1.0
情理之中,0.0,6.0,0.0,1.0
决定,3.0,9.0,0.25,0.75
强烈推荐,0.0,3.0,0.0,1.0
国资,0.0,12.0,0.0,1.0
中文网,0.0,3.0,0.0,1.0
上海财经大学,0.0,3.0,0.0,1.0
云霄,3.0,0.0,1.0,0.0
之处,0.0,3.0,0.0,1.0
推,0.0,3.0,0.0,1.0
专家,0.0,9.0,0.0,1.0
成,6.0,6.0,0.5,0.5
夜晚,3.0,0.0,1.0,0.0
收益,3.0,9.0,0.25,0.75
产业基地,0.0,72.0,0.0,1.0
通盘考虑,0.0,3.0,0.0,1.0
13,0.0,9.0,0.0,1.0
多万个,0.0,6.0,0.0,1.0
近年来,0.0,15.0,0.0,1.0
AIMA,0.0,3.0,0.0,1.0
探讨,0.0,24.0,0.0,1.0
加速,0.0,21.0,0.0,1.0
一份,6.0,3.0,0.6666666666666666,0.3333333333333333
成立,0.0,36.0,0.0,1.0
先行,0.0,9.0,0.0,1.0
杨玉红,0.0,3.0,0.0,1.0
比如,0.0,15.0,0.0,1.0
优秀,0.0,3.0,0.0,1.0
干净,0.0,3.0,0.0,1.0
商办,3.0,36.0,0.07692307692307693,0.9230769230769231
滞后,0.0,6.0,0.0,1.0
证券,0.0,45.0,0.0,1.0
西,0.0,3.0,0.0,1.0
重建,0.0,3.0,0.0,1.0
1200,0.0,3.0,0.0,1.0
发行,0.0,15.0,0.0,1.0
1954,0.0,3.0,0.0,1.0
护航,0.0,6.0,0.0,1.0
强任,0.0,3.0,0.0,1.0
沙,0.0,3.0,0.0,1.0
甚,0.0,6.0,0.0,1.0
导向,0.0,3.0,0.0,1.0
执行,0.0,3.0,0.0,1.0
凝聚力,0.0,6.0,0.0,1.0
观摩,0.0,3.0,0.0,1.0
一幢,3.0,9.0,0.25,0.75
卫视,0.0,3.0,0.0,1.0
收集,0.0,3.0,0.0,1.0
楼宇,3.0,246.0,0.012048192771084338,0.9879518072289156
地理位置,0.0,3.0,0.0,1.0
高层次,0.0,3.0,0.0,1.0
诊股,12.0,30.0,0.2857142857142857,0.7142857142857143
下行,0.0,3.0,0.0,1.0
朱远,0.0,6.0,0.0,1.0
并购,0.0,6.0,0.0,1.0
朋友,3.0,9.0,0.25,0.75
方式,0.0,15.0,0.0,1.0
305,0.0,3.0,0.0,1.0
后退,3.0,0.0,1.0,0.0
等,6.0,240.0,0.024390243902439025,0.975609756097561
地图,0.0,3.0,0.0,1.0
满满的,0.0,3.0,0.0,1.0
多万,0.0,6.0,0.0,1.0
侯彦卫,0.0,12.0,0.0,1.0
xinmin,0.0,12.0,0.0,1.0
事,3.0,0.0,1.0,0.0
调查,0.0,9.0,0.0,1.0
科技领域,0.0,3.0,0.0,1.0
整体规划,0.0,3.0,0.0,1.0
明年,0.0,6.0,0.0,1.0
0620,0.0,3.0,0.0,1.0
叶峰,0.0,3.0,0.0,1.0
闯红灯,0.0,6.0,0.0,1.0
百米,0.0,3.0,0.0,1.0
注册地,0.0,3.0,0.0,1.0
拼搏,3.0,0.0,1.0,0.0
金碧辉煌,3.0,0.0,1.0,0.0
77234296780a7864,0.0,3.0,0.0,1.0
300,0.0,6.0,0.0,1.0
泽西,0.0,3.0,0.0,1.0
能源,0.0,3.0,0.0,1.0
壮丽,0.0,3.0,0.0,1.0
信息技术,0.0,6.0,0.0,1.0
老年人,0.0,3.0,0.0,1.0
优秀作品,0.0,3.0,0.0,1.0
不时,3.0,0.0,1.0,0.0
各国,0.0,3.0,0.0,1.0
耀华,0.0,3.0,0.0,1.0
转身,0.0,3.0,0.0,1.0
这位,0.0,6.0,0.0,1.0
昨天,0.0,9.0,0.0,1.0
出席,0.0,21.0,0.0,1.0
一道,0.0,3.0,0.0,1.0
预测,0.0,3.0,0.0,1.0
商报,0.0,3.0,0.0,1.0
辛苦,3.0,0.0,1.0,0.0
金融工具,0.0,3.0,0.0,1.0
灵魂,0.0,3.0,0.0,1.0
出入,3.0,6.0,0.3333333333333333,0.6666666666666666
持平,0.0,3.0,0.0,1.0
贸易,0.0,6.0,0.0,1.0
衣冠楚楚,3.0,0.0,1.0,0.0
教育,0.0,3.0,0.0,1.0
逆向行驶,0.0,6.0,0.0,1.0
于,3.0,69.0,0.041666666666666664,0.9583333333333334
无忧,0.0,1.0,0.0,1.0
宏信,0.0,3.0,0.0,1.0
贡献奖,0.0,3.0,0.0,1.0
一年,0.0,3.0,0.0,1.0
富,0.0,6.0,0.0,1.0
企业信用,0.0,12.0,0.0,1.0
°,0.0,3.0,0.0,1.0
多重,0.0,3.0,0.0,1.0
25,0.0,18.0,0.0,1.0
视野,0.0,51.0,0.0,1.0
卤肉饭,3.0,0.0,1.0,0.0
货币,0.0,6.0,0.0,1.0
随意,3.0,0.0,1.0,0.0
各类,0.0,27.0,0.0,1.0
第三方,0.0,3.0,0.0,1.0
主席国,0.0,3.0,0.0,1.0
赋予,0.0,3.0,0.0,1.0
电话,0.0,6.0,0.0,1.0
何建木,0.0,6.0,0.0,1.0
热播,3.0,0.0,1.0,0.0
外资企业,0.0,3.0,0.0,1.0
工作,9.0,90.0,0.09090909090909091,0.9090909090909091
从而,0.0,3.0,0.0,1.0
四个,0.0,6.0,0.0,1.0
切实,0.0,3.0,0.0,1.0
集聚,0.0,99.0,0.0,1.0
活动,6.0,63.0,0.08695652173913043,0.9130434782608695
风向标,0.0,3.0,0.0,1.0
黄土,3.0,0.0,1.0,0.0
会议,0.0,33.0,0.0,1.0
二楼,3.0,3.0,0.5,0.5
节日,0.0,9.0,0.0,1.0
王轩,0.0,3.0,0.0,1.0
购买,0.0,6.0,0.0,1.0
这些,3.0,21.0,0.125,0.875
文脉,0.0,3.0,0.0,1.0
滩地,0.0,9.0,0.0,1.0
借鉴,0.0,6.0,0.0,1.0
广泛,0.0,12.0,0.0,1.0
议题,0.0,18.0,0.0,1.0
关联,0.0,3.0,0.0,1.0
金华,0.0,6.0,0.0,1.0
实现,0.0,69.0,0.0,1.0
本身,0.0,3.0,0.0,1.0
一部,3.0,0.0,1.0,0.0
点,12.0,12.0,0.5,0.5
集合,0.0,3.0,0.0,1.0
独立,0.0,3.0,0.0,1.0
掌门,0.0,12.0,0.0,1.0
荣获,0.0,9.0,0.0,1.0
对面,3.0,0.0,1.0,0.0
溯流而上,0.0,3.0,0.0,1.0
一流,0.0,9.0,0.0,1.0
非凡,0.0,3.0,0.0,1.0
推断,0.0,3.0,0.0,1.0
使用,3.0,9.0,0.25,0.75
步行,3.0,9.0,0.25,0.75
标志,0.0,3.0,0.0,1.0
黄金宝,0.0,3.0,0.0,1.0
联席,0.0,3.0,0.0,1.0
规模,0.0,30.0,0.0,1.0
打开,0.0,6.0,0.0,1.0
新增,0.0,3.0,0.0,1.0
对照,0.0,3.0,0.0,1.0
弄,3.0,0.0,1.0,0.0
美国,0.0,9.0,0.0,1.0
超高层,0.0,3.0,0.0,1.0
退休,0.0,6.0,0.0,1.0
上海市政府,0.0,3.0,0.0,1.0
或是,0.0,6.0,0.0,1.0
合同,0.0,15.0,0.0,1.0
开幕式,0.0,3.0,0.0,1.0
EPS0,0.0,3.0,0.0,1.0
__,0.0,3.0,0.0,1.0
200,0.0,6.0,0.0,1.0
两手把,3.0,0.0,1.0,0.0
诈骗,0.0,3.0,0.0,1.0
bigger,0.0,3.0,0.0,1.0
美国版,0.0,3.0,0.0,1.0
出现,3.0,12.0,0.2,0.8
第十九届,0.0,3.0,0.0,1.0
摩擦,3.0,0.0,1.0,0.0
知识,0.0,3.0,0.0,1.0
家化,0.0,3.0,0.0,1.0
更进一步,0.0,3.0,0.0,1.0
穿过,3.0,0.0,1.0,0.0
张瑞霖,0.0,3.0,0.0,1.0
决赛,0.0,3.0,0.0,1.0
600637,6.0,3.0,0.6666666666666666,0.3333333333333333
透水,0.0,3.0,0.0,1.0
接近,0.0,1.0,0.0,1.0
文创,0.0,3.0,0.0,1.0
莱德,0.0,9.0,0.0,1.0
细细品味,0.0,3.0,0.0,1.0
崛起,0.0,6.0,0.0,1.0
异样,0.0,3.0,0.0,1.0
副总经理,0.0,6.0,0.0,1.0
反问,3.0,0.0,1.0,0.0
一用,0.0,3.0,0.0,1.0
93,0.0,9.0,0.0,1.0
地,9.0,60.0,0.13043478260869565,0.8695652173913043
明代,0.0,3.0,0.0,1.0
相比,0.0,9.0,0.0,1.0
万平方米,0.0,18.0,0.0,1.0
间,3.0,12.0,0.2,0.8
南端,0.0,3.0,0.0,1.0
自我,0.0,3.0,0.0,1.0
慈善,0.0,9.0,0.0,1.0
岁,0.0,9.0,0.0,1.0
推选,0.0,3.0,0.0,1.0
达到,0.0,6.0,0.0,1.0
开,0.0,15.0,0.0,1.0
新股,0.0,9.0,0.0,1.0
浦东,9.0,72.0,0.1111111111111111,0.8888888888888888
　,0.0,804.0,0.0,1.0
结合实际,0.0,3.0,0.0,1.0
品牌价值,0.0,3.0,0.0,1.0
相适应,0.0,3.0,0.0,1.0
长度,0.0,3.0,0.0,1.0
由原,0.0,6.0,0.0,1.0
东盟,0.0,3.0,0.0,1.0
引入,0.0,6.0,0.0,1.0
大事,0.0,6.0,0.0,1.0
召开,0.0,36.0,0.0,1.0
走,6.0,6.0,0.5,0.5
卡尔顿,3.0,0.0,1.0,0.0
保险公司,0.0,3.0,0.0,1.0
轮值,0.0,15.0,0.0,1.0
参与,0.0,27.0,0.0,1.0
上下游,0.0,3.0,0.0,1.0
国家,0.0,42.0,0.0,1.0
诸神,0.0,3.0,0.0,1.0
指,3.0,0.0,1.0,0.0
商务部,0.0,6.0,0.0,1.0
154,0.0,3.0,0.0,1.0
接连,0.0,3.0,0.0,1.0
100,0.0,3.0,0.0,1.0
产业园,0.0,3.0,0.0,1.0
人生,3.0,3.0,0.5,0.5
我先,0.0,3.0,0.0,1.0
引进,0.0,21.0,0.0,1.0
展览,0.0,3.0,0.0,1.0
5041.12,0.0,3.0,0.0,1.0
沙丁鱼,3.0,0.0,1.0,0.0
交通银行,0.0,6.0,0.0,1.0
4,0.0,24.0,0.0,1.0
发现,0.0,15.0,0.0,1.0
粉丝汤,3.0,0.0,1.0,0.0
知名,0.0,63.0,0.0,1.0
认同感,0.0,3.0,0.0,1.0
当局,0.0,3.0,0.0,1.0
郑重声明,0.0,9.0,0.0,1.0
受到,0.0,3.0,0.0,1.0
据悉,0.0,15.0,0.0,1.0
呼之欲出,0.0,3.0,0.0,1.0
更是,0.0,12.0,0.0,1.0
财经,0.0,42.0,0.0,1.0
新兴,0.0,9.0,0.0,1.0
中队长,0.0,3.0,0.0,1.0
地段,3.0,0.0,1.0,0.0
深化改革,0.0,9.0,0.0,1.0
必须,0.0,6.0,0.0,1.0
尴尬,0.0,3.0,0.0,1.0
国际会议中心,0.0,18.0,0.0,1.0
_,0.0,51.0,0.0,1.0
领袖,0.0,3.0,0.0,1.0
陈果,0.0,3.0,0.0,1.0
总裁,0.0,18.0,0.0,1.0
两幢,0.0,3.0,0.0,1.0
一些,3.0,3.0,0.5,0.5
大力,0.0,6.0,0.0,1.0
标题,0.0,6.0,0.0,1.0
特征,0.0,6.0,0.0,1.0
fileupload,0.0,3.0,0.0,1.0
监督管理,0.0,6.0,0.0,1.0
烟台,0.0,3.0,0.0,1.0
七年,0.0,3.0,0.0,1.0
应对,0.0,12.0,0.0,1.0
篱笆,0.0,3.0,0.0,1.0
分赛,0.0,3.0,0.0,1.0
一大批,0.0,3.0,0.0,1.0
现实意义,0.0,3.0,0.0,1.0
吸引,0.0,33.0,0.0,1.0
美如画,0.0,3.0,0.0,1.0
科技,0.0,75.0,0.0,1.0
日日,3.0,0.0,1.0,0.0
领导力,0.0,3.0,0.0,1.0
引导,0.0,6.0,0.0,1.0
实时,0.0,9.0,0.0,1.0
建筑群,3.0,3.0,0.5,0.5
大哥,0.0,9.0,0.0,1.0
相对,0.0,27.0,0.0,1.0
一员,0.0,3.0,0.0,1.0
高峰,3.0,0.0,1.0,0.0
综合型,0.0,3.0,0.0,1.0
凡是,0.0,3.0,0.0,1.0
209,0.0,3.0,0.0,1.0
遇到,6.0,6.0,0.5,0.5
揭牌,0.0,12.0,0.0,1.0
会议主题,0.0,3.0,0.0,1.0
为主,0.0,15.0,0.0,1.0
公开,0.0,6.0,0.0,1.0
一届,0.0,3.0,0.0,1.0
活动区,0.0,3.0,0.0,1.0
平台,0.0,81.0,0.0,1.0
本论坛,0.0,3.0,0.0,1.0
接力跑,0.0,6.0,0.0,1.0
残酷,0.0,3.0,0.0,1.0
0521,0.0,3.0,0.0,1.0
前景,0.0,3.0,0.0,1.0
摘要,0.0,15.0,0.0,1.0
第一步,0.0,3.0,0.0,1.0
国际,0.0,249.0,0.0,1.0
不良资产,0.0,3.0,0.0,1.0
突然,0.0,3.0,0.0,1.0
自贸,0.0,9.0,0.0,1.0
理解,0.0,3.0,0.0,1.0
有点,0.0,3.0,0.0,1.0
拦下,0.0,3.0,0.0,1.0
慢慢,0.0,3.0,0.0,1.0
601607,0.0,3.0,0.0,1.0
集团选择,0.0,3.0,0.0,1.0
拿,0.0,3.0,0.0,1.0
作出,0.0,6.0,0.0,1.0
亲历者,0.0,3.0,0.0,1.0
看法,0.0,9.0,0.0,1.0
更,0.0,39.0,0.0,1.0
导览,0.0,3.0,0.0,1.0
1,3.0,42.0,0.06666666666666667,0.9333333333333333
男,0.0,3.0,0.0,1.0
架构,0.0,3.0,0.0,1.0
进阶,0.0,9.0,0.0,1.0
十二五,0.0,6.0,0.0,1.0
文化景观,0.0,3.0,0.0,1.0
二期,0.0,3.0,0.0,1.0
彼时,0.0,3.0,0.0,1.0
金石,0.0,3.0,0.0,1.0
以及,0.0,48.0,0.0,1.0
承受,3.0,0.0,1.0,0.0
作用,0.0,12.0,0.0,1.0
眼前,0.0,3.0,0.0,1.0
金砖,0.0,9.0,0.0,1.0
写字楼,3.0,12.0,0.2,0.8
盛宴,0.0,3.0,0.0,1.0
努力,0.0,3.0,0.0,1.0
p2,0.0,6.0,0.0,1.0
业主,0.0,12.0,0.0,1.0
增强,0.0,6.0,0.0,1.0
家族,0.0,3.0,0.0,1.0
将,0.0,291.0,0.0,1.0
极,0.0,3.0,0.0,1.0
流量,0.0,12.0,0.0,1.0
下意识,3.0,0.0,1.0,0.0
东方,0.0,27.0,0.0,1.0
理财产品,0.0,3.0,0.0,1.0
世界级,0.0,3.0,0.0,1.0
日均,3.0,0.0,1.0,0.0
资本主义,3.0,0.0,1.0,0.0
私募,3.0,30.0,0.09090909090909091,0.9090909090909091
牢牢,0.0,3.0,0.0,1.0
改造,0.0,30.0,0.0,1.0
股份公司,0.0,6.0,0.0,1.0
赛野,3.0,0.0,1.0,0.0
新城,3.0,0.0,1.0,0.0
最具,0.0,3.0,0.0,1.0
缓解,2.0,3.0,0.4,0.6
频道,0.0,3.0,0.0,1.0
周末,3.0,0.0,1.0,0.0
料理,3.0,0.0,1.0,0.0
金融危机,0.0,15.0,0.0,1.0
除了,0.0,12.0,0.0,1.0
看,6.0,6.0,0.5,0.5
鸭,3.0,0.0,1.0,0.0
光怪陆离,3.0,0.0,1.0,0.0
中国证券监督管理委员会,0.0,6.0,0.0,1.0
华安,0.0,18.0,0.0,1.0
常宏,0.0,36.0,0.0,1.0
2040,0.0,3.0,0.0,1.0
办法,0.0,3.0,0.0,1.0
能级,0.0,6.0,0.0,1.0
管理机构,0.0,27.0,0.0,1.0
陈锡明,0.0,3.0,0.0,1.0
周边,3.0,6.0,0.3333333333333333,0.6666666666666666
一支,0.0,6.0,0.0,1.0
第九届,0.0,33.0,0.0,1.0
走向,3.0,0.0,1.0,0.0
过志英,0.0,12.0,0.0,1.0
反馈,0.0,3.0,0.0,1.0
…,12.0,36.0,0.25,0.75
住,6.0,0.0,1.0,0.0
基金会,0.0,9.0,0.0,1.0
及其,0.0,6.0,0.0,1.0
标志性,0.0,12.0,0.0,1.0
黄金,0.0,12.0,0.0,1.0
快乐,0.0,6.0,0.0,1.0
1500,0.0,3.0,0.0,1.0
优越,0.0,3.0,0.0,1.0
书面,0.0,3.0,0.0,1.0
颠覆,0.0,3.0,0.0,1.0
功能区,0.0,3.0,0.0,1.0
组成部分,0.0,3.0,0.0,1.0
摩天大楼,0.0,3.0,0.0,1.0
事项,0.0,6.0,0.0,1.0
网上,0.0,3.0,0.0,1.0
领导,0.0,24.0,0.0,1.0
市,0.0,12.0,0.0,1.0
齐聚,0.0,6.0,0.0,1.0
一方面,0.0,6.0,0.0,1.0
过度,0.0,3.0,0.0,1.0
风景线,0.0,3.0,0.0,1.0
理事会,0.0,51.0,0.0,1.0
此次,0.0,51.0,0.0,1.0
201706,0.0,3.0,0.0,1.0
环保,3.0,6.0,0.3333333333333333,0.6666666666666666
查询,0.0,3.0,0.0,1.0
厅,0.0,6.0,0.0,1.0
下属,0.0,6.0,0.0,1.0
:,0.0,99.0,0.0,1.0
持股,0.0,21.0,0.0,1.0
提示,0.0,3.0,0.0,1.0
捧,3.0,0.0,1.0,0.0
会同,0.0,3.0,0.0,1.0
2013,0.0,3.0,0.0,1.0
邻里,0.0,3.0,0.0,1.0
盛大,0.0,12.0,0.0,1.0
忙里偷闲,0.0,3.0,0.0,1.0
认可,0.0,3.0,0.0,1.0
民盛,0.0,3.0,0.0,1.0
｜,0.0,18.0,0.0,1.0
利润总额,0.0,3.0,0.0,1.0
实际,0.0,6.0,0.0,1.0
当地,0.0,3.0,0.0,1.0
待,0.0,3.0,0.0,1.0
所,0.0,18.0,0.0,1.0
人才培养,0.0,12.0,0.0,1.0
持之以恒,0.0,3.0,0.0,1.0
贴心人,6.0,0.0,1.0,0.0
uppics,0.0,6.0,0.0,1.0
执念到,3.0,0.0,1.0,0.0
144378151,0.0,3.0,0.0,1.0
论证,0.0,6.0,0.0,1.0
改变,0.0,3.0,0.0,1.0
市民,0.0,9.0,0.0,1.0
支持,0.0,54.0,0.0,1.0
官方,0.0,3.0,0.0,1.0
城中路,3.0,3.0,0.5,0.5
往,3.0,0.0,1.0,0.0
重要一环,0.0,6.0,0.0,1.0
角落处,3.0,0.0,1.0,0.0
联合国,0.0,6.0,0.0,1.0
星巴克,3.0,0.0,1.0,0.0
就业机会,0.0,3.0,0.0,1.0
原,0.0,15.0,0.0,1.0
多维度,0.0,3.0,0.0,1.0
寻,3.0,0.0,1.0,0.0
05,0.0,3.0,0.0,1.0
外汇,0.0,6.0,0.0,1.0
陆家嘴金融贸易区,3.0,42.0,0.06666666666666667,0.9333333333333333
协办,0.0,3.0,0.0,1.0
49.27,0.0,3.0,0.0,1.0
允许,0.0,9.0,0.0,1.0
内外,0.0,6.0,0.0,1.0
10,9.0,48.0,0.15789473684210525,0.8421052631578947
80,6.0,0.0,1.0,0.0
驻华,0.0,3.0,0.0,1.0
撬动,0.0,3.0,0.0,1.0
128.07,0.0,3.0,0.0,1.0
数个,0.0,3.0,0.0,1.0
华夏,0.0,6.0,0.0,1.0
亿元,0.0,130.0,0.0,1.0
跑,0.0,30.0,0.0,1.0
郭树清,0.0,3.0,0.0,1.0
处置,0.0,9.0,0.0,1.0
金红利,0.0,3.0,0.0,1.0
快,3.0,0.0,1.0,0.0
据,0.0,42.0,0.0,1.0
周四,0.0,3.0,0.0,1.0
获,0.0,9.0,0.0,1.0
华尔街,0.0,6.0,0.0,1.0
山里,0.0,3.0,0.0,1.0
形式,0.0,9.0,0.0,1.0
有趣,3.0,0.0,1.0,0.0
来历,0.0,6.0,0.0,1.0
竟然,6.0,3.0,0.6666666666666666,0.3333333333333333
履职,0.0,9.0,0.0,1.0
不去,3.0,0.0,1.0,0.0
形态,0.0,3.0,0.0,1.0
联手,0.0,24.0,0.0,1.0
来自,9.0,36.0,0.2,0.8
A01,0.0,3.0,0.0,1.0
行长,0.0,48.0,0.0,1.0
微,0.0,6.0,0.0,1.0
建木,0.0,6.0,0.0,1.0
中华,0.0,6.0,0.0,1.0
经过,0.0,9.0,0.0,1.0
资格,0.0,24.0,0.0,1.0
放眼望去,3.0,0.0,1.0,0.0
花园,3.0,9.0,0.25,0.75
姜建,0.0,3.0,0.0,1.0
article,0.0,3.0,0.0,1.0
并且,0.0,6.0,0.0,1.0
将致,0.0,3.0,0.0,1.0
侧重点,0.0,3.0,0.0,1.0
目光炯炯,3.0,0.0,1.0,0.0
中国证监会,0.0,21.0,0.0,1.0
醍,0.0,3.0,0.0,1.0
施工,0.0,12.0,0.0,1.0
汇财通,0.0,6.0,0.0,1.0
实体,0.0,3.0,0.0,1.0
赛事,0.0,18.0,0.0,1.0
期间,0.0,45.0,0.0,1.0
初衷,0.0,3.0,0.0,1.0
拐,0.0,9.0,0.0,1.0
智慧,0.0,9.0,0.0,1.0
监管部门,0.0,3.0,0.0,1.0
还是,3.0,21.0,0.125,0.875
中国建设银行,0.0,3.0,0.0,1.0
时光,0.0,3.0,0.0,1.0
兴业,0.0,6.0,0.0,1.0
倦容,3.0,0.0,1.0,0.0
单位,0.0,6.0,0.0,1.0
逆势,0.0,3.0,0.0,1.0
保外,0.0,6.0,0.0,1.0
经济网,0.0,3.0,0.0,1.0
机构,0.0,207.0,0.0,1.0
@,3.0,0.0,1.0,0.0
金融城,12.0,309.0,0.037383177570093455,0.9626168224299065
发展,3.0,292.0,0.010169491525423728,0.9898305084745763
学习,0.0,3.0,0.0,1.0
从,9.0,96.0,0.08571428571428572,0.9142857142857143
50,3.0,37.0,0.075,0.925
大量,3.0,13.0,0.1875,0.8125
=,0.0,72.0,0.0,1.0
一举,0.0,3.0,0.0,1.0
一核,0.0,9.0,0.0,1.0
式,0.0,6.0,0.0,1.0
吃,6.0,3.0,0.6666666666666666,0.3333333333333333
街道社区,0.0,3.0,0.0,1.0
商圈,0.0,3.0,0.0,1.0
法人,0.0,3.0,0.0,1.0
投资收益,0.0,6.0,0.0,1.0
双管齐下,0.0,3.0,0.0,1.0
视线,0.0,3.0,0.0,1.0
坐拥,0.0,3.0,0.0,1.0
专业,0.0,48.0,0.0,1.0
揭晓,0.0,12.0,0.0,1.0
Slides,3.0,0.0,1.0,0.0
刷新,0.0,3.0,0.0,1.0
推广部,0.0,3.0,0.0,1.0
基层,3.0,0.0,1.0,0.0
走进,0.0,6.0,0.0,1.0
官,0.0,3.0,0.0,1.0
研究院,0.0,21.0,0.0,1.0
时报,0.0,6.0,0.0,1.0
看中,0.0,3.0,0.0,1.0
高层建筑,0.0,3.0,0.0,1.0
近,0.0,36.0,0.0,1.0
可行性研究,0.0,3.0,0.0,1.0
加强,0.0,12.0,0.0,1.0
垂直,0.0,3.0,0.0,1.0
首期,0.0,3.0,0.0,1.0
多个,0.0,9.0,0.0,1.0
休闲,0.0,15.0,0.0,1.0
监管,0.0,36.0,0.0,1.0
赶超,0.0,3.0,0.0,1.0
团结,0.0,3.0,0.0,1.0
履新,0.0,3.0,0.0,1.0
亮点,0.0,3.0,0.0,1.0
让,0.0,33.0,0.0,1.0
圆满,0.0,3.0,0.0,1.0
外管局,0.0,3.0,0.0,1.0
虚假,0.0,3.0,0.0,1.0
同比增加,0.0,3.0,0.0,1.0
新生代,0.0,3.0,0.0,1.0
更多人,0.0,3.0,0.0,1.0
三,0.0,30.0,0.0,1.0
五分之一,0.0,3.0,0.0,1.0
机制,3.0,36.0,0.07692307692307693,0.9230769230769231
需求,0.0,42.0,0.0,1.0
’,0.0,30.0,0.0,1.0
超,3.0,7.0,0.3,0.7
且,3.0,3.0,0.5,0.5
海内外,3.0,6.0,0.3333333333333333,0.6666666666666666
当前,0.0,15.0,0.0,1.0
前世,0.0,3.0,0.0,1.0
前身,0.0,9.0,0.0,1.0
遇见,0.0,3.0,0.0,1.0
仔细,0.0,3.0,0.0,1.0
照样,3.0,0.0,1.0,0.0
不在少数,0.0,3.0,0.0,1.0
互联网,0.0,111.0,0.0,1.0
收走,0.0,12.0,0.0,1.0
当期,0.0,3.0,0.0,1.0
土地,0.0,18.0,0.0,1.0
特别,3.0,12.0,0.2,0.8
达利,0.0,9.0,0.0,1.0
中级,3.0,0.0,1.0,0.0
风起,0.0,3.0,0.0,1.0
留用,0.0,3.0,0.0,1.0
总监,0.0,9.0,0.0,1.0
MiniMBA,0.0,3.0,0.0,1.0
尾,3.0,0.0,1.0,0.0
 ,252.0,741.0,0.2537764350453172,0.7462235649546828
大概,6.0,0.0,1.0,0.0
科学,0.0,3.0,0.0,1.0
流动,0.0,3.0,0.0,1.0
资料,0.0,3.0,0.0,1.0
再谈,0.0,3.0,0.0,1.0
财富,0.0,33.0,0.0,1.0
范畴,0.0,3.0,0.0,1.0
会计师,0.0,3.0,0.0,1.0
增长极,0.0,3.0,0.0,1.0
同期相比,0.0,3.0,0.0,1.0
从严,0.0,3.0,0.0,1.0
世界各地,0.0,6.0,0.0,1.0
迤逦,0.0,3.0,0.0,1.0
流传,6.0,0.0,1.0,0.0
出具,0.0,3.0,0.0,1.0
短,0.0,3.0,0.0,1.0
部分,0.0,9.0,0.0,1.0
约,0.0,34.0,0.0,1.0
不少,0.0,15.0,0.0,1.0
刚,0.0,3.0,0.0,1.0
评论,0.0,3.0,0.0,1.0
感召力,0.0,3.0,0.0,1.0
储备,0.0,6.0,0.0,1.0
江,0.0,3.0,0.0,1.0
》,0.0,90.0,0.0,1.0
永不,0.0,3.0,0.0,1.0
涉嫌,0.0,12.0,0.0,1.0
来往,0.0,3.0,0.0,1.0
长高,0.0,3.0,0.0,1.0
八项,0.0,3.0,0.0,1.0
第五任,0.0,9.0,0.0,1.0
拥抱,0.0,3.0,0.0,1.0
支撑,0.0,15.0,0.0,1.0
群访,0.0,3.0,0.0,1.0
服务体系,0.0,6.0,0.0,1.0
郑杨,0.0,9.0,0.0,1.0
先发,3.0,0.0,1.0,0.0
一股,0.0,3.0,0.0,1.0
总额,0.0,6.0,0.0,1.0
设计,0.0,9.0,0.0,1.0
会,24.0,12.0,0.6666666666666666,0.3333333333333333
设,0.0,3.0,0.0,1.0
官员,0.0,9.0,0.0,1.0
先后,0.0,6.0,0.0,1.0
主动,0.0,9.0,0.0,1.0
意义,0.0,15.0,0.0,1.0
认证,0.0,6.0,0.0,1.0
金融界,0.0,15.0,0.0,1.0
巨量,0.0,3.0,0.0,1.0
纳入,0.0,3.0,0.0,1.0
常宏为,0.0,3.0,0.0,1.0
请,0.0,9.0,0.0,1.0
雨水,0.0,3.0,0.0,1.0
话题,0.0,9.0,0.0,1.0
珠海,0.0,3.0,0.0,1.0
财经频道,0.0,3.0,0.0,1.0
步道,0.0,3.0,0.0,1.0
张赛,0.0,3.0,0.0,1.0
主持,0.0,3.0,0.0,1.0
基本面,0.0,3.0,0.0,1.0
林凡建,0.0,3.0,0.0,1.0
立即,0.0,3.0,0.0,1.0
每经,0.0,12.0,0.0,1.0
碳,0.0,3.0,0.0,1.0
媒体,0.0,18.0,0.0,1.0
eastday,0.0,3.0,0.0,1.0
政治,0.0,3.0,0.0,1.0
十余个,0.0,3.0,0.0,1.0
正说,0.0,3.0,0.0,1.0
归位,0.0,3.0,0.0,1.0
杯,0.0,6.0,0.0,1.0
自行,0.0,9.0,0.0,1.0
矛盾,0.0,3.0,0.0,1.0
月,9.0,249.0,0.03488372093023256,0.9651162790697675
金融市场,0.0,18.0,0.0,1.0
梯度,0.0,3.0,0.0,1.0
人,18.0,33.0,0.35294117647058826,0.6470588235294118
准备金,0.0,3.0,0.0,1.0
美,0.0,9.0,0.0,1.0
岸线,0.0,3.0,0.0,1.0
严查,0.0,3.0,0.0,1.0
迹象,0.0,3.0,0.0,1.0
肥瘦,3.0,0.0,1.0,0.0
关键因素,0.0,3.0,0.0,1.0
头,3.0,3.0,0.5,0.5
前不久,0.0,3.0,0.0,1.0
男孩,0.0,3.0,0.0,1.0
报道,0.0,18.0,0.0,1.0
联合政府,0.0,6.0,0.0,1.0
曾,3.0,12.0,0.2,0.8
惊觉,3.0,0.0,1.0,0.0
传出,0.0,3.0,0.0,1.0
热门,0.0,3.0,0.0,1.0
巨型,0.0,3.0,0.0,1.0
指挥部,0.0,3.0,0.0,1.0
吸纳,0.0,3.0,0.0,1.0
管辖,0.0,3.0,0.0,1.0
医院,0.0,3.0,0.0,1.0
堵点,0.0,6.0,0.0,1.0
亮相,3.0,6.0,0.3333333333333333,0.6666666666666666
就此,0.0,3.0,0.0,1.0
可行性,0.0,6.0,0.0,1.0
高度重视,0.0,9.0,0.0,1.0
Money,0.0,6.0,0.0,1.0
利民,0.0,3.0,0.0,1.0
宝象,0.0,12.0,0.0,1.0
伤害,0.0,3.0,0.0,1.0
世界华人,3.0,0.0,1.0,0.0
铸就,0.0,3.0,0.0,1.0
外卖,9.0,9.0,0.5,0.5
挤破,0.0,3.0,0.0,1.0
事件,0.0,3.0,0.0,1.0
中新社,0.0,6.0,0.0,1.0
关键词,0.0,6.0,0.0,1.0
713,0.0,3.0,0.0,1.0
补充,0.0,3.0,0.0,1.0
650,0.0,3.0,0.0,1.0
方,0.0,15.0,0.0,1.0
东昌路,0.0,3.0,0.0,1.0
546e,0.0,3.0,0.0,1.0
优秀人才,0.0,9.0,0.0,1.0
两个,3.0,12.0,0.2,0.8
内部,0.0,3.0,0.0,1.0
各地,0.0,3.0,0.0,1.0
负责人,0.0,27.0,0.0,1.0
高大,0.0,3.0,0.0,1.0
圆桌,0.0,6.0,0.0,1.0
高端,0.0,108.0,0.0,1.0
先生,0.0,6.0,0.0,1.0
国家外汇管理局,0.0,3.0,0.0,1.0
野心勃勃,3.0,0.0,1.0,0.0
西路,0.0,3.0,0.0,1.0
事务,0.0,3.0,0.0,1.0
列出,0.0,3.0,0.0,1.0
百佬汇,0.0,6.0,0.0,1.0
放在,0.0,6.0,0.0,1.0
重大,0.0,15.0,0.0,1.0
签署,0.0,12.0,0.0,1.0
文化产业,0.0,15.0,0.0,1.0
终于,2.0,0.0,1.0,0.0
做好,3.0,6.0,0.3333333333333333,0.6666666666666666
植树,0.0,3.0,0.0,1.0
发卡,0.0,3.0,0.0,1.0
张煜,0.0,3.0,0.0,1.0
60031,0.0,3.0,0.0,1.0
2.23,0.0,15.0,0.0,1.0
跨界,0.0,6.0,0.0,1.0
建议,3.0,6.0,0.3333333333333333,0.6666666666666666
力量,0.0,21.0,0.0,1.0
禁区,0.0,6.0,0.0,1.0
城市,6.0,72.0,0.07692307692307693,0.9230769230769231
买方,0.0,3.0,0.0,1.0
郭弘泰,0.0,3.0,0.0,1.0
居民,0.0,3.0,0.0,1.0
大型,3.0,12.0,0.2,0.8
软件园,0.0,3.0,0.0,1.0
144378152,0.0,3.0,0.0,1.0
占,0.0,25.0,0.0,1.0
思路,0.0,6.0,0.0,1.0
小川,0.0,6.0,0.0,1.0
金发,0.0,36.0,0.0,1.0
结算,0.0,3.0,0.0,1.0
强大,0.0,3.0,0.0,1.0
字样,0.0,3.0,0.0,1.0
警方,0.0,6.0,0.0,1.0
时,6.0,45.0,0.11764705882352941,0.8823529411764706
找,0.0,3.0,0.0,1.0
22,0.0,15.0,0.0,1.0
中东欧,0.0,12.0,0.0,1.0
用以,0.0,3.0,0.0,1.0
仍然,0.0,3.0,0.0,1.0
综合信息,0.0,9.0,0.0,1.0
管理,0.0,141.0,0.0,1.0
赔,0.0,9.0,0.0,1.0
养老,0.0,156.0,0.0,1.0
穴位,0.0,3.0,0.0,1.0
意思,0.0,3.0,0.0,1.0
调节,0.0,3.0,0.0,1.0
18.39,0.0,6.0,0.0,1.0
gtimg,0.0,12.0,0.0,1.0
控制权,0.0,3.0,0.0,1.0
徐金忠,0.0,3.0,0.0,1.0
外滩,0.0,15.0,0.0,1.0
三高,0.0,3.0,0.0,1.0
跨,0.0,6.0,0.0,1.0
相聚,3.0,0.0,1.0,0.0
颜值,0.0,3.0,0.0,1.0
金字招牌,0.0,3.0,0.0,1.0
花旗银行,6.0,6.0,0.5,0.5
翰林院,0.0,3.0,0.0,1.0
旗下,0.0,15.0,0.0,1.0
使院范,0.0,3.0,0.0,1.0
31,0.0,12.0,0.0,1.0
防控,0.0,15.0,0.0,1.0
精做,0.0,3.0,0.0,1.0
使,0.0,6.0,0.0,1.0
线上,0.0,3.0,0.0,1.0
致辞,0.0,9.0,0.0,1.0
舞台,0.0,3.0,0.0,1.0
频繁,0.0,6.0,0.0,1.0
明白,3.0,0.0,1.0,0.0
空气,0.0,6.0,0.0,1.0
龙头企业,0.0,3.0,0.0,1.0
成熟,0.0,12.0,0.0,1.0
坐标,0.0,6.0,0.0,1.0
讨论,0.0,12.0,0.0,1.0
抓住,0.0,3.0,0.0,1.0
95,0.0,3.0,0.0,1.0
传递,0.0,12.0,0.0,1.0
品种,0.0,3.0,0.0,1.0
打下,0.0,3.0,0.0,1.0
证券期货,0.0,3.0,0.0,1.0
双轮,0.0,12.0,0.0,1.0
开工,0.0,3.0,0.0,1.0
对比,0.0,3.0,0.0,1.0
提供,3.0,90.0,0.03225806451612903,0.967741935483871
然后,3.0,0.0,1.0,0.0
队伍,0.0,3.0,0.0,1.0
爆发式,0.0,3.0,0.0,1.0
近日,0.0,33.0,0.0,1.0
历史,3.0,6.0,0.3333333333333333,0.6666666666666666
两翼,0.0,19.0,0.0,1.0
补血,0.0,3.0,0.0,1.0
创始人,0.0,6.0,0.0,1.0
流程,0.0,6.0,0.0,1.0
区域,9.0,130.0,0.06474820143884892,0.935251798561151
全球性,0.0,3.0,0.0,1.0
三幢,0.0,12.0,0.0,1.0
高塔,0.0,3.0,0.0,1.0
证券日报,0.0,3.0,0.0,1.0
预案,0.0,3.0,0.0,1.0
牛锡明,0.0,3.0,0.0,1.0
传播,0.0,3.0,0.0,1.0
关心,0.0,3.0,0.0,1.0
小,14.0,51.0,0.2153846153846154,0.7846153846153846
须,0.0,3.0,0.0,1.0
诉讼,0.0,3.0,0.0,1.0
本周,0.0,9.0,0.0,1.0
人民银行,0.0,9.0,0.0,1.0
骑着,0.0,3.0,0.0,1.0
600606,0.0,3.0,0.0,1.0
停车,6.0,0.0,1.0,0.0
出资,0.0,3.0,0.0,1.0
人体,0.0,3.0,0.0,1.0
徐,0.0,6.0,0.0,1.0
您,0.0,3.0,0.0,1.0
长期以来,0.0,3.0,0.0,1.0
闯,0.0,9.0,0.0,1.0
：,21.0,183.0,0.10294117647058823,0.8970588235294118
显现出来,0.0,3.0,0.0,1.0
一路,0.0,84.0,0.0,1.0
合伙人,0.0,3.0,0.0,1.0
兽,6.0,0.0,1.0,0.0
二十八日,0.0,3.0,0.0,1.0
定期,0.0,3.0,0.0,1.0
青岛,0.0,3.0,0.0,1.0
善款,0.0,3.0,0.0,1.0
一盏灯,3.0,0.0,1.0,0.0
）,14.0,216.0,0.06086956521739131,0.9391304347826087
最为,0.0,9.0,0.0,1.0
492,0.0,3.0,0.0,1.0
四川,0.0,3.0,0.0,1.0
国家主权,0.0,6.0,0.0,1.0
延续,0.0,6.0,0.0,1.0
投资,3.0,111.0,0.02631578947368421,0.9736842105263158
申购,0.0,6.0,0.0,1.0
正在,0.0,76.0,0.0,1.0
1997,0.0,3.0,0.0,1.0
c1a8fafc397feb55,0.0,3.0,0.0,1.0
登记,0.0,9.0,0.0,1.0
日间,0.0,3.0,0.0,1.0
错位,3.0,3.0,0.5,0.5
先进典型,0.0,3.0,0.0,1.0
211,0.0,3.0,0.0,1.0
赢,0.0,3.0,0.0,1.0
26.49,0.0,3.0,0.0,1.0
而来,0.0,3.0,0.0,1.0
见过,3.0,0.0,1.0,0.0
促进,0.0,27.0,0.0,1.0
博览会,0.0,6.0,0.0,1.0
整治,0.0,15.0,0.0,1.0
做到,0.0,3.0,0.0,1.0
扶持,0.0,3.0,0.0,1.0
现金,0.0,12.0,0.0,1.0
落实,0.0,3.0,0.0,1.0
大部分,3.0,0.0,1.0,0.0
规模化,0.0,3.0,0.0,1.0
一直,0.0,15.0,0.0,1.0
试水,0.0,21.0,0.0,1.0
在售,0.0,3.0,0.0,1.0
复制,0.0,3.0,0.0,1.0
发言,0.0,12.0,0.0,1.0
羊城晚报,0.0,3.0,0.0,1.0
圈里,0.0,3.0,0.0,1.0
其它,0.0,3.0,0.0,1.0
代表性,0.0,6.0,0.0,1.0
韩,0.0,3.0,0.0,1.0
四大,0.0,9.0,0.0,1.0
1.41,0.0,3.0,0.0,1.0
尚未,0.0,6.0,0.0,1.0
打算,0.0,3.0,0.0,1.0
5.24,0.0,3.0,0.0,1.0
薛英平,3.0,0.0,1.0,0.0
广阔,0.0,3.0,0.0,1.0
比例,0.0,15.0,0.0,1.0
彦,0.0,3.0,0.0,1.0
一人,0.0,3.0,0.0,1.0
起,3.0,18.0,0.14285714285714285,0.8571428571428571
420.5,0.0,3.0,0.0,1.0
中产,3.0,0.0,1.0,0.0
住宅楼,0.0,3.0,0.0,1.0
在,87.0,756.0,0.10320284697508897,0.896797153024911
fyhfxph4638619,0.0,3.0,0.0,1.0
管养,0.0,6.0,0.0,1.0
运动鞋,0.0,3.0,0.0,1.0
477,3.0,0.0,1.0,0.0
加入,0.0,3.0,0.0,1.0
发声,0.0,3.0,0.0,1.0
股本,0.0,3.0,0.0,1.0
大巴,17.0,0.0,1.0,0.0
没有,9.0,15.0,0.375,0.625
50099,0.0,3.0,0.0,1.0
副校长,0.0,3.0,0.0,1.0
特有,0.0,3.0,0.0,1.0
扬帆,0.0,6.0,0.0,1.0
有所,0.0,6.0,0.0,1.0
后市,0.0,3.0,0.0,1.0
亚洲,0.0,12.0,0.0,1.0
纽约大学,0.0,3.0,0.0,1.0
文化,3.0,60.0,0.047619047619047616,0.9523809523809523
舒适,0.0,3.0,0.0,1.0
明确,0.0,6.0,0.0,1.0
澎湃,0.0,30.0,0.0,1.0
租船,0.0,9.0,0.0,1.0
imgsports,0.0,3.0,0.0,1.0
年薪,3.0,0.0,1.0,0.0
中共上海市委,0.0,3.0,0.0,1.0
今天,3.0,15.0,0.16666666666666666,0.8333333333333334
集成,0.0,3.0,0.0,1.0
现在,3.0,3.0,0.5,0.5
个险,0.0,3.0,0.0,1.0
匆匆,0.0,3.0,0.0,1.0
20170626095932,0.0,6.0,0.0,1.0
还会,0.0,3.0,0.0,1.0
早日,0.0,3.0,0.0,1.0
实践,0.0,27.0,0.0,1.0
库存,0.0,3.0,0.0,1.0
海绵,0.0,3.0,0.0,1.0
来看,0.0,3.0,0.0,1.0
令,0.0,3.0,0.0,1.0
化解,0.0,3.0,0.0,1.0
不同于,0.0,3.0,0.0,1.0
海运,0.0,15.0,0.0,1.0
往前,3.0,0.0,1.0,0.0
其中,0.0,36.0,0.0,1.0
得到,5.0,3.0,0.625,0.375
市长,0.0,6.0,0.0,1.0
无限,0.0,6.0,0.0,1.0
城楼,0.0,30.0,0.0,1.0
逻辑,0.0,3.0,0.0,1.0
派,0.0,6.0,0.0,1.0
Dior,3.0,0.0,1.0,0.0
单日,3.0,0.0,1.0,0.0
交警部门,0.0,3.0,0.0,1.0
英,0.0,12.0,0.0,1.0
需,0.0,6.0,0.0,1.0
产品,0.0,54.0,0.0,1.0
这次,0.0,3.0,0.0,1.0
好消息,0.0,3.0,0.0,1.0
潜在,0.0,6.0,0.0,1.0
伦敦,0.0,15.0,0.0,1.0
走遍,0.0,3.0,0.0,1.0
金融风险,0.0,39.0,0.0,1.0
规定,0.0,3.0,0.0,1.0
时代,9.0,6.0,0.6,0.4
动向,0.0,3.0,0.0,1.0
newpaper,0.0,3.0,0.0,1.0
很强,0.0,3.0,0.0,1.0
类型,3.0,0.0,1.0,0.0
黎作强,0.0,15.0,0.0,1.0
网站,0.0,3.0,0.0,1.0
支点,0.0,6.0,0.0,1.0
债券,0.0,3.0,0.0,1.0
持续,0.0,28.0,0.0,1.0
医药,0.0,3.0,0.0,1.0
签订,0.0,3.0,0.0,1.0
地面,3.0,3.0,0.5,0.5
结束,0.0,3.0,0.0,1.0
父子,0.0,3.0,0.0,1.0
松绑,0.0,6.0,0.0,1.0
租金,0.0,7.0,0.0,1.0
uploadfile,0.0,3.0,0.0,1.0
显示,0.0,36.0,0.0,1.0
聆听,0.0,3.0,0.0,1.0
转型,0.0,3.0,0.0,1.0
统筹,0.0,3.0,0.0,1.0
徐而进,0.0,9.0,0.0,1.0
大厦,30.0,45.0,0.4,0.6
否认,0.0,6.0,0.0,1.0
难,3.0,0.0,1.0,0.0
精致,0.0,6.0,0.0,1.0
阶段,0.0,6.0,0.0,1.0
葬,0.0,3.0,0.0,1.0
监管者,0.0,3.0,0.0,1.0
舆情,0.0,9.0,0.0,1.0
1998,0.0,3.0,0.0,1.0
议程,0.0,3.0,0.0,1.0
有着,0.0,6.0,0.0,1.0
血统,0.0,3.0,0.0,1.0
交流,0.0,21.0,0.0,1.0
北侧,0.0,3.0,0.0,1.0
及安,0.0,3.0,0.0,1.0
骑行,0.0,9.0,0.0,1.0
警惕性,0.0,3.0,0.0,1.0
几秒钟,3.0,0.0,1.0,0.0
子,3.0,0.0,1.0,0.0
运营商,0.0,6.0,0.0,1.0
杭州,0.0,6.0,0.0,1.0
公司债券,0.0,6.0,0.0,1.0
因涉嫌,0.0,3.0,0.0,1.0
陈胤,0.0,3.0,0.0,1.0
发生,3.0,3.0,0.5,0.5
槽,6.0,0.0,1.0,0.0
金港,0.0,6.0,0.0,1.0
相宜,3.0,0.0,1.0,0.0
托养,0.0,3.0,0.0,1.0
值得一提的是,0.0,3.0,0.0,1.0
证券时报,0.0,9.0,0.0,1.0
堵,3.0,0.0,1.0,0.0
谈璎,0.0,3.0,0.0,1.0
我司,0.0,3.0,0.0,1.0
核心,6.0,46.0,0.11538461538461539,0.8846153846153846
台湾,0.0,6.0,0.0,1.0
学院,0.0,9.0,0.0,1.0
四级,0.0,3.0,0.0,1.0
子公司,0.0,18.0,0.0,1.0
共住,3.0,0.0,1.0,0.0
作比,0.0,3.0,0.0,1.0
倡议,0.0,21.0,0.0,1.0
十三,0.0,12.0,0.0,1.0
执掌,0.0,3.0,0.0,1.0
麦当劳,3.0,0.0,1.0,0.0
披露,0.0,21.0,0.0,1.0
经济,0.0,111.0,0.0,1.0
以,0.0,120.0,0.0,1.0
参会,0.0,3.0,0.0,1.0
团队精神,0.0,3.0,0.0,1.0
识别,0.0,12.0,0.0,1.0
竞争力,0.0,3.0,0.0,1.0
酝酿,0.0,6.0,0.0,1.0
6,0.0,162.0,0.0,1.0
晚上,6.0,0.0,1.0,0.0
中旬,0.0,3.0,0.0,1.0
fyhfxph4637724,0.0,3.0,0.0,1.0
相邻,0.0,6.0,0.0,1.0
车位,3.0,0.0,1.0,0.0
钱,3.0,0.0,1.0,0.0
仪,0.0,3.0,0.0,1.0
最终,0.0,6.0,0.0,1.0
充分,0.0,6.0,0.0,1.0
目不斜视,3.0,0.0,1.0,0.0
宣布,0.0,9.0,0.0,1.0
安身立命,3.0,0.0,1.0,0.0
副理事长,0.0,9.0,0.0,1.0
其,0.0,30.0,0.0,1.0
先试区,0.0,3.0,0.0,1.0
当天,0.0,3.0,0.0,1.0
冲击,0.0,3.0,0.0,1.0
率先,0.0,6.0,0.0,1.0
陆楫,0.0,6.0,0.0,1.0
滨江,0.0,93.0,0.0,1.0
给出,0.0,3.0,0.0,1.0
仍,0.0,6.0,0.0,1.0
cn,0.0,60.0,0.0,1.0
聚,0.0,3.0,0.0,1.0
楼中,0.0,3.0,0.0,1.0
恢复健康,0.0,3.0,0.0,1.0
四十年,0.0,3.0,0.0,1.0
首先,0.0,18.0,0.0,1.0
出炉,0.0,9.0,0.0,1.0
便,0.0,3.0,0.0,1.0
公共关系,0.0,3.0,0.0,1.0
有效,0.0,18.0,0.0,1.0
提到,0.0,3.0,0.0,1.0
最近,3.0,6.0,0.3333333333333333,0.6666666666666666
全资,0.0,9.0,0.0,1.0
欢迎,0.0,6.0,0.0,1.0
分钟,6.0,21.0,0.2222222222222222,0.7777777777777778
扫一扫,0.0,3.0,0.0,1.0
唯一,3.0,3.0,0.5,0.5
认为,0.0,12.0,0.0,1.0
软环境,0.0,3.0,0.0,1.0
生态环境,0.0,6.0,0.0,1.0
公益,0.0,75.0,0.0,1.0
根系,0.0,3.0,0.0,1.0
机场,0.0,3.0,0.0,1.0
辆次,6.0,0.0,1.0,0.0
清单,0.0,9.0,0.0,1.0
审查,0.0,9.0,0.0,1.0
讲述,0.0,3.0,0.0,1.0
演变成,0.0,3.0,0.0,1.0
年度,0.0,42.0,0.0,1.0
管理中心,0.0,6.0,0.0,1.0
行,0.0,3.0,0.0,1.0
贝岭,0.0,3.0,0.0,1.0
老,0.0,6.0,0.0,1.0
创新,0.0,144.0,0.0,1.0
投融资,0.0,6.0,0.0,1.0
新一代,0.0,3.0,0.0,1.0
多,0.0,60.0,0.0,1.0
11,0.0,6.0,0.0,1.0
午餐,3.0,0.0,1.0,0.0
精英,6.0,12.0,0.3333333333333333,0.6666666666666666
而言,0.0,9.0,0.0,1.0
595c532396196,0.0,3.0,0.0,1.0
卓越,0.0,12.0,0.0,1.0
地带,0.0,3.0,0.0,1.0
观光,0.0,6.0,0.0,1.0
违法行为,0.0,6.0,0.0,1.0
体育,0.0,6.0,0.0,1.0
学士,0.0,3.0,0.0,1.0
噔,6.0,0.0,1.0,0.0
华信,0.0,6.0,0.0,1.0
商家,0.0,3.0,0.0,1.0
本届,0.0,21.0,0.0,1.0
正面,0.0,3.0,0.0,1.0
最初,0.0,3.0,0.0,1.0
<,0.0,75.0,0.0,1.0
书画作品,3.0,0.0,1.0,0.0
听取,0.0,3.0,0.0,1.0
算是,0.0,3.0,0.0,1.0
联盟,0.0,18.0,0.0,1.0
望去,0.0,3.0,0.0,1.0
并不矛盾,0.0,3.0,0.0,1.0
许多,0.0,3.0,0.0,1.0
人群,0.0,3.0,0.0,1.0
一点,3.0,0.0,1.0,0.0
快速,0.0,9.0,0.0,1.0
黄浦江,0.0,27.0,0.0,1.0
儿子,0.0,3.0,0.0,1.0
新获,0.0,1.0,0.0,1.0
稳健,0.0,45.0,0.0,1.0
共建,0.0,3.0,0.0,1.0
gif,0.0,3.0,0.0,1.0
会后,3.0,0.0,1.0,0.0
商贸,0.0,3.0,0.0,1.0
发表,0.0,21.0,0.0,1.0
上海,39.0,633.0,0.05803571428571429,0.9419642857142857
轨交,0.0,3.0,0.0,1.0
attpic,0.0,3.0,0.0,1.0
拉开帷幕,0.0,9.0,0.0,1.0
佳节,0.0,3.0,0.0,1.0
安联,0.0,3.0,0.0,1.0
成员,0.0,3.0,0.0,1.0
信息,0.0,45.0,0.0,1.0
CXO,3.0,0.0,1.0,0.0
代表处,0.0,15.0,0.0,1.0
各级,0.0,3.0,0.0,1.0
医养,0.0,3.0,0.0,1.0
事务所,0.0,6.0,0.0,1.0
服务业,0.0,3.0,0.0,1.0
成效,0.0,6.0,0.0,1.0
执念,3.0,0.0,1.0,0.0
负责,0.0,3.0,0.0,1.0
两排,3.0,0.0,1.0,0.0
经验,0.0,12.0,0.0,1.0
祠记,0.0,3.0,0.0,1.0
0729A19,0.0,3.0,0.0,1.0
打败,0.0,3.0,0.0,1.0
名叫,0.0,3.0,0.0,1.0
中队,0.0,12.0,0.0,1.0
多次,3.0,0.0,1.0,0.0
波及,0.0,3.0,0.0,1.0
生动,0.0,3.0,0.0,1.0
门户网站,0.0,6.0,0.0,1.0
舫,0.0,3.0,0.0,1.0
去年,0.0,45.0,0.0,1.0
健身房,0.0,3.0,0.0,1.0
平方米,0.0,9.0,0.0,1.0
落,0.0,3.0,0.0,1.0
算上,0.0,3.0,0.0,1.0
600651,0.0,3.0,0.0,1.0
皮鞋,6.0,0.0,1.0,0.0
保险业,0.0,3.0,0.0,1.0
妈妈,0.0,6.0,0.0,1.0
再次,0.0,12.0,0.0,1.0
06,0.0,12.0,0.0,1.0
一并,3.0,0.0,1.0,0.0
此处,0.0,3.0,0.0,1.0
沿岸,0.0,3.0,0.0,1.0
局,3.0,0.0,1.0,0.0
推进,0.0,48.0,0.0,1.0
一群,3.0,3.0,0.5,0.5
下,3.0,105.0,0.027777777777777776,0.9722222222222222
来说,0.0,3.0,0.0,1.0
港口,3.0,0.0,1.0,0.0
发起,0.0,21.0,0.0,1.0
落地,0.0,6.0,0.0,1.0
九,3.0,0.0,1.0,0.0
英国,0.0,21.0,0.0,1.0
年前,0.0,3.0,0.0,1.0
情况,2.0,9.0,0.18181818181818182,0.8181818181818182
马韵飞,0.0,3.0,0.0,1.0
过多,0.0,3.0,0.0,1.0
天津,0.0,16.0,0.0,1.0
递减,0.0,6.0,0.0,1.0
迎来,0.0,12.0,0.0,1.0
而后,0.0,3.0,0.0,1.0
238fbfddd05edc1a5791ba06157b5fa3,0.0,3.0,0.0,1.0
内有,0.0,6.0,0.0,1.0
翟超,0.0,3.0,0.0,1.0
组织,0.0,57.0,0.0,1.0
转向,0.0,3.0,0.0,1.0
注视,3.0,0.0,1.0,0.0
看看,6.0,3.0,0.6666666666666666,0.3333333333333333
深夜,3.0,0.0,1.0,0.0
朱韬,0.0,3.0,0.0,1.0
条件,0.0,6.0,0.0,1.0
场所,0.0,3.0,0.0,1.0
纷纷,3.0,3.0,0.5,0.5
公宇,0.0,3.0,0.0,1.0
妥,0.0,3.0,0.0,1.0
600171,0.0,3.0,0.0,1.0
国务院,0.0,6.0,0.0,1.0
只有,6.0,3.0,0.6666666666666666,0.3333333333333333
责任,0.0,27.0,0.0,1.0
陆深,0.0,6.0,0.0,1.0
题为,0.0,3.0,0.0,1.0
力争,0.0,6.0,0.0,1.0
零距离,0.0,3.0,0.0,1.0
曾经,9.0,0.0,1.0,0.0
同志,0.0,3.0,0.0,1.0
分析,0.0,9.0,0.0,1.0
基础教育,0.0,3.0,0.0,1.0
nbd,0.0,3.0,0.0,1.0
为重,0.0,3.0,0.0,1.0
为,3.0,294.0,0.010101010101010102,0.98989898989899
东方网,0.0,3.0,0.0,1.0
好歹,3.0,0.0,1.0,0.0
创业,6.0,6.0,0.5,0.5
上海银行,6.0,0.0,1.0,0.0
刚刚,3.0,6.0,0.3333333333333333,0.6666666666666666
手段,0.0,3.0,0.0,1.0
.,0.0,300.0,0.0,1.0
方向,0.0,6.0,0.0,1.0
新,3.0,57.0,0.05,0.95
首席,0.0,3.0,0.0,1.0
摩天楼,0.0,3.0,0.0,1.0
600,0.0,3.0,0.0,1.0
2,3.0,24.0,0.1111111111111111,0.8888888888888888
兼具,0.0,3.0,0.0,1.0
是,69.0,273.0,0.20175438596491227,0.7982456140350878
中国保险监督管理委员会,0.0,3.0,0.0,1.0
平方公里,0.0,9.0,0.0,1.0
朋友圈,3.0,0.0,1.0,0.0
拓宽,0.0,3.0,0.0,1.0
已成,0.0,6.0,0.0,1.0
排,3.0,0.0,1.0,0.0
一系列,0.0,3.0,0.0,1.0
一次,0.0,15.0,0.0,1.0
出租,0.0,3.0,0.0,1.0
央广网,0.0,3.0,0.0,1.0
驿站,0.0,9.0,0.0,1.0
研究生,3.0,0.0,1.0,0.0
富邦,0.0,3.0,0.0,1.0
范儿,0.0,3.0,0.0,1.0
凤凰卫视,0.0,3.0,0.0,1.0
景色,0.0,3.0,0.0,1.0
经纪人,0.0,6.0,0.0,1.0
赛站,0.0,3.0,0.0,1.0
总部,3.0,51.0,0.05555555555555555,0.9444444444444444
顶级,0.0,3.0,0.0,1.0
息息相关,0.0,3.0,0.0,1.0
stcn,0.0,3.0,0.0,1.0
难点,0.0,3.0,0.0,1.0
主战场,0.0,3.0,0.0,1.0
爱心,0.0,18.0,0.0,1.0
不夜城,0.0,3.0,0.0,1.0
万股,0.0,15.0,0.0,1.0
sinaimg,0.0,6.0,0.0,1.0
从未,0.0,3.0,0.0,1.0
企业动态,0.0,3.0,0.0,1.0
没亮,3.0,0.0,1.0,0.0
LEED,0.0,3.0,0.0,1.0
拓荒者,0.0,3.0,0.0,1.0
古典,0.0,3.0,0.0,1.0
冲积,0.0,6.0,0.0,1.0
银行信贷,0.0,3.0,0.0,1.0
旅游,17.0,0.0,1.0,0.0
9.2,0.0,3.0,0.0,1.0
汇丰银行,3.0,0.0,1.0,0.0
曹琦,0.0,3.0,0.0,1.0
景观,0.0,6.0,0.0,1.0
com,0.0,48.0,0.0,1.0
岛,0.0,3.0,0.0,1.0
招租,0.0,3.0,0.0,1.0
想法,0.0,3.0,0.0,1.0
推行,0.0,3.0,0.0,1.0
交警支队,3.0,6.0,0.3333333333333333,0.6666666666666666
主要,0.0,21.0,0.0,1.0
一行,0.0,51.0,0.0,1.0
早上,3.0,0.0,1.0,0.0
一,3.0,21.0,0.125,0.875
管仲,0.0,3.0,0.0,1.0
编者按,0.0,3.0,0.0,1.0
王兆星,0.0,21.0,0.0,1.0
综管,3.0,0.0,1.0,0.0
民警,0.0,6.0,0.0,1.0
对外开放,0.0,18.0,0.0,1.0
各界人士,0.0,3.0,0.0,1.0
谈,0.0,6.0,0.0,1.0
委,6.0,0.0,1.0,0.0
称为,0.0,3.0,0.0,1.0
往后走,3.0,0.0,1.0,0.0
号线,3.0,15.0,0.16666666666666666,0.8333333333333334
倾力,0.0,6.0,0.0,1.0
全部,0.0,10.0,0.0,1.0
剑,3.0,0.0,1.0,0.0
>,0.0,120.0,0.0,1.0
扎实,0.0,3.0,0.0,1.0
原因,3.0,3.0,0.5,0.5
国有土地,0.0,3.0,0.0,1.0
陆金,0.0,3.0,0.0,1.0
不算,0.0,6.0,0.0,1.0
达,0.0,6.0,0.0,1.0
模块,0.0,3.0,0.0,1.0
炯,0.0,3.0,0.0,1.0
有利于,0.0,6.0,0.0,1.0
18.20,0.0,3.0,0.0,1.0
成为,6.0,129.0,0.044444444444444446,0.9555555555555556
艺术节,0.0,15.0,0.0,1.0
今生,0.0,3.0,0.0,1.0
而战,0.0,3.0,0.0,1.0
判断,0.0,3.0,0.0,1.0
到来,0.0,3.0,0.0,1.0
轻便,0.0,3.0,0.0,1.0
立体画,0.0,3.0,0.0,1.0
旗舰,0.0,3.0,0.0,1.0
邀请赛,0.0,15.0,0.0,1.0
非金融,0.0,3.0,0.0,1.0
600675,0.0,3.0,0.0,1.0
挨个,3.0,0.0,1.0,0.0
head,0.0,3.0,0.0,1.0
管委会,0.0,15.0,0.0,1.0
上年,0.0,3.0,0.0,1.0
独自,3.0,0.0,1.0,0.0
男子,0.0,6.0,0.0,1.0
30,6.0,16.0,0.2727272727272727,0.7272727272727273
‘,0.0,30.0,0.0,1.0
总工会,0.0,6.0,0.0,1.0
活跃,0.0,3.0,0.0,1.0
第二张,0.0,3.0,0.0,1.0
仿佛,3.0,0.0,1.0,0.0
002,3.0,0.0,1.0,0.0
局长,0.0,15.0,0.0,1.0
夏,0.0,3.0,0.0,1.0
贷款,0.0,9.0,0.0,1.0
带上,3.0,0.0,1.0,0.0
数据,3.0,36.0,0.07692307692307693,0.9230769230769231
央行,0.0,24.0,0.0,1.0
不经意,0.0,3.0,0.0,1.0
粉墨,0.0,3.0,0.0,1.0
并肩,0.0,3.0,0.0,1.0
深刻,0.0,3.0,0.0,1.0
仪式,0.0,9.0,0.0,1.0
摩登,0.0,3.0,0.0,1.0
高级,0.0,9.0,0.0,1.0
保费,0.0,24.0,0.0,1.0
销售,0.0,36.0,0.0,1.0
地位,0.0,3.0,0.0,1.0
漫步,0.0,21.0,0.0,1.0
信用,0.0,3.0,0.0,1.0
3.0,0.0,6.0,0.0,1.0
焦点,0.0,6.0,0.0,1.0
b,0.0,15.0,0.0,1.0
党中央,0.0,3.0,0.0,1.0
周瑶,0.0,3.0,0.0,1.0
见到,0.0,3.0,0.0,1.0
南京,0.0,3.0,0.0,1.0
核心区,0.0,21.0,0.0,1.0
鸡飞狗跳,3.0,0.0,1.0,0.0
打车,3.0,0.0,1.0,0.0
一头,0.0,3.0,0.0,1.0
公司债,0.0,3.0,0.0,1.0
0627,0.0,9.0,0.0,1.0
细则,0.0,6.0,0.0,1.0
创设,0.0,12.0,0.0,1.0
逐步形成,0.0,10.0,0.0,1.0
奢侈品,3.0,0.0,1.0,0.0
风云变幻,0.0,3.0,0.0,1.0
升华,0.0,3.0,0.0,1.0
隆重举行,0.0,6.0,0.0,1.0
感受,0.0,3.0,0.0,1.0
凤凰,0.0,18.0,0.0,1.0
美丽,0.0,3.0,0.0,1.0
目标价,0.0,3.0,0.0,1.0
资管类,0.0,9.0,0.0,1.0
国电,0.0,3.0,0.0,1.0
能量,0.0,15.0,0.0,1.0
合格,0.0,9.0,0.0,1.0
28,0.0,18.0,0.0,1.0
排名,0.0,39.0,0.0,1.0
开阔,0.0,3.0,0.0,1.0
生机盎然,0.0,3.0,0.0,1.0
禁令,0.0,6.0,0.0,1.0
战略眼光,0.0,3.0,0.0,1.0
栏杆,0.0,3.0,0.0,1.0
成本,0.0,3.0,0.0,1.0
新锐,3.0,0.0,1.0,0.0
理由,0.0,3.0,0.0,1.0
类,0.0,30.0,0.0,1.0
层面,0.0,3.0,0.0,1.0
最好,0.0,3.0,0.0,1.0
敬老院,0.0,9.0,0.0,1.0
直通车,0.0,3.0,0.0,1.0
稽查,0.0,3.0,0.0,1.0
聚焦,6.0,21.0,0.2222222222222222,0.7777777777777778
收入水平,0.0,6.0,0.0,1.0
这座,0.0,3.0,0.0,1.0
外商独资,0.0,36.0,0.0,1.0
再造,0.0,6.0,0.0,1.0
银证,0.0,3.0,0.0,1.0
在建,3.0,3.0,0.5,0.5
六大,0.0,6.0,0.0,1.0
搭,0.0,3.0,0.0,1.0
打,0.0,6.0,0.0,1.0
有助于,0.0,3.0,0.0,1.0
相当于,0.0,3.0,0.0,1.0
机电,0.0,3.0,0.0,1.0
浅绿,0.0,3.0,0.0,1.0
融入,3.0,0.0,1.0,0.0
地发,3.0,0.0,1.0,0.0
绿地,0.0,24.0,0.0,1.0
摊位,3.0,0.0,1.0,0.0
包包,3.0,0.0,1.0,0.0
基地,0.0,15.0,0.0,1.0
有关,0.0,6.0,0.0,1.0
改革开放,0.0,9.0,0.0,1.0
大举,0.0,3.0,0.0,1.0
宋薇萍,0.0,3.0,0.0,1.0
客户,0.0,3.0,0.0,1.0
SH,0.0,3.0,0.0,1.0
运去,0.0,3.0,0.0,1.0
看好,0.0,9.0,0.0,1.0
做起,3.0,0.0,1.0,0.0
9408,0.0,3.0,0.0,1.0
第二家,0.0,6.0,0.0,1.0
资源配置,0.0,6.0,0.0,1.0
金融资产,0.0,9.0,0.0,1.0
设置,6.0,3.0,0.6666666666666666,0.3333333333333333
A19,0.0,3.0,0.0,1.0
一栋栋,3.0,0.0,1.0,0.0
被,3.0,30.0,0.09090909090909091,0.9090909090909091
600597,0.0,3.0,0.0,1.0
卖方,0.0,3.0,0.0,1.0
势力,0.0,3.0,0.0,1.0
杠杆,0.0,42.0,0.0,1.0
历史悠久,0.0,3.0,0.0,1.0
罗仕,0.0,3.0,0.0,1.0
第一,0.0,45.0,0.0,1.0
服务平台,0.0,3.0,0.0,1.0
应该,0.0,6.0,0.0,1.0
如愿,3.0,0.0,1.0,0.0
观复,0.0,3.0,0.0,1.0
保障型,0.0,3.0,0.0,1.0
不见,0.0,6.0,0.0,1.0
指标,0.0,6.0,0.0,1.0
北,0.0,3.0,0.0,1.0
启蒙,0.0,3.0,0.0,1.0
社会主义,0.0,3.0,0.0,1.0
源头,0.0,6.0,0.0,1.0
云中,0.0,6.0,0.0,1.0
日益增长,0.0,3.0,0.0,1.0
展现,0.0,9.0,0.0,1.0
经纪,0.0,3.0,0.0,1.0
达成协议,0.0,3.0,0.0,1.0
发展前景,0.0,3.0,0.0,1.0
外宣,0.0,3.0,0.0,1.0
据介绍,0.0,6.0,0.0,1.0
它生,0.0,3.0,0.0,1.0
催眠,3.0,0.0,1.0,0.0
九十度,0.0,3.0,0.0,1.0
55,0.0,12.0,0.0,1.0
功能型,0.0,3.0,0.0,1.0
专业人才,0.0,9.0,0.0,1.0
剧中,3.0,0.0,1.0,0.0
首场,0.0,6.0,0.0,1.0
资本,0.0,30.0,0.0,1.0
接受,0.0,27.0,0.0,1.0
股东,0.0,30.0,0.0,1.0
20170627013249593,0.0,3.0,0.0,1.0
形容,0.0,3.0,0.0,1.0
已达,0.0,3.0,0.0,1.0
金融业务,0.0,9.0,0.0,1.0
全球化,0.0,3.0,0.0,1.0
落下,0.0,6.0,0.0,1.0
较,0.0,18.0,0.0,1.0
9bba,0.0,3.0,0.0,1.0
b6b85c8496af,0.0,3.0,0.0,1.0
鸿运,0.0,3.0,0.0,1.0
高峰论坛,0.0,3.0,0.0,1.0
技术标准,0.0,3.0,0.0,1.0
利润分配,0.0,3.0,0.0,1.0
三者,0.0,3.0,0.0,1.0
制图,0.0,3.0,0.0,1.0
系,0.0,3.0,0.0,1.0
花落,0.0,6.0,0.0,1.0
成就,0.0,3.0,0.0,1.0
贫困县,0.0,3.0,0.0,1.0
&,0.0,6.0,0.0,1.0
过程,0.0,9.0,0.0,1.0
直,3.0,0.0,1.0,0.0
到,30.0,114.0,0.20833333333333334,0.7916666666666666
周小川,0.0,78.0,0.0,1.0
开发,0.0,84.0,0.0,1.0
主旨,0.0,12.0,0.0,1.0
血,3.0,0.0,1.0,0.0
本报讯,2.0,15.0,0.11764705882352941,0.8823529411764706
主,0.0,6.0,0.0,1.0
市场经济,0.0,3.0,0.0,1.0
拥有,0.0,12.0,0.0,1.0
殉道者,9.0,0.0,1.0,0.0
866,0.0,3.0,0.0,1.0
零星,0.0,3.0,0.0,1.0
大宗,0.0,3.0,0.0,1.0
等级,0.0,3.0,0.0,1.0
撰文,0.0,3.0,0.0,1.0
寻找,0.0,3.0,0.0,1.0
受益,0.0,1.0,0.0,1.0
一旁,3.0,0.0,1.0,0.0
先河,0.0,3.0,0.0,1.0
一带,0.0,84.0,0.0,1.0
挺起,3.0,0.0,1.0,0.0
开放式,0.0,3.0,0.0,1.0
亲民道,0.0,6.0,0.0,1.0
3.94,0.0,3.0,0.0,1.0
二,0.0,3.0,0.0,1.0
紧接着,0.0,3.0,0.0,1.0
零时,0.0,9.0,0.0,1.0
郭,0.0,3.0,0.0,1.0
竞得,0.0,3.0,0.0,1.0
全场,0.0,3.0,0.0,1.0
范围,0.0,9.0,0.0,1.0
首家,0.0,15.0,0.0,1.0
会员,0.0,3.0,0.0,1.0
行业,0.0,75.0,0.0,1.0
sports,0.0,6.0,0.0,1.0
巡回,0.0,3.0,0.0,1.0
33,0.0,3.0,0.0,1.0
创造,0.0,12.0,0.0,1.0
韩正致,0.0,3.0,0.0,1.0
分层,0.0,3.0,0.0,1.0
日至,0.0,18.0,0.0,1.0
;,0.0,21.0,0.0,1.0
影响,0.0,15.0,0.0,1.0
电影演员,0.0,6.0,0.0,1.0
华域,0.0,3.0,0.0,1.0
景色宜人,0.0,3.0,0.0,1.0
丰硕成果,0.0,6.0,0.0,1.0
最早,0.0,3.0,0.0,1.0
时段,3.0,0.0,1.0,0.0
中有,0.0,3.0,0.0,1.0
咖啡,0.0,18.0,0.0,1.0
以内,0.0,3.0,0.0,1.0
余个,0.0,3.0,0.0,1.0
历经,0.0,3.0,0.0,1.0
品味,0.0,3.0,0.0,1.0
投票,0.0,3.0,0.0,1.0
《,0.0,90.0,0.0,1.0
国泰君安,0.0,3.0,0.0,1.0
体现,0.0,6.0,0.0,1.0
建华,0.0,3.0,0.0,1.0
除,0.0,3.0,0.0,1.0
卤肉,3.0,0.0,1.0,0.0
今年以来,0.0,3.0,0.0,1.0
交银,3.0,3.0,0.5,0.5
亲身经历,3.0,0.0,1.0,0.0
又,9.0,30.0,0.23076923076923078,0.7692307692307693
游玩,0.0,3.0,0.0,1.0
引领,0.0,3.0,0.0,1.0
分别,0.0,24.0,0.0,1.0
兰州,0.0,3.0,0.0,1.0
里,15.0,27.0,0.35714285714285715,0.6428571428571429
jykx,0.0,3.0,0.0,1.0
JP,0.0,3.0,0.0,1.0
脸庞,3.0,0.0,1.0,0.0
总,0.0,15.0,0.0,1.0
搬,0.0,6.0,0.0,1.0
旁边,3.0,0.0,1.0,0.0
精雕细琢,0.0,3.0,0.0,1.0
社保,0.0,3.0,0.0,1.0
金融服务,0.0,30.0,0.0,1.0
交易,0.0,6.0,0.0,1.0
钻石,6.0,0.0,1.0,0.0
一定,3.0,9.0,0.25,0.75
配置,3.0,3.0,0.5,0.5
有限责任,0.0,18.0,0.0,1.0
风暴,0.0,9.0,0.0,1.0
４,3.0,0.0,1.0,0.0
首日,0.0,3.0,0.0,1.0
会议室,3.0,0.0,1.0,0.0
汇经,0.0,9.0,0.0,1.0
联合,3.0,18.0,0.14285714285714285,0.8571428571428571
极大,0.0,3.0,0.0,1.0
增能坊,0.0,3.0,0.0,1.0
藏书票,0.0,3.0,0.0,1.0
金融监管,0.0,30.0,0.0,1.0
2.0,0.0,3.0,0.0,1.0
谨,0.0,3.0,0.0,1.0
一是,0.0,3.0,0.0,1.0
多年,0.0,9.0,0.0,1.0
其实,6.0,0.0,1.0,0.0
链断裂,0.0,3.0,0.0,1.0
８,3.0,0.0,1.0,0.0
详实,0.0,3.0,0.0,1.0
lu,0.0,3.0,0.0,1.0
迅速,0.0,3.0,0.0,1.0
决策,0.0,3.0,0.0,1.0
?,0.0,24.0,0.0,1.0
名为,3.0,0.0,1.0,0.0
所在,0.0,6.0,0.0,1.0
下班,0.0,3.0,0.0,1.0
板块,0.0,6.0,0.0,1.0
轻轻,0.0,3.0,0.0,1.0
曾剑,0.0,3.0,0.0,1.0
信托业,0.0,3.0,0.0,1.0
相关,0.0,63.0,0.0,1.0
就关,3.0,0.0,1.0,0.0
添福,0.0,3.0,0.0,1.0
赵天予,0.0,3.0,0.0,1.0
■,0.0,36.0,0.0,1.0
2019,0.0,3.0,0.0,1.0
20170627013249359,0.0,3.0,0.0,1.0
来源,0.0,12.0,0.0,1.0
背,3.0,0.0,1.0,0.0
建于,0.0,3.0,0.0,1.0
配合,3.0,6.0,0.3333333333333333,0.6666666666666666
作为,0.0,66.0,0.0,1.0
自,0.0,18.0,0.0,1.0
牛肉,3.0,0.0,1.0,0.0
构建,0.0,12.0,0.0,1.0
何,3.0,3.0,0.5,0.5
很多,6.0,0.0,1.0,0.0
受理,0.0,6.0,0.0,1.0
11.54,0.0,15.0,0.0,1.0
不能,0.0,18.0,0.0,1.0
进行,0.0,63.0,0.0,1.0
委员,0.0,3.0,0.0,1.0
主题,0.0,51.0,0.0,1.0
分行,0.0,3.0,0.0,1.0
得以,0.0,3.0,0.0,1.0
入驻,0.0,60.0,0.0,1.0
很,3.0,30.0,0.09090909090909091,0.9090909090909091
格局,0.0,22.0,0.0,1.0
浦江,0.0,3.0,0.0,1.0
基本,3.0,24.0,0.1111111111111111,0.8888888888888888
随后,0.0,3.0,0.0,1.0
人头攒动,0.0,3.0,0.0,1.0
银行业,0.0,6.0,0.0,1.0
27,0.0,3.0,0.0,1.0
关系,3.0,9.0,0.25,0.75
中原,0.0,3.0,0.0,1.0
20170626,0.0,6.0,0.0,1.0
发展局,0.0,24.0,0.0,1.0
可谈,0.0,6.0,0.0,1.0
筑巢引凤,0.0,3.0,0.0,1.0
援助,0.0,3.0,0.0,1.0
教师,0.0,3.0,0.0,1.0
穗,0.0,3.0,0.0,1.0
签约,0.0,18.0,0.0,1.0
徐德洁,0.0,3.0,0.0,1.0
罗贝思,0.0,3.0,0.0,1.0
设施,0.0,24.0,0.0,1.0
110,0.0,6.0,0.0,1.0
更名,0.0,6.0,0.0,1.0
高地,0.0,3.0,0.0,1.0
组建,0.0,3.0,0.0,1.0
网,0.0,15.0,0.0,1.0
奋迅,0.0,3.0,0.0,1.0
35,3.0,0.0,1.0,0.0
参股,0.0,3.0,0.0,1.0
07,0.0,9.0,0.0,1.0
打破,0.0,3.0,0.0,1.0
依托,0.0,21.0,0.0,1.0
思德库,0.0,3.0,0.0,1.0
及时,0.0,6.0,0.0,1.0
预计,0.0,18.0,0.0,1.0
基金,3.0,93.0,0.03125,0.96875
林立,0.0,3.0,0.0,1.0
整个,0.0,24.0,0.0,1.0
销售收入,0.0,6.0,0.0,1.0
第一家,0.0,3.0,0.0,1.0
养老金,0.0,3.0,0.0,1.0
600170,0.0,3.0,0.0,1.0
旁,0.0,3.0,0.0,1.0
三分之一,0.0,6.0,0.0,1.0
hv1,0.0,12.0,0.0,1.0
主任,0.0,15.0,0.0,1.0
),12.0,132.0,0.08333333333333333,0.9166666666666666
女士们,0.0,6.0,0.0,1.0
20170705,0.0,6.0,0.0,1.0
健全,0.0,9.0,0.0,1.0
半数,0.0,3.0,0.0,1.0
环形,3.0,0.0,1.0,0.0
国泰人寿,0.0,123.0,0.0,1.0
437,0.0,3.0,0.0,1.0
万,9.0,0.0,1.0,0.0
隔江,0.0,3.0,0.0,1.0
或者,0.0,6.0,0.0,1.0
积极,0.0,42.0,0.0,1.0
聚集,6.0,15.0,0.2857142857142857,0.7142857142857143
脆弱,0.0,3.0,0.0,1.0
共聚一堂,0.0,3.0,0.0,1.0
美誉,0.0,3.0,0.0,1.0
绝美,0.0,3.0,0.0,1.0
24,0.0,24.0,0.0,1.0
jpg,0.0,69.0,0.0,1.0
政社,0.0,3.0,0.0,1.0
花车,0.0,3.0,0.0,1.0
决心,0.0,9.0,0.0,1.0
升至,0.0,12.0,0.0,1.0
10.8,0.0,3.0,0.0,1.0
人员,0.0,3.0,0.0,1.0
之声,0.0,3.0,0.0,1.0
周道,0.0,3.0,0.0,1.0
贯彻落实,0.0,3.0,0.0,1.0
2205,0.0,6.0,0.0,1.0
算法,3.0,0.0,1.0,0.0
企业,3.0,303.0,0.00980392156862745,0.9901960784313726
浓浓的,0.0,3.0,0.0,1.0
跨境,0.0,18.0,0.0,1.0
重量级,0.0,3.0,0.0,1.0
梅园,0.0,12.0,0.0,1.0
家园,0.0,12.0,0.0,1.0
经常,0.0,3.0,0.0,1.0
水,3.0,0.0,1.0,0.0
17,0.0,21.0,0.0,1.0
感觉,3.0,0.0,1.0,0.0
瞄向,0.0,3.0,0.0,1.0
顺利,0.0,12.0,0.0,1.0
浦东发展银行,0.0,3.0,0.0,1.0
23,0.0,6.0,0.0,1.0
社会,0.0,27.0,0.0,1.0
硬菜,0.0,3.0,0.0,1.0
姚玲珍,0.0,3.0,0.0,1.0
两口,3.0,0.0,1.0,0.0
消费,3.0,6.0,0.3333333333333333,0.6666666666666666
china,0.0,9.0,0.0,1.0
午饭,3.0,0.0,1.0,0.0
供应,0.0,9.0,0.0,1.0
改革,0.0,105.0,0.0,1.0
隧,0.0,6.0,0.0,1.0
漏洞,3.0,0.0,1.0,0.0
催,3.0,0.0,1.0,0.0
围墙,0.0,3.0,0.0,1.0
营业,0.0,21.0,0.0,1.0
中午,0.0,3.0,0.0,1.0
万国,0.0,3.0,0.0,1.0
解决方案,0.0,3.0,0.0,1.0
昨晚,0.0,3.0,0.0,1.0
带动力,0.0,3.0,0.0,1.0
入市,0.0,3.0,0.0,1.0
传说,6.0,0.0,1.0,0.0
金羊网,0.0,3.0,0.0,1.0
重新,3.0,9.0,0.25,0.75
呢大衣,3.0,0.0,1.0,0.0
中国人民银行,0.0,39.0,0.0,1.0
冲刺,0.0,3.0,0.0,1.0
开幕辞,0.0,3.0,0.0,1.0
魅力,0.0,9.0,0.0,1.0
魔,0.0,6.0,0.0,1.0
举行,0.0,72.0,0.0,1.0
800,0.0,6.0,0.0,1.0
评价,0.0,9.0,0.0,1.0
继,0.0,3.0,0.0,1.0
飘,0.0,3.0,0.0,1.0
五,0.0,12.0,0.0,1.0
亲历,0.0,3.0,0.0,1.0
那天,3.0,0.0,1.0,0.0
70,0.0,6.0,0.0,1.0
一幅,0.0,6.0,0.0,1.0
稳,0.0,3.0,0.0,1.0
最,6.0,27.0,0.18181818181818182,0.8181818181818182
紧握,0.0,3.0,0.0,1.0
顶尖,0.0,6.0,0.0,1.0
陈婷,0.0,3.0,0.0,1.0
随着,3.0,6.0,0.3333333333333333,0.6666666666666666
保证,0.0,12.0,0.0,1.0
入云,0.0,3.0,0.0,1.0
http,0.0,72.0,0.0,1.0
勇攀高峰,0.0,3.0,0.0,1.0
要求,0.0,3.0,0.0,1.0
暨,0.0,12.0,0.0,1.0
史熠,0.0,9.0,0.0,1.0
要,9.0,45.0,0.16666666666666666,0.8333333333333334
但凡,0.0,3.0,0.0,1.0
区段,0.0,6.0,0.0,1.0
打响,0.0,3.0,0.0,1.0
急缺,0.0,3.0,0.0,1.0
超级,3.0,3.0,0.5,0.5
并荣升,0.0,3.0,0.0,1.0
远,0.0,3.0,0.0,1.0
data,0.0,3.0,0.0,1.0
一段,0.0,6.0,0.0,1.0
无形资产,0.0,3.0,0.0,1.0
颐养,0.0,15.0,0.0,1.0
宜业,0.0,3.0,0.0,1.0
快递,0.0,9.0,0.0,1.0
工程,0.0,6.0,0.0,1.0
楼,12.0,18.0,0.4,0.6
通过,3.0,54.0,0.05263157894736842,0.9473684210526315
意外,0.0,3.0,0.0,1.0
总经理,0.0,27.0,0.0,1.0
毅然,3.0,0.0,1.0,0.0
生成,0.0,3.0,0.0,1.0
领域,0.0,48.0,0.0,1.0
时节,0.0,3.0,0.0,1.0
热点问题,0.0,3.0,0.0,1.0
者,0.0,3.0,0.0,1.0
说道,0.0,3.0,0.0,1.0
通讯员,2.0,6.0,0.25,0.75
海外,0.0,15.0,0.0,1.0
组团,0.0,3.0,0.0,1.0
提前,0.0,3.0,0.0,1.0
54,0.0,6.0,0.0,1.0
多样化,0.0,3.0,0.0,1.0
风险管理,0.0,3.0,0.0,1.0
imgcdn,0.0,6.0,0.0,1.0
第一批,0.0,3.0,0.0,1.0
突出贡献,0.0,3.0,0.0,1.0
临时,3.0,0.0,1.0,0.0
深入探讨,0.0,6.0,0.0,1.0
208,0.0,3.0,0.0,1.0
王志彦,0.0,3.0,0.0,1.0
风格,0.0,3.0,0.0,1.0
普通,3.0,0.0,1.0,0.0
以来,0.0,15.0,0.0,1.0
永泰,0.0,6.0,0.0,1.0
法规,0.0,3.0,0.0,1.0
跨国公司,0.0,18.0,0.0,1.0
行色,0.0,3.0,0.0,1.0
雨伞,0.0,30.0,0.0,1.0
功能,0.0,39.0,0.0,1.0
生态型,0.0,3.0,0.0,1.0
公共设施,0.0,3.0,0.0,1.0
医疗,0.0,9.0,0.0,1.0
未经,0.0,3.0,0.0,1.0
怕,3.0,0.0,1.0,0.0
商品,0.0,3.0,0.0,1.0
注资,0.0,3.0,0.0,1.0
富邦华,0.0,3.0,0.0,1.0
交行,0.0,3.0,0.0,1.0
后滩,0.0,3.0,0.0,1.0
簇拥,0.0,3.0,0.0,1.0
相结合,0.0,6.0,0.0,1.0
杨建正,0.0,3.0,0.0,1.0
另外,3.0,0.0,1.0,0.0
继续,0.0,12.0,0.0,1.0
友谊赛,0.0,3.0,0.0,1.0
夯实,0.0,6.0,0.0,1.0
打通,0.0,3.0,0.0,1.0
十年,0.0,21.0,0.0,1.0
有望,0.0,6.0,0.0,1.0
高楼,9.0,30.0,0.23076923076923078,0.7692307692307693
展出,6.0,3.0,0.6666666666666666,0.3333333333333333
集体,0.0,6.0,0.0,1.0
单一,0.0,3.0,0.0,1.0
党委委员,0.0,3.0,0.0,1.0
资金,0.0,27.0,0.0,1.0
股价,0.0,3.0,0.0,1.0
宽容,0.0,3.0,0.0,1.0
综合,6.0,36.0,0.14285714285714285,0.8571428571428571
热烈祝贺,0.0,6.0,0.0,1.0
为何,0.0,3.0,0.0,1.0
铺设,0.0,3.0,0.0,1.0
电影学院,0.0,6.0,0.0,1.0
注册,0.0,15.0,0.0,1.0
竞争,0.0,6.0,0.0,1.0
截至,3.0,27.0,0.1,0.9
硬,0.0,3.0,0.0,1.0
范仲淹,0.0,6.0,0.0,1.0
目前,3.0,78.0,0.037037037037037035,0.9629629629629629
查阅,0.0,3.0,0.0,1.0
说,3.0,12.0,0.2,0.8
低碳,0.0,3.0,0.0,1.0
表现,0.0,6.0,0.0,1.0
拼盘,0.0,3.0,0.0,1.0
持有,6.0,19.0,0.24,0.76
2014,0.0,24.0,0.0,1.0
进驻,3.0,3.0,0.5,0.5
具体操作,0.0,3.0,0.0,1.0
该局,0.0,3.0,0.0,1.0
这部分,0.0,3.0,0.0,1.0
所写,0.0,3.0,0.0,1.0
语境,0.0,3.0,0.0,1.0
扭亏为盈,0.0,3.0,0.0,1.0
亲临,0.0,3.0,0.0,1.0
城市交通,0.0,3.0,0.0,1.0
募资,0.0,9.0,0.0,1.0
站,9.0,42.0,0.17647058823529413,0.8235294117647058
坚实,0.0,3.0,0.0,1.0
年报,0.0,15.0,0.0,1.0
工地,0.0,3.0,0.0,1.0
胃,3.0,0.0,1.0,0.0
咖们,0.0,3.0,0.0,1.0
争取,0.0,3.0,0.0,1.0
要素,0.0,12.0,0.0,1.0
服务设施,0.0,3.0,0.0,1.0
D,0.0,3.0,0.0,1.0
东航,0.0,6.0,0.0,1.0
沿,0.0,3.0,0.0,1.0
发布会,0.0,9.0,0.0,1.0
IFC,3.0,0.0,1.0,0.0
理事长,0.0,6.0,0.0,1.0
性,0.0,6.0,0.0,1.0
回应,0.0,9.0,0.0,1.0
实力,0.0,18.0,0.0,1.0
三类,0.0,6.0,0.0,1.0
多元,0.0,3.0,0.0,1.0
升级,0.0,3.0,0.0,1.0
拉扯,3.0,0.0,1.0,0.0
谈起,0.0,3.0,0.0,1.0
了解,0.0,45.0,0.0,1.0
下转,0.0,3.0,0.0,1.0
塔,3.0,3.0,0.5,0.5
按照,0.0,9.0,0.0,1.0
考试,0.0,3.0,0.0,1.0
首个,0.0,42.0,0.0,1.0
三至,0.0,1.0,0.0,1.0
咽,3.0,0.0,1.0,0.0
表彰,0.0,6.0,0.0,1.0
城管,0.0,18.0,0.0,1.0
董事,0.0,18.0,0.0,1.0
分中心,0.0,3.0,0.0,1.0
末,3.0,0.0,1.0,0.0
功能性,0.0,9.0,0.0,1.0
全力,0.0,9.0,0.0,1.0
晚间,0.0,9.0,0.0,1.0
名,0.0,12.0,0.0,1.0
高科技产品,0.0,3.0,0.0,1.0
109.87,0.0,3.0,0.0,1.0
抓取,0.0,3.0,0.0,1.0
国资委,0.0,9.0,0.0,1.0
当年,0.0,3.0,0.0,1.0
撤消,3.0,0.0,1.0,0.0
过,6.0,6.0,0.5,0.5
颁奖,0.0,3.0,0.0,1.0
450,3.0,0.0,1.0,0.0
副,0.0,45.0,0.0,1.0
双子楼,3.0,0.0,1.0,0.0
文正公,0.0,3.0,0.0,1.0
2163.7,0.0,3.0,0.0,1.0
挤到,3.0,0.0,1.0,0.0
200.1,0.0,3.0,0.0,1.0
被称作,0.0,3.0,0.0,1.0
一致,0.0,3.0,0.0,1.0
国际航运,0.0,15.0,0.0,1.0
2220,0.0,12.0,0.0,1.0
容错过,0.0,3.0,0.0,1.0
去向,0.0,3.0,0.0,1.0
予以,0.0,6.0,0.0,1.0
最高,3.0,6.0,0.3333333333333333,0.6666666666666666
展开,0.0,6.0,0.0,1.0
吴善阳,0.0,3.0,0.0,1.0
中央银行,0.0,3.0,0.0,1.0
学生,0.0,3.0,0.0,1.0
上海证券交易所,3.0,12.0,0.2,0.8
东方航空,0.0,3.0,0.0,1.0
乘着,3.0,0.0,1.0,0.0
漪,0.0,3.0,0.0,1.0
山村,3.0,0.0,1.0,0.0
既,0.0,3.0,0.0,1.0
沪,0.0,12.0,0.0,1.0
监控,0.0,6.0,0.0,1.0
金融区,0.0,3.0,0.0,1.0
f4c1,0.0,3.0,0.0,1.0
快手,3.0,0.0,1.0,0.0
三张,0.0,3.0,0.0,1.0
违反,0.0,3.0,0.0,1.0
孙云,2.0,0.0,1.0,0.0
院,0.0,18.0,0.0,1.0
配套,0.0,12.0,0.0,1.0
白天,3.0,0.0,1.0,0.0
难题,0.0,6.0,0.0,1.0
~,0.0,3.0,0.0,1.0
创新性,0.0,3.0,0.0,1.0
ATM,0.0,3.0,0.0,1.0
距离,6.0,3.0,0.6666666666666666,0.3333333333333333
哪怕,0.0,3.0,0.0,1.0
为了,3.0,18.0,0.14285714285714285,0.8571428571428571
16,0.0,15.0,0.0,1.0
属地,0.0,3.0,0.0,1.0
一页,3.0,0.0,1.0,0.0
专业化,0.0,6.0,0.0,1.0
避免,0.0,6.0,0.0,1.0
紧扣,0.0,3.0,0.0,1.0
清流,3.0,0.0,1.0,0.0
事后,0.0,9.0,0.0,1.0
成员名单,0.0,3.0,0.0,1.0
陆家嘴,191.0,2454.0,0.0722117202268431,0.9277882797731569
招兵买马,0.0,3.0,0.0,1.0
潜伏,0.0,3.0,0.0,1.0
目标,0.0,9.0,0.0,1.0
靠,0.0,9.0,0.0,1.0
并,0.0,75.0,0.0,1.0
用,0.0,3.0,0.0,1.0
半年度,0.0,18.0,0.0,1.0
717,0.0,3.0,0.0,1.0
空置率,0.0,3.0,0.0,1.0
价值链,0.0,6.0,0.0,1.0
香港,0.0,6.0,0.0,1.0
·,0.0,33.0,0.0,1.0
登陆,0.0,12.0,0.0,1.0
001,3.0,0.0,1.0,0.0
服务处,0.0,9.0,0.0,1.0
共议,0.0,3.0,0.0,1.0
七月,0.0,3.0,0.0,1.0
官方网站,0.0,3.0,0.0,1.0
19,0.0,12.0,0.0,1.0
接棒,0.0,3.0,0.0,1.0
商界,0.0,6.0,0.0,1.0
职责,0.0,3.0,0.0,1.0
2.5,0.0,6.0,0.0,1.0
|,0.0,12.0,0.0,1.0
可疑,0.0,3.0,0.0,1.0
推介会,0.0,6.0,0.0,1.0
记者,5.0,174.0,0.027932960893854747,0.9720670391061452
完美,0.0,3.0,0.0,1.0
指出,0.0,9.0,0.0,1.0
路口,0.0,6.0,0.0,1.0
梅隆,0.0,3.0,0.0,1.0
全世界,0.0,3.0,0.0,1.0
之一,0.0,33.0,0.0,1.0
受邀,0.0,3.0,0.0,1.0
高看,0.0,3.0,0.0,1.0
爱,3.0,3.0,0.5,0.5
1cc0458813b028e5,0.0,3.0,0.0,1.0
主体,0.0,6.0,0.0,1.0
国际象棋,0.0,3.0,0.0,1.0
uploads,0.0,6.0,0.0,1.0
名副其实,0.0,3.0,0.0,1.0
造成,0.0,9.0,0.0,1.0
容纳,0.0,6.0,0.0,1.0
砖,0.0,3.0,0.0,1.0
招银,0.0,3.0,0.0,1.0
金融贸易,0.0,6.0,0.0,1.0
中心区,0.0,9.0,0.0,1.0
围合,0.0,3.0,0.0,1.0
1.7,0.0,3.0,0.0,1.0
扎根,0.0,3.0,0.0,1.0
金角,6.0,0.0,1.0,0.0
831,0.0,3.0,0.0,1.0
职位,0.0,3.0,0.0,1.0
发展史,3.0,6.0,0.3333333333333333,0.6666666666666666
迄今已,0.0,3.0,0.0,1.0
黑暗,3.0,0.0,1.0,0.0
杭迎伟,0.0,3.0,0.0,1.0
潜力,0.0,6.0,0.0,1.0
联勤,0.0,3.0,0.0,1.0
回家,0.0,3.0,0.0,1.0
多点,0.0,3.0,0.0,1.0
光环,3.0,0.0,1.0,0.0
稳中求进,0.0,3.0,0.0,1.0
湖海,3.0,0.0,1.0,0.0
业内,0.0,6.0,0.0,1.0
第一枪,0.0,3.0,0.0,1.0
人才,0.0,114.0,0.0,1.0
dm,0.0,3.0,0.0,1.0
清算,0.0,6.0,0.0,1.0
闭环,0.0,3.0,0.0,1.0
诉苦,3.0,0.0,1.0,0.0
颇,0.0,6.0,0.0,1.0
们,18.0,18.0,0.5,0.5
欢迎词,0.0,3.0,0.0,1.0
入主,0.0,6.0,0.0,1.0
龙湖,0.0,3.0,0.0,1.0
人满,3.0,0.0,1.0,0.0
有三多,0.0,3.0,0.0,1.0
味儿,0.0,3.0,0.0,1.0
传统,0.0,6.0,0.0,1.0
等等,3.0,0.0,1.0,0.0
一把手,0.0,3.0,0.0,1.0
创新型,0.0,3.0,0.0,1.0
流入,0.0,6.0,0.0,1.0
营收,0.0,9.0,0.0,1.0
楼高,0.0,9.0,0.0,1.0
一家,3.0,9.0,0.25,0.75
非常高兴,0.0,3.0,0.0,1.0
；,15.0,90.0,0.14285714285714285,0.8571428571428571
不足,0.0,3.0,0.0,1.0
安居,0.0,3.0,0.0,1.0
君,3.0,0.0,1.0,0.0
摩天,3.0,3.0,0.5,0.5
09,0.0,6.0,0.0,1.0
窗口,0.0,3.0,0.0,1.0
已经,9.0,48.0,0.15789473684210525,0.8421052631578947
著名,3.0,3.0,0.5,0.5
信达风,0.0,3.0,0.0,1.0
小型,0.0,9.0,0.0,1.0
爱建,0.0,12.0,0.0,1.0
参差,0.0,3.0,0.0,1.0
停车场,3.0,0.0,1.0,0.0
三件套,0.0,3.0,0.0,1.0
宜居,0.0,3.0,0.0,1.0
现实,0.0,3.0,0.0,1.0
85f9f3492082ea400ab90908e32a594e,0.0,3.0,0.0,1.0
高金,0.0,3.0,0.0,1.0
内能,3.0,0.0,1.0,0.0
诸多,0.0,3.0,0.0,1.0
不确定性,0.0,12.0,0.0,1.0
北京,0.0,15.0,0.0,1.0
磕磕绊绊,3.0,0.0,1.0,0.0
惠州,0.0,3.0,0.0,1.0
%,0.0,124.0,0.0,1.0
共同,3.0,102.0,0.02857142857142857,0.9714285714285714
好,0.0,9.0,0.0,1.0
一听,0.0,3.0,0.0,1.0
杨臻,0.0,3.0,0.0,1.0
财务,0.0,3.0,0.0,1.0
供应链,0.0,3.0,0.0,1.0
37,0.0,3.0,0.0,1.0
地为,0.0,6.0,0.0,1.0
高,0.0,15.0,0.0,1.0
履行,0.0,3.0,0.0,1.0
从此,0.0,3.0,0.0,1.0
院长,0.0,15.0,0.0,1.0
荣誉,0.0,3.0,0.0,1.0
逐步,3.0,6.0,0.3333333333333333,0.6666666666666666
更加,0.0,18.0,0.0,1.0
确立,0.0,3.0,0.0,1.0
而望,0.0,3.0,0.0,1.0
拉面,3.0,0.0,1.0,0.0
防范,0.0,27.0,0.0,1.0
效应,0.0,9.0,0.0,1.0
星阁,0.0,3.0,0.0,1.0
工行,0.0,3.0,0.0,1.0
营造,0.0,9.0,0.0,1.0
贝,0.0,9.0,0.0,1.0
产城,0.0,6.0,0.0,1.0
贡献率,0.0,9.0,0.0,1.0
齐聚一堂,0.0,3.0,0.0,1.0
辐射,0.0,12.0,0.0,1.0
自治,0.0,6.0,0.0,1.0
控制,0.0,6.0,0.0,1.0
上班族,3.0,3.0,0.5,0.5
地标,0.0,9.0,0.0,1.0
过去,15.0,0.0,1.0,0.0
xmwbusa,0.0,6.0,0.0,1.0
邓家,0.0,3.0,0.0,1.0
混迹,0.0,3.0,0.0,1.0
一位,3.0,0.0,1.0,0.0
女性,0.0,3.0,0.0,1.0
颐,0.0,3.0,0.0,1.0
具有,0.0,30.0,0.0,1.0
启用,0.0,12.0,0.0,1.0
上海交通大学,0.0,6.0,0.0,1.0
释放,0.0,36.0,0.0,1.0
核准,0.0,12.0,0.0,1.0
温哥华,0.0,6.0,0.0,1.0
一旦,0.0,3.0,0.0,1.0
平,0.0,3.0,0.0,1.0
结论,0.0,3.0,0.0,1.0
带动,0.0,6.0,0.0,1.0
先,3.0,0.0,1.0,0.0
区位,0.0,6.0,0.0,1.0
大中型,0.0,3.0,0.0,1.0
下滑,0.0,3.0,0.0,1.0
红,0.0,3.0,0.0,1.0
逐一,0.0,3.0,0.0,1.0
百年,0.0,3.0,0.0,1.0
市容,3.0,0.0,1.0,0.0
想要,0.0,3.0,0.0,1.0
举办地,0.0,3.0,0.0,1.0
取得,0.0,12.0,0.0,1.0
新闻,0.0,45.0,0.0,1.0
2009,0.0,6.0,0.0,1.0
不会,3.0,3.0,0.5,0.5
蕴藏,0.0,3.0,0.0,1.0
21,0.0,48.0,0.0,1.0
捐赠,0.0,3.0,0.0,1.0
和品,0.0,3.0,0.0,1.0
新款,3.0,0.0,1.0,0.0
大,6.0,51.0,0.10526315789473684,0.8947368421052632
4f1d,0.0,3.0,0.0,1.0
陆兵,0.0,3.0,0.0,1.0
声,3.0,0.0,1.0,0.0
对于,0.0,21.0,0.0,1.0
595c5333b0feb,0.0,3.0,0.0,1.0
利好,0.0,9.0,0.0,1.0
出台,0.0,6.0,0.0,1.0
出任,0.0,3.0,0.0,1.0
A08b005,0.0,3.0,0.0,1.0
传媒,0.0,3.0,0.0,1.0
掌门人,0.0,12.0,0.0,1.0
在于,0.0,3.0,0.0,1.0
日趋,0.0,3.0,0.0,1.0
小屋,0.0,18.0,0.0,1.0
大会,0.0,27.0,0.0,1.0
9,0.0,9.0,0.0,1.0
（,14.0,225.0,0.058577405857740586,0.9414225941422594
位于,3.0,42.0,0.06666666666666667,0.9333333333333333
现象,0.0,6.0,0.0,1.0
活力,0.0,6.0,0.0,1.0
咖啡吧,0.0,3.0,0.0,1.0
EsVu,0.0,3.0,0.0,1.0
寸草春晖,0.0,3.0,0.0,1.0
东京,0.0,3.0,0.0,1.0
法定代表,0.0,3.0,0.0,1.0
项目,0.0,135.0,0.0,1.0
型,0.0,18.0,0.0,1.0
长者,0.0,6.0,0.0,1.0
研究,3.0,12.0,0.2,0.8
加上,0.0,6.0,0.0,1.0
GMAC,0.0,3.0,0.0,1.0
比肩,0.0,3.0,0.0,1.0
人士,0.0,12.0,0.0,1.0
排摸,0.0,6.0,0.0,1.0
transform,0.0,6.0,0.0,1.0
体制,0.0,3.0,0.0,1.0
急,0.0,3.0,0.0,1.0
至今,0.0,9.0,0.0,1.0
致力,0.0,3.0,0.0,1.0
之巅,0.0,3.0,0.0,1.0
并重,0.0,3.0,0.0,1.0
三大,0.0,9.0,0.0,1.0
QDLP,0.0,6.0,0.0,1.0
大陆,3.0,0.0,1.0,0.0
瑞银,0.0,6.0,0.0,1.0
摄影,0.0,3.0,0.0,1.0
成长,3.0,9.0,0.25,0.75
部署,0.0,6.0,0.0,1.0
各界,0.0,6.0,0.0,1.0
Input,0.0,3.0,0.0,1.0
许旻,0.0,3.0,0.0,1.0
副局长,0.0,15.0,0.0,1.0
理论家,0.0,3.0,0.0,1.0
内资,0.0,9.0,0.0,1.0
各大,0.0,6.0,0.0,1.0
参加,0.0,39.0,0.0,1.0
老人,0.0,18.0,0.0,1.0
中证网,0.0,9.0,0.0,1.0
现场,3.0,9.0,0.25,0.75
应,0.0,6.0,0.0,1.0
003,3.0,3.0,0.5,0.5
团险,0.0,3.0,0.0,1.0
发展潜力,0.0,3.0,0.0,1.0
差,0.0,9.0,0.0,1.0
承诺,0.0,3.0,0.0,1.0
融资,0.0,111.0,0.0,1.0
飞逝,0.0,3.0,0.0,1.0
黄一帆,0.0,3.0,0.0,1.0
老板,9.0,0.0,1.0,0.0
注册资本,0.0,3.0,0.0,1.0
更要,0.0,3.0,0.0,1.0
时光荏苒,0.0,3.0,0.0,1.0
正大,3.0,0.0,1.0,0.0
触,0.0,3.0,0.0,1.0
183,0.0,3.0,0.0,1.0
之前,3.0,0.0,1.0,0.0
人性,0.0,3.0,0.0,1.0
身影,3.0,0.0,1.0,0.0
党员,6.0,0.0,1.0,0.0
空置,0.0,6.0,0.0,1.0
深远,0.0,3.0,0.0,1.0
点击,0.0,12.0,0.0,1.0
221,3.0,0.0,1.0,0.0
均,0.0,12.0,0.0,1.0
刘歆,0.0,3.0,0.0,1.0
猛增,0.0,3.0,0.0,1.0
跑步,0.0,6.0,0.0,1.0
点融,0.0,3.0,0.0,1.0
回忆,0.0,3.0,0.0,1.0
成功,0.0,18.0,0.0,1.0
三城,0.0,19.0,0.0,1.0
代码,0.0,3.0,0.0,1.0
必将,0.0,3.0,0.0,1.0
电商,0.0,3.0,0.0,1.0
海协,0.0,9.0,0.0,1.0
本,0.0,9.0,0.0,1.0
各方,0.0,3.0,0.0,1.0
道,15.0,18.0,0.45454545454545453,0.5454545454545454
落户,0.0,75.0,0.0,1.0
影响力,0.0,21.0,0.0,1.0
五大,0.0,3.0,0.0,1.0
搭建,0.0,18.0,0.0,1.0
原居,0.0,3.0,0.0,1.0
PE31,0.0,3.0,0.0,1.0
照护,0.0,27.0,0.0,1.0
今天上午,0.0,3.0,0.0,1.0
因素,0.0,9.0,0.0,1.0
制表,0.0,3.0,0.0,1.0
更为,0.0,3.0,0.0,1.0
熊和师,0.0,3.0,0.0,1.0
颁授,0.0,3.0,0.0,1.0
净值,0.0,3.0,0.0,1.0
基数,0.0,6.0,0.0,1.0
新华,0.0,3.0,0.0,1.0
懂,0.0,3.0,0.0,1.0
白领,12.0,33.0,0.26666666666666666,0.7333333333333333
5b6302a0fb82c28c90a48e2f68,0.0,3.0,0.0,1.0
那些,0.0,12.0,0.0,1.0
能力,0.0,15.0,0.0,1.0
600895,0.0,3.0,0.0,1.0
实习生,0.0,3.0,0.0,1.0
出新,0.0,6.0,0.0,1.0
浦城路,0.0,3.0,0.0,1.0
仅,0.0,3.0,0.0,1.0
articles,0.0,3.0,0.0,1.0
规划者,0.0,3.0,0.0,1.0
扎紧,0.0,3.0,0.0,1.0
14,0.0,3.0,0.0,1.0
信贷,0.0,12.0,0.0,1.0
具,0.0,3.0,0.0,1.0
汽车,0.0,12.0,0.0,1.0
设备,0.0,3.0,0.0,1.0
利用,0.0,12.0,0.0,1.0
增资,0.0,6.0,0.0,1.0
制定,0.0,9.0,0.0,1.0
不但,6.0,3.0,0.6666666666666666,0.3333333333333333
定义,0.0,6.0,0.0,1.0
强有力,0.0,3.0,0.0,1.0
面值,0.0,3.0,0.0,1.0
路,3.0,15.0,0.16666666666666666,0.8333333333333334
能否,0.0,3.0,0.0,1.0
提出,0.0,12.0,0.0,1.0
完善,0.0,21.0,0.0,1.0
才,3.0,6.0,0.3333333333333333,0.6666666666666666
n,0.0,6.0,0.0,1.0
向,3.0,36.0,0.07692307692307693,0.9230769230769231
上午,0.0,3.0,0.0,1.0
开业,0.0,12.0,0.0,1.0
每日,0.0,18.0,0.0,1.0
关于,0.0,6.0,0.0,1.0
收购,3.0,21.0,0.125,0.875
前,0.0,36.0,0.0,1.0
东昌,0.0,12.0,0.0,1.0
存在,0.0,9.0,0.0,1.0
从前,6.0,0.0,1.0,0.0
上市公司,0.0,24.0,0.0,1.0
狮门,0.0,6.0,0.0,1.0
曲折,0.0,3.0,0.0,1.0
显著,0.0,3.0,0.0,1.0
PART,0.0,6.0,0.0,1.0
东方明珠,12.0,6.0,0.6666666666666666,0.3333333333333333
宏观调控,0.0,3.0,0.0,1.0
办事处,0.0,3.0,0.0,1.0
融合,0.0,18.0,0.0,1.0
THREE,0.0,3.0,0.0,1.0
资产,0.0,103.0,0.0,1.0
宝贝,0.0,3.0,0.0,1.0
现代,0.0,18.0,0.0,1.0
推介,0.0,6.0,0.0,1.0
机会,0.0,9.0,0.0,1.0
强调,0.0,9.0,0.0,1.0
同期,0.0,3.0,0.0,1.0
55e784982b9b8c05bd9,0.0,3.0,0.0,1.0
有持,0.0,3.0,0.0,1.0
里面,6.0,3.0,0.6666666666666666,0.3333333333333333
稳步,0.0,6.0,0.0,1.0
三批,0.0,3.0,0.0,1.0
理念,0.0,12.0,0.0,1.0
航运,0.0,171.0,0.0,1.0
张杨,0.0,6.0,0.0,1.0
学者,0.0,3.0,0.0,1.0
省市,0.0,3.0,0.0,1.0
房地产,0.0,22.0,0.0,1.0
排放,0.0,3.0,0.0,1.0
喜爱,0.0,3.0,0.0,1.0
证,0.0,3.0,0.0,1.0
众多,3.0,3.0,0.5,0.5
助力,0.0,15.0,0.0,1.0
突出,0.0,12.0,0.0,1.0
授权,0.0,3.0,0.0,1.0
小时,3.0,9.0,0.25,0.75
因,0.0,6.0,0.0,1.0
华林,0.0,3.0,0.0,1.0
船厂,0.0,3.0,0.0,1.0
地块,0.0,3.0,0.0,1.0
压力,3.0,6.0,0.3333333333333333,0.6666666666666666
3.93,0.0,9.0,0.0,1.0
环,0.0,3.0,0.0,1.0
规划,0.0,27.0,0.0,1.0
商铺,0.0,4.0,0.0,1.0
2015,3.0,24.0,0.1111111111111111,0.8888888888888888
零售,0.0,10.0,0.0,1.0
建交,3.0,0.0,1.0,0.0
渣打银行,3.0,0.0,1.0,0.0
东亚,0.0,3.0,0.0,1.0
636335906738499942,0.0,3.0,0.0,1.0
做出,0.0,3.0,0.0,1.0
组成,0.0,6.0,0.0,1.0
结合,0.0,15.0,0.0,1.0
88,0.0,12.0,0.0,1.0
华瑞,0.0,3.0,0.0,1.0
河庭,0.0,3.0,0.0,1.0
时间,3.0,18.0,0.14285714285714285,0.8571428571428571
全球排名,0.0,6.0,0.0,1.0
轮番,3.0,0.0,1.0,0.0
麦坚时,0.0,3.0,0.0,1.0
方面,0.0,42.0,0.0,1.0
雅韵,0.0,12.0,0.0,1.0
契机,0.0,6.0,0.0,1.0
新浪,0.0,3.0,0.0,1.0
身后,6.0,0.0,1.0,0.0
德意志银行,0.0,3.0,0.0,1.0
信息中心,0.0,6.0,0.0,1.0
收入,0.0,43.0,0.0,1.0
坐落,0.0,3.0,0.0,1.0
经营,0.0,27.0,0.0,1.0
接任,0.0,6.0,0.0,1.0
理想,3.0,0.0,1.0,0.0
汇亚,3.0,0.0,1.0,0.0
上演,3.0,0.0,1.0,0.0
468,0.0,3.0,0.0,1.0
银行,0.0,30.0,0.0,1.0
所得,0.0,3.0,0.0,1.0
七巧板,0.0,3.0,0.0,1.0
匮乏,0.0,3.0,0.0,1.0
需待,0.0,3.0,0.0,1.0
两千,0.0,3.0,0.0,1.0
进入,3.0,42.0,0.06666666666666667,0.9333333333333333
诞生,0.0,3.0,0.0,1.0
部门,0.0,21.0,0.0,1.0
优,0.0,3.0,0.0,1.0
大通,0.0,3.0,0.0,1.0
个性化,0.0,3.0,0.0,1.0
20,3.0,129.0,0.022727272727272728,0.9772727272727273
前十中,0.0,3.0,0.0,1.0
日前,0.0,12.0,0.0,1.0
比,0.0,3.0,0.0,1.0
地产,0.0,69.0,0.0,1.0
摊薄,0.0,3.0,0.0,1.0
遭,0.0,3.0,0.0,1.0
有限公司,0.0,129.0,0.0,1.0
改善,0.0,6.0,0.0,1.0
切入口,0.0,6.0,0.0,1.0
音响,0.0,3.0,0.0,1.0
人才需求,0.0,9.0,0.0,1.0
五名,0.0,3.0,0.0,1.0
静,0.0,3.0,0.0,1.0
前滩,0.0,36.0,0.0,1.0
一件,3.0,3.0,0.5,0.5
纽约,0.0,9.0,0.0,1.0
eeo,0.0,3.0,0.0,1.0
任,0.0,3.0,0.0,1.0
监测,0.0,27.0,0.0,1.0
２,3.0,0.0,1.0,0.0
学术,0.0,12.0,0.0,1.0
个,6.0,45.0,0.11764705882352941,0.8823529411764706
赋能,0.0,15.0,0.0,1.0
用地,0.0,3.0,0.0,1.0
〇,0.0,3.0,0.0,1.0
获资教,0.0,3.0,0.0,1.0
首任,0.0,6.0,0.0,1.0
image,0.0,9.0,0.0,1.0
地区,3.0,63.0,0.045454545454545456,0.9545454545454546
全新,0.0,3.0,0.0,1.0
凌晨,3.0,0.0,1.0,0.0
BBS,0.0,3.0,0.0,1.0
男主角,0.0,3.0,0.0,1.0
浦东南路,0.0,6.0,0.0,1.0
这项,0.0,3.0,0.0,1.0
集团,3.0,109.0,0.026785714285714284,0.9732142857142857
自由,0.0,6.0,0.0,1.0
评估,0.0,6.0,0.0,1.0
三条,0.0,9.0,0.0,1.0
董事长,0.0,126.0,0.0,1.0
奖,0.0,24.0,0.0,1.0
依水而生,0.0,3.0,0.0,1.0
不仅,0.0,12.0,0.0,1.0
pngdata,0.0,3.0,0.0,1.0
一条,3.0,3.0,0.5,0.5
庞大,0.0,3.0,0.0,1.0
新闻记者,0.0,12.0,0.0,1.0
路段,0.0,3.0,0.0,1.0
周,0.0,6.0,0.0,1.0
业内人士,0.0,3.0,0.0,1.0
毛,3.0,0.0,1.0,0.0
大学,0.0,3.0,0.0,1.0
广州,0.0,9.0,0.0,1.0
18.2,0.0,3.0,0.0,1.0
积极探索,0.0,6.0,0.0,1.0
焦瑾璞,0.0,3.0,0.0,1.0
新机遇,0.0,3.0,0.0,1.0
刘海,0.0,3.0,0.0,1.0
日于,0.0,3.0,0.0,1.0
热,0.0,3.0,0.0,1.0
徐璟,0.0,6.0,0.0,1.0
艺术,3.0,12.0,0.2,0.8
上周,0.0,3.0,0.0,1.0
应急,3.0,0.0,1.0,0.0
第一期,0.0,3.0,0.0,1.0
延展,0.0,3.0,0.0,1.0
题,3.0,0.0,1.0,0.0
资源,0.0,24.0,0.0,1.0
之后,6.0,18.0,0.25,0.75
查看,0.0,21.0,0.0,1.0
资管,0.0,63.0,0.0,1.0
-,3.0,99.0,0.029411764705882353,0.9705882352941176
强化,0.0,3.0,0.0,1.0
着力,0.0,3.0,0.0,1.0
指数,0.0,3.0,0.0,1.0
倍,0.0,12.0,0.0,1.0
第一个,3.0,0.0,1.0,0.0
河南,0.0,6.0,0.0,1.0
友人,0.0,3.0,0.0,1.0
耕耘,0.0,3.0,0.0,1.0
晨报讯,0.0,3.0,0.0,1.0
欢迎辞,0.0,3.0,0.0,1.0
可谓,0.0,12.0,0.0,1.0
学会,3.0,3.0,0.5,0.5
证券网,0.0,6.0,0.0,1.0
开创,0.0,3.0,0.0,1.0
事迹,0.0,3.0,0.0,1.0
块钱,3.0,0.0,1.0,0.0
而且,3.0,0.0,1.0,0.0
怎样,0.0,3.0,0.0,1.0
代表,3.0,39.0,0.07142857142857142,0.9285714285714286
包括,3.0,27.0,0.1,0.9
国金,6.0,3.0,0.6666666666666666,0.3333333333333333
手工艺,0.0,3.0,0.0,1.0
八家,0.0,3.0,0.0,1.0
采用,0.0,6.0,0.0,1.0
高水平,0.0,3.0,0.0,1.0
鉴于,0.0,6.0,0.0,1.0
散步,0.0,6.0,0.0,1.0
律,0.0,3.0,0.0,1.0
黄洪,0.0,9.0,0.0,1.0
服务中心,0.0,3.0,0.0,1.0
本地,0.0,3.0,0.0,1.0
郑东新,0.0,3.0,0.0,1.0
即将,0.0,45.0,0.0,1.0
应运而生,0.0,3.0,0.0,1.0
依据,0.0,6.0,0.0,1.0
未,0.0,9.0,0.0,1.0
战术,0.0,3.0,0.0,1.0
金色,0.0,15.0,0.0,1.0
尾盘,0.0,3.0,0.0,1.0
高管,3.0,3.0,0.5,0.5
580,0.0,3.0,0.0,1.0
商城,0.0,6.0,0.0,1.0
人们,6.0,3.0,0.6666666666666666,0.3333333333333333
区长,0.0,3.0,0.0,1.0
左右,0.0,3.0,0.0,1.0
波则,0.0,3.0,0.0,1.0
47,0.0,9.0,0.0,1.0
突破,0.0,3.0,0.0,1.0
第,0.0,12.0,0.0,1.0
本次,3.0,21.0,0.125,0.875
运营官,0.0,3.0,0.0,1.0
金融中心,12.0,120.0,0.09090909090909091,0.9090909090909091
诚信,0.0,3.0,0.0,1.0
地震,0.0,6.0,0.0,1.0
孔子,0.0,3.0,0.0,1.0
BOSS,0.0,3.0,0.0,1.0
文化传媒,0.0,3.0,0.0,1.0
书画,3.0,0.0,1.0,0.0
李晓明,0.0,3.0,0.0,1.0
公司,6.0,190.0,0.030612244897959183,0.9693877551020408
以北,0.0,3.0,0.0,1.0
无,0.0,6.0,0.0,1.0
住宅,0.0,15.0,0.0,1.0
出来,6.0,0.0,1.0,0.0
两张,0.0,3.0,0.0,1.0
finance,0.0,6.0,0.0,1.0
务实,0.0,3.0,0.0,1.0
税务总局,0.0,3.0,0.0,1.0
保障,0.0,12.0,0.0,1.0
满意度,0.0,3.0,0.0,1.0
光辉,3.0,0.0,1.0,0.0
合并,0.0,3.0,0.0,1.0
前十,0.0,9.0,0.0,1.0
共生,0.0,3.0,0.0,1.0
度,0.0,12.0,0.0,1.0
纽银梅隆,0.0,3.0,0.0,1.0
亿多元,0.0,3.0,0.0,1.0
红线,0.0,6.0,0.0,1.0
需要,3.0,15.0,0.16666666666666666,0.8333333333333334
合作,0.0,57.0,0.0,1.0
重现,0.0,3.0,0.0,1.0
深圳,0.0,3.0,0.0,1.0
期内,0.0,3.0,0.0,1.0
策略,0.0,9.0,0.0,1.0
各项,0.0,15.0,0.0,1.0
g,0.0,3.0,0.0,1.0
块,3.0,3.0,0.5,0.5
探索,0.0,45.0,0.0,1.0
图,0.0,3.0,0.0,1.0
