日,162.0,291.0,0.3576158940397351,0.6423841059602649
李欣,6.0,0.0,1.0,0.0
联泰,0.0,3.0,0.0,1.0
860,0.0,6.0,0.0,1.0
网址,0.0,3.0,0.0,1.0
广大,0.0,18.0,0.0,1.0
双汇发展,3.0,0.0,1.0,0.0
沪市,9.0,0.0,1.0,0.0
一点,0.0,12.0,0.0,1.0
何时,0.0,3.0,0.0,1.0
跟进,0.0,9.0,0.0,1.0
天茂,3.0,3.0,0.5,0.5
具体实施,9.0,0.0,1.0,0.0
700,0.0,3.0,0.0,1.0
垂直,0.0,6.0,0.0,1.0
90,6.0,0.0,1.0,0.0
157,3.0,0.0,1.0,0.0
停,0.0,6.0,0.0,1.0
邀请,0.0,18.0,0.0,1.0
迷茫,0.0,6.0,0.0,1.0
交易平台,0.0,51.0,0.0,1.0
恰恰,0.0,3.0,0.0,1.0
同比,33.0,27.0,0.55,0.45
汇,0.0,6.0,0.0,1.0
516,0.0,6.0,0.0,1.0
规则,0.0,3.0,0.0,1.0
大师,0.0,3.0,0.0,1.0
历史背景,0.0,6.0,0.0,1.0
WAP,0.0,6.0,0.0,1.0
财险,3.0,3.0,0.5,0.5
引起,0.0,12.0,0.0,1.0
0,0.0,120.0,0.0,1.0
拓维,0.0,6.0,0.0,1.0
…,0.0,3.0,0.0,1.0
再,0.0,15.0,0.0,1.0
找到,0.0,6.0,0.0,1.0
77.5,9.0,0.0,1.0,0.0
*,12.0,36.0,0.25,0.75
766.38,3.0,0.0,1.0,0.0
文章,0.0,60.0,0.0,1.0
标准,0.0,6.0,0.0,1.0
案例,3.0,0.0,1.0,0.0
浪潮,3.0,0.0,1.0,0.0
光大,0.0,6.0,0.0,1.0
员工,6.0,0.0,1.0,0.0
利益,0.0,27.0,0.0,1.0
列表,0.0,6.0,0.0,1.0
举动,0.0,3.0,0.0,1.0
最后,3.0,3.0,0.5,0.5
坚持,0.0,3.0,0.0,1.0
(,120.0,180.0,0.4,0.6
梳理,3.0,0.0,1.0,0.0
中间,0.0,3.0,0.0,1.0
接入,0.0,45.0,0.0,1.0
开户,0.0,114.0,0.0,1.0
王府井,0.0,3.0,0.0,1.0
合规,0.0,27.0,0.0,1.0
部门,0.0,33.0,0.0,1.0
0987.66,0.0,3.0,0.0,1.0
14.69,3.0,0.0,1.0,0.0
股份,30.0,120.0,0.2,0.8
内容,0.0,21.0,0.0,1.0
灵活,0.0,6.0,0.0,1.0
之中,0.0,3.0,0.0,1.0
出,9.0,6.0,0.6,0.4
自营,0.0,3.0,0.0,1.0
抢夺,0.0,6.0,0.0,1.0
来自,6.0,15.0,0.2857142857142857,0.7142857142857143
越来越,0.0,6.0,0.0,1.0
服务质量,0.0,3.0,0.0,1.0
号楼,0.0,3.0,0.0,1.0
完成,9.0,3.0,0.75,0.25
恨,0.0,3.0,0.0,1.0
杭州市,0.0,6.0,0.0,1.0
步伐,3.0,0.0,1.0,0.0
之后,0.0,18.0,0.0,1.0
年末,0.0,12.0,0.0,1.0
几年,0.0,12.0,0.0,1.0
财务,0.0,9.0,0.0,1.0
绩效,0.0,3.0,0.0,1.0
决裂,0.0,18.0,0.0,1.0
480,3.0,0.0,1.0,0.0
发出,0.0,6.0,0.0,1.0
抛,0.0,6.0,0.0,1.0
png,0.0,75.0,0.0,1.0
好轮动,0.0,3.0,0.0,1.0
7,9.0,237.0,0.036585365853658534,0.9634146341463414
300302,0.0,3.0,0.0,1.0
4.41,0.0,3.0,0.0,1.0
还有,0.0,21.0,0.0,1.0
】,27.0,138.0,0.16363636363636364,0.8363636363636363
对营收,3.0,0.0,1.0,0.0
南方,0.0,12.0,0.0,1.0
条,0.0,3.0,0.0,1.0
数据处理,0.0,6.0,0.0,1.0
2006,0.0,6.0,0.0,1.0
现实情况,0.0,24.0,0.0,1.0
当时,0.0,12.0,0.0,1.0
人气,0.0,3.0,0.0,1.0
单元,0.0,3.0,0.0,1.0
类拟,0.0,3.0,0.0,1.0
+,12.0,18.0,0.4,0.6
编造,0.0,3.0,0.0,1.0
L,0.0,9.0,0.0,1.0
新高,9.0,6.0,0.6,0.4
重心,0.0,3.0,0.0,1.0
带来,0.0,18.0,0.0,1.0
幅度,3.0,3.0,0.5,0.5
如意,0.0,3.0,0.0,1.0
涨幅,9.0,42.0,0.17647058823529413,0.8235294117647058
踊跃,0.0,6.0,0.0,1.0
资金,57.0,33.0,0.6333333333333333,0.36666666666666664
消息,6.0,57.0,0.09523809523809523,0.9047619047619048
601318,3.0,0.0,1.0,0.0
都,0.0,99.0,0.0,1.0
如何,0.0,3.0,0.0,1.0
不止,0.0,3.0,0.0,1.0
不高,0.0,3.0,0.0,1.0
第一位,0.0,6.0,0.0,1.0
8.12,6.0,0.0,1.0,0.0
官网,0.0,15.0,0.0,1.0
81.74,6.0,0.0,1.0,0.0
每期,0.0,12.0,0.0,1.0
002106,0.0,3.0,0.0,1.0
涨停板,0.0,9.0,0.0,1.0
u,0.0,6.0,0.0,1.0
便利性,0.0,6.0,0.0,1.0
永和,3.0,0.0,1.0,0.0
价格,3.0,0.0,1.0,0.0
协信,0.0,3.0,0.0,1.0
观千帆,0.0,3.0,0.0,1.0
回报率,0.0,3.0,0.0,1.0
举办,0.0,15.0,0.0,1.0
创下,6.0,0.0,1.0,0.0
不利,0.0,9.0,0.0,1.0
按,0.0,30.0,0.0,1.0
东方财富网,0.0,3.0,0.0,1.0
交易方式,0.0,18.0,0.0,1.0
无法,0.0,18.0,0.0,1.0
市场,111.0,171.0,0.39361702127659576,0.6063829787234043
核新,0.0,12.0,0.0,1.0
45,6.0,0.0,1.0,0.0
开通,0.0,27.0,0.0,1.0
激荡,0.0,3.0,0.0,1.0
2.5,0.0,6.0,0.0,1.0
意图,0.0,6.0,0.0,1.0
此次,0.0,3.0,0.0,1.0
行动,0.0,3.0,0.0,1.0
增长,48.0,48.0,0.5,0.5
饱和,0.0,6.0,0.0,1.0
往往,0.0,3.0,0.0,1.0
3.74,3.0,0.0,1.0,0.0
同步,0.0,54.0,0.0,1.0
四名,0.0,9.0,0.0,1.0
中国,30.0,105.0,0.2222222222222222,0.7777777777777778
导入,0.0,3.0,0.0,1.0
成长性,0.0,3.0,0.0,1.0
状态,9.0,3.0,0.75,0.25
002450,0.0,3.0,0.0,1.0
考验,0.0,3.0,0.0,1.0
诚邀,0.0,6.0,0.0,1.0
显得,0.0,6.0,0.0,1.0
大额,0.0,18.0,0.0,1.0
池中,0.0,3.0,0.0,1.0
4080.18,6.0,0.0,1.0,0.0
注明,0.0,3.0,0.0,1.0
太保,3.0,3.0,0.5,0.5
态度,9.0,6.0,0.6,0.4
意味着,0.0,9.0,0.0,1.0
看多,6.0,0.0,1.0,0.0
翻番,3.0,3.0,0.5,0.5
上将,0.0,33.0,0.0,1.0
当其,0.0,3.0,0.0,1.0
早已,0.0,21.0,0.0,1.0
节奏,0.0,3.0,0.0,1.0
39,3.0,0.0,1.0,0.0
共有,24.0,3.0,0.8888888888888888,0.1111111111111111
1104,3.0,0.0,1.0,0.0
135,3.0,12.0,0.2,0.8
技术支持,6.0,0.0,1.0,0.0
咨询,0.0,21.0,0.0,1.0
涵盖,0.0,3.0,0.0,1.0
资产重组,0.0,3.0,0.0,1.0
测算,3.0,0.0,1.0,0.0
活期存款,3.0,0.0,1.0,0.0
4300,0.0,9.0,0.0,1.0
7.98,0.0,6.0,0.0,1.0
26.83,3.0,3.0,0.5,0.5
接下来,0.0,3.0,0.0,1.0
我国,0.0,6.0,0.0,1.0
闪崩,0.0,3.0,0.0,1.0
推动,0.0,9.0,0.0,1.0
律师,0.0,18.0,0.0,1.0
捧,0.0,3.0,0.0,1.0
内地,6.0,0.0,1.0,0.0
销户,0.0,6.0,0.0,1.0
资讯,36.0,36.0,0.5,0.5
拓展,0.0,6.0,0.0,1.0
用户量,0.0,3.0,0.0,1.0
张跃伟,0.0,3.0,0.0,1.0
复星,0.0,39.0,0.0,1.0
两者,0.0,3.0,0.0,1.0
782.25,3.0,0.0,1.0,0.0
5,186.0,129.0,0.5904761904761905,0.4095238095238095
高度,0.0,12.0,0.0,1.0
中心,81.0,30.0,0.7297297297297297,0.2702702702702703
防雷,0.0,6.0,0.0,1.0
133,3.0,0.0,1.0,0.0
关联,0.0,21.0,0.0,1.0
对,18.0,192.0,0.08571428571428572,0.9142857142857143
热爱,0.0,6.0,0.0,1.0
9.57,0.0,6.0,0.0,1.0
牌照,0.0,3.0,0.0,1.0
余额,6.0,3.0,0.6666666666666666,0.3333333333333333
采用,0.0,3.0,0.0,1.0
完全,0.0,3.0,0.0,1.0
1.58,6.0,0.0,1.0,0.0
外,3.0,15.0,0.16666666666666666,0.8333333333333334
张帅帅,0.0,3.0,0.0,1.0
动,0.0,6.0,0.0,1.0
蒋起东,0.0,3.0,0.0,1.0
拉板,0.0,3.0,0.0,1.0
此,9.0,6.0,0.6,0.4
级别,0.0,3.0,0.0,1.0
如图所示,0.0,3.0,0.0,1.0
每股,18.0,0.0,1.0,0.0
解决,0.0,6.0,0.0,1.0
个人,0.0,33.0,0.0,1.0
称之为,0.0,6.0,0.0,1.0
二维码,0.0,30.0,0.0,1.0
—,0.0,75.0,0.0,1.0
一评,0.0,6.0,0.0,1.0
贸易,0.0,3.0,0.0,1.0
国际金融,0.0,3.0,0.0,1.0
找寻,0.0,3.0,0.0,1.0
18,45.0,21.0,0.6818181818181818,0.3181818181818182
亿至,0.0,3.0,0.0,1.0
500,3.0,3.0,0.5,0.5
食品,21.0,0.0,1.0,0.0
拟,0.0,15.0,0.0,1.0
奇,0.0,3.0,0.0,1.0
电气,3.0,3.0,0.5,0.5
控股,15.0,69.0,0.17857142857142858,0.8214285714285714
在内,3.0,0.0,1.0,0.0
增长点,0.0,3.0,0.0,1.0
其中,51.0,33.0,0.6071428571428571,0.39285714285714285
林建华,0.0,3.0,0.0,1.0
159,3.0,0.0,1.0,0.0
0514.34,0.0,3.0,0.0,1.0
依然,9.0,24.0,0.2727272727272727,0.7272727272727273
短时间,0.0,12.0,0.0,1.0
0.4100,3.0,0.0,1.0,0.0
左永刚,0.0,6.0,0.0,1.0
2016,42.0,36.0,0.5384615384615384,0.46153846153846156
数据中心,0.0,6.0,0.0,1.0
不尽人意,0.0,6.0,0.0,1.0
分,0.0,45.0,0.0,1.0
天安,3.0,3.0,0.5,0.5
fQ7YvYjtyE8f637RHwOZIUvA1AaQWn1sibjvDSvvf2S8zZSPxOJXhJrwB1CvwkVp3tVF3PTiaa6eiaibb6389cJaKg,0.0,3.0,0.0,1.0
科达,3.0,0.0,1.0,0.0
微信,3.0,0.0,1.0,0.0
作出,0.0,6.0,0.0,1.0
再次,0.0,3.0,0.0,1.0
客户端,0.0,33.0,0.0,1.0
9220.24,3.0,0.0,1.0,0.0
东方,6.0,18.0,0.25,0.75
Pre,3.0,0.0,1.0,0.0
iFind,18.0,9.0,0.6666666666666666,0.3333333333333333
比起,0.0,3.0,0.0,1.0
提升,3.0,24.0,0.1111111111111111,0.8888888888888888
信息系统,0.0,24.0,0.0,1.0
之,0.0,27.0,0.0,1.0
显然,0.0,6.0,0.0,1.0
2e4ed17042e1,0.0,3.0,0.0,1.0
产业,0.0,15.0,0.0,1.0
预告,6.0,30.0,0.16666666666666666,0.8333333333333334
2191,0.0,6.0,0.0,1.0
报价,15.0,0.0,1.0,0.0
玖,0.0,24.0,0.0,1.0
3.62,0.0,3.0,0.0,1.0
仙坛,6.0,0.0,1.0,0.0
版权,0.0,3.0,0.0,1.0
大关,0.0,3.0,0.0,1.0
峰会,0.0,3.0,0.0,1.0
层,0.0,18.0,0.0,1.0
版,0.0,3.0,0.0,1.0
3130.68,3.0,0.0,1.0,0.0
叶琼,0.0,24.0,0.0,1.0
大规模,0.0,6.0,0.0,1.0
最具,0.0,3.0,0.0,1.0
办公室,0.0,3.0,0.0,1.0
受,24.0,18.0,0.5714285714285714,0.42857142857142855
友情,0.0,3.0,0.0,1.0
大量,0.0,9.0,0.0,1.0
获取,0.0,3.0,0.0,1.0
31,12.0,3.0,0.8,0.2
跳空,0.0,3.0,0.0,1.0
充分,0.0,3.0,0.0,1.0
16.00,3.0,3.0,0.5,0.5
名称,0.0,6.0,0.0,1.0
警报,0.0,12.0,0.0,1.0
根本,0.0,6.0,0.0,1.0
种类,0.0,6.0,0.0,1.0
各种,0.0,24.0,0.0,1.0
关闭,0.0,9.0,0.0,1.0
运营,0.0,84.0,0.0,1.0
告诉,0.0,39.0,0.0,1.0
竞争对手,0.0,15.0,0.0,1.0
4.960,3.0,0.0,1.0,0.0
2011,0.0,3.0,0.0,1.0
iFinD,21.0,15.0,0.5833333333333334,0.4166666666666667
1.29,0.0,6.0,0.0,1.0
主线,0.0,6.0,0.0,1.0
杀跌,0.0,3.0,0.0,1.0
受访,0.0,3.0,0.0,1.0
13.68,6.0,0.0,1.0,0.0
清持,0.0,3.0,0.0,1.0
陆续,0.0,12.0,0.0,1.0
大大减少,0.0,3.0,0.0,1.0
有力,3.0,0.0,1.0,0.0
出逃,0.0,12.0,0.0,1.0
强劲,0.0,6.0,0.0,1.0
盛运,3.0,0.0,1.0,0.0
底层,0.0,9.0,0.0,1.0
这场,0.0,6.0,0.0,1.0
周信,6.0,0.0,1.0,0.0
2314,0.0,3.0,0.0,1.0
立业,0.0,3.0,0.0,1.0
铝业,3.0,0.0,1.0,0.0
升级,0.0,6.0,0.0,1.0
我要,0.0,3.0,0.0,1.0
低,3.0,24.0,0.1111111111111111,0.8888888888888888
上半年,3.0,18.0,0.14285714285714285,0.8571428571428571
服务,0.0,126.0,0.0,1.0
i,3.0,36.0,0.07692307692307693,0.9230769230769231
便捷,0.0,6.0,0.0,1.0
麻烦,0.0,3.0,0.0,1.0
760,0.0,3.0,0.0,1.0
002340,0.0,3.0,0.0,1.0
登记,9.0,0.0,1.0,0.0
本报记者,0.0,6.0,0.0,1.0
体验,0.0,24.0,0.0,1.0
2005,0.0,6.0,0.0,1.0
300245,0.0,3.0,0.0,1.0
账户,0.0,6.0,0.0,1.0
爱,0.0,3.0,0.0,1.0
0.45,0.0,3.0,0.0,1.0
两日,0.0,12.0,0.0,1.0
上周,3.0,0.0,1.0,0.0
书,0.0,15.0,0.0,1.0
状况,9.0,18.0,0.3333333333333333,0.6666666666666666
确认,0.0,6.0,0.0,1.0
解析,0.0,6.0,0.0,1.0
变得,0.0,6.0,0.0,1.0
打造,0.0,15.0,0.0,1.0
低迷,12.0,15.0,0.4444444444444444,0.5555555555555556
手机,0.0,39.0,0.0,1.0
真实,0.0,27.0,0.0,1.0
0.16,0.0,3.0,0.0,1.0
2950,0.0,3.0,0.0,1.0
GPRS,0.0,6.0,0.0,1.0
国瓷,0.0,3.0,0.0,1.0
时刻,0.0,6.0,0.0,1.0
8.96,0.0,3.0,0.0,1.0
超跌,9.0,18.0,0.3333333333333333,0.6666666666666666
1.16,0.0,3.0,0.0,1.0
展示,0.0,6.0,0.0,1.0
550,0.0,3.0,0.0,1.0
万左右,0.0,3.0,0.0,1.0
旨在,0.0,3.0,0.0,1.0
渠道,0.0,9.0,0.0,1.0
率先,0.0,6.0,0.0,1.0
8,93.0,18.0,0.8378378378378378,0.16216216216216217
形成,0.0,12.0,0.0,1.0
继续加强,0.0,3.0,0.0,1.0
大于,3.0,0.0,1.0,0.0
价值,0.0,54.0,0.0,1.0
执法,0.0,3.0,0.0,1.0
1.06,0.0,3.0,0.0,1.0
上市,57.0,60.0,0.48717948717948717,0.5128205128205128
03,3.0,3.0,0.5,0.5
挑战,0.0,12.0,0.0,1.0
赛为,3.0,3.0,0.5,0.5
油工,6.0,0.0,1.0,0.0
建立,0.0,15.0,0.0,1.0
不甘,0.0,3.0,0.0,1.0
正,0.0,6.0,0.0,1.0
2.32,0.0,3.0,0.0,1.0
前期,0.0,3.0,0.0,1.0
0.69,3.0,0.0,1.0,0.0
131,3.0,0.0,1.0,0.0
同期,12.0,12.0,0.5,0.5
未经许可,0.0,6.0,0.0,1.0
事实上,0.0,9.0,0.0,1.0
查处,0.0,3.0,0.0,1.0
波动,15.0,6.0,0.7142857142857143,0.2857142857142857
股票市场,0.0,12.0,0.0,1.0
平均,21.0,3.0,0.875,0.125
派息,18.0,0.0,1.0,0.0
广告,0.0,9.0,0.0,1.0
1.88,0.0,6.0,0.0,1.0
企在,6.0,0.0,1.0,0.0
数据挖掘,0.0,6.0,0.0,1.0
愿意,0.0,21.0,0.0,1.0
图片,3.0,3.0,0.5,0.5
chinatimes,0.0,6.0,0.0,1.0
营业部,0.0,6.0,0.0,1.0
完,0.0,6.0,0.0,1.0
004343,0.0,3.0,0.0,1.0
华盛,0.0,6.0,0.0,1.0
归结为,0.0,6.0,0.0,1.0
一度,0.0,6.0,0.0,1.0
一个,6.0,78.0,0.07142857142857142,0.9285714285714286
到,3.0,87.0,0.03333333333333333,0.9666666666666667
疲软,0.0,3.0,0.0,1.0
联系,6.0,0.0,1.0,0.0
17.77,0.0,3.0,0.0,1.0
晚间,24.0,39.0,0.38095238095238093,0.6190476190476191
36394.36,0.0,6.0,0.0,1.0
此前,0.0,12.0,0.0,1.0
汇聚,0.0,3.0,0.0,1.0
布局,0.0,33.0,0.0,1.0
当下,0.0,27.0,0.0,1.0
受大,12.0,0.0,1.0,0.0
制作,0.0,3.0,0.0,1.0
开尔新材,0.0,3.0,0.0,1.0
详情,0.0,3.0,0.0,1.0
货币基金,6.0,0.0,1.0,0.0
日到,3.0,0.0,1.0,0.0
溢价,0.0,3.0,0.0,1.0
76,6.0,0.0,1.0,0.0
会持,0.0,3.0,0.0,1.0
业务,0.0,84.0,0.0,1.0
分离,0.0,6.0,0.0,1.0
依法,0.0,6.0,0.0,1.0
想着,0.0,3.0,0.0,1.0
颇具,3.0,0.0,1.0,0.0
风险,6.0,6.0,0.5,0.5
国家,0.0,9.0,0.0,1.0
国轩,0.0,6.0,0.0,1.0
3.76,0.0,3.0,0.0,1.0
小镇,0.0,3.0,0.0,1.0
下午,0.0,3.0,0.0,1.0
常态,0.0,6.0,0.0,1.0
2017727205953171,0.0,3.0,0.0,1.0
口碑,0.0,3.0,0.0,1.0
看盘,0.0,3.0,0.0,1.0
znsRiaLibQqP9FmWq8f6GxUs4wlopeQRL02ibj45FmuE2u0icToJiaNWXic0nSWF3bWzdRvEeicPibRoCxiagVYDJQUfySg,0.0,3.0,0.0,1.0
比高,0.0,3.0,0.0,1.0
洁能,3.0,0.0,1.0,0.0
主力,0.0,18.0,0.0,1.0
普通用户,0.0,3.0,0.0,1.0
未获,3.0,0.0,1.0,0.0
主题,24.0,6.0,0.8,0.2
甚至,3.0,3.0,0.5,0.5
公司业绩,6.0,3.0,0.6666666666666666,0.3333333333333333
获,6.0,0.0,1.0,0.0
港,15.0,0.0,1.0,0.0
另一方面,0.0,3.0,0.0,1.0
频发,0.0,3.0,0.0,1.0
人寿,3.0,3.0,0.5,0.5
UNIDO,0.0,3.0,0.0,1.0
失误,0.0,3.0,0.0,1.0
提供商,0.0,3.0,0.0,1.0
或者,3.0,9.0,0.25,0.75
才能,0.0,3.0,0.0,1.0
40.1,3.0,0.0,1.0,0.0
海量,0.0,33.0,0.0,1.0
网页,0.0,6.0,0.0,1.0
表现,9.0,21.0,0.3,0.7
品牌,0.0,6.0,0.0,1.0
large,0.0,3.0,0.0,1.0
222,0.0,3.0,0.0,1.0
新建,0.0,3.0,0.0,1.0
124.6,0.0,6.0,0.0,1.0
技术性,0.0,3.0,0.0,1.0
宝之于,0.0,3.0,0.0,1.0
下载量,0.0,9.0,0.0,1.0
4.22,6.0,0.0,1.0,0.0
连收,0.0,3.0,0.0,1.0
分化,0.0,6.0,0.0,1.0
党委书记,0.0,6.0,0.0,1.0
表明,0.0,3.0,0.0,1.0
E,0.0,6.0,0.0,1.0
ibkb6oHVe3L5eVReLXeQvlFEX9qX05sZHnu,0.0,3.0,0.0,1.0
问维宏,0.0,3.0,0.0,1.0
离场,0.0,3.0,0.0,1.0
率,3.0,0.0,1.0,0.0
道氏,0.0,3.0,0.0,1.0
得,0.0,6.0,0.0,1.0
简称,0.0,24.0,0.0,1.0
电器,6.0,0.0,1.0,0.0
002261,0.0,3.0,0.0,1.0
担心,0.0,6.0,0.0,1.0
信息化,0.0,3.0,0.0,1.0
主导权,0.0,18.0,0.0,1.0
或许,0.0,3.0,0.0,1.0
300033,93.0,117.0,0.44285714285714284,0.5571428571428572
外部,0.0,24.0,0.0,1.0
方案,12.0,0.0,1.0,0.0
当,0.0,3.0,0.0,1.0
自家,18.0,6.0,0.75,0.25
368,0.0,6.0,0.0,1.0
角度看,0.0,3.0,0.0,1.0
典范,0.0,3.0,0.0,1.0
十倍,0.0,6.0,0.0,1.0
抛出,0.0,6.0,0.0,1.0
高,6.0,24.0,0.2,0.8
卖,0.0,6.0,0.0,1.0
10jqka,0.0,3.0,0.0,1.0
王,3.0,0.0,1.0,0.0
国资,6.0,0.0,1.0,0.0
韩煦东,0.0,6.0,0.0,1.0
说明,0.0,6.0,0.0,1.0
公众,15.0,3.0,0.8333333333333334,0.16666666666666666
赢家,0.0,3.0,0.0,1.0
12.1,0.0,6.0,0.0,1.0
124,0.0,3.0,0.0,1.0
大涨,0.0,6.0,0.0,1.0
拖,0.0,6.0,0.0,1.0
不法,0.0,3.0,0.0,1.0
介绍,0.0,18.0,0.0,1.0
特色,0.0,3.0,0.0,1.0
mmbiz,0.0,102.0,0.0,1.0
全,6.0,0.0,1.0,0.0
58,6.0,0.0,1.0,0.0
百草,0.0,6.0,0.0,1.0
进行,15.0,54.0,0.21739130434782608,0.782608695652174
只有,0.0,9.0,0.0,1.0
网络,0.0,153.0,0.0,1.0
fmt,0.0,126.0,0.0,1.0
传奇,0.0,6.0,0.0,1.0
杀,0.0,3.0,0.0,1.0
具备,0.0,21.0,0.0,1.0
动态,0.0,3.0,0.0,1.0
发布公告,0.0,21.0,0.0,1.0
zsnrNG6fibYIU70TPXqZqiaaJ2mGgCBW3625AKT950mhJrbeI4PaSiajCtOUibuP3JAsjW0Ng4snw,0.0,3.0,0.0,1.0
惊讶,0.0,6.0,0.0,1.0
声明,3.0,6.0,0.3333333333333333,0.6666666666666666
客服,0.0,3.0,0.0,1.0
缩量,0.0,3.0,0.0,1.0
601601,3.0,0.0,1.0,0.0
截留,0.0,6.0,0.0,1.0
精彩,6.0,3.0,0.6666666666666666,0.3333333333333333
法治,0.0,6.0,0.0,1.0
表列出,0.0,3.0,0.0,1.0
601700,0.0,3.0,0.0,1.0
有人,0.0,3.0,0.0,1.0
发现自己,0.0,12.0,0.0,1.0
排位,0.0,3.0,0.0,1.0
关于,0.0,42.0,0.0,1.0
现,0.0,6.0,0.0,1.0
1994,0.0,6.0,0.0,1.0
模式,0.0,30.0,0.0,1.0
行情,36.0,93.0,0.27906976744186046,0.7209302325581395
绑定,0.0,3.0,0.0,1.0
证监局,0.0,9.0,0.0,1.0
线下,0.0,12.0,0.0,1.0
全天候,0.0,24.0,0.0,1.0
KM5P6Y0bWslKY2pna6mBODI03wkqcvWakHiaYnv29o3FMMWHiaKCDV4vRwVniaGiaSU0mKKOn4t6usryjkvkVWiakSw,0.0,3.0,0.0,1.0
颇悉,0.0,3.0,0.0,1.0
极端,3.0,0.0,1.0,0.0
绿色,0.0,87.0,0.0,1.0
太高,0.0,6.0,0.0,1.0
0.23,0.0,6.0,0.0,1.0
格林,0.0,3.0,0.0,1.0
即便,0.0,3.0,0.0,1.0
柳钢,3.0,3.0,0.5,0.5
年内,0.0,9.0,0.0,1.0
业界,0.0,3.0,0.0,1.0
金服,0.0,3.0,0.0,1.0
通往,0.0,6.0,0.0,1.0
工信部,0.0,6.0,0.0,1.0
玩转,0.0,3.0,0.0,1.0
新任,0.0,3.0,0.0,1.0
季报,12.0,0.0,1.0,0.0
工作人员,0.0,30.0,0.0,1.0
常德,0.0,27.0,0.0,1.0
势必会,0.0,6.0,0.0,1.0
亿万,0.0,3.0,0.0,1.0
果汁,6.0,0.0,1.0,0.0
LUDP,9.0,0.0,1.0,0.0
参考,3.0,3.0,0.5,0.5
股,18.0,93.0,0.16216216216216217,0.8378378378378378
煌,3.0,0.0,1.0,0.0
65.4,0.0,6.0,0.0,1.0
2777.71,0.0,12.0,0.0,1.0
备受,3.0,3.0,0.5,0.5
2.7,0.0,6.0,0.0,1.0
金额,6.0,15.0,0.2857142857142857,0.7142857142857143
1.6,0.0,3.0,0.0,1.0
差异化,0.0,3.0,0.0,1.0
傲慢,0.0,9.0,0.0,1.0
知名度,3.0,3.0,0.5,0.5
严重,3.0,30.0,0.09090909090909091,0.9090909090909091
壁垒,0.0,15.0,0.0,1.0
中期,9.0,30.0,0.23076923076923078,0.7692307692307693
APP,0.0,24.0,0.0,1.0
2595,0.0,6.0,0.0,1.0
实施,15.0,9.0,0.625,0.375
注册资金,0.0,3.0,0.0,1.0
减少,9.0,3.0,0.75,0.25
169,12.0,0.0,1.0,0.0
定位,0.0,3.0,0.0,1.0
光电,3.0,0.0,1.0,0.0
史,0.0,9.0,0.0,1.0
冀东,0.0,3.0,0.0,1.0
AAPC,3.0,0.0,1.0,0.0
优质,3.0,15.0,0.16666666666666666,0.8333333333333334
时至今日,0.0,3.0,0.0,1.0
苦恼,0.0,3.0,0.0,1.0
监管局,0.0,21.0,0.0,1.0
SMA,0.0,6.0,0.0,1.0
新路,0.0,3.0,0.0,1.0
揭其,0.0,6.0,0.0,1.0
致力于,0.0,12.0,0.0,1.0
舆论,0.0,3.0,0.0,1.0
投顾,0.0,21.0,0.0,1.0
:,102.0,174.0,0.3695652173913043,0.6304347826086957
天风,0.0,3.0,0.0,1.0
撤出,0.0,6.0,0.0,1.0
宝,0.0,3.0,0.0,1.0
被动,0.0,3.0,0.0,1.0
剔除,3.0,3.0,0.5,0.5
巨大,0.0,9.0,0.0,1.0
港股,9.0,0.0,1.0,0.0
通知,0.0,15.0,0.0,1.0
重组,6.0,3.0,0.6666666666666666,0.3333333333333333
软件商,0.0,3.0,0.0,1.0
过于,0.0,3.0,0.0,1.0
33.7,3.0,0.0,1.0,0.0
戳,0.0,6.0,0.0,1.0
神开,0.0,3.0,0.0,1.0
eastmoney,0.0,9.0,0.0,1.0
从事,0.0,6.0,0.0,1.0
132,0.0,6.0,0.0,1.0
跌幅,15.0,21.0,0.4166666666666667,0.5833333333333334
附,0.0,3.0,0.0,1.0
分流,0.0,9.0,0.0,1.0
主升浪,3.0,0.0,1.0,0.0
收入,27.0,27.0,0.5,0.5
传导,0.0,6.0,0.0,1.0
、,288.0,978.0,0.22748815165876776,0.7725118483412322
免,0.0,3.0,0.0,1.0
2017.01,0.0,3.0,0.0,1.0
赵资晟向,0.0,3.0,0.0,1.0
其间,0.0,6.0,0.0,1.0
券商,12.0,585.0,0.020100502512562814,0.9798994974874372
钢,6.0,0.0,1.0,0.0
好风,0.0,3.0,0.0,1.0
扬子,3.0,3.0,0.5,0.5
但,3.0,75.0,0.038461538461538464,0.9615384615384616
选好,0.0,3.0,0.0,1.0
0.1800,3.0,0.0,1.0,0.0
程度,9.0,3.0,0.75,0.25
万元,0.0,180.0,0.0,1.0
3.290,0.0,3.0,0.0,1.0
指令,0.0,24.0,0.0,1.0
泰,0.0,3.0,0.0,1.0
北方,3.0,3.0,0.5,0.5
脱颖而出,0.0,3.0,0.0,1.0
该案,0.0,6.0,0.0,1.0
朱,0.0,6.0,0.0,1.0
高科,0.0,9.0,0.0,1.0
受伤,0.0,3.0,0.0,1.0
不断,0.0,18.0,0.0,1.0
86,0.0,6.0,0.0,1.0
首先,0.0,3.0,0.0,1.0
创建,0.0,6.0,0.0,1.0
增发,6.0,0.0,1.0,0.0
新闻报道,0.0,15.0,0.0,1.0
贡献,0.0,3.0,0.0,1.0
金融业,0.0,6.0,0.0,1.0
不以为意,0.0,3.0,0.0,1.0
注意,0.0,9.0,0.0,1.0
概念,6.0,12.0,0.3333333333333333,0.6666666666666666
改正,0.0,36.0,0.0,1.0
实际上,0.0,3.0,0.0,1.0
粤企,12.0,0.0,1.0,0.0
之间,12.0,39.0,0.23529411764705882,0.7647058823529411
拿走,0.0,6.0,0.0,1.0
股市,3.0,42.0,0.06666666666666667,0.9333333333333333
原文,0.0,6.0,0.0,1.0
凭借,0.0,3.0,0.0,1.0
伙伴,0.0,6.0,0.0,1.0
还给,0.0,3.0,0.0,1.0
二倍,0.0,3.0,0.0,1.0
提高,0.0,21.0,0.0,1.0
最像,0.0,3.0,0.0,1.0
002193,0.0,3.0,0.0,1.0
光正,3.0,0.0,1.0,0.0
次,12.0,0.0,1.0,0.0
较前,3.0,0.0,1.0,0.0
下降,3.0,48.0,0.058823529411764705,0.9411764705882353
千名,0.0,6.0,0.0,1.0
搏,0.0,3.0,0.0,1.0
x,0.0,3.0,0.0,1.0
稳定,0.0,9.0,0.0,1.0
个体,0.0,3.0,0.0,1.0
img,0.0,3.0,0.0,1.0
ERS,3.0,0.0,1.0,0.0
会长,0.0,6.0,0.0,1.0
异动,0.0,6.0,0.0,1.0
表态,0.0,6.0,0.0,1.0
计划,6.0,51.0,0.10526315789473684,0.8947368421052632
概括,0.0,12.0,0.0,1.0
征询,0.0,6.0,0.0,1.0
新鲜,0.0,3.0,0.0,1.0
太,0.0,9.0,0.0,1.0
评级,6.0,6.0,0.5,0.5
新快报,3.0,0.0,1.0,0.0
新易盛,3.0,0.0,1.0,0.0
院长,0.0,6.0,0.0,1.0
高送,0.0,12.0,0.0,1.0
秉持着,0.0,6.0,0.0,1.0
重庆,0.0,3.0,0.0,1.0
准备,0.0,6.0,0.0,1.0
普遍,0.0,3.0,0.0,1.0
成交,3.0,3.0,0.5,0.5
生意,0.0,9.0,0.0,1.0
全程,0.0,15.0,0.0,1.0
纳斯达克,3.0,0.0,1.0,0.0
驶入,0.0,3.0,0.0,1.0
旧闻,0.0,12.0,0.0,1.0
初始,3.0,0.0,1.0,0.0
少,0.0,6.0,0.0,1.0
增值,0.0,27.0,0.0,1.0
资深,0.0,12.0,0.0,1.0
只要,0.0,6.0,0.0,1.0
四家,3.0,3.0,0.5,0.5
5.8,0.0,6.0,0.0,1.0
上升,0.0,6.0,0.0,1.0
起航,0.0,3.0,0.0,1.0
大变局,0.0,6.0,0.0,1.0
I,6.0,9.0,0.4,0.6
正式,0.0,3.0,0.0,1.0
施行,0.0,3.0,0.0,1.0
经,0.0,15.0,0.0,1.0
雷菊芳,0.0,3.0,0.0,1.0
听听,0.0,3.0,0.0,1.0
卖型,0.0,3.0,0.0,1.0
为主,0.0,3.0,0.0,1.0
爬虫,0.0,36.0,0.0,1.0
题材,0.0,6.0,0.0,1.0
半年度,3.0,15.0,0.16666666666666666,0.8333333333333334
如果说,0.0,3.0,0.0,1.0
cZV2hRpuAPhQmPPCyMGfbceYAFImOiaof6b5Xs4EK5icZZrd6eHINiaVW7mHcIT0co5FcjMT3GnD8wRYRdFQ6FGGg,0.0,3.0,0.0,1.0
多样,0.0,3.0,0.0,1.0
宏远,3.0,3.0,0.5,0.5
注重,0.0,6.0,0.0,1.0
市场份额,0.0,9.0,0.0,1.0
卖出,0.0,42.0,0.0,1.0
一轮,0.0,6.0,0.0,1.0
必称,0.0,6.0,0.0,1.0
较为,3.0,12.0,0.2,0.8
OLED,0.0,3.0,0.0,1.0
低成本,0.0,12.0,0.0,1.0
构成,3.0,45.0,0.0625,0.9375
对比,0.0,3.0,0.0,1.0
一款,0.0,3.0,0.0,1.0
工程,0.0,3.0,0.0,1.0
t,0.0,9.0,0.0,1.0
试点,0.0,3.0,0.0,1.0
买,3.0,0.0,1.0,0.0
上线,0.0,6.0,0.0,1.0
choice,0.0,3.0,0.0,1.0
两成,6.0,6.0,0.5,0.5
号,15.0,39.0,0.2777777777777778,0.7222222222222222
AtlanticAlliance,3.0,0.0,1.0,0.0
可,0.0,15.0,0.0,1.0
坐拥,0.0,6.0,0.0,1.0
论坛,0.0,66.0,0.0,1.0
基于,0.0,3.0,0.0,1.0
避风港,6.0,0.0,1.0,0.0
虹吸,3.0,0.0,1.0,0.0
日讯,3.0,12.0,0.2,0.8
杭,0.0,6.0,0.0,1.0
绝大多数,3.0,0.0,1.0,0.0
601628,3.0,0.0,1.0,0.0
在,120.0,600.0,0.16666666666666666,0.8333333333333334
是因为,0.0,3.0,0.0,1.0
主席,0.0,12.0,0.0,1.0
0.89,3.0,0.0,1.0,0.0
Annie,0.0,3.0,0.0,1.0
行为,0.0,117.0,0.0,1.0
多家,6.0,63.0,0.08695652173913043,0.9130434782608695
4207,0.0,3.0,0.0,1.0
留住,0.0,3.0,0.0,1.0
满足,0.0,3.0,0.0,1.0
岗位,0.0,6.0,0.0,1.0
起诉,0.0,6.0,0.0,1.0
费乐,0.0,6.0,0.0,1.0
周晨,6.0,0.0,1.0,0.0
后,0.0,51.0,0.0,1.0
化工企业,3.0,0.0,1.0,0.0
大单,6.0,0.0,1.0,0.0
增长幅度,6.0,0.0,1.0,0.0
连接,0.0,6.0,0.0,1.0
数量,9.0,3.0,0.75,0.25
37.6,6.0,0.0,1.0,0.0
火热,0.0,3.0,0.0,1.0
汕头,0.0,3.0,0.0,1.0
18.75,0.0,3.0,0.0,1.0
停牌,51.0,9.0,0.85,0.15
彪悍,0.0,3.0,0.0,1.0
130.7,0.0,3.0,0.0,1.0
1.27,0.0,3.0,0.0,1.0
021,0.0,6.0,0.0,1.0
中性,0.0,3.0,0.0,1.0
研报,0.0,9.0,0.0,1.0
枪声,0.0,3.0,0.0,1.0
26,6.0,0.0,1.0,0.0
前方,0.0,3.0,0.0,1.0
王者,0.0,6.0,0.0,1.0
亿级,0.0,3.0,0.0,1.0
中国移动,0.0,6.0,0.0,1.0
发难,0.0,9.0,0.0,1.0
较大,6.0,15.0,0.2857142857142857,0.7142857142857143
64.04,3.0,0.0,1.0,0.0
不减,3.0,0.0,1.0,0.0
Fortress,6.0,0.0,1.0,0.0
开拓,0.0,3.0,0.0,1.0
总体,0.0,3.0,0.0,1.0
领跑,3.0,3.0,0.5,0.5
不得,0.0,6.0,0.0,1.0
融通,0.0,15.0,0.0,1.0
标的,12.0,27.0,0.3076923076923077,0.6923076923076923
0571,0.0,3.0,0.0,1.0
上周五,6.0,12.0,0.3333333333333333,0.6666666666666666
净增,18.0,0.0,1.0,0.0
震荡,0.0,21.0,0.0,1.0
渗透率,0.0,6.0,0.0,1.0
nbd,0.0,3.0,0.0,1.0
可能性,0.0,3.0,0.0,1.0
同样,0.0,9.0,0.0,1.0
今日,3.0,36.0,0.07692307692307693,0.9230769230769231
155,3.0,0.0,1.0,0.0
恰好,0.0,3.0,0.0,1.0
分配,9.0,0.0,1.0,0.0
让,0.0,51.0,0.0,1.0
优异,0.0,3.0,0.0,1.0
利空消息,0.0,6.0,0.0,1.0
端庄,0.0,6.0,0.0,1.0
HOT,0.0,6.0,0.0,1.0
最大,0.0,9.0,0.0,1.0
净亏损,0.0,3.0,0.0,1.0
SRC,0.0,105.0,0.0,1.0
博弈,0.0,3.0,0.0,1.0
底,0.0,3.0,0.0,1.0
关注,51.0,33.0,0.6071428571428571,0.39285714285714285
透露,0.0,3.0,0.0,1.0
炒股,0.0,24.0,0.0,1.0
发生变化,3.0,0.0,1.0,0.0
紧张,3.0,0.0,1.0,0.0
借助,0.0,30.0,0.0,1.0
字,0.0,3.0,0.0,1.0
这一,0.0,3.0,0.0,1.0
记者,51.0,69.0,0.425,0.575
积极关注,0.0,6.0,0.0,1.0
如今,0.0,6.0,0.0,1.0
午间,0.0,15.0,0.0,1.0
标题,0.0,3.0,0.0,1.0
联接,0.0,6.0,0.0,1.0
彻底,0.0,6.0,0.0,1.0
主动出击,0.0,3.0,0.0,1.0
2017727205927793,0.0,3.0,0.0,1.0
封闭式,0.0,3.0,0.0,1.0
下发,0.0,12.0,0.0,1.0
监管,3.0,54.0,0.05263157894736842,0.9473684210526315
指出,0.0,18.0,0.0,1.0
06,6.0,3.0,0.6666666666666666,0.3333333333333333
轨道,0.0,6.0,0.0,1.0
定额,0.0,9.0,0.0,1.0
加大,0.0,3.0,0.0,1.0
游久,0.0,3.0,0.0,1.0
产业园,0.0,3.0,0.0,1.0
机遇,0.0,12.0,0.0,1.0
倒下,0.0,3.0,0.0,1.0
李墨天,0.0,3.0,0.0,1.0
不仅仅,0.0,3.0,0.0,1.0
回顾,0.0,3.0,0.0,1.0
空间,0.0,15.0,0.0,1.0
13.59,0.0,3.0,0.0,1.0
具体情况,0.0,6.0,0.0,1.0
民生银行,0.0,3.0,0.0,1.0
回暖,3.0,0.0,1.0,0.0
万方,3.0,0.0,1.0,0.0
值得注意,6.0,0.0,1.0,0.0
元,6.0,15.0,0.2857142857142857,0.7142857142857143
640,0.0,51.0,0.0,1.0
守护,0.0,3.0,0.0,1.0
华统,3.0,0.0,1.0,0.0
六个月,0.0,27.0,0.0,1.0
55.4,3.0,0.0,1.0,0.0
月份,18.0,15.0,0.5454545454545454,0.45454545454545453
两桶,0.0,3.0,0.0,1.0
新华社,0.0,9.0,0.0,1.0
力,0.0,3.0,0.0,1.0
日止,3.0,0.0,1.0,0.0
不少,6.0,3.0,0.6666666666666666,0.3333333333333333
股中,0.0,3.0,0.0,1.0
事情,0.0,27.0,0.0,1.0
敦煌,6.0,0.0,1.0,0.0
例行,0.0,15.0,0.0,1.0
主营业务,0.0,3.0,0.0,1.0
不断加强,0.0,3.0,0.0,1.0
龙头股,0.0,3.0,0.0,1.0
获得,3.0,21.0,0.125,0.875
民,0.0,3.0,0.0,1.0
超过,27.0,66.0,0.2903225806451613,0.7096774193548387
27.30,0.0,3.0,0.0,1.0
催发,0.0,3.0,0.0,1.0
95.94,3.0,0.0,1.0,0.0
称,0.0,69.0,0.0,1.0
吴旭,0.0,3.0,0.0,1.0
没,0.0,12.0,0.0,1.0
将近,3.0,6.0,0.3333333333333333,0.6666666666666666
36394,0.0,6.0,0.0,1.0
所有,3.0,15.0,0.16666666666666666,0.8333333333333334
88900d3d,0.0,3.0,0.0,1.0
卧倒,0.0,15.0,0.0,1.0
凭借着,0.0,6.0,0.0,1.0
1467.21,3.0,0.0,1.0,0.0
新区,3.0,12.0,0.2,0.8
能,3.0,27.0,0.1,0.9
雪球,0.0,6.0,0.0,1.0
共识,0.0,9.0,0.0,1.0
称为,0.0,3.0,0.0,1.0
引,0.0,3.0,0.0,1.0
季度,3.0,6.0,0.3333333333333333,0.6666666666666666
陆,0.0,3.0,0.0,1.0
超,9.0,39.0,0.1875,0.8125
发言人,0.0,24.0,0.0,1.0
000612,3.0,0.0,1.0,0.0
农牧,0.0,6.0,0.0,1.0
公司股票,3.0,3.0,0.5,0.5
公安,0.0,6.0,0.0,1.0
金证,0.0,3.0,0.0,1.0
收到,3.0,36.0,0.07692307692307693,0.9230769230769231
提醒,0.0,3.0,0.0,1.0
第二季度,0.0,3.0,0.0,1.0
证监会,3.0,225.0,0.013157894736842105,0.9868421052631579
i5,0.0,3.0,0.0,1.0
排头兵,0.0,6.0,0.0,1.0
回到,0.0,3.0,0.0,1.0
翠柏,0.0,3.0,0.0,1.0
规范,0.0,12.0,0.0,1.0
004344,0.0,3.0,0.0,1.0
成长,0.0,30.0,0.0,1.0
对此,0.0,24.0,0.0,1.0
选择,0.0,36.0,0.0,1.0
分红,27.0,0.0,1.0,0.0
短期内,0.0,3.0,0.0,1.0
今年,15.0,21.0,0.4166666666666667,0.5833333333333334
820,0.0,3.0,0.0,1.0
ToC,0.0,6.0,0.0,1.0
净流入,15.0,0.0,1.0,0.0
非常,0.0,24.0,0.0,1.0
000065,3.0,0.0,1.0,0.0
青海,0.0,3.0,0.0,1.0
未来,0.0,42.0,0.0,1.0
房企占,3.0,0.0,1.0,0.0
办理,0.0,3.0,0.0,1.0
味,0.0,6.0,0.0,1.0
<,0.0,105.0,0.0,1.0
流年不利,0.0,6.0,0.0,1.0
较往年,3.0,0.0,1.0,0.0
时候,0.0,21.0,0.0,1.0
欲知,30.0,3.0,0.9090909090909091,0.09090909090909091
停止使用,0.0,6.0,0.0,1.0
大势,0.0,6.0,0.0,1.0
000040,0.0,6.0,0.0,1.0
石墨,0.0,12.0,0.0,1.0
医药行业,0.0,3.0,0.0,1.0
语义,0.0,6.0,0.0,1.0
26.24,3.0,0.0,1.0,0.0
推进,0.0,6.0,0.0,1.0
F10,0.0,3.0,0.0,1.0
促进,0.0,6.0,0.0,1.0
6.08,0.0,3.0,0.0,1.0
bmp,0.0,3.0,0.0,1.0
In,0.0,3.0,0.0,1.0
业绩,66.0,156.0,0.2972972972972973,0.7027027027027027
协作,0.0,3.0,0.0,1.0
乐观,0.0,3.0,0.0,1.0
电信业务,0.0,3.0,0.0,1.0
冰火,0.0,3.0,0.0,1.0
预期,0.0,18.0,0.0,1.0
Q3auHgzwzM4xdnLDyfhTjKwF7LCna5km5nbLOjxkx4icPXxgNrsicUDA,0.0,6.0,0.0,1.0
国有,0.0,6.0,0.0,1.0
智控,3.0,0.0,1.0,0.0
股票软件,0.0,6.0,0.0,1.0
涨跌,3.0,3.0,0.5,0.5
即可,0.0,3.0,0.0,1.0
/,15.0,648.0,0.02262443438914027,0.9773755656108597
中称,0.0,9.0,0.0,1.0
com,3.0,42.0,0.06666666666666667,0.9333333333333333
总增持,3.0,0.0,1.0,0.0
这种,0.0,27.0,0.0,1.0
停止,3.0,45.0,0.0625,0.9375
190094179,0.0,3.0,0.0,1.0
盈利,6.0,18.0,0.25,0.75
383,0.0,3.0,0.0,1.0
圈子,0.0,12.0,0.0,1.0
雄厚,0.0,9.0,0.0,1.0
利润,6.0,27.0,0.18181818181818182,0.8181818181818182
下载方式,0.0,6.0,0.0,1.0
优惠,0.0,3.0,0.0,1.0
花粉,0.0,3.0,0.0,1.0
96.52,3.0,0.0,1.0,0.0
享受,0.0,15.0,0.0,1.0
全部,0.0,6.0,0.0,1.0
证金,6.0,0.0,1.0,0.0
5gwPaibF9OPJspyTjibqjZ4T6FJYBMYQCcW1XTne5G9kicYbYNiaN0JWqDQDQQ,0.0,3.0,0.0,1.0
7666,0.0,6.0,0.0,1.0
第一,6.0,24.0,0.2,0.8
留存,0.0,3.0,0.0,1.0
东方财富,0.0,108.0,0.0,1.0
减持,12.0,102.0,0.10526315789473684,0.8947368421052632
万亿,6.0,0.0,1.0,0.0
其他,0.0,54.0,0.0,1.0
不确定性,0.0,3.0,0.0,1.0
开发,0.0,12.0,0.0,1.0
71,0.0,30.0,0.0,1.0
针对,0.0,9.0,0.0,1.0
0.0900,3.0,0.0,1.0,0.0
几个,0.0,6.0,0.0,1.0
236.25,3.0,0.0,1.0,0.0
一部,0.0,3.0,0.0,1.0
大厦,0.0,3.0,0.0,1.0
胜利,0.0,6.0,0.0,1.0
这为,0.0,3.0,0.0,1.0
angelcomm,0.0,3.0,0.0,1.0
给予,6.0,0.0,1.0,0.0
更具,0.0,6.0,0.0,1.0
超额,0.0,9.0,0.0,1.0
矿业,0.0,3.0,0.0,1.0
失意,0.0,3.0,0.0,1.0
预判,0.0,3.0,0.0,1.0
大片,0.0,6.0,0.0,1.0
举措,0.0,3.0,0.0,1.0
收益率,15.0,0.0,1.0,0.0
及时,0.0,3.0,0.0,1.0
19.34,3.0,0.0,1.0,0.0
高能,0.0,3.0,0.0,1.0
万,0.0,69.0,0.0,1.0
源于,0.0,6.0,0.0,1.0
维持,0.0,6.0,0.0,1.0
证券法,0.0,57.0,0.0,1.0
合作伙伴,0.0,9.0,0.0,1.0
远征,3.0,0.0,1.0,0.0
并不大,0.0,3.0,0.0,1.0
人均,0.0,6.0,0.0,1.0
新光,0.0,3.0,0.0,1.0
有利于,0.0,6.0,0.0,1.0
牟取,0.0,3.0,0.0,1.0
辅助,0.0,12.0,0.0,1.0
金融,6.0,99.0,0.05714285714285714,0.9428571428571428
全方位,0.0,6.0,0.0,1.0
把,0.0,6.0,0.0,1.0
双,0.0,3.0,0.0,1.0
环比,6.0,0.0,1.0,0.0
方便,0.0,3.0,0.0,1.0
fd970c5,0.0,3.0,0.0,1.0
正常,0.0,21.0,0.0,1.0
逆市,9.0,6.0,0.6,0.4
红酒,6.0,0.0,1.0,0.0
鹏,0.0,27.0,0.0,1.0
已有,6.0,6.0,0.5,0.5
维权,0.0,6.0,0.0,1.0
女儿,6.0,0.0,1.0,0.0
看到,0.0,18.0,0.0,1.0
后台,6.0,3.0,0.6666666666666666,0.3333333333333333
决定书,0.0,6.0,0.0,1.0
企业,39.0,36.0,0.52,0.48
最新,6.0,3.0,0.6666666666666666,0.3333333333333333
两重天,0.0,3.0,0.0,1.0
合法权益,0.0,6.0,0.0,1.0
恶劣影响,0.0,30.0,0.0,1.0
前述,0.0,9.0,0.0,1.0
5.430,3.0,0.0,1.0,0.0
面向,0.0,6.0,0.0,1.0
经历,0.0,9.0,0.0,1.0
银河,0.0,3.0,0.0,1.0
2017,93.0,108.0,0.4626865671641791,0.5373134328358209
29,3.0,15.0,0.16666666666666666,0.8333333333333334
推广,0.0,6.0,0.0,1.0
罚款,0.0,57.0,0.0,1.0
增加,0.0,3.0,0.0,1.0
无疑,0.0,6.0,0.0,1.0
55138.39,3.0,0.0,1.0,0.0
使用,3.0,60.0,0.047619047619047616,0.9523809523809523
不俗,6.0,0.0,1.0,0.0
或致,0.0,6.0,0.0,1.0
归属,18.0,0.0,1.0,0.0
下挫,0.0,3.0,0.0,1.0
意在,0.0,3.0,0.0,1.0
产品简介,0.0,3.0,0.0,1.0
受到,0.0,6.0,0.0,1.0
全线,3.0,0.0,1.0,0.0
20177272058583777,0.0,3.0,0.0,1.0
法制日报,0.0,3.0,0.0,1.0
半年报,3.0,6.0,0.3333333333333333,0.6666666666666666
平安,3.0,9.0,0.25,0.75
两天,0.0,3.0,0.0,1.0
营收,33.0,6.0,0.8461538461538461,0.15384615384615385
05,3.0,3.0,0.5,0.5
XjFaHVbibVCUyFy10s2LGsBtwaPPia4j130XPPQibOTSMDPsYlvH59bfesxVT0oYEeA1Rm0nEdnmZftUnbgIjXk1Q,0.0,3.0,0.0,1.0
观点,0.0,12.0,0.0,1.0
培训,3.0,0.0,1.0,0.0
埋伏,0.0,15.0,0.0,1.0
结果,0.0,3.0,0.0,1.0
2008,0.0,6.0,0.0,1.0
小幅,0.0,6.0,0.0,1.0
看来,0.0,12.0,0.0,1.0
慧眼,0.0,9.0,0.0,1.0
媒体报道,0.0,6.0,0.0,1.0
能够,0.0,12.0,0.0,1.0
高新技术,0.0,3.0,0.0,1.0
量化,0.0,60.0,0.0,1.0
专用,0.0,3.0,0.0,1.0
富源,0.0,3.0,0.0,1.0
基金会,0.0,6.0,0.0,1.0
位,0.0,9.0,0.0,1.0
40,9.0,27.0,0.25,0.75
报告,0.0,3.0,0.0,1.0
落后,0.0,3.0,0.0,1.0
开个,0.0,6.0,0.0,1.0
任何,0.0,18.0,0.0,1.0
遇到,0.0,6.0,0.0,1.0
永贵,3.0,0.0,1.0,0.0
1.71,6.0,3.0,0.6666666666666666,0.3333333333333333
小票,0.0,3.0,0.0,1.0
同时,12.0,39.0,0.23529411764705882,0.7647058823529411
000627,0.0,3.0,0.0,1.0
伟达,3.0,0.0,1.0,0.0
15,24.0,36.0,0.4,0.6
客服热线,0.0,6.0,0.0,1.0
更好,0.0,6.0,0.0,1.0
久,0.0,6.0,0.0,1.0
倒,0.0,12.0,0.0,1.0
进入,0.0,15.0,0.0,1.0
踩踏,0.0,9.0,0.0,1.0
略有,0.0,3.0,0.0,1.0
基建,3.0,0.0,1.0,0.0
监测,0.0,3.0,0.0,1.0
乳业,12.0,0.0,1.0,0.0
276.38,3.0,0.0,1.0,0.0
笔数,0.0,6.0,0.0,1.0
所有者,3.0,0.0,1.0,0.0
据此,3.0,3.0,0.5,0.5
文,0.0,3.0,0.0,1.0
发,0.0,3.0,0.0,1.0
建设,0.0,9.0,0.0,1.0
之初,0.0,21.0,0.0,1.0
仍然,0.0,6.0,0.0,1.0
征集,0.0,6.0,0.0,1.0
二级,9.0,0.0,1.0,0.0
康达,3.0,0.0,1.0,0.0
两年,0.0,48.0,0.0,1.0
每日,0.0,9.0,0.0,1.0
主导,0.0,6.0,0.0,1.0
惹,0.0,3.0,0.0,1.0
嘉实,3.0,0.0,1.0,0.0
资质,0.0,3.0,0.0,1.0
【,27.0,138.0,0.16363636363636364,0.8363636363636363
占据,3.0,6.0,0.3333333333333333,0.6666666666666666
嘉宾,0.0,6.0,0.0,1.0
保障,0.0,9.0,0.0,1.0
多元化,0.0,3.0,0.0,1.0
强制,0.0,6.0,0.0,1.0
金融信息,0.0,54.0,0.0,1.0
用友,0.0,3.0,0.0,1.0
6046,0.0,6.0,0.0,1.0
风范,0.0,3.0,0.0,1.0
雨虹,3.0,0.0,1.0,0.0
圈,3.0,0.0,1.0,0.0
留言,0.0,6.0,0.0,1.0
20.93,3.0,0.0,1.0,0.0
下雄安,0.0,3.0,0.0,1.0
白马,9.0,3.0,0.75,0.25
1.84,3.0,6.0,0.3333333333333333,0.6666666666666666
股通,12.0,0.0,1.0,0.0
1.01,3.0,0.0,1.0,0.0
连续,12.0,15.0,0.4444444444444444,0.5555555555555556
2107,0.0,3.0,0.0,1.0
居多,0.0,6.0,0.0,1.0
4294,0.0,3.0,0.0,1.0
去,0.0,51.0,0.0,1.0
已经,0.0,45.0,0.0,1.0
84,3.0,0.0,1.0,0.0
柔弱,0.0,3.0,0.0,1.0
调整,6.0,21.0,0.2222222222222222,0.7777777777777778
000977,3.0,0.0,1.0,0.0
公告,15.0,66.0,0.18518518518518517,0.8148148148148148
世纪,6.0,0.0,1.0,0.0
影响,0.0,33.0,0.0,1.0
买入,27.0,33.0,0.45,0.55
起点,0.0,3.0,0.0,1.0
做,0.0,54.0,0.0,1.0
开启,0.0,12.0,0.0,1.0
43.39,3.0,0.0,1.0,0.0
预减,0.0,9.0,0.0,1.0
库,0.0,3.0,0.0,1.0
未平,0.0,3.0,0.0,1.0
高出,6.0,0.0,1.0,0.0
便利,0.0,3.0,0.0,1.0
共同,0.0,3.0,0.0,1.0
一一,0.0,3.0,0.0,1.0
涨超,0.0,6.0,0.0,1.0
11.91,0.0,9.0,0.0,1.0
有色,0.0,3.0,0.0,1.0
与此有关,0.0,6.0,0.0,1.0
不符,0.0,27.0,0.0,1.0
力挺,12.0,0.0,1.0,0.0
来袭,0.0,3.0,0.0,1.0
垄断市场,0.0,6.0,0.0,1.0
根据,99.0,45.0,0.6875,0.3125
凝聚,0.0,9.0,0.0,1.0
造谣,0.0,3.0,0.0,1.0
四位,0.0,6.0,0.0,1.0
正变,0.0,6.0,0.0,1.0
三人,6.0,0.0,1.0,0.0
一年多来,0.0,3.0,0.0,1.0
为盈,6.0,0.0,1.0,0.0
28.64,3.0,0.0,1.0,0.0
率为,9.0,0.0,1.0,0.0
尤其,0.0,6.0,0.0,1.0
微跌,3.0,0.0,1.0,0.0
快车道,0.0,3.0,0.0,1.0
招商,0.0,9.0,0.0,1.0
更新,0.0,12.0,0.0,1.0
全国,3.0,0.0,1.0,0.0
热情,0.0,3.0,0.0,1.0
额外,3.0,0.0,1.0,0.0
路子,0.0,6.0,0.0,1.0
总额,18.0,0.0,1.0,0.0
要闻,0.0,3.0,0.0,1.0
可观,0.0,9.0,0.0,1.0
两市,27.0,9.0,0.75,0.25
中报,6.0,12.0,0.3333333333333333,0.6666666666666666
浩淼,0.0,18.0,0.0,1.0
7rsPGd9qHyxsNxf0ex6VSfCtBSxqJjfNs0iaXwEalozaGQg,0.0,3.0,0.0,1.0
不能容忍,0.0,9.0,0.0,1.0
链条,0.0,6.0,0.0,1.0
直播,3.0,0.0,1.0,0.0
投入,0.0,21.0,0.0,1.0
协助,0.0,6.0,0.0,1.0
比较,3.0,18.0,0.14285714285714285,0.8571428571428571
民和,0.0,6.0,0.0,1.0
当日,0.0,9.0,0.0,1.0
东方红,3.0,0.0,1.0,0.0
直接,0.0,9.0,0.0,1.0
合办,0.0,21.0,0.0,1.0
奥,0.0,21.0,0.0,1.0
迁移,0.0,18.0,0.0,1.0
3,24.0,39.0,0.38095238095238093,0.6190476190476191
获悉,0.0,6.0,0.0,1.0
系统,0.0,18.0,0.0,1.0
3200,0.0,3.0,0.0,1.0
铺开,0.0,3.0,0.0,1.0
进程,0.0,6.0,0.0,1.0
办公,0.0,3.0,0.0,1.0
25476,0.0,6.0,0.0,1.0
长远,0.0,3.0,0.0,1.0
种业,3.0,0.0,1.0,0.0
89,0.0,3.0,0.0,1.0
制造业,6.0,0.0,1.0,0.0
发布,12.0,174.0,0.06451612903225806,0.9354838709677419
护盘,6.0,0.0,1.0,0.0
分众传媒,0.0,6.0,0.0,1.0
规定,0.0,57.0,0.0,1.0
变成,0.0,9.0,0.0,1.0
问题,0.0,90.0,0.0,1.0
凌,0.0,3.0,0.0,1.0
3279.46,0.0,3.0,0.0,1.0
推送,0.0,9.0,0.0,1.0
高达,3.0,3.0,0.5,0.5
展现出,0.0,3.0,0.0,1.0
002095,0.0,3.0,0.0,1.0
资料,6.0,12.0,0.3333333333333333,0.6666666666666666
环境,3.0,6.0,0.3333333333333333,0.6666666666666666
公式,0.0,9.0,0.0,1.0
投资者,3.0,138.0,0.02127659574468085,0.9787234042553191
知,0.0,6.0,0.0,1.0
UNEP,0.0,3.0,0.0,1.0
股票代码,0.0,3.0,0.0,1.0
1.94,0.0,6.0,0.0,1.0
自主,0.0,12.0,0.0,1.0
净利润,63.0,57.0,0.525,0.475
走出,0.0,3.0,0.0,1.0
匹配,0.0,21.0,0.0,1.0
差距,0.0,6.0,0.0,1.0
信号,30.0,6.0,0.8333333333333334,0.16666666666666666
轻松,0.0,9.0,0.0,1.0
股权,6.0,3.0,0.6666666666666666,0.3333333333333333
印发,0.0,3.0,0.0,1.0
AppAnnie,0.0,3.0,0.0,1.0
跌,6.0,3.0,0.6666666666666666,0.3333333333333333
现身,15.0,0.0,1.0,0.0
告知,0.0,15.0,0.0,1.0
20.71,0.0,3.0,0.0,1.0
网络科技,0.0,123.0,0.0,1.0
呈现,0.0,21.0,0.0,1.0
这个,0.0,18.0,0.0,1.0
原有,0.0,6.0,0.0,1.0
整合,0.0,6.0,0.0,1.0
整体,9.0,12.0,0.42857142857142855,0.5714285714285714
4.51,0.0,3.0,0.0,1.0
共享,0.0,6.0,0.0,1.0
支持,3.0,9.0,0.25,0.75
B,0.0,6.0,0.0,1.0
基础,0.0,21.0,0.0,1.0
神奇,0.0,3.0,0.0,1.0
昨日,21.0,24.0,0.4666666666666667,0.5333333333333333
支出,3.0,0.0,1.0,0.0
细分,6.0,0.0,1.0,0.0
多只,0.0,6.0,0.0,1.0
提,0.0,3.0,0.0,1.0
直线,0.0,3.0,0.0,1.0
问财,9.0,48.0,0.15789473684210525,0.8421052631578947
全面,0.0,3.0,0.0,1.0
多达,0.0,6.0,0.0,1.0
cc,0.0,3.0,0.0,1.0
四,0.0,6.0,0.0,1.0
年,141.0,273.0,0.34057971014492755,0.6594202898550725
通道,0.0,24.0,0.0,1.0
排,0.0,6.0,0.0,1.0
同类,3.0,0.0,1.0,0.0
具体,0.0,9.0,0.0,1.0
文二,0.0,3.0,0.0,1.0
只,42.0,51.0,0.45161290322580644,0.5483870967741935
重点,0.0,12.0,0.0,1.0
很大,0.0,3.0,0.0,1.0
偿还,0.0,3.0,0.0,1.0
泡沫,0.0,3.0,0.0,1.0
保险,3.0,12.0,0.2,0.8
引流,0.0,24.0,0.0,1.0
基调,3.0,0.0,1.0,0.0
1.8,0.0,3.0,0.0,1.0
归属于,12.0,3.0,0.8,0.2
行政处罚,0.0,21.0,0.0,1.0
多渠道,0.0,6.0,0.0,1.0
二百零六,0.0,3.0,0.0,1.0
T1,3.0,3.0,0.5,0.5
600522,0.0,3.0,0.0,1.0
201707,0.0,15.0,0.0,1.0
13.16,3.0,0.0,1.0,0.0
蓝筹股,0.0,6.0,0.0,1.0
累计,48.0,15.0,0.7619047619047619,0.23809523809523808
126,0.0,3.0,0.0,1.0
283,3.0,0.0,1.0,0.0
余项,0.0,3.0,0.0,1.0
榜单,0.0,3.0,0.0,1.0
积累,0.0,3.0,0.0,1.0
152,3.0,0.0,1.0,0.0
开始,9.0,39.0,0.1875,0.8125
话费,0.0,3.0,0.0,1.0
引擎,0.0,3.0,0.0,1.0
终结,0.0,3.0,0.0,1.0
一字,0.0,15.0,0.0,1.0
这是,0.0,3.0,0.0,1.0
老师,0.0,3.0,0.0,1.0
沱牌,6.0,0.0,1.0,0.0
争霸,0.0,9.0,0.0,1.0
涨跌幅,9.0,0.0,1.0,0.0
自身,0.0,9.0,0.0,1.0
电力,0.0,3.0,0.0,1.0
由,6.0,51.0,0.10526315789473684,0.8947368421052632
尽如人意,3.0,0.0,1.0,0.0
后面,0.0,3.0,0.0,1.0
战略,0.0,12.0,0.0,1.0
着,0.0,27.0,0.0,1.0
上移,0.0,3.0,0.0,1.0
预警,0.0,6.0,0.0,1.0
Q4hZMAWs5wxfJ5OhOSXbGOtPe3992xulyEZiaNupSGCy0r5gLJeUYXLib3Avz3hfEGX0V9Zj6859RbYmdQ,0.0,3.0,0.0,1.0
本轮,0.0,3.0,0.0,1.0
巧用,0.0,3.0,0.0,1.0
942,0.0,6.0,0.0,1.0
www,3.0,18.0,0.14285714285714285,0.8571428571428571
0.35,3.0,0.0,1.0,0.0
121,6.0,0.0,1.0,0.0
装备,0.0,3.0,0.0,1.0
Wind,6.0,0.0,1.0,0.0
同顺大,0.0,3.0,0.0,1.0
烯,0.0,12.0,0.0,1.0
能量,0.0,3.0,0.0,1.0
可见,0.0,9.0,0.0,1.0
中源,0.0,3.0,0.0,1.0
渐成,0.0,9.0,0.0,1.0
第二名,0.0,3.0,0.0,1.0
...,0.0,6.0,0.0,1.0
栏目,0.0,54.0,0.0,1.0
确定,0.0,9.0,0.0,1.0
面临,0.0,12.0,0.0,1.0
跌势,0.0,3.0,0.0,1.0
清晰,0.0,6.0,0.0,1.0
AresManagement,3.0,0.0,1.0,0.0
背景,9.0,3.0,0.75,0.25
集中,0.0,15.0,0.0,1.0
落而,0.0,6.0,0.0,1.0
分道扬镳,0.0,3.0,0.0,1.0
拆分,0.0,6.0,0.0,1.0
美元,18.0,0.0,1.0,0.0
行权价,6.0,0.0,1.0,0.0
金元,0.0,12.0,0.0,1.0
帮助,0.0,21.0,0.0,1.0
1000,0.0,3.0,0.0,1.0
限制,0.0,6.0,0.0,1.0
截止,6.0,9.0,0.4,0.6
369,3.0,0.0,1.0,0.0
000803,0.0,3.0,0.0,1.0
上述,15.0,42.0,0.2631578947368421,0.7368421052631579
为什么,0.0,9.0,0.0,1.0
组合,0.0,3.0,0.0,1.0
8088,0.0,3.0,0.0,1.0
运盛,3.0,0.0,1.0,0.0
中国联通,0.0,6.0,0.0,1.0
承办,0.0,18.0,0.0,1.0
02,3.0,3.0,0.5,0.5
有如,0.0,3.0,0.0,1.0
这方面,0.0,3.0,0.0,1.0
计算,9.0,9.0,0.5,0.5
中科,0.0,3.0,0.0,1.0
b575,0.0,3.0,0.0,1.0
议题,0.0,3.0,0.0,1.0
几何级数,0.0,3.0,0.0,1.0
qlogo,0.0,6.0,0.0,1.0
招聘,0.0,3.0,0.0,1.0
行权,3.0,0.0,1.0,0.0
前五,0.0,6.0,0.0,1.0
加权,3.0,0.0,1.0,0.0
涨,6.0,0.0,1.0,0.0
为海升,6.0,0.0,1.0,0.0
收盘,6.0,18.0,0.25,0.75
涉及,9.0,30.0,0.23076923076923078,0.7692307692307693
早,0.0,9.0,0.0,1.0
软件开发,0.0,6.0,0.0,1.0
控制,24.0,12.0,0.6666666666666666,0.3333333333333333
编辑,0.0,3.0,0.0,1.0
2001,6.0,0.0,1.0,0.0
黑天鹅,0.0,3.0,0.0,1.0
席位,0.0,42.0,0.0,1.0
第七十八条,0.0,3.0,0.0,1.0
A股,51.0,90.0,0.3617021276595745,0.6382978723404256
300285,0.0,3.0,0.0,1.0
广告投放,0.0,3.0,0.0,1.0
迹象,3.0,0.0,1.0,0.0
天玑,0.0,3.0,0.0,1.0
收于,0.0,3.0,0.0,1.0
双向选择,0.0,3.0,0.0,1.0
未果,0.0,3.0,0.0,1.0
871.1018,3.0,0.0,1.0,0.0
军工,9.0,0.0,1.0,0.0
室,0.0,3.0,0.0,1.0
端的,0.0,9.0,0.0,1.0
600645,0.0,3.0,0.0,1.0
决定,0.0,24.0,0.0,1.0
爬取,0.0,3.0,0.0,1.0
推荐,0.0,24.0,0.0,1.0
出处,0.0,3.0,0.0,1.0
149,6.0,0.0,1.0,0.0
一手,0.0,3.0,0.0,1.0
DRRX,3.0,0.0,1.0,0.0
所,0.0,6.0,0.0,1.0
输出方,0.0,3.0,0.0,1.0
成,9.0,6.0,0.6,0.4
5ifund,0.0,3.0,0.0,1.0
3.851,0.0,3.0,0.0,1.0
莱茵,3.0,0.0,1.0,0.0
13,3.0,0.0,1.0,0.0
端近,0.0,6.0,0.0,1.0
视点,3.0,42.0,0.06666666666666667,0.9333333333333333
探讨,0.0,3.0,0.0,1.0
上,12.0,105.0,0.10256410256410256,0.8974358974358975
尔后,0.0,6.0,0.0,1.0
成立,3.0,0.0,1.0,0.0
梯队,0.0,3.0,0.0,1.0
优秀,0.0,3.0,0.0,1.0
花,0.0,3.0,0.0,1.0
同花顺,393.0,2253.0,0.14852607709750568,0.8514739229024944
证券,0.0,249.0,0.0,1.0
当前,6.0,0.0,1.0,0.0
发行,0.0,6.0,0.0,1.0
亿股,15.0,3.0,0.8333333333333334,0.16666666666666666
股友,0.0,9.0,0.0,1.0
执行,0.0,18.0,0.0,1.0
收盘价,3.0,6.0,0.3333333333333333,0.6666666666666666
涉嫌,0.0,66.0,0.0,1.0
换手率,0.0,3.0,0.0,1.0
收费,0.0,6.0,0.0,1.0
mmsns,0.0,6.0,0.0,1.0
朋友,0.0,3.0,0.0,1.0
泰达,0.0,12.0,0.0,1.0
大跌,0.0,9.0,0.0,1.0
等,30.0,207.0,0.12658227848101267,0.8734177215189873
容易,0.0,6.0,0.0,1.0
慢牛,0.0,6.0,0.0,1.0
相当于,0.0,3.0,0.0,1.0
调查,0.0,174.0,0.0,1.0
具名,0.0,3.0,0.0,1.0
底气,0.0,12.0,0.0,1.0
元茂,0.0,3.0,0.0,1.0
采取相应,0.0,6.0,0.0,1.0
隐瞒,0.0,21.0,0.0,1.0
雏鹰,0.0,6.0,0.0,1.0
小编,0.0,3.0,0.0,1.0
转变,9.0,0.0,1.0,0.0
300,0.0,9.0,0.0,1.0
肉禽,6.0,0.0,1.0,0.0
不顾,0.0,3.0,0.0,1.0
低点,3.0,0.0,1.0,0.0
信息技术,0.0,3.0,0.0,1.0
程序,0.0,3.0,0.0,1.0
以下,6.0,30.0,0.16666666666666666,0.8333333333333334
昨天,0.0,18.0,0.0,1.0
出席,0.0,6.0,0.0,1.0
二成,0.0,3.0,0.0,1.0
审核,0.0,69.0,0.0,1.0
向下,0.0,3.0,0.0,1.0
预测,0.0,3.0,0.0,1.0
002092,0.0,3.0,0.0,1.0
导致,6.0,36.0,0.14285714285714285,0.8571428571428571
股票,24.0,84.0,0.2222222222222222,0.7777777777777778
wind,3.0,30.0,0.09090909090909091,0.9090909090909091
分享,0.0,6.0,0.0,1.0
0.57,0.0,3.0,0.0,1.0
教育,12.0,3.0,0.8,0.2
佣金,0.0,63.0,0.0,1.0
77,3.0,0.0,1.0,0.0
有关,0.0,30.0,0.0,1.0
一年,6.0,6.0,0.5,0.5
17.4,6.0,0.0,1.0,0.0
锦富,0.0,3.0,0.0,1.0
分析师,0.0,12.0,0.0,1.0
25,21.0,12.0,0.6363636363636364,0.36363636363636365
筛选,0.0,6.0,0.0,1.0
pic2,0.0,12.0,0.0,1.0
货币,0.0,3.0,0.0,1.0
以,18.0,63.0,0.2222222222222222,0.7777777777777778
各类,3.0,0.0,1.0,0.0
如下,0.0,3.0,0.0,1.0
第三方,0.0,138.0,0.0,1.0
传播媒介,0.0,33.0,0.0,1.0
招揽,0.0,6.0,0.0,1.0
去年同期,3.0,0.0,1.0,0.0
知道,0.0,15.0,0.0,1.0
诚志,0.0,3.0,0.0,1.0
银监会,3.0,0.0,1.0,0.0
300168,0.0,3.0,0.0,1.0
客户,0.0,93.0,0.0,1.0
19.17,3.0,0.0,1.0,0.0
结构,0.0,3.0,0.0,1.0
证券公司,3.0,42.0,0.06666666666666667,0.9333333333333333
购买,3.0,0.0,1.0,0.0
这些,0.0,42.0,0.0,1.0
题材股,0.0,3.0,0.0,1.0
这条,0.0,3.0,0.0,1.0
越,0.0,3.0,0.0,1.0
年底,3.0,0.0,1.0,0.0
实现,81.0,54.0,0.6,0.4
安信,0.0,3.0,0.0,1.0
手法,0.0,3.0,0.0,1.0
新闻,0.0,96.0,0.0,1.0
新,12.0,60.0,0.16666666666666666,0.8333333333333334
上涨,18.0,24.0,0.42857142857142855,0.5714285714285714
是,15.0,264.0,0.053763440860215055,0.946236559139785
荣获,0.0,3.0,0.0,1.0
10.49,0.0,3.0,0.0,1.0
自动,0.0,33.0,0.0,1.0
义乌,0.0,3.0,0.0,1.0
路径,0.0,3.0,0.0,1.0
疯狂,0.0,3.0,0.0,1.0
专属,0.0,3.0,0.0,1.0
维宏,0.0,3.0,0.0,1.0
观察,0.0,3.0,0.0,1.0
规模,0.0,9.0,0.0,1.0
打开,0.0,9.0,0.0,1.0
>,0.0,210.0,0.0,1.0
4a6fae1f44d3481c6f46d5521a2bbb76,0.0,3.0,0.0,1.0
1128,6.0,0.0,1.0,0.0
美国,21.0,6.0,0.7777777777777778,0.2222222222222222
华林,0.0,3.0,0.0,1.0
处于,15.0,3.0,0.8333333333333334,0.16666666666666666
8yM2QEUIdyEPhnOhIHA6DXr7Hdc6PJ1vyZickgoXwcLtLvjLWwE0cshTyACODOeQ,0.0,3.0,0.0,1.0
产生,0.0,6.0,0.0,1.0
158,3.0,0.0,1.0,0.0
0.20,0.0,3.0,0.0,1.0
创业板,3.0,36.0,0.07692307692307693,0.9230769230769231
损害,0.0,6.0,0.0,1.0
200,3.0,0.0,1.0,0.0
140,0.0,6.0,0.0,1.0
稽查,0.0,27.0,0.0,1.0
出现,21.0,45.0,0.3181818181818182,0.6818181818181818
救,0.0,3.0,0.0,1.0
黄所新,0.0,3.0,0.0,1.0
电子商务,0.0,6.0,0.0,1.0
5.49,3.0,0.0,1.0,0.0
46.06,3.0,0.0,1.0,0.0
55,3.0,30.0,0.09090909090909091,0.9090909090909091
接近,0.0,3.0,0.0,1.0
侵害,0.0,6.0,0.0,1.0
269,0.0,3.0,0.0,1.0
日起,6.0,3.0,0.6666666666666666,0.3333333333333333
地,0.0,3.0,0.0,1.0
5.011,3.0,0.0,1.0,0.0
相比,0.0,9.0,0.0,1.0
涨停,6.0,0.0,1.0,0.0
IFinD,3.0,0.0,1.0,0.0
无冕,0.0,12.0,0.0,1.0
转换,0.0,3.0,0.0,1.0
获热,0.0,3.0,0.0,1.0
职称,0.0,3.0,0.0,1.0
往常,0.0,3.0,0.0,1.0
相似,0.0,9.0,0.0,1.0
岁,0.0,6.0,0.0,1.0
开发软件,0.0,3.0,0.0,1.0
达到,3.0,27.0,0.1,0.9
开,0.0,3.0,0.0,1.0
　,0.0,1674.0,0.0,1.0
1695.29,0.0,3.0,0.0,1.0
好几个,0.0,3.0,0.0,1.0
239,0.0,6.0,0.0,1.0
0.91,3.0,0.0,1.0,0.0
唯一,0.0,3.0,0.0,1.0
gD7MSLnsjHAwAJibWYrTib2p9dBm3pTia1bE8icb9sbvuVySySiapQMwYwWAw,0.0,3.0,0.0,1.0
08,15.0,3.0,0.8333333333333334,0.16666666666666666
召开,0.0,6.0,0.0,1.0
威胁,0.0,21.0,0.0,1.0
MSCI,0.0,18.0,0.0,1.0
参与,3.0,3.0,0.5,0.5
多处,0.0,3.0,0.0,1.0
霸主,0.0,6.0,0.0,1.0
游资,0.0,9.0,0.0,1.0
接连,0.0,3.0,0.0,1.0
再度,0.0,3.0,0.0,1.0
免责,3.0,3.0,0.5,0.5
品种,0.0,3.0,0.0,1.0
位列,0.0,3.0,0.0,1.0
ToB,0.0,6.0,0.0,1.0
4,27.0,54.0,0.3333333333333333,0.6666666666666666
发现,18.0,72.0,0.2,0.8
生物,0.0,6.0,0.0,1.0
知名,0.0,9.0,0.0,1.0
兰德,0.0,3.0,0.0,1.0
2017727205946803,0.0,3.0,0.0,1.0
而是,0.0,12.0,0.0,1.0
注册,0.0,9.0,0.0,1.0
新增,0.0,27.0,0.0,1.0
说,0.0,15.0,0.0,1.0
必须,0.0,36.0,0.0,1.0
等等,0.0,6.0,0.0,1.0
抵消,0.0,6.0,0.0,1.0
7000,0.0,3.0,0.0,1.0
咨询服务,0.0,3.0,0.0,1.0
是不是,0.0,6.0,0.0,1.0
总裁,0.0,12.0,0.0,1.0
流通股,15.0,0.0,1.0,0.0
炭素,0.0,3.0,0.0,1.0
移动,0.0,75.0,0.0,1.0
联合国环境规划署,0.0,3.0,0.0,1.0
fileupload,0.0,6.0,0.0,1.0
点,3.0,6.0,0.3333333333333333,0.6666666666666666
自然,0.0,3.0,0.0,1.0
科锐,0.0,3.0,0.0,1.0
伴随,0.0,3.0,0.0,1.0
科技,3.0,72.0,0.04,0.96
引导,0.0,6.0,0.0,1.0
实时,0.0,3.0,0.0,1.0
身位,0.0,3.0,0.0,1.0
相对,0.0,6.0,0.0,1.0
指标,0.0,12.0,0.0,1.0
机构,6.0,114.0,0.05,0.95
精准,0.0,12.0,0.0,1.0
方大,0.0,3.0,0.0,1.0
险企,3.0,3.0,0.5,0.5
颇,0.0,6.0,0.0,1.0
日内,6.0,0.0,1.0,0.0
交易所,0.0,9.0,0.0,1.0
公开,12.0,39.0,0.23529411764705882,0.7647058823529411
平台,6.0,153.0,0.03773584905660377,0.9622641509433962
软件,0.0,87.0,0.0,1.0
起来,0.0,3.0,0.0,1.0
更加,0.0,6.0,0.0,1.0
将,0.0,129.0,0.0,1.0
莱宝,0.0,3.0,0.0,1.0
国际,3.0,15.0,0.16666666666666666,0.8333333333333334
外界,0.0,3.0,0.0,1.0
6.321,0.0,3.0,0.0,1.0
速速,30.0,3.0,0.9090909090909091,0.09090909090909091
细致,0.0,3.0,0.0,1.0
家族,0.0,9.0,0.0,1.0
笔者,0.0,12.0,0.0,1.0
金,3.0,0.0,1.0,0.0
4.00,3.0,0.0,1.0,0.0
粮油,6.0,0.0,1.0,0.0
复盘,0.0,15.0,0.0,1.0
护卫者,0.0,3.0,0.0,1.0
AresManagement2017,3.0,0.0,1.0,0.0
随着,0.0,18.0,0.0,1.0
中金公司,0.0,9.0,0.0,1.0
（,132.0,273.0,0.32592592592592595,0.674074074074074
碳元,0.0,3.0,0.0,1.0
91e7,0.0,3.0,0.0,1.0
看法,0.0,3.0,0.0,1.0
方法,0.0,6.0,0.0,1.0
更,36.0,102.0,0.2608695652173913,0.7391304347826086
周四,0.0,3.0,0.0,1.0
1,24.0,54.0,0.3076923076923077,0.6923076923076923
表示,0.0,69.0,0.0,1.0
wallstcn,0.0,3.0,0.0,1.0
600242,0.0,3.0,0.0,1.0
小窍门,0.0,3.0,0.0,1.0
十大,15.0,0.0,1.0,0.0
总收入,6.0,0.0,1.0,0.0
4406.04,0.0,12.0,0.0,1.0
60.01,3.0,0.0,1.0,0.0
作用,0.0,3.0,0.0,1.0
熊市,0.0,3.0,0.0,1.0
解释,0.0,9.0,0.0,1.0
14,12.0,81.0,0.12903225806451613,0.8709677419354839
导流,0.0,15.0,0.0,1.0
医学,0.0,3.0,0.0,1.0
加大力度,0.0,6.0,0.0,1.0
先知先觉,0.0,6.0,0.0,1.0
适用,0.0,3.0,0.0,1.0
浙,0.0,3.0,0.0,1.0
所述,0.0,3.0,0.0,1.0
理财产品,0.0,3.0,0.0,1.0
软件技术,0.0,3.0,0.0,1.0
持,18.0,3.0,0.8571428571428571,0.14285714285714285
把握,0.0,33.0,0.0,1.0
趁,0.0,3.0,0.0,1.0
风控,0.0,3.0,0.0,1.0
-,57.0,147.0,0.27941176470588236,0.7205882352941176
三年,9.0,12.0,0.42857142857142855,0.5714285714285714
频道,0.0,6.0,0.0,1.0
周末,0.0,6.0,0.0,1.0
已于,0.0,3.0,0.0,1.0
代销,0.0,18.0,0.0,1.0
841.12,3.0,0.0,1.0,0.0
创,0.0,6.0,0.0,1.0
看,6.0,39.0,0.13333333333333333,0.8666666666666667
中国证券监督管理委员会,0.0,3.0,0.0,1.0
左右,3.0,24.0,0.1111111111111111,0.8888888888888888
应仅,0.0,6.0,0.0,1.0
长久以来,0.0,12.0,0.0,1.0
一个月,9.0,0.0,1.0,0.0
呈,0.0,3.0,0.0,1.0
20170723162534JMZlF1myKt,0.0,3.0,0.0,1.0
两条,0.0,6.0,0.0,1.0
期,12.0,6.0,0.6666666666666666,0.3333333333333333
一支,0.0,3.0,0.0,1.0
耐人寻味,0.0,6.0,0.0,1.0
愈加,0.0,3.0,0.0,1.0
复苏,6.0,0.0,1.0,0.0
其存,0.0,3.0,0.0,1.0
及其,6.0,0.0,1.0,0.0
中未,0.0,21.0,0.0,1.0
黄金,0.0,6.0,0.0,1.0
恢复,45.0,0.0,1.0,0.0
不肯,0.0,9.0,0.0,1.0
事项,3.0,6.0,0.3333333333333333,0.6666666666666666
领导,0.0,6.0,0.0,1.0
市,0.0,3.0,0.0,1.0
长途,0.0,3.0,0.0,1.0
Fintech,0.0,6.0,0.0,1.0
支,0.0,3.0,0.0,1.0
环保,3.0,6.0,0.3333333333333333,0.6666666666666666
五家,3.0,15.0,0.16666666666666666,0.8333333333333334
通知书,0.0,9.0,0.0,1.0
价较,3.0,0.0,1.0,0.0
深圳市,0.0,3.0,0.0,1.0
持股,33.0,21.0,0.6111111111111112,0.3888888888888889
发挥,0.0,12.0,0.0,1.0
2013,0.0,12.0,0.0,1.0
认可,0.0,9.0,0.0,1.0
该项,0.0,3.0,0.0,1.0
实际,24.0,0.0,1.0,0.0
监事会,0.0,6.0,0.0,1.0
约等于,0.0,3.0,0.0,1.0
仅仅只是,0.0,3.0,0.0,1.0
匹凸,3.0,0.0,1.0,0.0
25.90,3.0,3.0,0.5,0.5
获客,0.0,12.0,0.0,1.0
改变,0.0,3.0,0.0,1.0
招股书,0.0,3.0,0.0,1.0
内为,0.0,3.0,0.0,1.0
挂钩,0.0,3.0,0.0,1.0
官方,0.0,9.0,0.0,1.0
打压,0.0,3.0,0.0,1.0
感到,0.0,12.0,0.0,1.0
增持,42.0,0.0,1.0,0.0
联合国,0.0,3.0,0.0,1.0
西水股份,3.0,6.0,0.3333333333333333,0.6666666666666666
原,0.0,3.0,0.0,1.0
多维度,0.0,6.0,0.0,1.0
智者,0.0,30.0,0.0,1.0
丨,0.0,6.0,0.0,1.0
昨天下午,0.0,3.0,0.0,1.0
外汇,0.0,3.0,0.0,1.0
0.82,3.0,0.0,1.0,0.0
全都,0.0,3.0,0.0,1.0
权重股,0.0,3.0,0.0,1.0
连夜,0.0,3.0,0.0,1.0
10,30.0,48.0,0.38461538461538464,0.6153846153846154
80,6.0,3.0,0.6666666666666666,0.3333333333333333
公平,0.0,3.0,0.0,1.0
华夏,0.0,3.0,0.0,1.0
亿元,120.0,111.0,0.5194805194805194,0.4805194805194805
跑,3.0,12.0,0.2,0.8
smart,0.0,3.0,0.0,1.0
手机短信,0.0,12.0,0.0,1.0
人工智能,0.0,93.0,0.0,1.0
端,0.0,60.0,0.0,1.0
东旭,0.0,6.0,0.0,1.0
过期,0.0,78.0,0.0,1.0
002652,0.0,3.0,0.0,1.0
用户,0.0,246.0,0.0,1.0
宏利,0.0,12.0,0.0,1.0
调,0.0,12.0,0.0,1.0
形式,0.0,3.0,0.0,1.0
听到,0.0,6.0,0.0,1.0
11.30,3.0,0.0,1.0,0.0
300409,0.0,3.0,0.0,1.0
连发,0.0,3.0,0.0,1.0
联手,0.0,3.0,0.0,1.0
事先,0.0,15.0,0.0,1.0
彩信,0.0,12.0,0.0,1.0
类别,0.0,3.0,0.0,1.0
进而,0.0,6.0,0.0,1.0
吴强,0.0,9.0,0.0,1.0
传谣,0.0,3.0,0.0,1.0
经过,0.0,3.0,0.0,1.0
↓,0.0,9.0,0.0,1.0
article,0.0,3.0,0.0,1.0
构,0.0,6.0,0.0,1.0
开幕,0.0,6.0,0.0,1.0
中国证监会,0.0,33.0,0.0,1.0
182,3.0,0.0,1.0,0.0
证券交易,0.0,18.0,0.0,1.0
水源,3.0,0.0,1.0,0.0
利宇,0.0,3.0,0.0,1.0
管理,0.0,30.0,0.0,1.0
期间,6.0,6.0,0.5,0.5
5.97,3.0,3.0,0.5,0.5
反弹,3.0,15.0,0.16666666666666666,0.8333333333333334
hqpick,0.0,9.0,0.0,1.0
智慧,0.0,111.0,0.0,1.0
还是,0.0,21.0,0.0,1.0
mmhead,0.0,6.0,0.0,1.0
银河证券,0.0,6.0,0.0,1.0
从严处理,0.0,3.0,0.0,1.0
单位,0.0,3.0,0.0,1.0
危险,0.0,6.0,0.0,1.0
继而,0.0,3.0,0.0,1.0
京津冀,0.0,9.0,0.0,1.0
增速,15.0,6.0,0.7142857142857143,0.2857142857142857
@,0.0,3.0,0.0,1.0
发展,6.0,129.0,0.044444444444444446,0.9555555555555556
汉能,0.0,3.0,0.0,1.0
从,3.0,90.0,0.03225806451612903,0.967741935483871
50,18.0,27.0,0.4,0.6
images,0.0,3.0,0.0,1.0
=,0.0,231.0,0.0,1.0
式,0.0,3.0,0.0,1.0
根,0.0,3.0,0.0,1.0
每家,12.0,0.0,1.0,0.0
1.59,0.0,12.0,0.0,1.0
NWLLEeOZicZicOTrfCfmibAp3cvlmVzW3QIHU8Cwd7R1SUtZricNUkLFP30Q,0.0,3.0,0.0,1.0
华夏银行,0.0,3.0,0.0,1.0
出手,0.0,9.0,0.0,1.0
FIG,3.0,0.0,1.0,0.0
研究员,0.0,3.0,0.0,1.0
专业,0.0,18.0,0.0,1.0
龙大,6.0,0.0,1.0,0.0
1.13,3.0,0.0,1.0,0.0
惊醒,0.0,6.0,0.0,1.0
刷新,0.0,6.0,0.0,1.0
1949.09,3.0,0.0,1.0,0.0
研究院,3.0,9.0,0.25,0.75
时报,0.0,3.0,0.0,1.0
通,0.0,3.0,0.0,1.0
所示,0.0,3.0,0.0,1.0
近,27.0,9.0,0.75,0.25
科龙,3.0,0.0,1.0,0.0
流血,0.0,3.0,0.0,1.0
互动,0.0,12.0,0.0,1.0
淘金,0.0,6.0,0.0,1.0
巨大成功,0.0,6.0,0.0,1.0
休闲,6.0,0.0,1.0,0.0
红分,9.0,0.0,1.0,0.0
创出,3.0,0.0,1.0,0.0
切断,0.0,30.0,0.0,1.0
单月,3.0,0.0,1.0,0.0
ADES,3.0,0.0,1.0,0.0
虚假,0.0,3.0,0.0,1.0
披露,9.0,45.0,0.16666666666666666,0.8333333333333334
35.28,3.0,0.0,1.0,0.0
三,3.0,12.0,0.2,0.8
机制,0.0,6.0,0.0,1.0
需求,0.0,12.0,0.0,1.0
六月,0.0,3.0,0.0,1.0
0.81,3.0,0.0,1.0,0.0
千位,0.0,3.0,0.0,1.0
3f842c6301b9dbdf0450e228655f11b6,0.0,3.0,0.0,1.0
82,3.0,0.0,1.0,0.0
一刀,0.0,3.0,0.0,1.0
002510,0.0,3.0,0.0,1.0
效率,0.0,3.0,0.0,1.0
互联网,0.0,96.0,0.0,1.0
融资,9.0,24.0,0.2727272727272727,0.7272727272727273
53,0.0,3.0,0.0,1.0
总监,0.0,3.0,0.0,1.0
2899,0.0,3.0,0.0,1.0
联塑,0.0,3.0,0.0,1.0
收,0.0,3.0,0.0,1.0
不吝,0.0,6.0,0.0,1.0
石化,9.0,3.0,0.75,0.25
打击,0.0,3.0,0.0,1.0
 ,1119.0,903.0,0.5534124629080118,0.4465875370919881
删除,0.0,15.0,0.0,1.0
跨越式,0.0,6.0,0.0,1.0
1.63,3.0,0.0,1.0,0.0
稍显,0.0,3.0,0.0,1.0
真的,0.0,3.0,0.0,1.0
双双,9.0,0.0,1.0,0.0
舍得,6.0,0.0,1.0,0.0
雨,0.0,3.0,0.0,1.0
一案,0.0,33.0,0.0,1.0
多户,0.0,30.0,0.0,1.0
会大些,0.0,3.0,0.0,1.0
短,0.0,3.0,0.0,1.0
共,30.0,3.0,0.9090909090909091,0.09090909090909091
部分,0.0,12.0,0.0,1.0
不大,3.0,0.0,1.0,0.0
财富,0.0,24.0,0.0,1.0
客户资源,0.0,18.0,0.0,1.0
储备,0.0,3.0,0.0,1.0
5.48,0.0,3.0,0.0,1.0
》,87.0,144.0,0.37662337662337664,0.6233766233766234
津贵,0.0,3.0,0.0,1.0
杜宇,0.0,3.0,0.0,1.0
138.94,3.0,0.0,1.0,0.0
缪寿良,0.0,3.0,0.0,1.0
双重,0.0,3.0,0.0,1.0
本报讯,0.0,3.0,0.0,1.0
比近,0.0,3.0,0.0,1.0
使,0.0,12.0,0.0,1.0
窝,0.0,6.0,0.0,1.0
4.910,3.0,0.0,1.0,0.0
zIZdQM00jSnNmght5SibsibDYJFIXicrCyty7YfjiaVJ3riapt7ribEy3XQKrJz6pytxqUgGltVtZVuT0xYYibTFJyibFQ,0.0,9.0,0.0,1.0
一股,0.0,6.0,0.0,1.0
复权,0.0,6.0,0.0,1.0
会,0.0,81.0,0.0,1.0
检验,0.0,3.0,0.0,1.0
先后,0.0,3.0,0.0,1.0
房地产,6.0,0.0,1.0,0.0
主动,0.0,21.0,0.0,1.0
数据库,6.0,0.0,1.0,0.0
顾问,0.0,12.0,0.0,1.0
认证,0.0,12.0,0.0,1.0
金融界,0.0,12.0,0.0,1.0
纳入,0.0,9.0,0.0,1.0
成交量,3.0,0.0,1.0,0.0
请,6.0,3.0,0.6666666666666666,0.3333333333333333
华锦,0.0,6.0,0.0,1.0
2.17,3.0,0.0,1.0,0.0
易,0.0,3.0,0.0,1.0
44,3.0,0.0,1.0,0.0
掌控,0.0,6.0,0.0,1.0
立即,0.0,6.0,0.0,1.0
加入,0.0,3.0,0.0,1.0
媒体,6.0,75.0,0.07407407407407407,0.9259259259259259
相信,0.0,21.0,0.0,1.0
宝座,0.0,15.0,0.0,1.0
秋林,0.0,3.0,0.0,1.0
18.89,3.0,0.0,1.0,0.0
主办,0.0,3.0,0.0,1.0
万亿元,6.0,0.0,1.0,0.0
日年化,3.0,0.0,1.0,0.0
未达标,3.0,0.0,1.0,0.0
25.55,3.0,3.0,0.5,0.5
服务水平,0.0,9.0,0.0,1.0
月,189.0,339.0,0.35795454545454547,0.6420454545454546
金融市场,0.0,3.0,0.0,1.0
企营收,6.0,0.0,1.0,0.0
人,27.0,9.0,0.75,0.25
龙头企业,0.0,3.0,0.0,1.0
摆脱,0.0,9.0,0.0,1.0
查委外,3.0,0.0,1.0,0.0
下设,0.0,3.0,0.0,1.0
328.48,3.0,0.0,1.0,0.0
两只,6.0,0.0,1.0,0.0
收益,3.0,18.0,0.14285714285714285,0.8571428571428571
报道,0.0,36.0,0.0,1.0
相应,0.0,15.0,0.0,1.0
曾,0.0,3.0,0.0,1.0
22.85,3.0,0.0,1.0,0.0
0.1300,3.0,0.0,1.0,0.0
12,3.0,51.0,0.05555555555555555,0.9444444444444444
诊股,0.0,36.0,0.0,1.0
走势,0.0,3.0,0.0,1.0
促使,0.0,3.0,0.0,1.0
流向,0.0,6.0,0.0,1.0
25476.05,0.0,6.0,0.0,1.0
封一,0.0,3.0,0.0,1.0
中止,0.0,12.0,0.0,1.0
天天,0.0,3.0,0.0,1.0
事件,0.0,27.0,0.0,1.0
成功,0.0,30.0,0.0,1.0
揭露,0.0,3.0,0.0,1.0
时间表,0.0,3.0,0.0,1.0
方,0.0,9.0,0.0,1.0
华帝,3.0,0.0,1.0,0.0
荣誉,0.0,3.0,0.0,1.0
遥遥领先,0.0,6.0,0.0,1.0
崛起,0.0,3.0,0.0,1.0
甩卖,0.0,3.0,0.0,1.0
两个,3.0,6.0,0.3333333333333333,0.6666666666666666
内部,0.0,6.0,0.0,1.0
负责人,0.0,21.0,0.0,1.0
明显,9.0,51.0,0.15,0.85
先生,0.0,36.0,0.0,1.0
龙头,3.0,27.0,0.1,0.9
劣势,0.0,3.0,0.0,1.0
西路,0.0,3.0,0.0,1.0
应对,0.0,3.0,0.0,1.0
裂痕,0.0,9.0,0.0,1.0
激励,6.0,0.0,1.0,0.0
重大,0.0,9.0,0.0,1.0
起家,0.0,3.0,0.0,1.0
理解,0.0,9.0,0.0,1.0
终于,3.0,0.0,1.0,0.0
3285.03,0.0,12.0,0.0,1.0
0755,0.0,3.0,0.0,1.0
三方,0.0,12.0,0.0,1.0
精选,3.0,3.0,0.5,0.5
2.23,0.0,3.0,0.0,1.0
0.26,3.0,0.0,1.0,0.0
添加,0.0,6.0,0.0,1.0
12.86,0.0,3.0,0.0,1.0
建议,3.0,12.0,0.2,0.8
网信,0.0,6.0,0.0,1.0
詹钰叶,0.0,3.0,0.0,1.0
艺是,0.0,6.0,0.0,1.0
大型,3.0,60.0,0.047619047619047616,0.9523809523809523
混合,3.0,0.0,1.0,0.0
占,39.0,66.0,0.37142857142857144,0.6285714285714286
财宝,0.0,6.0,0.0,1.0
强大,0.0,27.0,0.0,1.0
5.32,0.0,3.0,0.0,1.0
时,0.0,36.0,0.0,1.0
22,6.0,15.0,0.2857142857142857,0.7142857142857143
KM5P6Y0bWslKY2pna6mBODI03wkqcvWaB1IySoMSS2OWfralda3icKktvXdLy29d7BL5Cn8qdmQb2V4rCrDJWfQ,0.0,3.0,0.0,1.0
并且,0.0,6.0,0.0,1.0
领先,3.0,9.0,0.25,0.75
执着,0.0,3.0,0.0,1.0
深,30.0,0.0,1.0,0.0
天,3.0,3.0,0.5,0.5
亚圣,3.0,0.0,1.0,0.0
互联,0.0,6.0,0.0,1.0
IicpiaA0fbv9KZmibJts9rfgl5AIFEkDWE73biaAmsr2vQ,0.0,3.0,0.0,1.0
提交,3.0,0.0,1.0,0.0
旗下,0.0,69.0,0.0,1.0
买卖,0.0,3.0,0.0,1.0
爆发,3.0,12.0,0.2,0.8
更受,0.0,3.0,0.0,1.0
不休,3.0,0.0,1.0,0.0
同一时间,0.0,3.0,0.0,1.0
第二个,0.0,3.0,0.0,1.0
1.64,3.0,0.0,1.0,0.0
每经,0.0,6.0,0.0,1.0
推出,0.0,15.0,0.0,1.0
学法,0.0,6.0,0.0,1.0
0.07,3.0,0.0,1.0,0.0
输,3.0,3.0,0.5,0.5
报送,0.0,3.0,0.0,1.0
抓住,0.0,3.0,0.0,1.0
广告业务,0.0,3.0,0.0,1.0
转发,0.0,6.0,0.0,1.0
且,6.0,12.0,0.3333333333333333,0.6666666666666666
交易日,15.0,24.0,0.38461538461538464,0.6153846153846154
拿来,0.0,3.0,0.0,1.0
提供,3.0,90.0,0.03225806451612903,0.967741935483871
董事,0.0,39.0,0.0,1.0
爆发式,0.0,6.0,0.0,1.0
近日,0.0,33.0,0.0,1.0
导读,0.0,3.0,0.0,1.0
历史,0.0,9.0,0.0,1.0
化,0.0,18.0,0.0,1.0
证券日报,87.0,15.0,0.8529411764705882,0.14705882352941177
白马股,9.0,12.0,0.42857142857142855,0.5714285714285714
传播,0.0,147.0,0.0,1.0
延续,0.0,18.0,0.0,1.0
相继,0.0,9.0,0.0,1.0
小,0.0,12.0,0.0,1.0
杠杆,3.0,0.0,1.0,0.0
利率,3.0,9.0,0.25,0.75
现金,9.0,0.0,1.0,0.0
怎么样,0.0,3.0,0.0,1.0
之际,0.0,6.0,0.0,1.0
可以,0.0,84.0,0.0,1.0
中金,0.0,3.0,0.0,1.0
有所,12.0,6.0,0.6666666666666666,0.3333333333333333
自担,3.0,3.0,0.5,0.5
您,0.0,3.0,0.0,1.0
：,180.0,252.0,0.4166666666666667,0.5833333333333334
下调,0.0,6.0,0.0,1.0
2947.55,0.0,12.0,0.0,1.0
一路,6.0,9.0,0.4,0.6
未能,0.0,3.0,0.0,1.0
当然,0.0,12.0,0.0,1.0
定期,0.0,15.0,0.0,1.0
要说,0.0,3.0,0.0,1.0
）,132.0,273.0,0.32592592592592595,0.674074074074074
最为,0.0,3.0,0.0,1.0
金宇,0.0,3.0,0.0,1.0
sm2qZVJdNCFRWUicJJ4FOk7SZicVWX3JuwibP4lg,0.0,3.0,0.0,1.0
里面,0.0,9.0,0.0,1.0
投资,6.0,117.0,0.04878048780487805,0.9512195121951219
正在,0.0,27.0,0.0,1.0
最低,6.0,0.0,1.0,0.0
越靠,0.0,3.0,0.0,1.0
总共,0.0,3.0,0.0,1.0
次新股,3.0,24.0,0.1111111111111111,0.8888888888888888
智能,3.0,33.0,0.08333333333333333,0.9166666666666666
低价股,6.0,0.0,1.0,0.0
赢,0.0,3.0,0.0,1.0
呵护,0.0,9.0,0.0,1.0
繁荣,0.0,3.0,0.0,1.0
共计,6.0,0.0,1.0,0.0
新浪,0.0,12.0,0.0,1.0
再现,3.0,0.0,1.0,0.0
拉响,0.0,12.0,0.0,1.0
后续,0.0,6.0,0.0,1.0
阳线,0.0,3.0,0.0,1.0
整治,0.0,3.0,0.0,1.0
宗,0.0,3.0,0.0,1.0
做到,0.0,3.0,0.0,1.0
快速增长,0.0,6.0,0.0,1.0
周二,3.0,0.0,1.0,0.0
临安,0.0,3.0,0.0,1.0
一直,0.0,15.0,0.0,1.0
云,0.0,9.0,0.0,1.0
既然,0.0,3.0,0.0,1.0
8IiaeFib3HDeD1OpibIIVDBYI4sSsGQfq7bG7BB7oJHp2oG0Uia83vtWCa4guA0OP0BglkfT1kicLoDOIj6JYVXbYpQ,0.0,3.0,0.0,1.0
复制,0.0,6.0,0.0,1.0
坑,0.0,3.0,0.0,1.0
终端,0.0,6.0,0.0,1.0
nFvdnkerzmpYIHibTs49QD1trlfGV1Yat8vnRzK3g,0.0,3.0,0.0,1.0
599.86,3.0,0.0,1.0,0.0
三板,3.0,0.0,1.0,0.0
统计数据,27.0,21.0,0.5625,0.4375
开板,0.0,3.0,0.0,1.0
注,3.0,0.0,1.0,0.0
四大,0.0,6.0,0.0,1.0
量,0.0,12.0,0.0,1.0
操作,12.0,15.0,0.4444444444444444,0.5555555555555556
1.08,3.0,3.0,0.5,0.5
粘住,0.0,3.0,0.0,1.0
拉,0.0,3.0,0.0,1.0
万达,0.0,3.0,0.0,1.0
一人,0.0,30.0,0.0,1.0
公布,3.0,12.0,0.2,0.8
项仅,0.0,6.0,0.0,1.0
绝对,0.0,9.0,0.0,1.0
录入,0.0,21.0,0.0,1.0
新乡,0.0,3.0,0.0,1.0
整理,3.0,0.0,1.0,0.0
股本,0.0,36.0,0.0,1.0
地位,0.0,12.0,0.0,1.0
没有,0.0,39.0,0.0,1.0
1504,3.0,0.0,1.0,0.0
放量,0.0,3.0,0.0,1.0
二选,0.0,3.0,0.0,1.0
服务商,0.0,36.0,0.0,1.0
换,0.0,3.0,0.0,1.0
文化,0.0,6.0,0.0,1.0
一波,3.0,6.0,0.3333333333333333,0.6666666666666666
日晚,0.0,3.0,0.0,1.0
同顺,0.0,30.0,0.0,1.0
9078.6,3.0,0.0,1.0,0.0
现在,0.0,27.0,0.0,1.0
趋势,0.0,18.0,0.0,1.0
幌子,0.0,6.0,0.0,1.0
在线,0.0,12.0,0.0,1.0
门户,0.0,6.0,0.0,1.0
下载,0.0,45.0,0.0,1.0
来看,6.0,15.0,0.2857142857142857,0.7142857142857143
多种,12.0,3.0,0.8,0.2
冲高,0.0,3.0,0.0,1.0
应声,0.0,6.0,0.0,1.0
山东,0.0,3.0,0.0,1.0
混合型,3.0,0.0,1.0,0.0
得到,0.0,21.0,0.0,1.0
浙江省,0.0,6.0,0.0,1.0
今年以来,9.0,0.0,1.0,0.0
逻辑,0.0,9.0,0.0,1.0
引领,6.0,0.0,1.0,0.0
脱媒,0.0,3.0,0.0,1.0
单日,0.0,3.0,0.0,1.0
58.70,0.0,3.0,0.0,1.0
各家,0.0,9.0,0.0,1.0
产品,0.0,30.0,0.0,1.0
好消息,0.0,9.0,0.0,1.0
于,18.0,84.0,0.17647058823529413,0.8235294117647058
产品化,0.0,3.0,0.0,1.0
时代,0.0,45.0,0.0,1.0
比约,6.0,0.0,1.0,0.0
300090,3.0,0.0,1.0,0.0
理财,0.0,6.0,0.0,1.0
立案,0.0,129.0,0.0,1.0
网站,0.0,228.0,0.0,1.0
休市,3.0,0.0,1.0,0.0
而且,0.0,15.0,0.0,1.0
债券,0.0,87.0,0.0,1.0
持续,6.0,36.0,0.14285714285714285,0.8571428571428571
Sns,0.0,6.0,0.0,1.0
医药,0.0,6.0,0.0,1.0
结束,0.0,6.0,0.0,1.0
429b,0.0,3.0,0.0,1.0
围绕,0.0,6.0,0.0,1.0
显示,156.0,87.0,0.6419753086419753,0.35802469135802467
资产负债率,3.0,0.0,1.0,0.0
力度,0.0,6.0,0.0,1.0
转型,0.0,33.0,0.0,1.0
巨额,0.0,18.0,0.0,1.0
吸引力,0.0,9.0,0.0,1.0
类似,0.0,12.0,0.0,1.0
阶段,12.0,0.0,1.0,0.0
为例,3.0,3.0,0.5,0.5
跌破,6.0,3.0,0.6666666666666666,0.3333333333333333
舆情,0.0,18.0,0.0,1.0
客观,0.0,24.0,0.0,1.0
430,0.0,6.0,0.0,1.0
142,0.0,3.0,0.0,1.0
地址,0.0,6.0,0.0,1.0
千亿元,3.0,0.0,1.0,0.0
两三年,0.0,6.0,0.0,1.0
dove,0.0,3.0,0.0,1.0
市场秩序,0.0,42.0,0.0,1.0
wIBZVibhvROdMDSerLwyplJLMJMKulVzRic3uc,0.0,3.0,0.0,1.0
另据,3.0,0.0,1.0,0.0
本来,0.0,6.0,0.0,1.0
多个,0.0,27.0,0.0,1.0
增长率,0.0,9.0,0.0,1.0
发生,12.0,9.0,0.5714285714285714,0.42857142857142855
领导者,0.0,6.0,0.0,1.0
得不到,0.0,3.0,0.0,1.0
不超,0.0,18.0,0.0,1.0
国内,0.0,21.0,0.0,1.0
顺平,0.0,3.0,0.0,1.0
证券时报,3.0,9.0,0.25,0.75
通过,30.0,69.0,0.30303030303030304,0.696969696969697
科林,0.0,3.0,0.0,1.0
仍处,6.0,0.0,1.0,0.0
入口,0.0,63.0,0.0,1.0
增量,3.0,3.0,0.5,0.5
子公司,3.0,60.0,0.047619047619047616,0.9523809523809523
希望,0.0,6.0,0.0,1.0
应用,0.0,6.0,0.0,1.0
化工行业,3.0,9.0,0.25,0.75
17226.91,3.0,0.0,1.0,0.0
经济,0.0,27.0,0.0,1.0
保持,0.0,24.0,0.0,1.0
周晓光,0.0,3.0,0.0,1.0
求着,0.0,6.0,0.0,1.0
比例,12.0,15.0,0.4444444444444444,0.5555555555555556
147,12.0,0.0,1.0,0.0
6,15.0,42.0,0.2631578947368421,0.7368421052631579
晚上,0.0,12.0,0.0,1.0
选股,0.0,27.0,0.0,1.0
完毕,3.0,0.0,1.0,0.0
中持,0.0,3.0,0.0,1.0
北上,18.0,0.0,1.0,0.0
3000,0.0,6.0,0.0,1.0
最终,0.0,9.0,0.0,1.0
不得不,0.0,3.0,0.0,1.0
借口,0.0,12.0,0.0,1.0
想想,0.0,3.0,0.0,1.0
安身立命,0.0,6.0,0.0,1.0
刚有,0.0,6.0,0.0,1.0
其,6.0,51.0,0.10526315789473684,0.8947368421052632
Durect,3.0,0.0,1.0,0.0
冲击,0.0,3.0,0.0,1.0
42,0.0,6.0,0.0,1.0
顺势,9.0,0.0,1.0,0.0
仍,6.0,12.0,0.3333333333333333,0.6666666666666666
cn,0.0,90.0,0.0,1.0
己,0.0,3.0,0.0,1.0
国承信,0.0,36.0,0.0,1.0
3834.6,0.0,6.0,0.0,1.0
简历,0.0,3.0,0.0,1.0
优化,0.0,3.0,0.0,1.0
出炉,0.0,3.0,0.0,1.0
犹存,0.0,3.0,0.0,1.0
提到,0.0,3.0,0.0,1.0
最近,9.0,6.0,0.6,0.4
全资,3.0,3.0,0.5,0.5
欢迎,0.0,6.0,0.0,1.0
重视,0.0,21.0,0.0,1.0
服务行业,0.0,3.0,0.0,1.0
达泰莱,3.0,0.0,1.0,0.0
海天,3.0,0.0,1.0,0.0
合计,30.0,33.0,0.47619047619047616,0.5238095238095238
7392.39,3.0,0.0,1.0,0.0
哦,0.0,12.0,0.0,1.0
精彩内容,0.0,3.0,0.0,1.0
年度,6.0,0.0,1.0,0.0
华兰,0.0,3.0,0.0,1.0
遭,0.0,36.0,0.0,1.0
均价,3.0,0.0,1.0,0.0
创新,6.0,12.0,0.3333333333333333,0.6666666666666666
新一代,0.0,3.0,0.0,1.0
多,6.0,63.0,0.08695652173913043,0.9130434782608695
11,12.0,6.0,0.6666666666666666,0.3333333333333333
庞大,0.0,3.0,0.0,1.0
铝,6.0,0.0,1.0,0.0
而言,0.0,6.0,0.0,1.0
139,0.0,3.0,0.0,1.0
卓越,0.0,3.0,0.0,1.0
违法行为,0.0,63.0,0.0,1.0
送转,0.0,3.0,0.0,1.0
通报,0.0,27.0,0.0,1.0
包括,6.0,24.0,0.2,0.8
处境,0.0,6.0,0.0,1.0
只沪港,3.0,0.0,1.0,0.0
下半年,0.0,18.0,0.0,1.0
预收款,0.0,6.0,0.0,1.0
据,24.0,54.0,0.3076923076923077,0.6923076923076923
thsgmg,33.0,3.0,0.9166666666666666,0.08333333333333333
异常,9.0,0.0,1.0,0.0
千龙网,0.0,3.0,0.0,1.0
需要,0.0,15.0,0.0,1.0
万得,0.0,12.0,0.0,1.0
这份,0.0,6.0,0.0,1.0
禁止,0.0,30.0,0.0,1.0
17.65,3.0,0.0,1.0,0.0
流通,3.0,0.0,1.0,0.0
app,0.0,36.0,0.0,1.0
gif,0.0,15.0,0.0,1.0
qpic,0.0,54.0,0.0,1.0
乐视,0.0,3.0,0.0,1.0
上海,9.0,18.0,0.3333333333333333,0.6666666666666666
回避,0.0,3.0,0.0,1.0
新宝,3.0,0.0,1.0,0.0
封盘,0.0,3.0,0.0,1.0
信息,9.0,255.0,0.03409090909090909,0.9659090909090909
非雄安,3.0,0.0,1.0,0.0
000033,0.0,3.0,0.0,1.0
李洪彦,0.0,6.0,0.0,1.0
妻子,6.0,0.0,1.0,0.0
是否,0.0,24.0,0.0,1.0
128,6.0,3.0,0.6666666666666666,0.3333333333333333
事务所,0.0,12.0,0.0,1.0
获利,0.0,9.0,0.0,1.0
除权,9.0,0.0,1.0,0.0
反击,0.0,18.0,0.0,1.0
工具,0.0,9.0,0.0,1.0
香港股市,3.0,0.0,1.0,0.0
bhvROdXo19dGNoOwXT8R9ufIGYqa5U6mOhwYWemuzvKoWFNAQsbBXVlbFzFt5k53rGOFGgYZN2bDVtZBQ,0.0,3.0,0.0,1.0
领跌,0.0,3.0,0.0,1.0
0.53,0.0,3.0,0.0,1.0
经验,0.0,3.0,0.0,1.0
接口,0.0,3.0,0.0,1.0
大小,0.0,3.0,0.0,1.0
日期,51.0,3.0,0.9444444444444444,0.05555555555555555
金瑞,0.0,3.0,0.0,1.0
多次,0.0,3.0,0.0,1.0
上行,0.0,9.0,0.0,1.0
ARES,3.0,0.0,1.0,0.0
市场竞争,0.0,6.0,0.0,1.0
精简,0.0,12.0,0.0,1.0
去年,3.0,0.0,1.0,0.0
四分之一,0.0,3.0,0.0,1.0
责令,0.0,39.0,0.0,1.0
汇金,6.0,0.0,1.0,0.0
失去,0.0,3.0,0.0,1.0
美的,3.0,0.0,1.0,0.0
建筑,6.0,3.0,0.6666666666666666,0.3333333333333333
神器,0.0,18.0,0.0,1.0
源码,0.0,3.0,0.0,1.0
背后,0.0,9.0,0.0,1.0
下,9.0,33.0,0.21428571428571427,0.7857142857142857
来说,3.0,24.0,0.1111111111111111,0.8888888888888888
43,3.0,0.0,1.0,0.0
发起,0.0,18.0,0.0,1.0
落地,0.0,6.0,0.0,1.0
涨价,15.0,0.0,1.0,0.0
选出,0.0,3.0,0.0,1.0
作者,0.0,24.0,0.0,1.0
情况,0.0,48.0,0.0,1.0
并未,0.0,3.0,0.0,1.0
不可避免,0.0,3.0,0.0,1.0
总量,0.0,6.0,0.0,1.0
迎来,6.0,30.0,0.16666666666666666,0.8333333333333334
汽模,0.0,3.0,0.0,1.0
到哪去,0.0,3.0,0.0,1.0
黑龙江,0.0,3.0,0.0,1.0
pedaily,0.0,12.0,0.0,1.0
重,0.0,3.0,0.0,1.0
组织,0.0,3.0,0.0,1.0
转向,0.0,6.0,0.0,1.0
银证保,0.0,3.0,0.0,1.0
https,0.0,3.0,0.0,1.0
蚂蚁,0.0,6.0,0.0,1.0
远高于,0.0,3.0,0.0,1.0
600291,0.0,3.0,0.0,1.0
中小型,0.0,6.0,0.0,1.0
修改,0.0,6.0,0.0,1.0
国务院,0.0,9.0,0.0,1.0
本身,0.0,3.0,0.0,1.0
i1,0.0,3.0,0.0,1.0
Y0Vbn7Z7oJAh6WzuA4ZsXfN2spBzgaWgQLMWyAbvtDwBY1bwcgNrUibkJyWjZUkgem1W7UtVicqXg9SMkwcyf3icw,0.0,3.0,0.0,1.0
责任,0.0,6.0,0.0,1.0
眉毛胡子一把抓,0.0,3.0,0.0,1.0
一条,0.0,33.0,0.0,1.0
APEN,3.0,0.0,1.0,0.0
龙溪,3.0,0.0,1.0,0.0
598.65,3.0,0.0,1.0,0.0
排行榜,3.0,0.0,1.0,0.0
分析,12.0,27.0,0.3076923076923077,0.6923076923076923
一切,0.0,6.0,0.0,1.0
董事长,0.0,36.0,0.0,1.0
瞩目,3.0,3.0,0.5,0.5
困难,0.0,6.0,0.0,1.0
屋漏,0.0,3.0,0.0,1.0
.,33.0,420.0,0.0728476821192053,0.9271523178807947
数,0.0,3.0,0.0,1.0
万月活,0.0,6.0,0.0,1.0
挑选,0.0,3.0,0.0,1.0
港美股,36.0,3.0,0.9230769230769231,0.07692307692307693
68W2ibgev9bHSHJicWDiagA3ibz03kqyl3F2KRcFah8TOvN4apr9pw7veRCqmXewRLQA,0.0,3.0,0.0,1.0
国华人寿,3.0,3.0,0.5,0.5
至少,0.0,9.0,0.0,1.0
证据,0.0,15.0,0.0,1.0
2,27.0,60.0,0.3103448275862069,0.6896551724137931
盈,6.0,0.0,1.0,0.0
比达,0.0,3.0,0.0,1.0
28.16,3.0,3.0,0.5,0.5
92,3.0,0.0,1.0,0.0
9322.51,3.0,0.0,1.0,0.0
根本原因,0.0,6.0,0.0,1.0
王进,0.0,18.0,0.0,1.0
一次,0.0,3.0,0.0,1.0
回测,0.0,3.0,0.0,1.0
酒业,6.0,0.0,1.0,0.0
金融机构,0.0,6.0,0.0,1.0
变动,6.0,0.0,1.0,0.0
一流,0.0,6.0,0.0,1.0
41,0.0,3.0,0.0,1.0
网上,0.0,12.0,0.0,1.0
投,3.0,6.0,0.3333333333333333,0.6666666666666666
市盈率,0.0,6.0,0.0,1.0
联系方式,0.0,3.0,0.0,1.0
alpha,0.0,6.0,0.0,1.0
stcn,3.0,9.0,0.25,0.75
近年,0.0,3.0,0.0,1.0
押,0.0,6.0,0.0,1.0
掌握,0.0,12.0,0.0,1.0
商业模式,0.0,12.0,0.0,1.0
不用,0.0,3.0,0.0,1.0
接收,0.0,9.0,0.0,1.0
从未,0.0,9.0,0.0,1.0
好想你,6.0,0.0,1.0,0.0
警惕,0.0,6.0,0.0,1.0
为,96.0,156.0,0.38095238095238093,0.6190476190476191
缩水,3.0,0.0,1.0,0.0
成果,0.0,3.0,0.0,1.0
59.95,3.0,0.0,1.0,0.0
扰乱,0.0,81.0,0.0,1.0
31.96,0.0,6.0,0.0,1.0
沈海兵,0.0,3.0,0.0,1.0
停产,0.0,3.0,0.0,1.0
6002.87,3.0,0.0,1.0,0.0
400,0.0,9.0,0.0,1.0
主要,0.0,15.0,0.0,1.0
领涨,0.0,6.0,0.0,1.0
暴跌,0.0,9.0,0.0,1.0
与此同时,0.0,9.0,0.0,1.0
一,18.0,15.0,0.5454545454545454,0.45454545454545453
300059,0.0,9.0,0.0,1.0
拟自,0.0,3.0,0.0,1.0
周年,6.0,0.0,1.0,0.0
发酵,0.0,6.0,0.0,1.0
对外开放,0.0,3.0,0.0,1.0
确实,0.0,9.0,0.0,1.0
案件,0.0,12.0,0.0,1.0
低位,0.0,6.0,0.0,1.0
实,0.0,3.0,0.0,1.0
国投,0.0,3.0,0.0,1.0
智能化,0.0,3.0,0.0,1.0
第一次,0.0,3.0,0.0,1.0
thsi,0.0,9.0,0.0,1.0
3.93,3.0,0.0,1.0,0.0
多出,3.0,0.0,1.0,0.0
原因,36.0,45.0,0.4444444444444444,0.5555555555555556
凯士,0.0,21.0,0.0,1.0
散户,0.0,6.0,0.0,1.0
达,6.0,6.0,0.5,0.5
广昌,0.0,33.0,0.0,1.0
市值,27.0,27.0,0.5,0.5
成为,12.0,24.0,0.3333333333333333,0.6666666666666666
蒸发,0.0,12.0,0.0,1.0
判断,0.0,3.0,0.0,1.0
到来,0.0,3.0,0.0,1.0
全文,0.0,6.0,0.0,1.0
知识,0.0,6.0,0.0,1.0
炒作,0.0,6.0,0.0,1.0
增,6.0,0.0,1.0,0.0
T12,3.0,0.0,1.0,0.0
上年,6.0,6.0,0.5,0.5
West,0.0,3.0,0.0,1.0
30,18.0,39.0,0.3157894736842105,0.6842105263157895
清理,0.0,12.0,0.0,1.0
活跃,0.0,39.0,0.0,1.0
股性,0.0,3.0,0.0,1.0
科技股,3.0,0.0,1.0,0.0
技术,0.0,42.0,0.0,1.0
两款,0.0,3.0,0.0,1.0
数据,174.0,180.0,0.4915254237288136,0.5084745762711864
池,0.0,3.0,0.0,1.0
认真,0.0,33.0,0.0,1.0
A1,0.0,3.0,0.0,1.0
重重,0.0,3.0,0.0,1.0
流量,0.0,105.0,0.0,1.0
扫描,0.0,6.0,0.0,1.0
李河君,0.0,3.0,0.0,1.0
建军,6.0,0.0,1.0,0.0
销售,0.0,33.0,0.0,1.0
支付宝,0.0,12.0,0.0,1.0
融合,0.0,3.0,0.0,1.0
资管,0.0,12.0,0.0,1.0
焦点,0.0,3.0,0.0,1.0
预盈,0.0,3.0,0.0,1.0
名单,9.0,6.0,0.6,0.4
手段,0.0,9.0,0.0,1.0
南京,0.0,3.0,0.0,1.0
3500,0.0,21.0,0.0,1.0
8.210,3.0,0.0,1.0,0.0
语句,0.0,3.0,0.0,1.0
13.97,3.0,3.0,0.5,0.5
20691861,0.0,3.0,0.0,1.0
大,21.0,198.0,0.0958904109589041,0.9041095890410958
这件,0.0,6.0,0.0,1.0
jpeg,0.0,57.0,0.0,1.0
喜人,0.0,6.0,0.0,1.0
127.3,0.0,12.0,0.0,1.0
目标价,0.0,3.0,0.0,1.0
回馈,0.0,6.0,0.0,1.0
秒,0.0,3.0,0.0,1.0
28,3.0,0.0,1.0,0.0
排名,3.0,30.0,0.09090909090909091,0.9090909090909091
查获,0.0,6.0,0.0,1.0
T686v9a8JQibzvTKm18TasfzZNsAyAMNWRjxFtDNaFQQz8x4oTJicKCYnibxYeMtd0NQkxWhxHpMZmrMoqfZnEBJQ,0.0,3.0,0.0,1.0
用户服务,0.0,6.0,0.0,1.0
6401.8,0.0,3.0,0.0,1.0
成本,0.0,12.0,0.0,1.0
2017.06,0.0,3.0,0.0,1.0
理由,0.0,12.0,0.0,1.0
类,9.0,24.0,0.2727272727272727,0.7272727272727273
谨慎,0.0,3.0,0.0,1.0
赌注,0.0,6.0,0.0,1.0
最好,0.0,12.0,0.0,1.0
误导性,0.0,72.0,0.0,1.0
利空,0.0,21.0,0.0,1.0
着手,0.0,3.0,0.0,1.0
展望,0.0,18.0,0.0,1.0
聚焦,0.0,3.0,0.0,1.0
提质,0.0,9.0,0.0,1.0
付费,0.0,18.0,0.0,1.0
再造,0.0,6.0,0.0,1.0
wpimg,0.0,3.0,0.0,1.0
河河,3.0,0.0,1.0,0.0
简单,0.0,12.0,0.0,1.0
定增,6.0,3.0,0.6666666666666666,0.3333333333333333
雄安,3.0,9.0,0.25,0.75
融入,0.0,6.0,0.0,1.0
线,0.0,6.0,0.0,1.0
慢,0.0,6.0,0.0,1.0
14.29,3.0,3.0,0.5,0.5
驱动,0.0,6.0,0.0,1.0
大举,0.0,15.0,0.0,1.0
电话,0.0,9.0,0.0,1.0
一分钟,0.0,36.0,0.0,1.0
SH,0.0,3.0,0.0,1.0
稀土,9.0,0.0,1.0,0.0
看好,0.0,6.0,0.0,1.0
很难,0.0,6.0,0.0,1.0
做起,0.0,6.0,0.0,1.0
垄断,0.0,12.0,0.0,1.0
cSPzzSq9y4stYT9HcicTYwkB3YVQnp1QetgXmShSGbFICvQR6y3cib1foCmIib5dJGyaO3twoyNGFEjm7vWbThmvA,0.0,3.0,0.0,1.0
下跌,18.0,30.0,0.375,0.625
新材,6.0,6.0,0.5,0.5
814.7,6.0,0.0,1.0,0.0
0.75,0.0,3.0,0.0,1.0
18.48,0.0,3.0,0.0,1.0
支撑,0.0,3.0,0.0,1.0
78.8,3.0,0.0,1.0,0.0
股民,0.0,6.0,0.0,1.0
被,6.0,132.0,0.043478260869565216,0.9565217391304348
生产,3.0,18.0,0.14285714285714285,0.8571428571428571
今天,0.0,12.0,0.0,1.0
指,0.0,3.0,0.0,1.0
逐渐,0.0,6.0,0.0,1.0
原创,21.0,24.0,0.4666666666666667,0.5333333333333333
应该,0.0,9.0,0.0,1.0
态势,0.0,6.0,0.0,1.0
深交所,0.0,15.0,0.0,1.0
wangmj,0.0,3.0,0.0,1.0
竞价,0.0,15.0,0.0,1.0
公,0.0,3.0,0.0,1.0
证实,0.0,3.0,0.0,1.0
002350,0.0,3.0,0.0,1.0
跻身,3.0,0.0,1.0,0.0
岗位职责,0.0,6.0,0.0,1.0
佛山,3.0,0.0,1.0,0.0
今天下午,0.0,9.0,0.0,1.0
展现,0.0,6.0,0.0,1.0
3.64,0.0,6.0,0.0,1.0
近三年,0.0,3.0,0.0,1.0
除了,0.0,3.0,0.0,1.0
分析员,0.0,3.0,0.0,1.0
保存,0.0,6.0,0.0,1.0
惊人,0.0,3.0,0.0,1.0
一季度,39.0,15.0,0.7222222222222222,0.2777777777777778
大面积,0.0,6.0,0.0,1.0
资本,9.0,9.0,0.5,0.5
增幅,6.0,9.0,0.4,0.6
销售市场,0.0,6.0,0.0,1.0
超越,3.0,6.0,0.3333333333333333,0.6666666666666666
接受,0.0,6.0,0.0,1.0
股东,99.0,147.0,0.4024390243902439,0.5975609756097561
低吸,0.0,3.0,0.0,1.0
郝若希,0.0,3.0,0.0,1.0
搜索,0.0,6.0,0.0,1.0
银行,3.0,27.0,0.1,0.9
游戏,0.0,3.0,0.0,1.0
较,12.0,9.0,0.5714285714285714,0.42857142857142855
仅作,3.0,3.0,0.5,0.5
实体,0.0,9.0,0.0,1.0
34,6.0,0.0,1.0,0.0
并不认为,0.0,3.0,0.0,1.0
▲,0.0,12.0,0.0,1.0
三者,0.0,3.0,0.0,1.0
准时,0.0,12.0,0.0,1.0
63,3.0,3.0,0.5,0.5
奋达,3.0,0.0,1.0,0.0
预喜,12.0,3.0,0.8,0.2
&,0.0,3.0,0.0,1.0
3.57,3.0,0.0,1.0,0.0
有待,0.0,3.0,0.0,1.0
充满,0.0,3.0,0.0,1.0
收获期,0.0,6.0,0.0,1.0
调味品,6.0,0.0,1.0,0.0
随后,0.0,3.0,0.0,1.0
IPO,3.0,0.0,1.0,0.0
暴风,0.0,3.0,0.0,1.0
主,3.0,0.0,1.0,0.0
357,0.0,3.0,0.0,1.0
拥有,3.0,30.0,0.09090909090909091,0.9090909090909091
883,0.0,3.0,0.0,1.0
1.12,3.0,0.0,1.0,0.0
田杰,0.0,15.0,0.0,1.0
估值,0.0,30.0,0.0,1.0
大宗,0.0,15.0,0.0,1.0
美,0.0,6.0,0.0,1.0
受益,15.0,0.0,1.0,0.0
375.25,6.0,0.0,1.0,0.0
一带,6.0,3.0,0.6666666666666666,0.3333333333333333
uploads,0.0,6.0,0.0,1.0
开放式,0.0,6.0,0.0,1.0
彩贝,0.0,6.0,0.0,1.0
刺激,9.0,0.0,1.0,0.0
本文,9.0,12.0,0.42857142857142855,0.5714285714285714
00,12.0,0.0,1.0,0.0
二,0.0,3.0,0.0,1.0
帝国,3.0,0.0,1.0,0.0
纠葛,0.0,9.0,0.0,1.0
郭,0.0,33.0,0.0,1.0
49.11,0.0,3.0,0.0,1.0
发行价,6.0,3.0,0.6666666666666666,0.3333333333333333
编码,15.0,3.0,0.8333333333333334,0.16666666666666666
质量,0.0,3.0,0.0,1.0
轮动,0.0,3.0,0.0,1.0
中昌,6.0,3.0,0.6666666666666666,0.3333333333333333
法律法规,0.0,21.0,0.0,1.0
1.511,0.0,3.0,0.0,1.0
创造,0.0,42.0,0.0,1.0
中,96.0,168.0,0.36363636363636365,0.6363636363636364
日至,6.0,0.0,1.0,0.0
;,0.0,9.0,0.0,1.0
istocknews,0.0,3.0,0.0,1.0
三连跌,0.0,3.0,0.0,1.0
买超,0.0,3.0,0.0,1.0
002053,3.0,0.0,1.0,0.0
Excel,0.0,3.0,0.0,1.0
分成,0.0,6.0,0.0,1.0
抛售,0.0,12.0,0.0,1.0
发现异常,0.0,3.0,0.0,1.0
入选,0.0,3.0,0.0,1.0
最早,0.0,9.0,0.0,1.0
中有,0.0,3.0,0.0,1.0
二十五年,0.0,3.0,0.0,1.0
个性化,0.0,3.0,0.0,1.0
华图,9.0,0.0,1.0,0.0
打电话,0.0,3.0,0.0,1.0
快快,0.0,3.0,0.0,1.0
《,87.0,144.0,0.37662337662337664,0.6233766233766234
国泰君安,0.0,6.0,0.0,1.0
190094178,0.0,3.0,0.0,1.0
信披,0.0,3.0,0.0,1.0
安康,0.0,3.0,0.0,1.0
狠狠,0.0,3.0,0.0,1.0
除,3.0,6.0,0.3333333333333333,0.6666666666666666
年化,0.0,3.0,0.0,1.0
跟天,0.0,3.0,0.0,1.0
877,0.0,3.0,0.0,1.0
731.66,3.0,0.0,1.0,0.0
又,3.0,12.0,0.2,0.8
上煌,3.0,0.0,1.0,0.0
导致用户,0.0,3.0,0.0,1.0
分别,21.0,42.0,0.3333333333333333,0.6666666666666666
收听,0.0,3.0,0.0,1.0
里,0.0,24.0,0.0,1.0
处以,0.0,54.0,0.0,1.0
一定,9.0,9.0,0.5,0.5
总,3.0,39.0,0.07142857142857142,0.9285714285714286
上扬,0.0,3.0,0.0,1.0
交易,42.0,195.0,0.17721518987341772,0.8227848101265823
快速,0.0,6.0,0.0,1.0
018,0.0,6.0,0.0,1.0
知秋,0.0,6.0,0.0,1.0
极大,0.0,6.0,0.0,1.0
设置,0.0,3.0,0.0,1.0
17.3,0.0,6.0,0.0,1.0
角度,0.0,3.0,0.0,1.0
先公,0.0,3.0,0.0,1.0
有限公司,0.0,117.0,0.0,1.0
多年,0.0,12.0,0.0,1.0
其实,0.0,15.0,0.0,1.0
迅速,0.0,66.0,0.0,1.0
说法,0.0,3.0,0.0,1.0
积极,0.0,6.0,0.0,1.0
万股,0.0,18.0,0.0,1.0
?,0.0,138.0,0.0,1.0
2.02,3.0,0.0,1.0,0.0
流动性,3.0,0.0,1.0,0.0
即时新闻,0.0,21.0,0.0,1.0
板块,30.0,51.0,0.37037037037037035,0.6296296296296297
002372,0.0,3.0,0.0,1.0
期待,0.0,6.0,0.0,1.0
全天,0.0,3.0,0.0,1.0
潜在,0.0,12.0,0.0,1.0
抱,0.0,9.0,0.0,1.0
相关,9.0,33.0,0.21428571428571427,0.7857142857142857
中国电信,0.0,6.0,0.0,1.0
多大,0.0,3.0,0.0,1.0
■,0.0,3.0,0.0,1.0
行业资讯,0.0,3.0,0.0,1.0
总计有,24.0,0.0,1.0,0.0
1350,3.0,0.0,1.0,0.0
ST,12.0,30.0,0.2857142857142857,0.7142857142857143
油,0.0,3.0,0.0,1.0
遭遇,0.0,3.0,0.0,1.0
长沙,0.0,6.0,0.0,1.0
很多,0.0,30.0,0.0,1.0
向,0.0,69.0,0.0,1.0
472,0.0,6.0,0.0,1.0
不能,0.0,15.0,0.0,1.0
3.591,3.0,0.0,1.0,0.0
少数,0.0,3.0,0.0,1.0
赴,0.0,6.0,0.0,1.0
关键,0.0,6.0,0.0,1.0
入驻,0.0,9.0,0.0,1.0
很,0.0,15.0,0.0,1.0
格局,0.0,18.0,0.0,1.0
更优,0.0,3.0,0.0,1.0
广东,6.0,3.0,0.6666666666666666,0.3333333333333333
601519,0.0,3.0,0.0,1.0
60.00,3.0,0.0,1.0,0.0
27,6.0,12.0,0.3333333333333333,0.6666666666666666
关系,0.0,42.0,0.0,1.0
短短,0.0,3.0,0.0,1.0
安正,0.0,6.0,0.0,1.0
装饰,3.0,3.0,0.5,0.5
从来,0.0,6.0,0.0,1.0
加速,0.0,12.0,0.0,1.0
跟不上,0.0,3.0,0.0,1.0
在此期间,0.0,3.0,0.0,1.0
处罚,0.0,24.0,0.0,1.0
高山流水,0.0,3.0,0.0,1.0
情况严重,0.0,3.0,0.0,1.0
论,0.0,3.0,0.0,1.0
值得,0.0,6.0,0.0,1.0
故事,0.0,6.0,0.0,1.0
此篇,0.0,15.0,0.0,1.0
记得,0.0,12.0,0.0,1.0
不愿,0.0,3.0,0.0,1.0
数据业务,0.0,6.0,0.0,1.0
过会,3.0,0.0,1.0,0.0
绝不,0.0,6.0,0.0,1.0
级,0.0,3.0,0.0,1.0
07,12.0,15.0,0.4444444444444444,0.5555555555555556
成交额,0.0,12.0,0.0,1.0
打破,0.0,6.0,0.0,1.0
依托,0.0,21.0,0.0,1.0
包揽,0.0,3.0,0.0,1.0
预计,3.0,33.0,0.08333333333333333,0.9166666666666666
类型,3.0,0.0,1.0,0.0
基金,30.0,117.0,0.20408163265306123,0.7959183673469388
肉类,3.0,0.0,1.0,0.0
第一家,0.0,3.0,0.0,1.0
24,27.0,3.0,0.9,0.1
黄振达,0.0,3.0,0.0,1.0
经常,0.0,3.0,0.0,1.0
),117.0,168.0,0.4105263157894737,0.5894736842105263
营业,33.0,18.0,0.6470588235294118,0.35294117647058826
轮换,0.0,3.0,0.0,1.0
仅仅,0.0,6.0,0.0,1.0
午盘,0.0,6.0,0.0,1.0
首都,0.0,21.0,0.0,1.0
41.32,6.0,3.0,0.6666666666666666,0.3333333333333333
暴涨,6.0,0.0,1.0,0.0
催化,0.0,6.0,0.0,1.0
文件,0.0,12.0,0.0,1.0
jpg,0.0,66.0,0.0,1.0
周五,0.0,15.0,0.0,1.0
erichfund,0.0,3.0,0.0,1.0
目前,15.0,81.0,0.15625,0.84375
周期性,0.0,9.0,0.0,1.0
2014,12.0,3.0,0.8,0.2
简便,0.0,6.0,0.0,1.0
早点,0.0,6.0,0.0,1.0
骆民,0.0,3.0,0.0,1.0
味业,3.0,0.0,1.0,0.0
k,0.0,9.0,0.0,1.0
算法,0.0,27.0,0.0,1.0
上方,9.0,3.0,0.75,0.25
以上,12.0,33.0,0.26666666666666666,0.7333333333333333
；,27.0,69.0,0.28125,0.71875
季晓南,0.0,6.0,0.0,1.0
这支,0.0,3.0,0.0,1.0
17,3.0,27.0,0.1,0.9
第三款,0.0,3.0,0.0,1.0
口径,9.0,0.0,1.0,0.0
罚,0.0,6.0,0.0,1.0
社会,0.0,6.0,0.0,1.0
处理,0.0,18.0,0.0,1.0
36,6.0,15.0,0.2857142857142857,0.7142857142857143
品牌优势,0.0,3.0,0.0,1.0
8836.89,3.0,0.0,1.0,0.0
PC,0.0,18.0,0.0,1.0
HHV,0.0,6.0,0.0,1.0
AI,0.0,21.0,0.0,1.0
所属,3.0,3.0,0.5,0.5
净,0.0,18.0,0.0,1.0
亏损,3.0,6.0,0.3333333333333333,0.6666666666666666
解决方案,0.0,9.0,0.0,1.0
还要,0.0,12.0,0.0,1.0
qvw8EYfU5pD6MA5c3fWyjLgzrePbxrcyq4qO6TlRicd1yMZtha3Rj7Z8CKvicGrzUEIkA87OaiaiaIA,0.0,3.0,0.0,1.0
重新,0.0,6.0,0.0,1.0
来源,6.0,36.0,0.14285714285714285,0.8571428571428571
暂停,15.0,6.0,0.7142857142857143,0.2857142857142857
早盘,0.0,6.0,0.0,1.0
真正,0.0,3.0,0.0,1.0
传真,0.0,3.0,0.0,1.0
7.75,0.0,3.0,0.0,1.0
蓬勃发展,0.0,6.0,0.0,1.0
LLV,0.0,9.0,0.0,1.0
风波,0.0,3.0,0.0,1.0
70,6.0,3.0,0.6666666666666666,0.3333333333333333
最,0.0,24.0,0.0,1.0
大盘,0.0,15.0,0.0,1.0
拉升,0.0,3.0,0.0,1.0
跑掉,0.0,3.0,0.0,1.0
评估,0.0,12.0,0.0,1.0
fycG5ibf0bOAibojjRmw5gwP27043uwpQP0I0bb4OPIqMOHpdWSS8PyJAoZX5WHoaz36KZpdx0271g,0.0,3.0,0.0,1.0
压制,0.0,3.0,0.0,1.0
http,0.0,108.0,0.0,1.0
要求,3.0,30.0,0.09090909090909091,0.9090909090909091
网,3.0,9.0,0.25,0.75
美股,69.0,12.0,0.8518518518518519,0.14814814814814814
补涨,6.0,12.0,0.3333333333333333,0.6666666666666666
常,0.0,3.0,0.0,1.0
打响,0.0,3.0,0.0,1.0
主流,0.0,3.0,0.0,1.0
一站式,0.0,3.0,0.0,1.0
消息面,0.0,6.0,0.0,1.0
门槛,0.0,3.0,0.0,1.0
icXwVqmuFgDz76FicABaK5LLyDsZpPrZ6G57vzkhF,0.0,3.0,0.0,1.0
申万,3.0,0.0,1.0,0.0
data,0.0,12.0,0.0,1.0
601005,0.0,3.0,0.0,1.0
过程,0.0,3.0,0.0,1.0
楼,0.0,3.0,0.0,1.0
8f998d545cdb21ff35a62e2ba3e8797e,0.0,3.0,0.0,1.0
2007,0.0,6.0,0.0,1.0
亿,6.0,63.0,0.08695652173913043,0.9130434782608695
收报,0.0,3.0,0.0,1.0
生成,0.0,3.0,0.0,1.0
4.93,0.0,3.0,0.0,1.0
负面新闻,0.0,3.0,0.0,1.0
345,3.0,0.0,1.0,0.0
市场行情,0.0,3.0,0.0,1.0
海外,15.0,0.0,1.0,0.0
提前,0.0,9.0,0.0,1.0
54,6.0,0.0,1.0,0.0
份额,0.0,6.0,0.0,1.0
0.86,0.0,6.0,0.0,1.0
几篇,0.0,3.0,0.0,1.0
强势,0.0,3.0,0.0,1.0
深入探讨,0.0,6.0,0.0,1.0
代表,0.0,6.0,0.0,1.0
分类,9.0,3.0,0.75,0.25
除去,0.0,12.0,0.0,1.0
普通,0.0,9.0,0.0,1.0
以来,63.0,24.0,0.7241379310344828,0.27586206896551724
报,9.0,36.0,0.2,0.8
介入,0.0,3.0,0.0,1.0
000,0.0,6.0,0.0,1.0
方正,0.0,102.0,0.0,1.0
主动权,0.0,6.0,0.0,1.0
功能,0.0,27.0,0.0,1.0
课外,0.0,6.0,0.0,1.0
未经,0.0,33.0,0.0,1.0
券,0.0,3.0,0.0,1.0
编程,0.0,3.0,0.0,1.0
04fc205ca60f958a,0.0,3.0,0.0,1.0
财富网,0.0,6.0,0.0,1.0
内在,0.0,3.0,0.0,1.0
另外,0.0,9.0,0.0,1.0
继续,0.0,6.0,0.0,1.0
有点,0.0,6.0,0.0,1.0
iz,0.0,3.0,0.0,1.0
有望,15.0,57.0,0.20833333333333334,0.7916666666666666
化学,0.0,3.0,0.0,1.0
集体,15.0,12.0,0.5555555555555556,0.4444444444444444
单一,0.0,6.0,0.0,1.0
准确度,0.0,6.0,0.0,1.0
7.99,0.0,42.0,0.0,1.0
股价,21.0,27.0,0.4375,0.5625
作为,0.0,93.0,0.0,1.0
综合,12.0,3.0,0.8,0.2
IFIND,3.0,0.0,1.0,0.0
榜,3.0,0.0,1.0,0.0
竞争,0.0,42.0,0.0,1.0
57.27,3.0,0.0,1.0,0.0
截至,45.0,15.0,0.75,0.25
规律,0.0,3.0,0.0,1.0
人员,0.0,21.0,0.0,1.0
跌停板,0.0,12.0,0.0,1.0
大幅,9.0,12.0,0.42857142857142855,0.5714285714285714
持有,0.0,24.0,0.0,1.0
C,0.0,39.0,0.0,1.0
张钦,0.0,3.0,0.0,1.0
煤炭,0.0,6.0,0.0,1.0
颜振军,0.0,6.0,0.0,1.0
低开,0.0,3.0,0.0,1.0
COF,3.0,0.0,1.0,0.0
公关部,0.0,9.0,0.0,1.0
中车,3.0,0.0,1.0,0.0
y4v19jATMLb43CHOdPDQZDILrErarBMh1C7mXnxBoicZhVYNOdA9TBmvGanqQsZldV7d6vxnghOicIYg,0.0,3.0,0.0,1.0
年报,15.0,6.0,0.7142857142857143,0.2857142857142857
某高管,0.0,3.0,0.0,1.0
阅读,0.0,12.0,0.0,1.0
斥资,3.0,0.0,1.0,0.0
用法,0.0,6.0,0.0,1.0
903,0.0,3.0,0.0,1.0
已,9.0,18.0,0.3333333333333333,0.6666666666666666
广发,3.0,0.0,1.0,0.0
帮,0.0,6.0,0.0,1.0
失联,0.0,33.0,0.0,1.0
发布会,0.0,18.0,0.0,1.0
_,0.0,192.0,0.0,1.0
可能,0.0,33.0,0.0,1.0
性,6.0,3.0,0.6666666666666666,0.3333333333333333
第二,0.0,6.0,0.0,1.0
实力,0.0,12.0,0.0,1.0
回落,0.0,6.0,0.0,1.0
多元,0.0,3.0,0.0,1.0
撤离,0.0,3.0,0.0,1.0
长,0.0,30.0,0.0,1.0
了解,0.0,3.0,0.0,1.0
0icLE2vmrRp70zT0UrCiaKrVkaRJyNQVl5qicyeu7cg,0.0,3.0,0.0,1.0
应收,3.0,0.0,1.0,0.0
发稿,0.0,3.0,0.0,1.0
委托,0.0,33.0,0.0,1.0
卓著,0.0,3.0,0.0,1.0
失血,3.0,0.0,1.0,0.0
场景,0.0,12.0,0.0,1.0
流出,9.0,9.0,0.5,0.5
永磁,9.0,0.0,1.0,0.0
一文,0.0,6.0,0.0,1.0
002175,0.0,3.0,0.0,1.0
全力,0.0,3.0,0.0,1.0
7ROdjgN7jtLlibkSjEvqECxCKicykoicpicQQyfNdcOxpwSTUQnMISChRwzEAHMSicib3uq46w,0.0,3.0,0.0,1.0
名,3.0,3.0,0.5,0.5
因涉嫌,0.0,18.0,0.0,1.0
抓取,0.0,48.0,0.0,1.0
错,0.0,3.0,0.0,1.0
伟星,3.0,3.0,0.5,0.5
易峥,0.0,15.0,0.0,1.0
过,0.0,24.0,0.0,1.0
约,12.0,9.0,0.5714285714285714,0.42857142857142855
配置,0.0,3.0,0.0,1.0
因子,0.0,36.0,0.0,1.0
全年,0.0,3.0,0.0,1.0
一致,0.0,3.0,0.0,1.0
套利,0.0,3.0,0.0,1.0
予以,0.0,36.0,0.0,1.0
最高,15.0,12.0,0.5555555555555556,0.4444444444444444
展开,0.0,9.0,0.0,1.0
为何,3.0,0.0,1.0,0.0
e,0.0,3.0,0.0,1.0
终止,3.0,12.0,0.2,0.8
交易系统,0.0,6.0,0.0,1.0
思维,0.0,6.0,0.0,1.0
一起,0.0,12.0,0.0,1.0
一到,0.0,12.0,0.0,1.0
沪,39.0,3.0,0.9285714285714286,0.07142857142857142
野心,0.0,3.0,0.0,1.0
新能源,0.0,9.0,0.0,1.0
流失,0.0,6.0,0.0,1.0
联系人,0.0,3.0,0.0,1.0
7364.38,0.0,3.0,0.0,1.0
违反,0.0,57.0,0.0,1.0
回击,0.0,9.0,0.0,1.0
改换门庭,0.0,6.0,0.0,1.0
发审,3.0,0.0,1.0,0.0
墙角,0.0,3.0,0.0,1.0
粤,15.0,3.0,0.8333333333333334,0.16666666666666666
统计,126.0,15.0,0.8936170212765957,0.10638297872340426
~,0.0,27.0,0.0,1.0
这段,0.0,3.0,0.0,1.0
加工,9.0,0.0,1.0,0.0
104,3.0,0.0,1.0,0.0
为了,0.0,18.0,0.0,1.0
16,9.0,15.0,0.375,0.625
64,0.0,6.0,0.0,1.0
还,0.0,45.0,0.0,1.0
2.66,0.0,6.0,0.0,1.0
个股,45.0,69.0,0.39473684210526316,0.6052631578947368
目标,0.0,3.0,0.0,1.0
维护,0.0,9.0,0.0,1.0
并,0.0,120.0,0.0,1.0
用,0.0,21.0,0.0,1.0
23,0.0,9.0,0.0,1.0
上证指数,3.0,3.0,0.5,0.5
wIBZVibhvROdXo19dGNoOwXT8R9ufIGYq0hAHV5Q97rLxcRyeD3iaHYtTXYOZ1t557334kCud5G166yGHlhr4sjg,0.0,3.0,0.0,1.0
香港,6.0,3.0,0.6666666666666666,0.3333333333333333
李丹丹,0.0,3.0,0.0,1.0
超强,0.0,3.0,0.0,1.0
出击,0.0,6.0,0.0,1.0
登陆,0.0,6.0,0.0,1.0
今明两年,0.0,3.0,0.0,1.0
中证,0.0,3.0,0.0,1.0
0.49,3.0,0.0,1.0,0.0
官方网站,0.0,3.0,0.0,1.0
19,0.0,9.0,0.0,1.0
1.91,0.0,6.0,0.0,1.0
核心,0.0,12.0,0.0,1.0
重合,6.0,0.0,1.0,0.0
|,0.0,18.0,0.0,1.0
机型,0.0,6.0,0.0,1.0
近两年,3.0,0.0,1.0,0.0
79,12.0,0.0,1.0,0.0
新起点,3.0,0.0,1.0,0.0
高于,9.0,0.0,1.0,0.0
加持,0.0,12.0,0.0,1.0
亿晶,3.0,0.0,1.0,0.0
研发,3.0,33.0,0.08333333333333333,0.9166666666666666
工业,0.0,18.0,0.0,1.0
3937.9,3.0,0.0,1.0,0.0
变,0.0,6.0,0.0,1.0
601901,0.0,3.0,0.0,1.0
之一,0.0,6.0,0.0,1.0
可谓,3.0,3.0,0.5,0.5
隐情,0.0,3.0,0.0,1.0
主体,0.0,9.0,0.0,1.0
预增,6.0,0.0,1.0,0.0
两,0.0,3.0,0.0,1.0
提问,0.0,6.0,0.0,1.0
造成,0.0,39.0,0.0,1.0
awwqIstAF8iavCUicyG1mS7js1Zm54PrbyNAOvicJwxic55llIv8NlNqFD2jicsEN9LfJwRhib0tA,0.0,3.0,0.0,1.0
水平,9.0,0.0,1.0,0.0
型基金,0.0,3.0,0.0,1.0
费用,0.0,3.0,0.0,1.0
WSTC,0.0,3.0,0.0,1.0
117.31,3.0,3.0,0.5,0.5
中小,0.0,6.0,0.0,1.0
要,0.0,42.0,0.0,1.0
2.55,0.0,6.0,0.0,1.0
使得,0.0,6.0,0.0,1.0
办,0.0,6.0,0.0,1.0
中铁,3.0,0.0,1.0,0.0
hexun,0.0,6.0,0.0,1.0
肯定,0.0,9.0,0.0,1.0
多点,0.0,6.0,0.0,1.0
免费,0.0,9.0,0.0,1.0
3772,0.0,3.0,0.0,1.0
业内,0.0,15.0,0.0,1.0
进一步,0.0,9.0,0.0,1.0
周一,0.0,18.0,0.0,1.0
一叶,0.0,6.0,0.0,1.0
每周,0.0,12.0,0.0,1.0
曝光,0.0,3.0,0.0,1.0
跌跌,3.0,0.0,1.0,0.0
们,0.0,18.0,0.0,1.0
一篇,0.0,18.0,0.0,1.0
母公司,33.0,0.0,1.0,0.0
跟踪,0.0,6.0,0.0,1.0
旧事,0.0,6.0,0.0,1.0
意识,0.0,9.0,0.0,1.0
流入,0.0,3.0,0.0,1.0
一家,3.0,15.0,0.16666666666666666,0.8333333333333334
44.86,0.0,3.0,0.0,1.0
近期,6.0,18.0,0.25,0.75
福斯特,0.0,3.0,0.0,1.0
42.20,0.0,3.0,0.0,1.0
不足,0.0,12.0,0.0,1.0
提供数据,6.0,0.0,1.0,0.0
底蕴,0.0,3.0,0.0,1.0
降低,0.0,18.0,0.0,1.0
09,15.0,0.0,1.0,0.0
底线,0.0,6.0,0.0,1.0
音频,0.0,3.0,0.0,1.0
略显,0.0,3.0,0.0,1.0
9ibMKsVn4GbmYEODlUOWnqprNsFjjlksFsFCZicR6aIcYUchyKT8Vicbw,0.0,3.0,0.0,1.0
小型,0.0,6.0,0.0,1.0
怎样,0.0,3.0,0.0,1.0
转,0.0,21.0,0.0,1.0
数据服务,0.0,12.0,0.0,1.0
抢先,0.0,6.0,0.0,1.0
此时,0.0,3.0,0.0,1.0
0.5,0.0,3.0,0.0,1.0
分解,0.0,3.0,0.0,1.0
北京,0.0,24.0,0.0,1.0
25.38,3.0,0.0,1.0,0.0
比新,0.0,3.0,0.0,1.0
董秘,0.0,12.0,0.0,1.0
好,0.0,9.0,0.0,1.0
如需,6.0,3.0,0.6666666666666666,0.3333333333333333
万亿美元,0.0,6.0,0.0,1.0
DRAM,3.0,0.0,1.0,0.0
刘明涛,0.0,3.0,0.0,1.0
37,0.0,3.0,0.0,1.0
重要,33.0,33.0,0.5,0.5
王文京,0.0,3.0,0.0,1.0
继,0.0,9.0,0.0,1.0
53.37,0.0,6.0,0.0,1.0
路,0.0,30.0,0.0,1.0
效应,3.0,0.0,1.0,0.0
陈旧,0.0,60.0,0.0,1.0
新低,0.0,3.0,0.0,1.0
转化,0.0,6.0,0.0,1.0
面对,0.0,21.0,0.0,1.0
98YHxb8l55Cia5dRIISwINLGkBgAPibWibxUykyYzR4yuB6gcNH9yLH55TmOT0zAUZCwSsvUfkoCGF28Q866Q,0.0,3.0,0.0,1.0
相关性,0.0,12.0,0.0,1.0
数为,3.0,0.0,1.0,0.0
华建,3.0,0.0,1.0,0.0
48.03,0.0,3.0,0.0,1.0
铲子,0.0,6.0,0.0,1.0
沦为,0.0,3.0,0.0,1.0
究竟,0.0,3.0,0.0,1.0
加剧,0.0,6.0,0.0,1.0
3000332,0.0,9.0,0.0,1.0
search,0.0,3.0,0.0,1.0
讯,33.0,66.0,0.3333333333333333,0.6666666666666666
过去,0.0,18.0,0.0,1.0
西仪,3.0,0.0,1.0,0.0
三家,0.0,6.0,0.0,1.0
跌停,0.0,45.0,0.0,1.0
齐,0.0,3.0,0.0,1.0
一位,0.0,9.0,0.0,1.0
成倍增长,0.0,3.0,0.0,1.0
五,0.0,12.0,0.0,1.0
比如,0.0,24.0,0.0,1.0
园林,3.0,0.0,1.0,0.0
一些,0.0,42.0,0.0,1.0
60,15.0,6.0,0.7142857142857143,0.2857142857142857
方式,12.0,21.0,0.36363636363636365,0.6363636363636364
女士,0.0,3.0,0.0,1.0
创意,3.0,0.0,1.0,0.0
17.11,6.0,0.0,1.0,0.0
下滑,6.0,15.0,0.2857142857142857,0.7142857142857143
H,0.0,6.0,0.0,1.0
一把,0.0,3.0,0.0,1.0
已有近,0.0,3.0,0.0,1.0
江湖,0.0,3.0,0.0,1.0
折价,0.0,3.0,0.0,1.0
建材,3.0,0.0,1.0,0.0
2009,0.0,33.0,0.0,1.0
不会,0.0,12.0,0.0,1.0
网络媒体,0.0,3.0,0.0,1.0
统计局,24.0,45.0,0.34782608695652173,0.6521739130434783
App,0.0,36.0,0.0,1.0
21,15.0,72.0,0.1724137931034483,0.8275862068965517
慢慢,0.0,3.0,0.0,1.0
成份股,3.0,6.0,0.3333333333333333,0.6666666666666666
开盘,0.0,12.0,0.0,1.0
途径,0.0,3.0,0.0,1.0
Tdicq7rsPGd9qHyxsNxf0ex6VSfCtBSxqJjfNs0iaXwEalozaGQg,0.0,3.0,0.0,1.0
!,0.0,18.0,0.0,1.0
对于,3.0,30.0,0.09090909090909091,0.9090909090909091
传媒,0.0,24.0,0.0,1.0
尚难,0.0,3.0,0.0,1.0
控股集团,0.0,6.0,0.0,1.0
常用,0.0,6.0,0.0,1.0
后来,0.0,12.0,0.0,1.0
1.17,3.0,6.0,0.3333333333333333,0.6666666666666666
IMAGE,0.0,105.0,0.0,1.0
9,15.0,18.0,0.45454545454545453,0.5454545454545454
多前,0.0,3.0,0.0,1.0
重钢,0.0,3.0,0.0,1.0
煤炭行业,0.0,6.0,0.0,1.0
法定代表,0.0,6.0,0.0,1.0
辖区,0.0,3.0,0.0,1.0
20691832,0.0,3.0,0.0,1.0
养殖,12.0,0.0,1.0,0.0
亿次,0.0,9.0,0.0,1.0
研究,66.0,30.0,0.6875,0.3125
矩阵,0.0,3.0,0.0,1.0
0.4000,3.0,0.0,1.0,0.0
名人,0.0,6.0,0.0,1.0
10.28,0.0,9.0,0.0,1.0
人士,0.0,3.0,0.0,1.0
290,6.0,9.0,0.4,0.6
会同,0.0,3.0,0.0,1.0
致力,0.0,3.0,0.0,1.0
57,3.0,0.0,1.0,0.0
简,0.0,3.0,0.0,1.0
三大,6.0,6.0,0.5,0.5
持牌,0.0,6.0,0.0,1.0
危急,0.0,3.0,0.0,1.0
恐慌,0.0,6.0,0.0,1.0
32,0.0,3.0,0.0,1.0
Input,0.0,3.0,0.0,1.0
微,30.0,6.0,0.8333333333333334,0.16666666666666666
证券市场,0.0,66.0,0.0,1.0
大牛股,0.0,3.0,0.0,1.0
论文,0.0,3.0,0.0,1.0
镶嵌,0.0,3.0,0.0,1.0
优势,6.0,24.0,0.2,0.8
参加,0.0,3.0,0.0,1.0
猪肉,6.0,0.0,1.0,0.0
中证网,0.0,3.0,0.0,1.0
更快,0.0,3.0,0.0,1.0
AdvancedEmissions,3.0,0.0,1.0,0.0
起,0.0,12.0,0.0,1.0
海信,3.0,0.0,1.0,0.0
营业额,0.0,6.0,0.0,1.0
路上,0.0,9.0,0.0,1.0
杭州,0.0,30.0,0.0,1.0
特别,0.0,6.0,0.0,1.0
42942368,0.0,9.0,0.0,1.0
果断,0.0,6.0,0.0,1.0
ITdicq7rsPGd9qHyxsNxf0ex6VSfCtBSxqJjfNs0iaXwEalozaGQg,0.0,24.0,0.0,1.0
假设,0.0,6.0,0.0,1.0
之前,0.0,18.0,0.0,1.0
苏朋瑞,0.0,3.0,0.0,1.0
抄底,12.0,0.0,1.0,0.0
频出,6.0,6.0,0.5,0.5
均值,3.0,0.0,1.0,0.0
抗衡,0.0,6.0,0.0,1.0
点击,9.0,12.0,0.42857142857142855,0.5714285714285714
商报讯,0.0,3.0,0.0,1.0
均,33.0,15.0,0.6875,0.3125
星源,3.0,0.0,1.0,0.0
A,3.0,12.0,0.2,0.8
代码,9.0,3.0,0.75,0.25
虚晃一枪,0.0,6.0,0.0,1.0
高端,6.0,3.0,0.6666666666666666,0.3333333333333333
以及,3.0,24.0,0.1111111111111111,0.8888888888888888
由此可见,0.0,3.0,0.0,1.0
本,0.0,6.0,0.0,1.0
盲目,0.0,3.0,0.0,1.0
道,3.0,3.0,0.5,0.5
创作,0.0,3.0,0.0,1.0
影响力,0.0,24.0,0.0,1.0
贵金属,0.0,12.0,0.0,1.0
五大,0.0,3.0,0.0,1.0
搭建,0.0,3.0,0.0,1.0
网点,0.0,6.0,0.0,1.0
概念股,18.0,21.0,0.46153846153846156,0.5384615384615384
自选股,0.0,6.0,0.0,1.0
程序化,0.0,9.0,0.0,1.0
因素,0.0,18.0,0.0,1.0
碧,3.0,0.0,1.0,0.0
受欢迎,0.0,3.0,0.0,1.0
新华,3.0,3.0,0.5,0.5
那些,0.0,3.0,0.0,1.0
抽取,0.0,18.0,0.0,1.0
前一天,0.0,3.0,0.0,1.0
能力,0.0,33.0,0.0,1.0
财经,36.0,165.0,0.1791044776119403,0.8208955223880597
实习生,0.0,21.0,0.0,1.0
登录,0.0,6.0,0.0,1.0
仅,9.0,15.0,0.375,0.625
354,6.0,0.0,1.0,0.0
articles,0.0,3.0,0.0,1.0
借道,3.0,3.0,0.5,0.5
至,15.0,42.0,0.2631578947368421,0.7368421052631579
荣盛,3.0,3.0,0.5,0.5
汽车,3.0,3.0,0.5,0.5
利用,0.0,3.0,0.0,1.0
材料,0.0,3.0,0.0,1.0
浙江,0.0,123.0,0.0,1.0
否认,0.0,6.0,0.0,1.0
297,3.0,0.0,1.0,0.0
啤酒,6.0,0.0,1.0,0.0
易观,0.0,9.0,0.0,1.0
用户注册,0.0,6.0,0.0,1.0
能否,0.0,12.0,0.0,1.0
才,3.0,24.0,0.1111111111111111,0.8888888888888888
多港,30.0,3.0,0.9090909090909091,0.09090909090909091
引发,0.0,9.0,0.0,1.0
肉食,6.0,0.0,1.0,0.0
前,24.0,54.0,0.3076923076923077,0.6923076923076923
存在,6.0,42.0,0.125,0.875
上市公司,66.0,45.0,0.5945945945945946,0.40540540540540543
K,0.0,6.0,0.0,1.0
基准,3.0,0.0,1.0,0.0
云南,3.0,3.0,0.5,0.5
wx,0.0,132.0,0.0,1.0
59.96,3.0,0.0,1.0,0.0
稳健,0.0,3.0,0.0,1.0
30.45,6.0,0.0,1.0,0.0
违法,0.0,3.0,0.0,1.0
资产,0.0,21.0,0.0,1.0
明确,0.0,6.0,0.0,1.0
387502,0.0,3.0,0.0,1.0
增效,0.0,9.0,0.0,1.0
机会,0.0,54.0,0.0,1.0
个人用户,0.0,6.0,0.0,1.0
并不多,0.0,3.0,0.0,1.0
条件,0.0,3.0,0.0,1.0
理念,0.0,6.0,0.0,1.0
抛弃,0.0,12.0,0.0,1.0
0.8000,3.0,0.0,1.0,0.0
身上,0.0,6.0,0.0,1.0
众多,0.0,6.0,0.0,1.0
助力,0.0,15.0,0.0,1.0
认为,0.0,54.0,0.0,1.0
授权,6.0,3.0,0.6666666666666666,0.3333333333333333
MindGo,0.0,27.0,0.0,1.0
因,3.0,57.0,0.05,0.95
本周一,0.0,3.0,0.0,1.0
扭转,9.0,0.0,1.0,0.0
压力,0.0,3.0,0.0,1.0
公司,141.0,255.0,0.3560606060606061,0.6439393939393939
环,0.0,12.0,0.0,1.0
规划,0.0,15.0,0.0,1.0
变化,0.0,9.0,0.0,1.0
2015,0.0,78.0,0.0,1.0
融券,0.0,18.0,0.0,1.0
路妍,0.0,3.0,0.0,1.0
129.3,0.0,6.0,0.0,1.0
做出,0.0,3.0,0.0,1.0
结合,12.0,3.0,0.8,0.2
2503.79,0.0,12.0,0.0,1.0
资金面,3.0,0.0,1.0,0.0
型,3.0,12.0,0.2,0.8
挖,0.0,3.0,0.0,1.0
11.41,9.0,0.0,1.0,0.0
时间,51.0,36.0,0.5862068965517241,0.41379310344827586
技巧,0.0,3.0,0.0,1.0
方面,0.0,27.0,0.0,1.0
契机,0.0,3.0,0.0,1.0
告负,3.0,0.0,1.0,0.0
100,6.0,15.0,0.2857142857142857,0.7142857142857143
黄联禧,0.0,3.0,0.0,1.0
上港,3.0,0.0,1.0,0.0
预约,0.0,3.0,0.0,1.0
股票行情,0.0,9.0,0.0,1.0
经营,3.0,24.0,0.1111111111111111,0.8888888888888888
讲述,0.0,6.0,0.0,1.0
股息,9.0,0.0,1.0,0.0
双增长,12.0,0.0,1.0,0.0
load,0.0,3.0,0.0,1.0
·,0.0,6.0,0.0,1.0
300044,0.0,3.0,0.0,1.0
草甘膦,12.0,0.0,1.0,0.0
转载,6.0,63.0,0.08695652173913043,0.9130434782608695
误导,0.0,63.0,0.0,1.0
三甲,0.0,3.0,0.0,1.0
康得,0.0,3.0,0.0,1.0
行业,39.0,45.0,0.4642857142857143,0.5357142857142857
监控,0.0,6.0,0.0,1.0
股票交易,0.0,24.0,0.0,1.0
ApolloEndosurgery,3.0,0.0,1.0,0.0
从业,0.0,9.0,0.0,1.0
7.92,6.0,0.0,1.0,0.0
20,9.0,84.0,0.0967741935483871,0.9032258064516129
515,6.0,0.0,1.0,0.0
效果,0.0,6.0,0.0,1.0
比,24.0,21.0,0.5333333333333333,0.4666666666666667
领域,0.0,39.0,0.0,1.0
早晚,0.0,9.0,0.0,1.0
定向,6.0,0.0,1.0,0.0
一是,0.0,3.0,0.0,1.0
改善,0.0,3.0,0.0,1.0
数据分析,3.0,3.0,0.5,0.5
受理,3.0,0.0,1.0,0.0
该,6.0,87.0,0.06451612903225806,0.9354838709677419
之外,0.0,3.0,0.0,1.0
个,18.0,30.0,0.375,0.625
林立,0.0,3.0,0.0,1.0
image,0.0,3.0,0.0,1.0
全新,0.0,6.0,0.0,1.0
NgnzaqhsSzY2x7uJ0rSSficJHNPvWqbYElDnV5w4RemTm15Ehn2Cw3oNR0Hjsw1N7hVRlVAOyBw,0.0,3.0,0.0,1.0
反对,0.0,3.0,0.0,1.0
集团,15.0,57.0,0.20833333333333334,0.7916666666666666
节省,0.0,3.0,0.0,1.0
见,0.0,6.0,0.0,1.0
4651.5,0.0,6.0,0.0,1.0
站上,0.0,9.0,0.0,1.0
桥梁,0.0,6.0,0.0,1.0
短信,0.0,6.0,0.0,1.0
5.71,3.0,0.0,1.0,0.0
详见,0.0,3.0,0.0,1.0
54.2,0.0,3.0,0.0,1.0
渗透,0.0,6.0,0.0,1.0
业内人士,0.0,9.0,0.0,1.0
毛,0.0,3.0,0.0,1.0
1.61,0.0,3.0,0.0,1.0
牛市,0.0,24.0,0.0,1.0
白酒,6.0,0.0,1.0,0.0
新机遇,0.0,9.0,0.0,1.0
翻倍,0.0,3.0,0.0,1.0
6.1,0.0,6.0,0.0,1.0
qeyx8scjJFkE3HYOB5UaJSs6UpM9SLHoCBZY4MKtNXXjic00qBjZSKDnLTxMw3j0piaOXYiblvl9w,0.0,3.0,0.0,1.0
蓝天,0.0,6.0,0.0,1.0
临时,0.0,3.0,0.0,1.0
借,3.0,15.0,0.16666666666666666,0.8333333333333334
用户数,0.0,6.0,0.0,1.0
资源,6.0,12.0,0.3333333333333333,0.6666666666666666
协和,0.0,3.0,0.0,1.0
查看,0.0,6.0,0.0,1.0
重挫,0.0,3.0,0.0,1.0
违规,0.0,12.0,0.0,1.0
机器人,0.0,21.0,0.0,1.0
蓝光,3.0,0.0,1.0,0.0
指数,3.0,15.0,0.16666666666666666,0.8333333333333334
倍,0.0,21.0,0.0,1.0
徘徊,0.0,3.0,0.0,1.0
第一个,0.0,6.0,0.0,1.0
象,3.0,0.0,1.0,0.0
京报,9.0,0.0,1.0,0.0
5.26,0.0,3.0,0.0,1.0
偏遇,0.0,3.0,0.0,1.0
投递,0.0,3.0,0.0,1.0
也许,0.0,3.0,0.0,1.0
周期,9.0,24.0,0.2727272727272727,0.7272727272727273
证券网,0.0,6.0,0.0,1.0
ileupload,0.0,3.0,0.0,1.0
前三名,0.0,3.0,0.0,1.0
体育,3.0,0.0,1.0,0.0
134,3.0,3.0,0.5,0.5
%,228.0,315.0,0.4198895027624309,0.580110497237569
在意,0.0,6.0,0.0,1.0
鉴于,0.0,3.0,0.0,1.0
大户,0.0,12.0,0.0,1.0
8891,0.0,3.0,0.0,1.0
600446,0.0,3.0,0.0,1.0
锂电池,15.0,0.0,1.0,0.0
KM5P6Y0bWslKY2pna6mBODI03wkqcvWazy6BUUOIVxeVfk7N0b8U0nGYrtVfkicr53QM6uo5lP8h6K7ialjicp9bg,0.0,3.0,0.0,1.0
在于,0.0,3.0,0.0,1.0
只能,0.0,12.0,0.0,1.0
分公司,3.0,0.0,1.0,0.0
SZ300033,0.0,6.0,0.0,1.0
未,3.0,12.0,0.2,0.8
CEZ,3.0,0.0,1.0,0.0
股灾,0.0,3.0,0.0,1.0
尾盘,0.0,3.0,0.0,1.0
高管,3.0,27.0,0.1,0.9
信,3.0,0.0,1.0,0.0
临近,6.0,0.0,1.0,0.0
SZ,0.0,15.0,0.0,1.0
立足未稳,0.0,3.0,0.0,1.0
综上,0.0,6.0,0.0,1.0
信息安全,0.0,9.0,0.0,1.0
伙伴关系,0.0,9.0,0.0,1.0
对待,0.0,3.0,0.0,1.0
突破,0.0,12.0,0.0,1.0
第,9.0,3.0,0.75,0.25
本次,9.0,12.0,0.42857142857142855,0.5714285714285714
牛三犇,0.0,6.0,0.0,1.0
居前,3.0,3.0,0.5,0.5
变现,0.0,24.0,0.0,1.0
新兴,3.0,0.0,1.0,0.0
政策,0.0,3.0,0.0,1.0
证,0.0,3.0,0.0,1.0
焦作,3.0,0.0,1.0,0.0
龙虎榜,0.0,9.0,0.0,1.0
14.4,0.0,6.0,0.0,1.0
言,0.0,6.0,0.0,1.0
东部,21.0,3.0,0.875,0.125
一旦,0.0,15.0,0.0,1.0
策略,0.0,24.0,0.0,1.0
为彩贝,0.0,3.0,0.0,1.0
盘后,0.0,6.0,0.0,1.0
从业者,0.0,9.0,0.0,1.0
表格,0.0,3.0,0.0,1.0
526,3.0,6.0,0.3333333333333333,0.6666666666666666
合并,0.0,3.0,0.0,1.0
并非,0.0,9.0,0.0,1.0
属性,0.0,12.0,0.0,1.0
自,15.0,54.0,0.21739130434782608,0.782608695652174
机械,6.0,0.0,1.0,0.0
记录,0.0,3.0,0.0,1.0
合作,0.0,198.0,0.0,1.0
深圳,0.0,12.0,0.0,1.0
内,12.0,60.0,0.16666666666666666,0.8333333333333334
补,0.0,3.0,0.0,1.0
涨跌互现,0.0,3.0,0.0,1.0
探索,0.0,12.0,0.0,1.0
图,0.0,3.0,0.0,1.0
