日,0.0,135.0,0.0,1.0
汇,0.0,6.0,0.0,1.0
反馈,0.0,6.0,0.0,1.0
d34,0.0,3.0,0.0,1.0
提及,0.0,6.0,0.0,1.0
乌镇,0.0,3.0,0.0,1.0
完成,0.0,3.0,0.0,1.0
组成部分,0.0,3.0,0.0,1.0
同比,0.0,81.0,0.0,1.0
共同,0.0,6.0,0.0,1.0
专场,0.0,3.0,0.0,1.0
航站楼,0.0,21.0,0.0,1.0
口水,0.0,3.0,0.0,1.0
此次,0.0,9.0,0.0,1.0
总收入,0.0,9.0,0.0,1.0
团团,0.0,3.0,0.0,1.0
中国,0.0,714.0,0.0,1.0
质疑,0.0,3.0,0.0,1.0
鹤立鸡群,0.0,3.0,0.0,1.0
一对一,0.0,3.0,0.0,1.0
下属,0.0,3.0,0.0,1.0
:,0.0,30.0,0.0,1.0
持股,0.0,18.0,0.0,1.0
引起,0.0,6.0,0.0,1.0
发挥,0.0,3.0,0.0,1.0
2013,0.0,3.0,0.0,1.0
王晶,0.0,3.0,0.0,1.0
南报,0.0,9.0,0.0,1.0
推高,0.0,3.0,0.0,1.0
判决书,0.0,3.0,0.0,1.0
12,0.0,18.0,0.0,1.0
55.48,0.0,3.0,0.0,1.0
主席,0.0,3.0,0.0,1.0
被害,0.0,9.0,0.0,1.0
至,0.0,3.0,0.0,1.0
一线,0.0,3.0,0.0,1.0
8.92,0.0,6.0,0.0,1.0
平稳,0.0,3.0,0.0,1.0
快报,0.0,6.0,0.0,1.0
加大,0.0,6.0,0.0,1.0
10.74,0.0,3.0,0.0,1.0
出,0.0,3.0,0.0,1.0
加码,0.0,3.0,0.0,1.0
央视,0.0,3.0,0.0,1.0
增持,0.0,48.0,0.0,1.0
601377,0.0,3.0,0.0,1.0
002736,0.0,6.0,0.0,1.0
原,0.0,6.0,0.0,1.0
发表,0.0,3.0,0.0,1.0
chart,0.0,3.0,0.0,1.0
上海,0.0,6.0,0.0,1.0
清洁,0.0,3.0,0.0,1.0
特卖,0.0,6.0,0.0,1.0
热线,0.0,3.0,0.0,1.0
内外,0.0,3.0,0.0,1.0
10,0.0,87.0,0.0,1.0
某犯,0.0,3.0,0.0,1.0
股份,0.0,57.0,0.0,1.0
由此,0.0,6.0,0.0,1.0
om,0.0,3.0,0.0,1.0
302ee6f693458cf3,0.0,3.0,0.0,1.0
跑,0.0,6.0,0.0,1.0
高高在上,0.0,3.0,0.0,1.0
市盈率,0.0,3.0,0.0,1.0
1.02,0.0,3.0,0.0,1.0
来自,0.0,3.0,0.0,1.0
越来越,0.0,3.0,0.0,1.0
没涨,0.0,3.0,0.0,1.0
喜欢,0.0,3.0,0.0,1.0
6775387713325108583,0.0,3.0,0.0,1.0
概率,0.0,3.0,0.0,1.0
履职,0.0,3.0,0.0,1.0
费用,0.0,3.0,0.0,1.0
化,0.0,3.0,0.0,1.0
T3T3,0.0,3.0,0.0,1.0
步伐,0.0,3.0,0.0,1.0
获证金,0.0,3.0,0.0,1.0
精品,0.0,6.0,0.0,1.0
进而,0.0,3.0,0.0,1.0
逆势上涨,0.0,3.0,0.0,1.0
年末,0.0,3.0,0.0,1.0
5153,0.0,3.0,0.0,1.0
和讯网,0.0,3.0,0.0,1.0
总部,0.0,12.0,0.0,1.0
综合,0.0,6.0,0.0,1.0
提升,0.0,18.0,0.0,1.0
赛事,0.0,3.0,0.0,1.0
期间,0.0,30.0,0.0,1.0
png,0.0,15.0,0.0,1.0
hqpick,0.0,3.0,0.0,1.0
7,0.0,36.0,0.0,1.0
智慧,0.0,6.0,0.0,1.0
各大,0.0,9.0,0.0,1.0
令人满意,0.0,3.0,0.0,1.0
还是,0.0,3.0,0.0,1.0
归母,0.0,6.0,0.0,1.0
还有,0.0,6.0,0.0,1.0
】,0.0,3.0,0.0,1.0
兴业,0.0,6.0,0.0,1.0
站住脚,0.0,3.0,0.0,1.0
单位,0.0,9.0,0.0,1.0
判处,0.0,3.0,0.0,1.0
入境游,0.0,3.0,0.0,1.0
讲话,0.0,3.0,0.0,1.0
遭到,0.0,9.0,0.0,1.0
烟酒,0.0,9.0,0.0,1.0
新加坡政府,0.0,3.0,0.0,1.0
发展,0.0,36.0,0.0,1.0
成立,0.0,6.0,0.0,1.0
从,0.0,9.0,0.0,1.0
50,0.0,3.0,0.0,1.0
=,0.0,24.0,0.0,1.0
广,0.0,3.0,0.0,1.0
地因,0.0,3.0,0.0,1.0
式,0.0,6.0,0.0,1.0
+,0.0,24.0,0.0,1.0
好莱坞,0.0,3.0,0.0,1.0
0.64,0.0,3.0,0.0,1.0
300206,0.0,3.0,0.0,1.0
中期,0.0,3.0,0.0,1.0
出境,0.0,6.0,0.0,1.0
研究员,0.0,3.0,0.0,1.0
领导,0.0,6.0,0.0,1.0
致函,0.0,9.0,0.0,1.0
正规,0.0,3.0,0.0,1.0
资金,0.0,3.0,0.0,1.0
无,0.0,3.0,0.0,1.0
六月天,0.0,3.0,0.0,1.0
标段,0.0,30.0,0.0,1.0
都,0.0,12.0,0.0,1.0
如何,0.0,3.0,0.0,1.0
42.50,0.0,3.0,0.0,1.0
庆祝,0.0,3.0,0.0,1.0
第一位,0.0,3.0,0.0,1.0
营销,0.0,3.0,0.0,1.0
增减,0.0,3.0,0.0,1.0
官网,0.0,3.0,0.0,1.0
花,0.0,3.0,0.0,1.0
监管,0.0,3.0,0.0,1.0
拟订,0.0,3.0,0.0,1.0
旅行社,0.0,117.0,0.0,1.0
披露,0.0,9.0,0.0,1.0
超过,0.0,3.0,0.0,1.0
是否,0.0,6.0,0.0,1.0
T3,0.0,18.0,0.0,1.0
超,0.0,6.0,0.0,1.0
38.72,0.0,9.0,0.0,1.0
曹中铭,0.0,3.0,0.0,1.0
国际化,0.0,3.0,0.0,1.0
57.81,0.0,3.0,0.0,1.0
0.08,0.0,3.0,0.0,1.0
53,0.0,3.0,0.0,1.0
增长,0.0,117.0,0.0,1.0
往往,0.0,3.0,0.0,1.0
符合,0.0,12.0,0.0,1.0
优质,0.0,6.0,0.0,1.0
蓝,0.0,3.0,0.0,1.0
经营权,0.0,18.0,0.0,1.0
曼谷,0.0,6.0,0.0,1.0
attachment,0.0,3.0,0.0,1.0
仍能,0.0,3.0,0.0,1.0
13.16,0.0,3.0,0.0,1.0
真的,0.0,3.0,0.0,1.0
双双,0.0,3.0,0.0,1.0
一审,0.0,3.0,0.0,1.0
原野,0.0,3.0,0.0,1.0
》,0.0,18.0,0.0,1.0
事情,0.0,3.0,0.0,1.0
现有,0.0,3.0,0.0,1.0
北京晨报,0.0,3.0,0.0,1.0
0.518510,0.0,3.0,0.0,1.0
会,0.0,6.0,0.0,1.0
一种,0.0,3.0,0.0,1.0
推动,0.0,3.0,0.0,1.0
先后,0.0,3.0,0.0,1.0
领取,0.0,6.0,0.0,1.0
宝钢股份,0.0,3.0,0.0,1.0
顾问,0.0,3.0,0.0,1.0
舆论,0.0,6.0,0.0,1.0
res05,0.0,3.0,0.0,1.0
拓展,0.0,3.0,0.0,1.0
应泰皮,0.0,3.0,0.0,1.0
有意思,0.0,3.0,0.0,1.0
股权,0.0,6.0,0.0,1.0
效应,0.0,3.0,0.0,1.0
0.52,0.0,3.0,0.0,1.0
5,0.0,72.0,0.0,1.0
高度,0.0,3.0,0.0,1.0
中心,0.0,3.0,0.0,1.0
立即,0.0,3.0,0.0,1.0
遭黑,0.0,3.0,0.0,1.0
前日,0.0,3.0,0.0,1.0
开始,0.0,3.0,0.0,1.0
直指,0.0,3.0,0.0,1.0
由,0.0,12.0,0.0,1.0
热爱,0.0,3.0,0.0,1.0
下称,0.0,3.0,0.0,1.0
重任,0.0,3.0,0.0,1.0
江苏省,0.0,3.0,0.0,1.0
瀚,0.0,3.0,0.0,1.0
外,0.0,3.0,0.0,1.0
月,0.0,165.0,0.0,1.0
人,0.0,15.0,0.0,1.0
国旅,0.0,660.0,0.0,1.0
2.64,0.0,15.0,0.0,1.0
首席,0.0,3.0,0.0,1.0
报道,0.0,12.0,0.0,1.0
推进,0.0,9.0,0.0,1.0
002593,0.0,3.0,0.0,1.0
曾,0.0,9.0,0.0,1.0
亿股,0.0,3.0,0.0,1.0
总营收,0.0,9.0,0.0,1.0
诊股,0.0,18.0,0.0,1.0
—,0.0,12.0,0.0,1.0
促使,0.0,3.0,0.0,1.0
竞标,0.0,6.0,0.0,1.0
路线,0.0,12.0,0.0,1.0
分为,0.0,6.0,0.0,1.0
证券报,0.0,3.0,0.0,1.0
想,0.0,3.0,0.0,1.0
18,0.0,36.0,0.0,1.0
19.17,0.0,3.0,0.0,1.0
事件,0.0,9.0,0.0,1.0
云海,0.0,3.0,0.0,1.0
未必,0.0,3.0,0.0,1.0
拟,0.0,3.0,0.0,1.0
电气,0.0,3.0,0.0,1.0
18.26,0.0,12.0,0.0,1.0
控股,0.0,18.0,0.0,1.0
毛利,0.0,39.0,0.0,1.0
感性,0.0,3.0,0.0,1.0
千万,0.0,3.0,0.0,1.0
其中,0.0,21.0,0.0,1.0
http,0.0,24.0,0.0,1.0
两个,0.0,3.0,0.0,1.0
食品饮料,0.0,3.0,0.0,1.0
01,0.0,3.0,0.0,1.0
负责人,0.0,3.0,0.0,1.0
明显,0.0,36.0,0.0,1.0
黄山,0.0,9.0,0.0,1.0
依然,0.0,9.0,0.0,1.0
87.8,0.0,3.0,0.0,1.0
张家界,0.0,6.0,0.0,1.0
2016,0.0,78.0,0.0,1.0
事,0.0,6.0,0.0,1.0
难怪,0.0,3.0,0.0,1.0
史无前例,0.0,9.0,0.0,1.0
知情,0.0,3.0,0.0,1.0
用车,0.0,3.0,0.0,1.0
理解,0.0,3.0,0.0,1.0
终于,0.0,3.0,0.0,1.0
472.52002182,0.0,3.0,0.0,1.0
老股,0.0,3.0,0.0,1.0
严格控制,0.0,3.0,0.0,1.0
59,0.0,3.0,0.0,1.0
45cf,0.0,3.0,0.0,1.0
整体优势,0.0,3.0,0.0,1.0
QFII,0.0,21.0,0.0,1.0
对比,0.0,3.0,0.0,1.0
96,0.0,3.0,0.0,1.0
之,0.0,9.0,0.0,1.0
显然,0.0,3.0,0.0,1.0
产业,0.0,3.0,0.0,1.0
尽览,0.0,3.0,0.0,1.0
占,0.0,36.0,0.0,1.0
时,0.0,3.0,0.0,1.0
找,0.0,3.0,0.0,1.0
短板,0.0,6.0,0.0,1.0
层,0.0,3.0,0.0,1.0
卖方,0.0,3.0,0.0,1.0
连发,0.0,3.0,0.0,1.0
领先,0.0,3.0,0.0,1.0
办公室,0.0,3.0,0.0,1.0
帽子,0.0,3.0,0.0,1.0
images,0.0,6.0,0.0,1.0
天,0.0,3.0,0.0,1.0
小彩贝,0.0,3.0,0.0,1.0
万华,0.0,18.0,0.0,1.0
研究所,0.0,6.0,0.0,1.0
17.30,0.0,6.0,0.0,1.0
预热,0.0,3.0,0.0,1.0
e,0.0,6.0,0.0,1.0
14.84,0.0,3.0,0.0,1.0
上市公司,0.0,33.0,0.0,1.0
调研,0.0,9.0,0.0,1.0
根本,0.0,3.0,0.0,1.0
轻,0.0,3.0,0.0,1.0
运营,0.0,18.0,0.0,1.0
互通有无,0.0,3.0,0.0,1.0
旗下,0.0,12.0,0.0,1.0
商品,0.0,3.0,0.0,1.0
共,0.0,9.0,0.0,1.0
使,0.0,6.0,0.0,1.0
券商,0.0,24.0,0.0,1.0
1.29,0.0,3.0,0.0,1.0
本期,0.0,3.0,0.0,1.0
第二个,0.0,3.0,0.0,1.0
8665.66,0.0,3.0,0.0,1.0
根据,0.0,27.0,0.0,1.0
含税,0.0,9.0,0.0,1.0
频繁,0.0,9.0,0.0,1.0
低,0.0,3.0,0.0,1.0
义务,0.0,3.0,0.0,1.0
惊艳,0.0,6.0,0.0,1.0
高度集中,0.0,3.0,0.0,1.0
hexun,0.0,3.0,0.0,1.0
收入,0.0,27.0,0.0,1.0
且,0.0,3.0,0.0,1.0
韩一奇,0.0,3.0,0.0,1.0
600138,0.0,3.0,0.0,1.0
近日,0.0,6.0,0.0,1.0
问询,0.0,24.0,0.0,1.0
答复,0.0,3.0,0.0,1.0
为别,0.0,3.0,0.0,1.0
抢报,0.0,3.0,0.0,1.0
流程,0.0,6.0,0.0,1.0
区域,0.0,15.0,0.0,1.0
情况,0.0,18.0,0.0,1.0
嬉戏,0.0,6.0,0.0,1.0
酒店,0.0,9.0,0.0,1.0
证券日报,0.0,3.0,0.0,1.0
服务,0.0,12.0,0.0,1.0
可以,0.0,24.0,0.0,1.0
本报记者,0.0,6.0,0.0,1.0
26.49,0.0,3.0,0.0,1.0
现金,0.0,3.0,0.0,1.0
i,0.0,6.0,0.0,1.0
晨会,0.0,3.0,0.0,1.0
600019,0.0,3.0,0.0,1.0
有所,0.0,3.0,0.0,1.0
您,0.0,3.0,0.0,1.0
：,0.0,126.0,0.0,1.0
介绍,0.0,3.0,0.0,1.0
打造,0.0,6.0,0.0,1.0
业,0.0,3.0,0.0,1.0
部,0.0,9.0,0.0,1.0
涨幅,0.0,39.0,0.0,1.0
亮点,0.0,3.0,0.0,1.0
新增,0.0,3.0,0.0,1.0
）,0.0,231.0,0.0,1.0
000858,0.0,3.0,0.0,1.0
希望,0.0,6.0,0.0,1.0
保持,0.0,6.0,0.0,1.0
投资,0.0,6.0,0.0,1.0
正在,0.0,3.0,0.0,1.0
旨在,0.0,3.0,0.0,1.0
渠道,0.0,6.0,0.0,1.0
8,0.0,9.0,0.0,1.0
形成,0.0,6.0,0.0,1.0
分工协作,0.0,3.0,0.0,1.0
特点,0.0,3.0,0.0,1.0
小,0.0,3.0,0.0,1.0
体验,0.0,3.0,0.0,1.0
共计,0.0,3.0,0.0,1.0
联盟,0.0,3.0,0.0,1.0
首都机场,0.0,57.0,0.0,1.0
上市,0.0,6.0,0.0,1.0
信息,0.0,12.0,0.0,1.0
毫无道理,0.0,3.0,0.0,1.0
上半年,0.0,6.0,0.0,1.0
正,0.0,9.0,0.0,1.0
责令,0.0,3.0,0.0,1.0
16,0.0,6.0,0.0,1.0
一直,0.0,6.0,0.0,1.0
制药,0.0,3.0,0.0,1.0
新买,0.0,3.0,0.0,1.0
恰逢,0.0,3.0,0.0,1.0
保持稳定,0.0,3.0,0.0,1.0
澳门,0.0,6.0,0.0,1.0
金红利,0.0,6.0,0.0,1.0
百分点,0.0,3.0,0.0,1.0
扩大,0.0,6.0,0.0,1.0
icon,0.0,3.0,0.0,1.0
国民,0.0,3.0,0.0,1.0
平均,0.0,3.0,0.0,1.0
一路上,0.0,3.0,0.0,1.0
126.55,0.0,15.0,0.0,1.0
拨打,0.0,3.0,0.0,1.0
万达,0.0,3.0,0.0,1.0
002051,0.0,3.0,0.0,1.0
25.19,0.0,3.0,0.0,1.0
营业部,0.0,3.0,0.0,1.0
绝对,0.0,3.0,0.0,1.0
45.16,0.0,3.0,0.0,1.0
炒,0.0,3.0,0.0,1.0
内容,0.0,6.0,0.0,1.0
销售业务,0.0,3.0,0.0,1.0
腾飞,0.0,3.0,0.0,1.0
整理,0.0,3.0,0.0,1.0
钟潇,0.0,6.0,0.0,1.0
股本,0.0,15.0,0.0,1.0
地位,0.0,6.0,0.0,1.0
没有,0.0,9.0,0.0,1.0
中标人,0.0,6.0,0.0,1.0
亿元,0.0,150.0,0.0,1.0
利润总额,0.0,3.0,0.0,1.0
后市,0.0,6.0,0.0,1.0
CCTV5,0.0,6.0,0.0,1.0
此前,0.0,3.0,0.0,1.0
kpic,0.0,3.0,0.0,1.0
力推,0.0,6.0,0.0,1.0
现在,0.0,3.0,0.0,1.0
提价,0.0,3.0,0.0,1.0
两则,0.0,3.0,0.0,1.0
在线,0.0,3.0,0.0,1.0
怼,0.0,3.0,0.0,1.0
税,0.0,6.0,0.0,1.0
颇具,0.0,3.0,0.0,1.0
风险,0.0,3.0,0.0,1.0
地是,0.0,3.0,0.0,1.0
538,0.0,3.0,0.0,1.0
环球,0.0,6.0,0.0,1.0
得到,0.0,6.0,0.0,1.0
奶牛,0.0,3.0,0.0,1.0
派,0.0,6.0,0.0,1.0
欧洲游,0.0,3.0,0.0,1.0
经理,0.0,12.0,0.0,1.0
职务侵占,0.0,3.0,0.0,1.0
产品,0.0,21.0,0.0,1.0
协同效应,0.0,3.0,0.0,1.0
中标,0.0,69.0,0.0,1.0
20.10,0.0,3.0,0.0,1.0
着重,0.0,3.0,0.0,1.0
确定性,0.0,3.0,0.0,1.0
高速,0.0,3.0,0.0,1.0
T2,0.0,21.0,0.0,1.0
理财,0.0,3.0,0.0,1.0
只有,0.0,3.0,0.0,1.0
肩负,0.0,3.0,0.0,1.0
主人,0.0,3.0,0.0,1.0
战略,0.0,3.0,0.0,1.0
以上,0.0,12.0,0.0,1.0
签订,0.0,3.0,0.0,1.0
一赠,0.0,6.0,0.0,1.0
60.15,0.0,3.0,0.0,1.0
www,0.0,3.0,0.0,1.0
品牌,0.0,6.0,0.0,1.0
真正,0.0,3.0,0.0,1.0
显示,0.0,45.0,0.0,1.0
味业,0.0,3.0,0.0,1.0
26.71,0.0,3.0,0.0,1.0
重要,0.0,12.0,0.0,1.0
阶段,0.0,9.0,0.0,1.0
为例,0.0,9.0,0.0,1.0
成长,0.0,3.0,0.0,1.0
仍为,0.0,3.0,0.0,1.0
大幅,0.0,6.0,0.0,1.0
交流,0.0,3.0,0.0,1.0
客流,0.0,3.0,0.0,1.0
已,0.0,9.0,0.0,1.0
得,0.0,3.0,0.0,1.0
000.50018,0.0,3.0,0.0,1.0
电器,0.0,9.0,0.0,1.0
注目礼,0.0,3.0,0.0,1.0
两三天,0.0,3.0,0.0,1.0
发生,0.0,6.0,0.0,1.0
17.26,0.0,6.0,0.0,1.0
300033,0.0,3.0,0.0,1.0
方案,0.0,27.0,0.0,1.0
值得一提的是,0.0,3.0,0.0,1.0
分析,0.0,9.0,0.0,1.0
000.30031,0.0,3.0,0.0,1.0
核心,0.0,12.0,0.0,1.0
5015.45002438,0.0,3.0,0.0,1.0
子公司,0.0,66.0,0.0,1.0
高,0.0,42.0,0.0,1.0
大体,0.0,6.0,0.0,1.0
进一步,0.0,9.0,0.0,1.0
经济,0.0,9.0,0.0,1.0
说明,0.0,12.0,0.0,1.0
比例,0.0,12.0,0.0,1.0
竞争力,0.0,6.0,0.0,1.0
集团公司,0.0,9.0,0.0,1.0
6,0.0,27.0,0.0,1.0
法律效力,0.0,3.0,0.0,1.0
大涨,0.0,3.0,0.0,1.0
约定,0.0,3.0,0.0,1.0
7.84,0.0,6.0,0.0,1.0
最终,0.0,9.0,0.0,1.0
景区,0.0,3.0,0.0,1.0
研报,0.0,81.0,0.0,1.0
52.04,0.0,3.0,0.0,1.0
全,0.0,3.0,0.0,1.0
其,0.0,6.0,0.0,1.0
9,0.0,3.0,0.0,1.0
回流,0.0,6.0,0.0,1.0
功劳,0.0,6.0,0.0,1.0
作案,0.0,3.0,0.0,1.0
网络,0.0,3.0,0.0,1.0
7.18,0.0,6.0,0.0,1.0
至关重要,0.0,3.0,0.0,1.0
具备,0.0,3.0,0.0,1.0
掩护,0.0,3.0,0.0,1.0
0.28,0.0,3.0,0.0,1.0
cn,0.0,21.0,0.0,1.0
发布公告,0.0,6.0,0.0,1.0
风口浪尖,0.0,3.0,0.0,1.0
报名,0.0,3.0,0.0,1.0
分别,0.0,42.0,0.0,1.0
精彩,0.0,3.0,0.0,1.0
出炉,0.0,3.0,0.0,1.0
有人,0.0,3.0,0.0,1.0
热点,0.0,3.0,0.0,1.0
125.71,0.0,6.0,0.0,1.0
昆明,0.0,3.0,0.0,1.0
全资,0.0,42.0,0.0,1.0
欢迎,0.0,3.0,0.0,1.0
模式,0.0,3.0,0.0,1.0
绝非,0.0,3.0,0.0,1.0
认为,0.0,12.0,0.0,1.0
机场,0.0,24.0,0.0,1.0
必备,0.0,3.0,0.0,1.0
一日游,0.0,3.0,0.0,1.0
159.05,0.0,3.0,0.0,1.0
行,0.0,21.0,0.0,1.0
判刑,0.0,6.0,0.0,1.0
来讲,0.0,3.0,0.0,1.0
2.65,0.0,6.0,0.0,1.0
越秀区,0.0,6.0,0.0,1.0
预案,0.0,9.0,0.0,1.0
多,0.0,18.0,0.0,1.0
11,0.0,6.0,0.0,1.0
即便,0.0,3.0,0.0,1.0
b100,0.0,3.0,0.0,1.0
五强,0.0,3.0,0.0,1.0
余场,0.0,3.0,0.0,1.0
包括,0.0,15.0,0.0,1.0
戴,0.0,12.0,0.0,1.0
0.00,0.0,3.0,0.0,1.0
因在,0.0,3.0,0.0,1.0
新任,0.0,3.0,0.0,1.0
据,0.0,15.0,0.0,1.0
季报,0.0,27.0,0.0,1.0
工作人员,0.0,3.0,0.0,1.0
玩,0.0,3.0,0.0,1.0
指导,0.0,3.0,0.0,1.0
古北,0.0,3.0,0.0,1.0
17.65,0.0,3.0,0.0,1.0
采购,0.0,6.0,0.0,1.0
股,0.0,48.0,0.0,1.0
539846100,0.0,6.0,0.0,1.0
复苏,0.0,3.0,0.0,1.0
世界,0.0,9.0,0.0,1.0
谈不上,0.0,3.0,0.0,1.0
59.04,0.0,3.0,0.0,1.0
attpic,0.0,3.0,0.0,1.0
难得,0.0,6.0,0.0,1.0
五粮液,0.0,18.0,0.0,1.0
沟通,0.0,3.0,0.0,1.0
带来,0.0,3.0,0.0,1.0
阴谋论,0.0,3.0,0.0,1.0
也许,0.0,3.0,0.0,1.0
减少,0.0,9.0,0.0,1.0
仪器,0.0,3.0,0.0,1.0
12.57,0.0,3.0,0.0,1.0
0.37,0.0,3.0,0.0,1.0
国泰君安,0.0,3.0,0.0,1.0
理邦,0.0,3.0,0.0,1.0
峨眉山,0.0,6.0,0.0,1.0
门店,0.0,3.0,0.0,1.0
江苏,0.0,30.0,0.0,1.0
日期,0.0,9.0,0.0,1.0
经营风险,0.0,3.0,0.0,1.0
阐述,0.0,3.0,0.0,1.0
乏力,0.0,6.0,0.0,1.0
副总裁,0.0,3.0,0.0,1.0
多次,0.0,6.0,0.0,1.0
做到,0.0,3.0,0.0,1.0
3882,0.0,3.0,0.0,1.0
去年,0.0,15.0,0.0,1.0
18.31002599,0.0,3.0,0.0,1.0
提高,0.0,6.0,0.0,1.0
变更,0.0,3.0,0.0,1.0
畅游,0.0,3.0,0.0,1.0
eastmoney,0.0,3.0,0.0,1.0
岭南,0.0,3.0,0.0,1.0
从事,0.0,3.0,0.0,1.0
运动,0.0,3.0,0.0,1.0
下,0.0,9.0,0.0,1.0
来说,0.0,3.0,0.0,1.0
43,0.0,6.0,0.0,1.0
发起,0.0,6.0,0.0,1.0
这场,0.0,6.0,0.0,1.0
作者,0.0,9.0,0.0,1.0
季度末,0.0,3.0,0.0,1.0
u,0.0,3.0,0.0,1.0
、,0.0,381.0,0.0,1.0
6.39,0.0,3.0,0.0,1.0
候选人,0.0,27.0,0.0,1.0
迎来,0.0,3.0,0.0,1.0
扣,0.0,3.0,0.0,1.0
北辛庄,0.0,3.0,0.0,1.0
600261,0.0,3.0,0.0,1.0
但,0.0,6.0,0.0,1.0
img,0.0,9.0,0.0,1.0
称因,0.0,3.0,0.0,1.0
本月,0.0,3.0,0.0,1.0
万元,0.0,18.0,0.0,1.0
条件,0.0,3.0,0.0,1.0
纷纷,0.0,3.0,0.0,1.0
南方,0.0,3.0,0.0,1.0
未获,0.0,3.0,0.0,1.0
data,0.0,3.0,0.0,1.0
任免,0.0,3.0,0.0,1.0
重磅,0.0,3.0,0.0,1.0
一条,0.0,3.0,0.0,1.0
香港机场,0.0,3.0,0.0,1.0
贡献,0.0,30.0,0.0,1.0
B2B,0.0,3.0,0.0,1.0
假冒,0.0,3.0,0.0,1.0
董事长,0.0,6.0,0.0,1.0
实际上,0.0,3.0,0.0,1.0
深度,0.0,3.0,0.0,1.0
行情,0.0,66.0,0.0,1.0
.,0.0,120.0,0.0,1.0
动漫,0.0,3.0,0.0,1.0
证据,0.0,6.0,0.0,1.0
2,0.0,45.0,0.0,1.0
是,0.0,105.0,0.0,1.0
良好,0.0,6.0,0.0,1.0
政策,0.0,6.0,0.0,1.0
6.04,0.0,3.0,0.0,1.0
市场,0.0,51.0,0.0,1.0
备受瞩目,0.0,3.0,0.0,1.0
产生,0.0,3.0,0.0,1.0
参考价格,0.0,6.0,0.0,1.0
计划,0.0,6.0,0.0,1.0
变动,0.0,3.0,0.0,1.0
邀,0.0,6.0,0.0,1.0
评级,0.0,3.0,0.0,1.0
业务收入,0.0,9.0,0.0,1.0
再显,0.0,3.0,0.0,1.0
操作,0.0,3.0,0.0,1.0
感受一下,0.0,3.0,0.0,1.0
高送,0.0,21.0,0.0,1.0
全程,0.0,6.0,0.0,1.0
149500,0.0,3.0,0.0,1.0
炮轰,0.0,3.0,0.0,1.0
sinaimg,0.0,3.0,0.0,1.0
接收,0.0,3.0,0.0,1.0
保密,0.0,3.0,0.0,1.0
600585,0.0,6.0,0.0,1.0
为,0.0,117.0,0.0,1.0
四家,0.0,3.0,0.0,1.0
股派,0.0,15.0,0.0,1.0
deco,0.0,3.0,0.0,1.0
上升,0.0,3.0,0.0,1.0
旅游,0.0,87.0,0.0,1.0
53.51,0.0,6.0,0.0,1.0
06,0.0,3.0,0.0,1.0
正式,0.0,3.0,0.0,1.0
各自,0.0,3.0,0.0,1.0
前述,0.0,3.0,0.0,1.0
想法,0.0,3.0,0.0,1.0
前三位,0.0,3.0,0.0,1.0
主要,0.0,12.0,0.0,1.0
坦言,0.0,3.0,0.0,1.0
商品销售,0.0,18.0,0.0,1.0
敢,0.0,3.0,0.0,1.0
如果说,0.0,3.0,0.0,1.0
一,0.0,39.0,0.0,1.0
公布,0.0,15.0,0.0,1.0
今年,0.0,30.0,0.0,1.0
退赔,0.0,6.0,0.0,1.0
市场份额,0.0,9.0,0.0,1.0
三无,0.0,3.0,0.0,1.0
确实,0.0,6.0,0.0,1.0
jpeg,0.0,3.0,0.0,1.0
转增,0.0,24.0,0.0,1.0
全部,0.0,3.0,0.0,1.0
剑,0.0,6.0,0.0,1.0
约,0.0,12.0,0.0,1.0
减持,0.0,6.0,0.0,1.0
构成,0.0,6.0,0.0,1.0
利用,0.0,3.0,0.0,1.0
散户,0.0,3.0,0.0,1.0
达,0.0,15.0,0.0,1.0
买,0.0,6.0,0.0,1.0
上线,0.0,3.0,0.0,1.0
呈现出,0.0,6.0,0.0,1.0
提取,0.0,3.0,0.0,1.0
引发,0.0,6.0,0.0,1.0
号,0.0,6.0,0.0,1.0
成为,0.0,27.0,0.0,1.0
不断,0.0,12.0,0.0,1.0
支柱,0.0,12.0,0.0,1.0
门票,0.0,3.0,0.0,1.0
基于,0.0,3.0,0.0,1.0
增,0.0,3.0,0.0,1.0
同时,0.0,30.0,0.0,1.0
30,0.0,3.0,0.0,1.0
在,0.0,111.0,0.0,1.0
童龄,0.0,3.0,0.0,1.0
马力,0.0,3.0,0.0,1.0
佐证,0.0,3.0,0.0,1.0
处于,0.0,3.0,0.0,1.0
多元化,0.0,6.0,0.0,1.0
浦东,0.0,3.0,0.0,1.0
海洋,0.0,3.0,0.0,1.0
行为,0.0,18.0,0.0,1.0
数据,0.0,15.0,0.0,1.0
一个,0.0,9.0,0.0,1.0
包钢,0.0,18.0,0.0,1.0
共振,0.0,3.0,0.0,1.0
满足,0.0,3.0,0.0,1.0
发布,0.0,75.0,0.0,1.0
三季度,0.0,3.0,0.0,1.0
高级,0.0,6.0,0.0,1.0
监事,0.0,3.0,0.0,1.0
消息,0.0,3.0,0.0,1.0
自主,0.0,3.0,0.0,1.0
发班,0.0,3.0,0.0,1.0
事项,0.0,6.0,0.0,1.0
南京,0.0,9.0,0.0,1.0
火热,0.0,3.0,0.0,1.0
参赛,0.0,3.0,0.0,1.0
利润,0.0,27.0,0.0,1.0
联系,0.0,3.0,0.0,1.0
位居,0.0,6.0,0.0,1.0
正常,0.0,9.0,0.0,1.0
美大,0.0,3.0,0.0,1.0
首旅,0.0,6.0,0.0,1.0
大,0.0,24.0,0.0,1.0
新机制,0.0,3.0,0.0,1.0
其间,0.0,6.0,0.0,1.0
26,0.0,3.0,0.0,1.0
luobocaijing,0.0,3.0,0.0,1.0
293.11,0.0,3.0,0.0,1.0
迎新,0.0,3.0,0.0,1.0
篇,0.0,30.0,0.0,1.0
19.87,0.0,3.0,0.0,1.0
28,0.0,9.0,0.0,1.0
排名,0.0,3.0,0.0,1.0
让你玩,0.0,3.0,0.0,1.0
扬,0.0,3.0,0.0,1.0
输出,0.0,3.0,0.0,1.0
成本,0.0,9.0,0.0,1.0
brief,0.0,3.0,0.0,1.0
上涨幅度,0.0,6.0,0.0,1.0
摸,0.0,3.0,0.0,1.0
推荐,0.0,30.0,0.0,1.0
景点,0.0,6.0,0.0,1.0
全体,0.0,9.0,0.0,1.0
交易所,0.0,9.0,0.0,1.0
某部,0.0,3.0,0.0,1.0
定增,0.0,3.0,0.0,1.0
大力发展,0.0,3.0,0.0,1.0
今日,0.0,3.0,0.0,1.0
中工,0.0,18.0,0.0,1.0
有关,0.0,3.0,0.0,1.0
吻合,0.0,3.0,0.0,1.0
麾下,0.0,3.0,0.0,1.0
证金,0.0,33.0,0.0,1.0
不难看出,0.0,3.0,0.0,1.0
跌,0.0,6.0,0.0,1.0
陆续,0.0,3.0,0.0,1.0
SH,0.0,3.0,0.0,1.0
看好,0.0,18.0,0.0,1.0
很难,0.0,3.0,0.0,1.0
涨,0.0,3.0,0.0,1.0
下跌,0.0,3.0,0.0,1.0
最大,0.0,24.0,0.0,1.0
支撑,0.0,9.0,0.0,1.0
被,0.0,21.0,0.0,1.0
14.7,0.0,3.0,0.0,1.0
知情人,0.0,6.0,0.0,1.0
合理性,0.0,6.0,0.0,1.0
指,0.0,6.0,0.0,1.0
之日起,0.0,3.0,0.0,1.0
如愿,0.0,3.0,0.0,1.0
记者,0.0,27.0,0.0,1.0
标题,0.0,3.0,0.0,1.0
公,0.0,3.0,0.0,1.0
指标,0.0,6.0,0.0,1.0
深化,0.0,3.0,0.0,1.0
跻身,0.0,3.0,0.0,1.0
经济效益,0.0,6.0,0.0,1.0
系列,0.0,6.0,0.0,1.0
氛围,0.0,3.0,0.0,1.0
不宜,0.0,6.0,0.0,1.0
州,0.0,3.0,0.0,1.0
除了,0.0,9.0,0.0,1.0
事实上,0.0,3.0,0.0,1.0
整合,0.0,3.0,0.0,1.0
10.002,0.0,3.0,0.0,1.0
月末,0.0,3.0,0.0,1.0
一季度,0.0,15.0,0.0,1.0
出境游,0.0,6.0,0.0,1.0
资本,0.0,3.0,0.0,1.0
增幅,0.0,3.0,0.0,1.0
股东,0.0,54.0,0.0,1.0
抓紧,0.0,3.0,0.0,1.0
国旅总社,0.0,6.0,0.0,1.0
51.44,0.0,3.0,0.0,1.0
协议,0.0,6.0,0.0,1.0
jrjimg,0.0,3.0,0.0,1.0
价格,0.0,3.0,0.0,1.0
空间,0.0,3.0,0.0,1.0
较,0.0,3.0,0.0,1.0
34,0.0,3.0,0.0,1.0
因研报,0.0,3.0,0.0,1.0
业务,0.0,180.0,0.0,1.0
利润分配,0.0,9.0,0.0,1.0
净利,0.0,9.0,0.0,1.0
安排,0.0,6.0,0.0,1.0
值得注意,0.0,3.0,0.0,1.0
元,0.0,51.0,0.0,1.0
美景,0.0,3.0,0.0,1.0
中国旅行社,0.0,3.0,0.0,1.0
过程,0.0,9.0,0.0,1.0
暑期,0.0,12.0,0.0,1.0
月份,0.0,3.0,0.0,1.0
到,0.0,27.0,0.0,1.0
力,0.0,3.0,0.0,1.0
旅行,0.0,3.0,0.0,1.0
1.62,0.0,3.0,0.0,1.0
污蔑,0.0,3.0,0.0,1.0
薪酬,0.0,12.0,0.0,1.0
针对,0.0,15.0,0.0,1.0
主营业务,0.0,6.0,0.0,1.0
600309,0.0,3.0,0.0,1.0
龙头股,0.0,9.0,0.0,1.0
获得,0.0,15.0,0.0,1.0
元买,0.0,6.0,0.0,1.0
《,0.0,21.0,0.0,1.0
三,0.0,9.0,0.0,1.0
受益,0.0,12.0,0.0,1.0
补充,0.0,3.0,0.0,1.0
开放式,0.0,3.0,0.0,1.0
1.72,0.0,3.0,0.0,1.0
称,0.0,24.0,0.0,1.0
相比,0.0,9.0,0.0,1.0
二,0.0,9.0,0.0,1.0
需要的话,0.0,3.0,0.0,1.0
阳光,0.0,3.0,0.0,1.0
600010,0.0,3.0,0.0,1.0
范围,0.0,3.0,0.0,1.0
cj,0.0,3.0,0.0,1.0
刘斯会,0.0,3.0,0.0,1.0
会员,0.0,18.0,0.0,1.0
免税店,0.0,15.0,0.0,1.0
引,0.0,6.0,0.0,1.0
季度,0.0,6.0,0.0,1.0
跑友,0.0,3.0,0.0,1.0
IMAG,0.0,3.0,0.0,1.0
一体化,0.0,3.0,0.0,1.0
创造,0.0,3.0,0.0,1.0
中,0.0,36.0,0.0,1.0
日至,0.0,15.0,0.0,1.0
;,0.0,12.0,0.0,1.0
挪用资金,0.0,12.0,0.0,1.0
新浪,0.0,3.0,0.0,1.0
影响,0.0,3.0,0.0,1.0
0.63,0.0,3.0,0.0,1.0
收到,0.0,3.0,0.0,1.0
函件,0.0,12.0,0.0,1.0
团,0.0,3.0,0.0,1.0
六月,0.0,3.0,0.0,1.0
携手,0.0,3.0,0.0,1.0
九,0.0,3.0,0.0,1.0
证监会,0.0,6.0,0.0,1.0
排头兵,0.0,6.0,0.0,1.0
持续,0.0,9.0,0.0,1.0
项目,0.0,51.0,0.0,1.0
个护,0.0,3.0,0.0,1.0
小厨,0.0,3.0,0.0,1.0
对此,0.0,3.0,0.0,1.0
免税品,0.0,30.0,0.0,1.0
20.42,0.0,3.0,0.0,1.0
分红,0.0,12.0,0.0,1.0
被告人,0.0,6.0,0.0,1.0
又,0.0,3.0,0.0,1.0
冲击,0.0,3.0,0.0,1.0
非常,0.0,6.0,0.0,1.0
未来,0.0,12.0,0.0,1.0
合计,0.0,3.0,0.0,1.0
一定,0.0,6.0,0.0,1.0
总,0.0,9.0,0.0,1.0
<,0.0,27.0,0.0,1.0
交易,0.0,3.0,0.0,1.0
大会,0.0,3.0,0.0,1.0
20.07,0.0,21.0,0.0,1.0
直飞,0.0,6.0,0.0,1.0
给予,0.0,6.0,0.0,1.0
联合,0.0,6.0,0.0,1.0
挪用,0.0,3.0,0.0,1.0
17.3,0.0,6.0,0.0,1.0
国内,0.0,3.0,0.0,1.0
业绩,0.0,51.0,0.0,1.0
谷,0.0,6.0,0.0,1.0
aa0bf16b922d81f4,0.0,3.0,0.0,1.0
其实,0.0,6.0,0.0,1.0
预期,0.0,12.0,0.0,1.0
国有,0.0,12.0,0.0,1.0
说法,0.0,3.0,0.0,1.0
只,0.0,15.0,0.0,1.0
即可,0.0,3.0,0.0,1.0
万股,0.0,21.0,0.0,1.0
?,0.0,3.0,0.0,1.0
名为,0.0,3.0,0.0,1.0
所在,0.0,3.0,0.0,1.0
写,0.0,6.0,0.0,1.0
com,0.0,9.0,0.0,1.0
板块,0.0,21.0,0.0,1.0
爱尚,0.0,6.0,0.0,1.0
这种,0.0,9.0,0.0,1.0
歌尔,0.0,3.0,0.0,1.0
令人振奋,0.0,3.0,0.0,1.0
首,0.0,3.0,0.0,1.0
断定,0.0,3.0,0.0,1.0
盈利,0.0,12.0,0.0,1.0
男女,0.0,3.0,0.0,1.0
■,0.0,3.0,0.0,1.0
体系,0.0,3.0,0.0,1.0
老牌,0.0,3.0,0.0,1.0
公示,0.0,9.0,0.0,1.0
res,0.0,3.0,0.0,1.0
3709,0.0,3.0,0.0,1.0
pic430,0.0,3.0,0.0,1.0
享受,0.0,3.0,0.0,1.0
10.0010,0.0,3.0,0.0,1.0
1018,0.0,3.0,0.0,1.0
不能,0.0,3.0,0.0,1.0
thsi,0.0,12.0,0.0,1.0
第一,0.0,42.0,0.0,1.0
很,0.0,6.0,0.0,1.0
家电,0.0,3.0,0.0,1.0
其他,0.0,27.0,0.0,1.0
随后,0.0,6.0,0.0,1.0
广东,0.0,18.0,0.0,1.0
刑初,0.0,3.0,0.0,1.0
原因,0.0,6.0,0.0,1.0
尚,0.0,3.0,0.0,1.0
27,0.0,3.0,0.0,1.0
公司业绩,0.0,3.0,0.0,1.0
加速,0.0,3.0,0.0,1.0
全聚德,0.0,3.0,0.0,1.0
游,0.0,9.0,0.0,1.0
在此期间,0.0,3.0,0.0,1.0
3.80,0.0,3.0,0.0,1.0
有限责任,0.0,21.0,0.0,1.0
海天,0.0,3.0,0.0,1.0
相当,0.0,3.0,0.0,1.0
辛某,0.0,3.0,0.0,1.0
探个,0.0,3.0,0.0,1.0
值得,0.0,3.0,0.0,1.0
关注,0.0,30.0,0.0,1.0
自,0.0,18.0,0.0,1.0
有期徒刑,0.0,3.0,0.0,1.0
9.76,0.0,3.0,0.0,1.0
07,0.0,3.0,0.0,1.0
毛利率,0.0,21.0,0.0,1.0
曾光,0.0,9.0,0.0,1.0
人民法院,0.0,3.0,0.0,1.0
基金,0.0,3.0,0.0,1.0
整个,0.0,3.0,0.0,1.0
3.08,0.0,6.0,0.0,1.0
两大类,0.0,6.0,0.0,1.0
55.30,0.0,3.0,0.0,1.0
广州市,0.0,6.0,0.0,1.0
1.37,0.0,3.0,0.0,1.0
如能,0.0,3.0,0.0,1.0
新进,0.0,3.0,0.0,1.0
人均,0.0,9.0,0.0,1.0
营业,0.0,39.0,0.0,1.0
金融,0.0,3.0,0.0,1.0
把,0.0,3.0,0.0,1.0
398,0.0,3.0,0.0,1.0
方便,0.0,3.0,0.0,1.0
市值,0.0,18.0,0.0,1.0
店铺,0.0,3.0,0.0,1.0
逆市,0.0,3.0,0.0,1.0
微减,0.0,6.0,0.0,1.0
餐起,0.0,3.0,0.0,1.0
189924943,0.0,3.0,0.0,1.0
涞水,0.0,3.0,0.0,1.0
jpg,0.0,6.0,0.0,1.0
最新,0.0,6.0,0.0,1.0
现代,0.0,3.0,0.0,1.0
s,0.0,3.0,0.0,1.0
目前,0.0,3.0,0.0,1.0
2014,0.0,3.0,0.0,1.0
凯撒,0.0,3.0,0.0,1.0
高于,0.0,6.0,0.0,1.0
经历,0.0,3.0,0.0,1.0
k,0.0,3.0,0.0,1.0
董事,0.0,3.0,0.0,1.0
表现,0.0,18.0,0.0,1.0
；,0.0,30.0,0.0,1.0
诱惑,0.0,3.0,0.0,1.0
增加,0.0,3.0,0.0,1.0
无疑,0.0,6.0,0.0,1.0
17,0.0,6.0,0.0,1.0
告,0.0,3.0,0.0,1.0
心态,0.0,3.0,0.0,1.0
归属,0.0,6.0,0.0,1.0
23,0.0,9.0,0.0,1.0
野马,0.0,3.0,0.0,1.0
运营权,0.0,3.0,0.0,1.0
13.62,0.0,3.0,0.0,1.0
类股票,0.0,3.0,0.0,1.0
丽江,0.0,3.0,0.0,1.0
最快,0.0,3.0,0.0,1.0
赌博,0.0,6.0,0.0,1.0
人民币,0.0,3.0,0.0,1.0
家居,0.0,3.0,0.0,1.0
424a,0.0,3.0,0.0,1.0
保底,0.0,3.0,0.0,1.0
撰写,0.0,9.0,0.0,1.0
作出,0.0,3.0,0.0,1.0
营收,0.0,27.0,0.0,1.0
05,0.0,3.0,0.0,1.0
来源,0.0,6.0,0.0,1.0
观点,0.0,3.0,0.0,1.0
财务,0.0,3.0,0.0,1.0
结果,0.0,6.0,0.0,1.0
15.06,0.0,3.0,0.0,1.0
净资产,0.0,3.0,0.0,1.0
弥补,0.0,6.0,0.0,1.0
寓教于乐,0.0,3.0,0.0,1.0
欲,0.0,3.0,0.0,1.0
稳,0.0,3.0,0.0,1.0
最,0.0,21.0,0.0,1.0
能够,0.0,3.0,0.0,1.0
陪同,0.0,3.0,0.0,1.0
大巴车,0.0,3.0,0.0,1.0
职务侵占罪,0.0,6.0,0.0,1.0
中证网,0.0,3.0,0.0,1.0
神通,0.0,3.0,0.0,1.0
要求,0.0,12.0,0.0,1.0
位,0.0,3.0,0.0,1.0
0.34,0.0,3.0,0.0,1.0
报告,0.0,27.0,0.0,1.0
打响,0.0,3.0,0.0,1.0
一站式,0.0,3.0,0.0,1.0
15.52,0.0,3.0,0.0,1.0
申万,0.0,3.0,0.0,1.0
中国国际旅行社,0.0,3.0,0.0,1.0
大湾,0.0,15.0,0.0,1.0
交付,0.0,3.0,0.0,1.0
8.53,0.0,3.0,0.0,1.0
一场,0.0,3.0,0.0,1.0
员,0.0,3.0,0.0,1.0
海洲,0.0,3.0,0.0,1.0
通过,0.0,18.0,0.0,1.0
了解,0.0,3.0,0.0,1.0
意外,0.0,3.0,0.0,1.0
进入,0.0,9.0,0.0,1.0
热点问题,0.0,3.0,0.0,1.0
该,0.0,21.0,0.0,1.0
支持,0.0,6.0,0.0,1.0
竞争能力,0.0,3.0,0.0,1.0
3142,0.0,3.0,0.0,1.0
c977bcc5,0.0,3.0,0.0,1.0
成财报,0.0,3.0,0.0,1.0
孩子,0.0,6.0,0.0,1.0
所有者,0.0,15.0,0.0,1.0
发,0.0,9.0,0.0,1.0
宁宁,0.0,3.0,0.0,1.0
代表,0.0,6.0,0.0,1.0
仍然,0.0,3.0,0.0,1.0
以来,0.0,21.0,0.0,1.0
一价,0.0,3.0,0.0,1.0
273.65,0.0,3.0,0.0,1.0
报,0.0,3.0,0.0,1.0
二级,0.0,3.0,0.0,1.0
财报,0.0,3.0,0.0,1.0
一高,0.0,3.0,0.0,1.0
并非,0.0,3.0,0.0,1.0
内,0.0,15.0,0.0,1.0
清凉,0.0,6.0,0.0,1.0
21500,0.0,3.0,0.0,1.0
西海岸,0.0,6.0,0.0,1.0
2919,0.0,6.0,0.0,1.0
金属,0.0,3.0,0.0,1.0
【,0.0,3.0,0.0,1.0
责任险,0.0,3.0,0.0,1.0
中免,0.0,69.0,0.0,1.0
另外,0.0,9.0,0.0,1.0
继续,0.0,9.0,0.0,1.0
ea35d10171c5,0.0,3.0,0.0,1.0
有望,0.0,30.0,0.0,1.0
化学,0.0,18.0,0.0,1.0
858.88,0.0,3.0,0.0,1.0
审议,0.0,3.0,0.0,1.0
行程,0.0,3.0,0.0,1.0
国君,0.0,3.0,0.0,1.0
股价,0.0,18.0,0.0,1.0
作为,0.0,9.0,0.0,1.0
有序,0.0,3.0,0.0,1.0
龙头,0.0,12.0,0.0,1.0
连续,0.0,9.0,0.0,1.0
截至,0.0,12.0,0.0,1.0
变化,0.0,3.0,0.0,1.0
查阅,0.0,3.0,0.0,1.0
904.63,0.0,3.0,0.0,1.0
外延,0.0,18.0,0.0,1.0
持有,0.0,18.0,0.0,1.0
颇为,0.0,6.0,0.0,1.0
0.215210,0.0,3.0,0.0,1.0
国信,0.0,60.0,0.0,1.0
公告,0.0,21.0,0.0,1.0
世纪,0.0,9.0,0.0,1.0
不仅如此,0.0,3.0,0.0,1.0
买入,0.0,69.0,0.0,1.0
起点,0.0,3.0,0.0,1.0
投标,0.0,6.0,0.0,1.0
站,0.0,9.0,0.0,1.0
开启,0.0,3.0,0.0,1.0
B11,0.0,3.0,0.0,1.0
年报,0.0,42.0,0.0,1.0
诸如,0.0,9.0,0.0,1.0
透过,0.0,3.0,0.0,1.0
内幕,0.0,12.0,0.0,1.0
博主,0.0,3.0,0.0,1.0
1493954300108483,0.0,3.0,0.0,1.0
可能,0.0,3.0,0.0,1.0
第二,0.0,12.0,0.0,1.0
简称,0.0,33.0,0.0,1.0
稀缺,0.0,3.0,0.0,1.0
2017,0.0,63.0,0.0,1.0
夏日,0.0,3.0,0.0,1.0
升级,0.0,3.0,0.0,1.0
四处,0.0,3.0,0.0,1.0
22.50,0.0,6.0,0.0,1.0
中青旅,0.0,39.0,0.0,1.0
状况,0.0,3.0,0.0,1.0
发稿,0.0,3.0,0.0,1.0
中旅总社,0.0,6.0,0.0,1.0
微涨,0.0,3.0,0.0,1.0
区,0.0,54.0,0.0,1.0
26.95,0.0,3.0,0.0,1.0
尤其,0.0,3.0,0.0,1.0
一些,0.0,6.0,0.0,1.0
较强,0.0,3.0,0.0,1.0
一度,0.0,3.0,0.0,1.0
晚间,0.0,9.0,0.0,1.0
热情,0.0,3.0,0.0,1.0
撕,0.0,6.0,0.0,1.0
函,0.0,3.0,0.0,1.0
赚钱,0.0,6.0,0.0,1.0
当年,0.0,3.0,0.0,1.0
过,0.0,3.0,0.0,1.0
司,0.0,3.0,0.0,1.0
粤港澳,0.0,12.0,0.0,1.0
火爆,0.0,3.0,0.0,1.0
红利,0.0,6.0,0.0,1.0
分销,0.0,3.0,0.0,1.0
全年,0.0,15.0,0.0,1.0
炎炎,0.0,3.0,0.0,1.0
最高,0.0,3.0,0.0,1.0
fileupload,0.0,3.0,0.0,1.0
覆盖全国,0.0,3.0,0.0,1.0
为何,0.0,3.0,0.0,1.0
直播,0.0,6.0,0.0,1.0
上海证券交易所,0.0,3.0,0.0,1.0
比较,0.0,3.0,0.0,1.0
报数,0.0,3.0,0.0,1.0
不无关系,0.0,3.0,0.0,1.0
研,0.0,3.0,0.0,1.0
中视,0.0,3.0,0.0,1.0
0.48,0.0,3.0,0.0,1.0
北京,0.0,9.0,0.0,1.0
若日,0.0,3.0,0.0,1.0
估值,0.0,6.0,0.0,1.0
获悉,0.0,6.0,0.0,1.0
系统,0.0,3.0,0.0,1.0
完整,0.0,3.0,0.0,1.0
两大,0.0,3.0,0.0,1.0
跌幅,0.0,3.0,0.0,1.0
销售额,0.0,6.0,0.0,1.0
换届选举,0.0,3.0,0.0,1.0
统计,0.0,6.0,0.0,1.0
照明,0.0,3.0,0.0,1.0
第二次,0.0,3.0,0.0,1.0
第三,0.0,6.0,0.0,1.0
为了,0.0,6.0,0.0,1.0
国内游,0.0,3.0,0.0,1.0
64,0.0,3.0,0.0,1.0
专业化,0.0,3.0,0.0,1.0
还,0.0,15.0,0.0,1.0
问题,0.0,9.0,0.0,1.0
相关,0.0,6.0,0.0,1.0
某于,0.0,3.0,0.0,1.0
意见,0.0,6.0,0.0,1.0
看点,0.0,3.0,0.0,1.0
高达,0.0,18.0,0.0,1.0
单看,0.0,6.0,0.0,1.0
内生,0.0,12.0,0.0,1.0
目标,0.0,3.0,0.0,1.0
追踪,0.0,3.0,0.0,1.0
买买,0.0,3.0,0.0,1.0
并,0.0,15.0,0.0,1.0
半年度,0.0,3.0,0.0,1.0
上证指数,0.0,3.0,0.0,1.0
环境,0.0,3.0,0.0,1.0
投资者,0.0,3.0,0.0,1.0
香港,0.0,18.0,0.0,1.0
合理,0.0,3.0,0.0,1.0
出击,0.0,3.0,0.0,1.0
去,0.0,6.0,0.0,1.0
黑,0.0,3.0,0.0,1.0
斯坦福大学,0.0,3.0,0.0,1.0
净利润,0.0,66.0,0.0,1.0
信号,0.0,3.0,0.0,1.0
盛通,0.0,3.0,0.0,1.0
旅游团,0.0,3.0,0.0,1.0
推介会,0.0,3.0,0.0,1.0
79,0.0,6.0,0.0,1.0
分配,0.0,3.0,0.0,1.0
现身,0.0,3.0,0.0,1.0
消费,0.0,6.0,0.0,1.0
告知,0.0,6.0,0.0,1.0
这个,0.0,3.0,0.0,1.0
46.31,0.0,3.0,0.0,1.0
指出,0.0,9.0,0.0,1.0
活动,0.0,6.0,0.0,1.0
47.5,0.0,3.0,0.0,1.0
受到,0.0,3.0,0.0,1.0
游园,0.0,3.0,0.0,1.0
广东省,0.0,6.0,0.0,1.0
爱,0.0,6.0,0.0,1.0
下降,0.0,12.0,0.0,1.0
昨日,0.0,3.0,0.0,1.0
预估,0.0,6.0,0.0,1.0
履行,0.0,3.0,0.0,1.0
水平,0.0,3.0,0.0,1.0
全面,0.0,3.0,0.0,1.0
刑事,0.0,3.0,0.0,1.0
强强联合,0.0,3.0,0.0,1.0
前列,0.0,9.0,0.0,1.0
遭,0.0,3.0,0.0,1.0
某某,0.0,3.0,0.0,1.0
年,0.0,147.0,0.0,1.0
上交所,0.0,45.0,0.0,1.0
/,0.0,180.0,0.0,1.0
8.3,0.0,3.0,0.0,1.0
常州,0.0,3.0,0.0,1.0
出于,0.0,3.0,0.0,1.0
康辉,0.0,3.0,0.0,1.0
招标网,0.0,3.0,0.0,1.0
国,0.0,3.0,0.0,1.0
北京首都机场,0.0,6.0,0.0,1.0
保险,0.0,3.0,0.0,1.0
半月,0.0,9.0,0.0,1.0
第一枪,0.0,3.0,0.0,1.0
人才,0.0,3.0,0.0,1.0
四家子,0.0,3.0,0.0,1.0
归属于,0.0,24.0,0.0,1.0
分析师,0.0,6.0,0.0,1.0
二年,0.0,3.0,0.0,1.0
201707,0.0,3.0,0.0,1.0
正因如此,0.0,3.0,0.0,1.0
扩张,0.0,21.0,0.0,1.0
蓝筹股,0.0,3.0,0.0,1.0
们,0.0,3.0,0.0,1.0
毫不,0.0,3.0,0.0,1.0
半年报,0.0,3.0,0.0,1.0
母公司,0.0,15.0,0.0,1.0
传统,0.0,6.0,0.0,1.0
人民检察院,0.0,3.0,0.0,1.0
营销中心,0.0,3.0,0.0,1.0
薪资,0.0,6.0,0.0,1.0
13.1,0.0,3.0,0.0,1.0
一家,0.0,3.0,0.0,1.0
汤城,0.0,3.0,0.0,1.0
近期,0.0,9.0,0.0,1.0
12082,0.0,3.0,0.0,1.0
601888,0.0,60.0,0.0,1.0
降低,0.0,3.0,0.0,1.0
推出,0.0,33.0,0.0,1.0
已经,0.0,9.0,0.0,1.0
导游,0.0,6.0,0.0,1.0
对,0.0,24.0,0.0,1.0
余,0.0,3.0,0.0,1.0
转,0.0,60.0,0.0,1.0
着,0.0,3.0,0.0,1.0
31.08,0.0,3.0,0.0,1.0
用于,0.0,6.0,0.0,1.0
牌照,0.0,9.0,0.0,1.0
齐发,0.0,3.0,0.0,1.0
3,0.0,21.0,0.0,1.0
董秘,0.0,3.0,0.0,1.0
IMAGE,0.0,24.0,0.0,1.0
理直气壮,0.0,3.0,0.0,1.0
5.1,0.0,6.0,0.0,1.0
名高管,0.0,3.0,0.0,1.0
纯,0.0,3.0,0.0,1.0
基础,0.0,9.0,0.0,1.0
宋城,0.0,3.0,0.0,1.0
60033.9716,0.0,3.0,0.0,1.0
确定,0.0,3.0,0.0,1.0
演艺,0.0,3.0,0.0,1.0
增厚,0.0,3.0,0.0,1.0
面对,0.0,3.0,0.0,1.0
背景,0.0,3.0,0.0,1.0
集中,0.0,24.0,0.0,1.0
扫盘,0.0,6.0,0.0,1.0
免税,0.0,174.0,0.0,1.0
刘士,0.0,3.0,0.0,1.0
顶风,0.0,15.0,0.0,1.0
),0.0,81.0,0.0,1.0
讯,0.0,3.0,0.0,1.0
齐,0.0,6.0,0.0,1.0
一位,0.0,3.0,0.0,1.0
帮助,0.0,3.0,0.0,1.0
出发,0.0,6.0,0.0,1.0
比如,0.0,3.0,0.0,1.0
位高管,0.0,3.0,0.0,1.0
释放,0.0,6.0,0.0,1.0
60,0.0,3.0,0.0,1.0
方式,0.0,9.0,0.0,1.0
上述,0.0,6.0,0.0,1.0
3.81,0.0,3.0,0.0,1.0
区位,0.0,3.0,0.0,1.0
进出,0.0,3.0,0.0,1.0
微增,0.0,6.0,0.0,1.0
四季度,0.0,3.0,0.0,1.0
日上,0.0,39.0,0.0,1.0
九成,0.0,9.0,0.0,1.0
11.29,0.0,6.0,0.0,1.0
实现,0.0,60.0,0.0,1.0
马拉松赛,0.0,6.0,0.0,1.0
不会,0.0,3.0,0.0,1.0
摊薄,0.0,6.0,0.0,1.0
放宽,0.0,3.0,0.0,1.0
董事会,0.0,9.0,0.0,1.0
21,0.0,15.0,0.0,1.0
将会,0.0,6.0,0.0,1.0
开盘,0.0,3.0,0.0,1.0
前五,0.0,6.0,0.0,1.0
酱油,0.0,3.0,0.0,1.0
51,0.0,6.0,0.0,1.0
福利,0.0,3.0,0.0,1.0
对于,0.0,9.0,0.0,1.0
这则,0.0,3.0,0.0,1.0
利好,0.0,6.0,0.0,1.0
33.19,0.0,24.0,0.0,1.0
信心,0.0,6.0,0.0,1.0
21.39600420,0.0,3.0,0.0,1.0
2bfa58ed7b105f7929cc01d6740ca74a,0.0,3.0,0.0,1.0
4.38,0.0,3.0,0.0,1.0
管理人员,0.0,3.0,0.0,1.0
拉格,0.0,3.0,0.0,1.0
（,0.0,231.0,0.0,1.0
将,0.0,42.0,0.0,1.0
马拉松,0.0,9.0,0.0,1.0
随着,0.0,9.0,0.0,1.0
A股,0.0,9.0,0.0,1.0
三分之一,0.0,3.0,0.0,1.0
意外险,0.0,3.0,0.0,1.0
分公司,0.0,3.0,0.0,1.0
名列,0.0,9.0,0.0,1.0
21.2,0.0,3.0,0.0,1.0
2.95,0.0,3.0,0.0,1.0
223.90,0.0,12.0,0.0,1.0
3.006,0.0,3.0,0.0,1.0
研究,0.0,15.0,0.0,1.0
决定,0.0,3.0,0.0,1.0
众信,0.0,15.0,0.0,1.0
莱克,0.0,3.0,0.0,1.0
人士,0.0,9.0,0.0,1.0
划转,0.0,3.0,0.0,1.0
彰显,0.0,3.0,0.0,1.0
57,0.0,6.0,0.0,1.0
所,0.0,6.0,0.0,1.0
空调,0.0,3.0,0.0,1.0
受益者,0.0,3.0,0.0,1.0
成,0.0,3.0,0.0,1.0
海南州,0.0,3.0,0.0,1.0
经济损失,0.0,9.0,0.0,1.0
获益,0.0,6.0,0.0,1.0
13,0.0,6.0,0.0,1.0
加快,0.0,3.0,0.0,1.0
Input,0.0,3.0,0.0,1.0
微,0.0,3.0,0.0,1.0
优势,0.0,6.0,0.0,1.0
参加,0.0,6.0,0.0,1.0
上,0.0,33.0,0.0,1.0
一份,0.0,3.0,0.0,1.0
推,0.0,9.0,0.0,1.0
宏源,0.0,3.0,0.0,1.0
5.16,0.0,21.0,0.0,1.0
零售,0.0,6.0,0.0,1.0
优秀,0.0,3.0,0.0,1.0
应,0.0,3.0,0.0,1.0
每股,0.0,3.0,0.0,1.0
水镇,0.0,3.0,0.0,1.0
证券,0.0,66.0,0.0,1.0
飞科,0.0,6.0,0.0,1.0
当前,0.0,3.0,0.0,1.0
仍,0.0,6.0,0.0,1.0
特别,0.0,6.0,0.0,1.0
爽快,0.0,3.0,0.0,1.0
收盘价,0.0,3.0,0.0,1.0
600323,0.0,3.0,0.0,1.0
52.30,0.0,3.0,0.0,1.0
良好条件,0.0,3.0,0.0,1.0
重点,0.0,6.0,0.0,1.0
均,0.0,15.0,0.0,1.0
一环,0.0,3.0,0.0,1.0
等,0.0,48.0,0.0,1.0
有助于,0.0,3.0,0.0,1.0
成功,0.0,12.0,0.0,1.0
A,0.0,6.0,0.0,1.0
代码,0.0,3.0,0.0,1.0
多篇,0.0,6.0,0.0,1.0
223.94,0.0,6.0,0.0,1.0
这一,0.0,6.0,0.0,1.0
946,0.0,3.0,0.0,1.0
13.61,0.0,3.0,0.0,1.0
本,0.0,6.0,0.0,1.0
蓝筹,0.0,3.0,0.0,1.0
双园,0.0,3.0,0.0,1.0
搭建,0.0,3.0,0.0,1.0
15.39,0.0,3.0,0.0,1.0
优良,0.0,6.0,0.0,1.0
财务状况,0.0,3.0,0.0,1.0
例外,0.0,3.0,0.0,1.0
提供,0.0,3.0,0.0,1.0
同行,0.0,6.0,0.0,1.0
更为,0.0,3.0,0.0,1.0
亲子,0.0,12.0,0.0,1.0
隔离,0.0,6.0,0.0,1.0
基数,0.0,3.0,0.0,1.0
惯例,0.0,3.0,0.0,1.0
以下,0.0,33.0,0.0,1.0
最高值,0.0,3.0,0.0,1.0
消费力,0.0,6.0,0.0,1.0
那些,0.0,9.0,0.0,1.0
次新股,0.0,9.0,0.0,1.0
能力,0.0,3.0,0.0,1.0
10w,0.0,3.0,0.0,1.0
指控,0.0,3.0,0.0,1.0
同花顺,0.0,3.0,0.0,1.0
仅,0.0,3.0,0.0,1.0
举牌,0.0,3.0,0.0,1.0
营,0.0,3.0,0.0,1.0
股票,0.0,24.0,0.0,1.0
分享,0.0,3.0,0.0,1.0
影城,0.0,3.0,0.0,1.0
教育,0.0,6.0,0.0,1.0
于,0.0,27.0,0.0,1.0
无忧,0.0,3.0,0.0,1.0
充分说明,0.0,6.0,0.0,1.0
浙江,0.0,3.0,0.0,1.0
起因,0.0,3.0,0.0,1.0
运营商,0.0,3.0,0.0,1.0
水泥,0.0,21.0,0.0,1.0
最近,0.0,12.0,0.0,1.0
实施,0.0,3.0,0.0,1.0
以,0.0,33.0,0.0,1.0
旅游社,0.0,3.0,0.0,1.0
向,0.0,12.0,0.0,1.0
试图,0.0,3.0,0.0,1.0
电话,0.0,3.0,0.0,1.0
关于,0.0,30.0,0.0,1.0
收购,0.0,18.0,0.0,1.0
前,0.0,9.0,0.0,1.0
报收,0.0,3.0,0.0,1.0
存在,0.0,6.0,0.0,1.0
K,0.0,3.0,0.0,1.0
重要性,0.0,3.0,0.0,1.0
真相,0.0,3.0,0.0,1.0
稳健,0.0,3.0,0.0,1.0
001.00017,0.0,3.0,0.0,1.0
提示性,0.0,6.0,0.0,1.0
挺,0.0,3.0,0.0,1.0
资产,0.0,9.0,0.0,1.0
先机,0.0,3.0,0.0,1.0
早期教育,0.0,3.0,0.0,1.0
市场化,0.0,3.0,0.0,1.0
机会,0.0,6.0,0.0,1.0
越,0.0,3.0,0.0,1.0
13.09,0.0,3.0,0.0,1.0
送,0.0,30.0,0.0,1.0
题为,0.0,3.0,0.0,1.0
新,0.0,12.0,0.0,1.0
上涨,0.0,18.0,0.0,1.0
特权,0.0,3.0,0.0,1.0
变革,0.0,6.0,0.0,1.0
其高,0.0,3.0,0.0,1.0
占全,0.0,6.0,0.0,1.0
议案,0.0,3.0,0.0,1.0
求,0.0,3.0,0.0,1.0
无关,0.0,3.0,0.0,1.0
海螺,0.0,21.0,0.0,1.0
十余家,0.0,3.0,0.0,1.0
专属,0.0,3.0,0.0,1.0
标志,0.0,3.0,0.0,1.0
规模,0.0,21.0,0.0,1.0
游是,0.0,3.0,0.0,1.0
>,0.0,33.0,0.0,1.0
规划,0.0,3.0,0.0,1.0
严禁,0.0,3.0,0.0,1.0
2015,0.0,6.0,0.0,1.0
南,0.0,3.0,0.0,1.0
美国,0.0,6.0,0.0,1.0
全球,0.0,3.0,0.0,1.0
App,0.0,3.0,0.0,1.0
 ,0.0,360.0,0.0,1.0
方面,0.0,6.0,0.0,1.0
三个,0.0,6.0,0.0,1.0
00052.0125,0.0,3.0,0.0,1.0
电子商务,0.0,3.0,0.0,1.0
经营,0.0,24.0,0.0,1.0
10.54,0.0,3.0,0.0,1.0
银行,0.0,9.0,0.0,1.0
SRC,0.0,24.0,0.0,1.0
606040.70,0.0,3.0,0.0,1.0
18.08,0.0,27.0,0.0,1.0
地,0.0,12.0,0.0,1.0
一则,0.0,6.0,0.0,1.0
行业,0.0,24.0,0.0,1.0
监控,0.0,6.0,0.0,1.0
入境,0.0,9.0,0.0,1.0
20,0.0,30.0,0.0,1.0
比,0.0,12.0,0.0,1.0
达到,0.0,6.0,0.0,1.0
开,0.0,6.0,0.0,1.0
有限公司,0.0,63.0,0.0,1.0
改善,0.0,12.0,0.0,1.0
无偿,0.0,3.0,0.0,1.0
辛巴达,0.0,6.0,0.0,1.0
期待,0.0,3.0,0.0,1.0
多于,0.0,9.0,0.0,1.0
!,0.0,3.0,0.0,1.0
之外,0.0,3.0,0.0,1.0
公积,0.0,3.0,0.0,1.0
个,0.0,27.0,0.0,1.0
收盘,0.0,3.0,0.0,1.0
抢占,0.0,3.0,0.0,1.0
参与,0.0,6.0,0.0,1.0
地区,0.0,3.0,0.0,1.0
积极,0.0,3.0,0.0,1.0
毕竟,0.0,3.0,0.0,1.0
股份公司,0.0,3.0,0.0,1.0
明令禁止,0.0,3.0,0.0,1.0
甚为,0.0,3.0,0.0,1.0
集团,0.0,39.0,0.0,1.0
线图,0.0,3.0,0.0,1.0
提前,0.0,3.0,0.0,1.0
归,0.0,6.0,0.0,1.0
品种,0.0,3.0,0.0,1.0
引进,0.0,3.0,0.0,1.0
十日,0.0,3.0,0.0,1.0
4,0.0,21.0,0.0,1.0
发现,0.0,15.0,0.0,1.0
pngdata,0.0,3.0,0.0,1.0
态势,0.0,6.0,0.0,1.0
据悉,0.0,3.0,0.0,1.0
9.79601888,0.0,3.0,0.0,1.0
财经,0.0,6.0,0.0,1.0
14.04,0.0,3.0,0.0,1.0
回复,0.0,9.0,0.0,1.0
说,0.0,6.0,0.0,1.0
广州,0.0,12.0,0.0,1.0
额高达,0.0,6.0,0.0,1.0
判决,0.0,3.0,0.0,1.0
_,0.0,6.0,0.0,1.0
198,0.0,6.0,0.0,1.0
流通股,0.0,3.0,0.0,1.0
9715.97,0.0,3.0,0.0,1.0
资源,0.0,3.0,0.0,1.0
另一则,0.0,3.0,0.0,1.0
查看,0.0,3.0,0.0,1.0
新一轮,0.0,3.0,0.0,1.0
点,0.0,3.0,0.0,1.0
个股,0.0,15.0,0.0,1.0
覆盖,0.0,3.0,0.0,1.0
团期,0.0,3.0,0.0,1.0
现状,0.0,6.0,0.0,1.0
野三坡,0.0,3.0,0.0,1.0
晚,0.0,6.0,0.0,1.0
的确,0.0,3.0,0.0,1.0
主体,0.0,3.0,0.0,1.0
放出,0.0,3.0,0.0,1.0
机构,0.0,12.0,0.0,1.0
9.54,0.0,3.0,0.0,1.0
采共销,0.0,3.0,0.0,1.0
为主,0.0,6.0,0.0,1.0
盘中,0.0,3.0,0.0,1.0
郭嘉队,0.0,6.0,0.0,1.0
体育,0.0,6.0,0.0,1.0
平台,0.0,3.0,0.0,1.0
越涨,0.0,3.0,0.0,1.0
%,0.0,267.0,0.0,1.0
国际,0.0,105.0,0.0,1.0
鉴于,0.0,3.0,0.0,1.0
较差,0.0,6.0,0.0,1.0
下半年,0.0,3.0,0.0,1.0
(,0.0,78.0,0.0,1.0
　,0.0,216.0,0.0,1.0
现象,0.0,3.0,0.0,1.0
全包,0.0,3.0,0.0,1.0
考虑,0.0,3.0,0.0,1.0
中端,0.0,3.0,0.0,1.0
中炬高新,0.0,3.0,0.0,1.0
罪,0.0,6.0,0.0,1.0
未,0.0,3.0,0.0,1.0
1,0.0,72.0,0.0,1.0
表示,0.0,18.0,0.0,1.0
征集,0.0,3.0,0.0,1.0
39.2,0.0,3.0,0.0,1.0
5.4,0.0,3.0,0.0,1.0
以及,0.0,9.0,0.0,1.0
概念股,0.0,6.0,0.0,1.0
综上,0.0,6.0,0.0,1.0
五周年,0.0,3.0,0.0,1.0
14,0.0,3.0,0.0,1.0
0.266710,0.0,3.0,0.0,1.0
数量,0.0,21.0,0.0,1.0
泰国,0.0,6.0,0.0,1.0
罕见,0.0,6.0,0.0,1.0
2.99,0.0,3.0,0.0,1.0
6018881,0.0,3.0,0.0,1.0
公司,0.0,240.0,0.0,1.0
进行,0.0,21.0,0.0,1.0
拟以,0.0,6.0,0.0,1.0
出来,0.0,3.0,0.0,1.0
美国大学,0.0,3.0,0.0,1.0
报告期,0.0,3.0,0.0,1.0
持,0.0,3.0,0.0,1.0
后,0.0,12.0,0.0,1.0
逐步形成,0.0,3.0,0.0,1.0
代尔,0.0,3.0,0.0,1.0
002241,0.0,3.0,0.0,1.0
招标,0.0,33.0,0.0,1.0
-,0.0,75.0,0.0,1.0
志在必得,0.0,3.0,0.0,1.0
周末,0.0,3.0,0.0,1.0
欢乐,0.0,6.0,0.0,1.0
看,0.0,3.0,0.0,1.0
i9,0.0,3.0,0.0,1.0
合作,0.0,9.0,0.0,1.0
协同,0.0,6.0,0.0,1.0
深圳,0.0,9.0,0.0,1.0
期内,0.0,9.0,0.0,1.0
优势互补,0.0,3.0,0.0,1.0
加州大学洛杉矶分校,0.0,3.0,0.0,1.0
未有,0.0,3.0,0.0,1.0
