日,0.0,9.0,0.0,1.0
商行,0.0,3.0,0.0,1.0
),0.0,15.0,0.0,1.0
共赢,0.0,3.0,0.0,1.0
业务,0.0,21.0,0.0,1.0
于,0.0,6.0,0.0,1.0
面向未来,0.0,3.0,0.0,1.0
旅行,0.0,3.0,0.0,1.0
开展,0.0,3.0,0.0,1.0
太湖,0.0,3.0,0.0,1.0
>,0.0,3.0,0.0,1.0
昨日,0.0,6.0,0.0,1.0
对,0.0,6.0,0.0,1.0
：,0.0,21.0,0.0,1.0
提问,0.0,6.0,0.0,1.0
贡献,0.0,3.0,0.0,1.0
宽带,0.0,3.0,0.0,1.0
下午,0.0,3.0,0.0,1.0
完全,0.0,3.0,0.0,1.0
2183.50,0.0,3.0,0.0,1.0
江苏省,0.0,21.0,0.0,1.0
H,0.0,3.0,0.0,1.0
董事长,0.0,3.0,0.0,1.0
年,0.0,6.0,0.0,1.0
16,0.0,3.0,0.0,1.0
月,0.0,15.0,0.0,1.0
谨慎,0.0,3.0,0.0,1.0
回答,0.0,3.0,0.0,1.0
前,0.0,6.0,0.0,1.0
纪录片,0.0,3.0,0.0,1.0
领导,0.0,3.0,0.0,1.0
方向,0.0,3.0,0.0,1.0
元,0.0,3.0,0.0,1.0
haiwainet,0.0,3.0,0.0,1.0
会后,0.0,3.0,0.0,1.0
至少,0.0,3.0,0.0,1.0
进一步,0.0,3.0,0.0,1.0
过程,0.0,3.0,0.0,1.0
http,0.0,3.0,0.0,1.0
购买,0.0,6.0,0.0,1.0
比较,0.0,3.0,0.0,1.0
资产,0.0,6.0,0.0,1.0
中国,0.0,3.0,0.0,1.0
要,0.0,9.0,0.0,1.0
良好,0.0,3.0,0.0,1.0
或者,0.0,3.0,0.0,1.0
诚意,0.0,3.0,0.0,1.0
下属,0.0,6.0,0.0,1.0
副,0.0,3.0,0.0,1.0
:,0.0,3.0,0.0,1.0
持股,0.0,9.0,0.0,1.0
战略,0.0,12.0,0.0,1.0
还,0.0,6.0,0.0,1.0
船,0.0,6.0,0.0,1.0
之滨,0.0,3.0,0.0,1.0
获得,0.0,3.0,0.0,1.0
想,0.0,3.0,0.0,1.0
《,0.0,3.0,0.0,1.0
美,0.0,3.0,0.0,1.0
新,0.0,6.0,0.0,1.0
上涨,0.0,3.0,0.0,1.0
9282.36,0.0,3.0,0.0,1.0
jpg,0.0,3.0,0.0,1.0
慎重,0.0,3.0,0.0,1.0
邀,0.0,3.0,0.0,1.0
第八,0.0,3.0,0.0,1.0
 ,0.0,33.0,0.0,1.0
、,0.0,45.0,0.0,1.0
流行,0.0,3.0,0.0,1.0
顺应,0.0,3.0,0.0,1.0
在,0.0,27.0,0.0,1.0
结出,0.0,3.0,0.0,1.0
SRC,0.0,3.0,0.0,1.0
意味着,0.0,3.0,0.0,1.0
大幅,0.0,9.0,0.0,1.0
行情,0.0,3.0,0.0,1.0
流通股东,0.0,18.0,0.0,1.0
跟着,0.0,3.0,0.0,1.0
正是,0.0,3.0,0.0,1.0
先生,0.0,3.0,0.0,1.0
奇域,0.0,3.0,0.0,1.0
增持,0.0,12.0,0.0,1.0
高新,0.0,3.0,0.0,1.0
2016,0.0,6.0,0.0,1.0
原,0.0,3.0,0.0,1.0
时,0.0,3.0,0.0,1.0
多个,0.0,3.0,0.0,1.0
突出,0.0,3.0,0.0,1.0
股东,0.0,6.0,0.0,1.0
中,0.0,6.0,0.0,1.0
全方位,0.0,3.0,0.0,1.0
）,0.0,9.0,0.0,1.0
方面,0.0,6.0,0.0,1.0
作出,0.0,3.0,0.0,1.0
电影,0.0,3.0,0.0,1.0
部门,0.0,6.0,0.0,1.0
10,0.0,3.0,0.0,1.0
证券时报,0.0,3.0,0.0,1.0
IMAGE,0.0,3.0,0.0,1.0
对于,0.0,3.0,0.0,1.0
成果,0.0,3.0,0.0,1.0
内容,0.0,3.0,0.0,1.0
丰硕,0.0,3.0,0.0,1.0
经营,0.0,3.0,0.0,1.0
责任编辑,0.0,3.0,0.0,1.0
广电,0.0,3.0,0.0,1.0
证金,0.0,18.0,0.0,1.0
子公司,0.0,3.0,0.0,1.0
基础,0.0,6.0,0.0,1.0
掀开,0.0,3.0,0.0,1.0
·,0.0,3.0,0.0,1.0
建设,0.0,6.0,0.0,1.0
大体,0.0,3.0,0.0,1.0
【,0.0,3.0,0.0,1.0
副总经理,0.0,3.0,0.0,1.0
企业,0.0,12.0,0.0,1.0
万股,0.0,12.0,0.0,1.0
摘要,0.0,3.0,0.0,1.0
日起,0.0,6.0,0.0,1.0
胡,0.0,3.0,0.0,1.0
热,0.0,3.0,0.0,1.0
许如钢,0.0,3.0,0.0,1.0
合肥,0.0,3.0,0.0,1.0
举行,0.0,3.0,0.0,1.0
重仓,0.0,3.0,0.0,1.0
雷,0.0,3.0,0.0,1.0
协议,0.0,3.0,0.0,1.0
一,0.0,6.0,0.0,1.0
20,0.0,3.0,0.0,1.0
因,0.0,6.0,0.0,1.0
作为,0.0,9.0,0.0,1.0
14,0.0,3.0,0.0,1.0
images,0.0,3.0,0.0,1.0
两家,0.0,3.0,0.0,1.0
下,0.0,3.0,0.0,1.0
截至,0.0,3.0,0.0,1.0
志强,0.0,3.0,0.0,1.0
<,0.0,3.0,0.0,1.0
去,0.0,3.0,0.0,1.0
已经,0.0,3.0,0.0,1.0
询问,0.0,3.0,0.0,1.0
股东大会,0.0,6.0,0.0,1.0
持有,0.0,3.0,0.0,1.0
总经理,0.0,6.0,0.0,1.0
强,0.0,3.0,0.0,1.0
收红,0.0,3.0,0.0,1.0
负责人,0.0,6.0,0.0,1.0
各市,0.0,3.0,0.0,1.0
60,0.0,3.0,0.0,1.0
江苏,0.0,72.0,0.0,1.0
联合,0.0,3.0,0.0,1.0
参加,0.0,6.0,0.0,1.0
王国,0.0,3.0,0.0,1.0
】,0.0,3.0,0.0,1.0
做,0.0,9.0,0.0,1.0
陈侃晔,0.0,6.0,0.0,1.0
逆势,0.0,3.0,0.0,1.0
全资,0.0,3.0,0.0,1.0
上海,0.0,3.0,0.0,1.0
陈健,0.0,3.0,0.0,1.0
发展,0.0,3.0,0.0,1.0
并购,0.0,3.0,0.0,1.0
从,0.0,3.0,0.0,1.0
　,0.0,24.0,0.0,1.0
=,0.0,3.0,0.0,1.0
为,0.0,12.0,0.0,1.0
/,0.0,12.0,0.0,1.0
+,0.0,3.0,0.0,1.0
逾,0.0,3.0,0.0,1.0
拐弯,0.0,3.0,0.0,1.0
年度,0.0,3.0,0.0,1.0
筹划,0.0,6.0,0.0,1.0
尝试,0.0,6.0,0.0,1.0
DF328,0.0,3.0,0.0,1.0
多家,0.0,3.0,0.0,1.0
一个,0.0,3.0,0.0,1.0
相关,0.0,12.0,0.0,1.0
国有企业,0.0,3.0,0.0,1.0
奖,0.0,3.0,0.0,1.0
省属,0.0,6.0,0.0,1.0
7000,0.0,3.0,0.0,1.0
仪式,0.0,6.0,0.0,1.0
强富,0.0,3.0,0.0,1.0
用户数,0.0,3.0,0.0,1.0
达成,0.0,6.0,0.0,1.0
优秀,0.0,3.0,0.0,1.0
10.66,0.0,3.0,0.0,1.0
点,0.0,3.0,0.0,1.0
调头,0.0,9.0,0.0,1.0
季报,0.0,6.0,0.0,1.0
事项,0.0,6.0,0.0,1.0
军,0.0,3.0,0.0,1.0
不能,0.0,3.0,0.0,1.0
算是,0.0,3.0,0.0,1.0
19,0.0,6.0,0.0,1.0
第一,0.0,12.0,0.0,1.0
晚间,0.0,3.0,0.0,1.0
考量,0.0,3.0,0.0,1.0
停牌,0.0,6.0,0.0,1.0
奠定,0.0,3.0,0.0,1.0
点播,0.0,3.0,0.0,1.0
您,0.0,3.0,0.0,1.0
很,0.0,3.0,0.0,1.0
机构,0.0,3.0,0.0,1.0
积极探索,0.0,3.0,0.0,1.0
有线,0.0,69.0,0.0,1.0
大,0.0,18.0,0.0,1.0
深厚,0.0,3.0,0.0,1.0
韩后,0.0,3.0,0.0,1.0
顾汉德,0.0,3.0,0.0,1.0
重大,0.0,6.0,0.0,1.0
成,0.0,9.0,0.0,1.0
时间,0.0,3.0,0.0,1.0
1500626333888580,0.0,3.0,0.0,1.0
%,0.0,3.0,0.0,1.0
农,0.0,3.0,0.0,1.0
更加,0.0,3.0,0.0,1.0
6,0.0,9.0,0.0,1.0
正在,0.0,3.0,0.0,1.0
渠道,0.0,3.0,0.0,1.0
联社,0.0,21.0,0.0,1.0
便民服务,0.0,3.0,0.0,1.0
表示,0.0,3.0,0.0,1.0
上,0.0,6.0,0.0,1.0
一起,0.0,6.0,0.0,1.0
(,0.0,15.0,0.0,1.0
7,0.0,6.0,0.0,1.0
600959,0.0,12.0,0.0,1.0
（,0.0,9.0,0.0,1.0
长征,0.0,3.0,0.0,1.0
分公司,0.0,3.0,0.0,1.0
潮流,0.0,3.0,0.0,1.0
披露,0.0,3.0,0.0,1.0
增长,0.0,3.0,0.0,1.0
未,0.0,3.0,0.0,1.0
.,0.0,9.0,0.0,1.0
依托,0.0,3.0,0.0,1.0
特别,0.0,3.0,0.0,1.0
李忠,0.0,3.0,0.0,1.0
需要,0.0,6.0,0.0,1.0
cn,0.0,3.0,0.0,1.0
十大,0.0,12.0,0.0,1.0
双方,0.0,9.0,0.0,1.0
以及,0.0,6.0,0.0,1.0
规模化,0.0,3.0,0.0,1.0
之前,0.0,3.0,0.0,1.0
有没有,0.0,3.0,0.0,1.0
主业,0.0,3.0,0.0,1.0
南京,0.0,3.0,0.0,1.0
董秘,0.0,3.0,0.0,1.0
主任,0.0,6.0,0.0,1.0
名单,0.0,3.0,0.0,1.0
1,0.0,3.0,0.0,1.0
第,0.0,3.0,0.0,1.0
签约,0.0,6.0,0.0,1.0
本次,0.0,3.0,0.0,1.0
加强,0.0,3.0,0.0,1.0
去年,0.0,6.0,0.0,1.0
创新,0.0,3.0,0.0,1.0
1.14,0.0,3.0,0.0,1.0
新丝路,0.0,3.0,0.0,1.0
等,0.0,6.0,0.0,1.0
大难,0.0,6.0,0.0,1.0
量,0.0,3.0,0.0,1.0
重组,0.0,3.0,0.0,1.0
公司,0.0,30.0,0.0,1.0
必将,0.0,3.0,0.0,1.0
收盘价,0.0,3.0,0.0,1.0
冒雨,0.0,3.0,0.0,1.0
跨界,0.0,3.0,0.0,1.0
探秘,0.0,3.0,0.0,1.0
》,0.0,3.0,0.0,1.0
新晋,0.0,3.0,0.0,1.0
目前,0.0,6.0,0.0,1.0
召开,0.0,3.0,0.0,1.0
投资者,0.0,9.0,0.0,1.0
20170721,0.0,3.0,0.0,1.0
本报讯,0.0,3.0,0.0,1.0
新的篇章,0.0,3.0,0.0,1.0
记者,0.0,3.0,0.0,1.0
2017,0.0,3.0,0.0,1.0
情况,0.0,3.0,0.0,1.0
标题,0.0,3.0,0.0,1.0
钱进,0.0,3.0,0.0,1.0
程序,0.0,3.0,0.0,1.0
二季度,0.0,12.0,0.0,1.0
深化,0.0,6.0,0.0,1.0
美丽,0.0,3.0,0.0,1.0
诊股,0.0,3.0,0.0,1.0
出席,0.0,3.0,0.0,1.0
此前,0.0,3.0,0.0,1.0
合作,0.0,27.0,0.0,1.0
现身,0.0,3.0,0.0,1.0
无锡,0.0,6.0,0.0,1.0
更大,0.0,3.0,0.0,1.0
制作,0.0,3.0,0.0,1.0
都,0.0,9.0,0.0,1.0
投拍,0.0,3.0,0.0,1.0
趋势,0.0,3.0,0.0,1.0
股权,0.0,6.0,0.0,1.0
清醒认识,0.0,3.0,0.0,1.0
