日,3.0,12.0,0.2,0.8
多亿,9.0,0.0,1.0,0.0
8.5,0.0,3.0,0.0,1.0
湖南,6.0,3.0,0.6666666666666666,0.3333333333333333
扎根,3.0,3.0,0.5,0.5
中心,0.0,3.0,0.0,1.0
提到,3.0,0.0,1.0,0.0
片区,9.0,0.0,1.0,0.0
实业,3.0,3.0,0.5,0.5
建设项目,3.0,0.0,1.0,0.0
保障,0.0,3.0,0.0,1.0
倍,0.0,3.0,0.0,1.0
湖南投资,21.0,48.0,0.30434782608695654,0.6956521739130435
属于,0.0,3.0,0.0,1.0
700,12.0,0.0,1.0,0.0
贡献,3.0,3.0,0.5,0.5
小镇,9.0,0.0,1.0,0.0
完成,0.0,6.0,0.0,1.0
协议,3.0,3.0,0.5,0.5
美丰,0.0,6.0,0.0,1.0
打造,3.0,3.0,0.5,0.5
多层次,3.0,3.0,0.5,0.5
年,0.0,6.0,0.0,1.0
月,3.0,18.0,0.14285714285714285,0.8571428571428571
社会,3.0,3.0,0.5,0.5
行情,0.0,6.0,0.0,1.0
重点,3.0,0.0,1.0,0.0
净利,0.0,3.0,0.0,1.0
同比,0.0,24.0,0.0,1.0
.,0.0,6.0,0.0,1.0
元,0.0,3.0,0.0,1.0
主因,0.0,3.0,0.0,1.0
适销,0.0,3.0,0.0,1.0
中铁,9.0,0.0,1.0,0.0
刚需,0.0,3.0,0.0,1.0
主要,0.0,6.0,0.0,1.0
投资,18.0,0.0,1.0,0.0
2,0.0,3.0,0.0,1.0
高速,0.0,3.0,0.0,1.0
到,6.0,6.0,0.5,0.5
中南,9.0,0.0,1.0,0.0
要,6.0,6.0,0.5,0.5
高度评价,0.0,3.0,0.0,1.0
经济,3.0,3.0,0.5,0.5
机会,3.0,3.0,0.5,0.5
167,0.0,9.0,0.0,1.0
战略,3.0,3.0,0.5,0.5
以上,3.0,3.0,0.5,0.5
0.8,0.0,3.0,0.0,1.0
半年报,0.0,9.0,0.0,1.0
产生,0.0,3.0,0.0,1.0
想,6.0,6.0,0.5,0.5
母公司,0.0,3.0,0.0,1.0
海外侨胞,3.0,3.0,0.5,0.5
株洲,6.0,6.0,0.5,0.5
创业,6.0,6.0,0.5,0.5
是,3.0,6.0,0.3333333333333333,0.6666666666666666
通行费,0.0,3.0,0.0,1.0
500,3.0,0.0,1.0,0.0
房地产,0.0,3.0,0.0,1.0
协和,0.0,3.0,0.0,1.0
梦想,3.0,3.0,0.5,0.5
五一,0.0,3.0,0.0,1.0
发展,6.0,6.0,0.5,0.5
项目,6.0,6.0,0.5,0.5
专家组,0.0,3.0,0.0,1.0
其中,3.0,0.0,1.0,0.0
考察,3.0,3.0,0.5,0.5
这个,9.0,0.0,1.0,0.0
525.22,0.0,3.0,0.0,1.0
激情,3.0,3.0,0.5,0.5
stcn,0.0,3.0,0.0,1.0
优势互补,3.0,3.0,0.5,0.5
对,0.0,3.0,0.0,1.0
经贸,3.0,3.0,0.5,0.5
浏阳,0.0,6.0,0.0,1.0
已,0.0,6.0,0.0,1.0
167.08,0.0,6.0,0.0,1.0
张家界,9.0,0.0,1.0,0.0
扣非,0.0,3.0,0.0,1.0
所有者,0.0,3.0,0.0,1.0
时,0.0,3.0,0.0,1.0
确认,0.0,3.0,0.0,1.0
 ,75.0,9.0,0.8928571428571429,0.10714285714285714
85,0.0,6.0,0.0,1.0
建设,3.0,3.0,0.5,0.5
级,0.0,3.0,0.0,1.0
方面,0.0,3.0,0.0,1.0
上榜,9.0,0.0,1.0,0.0
www,0.0,3.0,0.0,1.0
最为,3.0,0.0,1.0,0.0
共同,3.0,3.0,0.5,0.5
证券时报,0.0,3.0,0.0,1.0
支撑,0.0,3.0,0.0,1.0
后,0.0,3.0,0.0,1.0
较大,0.0,3.0,0.0,1.0
评审,0.0,3.0,0.0,1.0
亿元,0.0,12.0,0.0,1.0
结为,3.0,3.0,0.5,0.5
暂未,0.0,3.0,0.0,1.0
开发,6.0,3.0,0.6666666666666666,0.3333333333333333
模式,3.0,3.0,0.5,0.5
进一步,3.0,3.0,0.5,0.5
小城镇,3.0,0.0,1.0,0.0
占,3.0,3.0,0.5,0.5
12,0.0,3.0,0.0,1.0
相比,0.0,3.0,0.0,1.0
838,0.0,3.0,0.0,1.0
事业,3.0,3.0,0.5,0.5
招商引资,3.0,0.0,1.0,0.0
6,0.0,6.0,0.0,1.0
124,0.0,3.0,0.0,1.0
座谈会,12.0,0.0,1.0,0.0
中源,0.0,3.0,0.0,1.0
近日,3.0,0.0,1.0,0.0
获评,0.0,3.0,0.0,1.0
正在,0.0,3.0,0.0,1.0
卖出,0.0,3.0,0.0,1.0
图为,3.0,0.0,1.0,0.0
幸运,9.0,0.0,1.0,0.0
特色,12.0,0.0,1.0,0.0
较为,0.0,3.0,0.0,1.0
　,0.0,12.0,0.0,1.0
明星,0.0,3.0,0.0,1.0
总,3.0,0.0,1.0,0.0
会场,3.0,0.0,1.0,0.0
理念,3.0,3.0,0.5,0.5
进行,0.0,3.0,0.0,1.0
目前,0.0,3.0,0.0,1.0
08,0.0,3.0,0.0,1.0
快速,3.0,3.0,0.5,0.5
原因,0.0,3.0,0.0,1.0
个,15.0,0.0,1.0,0.0
地段,0.0,3.0,0.0,1.0
效益,3.0,3.0,0.5,0.5
7,0.0,6.0,0.0,1.0
公告,0.0,3.0,0.0,1.0
共,6.0,6.0,0.5,0.5
浏阳市,0.0,6.0,0.0,1.0
了解,0.0,3.0,0.0,1.0
买入,0.0,3.0,0.0,1.0
绕南,0.0,3.0,0.0,1.0
集团,3.0,0.0,1.0,0.0
中车,6.0,6.0,0.5,0.5
04,0.0,3.0,0.0,1.0
业绩,0.0,3.0,0.0,1.0
1.2,0.0,6.0,0.0,1.0
有力,0.0,6.0,0.0,1.0
增,0.0,3.0,0.0,1.0
未来,0.0,3.0,0.0,1.0
2290.89,0.0,3.0,0.0,1.0
实现,9.0,21.0,0.3,0.7
区域,0.0,3.0,0.0,1.0
4,9.0,12.0,0.42857142857142855,0.5714285714285714
107,0.0,3.0,0.0,1.0
日讯,0.0,3.0,0.0,1.0
大冶,0.0,3.0,0.0,1.0
在,6.0,6.0,0.5,0.5
且,0.0,3.0,0.0,1.0
为,0.0,9.0,0.0,1.0
/,6.0,6.0,0.5,0.5
68,0.0,3.0,0.0,1.0
com,0.0,3.0,0.0,1.0
网,0.0,3.0,0.0,1.0
多元化,3.0,3.0,0.5,0.5
商圈,0.0,3.0,0.0,1.0
；,0.0,18.0,0.0,1.0
航锅,0.0,6.0,0.0,1.0
赢,6.0,6.0,0.5,0.5
创新,6.0,6.0,0.5,0.5
2017,0.0,9.0,0.0,1.0
双方,3.0,3.0,0.5,0.5
根据,3.0,3.0,0.5,0.5
多,3.0,3.0,0.5,0.5
盈利,0.0,21.0,0.0,1.0
自持,0.0,3.0,0.0,1.0
设施,0.0,3.0,0.0,1.0
861.23,0.0,9.0,0.0,1.0
一些,0.0,3.0,0.0,1.0
利润,0.0,6.0,0.0,1.0
销售,0.0,12.0,0.0,1.0
讯,0.0,3.0,0.0,1.0
繁华,0.0,3.0,0.0,1.0
将,3.0,9.0,0.25,0.75
位于,0.0,9.0,0.0,1.0
限售,0.0,3.0,0.0,1.0
服务,3.0,6.0,0.3333333333333333,0.6666666666666666
据,0.0,3.0,0.0,1.0
发布,3.0,3.0,0.5,0.5
、,15.0,15.0,0.5,0.5
招商,0.0,3.0,0.0,1.0
晚间,0.0,9.0,0.0,1.0
本着,3.0,3.0,0.5,0.5
：,0.0,9.0,0.0,1.0
持续,0.0,6.0,0.0,1.0
出售,0.0,6.0,0.0,1.0
系,0.0,3.0,0.0,1.0
净利润,0.0,9.0,0.0,1.0
建,9.0,0.0,1.0,0.0
证券网,0.0,3.0,0.0,1.0
商品住宅,0.0,3.0,0.0,1.0
尚,0.0,3.0,0.0,1.0
26,3.0,0.0,1.0,0.0
关系,3.0,3.0,0.5,0.5
平台,3.0,3.0,0.5,0.5
多亿元,3.0,0.0,1.0,0.0
）,3.0,9.0,0.25,0.75
%,0.0,27.0,0.0,1.0
四川,0.0,6.0,0.0,1.0
硬件,0.0,3.0,0.0,1.0
1,6.0,15.0,0.2857142857142857,0.7142857142857143
大厦,0.0,18.0,0.0,1.0
共商,6.0,0.0,1.0,0.0
推动,3.0,3.0,0.5,0.5
交通,3.0,0.0,1.0,0.0
强势股,0.0,3.0,0.0,1.0
8,0.0,3.0,0.0,1.0
给予,0.0,3.0,0.0,1.0
更具,3.0,3.0,0.5,0.5
(,0.0,9.0,0.0,1.0
带来,0.0,3.0,0.0,1.0
054.52,0.0,6.0,0.0,1.0
在于,0.0,3.0,0.0,1.0
现场,0.0,3.0,0.0,1.0
（,3.0,9.0,0.25,0.75
分公司,9.0,0.0,1.0,0.0
股,0.0,3.0,0.0,1.0
披露,0.0,3.0,0.0,1.0
增长,0.0,30.0,0.0,1.0
定位,0.0,6.0,0.0,1.0
点,0.0,3.0,0.0,1.0
促进,3.0,3.0,0.5,0.5
尾盘,0.0,6.0,0.0,1.0
上半年,0.0,9.0,0.0,1.0
我省,3.0,0.0,1.0,0.0
整个,3.0,3.0,0.5,0.5
点后,0.0,3.0,0.0,1.0
中国,0.0,3.0,0.0,1.0
归属于,0.0,3.0,0.0,1.0
以及,0.0,3.0,0.0,1.0
物业,0.0,9.0,0.0,1.0
5A,0.0,3.0,0.0,1.0
自愿,3.0,3.0,0.5,0.5
写字楼,0.0,6.0,0.0,1.0
十大,0.0,3.0,0.0,1.0
长沙,3.0,6.0,0.3333333333333333,0.6666666666666666
),0.0,9.0,0.0,1.0
营业,0.0,12.0,0.0,1.0
建设期,0.0,3.0,0.0,1.0
经营,12.0,0.0,1.0,0.0
目的,3.0,3.0,0.5,0.5
孔子,0.0,3.0,0.0,1.0
等,0.0,3.0,0.0,1.0
抢眼,3.0,0.0,1.0,0.0
74,0.0,3.0,0.0,1.0
销售收入,0.0,3.0,0.0,1.0
任务,0.0,6.0,0.0,1.0
开展,3.0,3.0,0.5,0.5
公司,0.0,18.0,0.0,1.0
交投,6.0,0.0,1.0,0.0
互利,3.0,3.0,0.5,0.5
财富,0.0,6.0,0.0,1.0
24,0.0,6.0,0.0,1.0
提供,0.0,3.0,0.0,1.0
企业,3.0,3.0,0.5,0.5
周五,0.0,3.0,0.0,1.0
专业性,0.0,3.0,0.0,1.0
搭建,3.0,3.0,0.5,0.5
召开,9.0,0.0,1.0,0.0
股份,0.0,6.0,0.0,1.0
共享,3.0,3.0,0.5,0.5
528.21,0.0,3.0,0.0,1.0
收入,0.0,12.0,0.0,1.0
新城,0.0,6.0,0.0,1.0
记者,0.0,3.0,0.0,1.0
一个,0.0,6.0,0.0,1.0
服务体系,3.0,3.0,0.5,0.5
精装修,0.0,3.0,0.0,1.0
-,0.0,6.0,0.0,1.0
文化交流,3.0,3.0,0.5,0.5
000548,3.0,12.0,0.2,0.8
特钢,0.0,3.0,0.0,1.0
偏少,0.0,3.0,0.0,1.0
总量,3.0,3.0,0.5,0.5
合作伙伴,3.0,3.0,0.5,0.5
利润总额,0.0,3.0,0.0,1.0
软件,0.0,3.0,0.0,1.0
诊股,0.0,6.0,0.0,1.0
增加,0.0,3.0,0.0,1.0
总成本,0.0,3.0,0.0,1.0
合作,3.0,3.0,0.5,0.5
纳入,0.0,3.0,0.0,1.0
23,12.0,0.0,1.0,0.0
地方,9.0,0.0,1.0,0.0
大计,6.0,0.0,1.0,0.0
万元,0.0,18.0,0.0,1.0
本期,0.0,6.0,0.0,1.0
1.25,0.0,6.0,0.0,1.0
