日,21.0,45.0,0.3181818181818182,0.6818181818181818
一片,0.0,3.0,0.0,1.0
电网,6.0,18.0,0.25,0.75
一支,3.0,0.0,1.0,0.0
322,0.0,3.0,0.0,1.0
技术部,0.0,3.0,0.0,1.0
历程,0.0,3.0,0.0,1.0
称赞,0.0,3.0,0.0,1.0
规程,6.0,0.0,1.0,0.0
陈梅,3.0,0.0,1.0,0.0
国君,0.0,3.0,0.0,1.0
5.20,0.0,9.0,0.0,1.0
1500,0.0,6.0,0.0,1.0
已自,0.0,3.0,0.0,1.0
创意,3.0,0.0,1.0,0.0
控人拟,0.0,3.0,0.0,1.0
大功率,6.0,0.0,1.0,0.0
同比,0.0,6.0,0.0,1.0
领导,3.0,3.0,0.5,0.5
市,0.0,3.0,0.0,1.0
自本,0.0,3.0,0.0,1.0
向国网,0.0,3.0,0.0,1.0
此次,0.0,6.0,0.0,1.0
中国,117.0,30.0,0.7959183673469388,0.20408163265306123
一对一,0.0,3.0,0.0,1.0
:,0.0,27.0,0.0,1.0
华电,0.0,42.0,0.0,1.0
2013,0.0,3.0,0.0,1.0
0,0.0,21.0,0.0,1.0
认可,15.0,0.0,1.0,0.0
继续,0.0,9.0,0.0,1.0
管理工作,0.0,3.0,0.0,1.0
高位,0.0,3.0,0.0,1.0
*,0.0,3.0,0.0,1.0
空白,3.0,0.0,1.0,0.0
标准,42.0,3.0,0.9333333333333333,0.06666666666666667
案例,0.0,3.0,0.0,1.0
光大,0.0,6.0,0.0,1.0
员工,6.0,3.0,0.6666666666666666,0.3333333333333333
深化改革,0.0,6.0,0.0,1.0
电能表,9.0,0.0,1.0,0.0
院团委,3.0,0.0,1.0,0.0
梳理,0.0,12.0,0.0,1.0
成都,0.0,6.0,0.0,1.0
Arrow,0.0,3.0,0.0,1.0
华为,0.0,6.0,0.0,1.0
地方,6.0,0.0,1.0,0.0
10,3.0,3.0,0.5,0.5
哈表所,9.0,0.0,1.0,0.0
技术讲座,3.0,0.0,1.0,0.0
萎靡不振,0.0,3.0,0.0,1.0
亿元,0.0,6.0,0.0,1.0
1065,0.0,3.0,0.0,1.0
人工智能,18.0,0.0,1.0,0.0
火力发电,0.0,6.0,0.0,1.0
总工程师,0.0,3.0,0.0,1.0
财产,0.0,3.0,0.0,1.0
谋划,0.0,3.0,0.0,1.0
步伐,0.0,3.0,0.0,1.0
胡德霖,0.0,12.0,0.0,1.0
mmbiz,0.0,36.0,0.0,1.0
物理,0.0,6.0,0.0,1.0
04,3.0,3.0,0.5,0.5
获批,18.0,0.0,1.0,0.0
年龄,3.0,0.0,1.0,0.0
无功,0.0,6.0,0.0,1.0
科学研究,3.0,0.0,1.0,0.0
封板,0.0,18.0,0.0,1.0
直属,0.0,3.0,0.0,1.0
抛,0.0,3.0,0.0,1.0
期间,3.0,3.0,0.5,0.5
工作思路,0.0,3.0,0.0,1.0
反弹,0.0,6.0,0.0,1.0
png,0.0,12.0,0.0,1.0
600326,0.0,3.0,0.0,1.0
7,18.0,3.0,0.8571428571428571,0.14285714285714285
智慧,3.0,6.0,0.3333333333333333,0.6666666666666666
箱变,0.0,3.0,0.0,1.0
会上,3.0,0.0,1.0,0.0
还有,0.0,9.0,0.0,1.0
】,21.0,9.0,0.7,0.3
兴业,0.0,3.0,0.0,1.0
单位,15.0,0.0,1.0,0.0
刘勇,0.0,3.0,0.0,1.0
不到,0.0,3.0,0.0,1.0
发展,18.0,33.0,0.35294117647058826,0.6470588235294118
当时,0.0,3.0,0.0,1.0
成立,3.0,0.0,1.0,0.0
从,6.0,9.0,0.4,0.6
工作,21.0,87.0,0.19444444444444445,0.8055555555555556
=,0.0,54.0,0.0,1.0
大胆,3.0,0.0,1.0,0.0
网电科,0.0,3.0,0.0,1.0
+,15.0,6.0,0.7142857142857143,0.2857142857142857
仍处,0.0,3.0,0.0,1.0
细节,0.0,3.0,0.0,1.0
进展,0.0,3.0,0.0,1.0
专业,27.0,12.0,0.6923076923076923,0.3076923076923077
更广,0.0,3.0,0.0,1.0
供稿,3.0,0.0,1.0,0.0
走进,3.0,3.0,0.5,0.5
研究院,3.0,3.0,0.5,0.5
都,0.0,9.0,0.0,1.0
通,0.0,3.0,0.0,1.0
展,3.0,0.0,1.0,0.0
承担,3.0,0.0,1.0,0.0
贡献,3.0,0.0,1.0,0.0
行业协会,0.0,6.0,0.0,1.0
640,0.0,6.0,0.0,1.0
加强,6.0,3.0,0.6666666666666666,0.3333333333333333
山路,0.0,3.0,0.0,1.0
亿万富翁,0.0,3.0,0.0,1.0
联络,0.0,3.0,0.0,1.0
超过,0.0,9.0,0.0,1.0
钛,0.0,3.0,0.0,1.0
高压,3.0,0.0,1.0,0.0
机制,6.0,3.0,0.6666666666666666,0.3333333333333333
需求,3.0,0.0,1.0,0.0
所属单位,0.0,3.0,0.0,1.0
按,6.0,3.0,0.6666666666666666,0.3333333333333333
不错,0.0,3.0,0.0,1.0
低于,0.0,3.0,0.0,1.0
差,0.0,3.0,0.0,1.0
学历,3.0,0.0,1.0,0.0
市场,12.0,0.0,1.0,0.0
吴复立,3.0,0.0,1.0,0.0
BSes1Oxjm4Hh3OrXwz4oW9mYibG4hoI20gHhwXvsbZRicJQ,0.0,3.0,0.0,1.0
效率,0.0,3.0,0.0,1.0
互联网,3.0,6.0,0.3333333333333333,0.6666666666666666
光,0.0,3.0,0.0,1.0
房产,0.0,3.0,0.0,1.0
快讯,6.0,0.0,1.0,0.0
土地,0.0,3.0,0.0,1.0
炒股,0.0,3.0,0.0,1.0
南一环,0.0,3.0,0.0,1.0
行动,0.0,3.0,0.0,1.0
增长,0.0,12.0,0.0,1.0
收,0.0,3.0,0.0,1.0
双子,0.0,3.0,0.0,1.0
福州,0.0,3.0,0.0,1.0
立意,3.0,0.0,1.0,0.0
行标,6.0,0.0,1.0,0.0
到,0.0,6.0,0.0,1.0
南瑞,0.0,9.0,0.0,1.0
科学,3.0,3.0,0.5,0.5
ECCO,9.0,0.0,1.0,0.0
辅为,0.0,3.0,0.0,1.0
坚定,0.0,3.0,0.0,1.0
蓄能,0.0,3.0,0.0,1.0
思考,3.0,0.0,1.0,0.0
短,3.0,0.0,1.0,0.0
电磁场,3.0,0.0,1.0,0.0
部分,0.0,3.0,0.0,1.0
》,6.0,9.0,0.4,0.6
学科,3.0,0.0,1.0,0.0
共有,3.0,0.0,1.0,0.0
技术支持,0.0,3.0,0.0,1.0
咨询,0.0,3.0,0.0,1.0
承接,0.0,12.0,0.0,1.0
Alex,6.0,0.0,1.0,0.0
万联,0.0,3.0,0.0,1.0
接下来,0.0,3.0,0.0,1.0
一股,0.0,3.0,0.0,1.0
会,0.0,9.0,0.0,1.0
拥有,0.0,6.0,0.0,1.0
推动,0.0,3.0,0.0,1.0
先后,0.0,3.0,0.0,1.0
认证,15.0,6.0,0.7142857142857143,0.2857142857142857
性能,0.0,3.0,0.0,1.0
拓展,0.0,3.0,0.0,1.0
股权,0.0,6.0,0.0,1.0
在院,3.0,0.0,1.0,0.0
5,9.0,18.0,0.3333333333333333,0.6666666666666666
中压,0.0,3.0,0.0,1.0
fcA4uPhNkmgJVUZpApLknC4WDuhLnAibzItjXkqwMCzzic7QQWE5HtxCKQlSRPXoyibGLAiat7PD4C2zw,0.0,3.0,0.0,1.0
中心,0.0,33.0,0.0,1.0
一只,0.0,3.0,0.0,1.0
变压器,0.0,6.0,0.0,1.0
000628,0.0,3.0,0.0,1.0
对,3.0,15.0,0.16666666666666666,0.8333333333333334
作,3.0,0.0,1.0,0.0
江苏省,0.0,6.0,0.0,1.0
月,24.0,36.0,0.4,0.6
失败,0.0,3.0,0.0,1.0
1700,0.0,3.0,0.0,1.0
此,0.0,3.0,0.0,1.0
东风,0.0,3.0,0.0,1.0
浦口,0.0,3.0,0.0,1.0
迹象,0.0,3.0,0.0,1.0
fcA4uPhNkmgJVUZpApLknC4OaUwNmuHWnEyH8fu061oibZJZ58gPxTUibzCwoz2dibNYVordwjEAicP9w,0.0,3.0,0.0,1.0
专家,3.0,6.0,0.3333333333333333,0.6666666666666666
成事,3.0,0.0,1.0,0.0
听天由命,0.0,3.0,0.0,1.0
12,3.0,9.0,0.25,0.75
诊股,0.0,9.0,0.0,1.0
体系,0.0,6.0,0.0,1.0
研讨会,0.0,6.0,0.0,1.0
二维码,6.0,3.0,0.6666666666666666,0.3333333333333333
—,3.0,24.0,0.1111111111111111,0.8888888888888888
以下,0.0,6.0,0.0,1.0
不然,0.0,3.0,0.0,1.0
阅读,3.0,0.0,1.0,0.0
运用,0.0,3.0,0.0,1.0
优异性,0.0,3.0,0.0,1.0
泰遭,0.0,3.0,0.0,1.0
结构合理,3.0,0.0,1.0,0.0
通信,3.0,0.0,1.0,0.0
7.13,0.0,3.0,0.0,1.0
组长,0.0,3.0,0.0,1.0
拟,0.0,9.0,0.0,1.0
处处长,0.0,3.0,0.0,1.0
增持,0.0,6.0,0.0,1.0
其中,3.0,3.0,0.5,0.5
低压,0.0,3.0,0.0,1.0
两个,0.0,3.0,0.0,1.0
公司总裁,9.0,0.0,1.0,0.0
狙击,0.0,3.0,0.0,1.0
尚海,0.0,3.0,0.0,1.0
风,0.0,3.0,0.0,1.0
2016,9.0,15.0,0.375,0.625
重大,3.0,0.0,1.0,0.0
详细,0.0,3.0,0.0,1.0
金,3.0,0.0,1.0,0.0
带队,3.0,0.0,1.0,0.0
做好,0.0,9.0,0.0,1.0
建筑节能,0.0,3.0,0.0,1.0
呼和浩特市,0.0,9.0,0.0,1.0
东方,0.0,3.0,0.0,1.0
计量,3.0,27.0,0.1,0.9
后,0.0,9.0,0.0,1.0
添加,0.0,3.0,0.0,1.0
打成,0.0,3.0,0.0,1.0
建议,0.0,3.0,0.0,1.0
力量,3.0,0.0,1.0,0.0
城市,0.0,6.0,0.0,1.0
产业,3.0,6.0,0.3333333333333333,0.6666666666666666
预告,0.0,9.0,0.0,1.0
占,0.0,6.0,0.0,1.0
思路,0.0,3.0,0.0,1.0
Tf9mv0CPsfcA4uPhNkmgJVUZpApLknC4kCpOPwdbefQ7cmSMuSmT54Al57pd4Q0fT4Je9MwoMHOOmylCMUdn2A,0.0,3.0,0.0,1.0
之策,0.0,6.0,0.0,1.0
王继业,3.0,0.0,1.0,0.0
标作,0.0,3.0,0.0,1.0
时,0.0,3.0,0.0,1.0
找,0.0,3.0,0.0,1.0
一部分,0.0,3.0,0.0,1.0
盘前,0.0,3.0,0.0,1.0
名誉,3.0,0.0,1.0,0.0
层,0.0,9.0,0.0,1.0
主题,3.0,0.0,1.0,0.0
分割,0.0,3.0,0.0,1.0
不太好,0.0,3.0,0.0,1.0
并且,0.0,6.0,0.0,1.0
领先,0.0,3.0,0.0,1.0
管理,6.0,9.0,0.4,0.6
郝悦,6.0,0.0,1.0,0.0
委和,3.0,0.0,1.0,0.0
大量,0.0,3.0,0.0,1.0
收获,0.0,3.0,0.0,1.0
西藏天路,0.0,3.0,0.0,1.0
实施方案,3.0,0.0,1.0,0.0
国家标准,9.0,0.0,1.0,0.0
Papalexopoulos,6.0,0.0,1.0,0.0
上市公司,0.0,3.0,0.0,1.0
调研,0.0,18.0,0.0,1.0
加大,0.0,3.0,0.0,1.0
高兴,0.0,3.0,0.0,1.0
下达,3.0,0.0,1.0,0.0
课题组,0.0,3.0,0.0,1.0
3002152,0.0,3.0,0.0,1.0
共,3.0,0.0,1.0,0.0
31,3.0,0.0,1.0,0.0
怨声载道,0.0,3.0,0.0,1.0
切实做好,0.0,6.0,0.0,1.0
处在,0.0,3.0,0.0,1.0
2012,0.0,3.0,0.0,1.0
关键问题,0.0,6.0,0.0,1.0
接待,3.0,3.0,0.5,0.5
自动控制,3.0,0.0,1.0,0.0
柜,0.0,3.0,0.0,1.0
能,18.0,15.0,0.5454545454545454,0.45454545454545453
江宁,0.0,3.0,0.0,1.0
郭剑波,3.0,0.0,1.0,0.0
谐波,0.0,3.0,0.0,1.0
转发,3.0,0.0,1.0,0.0
储,0.0,3.0,0.0,1.0
且,0.0,3.0,0.0,1.0
交易日,0.0,3.0,0.0,1.0
典型,0.0,3.0,0.0,1.0
然后,0.0,6.0,0.0,1.0
近日,0.0,3.0,0.0,1.0
两翼,0.0,3.0,0.0,1.0
创始人,3.0,0.0,1.0,0.0
联系电话,3.0,0.0,1.0,0.0
区域,0.0,3.0,0.0,1.0
试点单位,6.0,0.0,1.0,0.0
新型,3.0,0.0,1.0,0.0
服务,3.0,3.0,0.5,0.5
可以,0.0,6.0,0.0,1.0
制造,0.0,3.0,0.0,1.0
传播,3.0,0.0,1.0,0.0
300215,0.0,42.0,0.0,1.0
中国电力企业联合会,6.0,0.0,1.0,0.0
供电局,0.0,3.0,0.0,1.0
、,72.0,141.0,0.3380281690140845,0.6619718309859155
前妻,0.0,3.0,0.0,1.0
有所,0.0,3.0,0.0,1.0
长江,0.0,3.0,0.0,1.0
：,27.0,63.0,0.3,0.7
解析,9.0,0.0,1.0,0.0
打造,0.0,3.0,0.0,1.0
推广,3.0,3.0,0.5,0.5
中,12.0,42.0,0.2222222222222222,0.7777777777777778
）,6.0,54.0,0.1,0.9
管控,0.0,3.0,0.0,1.0
希望,0.0,6.0,0.0,1.0
6,9.0,15.0,0.375,0.625
正在,0.0,6.0,0.0,1.0
QXFibWLv2g5INHnfXfumt2qrWPk,0.0,3.0,0.0,1.0
率先,0.0,3.0,0.0,1.0
8,0.0,3.0,0.0,1.0
形成,3.0,3.0,0.5,0.5
智能,0.0,3.0,0.0,1.0
甘斌,0.0,9.0,0.0,1.0
价值,3.0,0.0,1.0,0.0
联盟,3.0,0.0,1.0,0.0
出席,3.0,0.0,1.0,0.0
上市,0.0,6.0,0.0,1.0
试,0.0,3.0,0.0,1.0
信息,3.0,6.0,0.3333333333333333,0.6666666666666666
挑战,3.0,0.0,1.0,0.0
委员会,27.0,0.0,1.0,0.0
影响,0.0,6.0,0.0,1.0
上半年,0.0,15.0,0.0,1.0
知识结构,3.0,0.0,1.0,0.0
附近,0.0,3.0,0.0,1.0
复习,0.0,3.0,0.0,1.0
邹,0.0,6.0,0.0,1.0
首席,3.0,0.0,1.0,0.0
尤其,0.0,3.0,0.0,1.0
操作,0.0,6.0,0.0,1.0
广阔,0.0,3.0,0.0,1.0
TIR,3.0,0.0,1.0,0.0
插电式,3.0,0.0,1.0,0.0
丰富,0.0,3.0,0.0,1.0
jpeg,0.0,18.0,0.0,1.0
股份,0.0,39.0,0.0,1.0
桂林,0.0,3.0,0.0,1.0
一个,0.0,6.0,0.0,1.0
股本,0.0,9.0,0.0,1.0
没有,0.0,12.0,0.0,1.0
组装,0.0,3.0,0.0,1.0
国网,15.0,18.0,0.45454545454545453,0.5454545454545454
条件,0.0,6.0,0.0,1.0
布局,0.0,6.0,0.0,1.0
绿灯,0.0,3.0,0.0,1.0
今天,0.0,9.0,0.0,1.0
分享,3.0,0.0,1.0,0.0
人才队伍,3.0,0.0,1.0,0.0
1.25,0.0,3.0,0.0,1.0
实践,3.0,0.0,1.0,0.0
上下,0.0,3.0,0.0,1.0
业务,0.0,6.0,0.0,1.0
来看,0.0,3.0,0.0,1.0
充满,3.0,0.0,1.0,0.0
朱彬,3.0,0.0,1.0,0.0
一体,0.0,6.0,0.0,1.0
浙商,0.0,3.0,0.0,1.0
山东,0.0,9.0,0.0,1.0
SAE,6.0,0.0,1.0,0.0
朝着,0.0,3.0,0.0,1.0
无线,12.0,0.0,1.0,0.0
浙江省,0.0,3.0,0.0,1.0
下午,3.0,0.0,1.0,0.0
经理,0.0,3.0,0.0,1.0
良多,0.0,3.0,0.0,1.0
检测点,12.0,0.0,1.0,0.0
外观,0.0,3.0,0.0,1.0
挂靠,6.0,0.0,1.0,0.0
时代,0.0,6.0,0.0,1.0
甚至,0.0,3.0,0.0,1.0
公司业绩,0.0,3.0,0.0,1.0
失误,0.0,3.0,0.0,1.0
运维,0.0,6.0,0.0,1.0
只有,0.0,6.0,0.0,1.0
网站,3.0,0.0,1.0,0.0
技术创新,0.0,3.0,0.0,1.0
战略,3.0,15.0,0.16666666666666666,0.8333333333333334
金智,0.0,3.0,0.0,1.0
围绕,0.0,3.0,0.0,1.0
显示,0.0,3.0,0.0,1.0
样机,0.0,3.0,0.0,1.0
力度,0.0,3.0,0.0,1.0
王松岑,3.0,0.0,1.0,0.0
质量技术监督局,3.0,0.0,1.0,0.0
夫妻,0.0,3.0,0.0,1.0
负面新闻,0.0,3.0,0.0,1.0
阶段,0.0,3.0,0.0,1.0
全家,0.0,3.0,0.0,1.0
引得,0.0,3.0,0.0,1.0
项目,6.0,6.0,0.5,0.5
提振,0.0,3.0,0.0,1.0
大幅,0.0,6.0,0.0,1.0
交流,21.0,12.0,0.6363636363636364,0.36363636363636365
已,0.0,9.0,0.0,1.0
简称,0.0,6.0,0.0,1.0
内蒙,0.0,3.0,0.0,1.0
长,6.0,3.0,0.6666666666666666,0.3333333333333333
依靠,0.0,3.0,0.0,1.0
为先,0.0,6.0,0.0,1.0
不超,0.0,9.0,0.0,1.0
新能源,3.0,12.0,0.2,0.8
300391,0.0,3.0,0.0,1.0
内外部,3.0,0.0,1.0,0.0
哪怕,0.0,3.0,0.0,1.0
通过,0.0,9.0,0.0,1.0
列入,0.0,3.0,0.0,1.0
视野,0.0,3.0,0.0,1.0
较之,0.0,3.0,0.0,1.0
好友,0.0,3.0,0.0,1.0
过电,0.0,3.0,0.0,1.0
应用,0.0,12.0,0.0,1.0
高,9.0,3.0,0.75,0.25
Tf9mv0CPsfeCpSnTAFwbMiapicZ6YAwQ,0.0,3.0,0.0,1.0
进一步,0.0,9.0,0.0,1.0
胡醇,0.0,6.0,0.0,1.0
0009333,0.0,3.0,0.0,1.0
行业标准,15.0,0.0,1.0,0.0
比例,0.0,6.0,0.0,1.0
识别,3.0,0.0,1.0,0.0
动力,0.0,3.0,0.0,1.0
集团公司,0.0,21.0,0.0,1.0
及国网,0.0,3.0,0.0,1.0
纯,3.0,0.0,1.0,0.0
逐步,6.0,12.0,0.3333333333333333,0.6666666666666666
基因,6.0,0.0,1.0,0.0
降损,0.0,9.0,0.0,1.0
检定,3.0,0.0,1.0,0.0
最终,0.0,3.0,0.0,1.0
发电,0.0,21.0,0.0,1.0
介绍,6.0,9.0,0.4,0.6
特色,0.0,3.0,0.0,1.0
全,3.0,0.0,1.0,0.0
其,3.0,6.0,0.3333333333333333,0.6666666666666666
进行,9.0,15.0,0.375,0.625
年初,0.0,3.0,0.0,1.0
网络,0.0,3.0,0.0,1.0
fmt,0.0,27.0,0.0,1.0
具备,0.0,12.0,0.0,1.0
仍,0.0,6.0,0.0,1.0
天风,0.0,3.0,0.0,1.0
发布公告,0.0,6.0,0.0,1.0
科院,3.0,3.0,0.5,0.5
首先,0.0,3.0,0.0,1.0
设备,0.0,3.0,0.0,1.0
湖东路,0.0,3.0,0.0,1.0
之间,0.0,3.0,0.0,1.0
干事,3.0,0.0,1.0,0.0
据国网,0.0,3.0,0.0,1.0
欢迎,9.0,0.0,1.0,0.0
模式,3.0,18.0,0.14285714285714285,0.8571428571428571
11.42,0.0,6.0,0.0,1.0
带领,3.0,0.0,1.0,0.0
必康,0.0,3.0,0.0,1.0
经过,0.0,9.0,0.0,1.0
年度,0.0,3.0,0.0,1.0
遭,0.0,3.0,0.0,1.0
深入,3.0,3.0,0.5,0.5
绿色,0.0,3.0,0.0,1.0
创新,42.0,12.0,0.7777777777777778,0.2222222222222222
研究所,3.0,0.0,1.0,0.0
试点工作,6.0,0.0,1.0,0.0
自由,0.0,3.0,0.0,1.0
多,3.0,12.0,0.2,0.8
第四次,0.0,3.0,0.0,1.0
年内,0.0,3.0,0.0,1.0
下半年,0.0,6.0,0.0,1.0
据,0.0,3.0,0.0,1.0
博士,9.0,0.0,1.0,0.0
显著,0.0,3.0,0.0,1.0
水平,6.0,0.0,1.0,0.0
电亮,0.0,6.0,0.0,1.0
指导,9.0,3.0,0.75,0.25
↑,6.0,0.0,1.0,0.0
分布式,0.0,33.0,0.0,1.0
一点,0.0,3.0,0.0,1.0
工作站,18.0,0.0,1.0,0.0
始建,0.0,3.0,0.0,1.0
准能,0.0,6.0,0.0,1.0
出售,0.0,6.0,0.0,1.0
股,0.0,12.0,0.0,1.0
技术人员,0.0,6.0,0.0,1.0
qpic,0.0,18.0,0.0,1.0
会议,0.0,21.0,0.0,1.0
世界,0.0,12.0,0.0,1.0
上海,12.0,6.0,0.6666666666666666,0.3333333333333333
多方,0.0,3.0,0.0,1.0
促进,6.0,0.0,1.0,0.0
三项,9.0,0.0,1.0,0.0
沟通,0.0,3.0,0.0,1.0
人气,0.0,12.0,0.0,1.0
实施,9.0,3.0,0.75,0.25
资产,0.0,9.0,0.0,1.0
电力公司,0.0,9.0,0.0,1.0
获悉,6.0,0.0,1.0,0.0
定位,0.0,12.0,0.0,1.0
国电,3.0,6.0,0.3333333333333333,0.6666666666666666
路由器,3.0,0.0,1.0,0.0
经验,3.0,0.0,1.0,0.0
六人,3.0,0.0,1.0,0.0
南瑞获,0.0,3.0,0.0,1.0
特高压,0.0,3.0,0.0,1.0
模型,0.0,12.0,0.0,1.0
资讯,9.0,3.0,0.75,0.25
多次,0.0,3.0,0.0,1.0
hqpick,0.0,3.0,0.0,1.0
3200,0.0,3.0,0.0,1.0
...........,0.0,3.0,0.0,1.0
去年,3.0,0.0,1.0,0.0
被动,0.0,3.0,0.0,1.0
YyT7YsSQNEUUcRg,0.0,3.0,0.0,1.0
通知,6.0,0.0,1.0,0.0
231,0.0,12.0,0.0,1.0
重组,0.0,3.0,0.0,1.0
主任,0.0,3.0,0.0,1.0
全国,3.0,9.0,0.25,0.75
失去,0.0,3.0,0.0,1.0
再次,0.0,15.0,0.0,1.0
院区,0.0,3.0,0.0,1.0
eastmoney,0.0,3.0,0.0,1.0
传播价值,3.0,0.0,1.0,0.0
凸显,0.0,3.0,0.0,1.0
下,9.0,6.0,0.6,0.4
58950788,3.0,0.0,1.0,0.0
来说,0.0,3.0,0.0,1.0
办公,0.0,3.0,0.0,1.0
同期,0.0,3.0,0.0,1.0
收入,0.0,6.0,0.0,1.0
刘多,3.0,0.0,1.0,0.0
情况,6.0,9.0,0.4,0.6
测试,0.0,9.0,0.0,1.0
正好,0.0,6.0,0.0,1.0
达成,3.0,0.0,1.0,0.0
主业,0.0,3.0,0.0,1.0
重,3.0,0.0,1.0,0.0
组织,6.0,9.0,0.4,0.6
但,0.0,3.0,0.0,1.0
img,0.0,6.0,0.0,1.0
注入,0.0,3.0,0.0,1.0
无锡,0.0,3.0,0.0,1.0
云,0.0,3.0,0.0,1.0
万元,0.0,12.0,0.0,1.0
各地,0.0,3.0,0.0,1.0
传输技术,9.0,0.0,1.0,0.0
混,3.0,0.0,1.0,0.0
4872.55,0.0,3.0,0.0,1.0
沈国荣,0.0,3.0,0.0,1.0
试验,0.0,9.0,0.0,1.0
党支部,0.0,27.0,0.0,1.0
月间,0.0,3.0,0.0,1.0
不断,3.0,0.0,1.0,0.0
重要,0.0,6.0,0.0,1.0
力争,0.0,3.0,0.0,1.0
创建,6.0,0.0,1.0,0.0
活动室,0.0,3.0,0.0,1.0
长期,0.0,3.0,0.0,1.0
分析,3.0,9.0,0.25,0.75
动员,3.0,3.0,0.5,0.5
安全,6.0,9.0,0.4,0.6
困难,0.0,6.0,0.0,1.0
再生能源,0.0,3.0,0.0,1.0
标杆,0.0,3.0,0.0,1.0
行情,0.0,12.0,0.0,1.0
能源网,0.0,3.0,0.0,1.0
.,0.0,60.0,0.0,1.0
方向,0.0,3.0,0.0,1.0
600,0.0,12.0,0.0,1.0
2,0.0,9.0,0.0,1.0
运维好,0.0,3.0,0.0,1.0
稳定,0.0,3.0,0.0,1.0
节能,0.0,6.0,0.0,1.0
中调,0.0,3.0,0.0,1.0
来到,0.0,3.0,0.0,1.0
石遭,0.0,3.0,0.0,1.0
计划,0.0,21.0,0.0,1.0
一流,0.0,12.0,0.0,1.0
投,0.0,3.0,0.0,1.0
Tf9mv0CPsfeCpSnTAFwbMia,0.0,3.0,0.0,1.0
编制工作,3.0,0.0,1.0,0.0
解答,0.0,3.0,0.0,1.0
电科院,120.0,261.0,0.31496062992125984,0.6850393700787402
具体实施,0.0,3.0,0.0,1.0
内以,0.0,6.0,0.0,1.0
品质,0.0,3.0,0.0,1.0
两倍,0.0,3.0,0.0,1.0
认真落实,0.0,3.0,0.0,1.0
统一标准,3.0,0.0,1.0,0.0
欣喜,3.0,0.0,1.0,0.0
成果,3.0,3.0,0.5,0.5
板,0.0,6.0,0.0,1.0
索具,0.0,3.0,0.0,1.0
正式,3.0,0.0,1.0,0.0
院长,15.0,0.0,1.0,0.0
com,0.0,3.0,0.0,1.0
推行,3.0,0.0,1.0,0.0
主要,0.0,6.0,0.0,1.0
一行,9.0,0.0,1.0,0.0
华,0.0,3.0,0.0,1.0
今年,3.0,0.0,1.0,0.0
GZhtMPx9mJh2zChT5B6jMw,0.0,3.0,0.0,1.0
卖出,0.0,6.0,0.0,1.0
快速通道,0.0,6.0,0.0,1.0
二是,0.0,3.0,0.0,1.0
低位,0.0,6.0,0.0,1.0
thsi,0.0,6.0,0.0,1.0
减持,0.0,45.0,0.0,1.0
工程,0.0,12.0,0.0,1.0
达,0.0,3.0,0.0,1.0
规划,0.0,6.0,0.0,1.0
国家电网,6.0,6.0,0.5,0.5
成为,12.0,3.0,0.8,0.2
判断,0.0,3.0,0.0,1.0
成交,0.0,6.0,0.0,1.0
可能性,0.0,3.0,0.0,1.0
可,3.0,3.0,0.5,0.5
一系列,0.0,3.0,0.0,1.0
全面落实,0.0,3.0,0.0,1.0
上年,0.0,3.0,0.0,1.0
日讯,0.0,3.0,0.0,1.0
30,0.0,3.0,0.0,1.0
‘,3.0,0.0,1.0,0.0
雅百特实,0.0,3.0,0.0,1.0
质检,3.0,0.0,1.0,0.0
团干部,3.0,0.0,1.0,0.0
处,0.0,3.0,0.0,1.0
技术,21.0,78.0,0.21212121212121213,0.7878787878787878
数据,0.0,6.0,0.0,1.0
],0.0,3.0,0.0,1.0
认真,0.0,3.0,0.0,1.0
010,3.0,0.0,1.0,0.0
万度,0.0,6.0,0.0,1.0
高级,0.0,3.0,0.0,1.0
转让,0.0,3.0,0.0,1.0
融合,0.0,6.0,0.0,1.0
消息,0.0,3.0,0.0,1.0
电动汽车,3.0,3.0,0.5,0.5
技术手段,0.0,3.0,0.0,1.0
电子式,3.0,0.0,1.0,0.0
发布,9.0,9.0,0.5,0.5
国标,3.0,0.0,1.0,0.0
模块化,0.0,3.0,0.0,1.0
系统地,0.0,3.0,0.0,1.0
游资,0.0,18.0,0.0,1.0
打板,0.0,6.0,0.0,1.0
康跃,0.0,3.0,0.0,1.0
信念,0.0,3.0,0.0,1.0
重点,0.0,9.0,0.0,1.0
大,3.0,18.0,0.14285714285714285,0.8571428571428571
上级,3.0,0.0,1.0,0.0
26,3.0,0.0,1.0,0.0
机网,0.0,9.0,0.0,1.0
银,3.0,0.0,1.0,0.0
周孝信,3.0,0.0,1.0,0.0
能量,3.0,3.0,0.5,0.5
中路,0.0,6.0,0.0,1.0
28,3.0,0.0,1.0,0.0
务虚,0.0,6.0,0.0,1.0
青春,6.0,0.0,1.0,0.0
装置,0.0,3.0,0.0,1.0
总体,0.0,12.0,0.0,1.0
盛万兴,3.0,0.0,1.0,0.0
487,0.0,3.0,0.0,1.0
轻松,0.0,6.0,0.0,1.0
自立,0.0,6.0,0.0,1.0
聚焦,0.0,12.0,0.0,1.0
第二届,3.0,0.0,1.0,0.0
各个,0.0,6.0,0.0,1.0
学院,0.0,3.0,0.0,1.0
打,0.0,3.0,0.0,1.0
融入,6.0,0.0,1.0,0.0
1956,0.0,3.0,0.0,1.0
阮炯明,0.0,3.0,0.0,1.0
同样,0.0,6.0,0.0,1.0
基地,0.0,6.0,0.0,1.0
工具,0.0,3.0,0.0,1.0
先锋,0.0,6.0,0.0,1.0
按照,0.0,9.0,0.0,1.0
让,0.0,3.0,0.0,1.0
fc8166d70d62d25d,0.0,3.0,0.0,1.0
优异,0.0,3.0,0.0,1.0
电站,0.0,3.0,0.0,1.0
最大,0.0,3.0,0.0,1.0
支撑,0.0,6.0,0.0,1.0
军民,0.0,6.0,0.0,1.0
暴力,0.0,6.0,0.0,1.0
被,0.0,3.0,0.0,1.0
9,3.0,3.0,0.5,0.5
军品,0.0,6.0,0.0,1.0
中国科学院,0.0,3.0,0.0,1.0
召开,0.0,9.0,0.0,1.0
知识点,0.0,6.0,0.0,1.0
电机工程,6.0,0.0,1.0,0.0
之日起,0.0,3.0,0.0,1.0
上升,0.0,3.0,0.0,1.0
记者,0.0,6.0,0.0,1.0
补偿,0.0,6.0,0.0,1.0
竞价,0.0,6.0,0.0,1.0
趋势,0.0,6.0,0.0,1.0
用电,0.0,3.0,0.0,1.0
总结,0.0,6.0,0.0,1.0
佛山,0.0,6.0,0.0,1.0
据闻,0.0,3.0,0.0,1.0
创新能力,3.0,0.0,1.0,0.0
上海市,6.0,0.0,1.0,0.0
据介绍,0.0,3.0,0.0,1.0
多亿,0.0,3.0,0.0,1.0
政府,3.0,0.0,1.0,0.0
能源技术,0.0,12.0,0.0,1.0
质量检验,0.0,3.0,0.0,1.0
股东,0.0,33.0,0.0,1.0
摘要,0.0,3.0,0.0,1.0
优于,0.0,3.0,0.0,1.0
知识产权,0.0,3.0,0.0,1.0
cia1AuQNywDQLAYyUj01vQVYxzw0hjfxufGEOJUbs0WePibGFuw9ia9DN8Bcsw,0.0,3.0,0.0,1.0
党组,0.0,3.0,0.0,1.0
广大干部,0.0,3.0,0.0,1.0
具体情况,0.0,3.0,0.0,1.0
净利,0.0,3.0,0.0,1.0
12.71,0.0,3.0,0.0,1.0
值得注意,0.0,3.0,0.0,1.0
元,0.0,12.0,0.0,1.0
神经元,3.0,0.0,1.0,0.0
六个月,0.0,12.0,0.0,1.0
能效,0.0,3.0,0.0,1.0
上阵,0.0,3.0,0.0,1.0
过程,3.0,0.0,1.0,0.0
充分利用,0.0,3.0,0.0,1.0
流动,0.0,6.0,0.0,1.0
套现,0.0,15.0,0.0,1.0
陈永翀,0.0,3.0,0.0,1.0
检验,12.0,6.0,0.6666666666666666,0.3333333333333333
针对,9.0,0.0,1.0,0.0
不久前,0.0,3.0,0.0,1.0
破解,3.0,0.0,1.0,0.0
获得,0.0,6.0,0.0,1.0
大宗,0.0,12.0,0.0,1.0
奋斗目标,0.0,3.0,0.0,1.0
不灭,0.0,3.0,0.0,1.0
自动化,3.0,9.0,0.25,0.75
集,0.0,6.0,0.0,1.0
称,0.0,6.0,0.0,1.0
电磁,9.0,0.0,1.0,0.0
副处长,0.0,3.0,0.0,1.0
调控,0.0,18.0,0.0,1.0
利于,0.0,3.0,0.0,1.0
首家,3.0,0.0,1.0,0.0
团队,6.0,6.0,0.5,0.5
行业,6.0,0.0,1.0,0.0
质量,0.0,3.0,0.0,1.0
光伏,0.0,6.0,0.0,1.0
巡回,0.0,6.0,0.0,1.0
创造,3.0,0.0,1.0,0.0
登高,0.0,3.0,0.0,1.0
公司股票,0.0,9.0,0.0,1.0
2018,3.0,0.0,1.0,0.0
实验室,0.0,3.0,0.0,1.0
团,0.0,6.0,0.0,1.0
携手,0.0,9.0,0.0,1.0
刘杨,0.0,3.0,0.0,1.0
入选,3.0,0.0,1.0,0.0
教授,3.0,6.0,0.3333333333333333,0.6666666666666666
荔枝,0.0,3.0,0.0,1.0
储能,6.0,27.0,0.18181818181818182,0.8181818181818182
浩丰,0.0,3.0,0.0,1.0
持续,3.0,6.0,0.3333333333333333,0.6666666666666666
贵州,0.0,3.0,0.0,1.0
细化,3.0,0.0,1.0,0.0
类似,0.0,3.0,0.0,1.0
《,6.0,9.0,0.4,0.6
扩展,0.0,3.0,0.0,1.0
技术指标,3.0,0.0,1.0,0.0
亿美元,0.0,3.0,0.0,1.0
gykg1982,3.0,0.0,1.0,0.0
又,0.0,6.0,0.0,1.0
接回来,0.0,3.0,0.0,1.0
分别,0.0,3.0,0.0,1.0
里,3.0,3.0,0.5,0.5
未来,0.0,6.0,0.0,1.0
监督,0.0,21.0,0.0,1.0
总,0.0,9.0,0.0,1.0
意向,3.0,0.0,1.0,0.0
<,0.0,27.0,0.0,1.0
交易,0.0,15.0,0.0,1.0
快速,0.0,9.0,0.0,1.0
一定,0.0,3.0,0.0,1.0
最低价,0.0,6.0,0.0,1.0
科学家,3.0,0.0,1.0,0.0
清扬,0.0,3.0,0.0,1.0
传承,3.0,0.0,1.0,0.0
联合,6.0,0.0,1.0,0.0
推进,3.0,12.0,0.2,0.8
表示,0.0,15.0,0.0,1.0
真功夫,0.0,3.0,0.0,1.0
国内,6.0,6.0,0.5,0.5
看看,0.0,3.0,0.0,1.0
四五,0.0,3.0,0.0,1.0
业绩,0.0,42.0,0.0,1.0
有限公司,0.0,6.0,0.0,1.0
立身,3.0,0.0,1.0,0.0
猛涨,0.0,3.0,0.0,1.0
配用,0.0,3.0,0.0,1.0
室主任,3.0,0.0,1.0,0.0
器具,3.0,0.0,1.0,0.0
委,3.0,0.0,1.0,0.0
到访,12.0,0.0,1.0,0.0
万股,0.0,42.0,0.0,1.0
?,0.0,27.0,0.0,1.0
为,12.0,3.0,0.8,0.2
dcb8ca929434941d,0.0,3.0,0.0,1.0
父亲,0.0,3.0,0.0,1.0
逾,0.0,3.0,0.0,1.0
青年,36.0,0.0,1.0,0.0
这种,0.0,3.0,0.0,1.0
院士,3.0,0.0,1.0,0.0
探底,0.0,6.0,0.0,1.0
相关,3.0,6.0,0.3333333333333333,0.6666666666666666
盈利,0.0,6.0,0.0,1.0
找准,0.0,3.0,0.0,1.0
行业资讯,0.0,3.0,0.0,1.0
商业价值,0.0,3.0,0.0,1.0
配合,3.0,6.0,0.3333333333333333,0.6666666666666666
ST,0.0,3.0,0.0,1.0
造就,3.0,0.0,1.0,0.0
实证,0.0,3.0,0.0,1.0
双方,3.0,0.0,1.0,0.0
沉淀,0.0,6.0,0.0,1.0
不能,0.0,3.0,0.0,1.0
赴,9.0,0.0,1.0,0.0
关键,3.0,6.0,0.3333333333333333,0.6666666666666666
入驻,3.0,0.0,1.0,0.0
很,0.0,3.0,0.0,1.0
基本,0.0,3.0,0.0,1.0
鹏飞,0.0,3.0,0.0,1.0
难度,3.0,0.0,1.0,0.0
魏斌,12.0,0.0,1.0,0.0
评选,3.0,0.0,1.0,0.0
关系,0.0,6.0,0.0,1.0
意见建议,3.0,0.0,1.0,0.0
大厦,0.0,3.0,0.0,1.0
授课,0.0,3.0,0.0,1.0
网,3.0,3.0,0.5,0.5
关注,12.0,3.0,0.8,0.2
自,0.0,6.0,0.0,1.0
试点,6.0,3.0,0.6666666666666666,0.3333333333333333
前瞻,3.0,0.0,1.0,0.0
举措,3.0,0.0,1.0,0.0
双成,0.0,3.0,0.0,1.0
清仓,0.0,3.0,0.0,1.0
预计,3.0,3.0,0.5,0.5
立,3.0,0.0,1.0,0.0
24,3.0,0.0,1.0,0.0
1600,0.0,6.0,0.0,1.0
二板,0.0,3.0,0.0,1.0
500kV,0.0,6.0,0.0,1.0
充分发挥,3.0,0.0,1.0,0.0
),0.0,21.0,0.0,1.0
营业,0.0,6.0,0.0,1.0
轮换,6.0,0.0,1.0,0.0
758,0.0,3.0,0.0,1.0
华鑫,0.0,3.0,0.0,1.0
169.68,0.0,3.0,0.0,1.0
张振民,0.0,3.0,0.0,1.0
国家,3.0,18.0,0.14285714285714285,0.8571428571428571
认真贯彻,0.0,3.0,0.0,1.0
水电,0.0,6.0,0.0,1.0
企业,3.0,6.0,0.3333333333333333,0.6666666666666666
最新,0.0,6.0,0.0,1.0
创一流,0.0,6.0,0.0,1.0
目前,6.0,18.0,0.25,0.75
SRC,0.0,27.0,0.0,1.0
协调,0.0,9.0,0.0,1.0
团组织,3.0,0.0,1.0,0.0
贯彻落实,0.0,3.0,0.0,1.0
经历,0.0,3.0,0.0,1.0
k,0.0,3.0,0.0,1.0
形势,0.0,6.0,0.0,1.0
首个,0.0,3.0,0.0,1.0
模拟,0.0,3.0,0.0,1.0
职代会,0.0,3.0,0.0,1.0
状态,6.0,0.0,1.0,0.0
全年,0.0,3.0,0.0,1.0
；,3.0,18.0,0.14285714285714285,0.8571428571428571
定,3.0,0.0,1.0,0.0
并网,0.0,6.0,0.0,1.0
福,0.0,3.0,0.0,1.0
难题,3.0,0.0,1.0,0.0
[,0.0,3.0,0.0,1.0
讨论,6.0,0.0,1.0,0.0
23,0.0,3.0,0.0,1.0
意在,3.0,0.0,1.0,0.0
2020,0.0,3.0,0.0,1.0
之一,3.0,3.0,0.5,0.5
改革,0.0,12.0,0.0,1.0
再度,0.0,3.0,0.0,1.0
整合,3.0,0.0,1.0,0.0
科研项目,0.0,3.0,0.0,1.0
5.53,0.0,3.0,0.0,1.0
解决方案,3.0,3.0,0.5,0.5
筹建,12.0,0.0,1.0,0.0
营收,0.0,3.0,0.0,1.0
260,0.0,12.0,0.0,1.0
暂停,0.0,3.0,0.0,1.0
观点,0.0,3.0,0.0,1.0
培训,0.0,3.0,0.0,1.0
院校,3.0,0.0,1.0,0.0
举行,0.0,3.0,0.0,1.0
评价,3.0,0.0,1.0,0.0
博深,0.0,3.0,0.0,1.0
加上,0.0,3.0,0.0,1.0
至今,0.0,6.0,0.0,1.0
全景网,0.0,3.0,0.0,1.0
http,0.0,27.0,0.0,1.0
要求,3.0,6.0,0.3333333333333333,0.6666666666666666
暨,0.0,6.0,0.0,1.0
735,0.0,3.0,0.0,1.0
要,3.0,12.0,0.2,0.8
报告,0.0,6.0,0.0,1.0
转型,0.0,6.0,0.0,1.0
党建,0.0,9.0,0.0,1.0
超级,0.0,3.0,0.0,1.0
601117,0.0,3.0,0.0,1.0
300178,0.0,3.0,0.0,1.0
系统化,0.0,3.0,0.0,1.0
助力,0.0,6.0,0.0,1.0
订阅,0.0,3.0,0.0,1.0
2007,0.0,6.0,0.0,1.0
 ,465.0,171.0,0.7311320754716981,0.2688679245283019
国家级,12.0,3.0,0.8,0.2
应用率,0.0,3.0,0.0,1.0
党委,6.0,6.0,0.5,0.5
领域,27.0,9.0,0.75,0.25
该,3.0,0.0,1.0,0.0
支持,3.0,0.0,1.0,0.0
科院基,0.0,9.0,0.0,1.0
第一批,3.0,0.0,1.0,0.0
职业,0.0,3.0,0.0,1.0
新视界,15.0,0.0,1.0,0.0
盘中,0.0,3.0,0.0,1.0
建设,3.0,18.0,0.14285714285714285,0.8571428571428571
网讯,0.0,3.0,0.0,1.0
以来,3.0,0.0,1.0,0.0
北京市,3.0,0.0,1.0,0.0
000,0.0,3.0,0.0,1.0
功能,0.0,3.0,0.0,1.0
内,0.0,6.0,0.0,1.0
区内,0.0,3.0,0.0,1.0
安全检查,0.0,3.0,0.0,1.0
文件,3.0,0.0,1.0,0.0
【,21.0,9.0,0.7,0.3
jpg,0.0,15.0,0.0,1.0
另外,0.0,6.0,0.0,1.0
再,0.0,9.0,0.0,1.0
邢有文,0.0,3.0,0.0,1.0
孟丽平,0.0,3.0,0.0,1.0
化学,0.0,6.0,0.0,1.0
工作组,3.0,0.0,1.0,0.0
十五个,0.0,3.0,0.0,1.0
丝毫,0.0,3.0,0.0,1.0
留言,6.0,0.0,1.0,0.0
股价,0.0,6.0,0.0,1.0
作为,0.0,15.0,0.0,1.0
实控,0.0,18.0,0.0,1.0
怀疑,0.0,3.0,0.0,1.0
南瑞集,0.0,3.0,0.0,1.0
创新者,3.0,0.0,1.0,0.0
连续,0.0,6.0,0.0,1.0
最优,0.0,3.0,0.0,1.0
人员,3.0,12.0,0.2,0.8
去,0.0,6.0,0.0,1.0
已经,0.0,6.0,0.0,1.0
说,0.0,3.0,0.0,1.0
持有,0.0,6.0,0.0,1.0
记录表,0.0,6.0,0.0,1.0
谈及,0.0,3.0,0.0,1.0
测试方法,3.0,0.0,1.0,0.0
当今,0.0,3.0,0.0,1.0
公告,0.0,6.0,0.0,1.0
骂声,0.0,3.0,0.0,1.0
无线电,18.0,0.0,1.0,0.0
做,0.0,12.0,0.0,1.0
浙电科苑,0.0,6.0,0.0,1.0
开启,0.0,6.0,0.0,1.0
采用,0.0,3.0,0.0,1.0
年报,0.0,3.0,0.0,1.0
金力,0.0,3.0,0.0,1.0
分钟,0.0,3.0,0.0,1.0
购买国,0.0,3.0,0.0,1.0
主动权,0.0,3.0,0.0,1.0
支付现金,0.0,3.0,0.0,1.0
三路,0.0,3.0,0.0,1.0
院所,0.0,9.0,0.0,1.0
亿近,0.0,3.0,0.0,1.0
专项,0.0,12.0,0.0,1.0
等待,0.0,3.0,0.0,1.0
将来,0.0,3.0,0.0,1.0
电工,6.0,3.0,0.6666666666666666,0.3333333333333333
590,0.0,3.0,0.0,1.0
第二,0.0,6.0,0.0,1.0
负,0.0,3.0,0.0,1.0
2017,12.0,36.0,0.25,0.75
根据,0.0,3.0,0.0,1.0
’,3.0,0.0,1.0,0.0
升级,0.0,6.0,0.0,1.0
了解,0.0,9.0,0.0,1.0
实验,3.0,18.0,0.14285714285714285,0.8571428571428571
先河,3.0,0.0,1.0,0.0
书记,0.0,3.0,0.0,1.0
扩大,0.0,3.0,0.0,1.0
一实,0.0,3.0,0.0,1.0
中山,0.0,3.0,0.0,1.0
晚间,0.0,18.0,0.0,1.0
国资委,0.0,3.0,0.0,1.0
要闻,0.0,6.0,0.0,1.0
过,0.0,12.0,0.0,1.0
疑惑,0.0,3.0,0.0,1.0
研讨,3.0,0.0,1.0,0.0
副,6.0,0.0,1.0,0.0
祥禾,0.0,3.0,0.0,1.0
开关柜,0.0,3.0,0.0,1.0
一致,0.0,3.0,0.0,1.0
7067,0.0,3.0,0.0,1.0
动辄,0.0,3.0,0.0,1.0
紧跟,0.0,3.0,0.0,1.0
宣传,0.0,3.0,0.0,1.0
e,0.0,6.0,0.0,1.0
强势股,0.0,6.0,0.0,1.0
机遇期,0.0,3.0,0.0,1.0
比较,0.0,6.0,0.0,1.0
直接,0.0,3.0,0.0,1.0
方案,0.0,3.0,0.0,1.0
3,6.0,3.0,0.6666666666666666,0.3333333333333333
169,0.0,3.0,0.0,1.0
系统,6.0,30.0,0.16666666666666666,0.8333333333333334
院,12.0,12.0,0.5,0.5
腰斩,0.0,6.0,0.0,1.0
查漏,0.0,3.0,0.0,1.0
执行官,3.0,0.0,1.0,0.0
万里,0.0,3.0,0.0,1.0
促,0.0,6.0,0.0,1.0
~,0.0,6.0,0.0,1.0
精神,0.0,12.0,0.0,1.0
为了,3.0,0.0,1.0,0.0
16,0.0,3.0,0.0,1.0
好,0.0,9.0,0.0,1.0
还,0.0,3.0,0.0,1.0
问题,0.0,12.0,0.0,1.0
意见,0.0,3.0,0.0,1.0
5000,0.0,3.0,0.0,1.0
理顺,0.0,9.0,0.0,1.0
目标,0.0,12.0,0.0,1.0
并,6.0,12.0,0.3333333333333333,0.6666666666666666
半年度,0.0,9.0,0.0,1.0
国网公司,0.0,3.0,0.0,1.0
科技,24.0,15.0,0.6153846153846154,0.38461538461538464
投资者,0.0,9.0,0.0,1.0
香港,0.0,3.0,0.0,1.0
在职人员,3.0,0.0,1.0,0.0
勇于,3.0,0.0,1.0,0.0
出击,0.0,6.0,0.0,1.0
开关,3.0,0.0,1.0,0.0
在,27.0,72.0,0.2727272727272727,0.7272727272727273
高军,0.0,3.0,0.0,1.0
自主,3.0,3.0,0.5,0.5
19,0.0,3.0,0.0,1.0
优异成绩,3.0,0.0,1.0,0.0
净利润,0.0,15.0,0.0,1.0
5299.45,0.0,3.0,0.0,1.0
|,3.0,6.0,0.3333333333333333,0.6666666666666666
信号,3.0,3.0,0.5,0.5
近两年,0.0,3.0,0.0,1.0
风力,0.0,3.0,0.0,1.0
股电科院,0.0,6.0,0.0,1.0
父子,0.0,3.0,0.0,1.0
透露,0.0,6.0,0.0,1.0
这个,0.0,3.0,0.0,1.0
从事,0.0,3.0,0.0,1.0
研发,3.0,18.0,0.14285714285714285,0.8571428571428571
指出,0.0,6.0,0.0,1.0
整体,0.0,3.0,0.0,1.0
共享,0.0,3.0,0.0,1.0
确保,0.0,3.0,0.0,1.0
开展,9.0,12.0,0.42857142857142855,0.5714285714285714
―,0.0,3.0,0.0,1.0
预增,0.0,12.0,0.0,1.0
实操,0.0,3.0,0.0,1.0
190,0.0,3.0,0.0,1.0
全面,3.0,12.0,0.2,0.8
主持,3.0,0.0,1.0,0.0
年,18.0,81.0,0.18181818181818182,0.8181818181818182
具体,0.0,3.0,0.0,1.0
/,0.0,135.0,0.0,1.0
运行,6.0,0.0,1.0,0.0
精益,0.0,3.0,0.0,1.0
日常,0.0,3.0,0.0,1.0
肯定,0.0,3.0,0.0,1.0
12.72,0.0,3.0,0.0,1.0
周一,0.0,3.0,0.0,1.0
核电,0.0,6.0,0.0,1.0
人才,0.0,6.0,0.0,1.0
eg,0.0,3.0,0.0,1.0
归属于,0.0,3.0,0.0,1.0
编制,3.0,0.0,1.0,0.0
湖州,0.0,3.0,0.0,1.0
J2954,3.0,0.0,1.0,0.0
努力,0.0,3.0,0.0,1.0
下埔路,0.0,3.0,0.0,1.0
巨力,0.0,3.0,0.0,1.0
累计,0.0,3.0,0.0,1.0
省内,0.0,3.0,0.0,1.0
核心内容,3.0,0.0,1.0,0.0
积累,3.0,0.0,1.0,0.0
电能,0.0,3.0,0.0,1.0
分会,0.0,6.0,0.0,1.0
一家,0.0,6.0,0.0,1.0
梦想,3.0,0.0,1.0,0.0
近期,0.0,3.0,0.0,1.0
尽早,0.0,3.0,0.0,1.0
首次,3.0,0.0,1.0,0.0
不足,0.0,3.0,0.0,1.0
资质,0.0,3.0,0.0,1.0
～,0.0,9.0,0.0,1.0
线损,0.0,3.0,0.0,1.0
自身,3.0,0.0,1.0,0.0
电力,45.0,6.0,0.8823529411764706,0.11764705882352941
买入,0.0,9.0,0.0,1.0
战略性,3.0,0.0,1.0,0.0
串联,0.0,6.0,0.0,1.0
后面,0.0,3.0,0.0,1.0
锐意进取,3.0,0.0,1.0,0.0
不行,0.0,6.0,0.0,1.0
1578088704,0.0,3.0,0.0,1.0
投身,3.0,0.0,1.0,0.0
分解,3.0,0.0,1.0,0.0
培养,3.0,3.0,0.5,0.5
北京,15.0,0.0,1.0,0.0
国际标准,3.0,0.0,1.0,0.0
惠州,0.0,3.0,0.0,1.0
共同,3.0,0.0,1.0,0.0
IMAGE,0.0,27.0,0.0,1.0
底部,3.0,0.0,1.0,0.0
检查,0.0,9.0,0.0,1.0
300350,0.0,3.0,0.0,1.0
话语,3.0,0.0,1.0,0.0
活动,0.0,21.0,0.0,1.0
基础,3.0,3.0,0.5,0.5
更加,0.0,3.0,0.0,1.0
季华,0.0,9.0,0.0,1.0
经委,0.0,3.0,0.0,1.0
面临,3.0,3.0,0.5,0.5
修订,3.0,0.0,1.0,0.0
队伍,3.0,0.0,1.0,0.0
转化,0.0,3.0,0.0,1.0
背景,3.0,3.0,0.5,0.5
集中,0.0,9.0,0.0,1.0
矸,0.0,6.0,0.0,1.0
科研,3.0,9.0,0.25,0.75
前瞻性,0.0,3.0,0.0,1.0
讯,0.0,9.0,0.0,1.0
专委会,6.0,0.0,1.0,0.0
齐,0.0,6.0,0.0,1.0
帮助,3.0,0.0,1.0,0.0
具有,0.0,9.0,0.0,1.0
方式,0.0,9.0,0.0,1.0
电源,0.0,6.0,0.0,1.0
2.11,0.0,3.0,0.0,1.0
下滑,0.0,3.0,0.0,1.0
计算,3.0,3.0,0.5,0.5
人,9.0,15.0,0.375,0.625
高频,3.0,0.0,1.0,0.0
年底,3.0,3.0,0.5,0.5
取得,3.0,9.0,0.25,0.75
主旋律,0.0,3.0,0.0,1.0
前来,0.0,3.0,0.0,1.0
21,3.0,6.0,0.3333333333333333,0.6666666666666666
科研机构,0.0,12.0,0.0,1.0
核心,0.0,3.0,0.0,1.0
两次,0.0,3.0,0.0,1.0
002282,0.0,3.0,0.0,1.0
涉及,3.0,0.0,1.0,0.0
五次,0.0,3.0,0.0,1.0
吴曼青,0.0,3.0,0.0,1.0
大力,0.0,3.0,0.0,1.0
标准制,3.0,0.0,1.0,0.0
冲天,0.0,3.0,0.0,1.0
钒,0.0,3.0,0.0,1.0
将,15.0,9.0,0.625,0.375
耐心,0.0,3.0,0.0,1.0
小组,3.0,0.0,1.0,0.0
省,0.0,9.0,0.0,1.0
顶部,0.0,3.0,0.0,1.0
军工,0.0,6.0,0.0,1.0
研究,12.0,15.0,0.4444444444444444,0.5555555555555556
配电,9.0,0.0,1.0,0.0
蓄电池,0.0,6.0,0.0,1.0
开拓创新,0.0,6.0,0.0,1.0
硕士,3.0,0.0,1.0,0.0
标准化,12.0,6.0,0.6666666666666666,0.3333333333333333
创近,0.0,3.0,0.0,1.0
所,12.0,3.0,0.8,0.2
成长,3.0,0.0,1.0,0.0
部署,0.0,9.0,0.0,1.0
各子,0.0,3.0,0.0,1.0
遗憾,0.0,3.0,0.0,1.0
微,3.0,15.0,0.16666666666666666,0.8333333333333334
优势,3.0,0.0,1.0,0.0
参加,3.0,9.0,0.25,0.75
上,3.0,9.0,0.25,0.75
传输,9.0,0.0,1.0,0.0
平手,0.0,3.0,0.0,1.0
相应,0.0,6.0,0.0,1.0
现场,0.0,3.0,0.0,1.0
由,0.0,3.0,0.0,1.0
曾,0.0,3.0,0.0,1.0
披露,0.0,15.0,0.0,1.0
规模,0.0,3.0,0.0,1.0
骨干,3.0,0.0,1.0,0.0
发行,0.0,9.0,0.0,1.0
cn,0.0,24.0,0.0,1.0
还是,0.0,6.0,0.0,1.0
执行,0.0,3.0,0.0,1.0
收盘价,0.0,3.0,0.0,1.0
示范,0.0,6.0,0.0,1.0
07,3.0,0.0,1.0,0.0
设计,3.0,6.0,0.3333333333333333,0.6666666666666666
军种,0.0,6.0,0.0,1.0
CpSnTAFwbMiapicZ6YAwQnC1B0kFa63l8wvkgM4AaG1F8D9x0WKmDXjeT78gQibibShkicOsLMDO8ywA,0.0,6.0,0.0,1.0
点击,0.0,3.0,0.0,1.0
均,3.0,6.0,0.3333333333333333,0.6666666666666666
力气,0.0,3.0,0.0,1.0
猛增,0.0,3.0,0.0,1.0
等,27.0,36.0,0.42857142857142855,0.5714285714285714
电台,0.0,3.0,0.0,1.0
绿景路,0.0,3.0,0.0,1.0
甩卖,0.0,6.0,0.0,1.0
占本,0.0,3.0,0.0,1.0
本,3.0,0.0,1.0,0.0
混合,0.0,3.0,0.0,1.0
中为,3.0,0.0,1.0,0.0
宗旨,3.0,0.0,1.0,0.0
成绩,0.0,3.0,0.0,1.0
首批,12.0,0.0,1.0,0.0
－,0.0,3.0,0.0,1.0
提供,3.0,0.0,1.0,0.0
能源,6.0,33.0,0.15384615384615385,0.8461538461538461
电,0.0,15.0,0.0,1.0
一路,0.0,3.0,0.0,1.0
涉网,0.0,12.0,0.0,1.0
昨天,0.0,9.0,0.0,1.0
能力,0.0,6.0,0.0,1.0
据富凯,0.0,3.0,0.0,1.0
预案,0.0,3.0,0.0,1.0
尚未,0.0,3.0,0.0,1.0
持续性,0.0,3.0,0.0,1.0
股票,0.0,3.0,0.0,1.0
桩,0.0,9.0,0.0,1.0
神华,0.0,3.0,0.0,1.0
突破,0.0,3.0,0.0,1.0
于,6.0,6.0,0.5,0.5
贡献奖,3.0,0.0,1.0,0.0
打成平手,0.0,3.0,0.0,1.0
浙江,0.0,3.0,0.0,1.0
制定,0.0,3.0,0.0,1.0
动车,3.0,0.0,1.0,0.0
能否,0.0,3.0,0.0,1.0
25,0.0,3.0,0.0,1.0
提出,3.0,9.0,0.25,0.75
以,3.0,18.0,0.14285714285714285,0.8571428571428571
每日,0.0,3.0,0.0,1.0
收购,0.0,3.0,0.0,1.0
唯一,3.0,3.0,0.5,0.5
考核,3.0,0.0,1.0,0.0
存在,0.0,6.0,0.0,1.0
接洽,0.0,9.0,0.0,1.0
云南,0.0,3.0,0.0,1.0
wx,0.0,27.0,0.0,1.0
中投,0.0,3.0,0.0,1.0
稳健,0.0,3.0,0.0,1.0
会后,0.0,3.0,0.0,1.0
EPTC,3.0,0.0,1.0,0.0
以前,0.0,3.0,0.0,1.0
购买,0.0,6.0,0.0,1.0
明确,0.0,6.0,0.0,1.0
机会,0.0,3.0,0.0,1.0
强调,0.0,3.0,0.0,1.0
广泛,3.0,0.0,1.0,0.0
屏幕,0.0,3.0,0.0,1.0
实现,0.0,15.0,0.0,1.0
题为,3.0,0.0,1.0,0.0
理念,3.0,0.0,1.0,0.0
新,9.0,3.0,0.75,0.25
神火,0.0,3.0,0.0,1.0
是,9.0,33.0,0.21428571428571427,0.7857142857142857
电力行业,3.0,3.0,0.5,0.5
集合竞价,0.0,3.0,0.0,1.0
华泰,0.0,3.0,0.0,1.0
俞铁铭,0.0,3.0,0.0,1.0
人拟,0.0,3.0,0.0,1.0
使用,3.0,0.0,1.0,0.0
六路,0.0,9.0,0.0,1.0
电动车,3.0,0.0,1.0,0.0
中国医学科学院,3.0,0.0,1.0,0.0
>,0.0,39.0,0.0,1.0
随波逐流,0.0,3.0,0.0,1.0
电设备,0.0,3.0,0.0,1.0
变化,0.0,3.0,0.0,1.0
美国,3.0,3.0,0.5,0.5
周宇昊,0.0,6.0,0.0,1.0
处于,0.0,3.0,0.0,1.0
组成,0.0,3.0,0.0,1.0
结合,6.0,0.0,1.0,0.0
X,0.0,6.0,0.0,1.0
亿,0.0,9.0,0.0,1.0
出口,0.0,3.0,0.0,1.0
时间,3.0,0.0,1.0,0.0
方面,6.0,12.0,0.3333333333333333,0.6666666666666666
三个,6.0,0.0,1.0,0.0
出现,0.0,3.0,0.0,1.0
驱动,3.0,0.0,1.0,0.0
精细,0.0,3.0,0.0,1.0
利剑,0.0,9.0,0.0,1.0
副总经理,0.0,3.0,0.0,1.0
32.58,0.0,3.0,0.0,1.0
日起,0.0,3.0,0.0,1.0
南网,0.0,3.0,0.0,1.0
相比,0.0,3.0,0.0,1.0
三甲,0.0,3.0,0.0,1.0
部门,3.0,0.0,1.0,0.0
265,0.0,3.0,0.0,1.0
20,3.0,6.0,0.3333333333333333,0.6666666666666666
不断完善,3.0,0.0,1.0,0.0
日前,0.0,3.0,0.0,1.0
比,0.0,3.0,0.0,1.0
科研院所,0.0,3.0,0.0,1.0
生产,0.0,9.0,0.0,1.0
一是,0.0,3.0,0.0,1.0
无偿,0.0,3.0,0.0,1.0
呼和浩特,0.0,3.0,0.0,1.0
期待,3.0,0.0,1.0,0.0
汇报,0.0,3.0,0.0,1.0
强检,3.0,0.0,1.0,0.0
受到,0.0,3.0,0.0,1.0
构建,3.0,0.0,1.0,0.0
08,3.0,3.0,0.5,0.5
微网,0.0,9.0,0.0,1.0
个,12.0,3.0,0.8,0.2
参观,0.0,6.0,0.0,1.0
变电站,0.0,6.0,0.0,1.0
离婚,0.0,3.0,0.0,1.0
参与,9.0,3.0,0.75,0.25
积极,6.0,3.0,0.6666666666666666,0.3333333333333333
中证网,0.0,6.0,0.0,1.0
王萍,0.0,6.0,0.0,1.0
山东省,0.0,3.0,0.0,1.0
集团,0.0,12.0,0.0,1.0
放飞,3.0,0.0,1.0,0.0
100,0.0,9.0,0.0,1.0
秘书长,0.0,3.0,0.0,1.0
评估,3.0,0.0,1.0,0.0
买点,0.0,3.0,0.0,1.0
4,0.0,9.0,0.0,1.0
纳路,0.0,3.0,0.0,1.0
电子,3.0,0.0,1.0,0.0
发现,0.0,3.0,0.0,1.0
知名,3.0,0.0,1.0,0.0
多彩,3.0,0.0,1.0,0.0
促运维,0.0,3.0,0.0,1.0
大赛,3.0,0.0,1.0,0.0
更是,0.0,3.0,0.0,1.0
财经,0.0,3.0,0.0,1.0
上午,0.0,3.0,0.0,1.0
广州,0.0,3.0,0.0,1.0
八九年,0.0,6.0,0.0,1.0
检验能力,0.0,12.0,0.0,1.0
KAUia9vsdMrl9MJw8jcl99mvQHsxibAw6vZTluuDBgoEEYsGJeDqEFGYUbhXM4gbY4RCmujWb9SMVHU4IdhT1cSQ,0.0,3.0,0.0,1.0
信通,12.0,0.0,1.0,0.0
以运维提,0.0,3.0,0.0,1.0
_,0.0,42.0,0.0,1.0
紧跟形势,0.0,3.0,0.0,1.0
一些,0.0,6.0,0.0,1.0
0.79,0.0,3.0,0.0,1.0
资源,3.0,0.0,1.0,0.0
之后,0.0,9.0,0.0,1.0
监督管理,3.0,0.0,1.0,0.0
电力系统,6.0,0.0,1.0,0.0
点,3.0,0.0,1.0,0.0
路及,0.0,3.0,0.0,1.0
吸引,3.0,0.0,1.0,0.0
充电,12.0,9.0,0.5714285714285714,0.42857142857142855
徘徊,0.0,3.0,0.0,1.0
第一个,3.0,0.0,1.0,0.0
250,0.0,6.0,0.0,1.0
引导,3.0,0.0,1.0,0.0
相对,0.0,3.0,0.0,1.0
学会,6.0,0.0,1.0,0.0
证券网,0.0,3.0,0.0,1.0
立项,15.0,0.0,1.0,0.0
开创,3.0,0.0,1.0,0.0
创新型,3.0,6.0,0.3333333333333333,0.6666666666666666
及微,0.0,3.0,0.0,1.0
一届,0.0,3.0,0.0,1.0
平台,0.0,9.0,0.0,1.0
软件,0.0,3.0,0.0,1.0
%,0.0,57.0,0.0,1.0
持普瑞,0.0,3.0,0.0,1.0
检测,0.0,18.0,0.0,1.0
国际,12.0,6.0,0.6666666666666666,0.3333333333333333
牵头,15.0,0.0,1.0,0.0
天然气,0.0,3.0,0.0,1.0
(,0.0,24.0,0.0,1.0
　,0.0,264.0,0.0,1.0
互补,0.0,12.0,0.0,1.0
（,6.0,51.0,0.10526315789473684,0.8947368421052632
只能,0.0,3.0,0.0,1.0
分公司,0.0,3.0,0.0,1.0
A股,0.0,3.0,0.0,1.0
更,0.0,6.0,0.0,1.0
如何,0.0,9.0,0.0,1.0
1,9.0,21.0,0.3,0.7
架构,3.0,0.0,1.0,0.0
全面完成,0.0,3.0,0.0,1.0
尾盘,0.0,3.0,0.0,1.0
传达,0.0,3.0,0.0,1.0
以及,3.0,3.0,0.5,0.5
控人,0.0,3.0,0.0,1.0
积极参与,3.0,0.0,1.0,0.0
材料,3.0,3.0,0.5,0.5
本次,0.0,3.0,0.0,1.0
任务,6.0,12.0,0.3333333333333333,0.6666666666666666
公司,6.0,87.0,0.06451612903225806,0.9354838709677419
实效,0.0,3.0,0.0,1.0
进,0.0,3.0,0.0,1.0
交直流,0.0,3.0,0.0,1.0
精选,3.0,0.0,1.0,0.0
策略,3.0,0.0,1.0,0.0
亿左右,0.0,3.0,0.0,1.0
BPA,0.0,3.0,0.0,1.0
验证,27.0,0.0,1.0,0.0
-,18.0,18.0,0.5,0.5
三年,0.0,6.0,0.0,1.0
度,0.0,3.0,0.0,1.0
看,0.0,3.0,0.0,1.0
机械,3.0,0.0,1.0,0.0
合作,9.0,3.0,0.75,0.25
深圳,0.0,3.0,0.0,1.0
提升,3.0,3.0,0.5,0.5
参展,0.0,3.0,0.0,1.0
各项,0.0,3.0,0.0,1.0
总体方案,0.0,3.0,0.0,1.0
探索,6.0,3.0,0.6666666666666666,0.3333333333333333
