周边,0.0,3.0,0.0,1.0
整合,0.0,15.0,0.0,1.0
燃气管,5.0,0.0,1.0,0.0
免费送,3.0,0.0,1.0,0.0
一跃,0.0,3.0,0.0,1.0
紫荆,9.0,0.0,1.0,0.0
余户,3.0,0.0,1.0,0.0
资本,0.0,3.0,0.0,1.0
至,0.0,6.0,0.0,1.0
增幅,0.0,9.0,0.0,1.0
干线,0.0,6.0,0.0,1.0
4.28,0.0,3.0,0.0,1.0
接受,6.0,0.0,1.0,0.0
388.49,0.0,6.0,0.0,1.0
黄金,0.0,6.0,0.0,1.0
此前,0.0,3.0,0.0,1.0
交通枢纽,0.0,3.0,0.0,1.0
殊荣,3.0,0.0,1.0,0.0
陈,0.0,3.0,0.0,1.0
完成,3.0,6.0,0.3333333333333333,0.6666666666666666
协议,0.0,9.0,0.0,1.0
发运,0.0,3.0,0.0,1.0
长三角,0.0,3.0,0.0,1.0
良性,0.0,3.0,0.0,1.0
网点,0.0,6.0,0.0,1.0
长江下游,0.0,3.0,0.0,1.0
484.33,0.0,6.0,0.0,1.0
多辆,6.0,0.0,1.0,0.0
安排,3.0,0.0,1.0,0.0
市,9.0,3.0,0.75,0.25
工程船,0.0,3.0,0.0,1.0
此次,0.0,9.0,0.0,1.0
到,0.0,6.0,0.0,1.0
股,0.0,9.0,0.0,1.0
:,0.0,9.0,0.0,1.0
601228,0.0,6.0,0.0,1.0
拥有,0.0,3.0,0.0,1.0
发挥,0.0,3.0,0.0,1.0
进出口,0.0,3.0,0.0,1.0
环卫工人,6.0,0.0,1.0,0.0
邻里,3.0,0.0,1.0,0.0
获得,6.0,0.0,1.0,0.0
码头,0.0,21.0,0.0,1.0
认可,3.0,0.0,1.0,0.0
入股,0.0,9.0,0.0,1.0
边,6.0,0.0,1.0,0.0
相关,6.0,0.0,1.0,0.0
12,6.0,0.0,1.0,0.0
届时,0.0,6.0,0.0,1.0
生产,2.0,0.0,1.0,0.0
一带,0.0,15.0,0.0,1.0
*,0.0,3.0,0.0,1.0
拟将,0.0,3.0,0.0,1.0
为此,3.0,0.0,1.0,0.0
还,0.0,6.0,0.0,1.0
20170705131646645526546,0.0,3.0,0.0,1.0
江苏省政府,0.0,3.0,0.0,1.0
加大,0.0,3.0,0.0,1.0
员工,8.0,0.0,1.0,0.0
五一劳动,2.0,0.0,1.0,0.0
国外,0.0,3.0,0.0,1.0
行业,0.0,3.0,0.0,1.0
青,0.0,3.0,0.0,1.0
结合部,0.0,1.0,0.0,1.0
一行,0.0,3.0,0.0,1.0
省政府,0.0,3.0,0.0,1.0
股东,0.0,3.0,0.0,1.0
中,0.0,15.0,0.0,1.0
002463,0.0,3.0,0.0,1.0
运转,2.0,0.0,1.0,0.0
影响,3.0,0.0,1.0,0.0
10,0.0,3.0,0.0,1.0
收到,0.0,3.0,0.0,1.0
沿江,0.0,18.0,0.0,1.0
65,0.0,3.0,0.0,1.0
高效,3.0,0.0,1.0,0.0
场地,3.0,0.0,1.0,0.0
股份,0.0,15.0,0.0,1.0
内容,0.0,3.0,0.0,1.0
自营,3.0,0.0,1.0,0.0
米,0.0,3.0,0.0,1.0
用户,5.0,0.0,1.0,0.0
江浙沪,0.0,3.0,0.0,1.0
建成,0.0,3.0,0.0,1.0
抄表,5.0,0.0,1.0,0.0
培育,0.0,12.0,0.0,1.0
《,0.0,15.0,0.0,1.0
LNG,3.0,0.0,1.0,0.0
合肥,0.0,3.0,0.0,1.0
南京长江大桥,0.0,3.0,0.0,1.0
江海,0.0,3.0,0.0,1.0
3000,0.0,3.0,0.0,1.0
又,3.0,0.0,1.0,0.0
获评,3.0,0.0,1.0,0.0
上门,2.0,0.0,1.0,0.0
非常,0.0,6.0,0.0,1.0
办理,3.0,0.0,1.0,0.0
一定,3.0,0.0,1.0,0.0
总,0.0,3.0,0.0,1.0
16.77,0.0,3.0,0.0,1.0
靠泊,0.0,3.0,0.0,1.0
<,0.0,9.0,0.0,1.0
快速,0.0,9.0,0.0,1.0
年,9.0,36.0,0.2,0.8
加气,14.0,0.0,1.0,0.0
开通,0.0,3.0,0.0,1.0
支线,0.0,3.0,0.0,1.0
人员伤亡,3.0,0.0,1.0,0.0
孙国辉,3.0,0.0,1.0,0.0
png,0.0,9.0,0.0,1.0
7,3.0,18.0,0.14285714285714285,0.8571428571428571
优势,0.0,13.0,0.0,1.0
燃料,0.0,3.0,0.0,1.0
国内,0.0,6.0,0.0,1.0
还有,3.0,0.0,1.0,0.0
】,0.0,9.0,0.0,1.0
业绩,0.0,6.0,0.0,1.0
创建,3.0,0.0,1.0,0.0
便民服务,3.0,0.0,1.0,0.0
危害,3.0,0.0,1.0,0.0
多年,3.0,0.0,1.0,0.0
京津冀,0.0,3.0,0.0,1.0
国有,0.0,3.0,0.0,1.0
探访,0.0,3.0,0.0,1.0
建港,0.0,6.0,0.0,1.0
内陆,0.0,6.0,0.0,1.0
发展,0.0,43.0,0.0,1.0
迅速,0.0,3.0,0.0,1.0
成立,0.0,48.0,0.0,1.0
从,0.0,3.0,0.0,1.0
=,0.0,9.0,0.0,1.0
水等,3.0,0.0,1.0,0.0
所在,3.0,0.0,1.0,0.0
+,0.0,18.0,0.0,1.0
com,0.0,3.0,0.0,1.0
板块,0.0,12.0,0.0,1.0
；,9.0,9.0,0.5,0.5
4000,3.0,0.0,1.0,0.0
卸载,0.0,3.0,0.0,1.0
巡视,3.0,0.0,1.0,0.0
南北,0.0,1.0,0.0,1.0
专业,3.0,3.0,0.5,0.5
仪式,0.0,3.0,0.0,1.0
消息,0.0,6.0,0.0,1.0
投资,0.0,6.0,0.0,1.0
走进,6.0,3.0,0.6666666666666666,0.3333333333333333
生态,0.0,3.0,0.0,1.0
都,18.0,3.0,0.8571428571428571,0.14285714285714285
记得,0.0,3.0,0.0,1.0
6600425,0.0,3.0,0.0,1.0
盐田港,0.0,3.0,0.0,1.0
油,0.0,3.0,0.0,1.0
近,0.0,3.0,0.0,1.0
002265,0.0,3.0,0.0,1.0
很多,3.0,0.0,1.0,0.0
船用,0.0,3.0,0.0,1.0
实施,0.0,6.0,0.0,1.0
紫鑫,0.0,6.0,0.0,1.0
去,6.0,0.0,1.0,0.0
欧洲,0.0,3.0,0.0,1.0
得以,2.0,0.0,1.0,0.0
650.00,0.0,6.0,0.0,1.0
同质化,0.0,6.0,0.0,1.0
格局,0.0,9.0,0.0,1.0
烈日,2.0,0.0,1.0,0.0
座,3.0,0.0,1.0,0.0
基本,0.0,3.0,0.0,1.0
其他,0.0,6.0,0.0,1.0
证券,0.0,6.0,0.0,1.0
贸易,0.0,3.0,0.0,1.0
超过,3.0,6.0,0.3333333333333333,0.6666666666666666
高压,3.0,0.0,1.0,0.0
烘烤,3.0,0.0,1.0,0.0
装载,0.0,3.0,0.0,1.0
交替,3.0,0.0,1.0,0.0
运输,0.0,6.0,0.0,1.0
命名,0.0,3.0,0.0,1.0
方式,0.0,9.0,0.0,1.0
推广应用,0.0,3.0,0.0,1.0
有限责任,0.0,3.0,0.0,1.0
二氧化碳,0.0,3.0,0.0,1.0
长江上游,0.0,3.0,0.0,1.0
组建,0.0,6.0,0.0,1.0
网,5.0,3.0,0.625,0.375
快讯,0.0,3.0,0.0,1.0
自,3.0,3.0,0.5,0.5
通常,3.0,0.0,1.0,0.0
制程,0.0,6.0,0.0,1.0
预计,0.0,3.0,0.0,1.0
通往,0.0,3.0,0.0,1.0
困难户,3.0,0.0,1.0,0.0
带,0.0,1.0,0.0,1.0
07,0.0,12.0,0.0,1.0
围墙,3.0,0.0,1.0,0.0
签约,0.0,6.0,0.0,1.0
事故,3.0,0.0,1.0,0.0
环保,3.0,3.0,0.5,0.5
第一家,0.0,3.0,0.0,1.0
协调,0.0,9.0,0.0,1.0
矿石,0.0,3.0,0.0,1.0
取用,3.0,0.0,1.0,0.0
充分发挥,0.0,3.0,0.0,1.0
),0.0,96.0,0.0,1.0
有利于,0.0,3.0,0.0,1.0
变频,0.0,3.0,0.0,1.0
商品,0.0,6.0,0.0,1.0
把,0.0,3.0,0.0,1.0
翟秋红,6.0,0.0,1.0,0.0
天里,6.0,0.0,1.0,0.0
成为,0.0,15.0,0.0,1.0
部分,6.0,0.0,1.0,0.0
已有,3.0,0.0,1.0,0.0
货轮,0.0,9.0,0.0,1.0
4.78,0.0,3.0,0.0,1.0
中国,0.0,15.0,0.0,1.0
企业,0.0,21.0,0.0,1.0
5.48,0.0,3.0,0.0,1.0
》,0.0,15.0,0.0,1.0
早已,3.0,0.0,1.0,0.0
目前,6.0,9.0,0.4,0.6
135,2.0,0.0,1.0,0.0
2014,0.0,6.0,0.0,1.0
本报讯,0.0,3.0,0.0,1.0
骆民,0.0,3.0,0.0,1.0
电工,0.0,3.0,0.0,1.0
西南,0.0,3.0,0.0,1.0
2017,0.0,18.0,0.0,1.0
工地,3.0,0.0,1.0,0.0
晚上,3.0,0.0,1.0,0.0
战略,0.0,4.0,0.0,1.0
节点,0.0,3.0,0.0,1.0
会,3.0,0.0,1.0,0.0
220.00,0.0,6.0,0.0,1.0
宣传,3.0,0.0,1.0,0.0
设有,6.0,0.0,1.0,0.0
激烈,0.0,6.0,0.0,1.0
以后,3.0,0.0,1.0,0.0
青松,0.0,3.0,0.0,1.0
两大,0.0,9.0,0.0,1.0
20170705131627732744474,0.0,3.0,0.0,1.0
金融界,0.0,3.0,0.0,1.0
纳入,0.0,12.0,0.0,1.0
地方,0.0,3.0,0.0,1.0
工人,27.0,0.0,1.0,0.0
港航,0.0,12.0,0.0,1.0
股权,0.0,12.0,0.0,1.0
36,0.0,3.0,0.0,1.0
容量,0.0,3.0,0.0,1.0
高温,23.0,0.0,1.0,0.0
近洋,0.0,6.0,0.0,1.0
铁路,0.0,6.0,0.0,1.0
名副其实,0.0,3.0,0.0,1.0
5,9.0,33.0,0.21428571428571427,0.7857142857142857
做,8.0,0.0,1.0,0.0
高度,0.0,3.0,0.0,1.0
中心,24.0,15.0,0.6153846153846154,0.38461538461538464
特大型,0.0,12.0,0.0,1.0
每经,0.0,6.0,0.0,1.0
351.81,0.0,6.0,0.0,1.0
开始,3.0,3.0,0.5,0.5
05,0.0,9.0,0.0,1.0
对,0.0,6.0,0.0,1.0
重新,0.0,3.0,0.0,1.0
DHC,0.0,3.0,0.0,1.0
早盘,0.0,9.0,0.0,1.0
细,0.0,3.0,0.0,1.0
同时,0.0,3.0,0.0,1.0
举行,0.0,6.0,0.0,1.0
客服,15.0,0.0,1.0,0.0
远,0.0,3.0,0.0,1.0
江苏省,8.0,42.0,0.16,0.84
安装,3.0,0.0,1.0,0.0
18,0.0,6.0,0.0,1.0
ST,0.0,3.0,0.0,1.0
月,3.0,54.0,0.05263157894736842,0.9473684210526315
列,0.0,3.0,0.0,1.0
室外,3.0,0.0,1.0,0.0
大连港,0.0,6.0,0.0,1.0
特变,0.0,3.0,0.0,1.0
路程,3.0,0.0,1.0,0.0
均,0.0,12.0,0.0,1.0
位于,6.0,0.0,1.0,0.0
能够,0.0,6.0,0.0,1.0
加上,0.0,3.0,0.0,1.0
专家,0.0,3.0,0.0,1.0
http,0.0,9.0,0.0,1.0
领导,3.0,0.0,1.0,0.0
自选,0.0,18.0,0.0,1.0
暨,0.0,3.0,0.0,1.0
诊股,0.0,33.0,0.0,1.0
区域性,0.0,3.0,0.0,1.0
直线,0.0,12.0,0.0,1.0
自选股,0.0,3.0,0.0,1.0
亲切,3.0,0.0,1.0,0.0
—,0.0,21.0,0.0,1.0
套,0.0,3.0,0.0,1.0
润滑油,0.0,9.0,0.0,1.0
新亚,0.0,6.0,0.0,1.0
泰州,0.0,15.0,0.0,1.0
物流,0.0,24.0,0.0,1.0
灶具,24.0,0.0,1.0,0.0
集装箱运输,0.0,6.0,0.0,1.0
常州港,0.0,9.0,0.0,1.0
4,3.0,6.0,0.3333333333333333,0.6666666666666666
差别化,0.0,3.0,0.0,1.0
工程,0.0,3.0,0.0,1.0
成功,3.0,0.0,1.0,0.0
8.73,0.0,6.0,0.0,1.0
当地,0.0,3.0,0.0,1.0
控股,0.0,9.0,0.0,1.0
通过,0.0,12.0,0.0,1.0
更好,0.0,6.0,0.0,1.0
国家级,0.0,3.0,0.0,1.0
颗粒物,0.0,3.0,0.0,1.0
进入,3.0,12.0,0.2,0.8
报修,9.0,0.0,1.0,0.0
先锋号,15.0,0.0,1.0,0.0
转发,0.0,3.0,0.0,1.0
热河,3.0,0.0,1.0,0.0
负责人,3.0,0.0,1.0,0.0
检修,3.0,0.0,1.0,0.0
东井二村,3.0,0.0,1.0,0.0
后能,0.0,3.0,0.0,1.0
第一批,0.0,3.0,0.0,1.0
职业,3.0,0.0,1.0,0.0
强势,0.0,3.0,0.0,1.0
2016,0.0,3.0,0.0,1.0
赢得,3.0,0.0,1.0,0.0
海轮,0.0,3.0,0.0,1.0
发,0.0,6.0,0.0,1.0
重大,3.0,3.0,0.5,0.5
建设,0.0,3.0,0.0,1.0
签署,0.0,3.0,0.0,1.0
管,6.0,0.0,1.0,0.0
金,0.0,6.0,0.0,1.0
以来,3.0,9.0,0.25,0.75
后,0.0,15.0,0.0,1.0
功能,0.0,3.0,0.0,1.0
山河,0.0,6.0,0.0,1.0
航道,0.0,3.0,0.0,1.0
内,6.0,0.0,1.0,0.0
力量,0.0,3.0,0.0,1.0
泊位,0.0,3.0,0.0,1.0
之,0.0,3.0,0.0,1.0
城市,3.0,3.0,0.5,0.5
安全检查,2.0,0.0,1.0,0.0
今年,8.0,9.0,0.47058823529411764,0.5294117647058824
【,0.0,9.0,0.0,1.0
主题,0.0,3.0,0.0,1.0
另外,0.0,3.0,0.0,1.0
出租车,5.0,0.0,1.0,0.0
班列,0.0,6.0,0.0,1.0
涨跌幅,0.0,3.0,0.0,1.0
保障,2.0,0.0,1.0,0.0
有望,0.0,6.0,0.0,1.0
时,3.0,0.0,1.0,0.0
化学,0.0,6.0,0.0,1.0
一部分,6.0,0.0,1.0,0.0
22,0.0,15.0,0.0,1.0
股价,0.0,6.0,0.0,1.0
作为,0.0,12.0,0.0,1.0
管理,0.0,6.0,0.0,1.0
山推股份,0.0,3.0,0.0,1.0
受,0.0,3.0,0.0,1.0
港务,0.0,6.0,0.0,1.0
安检,3.0,0.0,1.0,0.0
截至,3.0,6.0,0.3333333333333333,0.6666666666666666
对接,0.0,21.0,0.0,1.0
微波炉,3.0,0.0,1.0,0.0
航线,0.0,9.0,0.0,1.0
天对,3.0,0.0,1.0,0.0
84062,0.0,3.0,0.0,1.0
设区,0.0,3.0,0.0,1.0
家住,3.0,0.0,1.0,0.0
港口,0.0,183.0,0.0,1.0
告诉,0.0,3.0,0.0,1.0
煤炭,0.0,3.0,0.0,1.0
公告,0.0,9.0,0.0,1.0
共,0.0,6.0,0.0,1.0
2011,3.0,0.0,1.0,0.0
使,0.0,3.0,0.0,1.0
纪,0.0,6.0,0.0,1.0
认真,3.0,0.0,1.0,0.0
节约,0.0,6.0,0.0,1.0
加入,0.0,21.0,0.0,1.0
站,15.0,0.0,1.0,0.0
作,0.0,6.0,0.0,1.0
主城区,0.0,3.0,0.0,1.0
开展,6.0,0.0,1.0,0.0
大港,0.0,3.0,0.0,1.0
强劲,0.0,3.0,0.0,1.0
便利,0.0,3.0,0.0,1.0
图据,0.0,3.0,0.0,1.0
支点,0.0,6.0,0.0,1.0
社会,3.0,0.0,1.0,0.0
核心,3.0,0.0,1.0,0.0
爆发式,0.0,3.0,0.0,1.0
水运,0.0,9.0,0.0,1.0
中央,9.0,0.0,1.0,0.0
根据,0.0,6.0,0.0,1.0
区域,0.0,27.0,0.0,1.0
年限,6.0,0.0,1.0,0.0
村,3.0,0.0,1.0,0.0
上中下游,0.0,3.0,0.0,1.0
奖状,2.0,0.0,1.0,0.0
万一,3.0,0.0,1.0,0.0
低保,21.0,0.0,1.0,0.0
服务,6.0,9.0,0.4,0.6
了解,3.0,6.0,0.3333333333333333,0.6666666666666666
分两,3.0,0.0,1.0,0.0
万标箱,0.0,3.0,0.0,1.0
发稿,0.0,9.0,0.0,1.0
坚持,2.0,0.0,1.0,0.0
漏气,6.0,0.0,1.0,0.0
html,0.0,9.0,0.0,1.0
一些,3.0,0.0,1.0,0.0
中工,0.0,3.0,0.0,1.0
一度,0.0,3.0,0.0,1.0
长江流域,0.0,3.0,0.0,1.0
两广,0.0,3.0,0.0,1.0
筹备组,0.0,3.0,0.0,1.0
长江,0.0,35.0,0.0,1.0
76,0.0,3.0,0.0,1.0
8.90,0.0,3.0,0.0,1.0
设施,3.0,3.0,0.5,0.5
一体化,0.0,6.0,0.0,1.0
过,3.0,0.0,1.0,0.0
打造,0.0,6.0,0.0,1.0
龙潭,0.0,12.0,0.0,1.0
分不开,3.0,0.0,1.0,0.0
走强,0.0,6.0,0.0,1.0
南京市,3.0,3.0,0.5,0.5
倡导,3.0,0.0,1.0,0.0
4000877,0.0,3.0,0.0,1.0
分销,0.0,3.0,0.0,1.0
近距离,0.0,3.0,0.0,1.0
危及,3.0,0.0,1.0,0.0
工,3.0,0.0,1.0,0.0
）,0.0,72.0,0.0,1.0
2220,0.0,3.0,0.0,1.0
台湾,0.0,3.0,0.0,1.0
沿海,0.0,10.0,0.0,1.0
铁矿石,0.0,3.0,0.0,1.0
推动,0.0,3.0,0.0,1.0
正在,0.0,3.0,0.0,1.0
节能,0.0,3.0,0.0,1.0
渠道,0.0,3.0,0.0,1.0
投入,0.0,3.0,0.0,1.0
8,9.0,9.0,0.5,0.5
files,0.0,9.0,0.0,1.0
台州,0.0,9.0,0.0,1.0
比较,0.0,6.0,0.0,1.0
烧饭,3.0,0.0,1.0,0.0
104.8,0.0,3.0,0.0,1.0
海港,0.0,6.0,0.0,1.0
智能,0.0,6.0,0.0,1.0
突破,0.0,6.0,0.0,1.0
共舞,0.0,9.0,0.0,1.0
城建,3.0,0.0,1.0,0.0
武汉,0.0,6.0,0.0,1.0
总工会,9.0,0.0,1.0,0.0
员们,3.0,0.0,1.0,0.0
平均,3.0,0.0,1.0,0.0
身体,3.0,0.0,1.0,0.0
居民,6.0,0.0,1.0,0.0
协会,0.0,3.0,0.0,1.0
建立,0.0,12.0,0.0,1.0
正,0.0,3.0,0.0,1.0
点半,3.0,0.0,1.0,0.0
规划,0.0,15.0,0.0,1.0
大部分,3.0,0.0,1.0,0.0
不懈,3.0,0.0,1.0,0.0
连海,0.0,3.0,0.0,1.0
自家,3.0,0.0,1.0,0.0
内贸,0.0,3.0,0.0,1.0
事实上,3.0,0.0,1.0,0.0
规定,3.0,0.0,1.0,0.0
抢修,14.0,0.0,1.0,0.0
避免,3.0,3.0,0.5,0.5
市场,0.0,6.0,0.0,1.0
通航,0.0,3.0,0.0,1.0
韩,0.0,3.0,0.0,1.0
每天,12.0,0.0,1.0,0.0
量,0.0,3.0,0.0,1.0
无疑,0.0,3.0,0.0,1.0
意见,0.0,3.0,0.0,1.0
导致,0.0,3.0,0.0,1.0
迎来,0.0,3.0,0.0,1.0
并,15.0,3.0,0.8333333333333334,0.16666666666666666
江阴,0.0,18.0,0.0,1.0
万家,6.0,0.0,1.0,0.0
公布,0.0,3.0,0.0,1.0
环境,3.0,0.0,1.0,0.0
繁忙,0.0,3.0,0.0,1.0
双双,0.0,3.0,0.0,1.0
一个,3.0,0.0,1.0,0.0
场桥,0.0,3.0,0.0,1.0
0.49,0.0,3.0,0.0,1.0
马鞍山,0.0,3.0,0.0,1.0
全国,12.0,0.0,1.0,0.0
19,0.0,6.0,0.0,1.0
说,0.0,3.0,0.0,1.0
港通,0.0,6.0,0.0,1.0
晚间,0.0,3.0,0.0,1.0
露天,3.0,0.0,1.0,0.0
安全隐患,6.0,0.0,1.0,0.0
赠送,6.0,0.0,1.0,0.0
印发,0.0,3.0,0.0,1.0
天山,0.0,3.0,0.0,1.0
来到,3.0,0.0,1.0,0.0
名称,0.0,3.0,0.0,1.0
淮安,0.0,3.0,0.0,1.0
业务,3.0,0.0,1.0,0.0
呈现,0.0,3.0,0.0,1.0
现在,0.0,3.0,0.0,1.0
这个,0.0,3.0,0.0,1.0
趋势,0.0,3.0,0.0,1.0
还会,0.0,3.0,0.0,1.0
在线,0.0,3.0,0.0,1.0
坤,0.0,3.0,0.0,1.0
若干个,0.0,3.0,0.0,1.0
活动,3.0,9.0,0.25,0.75
小区,3.0,0.0,1.0,0.0
查道,0.0,3.0,0.0,1.0
改革,0.0,6.0,0.0,1.0
7.55,0.0,3.0,0.0,1.0
水铁,0.0,3.0,0.0,1.0
非常感谢,3.0,0.0,1.0,0.0
东南亚,0.0,3.0,0.0,1.0
国家,3.0,12.0,0.2,0.8
1800,0.0,3.0,0.0,1.0
其中,3.0,9.0,0.25,0.75
日本,0.0,3.0,0.0,1.0
得到,0.0,3.0,0.0,1.0
workercn,0.0,9.0,0.0,1.0
通道,0.0,3.0,0.0,1.0
上述,0.0,3.0,0.0,1.0
分,0.0,9.0,0.0,1.0
太阳能,0.0,3.0,0.0,1.0
吨,0.0,33.0,0.0,1.0
中亚,0.0,12.0,0.0,1.0
地下,6.0,0.0,1.0,0.0
二氧化硫,0.0,6.0,0.0,1.0
形成,0.0,18.0,0.0,1.0
已久,0.0,6.0,0.0,1.0
免费,12.0,0.0,1.0,0.0
最远,0.0,3.0,0.0,1.0
甚至,3.0,0.0,1.0,0.0
港,0.0,156.0,0.0,1.0
公司,3.0,18.0,0.14285714285714285,0.8571428571428571
类型,0.0,3.0,0.0,1.0
或者,0.0,3.0,0.0,1.0
网站,0.0,3.0,0.0,1.0
努力,3.0,3.0,0.5,0.5
运行状况,3.0,0.0,1.0,0.0
表现,3.0,0.0,1.0,0.0
每人每天,3.0,0.0,1.0,0.0
们,2.0,0.0,1.0,0.0
贵州,0.0,3.0,0.0,1.0
www,0.0,3.0,0.0,1.0
校园,3.0,0.0,1.0,0.0
真正,0.0,3.0,0.0,1.0
丝绸之路,0.0,3.0,0.0,1.0
公里,9.0,3.0,0.75,0.25
七家,0.0,3.0,0.0,1.0
苏州,0.0,18.0,0.0,1.0
力度,0.0,3.0,0.0,1.0
布局,0.0,18.0,0.0,1.0
随时,3.0,0.0,1.0,0.0
老伴,3.0,0.0,1.0,0.0
/,0.0,63.0,0.0,1.0
阶段,0.0,3.0,0.0,1.0
群,0.0,6.0,0.0,1.0
减排,0.0,3.0,0.0,1.0
港华,3.0,0.0,1.0,0.0
打通,0.0,3.0,0.0,1.0
门站,3.0,0.0,1.0,0.0
吞吐量,0.0,9.0,0.0,1.0
员要,3.0,0.0,1.0,0.0
由,3.0,3.0,0.5,0.5
万吨级,0.0,9.0,0.0,1.0
已,3.0,3.0,0.5,0.5
厦门,0.0,6.0,0.0,1.0
城区,0.0,3.0,0.0,1.0
抱团,0.0,3.0,0.0,1.0
师傅,6.0,0.0,1.0,0.0
故障,6.0,0.0,1.0,0.0
发生,3.0,0.0,1.0,0.0
实现,0.0,9.0,0.0,1.0
发生意外,3.0,0.0,1.0,0.0
熟悉,0.0,3.0,0.0,1.0
3,0.0,6.0,0.0,1.0
共同,0.0,3.0,0.0,1.0
3.5,0.0,3.0,0.0,1.0
IMAGE,0.0,9.0,0.0,1.0
纽带,0.0,3.0,0.0,1.0
维护,3.0,0.0,1.0,0.0
沿线,0.0,6.0,0.0,1.0
班,0.0,3.0,0.0,1.0
增长,0.0,3.0,0.0,1.0
四川,0.0,6.0,0.0,1.0
货物,0.0,9.0,0.0,1.0
37,0.0,3.0,0.0,1.0
序号,0.0,3.0,0.0,1.0
杨联宏,0.0,9.0,0.0,1.0
履行,3.0,0.0,1.0,0.0
正巧,3.0,0.0,1.0,0.0
称,0.0,9.0,0.0,1.0
概念,0.0,3.0,0.0,1.0
3002040,0.0,3.0,0.0,1.0
经济,0.0,10.0,0.0,1.0
继,3.0,0.0,1.0,0.0
深水,0.0,6.0,0.0,1.0
各自,0.0,3.0,0.0,1.0
：,0.0,12.0,0.0,1.0
路,9.0,3.0,0.75,0.25
客户服务,9.0,0.0,1.0,0.0
药业,0.0,6.0,0.0,1.0
调速,0.0,3.0,0.0,1.0
逐步,0.0,3.0,0.0,1.0
经受,3.0,0.0,1.0,0.0
国际,0.0,12.0,0.0,1.0
集中,3.0,0.0,1.0,0.0
大涨,0.0,6.0,0.0,1.0
粮食,0.0,3.0,0.0,1.0
介绍,0.0,6.0,0.0,1.0
辐射,0.0,3.0,0.0,1.0
一艘,0.0,6.0,0.0,1.0
巡检,9.0,0.0,1.0,0.0
午后,0.0,3.0,0.0,1.0
其,3.0,0.0,1.0,0.0
讯,0.0,9.0,0.0,1.0
当天,3.0,0.0,1.0,0.0
西仪,0.0,6.0,0.0,1.0
网络,0.0,6.0,0.0,1.0
低保户,3.0,0.0,1.0,0.0
42,3.0,0.0,1.0,0.0
家中,3.0,0.0,1.0,0.0
具有,0.0,7.0,0.0,1.0
运量,0.0,3.0,0.0,1.0
1000,3.0,0.0,1.0,0.0
cn,0.0,9.0,0.0,1.0
发布公告,0.0,3.0,0.0,1.0
南京港,71.0,226.0,0.23905723905723905,0.7609427609427609
截止,0.0,3.0,0.0,1.0
入户,8.0,0.0,1.0,0.0
带动,0.0,3.0,0.0,1.0
协同,0.0,3.0,0.0,1.0
面上,0.0,3.0,0.0,1.0
便,3.0,0.0,1.0,0.0
港区,0.0,12.0,0.0,1.0
省份,0.0,3.0,0.0,1.0
风能,0.0,3.0,0.0,1.0
之间,0.0,6.0,0.0,1.0
日,0.0,51.0,0.0,1.0
关于,0.0,6.0,0.0,1.0
云南,0.0,3.0,0.0,1.0
折价,0.0,9.0,0.0,1.0
抄表员,3.0,0.0,1.0,0.0
2009,0.0,3.0,0.0,1.0
262.51,0.0,6.0,0.0,1.0
2600089,0.0,3.0,0.0,1.0
一大批,0.0,3.0,0.0,1.0
气量,3.0,0.0,1.0,0.0
无缝,0.0,9.0,0.0,1.0
长江中下游地区,0.0,3.0,0.0,1.0
延伸,0.0,3.0,0.0,1.0
捐赠,3.0,0.0,1.0,0.0
授予,3.0,0.0,1.0,0.0
开盘,0.0,3.0,0.0,1.0
先进,0.0,3.0,0.0,1.0
存在,3.0,0.0,1.0,0.0
年均,0.0,3.0,0.0,1.0
承启,0.0,1.0,0.0,1.0
深入,0.0,6.0,0.0,1.0
绿色,0.0,6.0,0.0,1.0
0.71,0.0,3.0,0.0,1.0
06,0.0,3.0,0.0,1.0
全,3.0,0.0,1.0,0.0
涉及,0.0,3.0,0.0,1.0
倍,0.0,3.0,0.0,1.0
凭借,3.0,0.0,1.0,0.0
编辑,0.0,3.0,0.0,1.0
最,0.0,12.0,0.0,1.0
大力,0.0,3.0,0.0,1.0
中欧,0.0,3.0,0.0,1.0
华人,3.0,0.0,1.0,0.0
进行,6.0,9.0,0.4,0.6
包括,0.0,3.0,0.0,1.0
检测,6.0,0.0,1.0,0.0
612,3.0,0.0,1.0,0.0
据,3.0,6.0,0.3333333333333333,0.6666666666666666
省,0.0,15.0,0.0,1.0
人性化,3.0,0.0,1.0,0.0
这是,6.0,3.0,0.6666666666666666,0.3333333333333333
沿海港口,0.0,12.0,0.0,1.0
总发,0.0,3.0,0.0,1.0
需要,6.0,0.0,1.0,0.0
心系,6.0,0.0,1.0,0.0
研究,0.0,3.0,0.0,1.0
拉升,0.0,18.0,0.0,1.0
沪,0.0,6.0,0.0,1.0
省内,0.0,6.0,0.0,1.0
建,0.0,3.0,0.0,1.0
船舶,0.0,6.0,0.0,1.0
有无,3.0,0.0,1.0,0.0
…,4.0,0.0,1.0,0.0
所,3.0,0.0,1.0,0.0
开辟,0.0,6.0,0.0,1.0
炙烤,3.0,0.0,1.0,0.0
三大,0.0,3.0,0.0,1.0
往,0.0,6.0,0.0,1.0
迈皋,3.0,0.0,1.0,0.0
宜宾,0.0,33.0,0.0,1.0
生活,2.0,0.0,1.0,0.0
停靠,0.0,3.0,0.0,1.0
等国,0.0,3.0,0.0,1.0
零,0.0,3.0,0.0,1.0
002040,0.0,18.0,0.0,1.0
具备,0.0,3.0,0.0,1.0
各大,0.0,3.0,0.0,1.0
表示,6.0,0.0,1.0,0.0
上,3.0,6.0,0.3333333333333333,0.6666666666666666
这样一来,3.0,0.0,1.0,0.0
爱心,3.0,0.0,1.0,0.0
严重,3.0,0.0,1.0,0.0
中期,0.0,6.0,0.0,1.0
大多,3.0,0.0,1.0,0.0
现场,3.0,3.0,0.5,0.5
连云港,0.0,54.0,0.0,1.0
造成,6.0,0.0,1.0,0.0
车辆,3.0,0.0,1.0,0.0
12.5,0.0,3.0,0.0,1.0
减少,3.0,6.0,0.3333333333333333,0.6666666666666666
据统计,3.0,0.0,1.0,0.0
定位,0.0,6.0,0.0,1.0
要求,0.0,3.0,0.0,1.0
保供,3.0,0.0,1.0,0.0
000088,0.0,3.0,0.0,1.0
优质,9.0,0.0,1.0,0.0
集装箱,0.0,18.0,0.0,1.0
江苏,0.0,33.0,0.0,1.0
000582,0.0,6.0,0.0,1.0
之前,0.0,3.0,0.0,1.0
10.60,0.0,3.0,0.0,1.0
限制,0.0,3.0,0.0,1.0
盐城,0.0,15.0,0.0,1.0
要,15.0,0.0,1.0,0.0
居前,0.0,3.0,0.0,1.0
下来,3.0,0.0,1.0,0.0
6.210,0.0,3.0,0.0,1.0
等,0.0,39.0,0.0,1.0
仪表,3.0,0.0,1.0,0.0
002118,0.0,3.0,0.0,1.0
通知,0.0,6.0,0.0,1.0
A,3.0,0.0,1.0,0.0
代码,0.0,3.0,0.0,1.0
2030,0.0,6.0,0.0,1.0
多项,3.0,0.0,1.0,0.0
天然气,2.0,0.0,1.0,0.0
-,0.0,159.0,0.0,1.0
广州港,0.0,6.0,0.0,1.0
影响力,0.0,3.0,0.0,1.0
北部湾,0.0,6.0,0.0,1.0
桥,3.0,3.0,0.5,0.5
下,5.0,0.0,1.0,0.0
上海港,0.0,3.0,0.0,1.0
上市公司,0.0,9.0,0.0,1.0
慰问,3.0,0.0,1.0,0.0
发起,0.0,3.0,0.0,1.0
300,0.0,6.0,0.0,1.0
提供,3.0,3.0,0.5,0.5
华东地区,0.0,3.0,0.0,1.0
情况,3.0,3.0,0.5,0.5
多起,3.0,0.0,1.0,0.0
电,0.0,6.0,0.0,1.0
并入,0.0,6.0,0.0,1.0
便是,3.0,0.0,1.0,0.0
5600500,0.0,3.0,0.0,1.0
一路,0.0,15.0,0.0,1.0
以下,0.0,6.0,0.0,1.0
其间,3.0,0.0,1.0,0.0
区位,0.0,1.0,0.0,1.0
岸电,0.0,3.0,0.0,1.0
四星级,0.0,6.0,0.0,1.0
社会各界,3.0,0.0,1.0,0.0
002092,0.0,3.0,0.0,1.0
无锡,0.0,15.0,0.0,1.0
通江,0.0,3.0,0.0,1.0
集疏运,0.0,3.0,0.0,1.0
挂牌,0.0,15.0,0.0,1.0
各地,0.0,3.0,0.0,1.0
条件,0.0,3.0,0.0,1.0
列为,0.0,3.0,0.0,1.0
纷纷,0.0,3.0,0.0,1.0
罗德明,0.0,3.0,0.0,1.0
文明,3.0,0.0,1.0,0.0
联运,0.0,9.0,0.0,1.0
泰,0.0,6.0,0.0,1.0
汽车,0.0,6.0,0.0,1.0
设备,3.0,0.0,1.0,0.0
于,0.0,9.0,0.0,1.0
产品,3.0,3.0,0.5,0.5
节约能源,0.0,3.0,0.0,1.0
责任,3.0,0.0,1.0,0.0
浙江,0.0,3.0,0.0,1.0
地处,0.0,1.0,0.0,1.0
重要,0.0,19.0,0.0,1.0
零距离,0.0,3.0,0.0,1.0
坚守,5.0,0.0,1.0,0.0
国内外,0.0,3.0,0.0,1.0
证券时报,0.0,3.0,0.0,1.0
提出,0.0,3.0,0.0,1.0
才,2.0,0.0,1.0,0.0
以,6.0,30.0,0.16666666666666666,0.8333333333333334
为了,5.0,0.0,1.0,0.0
储配,3.0,0.0,1.0,0.0
物资,0.0,3.0,0.0,1.0
安全,15.0,0.0,1.0,0.0
困难,15.0,0.0,1.0,0.0
深度,0.0,3.0,0.0,1.0
行情,0.0,33.0,0.0,1.0
授牌,6.0,0.0,1.0,0.0
理念,0.0,3.0,0.0,1.0
工作,3.0,0.0,1.0,0.0
.,0.0,36.0,0.0,1.0
航运,0.0,21.0,0.0,1.0
载重,0.0,9.0,0.0,1.0
让,3.0,0.0,1.0,0.0
荣誉称号,3.0,0.0,1.0,0.0
办事处,0.0,3.0,0.0,1.0
外贸,0.0,3.0,0.0,1.0
净空,0.0,3.0,0.0,1.0
以前,3.0,3.0,0.5,0.5
泸州,0.0,3.0,0.0,1.0
一线,2.0,0.0,1.0,0.0
这些,6.0,0.0,1.0,0.0
良好,0.0,3.0,0.0,1.0
关爱,6.0,0.0,1.0,0.0
市民,3.0,0.0,1.0,0.0
广泛,0.0,3.0,0.0,1.0
亿吨,0.0,9.0,0.0,1.0
紧扣,0.0,3.0,0.0,1.0
流域,0.0,6.0,0.0,1.0
美容师,3.0,0.0,1.0,0.0
送,3.0,0.0,1.0,0.0
改电,0.0,3.0,0.0,1.0
自行,3.0,0.0,1.0,0.0
异动,0.0,3.0,0.0,1.0
新闻,0.0,3.0,0.0,1.0
计划,0.0,3.0,0.0,1.0
新,3.0,9.0,0.25,0.75
是,24.0,31.0,0.43636363636363634,0.5636363636363636
全年,0.0,3.0,0.0,1.0
驿站,3.0,0.0,1.0,0.0
1250.00,0.0,6.0,0.0,1.0
安国,0.0,6.0,0.0,1.0
排放,0.0,6.0,0.0,1.0
竞争,0.0,12.0,0.0,1.0
拟,0.0,9.0,0.0,1.0
最新,0.0,3.0,0.0,1.0
沿岸,0.0,3.0,0.0,1.0
经营,0.0,3.0,0.0,1.0
使用,11.0,0.0,1.0,0.0
步行,6.0,0.0,1.0,0.0
明确指出,0.0,3.0,0.0,1.0
台湾海峡,0.0,3.0,0.0,1.0
520,3.0,0.0,1.0,0.0
>,0.0,9.0,0.0,1.0
stcn,0.0,3.0,0.0,1.0
电设备,0.0,3.0,0.0,1.0
车,0.0,3.0,0.0,1.0
2015,0.0,6.0,0.0,1.0
贡献,0.0,3.0,0.0,1.0
25,0.0,3.0,0.0,1.0
燕路,3.0,0.0,1.0,0.0
技术,0.0,9.0,0.0,1.0
今后,0.0,3.0,0.0,1.0
掌握,3.0,0.0,1.0,0.0
港为,0.0,18.0,0.0,1.0
 ,30.0,84.0,0.2631578947368421,0.7368421052631579
感受,0.0,3.0,0.0,1.0
时间,3.0,0.0,1.0,0.0
200,0.0,6.0,0.0,1.0
方面,0.0,12.0,0.0,1.0
为,26.0,15.0,0.6341463414634146,0.36585365853658536
涨幅,0.0,6.0,0.0,1.0
荣誉,3.0,0.0,1.0,0.0
出现,3.0,0.0,1.0,0.0
中下游,0.0,1.0,0.0,1.0
601008,0.0,12.0,0.0,1.0
向,3.0,0.0,1.0,0.0
以上,0.0,9.0,0.0,1.0
55,0.0,9.0,0.0,1.0
正式,0.0,6.0,0.0,1.0
20.18,0.0,3.0,0.0,1.0
做菜,3.0,0.0,1.0,0.0
大豆,0.0,3.0,0.0,1.0
最多,0.0,3.0,0.0,1.0
逾,0.0,3.0,0.0,1.0
副总经理,0.0,3.0,0.0,1.0
SRC,0.0,9.0,0.0,1.0
南通,0.0,21.0,0.0,1.0
巡查,6.0,0.0,1.0,0.0
地,0.0,6.0,0.0,1.0
轻者,3.0,0.0,1.0,0.0
用,3.0,0.0,1.0,0.0
主要,0.0,12.0,0.0,1.0
领涨,0.0,6.0,0.0,1.0
分析,0.0,3.0,0.0,1.0
涨停,0.0,15.0,0.0,1.0
华,71.0,0.0,1.0,0.0
与此同时,0.0,3.0,0.0,1.0
一,3.0,3.0,0.5,0.5
起,3.0,0.0,1.0,0.0
20,3.0,9.0,0.25,0.75
日前,6.0,3.0,0.6666666666666666,0.3333333333333333
比,0.0,3.0,0.0,1.0
岁,3.0,0.0,1.0,0.0
润滑,0.0,3.0,0.0,1.0
达到,0.0,12.0,0.0,1.0
省市,0.0,3.0,0.0,1.0
有限公司,5.0,39.0,0.11363636363636363,0.8863636363636364
进口,0.0,3.0,0.0,1.0
较为,0.0,3.0,0.0,1.0
　,0.0,78.0,0.0,1.0
0.09,0.0,3.0,0.0,1.0
重庆,0.0,9.0,0.0,1.0
1.56,0.0,3.0,0.0,1.0
构建,0.0,3.0,0.0,1.0
全部,0.0,3.0,0.0,1.0
该,3.0,0.0,1.0,0.0
之外,0.0,3.0,0.0,1.0
岸上,0.0,3.0,0.0,1.0
氮氧化物,0.0,3.0,0.0,1.0
个,6.0,6.0,0.5,0.5
参观,3.0,0.0,1.0,0.0
开行,0.0,3.0,0.0,1.0
巡视员,3.0,0.0,1.0,0.0
采取,0.0,3.0,0.0,1.0
地区,0.0,3.0,0.0,1.0
号,3.0,0.0,1.0,0.0
枢纽,0.0,7.0,0.0,1.0
6,0.0,12.0,0.0,1.0
1000680,0.0,3.0,0.0,1.0
集团,0.0,144.0,0.0,1.0
服务中心,0.0,3.0,0.0,1.0
100,6.0,0.0,1.0,0.0
可,3.0,3.0,0.5,0.5
绿色生态,0.0,3.0,0.0,1.0
可达,0.0,3.0,0.0,1.0
东西,0.0,1.0,0.0,1.0
全体,6.0,0.0,1.0,0.0
水路,0.0,3.0,0.0,1.0
荣获,2.0,0.0,1.0,0.0
视觉,0.0,3.0,0.0,1.0
日讯,0.0,3.0,0.0,1.0
更优越,0.0,3.0,0.0,1.0
发现,9.0,0.0,1.0,0.0
4.8,0.0,3.0,0.0,1.0
在,23.0,57.0,0.2875,0.7125
1.30,0.0,3.0,0.0,1.0
贯通,0.0,1.0,0.0,1.0
节能灯,0.0,3.0,0.0,1.0
据悉,3.0,3.0,0.5,0.5
千瓦,0.0,3.0,0.0,1.0
筹划,0.0,6.0,0.0,1.0
上午,3.0,0.0,1.0,0.0
T,0.0,1.0,0.0,1.0
等等,3.0,0.0,1.0,0.0
岗位,9.0,0.0,1.0,0.0
工会,3.0,0.0,1.0,0.0
实力,0.0,3.0,0.0,1.0
南路,3.0,0.0,1.0,0.0
以外,3.0,0.0,1.0,0.0
燃气,89.0,0.0,1.0,0.0
万多,2.0,0.0,1.0,0.0
销售,0.0,3.0,0.0,1.0
达成,0.0,3.0,0.0,1.0
国际型,0.0,3.0,0.0,1.0
唯一,0.0,6.0,0.0,1.0
之后,3.0,0.0,1.0,0.0
缓解,3.0,0.0,1.0,0.0
点,3.0,0.0,1.0,0.0
铁水,0.0,3.0,0.0,1.0
事项,0.0,3.0,0.0,1.0
物品,3.0,0.0,1.0,0.0
个股,0.0,6.0,0.0,1.0
南京,0.0,27.0,0.0,1.0
002388,0.0,3.0,0.0,1.0
57.8,0.0,3.0,0.0,1.0
层次,0.0,9.0,0.0,1.0
正常,4.0,0.0,1.0,0.0
家庭,24.0,0.0,1.0,0.0
深化,0.0,6.0,0.0,1.0
证券网,0.0,6.0,0.0,1.0
正如,2.0,0.0,1.0,0.0
为主,0.0,9.0,0.0,1.0
盘中,0.0,3.0,0.0,1.0
值得,3.0,0.0,1.0,0.0
平台,0.0,3.0,0.0,1.0
每年,9.0,3.0,0.75,0.25
代表,3.0,0.0,1.0,0.0
%,0.0,114.0,0.0,1.0
20170705131605090605239,0.0,3.0,0.0,1.0
网讯,0.0,3.0,0.0,1.0
摘要,0.0,3.0,0.0,1.0
将,0.0,54.0,0.0,1.0
地区性,0.0,9.0,0.0,1.0
1.61,0.0,3.0,0.0,1.0
赵,0.0,3.0,0.0,1.0
转运,0.0,6.0,0.0,1.0
经济带,0.0,27.0,0.0,1.0
思南,0.0,3.0,0.0,1.0
直通,0.0,3.0,0.0,1.0
成本,0.0,3.0,0.0,1.0
(,0.0,99.0,0.0,1.0
分工合作,0.0,6.0,0.0,1.0
欣慰,3.0,0.0,1.0,0.0
（,0.0,72.0,0.0,1.0
601880,0.0,6.0,0.0,1.0
1804,0.0,3.0,0.0,1.0
例会,0.0,3.0,0.0,1.0
更,3.0,0.0,1.0,0.0
台港,3.0,0.0,1.0,0.0
着手,0.0,3.0,0.0,1.0
1,0.0,6.0,0.0,1.0
沿海地区,0.0,3.0,0.0,1.0
中化,0.0,3.0,0.0,1.0
大放异彩,0.0,3.0,0.0,1.0
反响,0.0,3.0,0.0,1.0
有助于,0.0,3.0,0.0,1.0
SZ,0.0,3.0,0.0,1.0
概念股,0.0,3.0,0.0,1.0
人们,0.0,3.0,0.0,1.0
全市,13.0,0.0,1.0,0.0
今日,0.0,3.0,0.0,1.0
多亿吨,0.0,3.0,0.0,1.0
具,0.0,3.0,0.0,1.0
11.12,0.0,3.0,0.0,1.0
本次,0.0,3.0,0.0,1.0
、,27.0,247.0,0.09854014598540146,0.9014598540145985
合资,0.0,6.0,0.0,1.0
SH,0.0,3.0,0.0,1.0
●,0.0,3.0,0.0,1.0
互动,0.0,3.0,0.0,1.0
49581.6,0.0,3.0,0.0,1.0
岸,0.0,3.0,0.0,1.0
镇江,0.0,18.0,0.0,1.0
涨,0.0,15.0,0.0,1.0
最大,3.0,9.0,0.25,0.75
88,3.0,0.0,1.0,0.0
管线,15.0,0.0,1.0,0.0
离,0.0,3.0,0.0,1.0
东部,0.0,4.0,0.0,1.0
制度,0.0,3.0,0.0,1.0
尚未,0.0,6.0,0.0,1.0
被,0.0,3.0,0.0,1.0
finance,0.0,9.0,0.0,1.0
9,0.0,3.0,0.0,1.0
江苏省委,0.0,3.0,0.0,1.0
改造,0.0,6.0,0.0,1.0
250.00,0.0,6.0,0.0,1.0
态势,0.0,3.0,0.0,1.0
记者,0.0,24.0,0.0,1.0
环节,3.0,0.0,1.0,0.0
接卸,0.0,6.0,0.0,1.0
中加,3.0,0.0,1.0,0.0
凸现,0.0,3.0,0.0,1.0
型,0.0,1.0,0.0,1.0
扬州,0.0,12.0,0.0,1.0
000905,0.0,6.0,0.0,1.0
合作,3.0,21.0,0.125,0.875
左右,3.0,0.0,1.0,0.0
每日,0.0,3.0,0.0,1.0
各项,3.0,0.0,1.0,0.0
原有,0.0,3.0,0.0,1.0
除了,3.0,3.0,0.5,0.5
据介绍,3.0,0.0,1.0,0.0
韩国,0.0,3.0,0.0,1.0
