之上,0.0,3.0,0.0,1.0
日,0.0,36.0,0.0,1.0
进店,0.0,3.0,0.0,1.0
前往,0.0,6.0,0.0,1.0
火,0.0,9.0,0.0,1.0
初夏,0.0,3.0,0.0,1.0
问世,0.0,3.0,0.0,1.0
霸道,0.0,3.0,0.0,1.0
加盟商,0.0,27.0,0.0,1.0
广大,6.0,3.0,0.6666666666666666,0.3333333333333333
偶像,0.0,3.0,0.0,1.0
之王,0.0,6.0,0.0,1.0
169.99,0.0,6.0,0.0,1.0
反馈,0.0,6.0,0.0,1.0
果然,0.0,3.0,0.0,1.0
复苏,0.0,3.0,0.0,1.0
一切,0.0,3.0,0.0,1.0
横空出世,0.0,3.0,0.0,1.0
跟进,0.0,3.0,0.0,1.0
透明,0.0,3.0,0.0,1.0
Yoke,0.0,3.0,0.0,1.0
1500,0.0,3.0,0.0,1.0
一支,0.0,3.0,0.0,1.0
完成,0.0,9.0,0.0,1.0
之家,62.0,1030.0,0.056776556776556776,0.9432234432234432
于海澜,0.0,3.0,0.0,1.0
真诚,18.0,0.0,1.0,0.0
邀请,0.0,9.0,0.0,1.0
共同体,0.0,6.0,0.0,1.0
创意,0.0,9.0,0.0,1.0
回归,0.0,3.0,0.0,1.0
交易平台,0.0,9.0,0.0,1.0
儿子,0.0,12.0,0.0,1.0
令人,0.0,3.0,0.0,1.0
同比,0.0,45.0,0.0,1.0
敏锐,0.0,3.0,0.0,1.0
首店,0.0,15.0,0.0,1.0
市,0.0,6.0,0.0,1.0
角度,0.0,3.0,0.0,1.0
共享,0.0,12.0,0.0,1.0
产业,0.0,6.0,0.0,1.0
九号,6.0,0.0,1.0,0.0
一方面,0.0,3.0,0.0,1.0
太平,0.0,6.0,0.0,1.0
此次,0.0,3.0,0.0,1.0
思想,0.0,3.0,0.0,1.0
妖娆,0.0,6.0,0.0,1.0
中国,0.0,73.0,0.0,1.0
深耕,0.0,3.0,0.0,1.0
专业人士,0.0,6.0,0.0,1.0
以下,0.0,3.0,0.0,1.0
集群,0.0,3.0,0.0,1.0
服装,78.0,126.0,0.38235294117647056,0.6176470588235294
持股,0.0,3.0,0.0,1.0
2.41,0.0,3.0,0.0,1.0
出于,0.0,3.0,0.0,1.0
需求,0.0,18.0,0.0,1.0
601566,0.0,3.0,0.0,1.0
阶段,0.0,9.0,0.0,1.0
2013,0.0,6.0,0.0,1.0
快速反应,0.0,3.0,0.0,1.0
0,0.0,111.0,0.0,1.0
致力,0.0,3.0,0.0,1.0
没什么,0.0,6.0,0.0,1.0
哲学,0.0,9.0,0.0,1.0
光头,0.0,3.0,0.0,1.0
旭辉,0.0,3.0,0.0,1.0
再,0.0,33.0,0.0,1.0
品牌形象,0.0,9.0,0.0,1.0
不近人情,0.0,9.0,0.0,1.0
当地,0.0,9.0,0.0,1.0
高位,0.0,6.0,0.0,1.0
老化,0.0,6.0,0.0,1.0
袜子,0.0,3.0,0.0,1.0
圣凯诺业,0.0,3.0,0.0,1.0
爱慕,0.0,12.0,0.0,1.0
填补空白,0.0,3.0,0.0,1.0
打得,0.0,3.0,0.0,1.0
承压,0.0,3.0,0.0,1.0
标准,0.0,3.0,0.0,1.0
画风,0.0,21.0,0.0,1.0
圣凯诺,0.0,6.0,0.0,1.0
激情,0.0,3.0,0.0,1.0
改变,0.0,6.0,0.0,1.0
‘,0.0,3.0,0.0,1.0
利益,0.0,6.0,0.0,1.0
指日可待,0.0,3.0,0.0,1.0
件,0.0,6.0,0.0,1.0
空喊,0.0,3.0,0.0,1.0
关系,3.0,0.0,1.0,0.0
央视,0.0,6.0,0.0,1.0
疾如雷电,0.0,3.0,0.0,1.0
鼓励,0.0,9.0,0.0,1.0
有望,0.0,18.0,0.0,1.0
最后,0.0,3.0,0.0,1.0
只要,0.0,6.0,0.0,1.0
坚持,0.0,6.0,0.0,1.0
程度,0.0,15.0,0.0,1.0
店长,0.0,15.0,0.0,1.0
41,0.0,9.0,0.0,1.0
丨,0.0,36.0,0.0,1.0
提早,0.0,3.0,0.0,1.0
55.25,0.0,3.0,0.0,1.0
两天,0.0,3.0,0.0,1.0
运转,0.0,3.0,0.0,1.0
过半,0.0,3.0,0.0,1.0
清货海澜,9.0,0.0,1.0,0.0
逆袭,0.0,3.0,0.0,1.0
炙手可热,0.0,3.0,0.0,1.0
80,0.0,3.0,0.0,1.0
亚太,0.0,3.0,0.0,1.0
棉,0.0,3.0,0.0,1.0
定价,0.0,3.0,0.0,1.0
股份,0.0,3.0,0.0,1.0
内容,0.0,12.0,0.0,1.0
大牌,0.0,4.0,0.0,1.0
亿元,0.0,69.0,0.0,1.0
联合开发,0.0,6.0,0.0,1.0
结为,0.0,3.0,0.0,1.0
陌生,0.0,3.0,0.0,1.0
jjcibFAdS9KK013tTcG01dwQo9XibjYibQg,0.0,3.0,0.0,1.0
歌手,0.0,3.0,0.0,1.0
衣服,0.0,9.0,0.0,1.0
刮起,0.0,6.0,0.0,1.0
端,0.0,9.0,0.0,1.0
冷,0.0,3.0,0.0,1.0
不可思议,0.0,3.0,0.0,1.0
友谊商店,0.0,6.0,0.0,1.0
越来越,0.0,12.0,0.0,1.0
单季,0.0,3.0,0.0,1.0
仓储,0.0,3.0,0.0,1.0
创享,0.0,3.0,0.0,1.0
喜欢,0.0,15.0,0.0,1.0
9.89,0.0,3.0,0.0,1.0
首单,0.0,6.0,0.0,1.0
先进,0.0,6.0,0.0,1.0
尽,3.0,0.0,1.0,0.0
坚定,0.0,6.0,0.0,1.0
估计,0.0,3.0,0.0,1.0
成年,0.0,18.0,0.0,1.0
刷,0.0,3.0,0.0,1.0
同一,0.0,6.0,0.0,1.0
来自,0.0,9.0,0.0,1.0
既保证,0.0,3.0,0.0,1.0
正品,12.0,3.0,0.8,0.2
mmbiz,0.0,123.0,0.0,1.0
过硬,0.0,3.0,0.0,1.0
按动,0.0,6.0,0.0,1.0
参加,0.0,6.0,0.0,1.0
年末,0.0,9.0,0.0,1.0
几年,0.0,12.0,0.0,1.0
手机,12.0,0.0,1.0,0.0
年龄,0.0,3.0,0.0,1.0
品名,0.0,3.0,0.0,1.0
夸张,0.0,3.0,0.0,1.0
↓,0.0,9.0,0.0,1.0
603993,0.0,3.0,0.0,1.0
作为,0.0,30.0,0.0,1.0
文化部,0.0,3.0,0.0,1.0
客服,6.0,0.0,1.0,0.0
恢复,0.0,6.0,0.0,1.0
总部,0.0,12.0,0.0,1.0
bjXGMgLicmRMnSCbU0dwTxiagYJ5mn202rUnBbicvBXRdol0jDSw,0.0,3.0,0.0,1.0
480,0.0,3.0,0.0,1.0
超长,0.0,3.0,0.0,1.0
节目,0.0,3.0,0.0,1.0
管理,0.0,72.0,0.0,1.0
4.88,0.0,3.0,0.0,1.0
png,0.0,84.0,0.0,1.0
正装,0.0,3.0,0.0,1.0
7,0.0,6.0,0.0,1.0
商业街,0.0,3.0,0.0,1.0
情报局,0.0,3.0,0.0,1.0
晋江,0.0,3.0,0.0,1.0
还是,0.0,27.0,0.0,1.0
下达,0.0,3.0,0.0,1.0
淡化,0.0,6.0,0.0,1.0
留下,0.0,3.0,0.0,1.0
还有,0.0,9.0,0.0,1.0
】,0.0,21.0,0.0,1.0
走向世界,0.0,3.0,0.0,1.0
交了,0.0,3.0,0.0,1.0
换成,0.0,9.0,0.0,1.0
棉袄,0.0,3.0,0.0,1.0
深,0.0,3.0,0.0,1.0
折扣店,0.0,9.0,0.0,1.0
顾,0.0,3.0,0.0,1.0
 ,504.0,333.0,0.6021505376344086,0.3978494623655914
增速,0.0,51.0,0.0,1.0
样式,0.0,3.0,0.0,1.0
发展,0.0,30.0,0.0,1.0
当时,0.0,15.0,0.0,1.0
成立,0.0,3.0,0.0,1.0
放弃,0.0,3.0,0.0,1.0
fEyYDtKib48YRN94PRNia4AzP3oz8icZnklro1FsRnoEedwAYK2dibQj0FufjuakuLcaflqvg3Q,0.0,3.0,0.0,1.0
50,0.0,3.0,0.0,1.0
工作,0.0,12.0,0.0,1.0
=,0.0,213.0,0.0,1.0
广,0.0,3.0,0.0,1.0
巷,6.0,0.0,1.0,0.0
式,0.0,18.0,0.0,1.0
+,0.0,9.0,0.0,1.0
2000,0.0,3.0,0.0,1.0
五颜六色,0.0,3.0,0.0,1.0
出征,0.0,4.0,0.0,1.0
早早,0.0,3.0,0.0,1.0
商圈,0.0,6.0,0.0,1.0
翻版,0.0,3.0,0.0,1.0
到,0.0,81.0,0.0,1.0
中期,0.0,3.0,0.0,1.0
20170618,0.0,6.0,0.0,1.0
视线,0.0,3.0,0.0,1.0
其次,0.0,6.0,0.0,1.0
研究员,0.0,3.0,0.0,1.0
总资产,0.0,12.0,0.0,1.0
亲近,0.0,3.0,0.0,1.0
围巾,0.0,3.0,0.0,1.0
商务,9.0,15.0,0.375,0.625
资金,0.0,21.0,0.0,1.0
消息,0.0,6.0,0.0,1.0
繁琐,0.0,3.0,0.0,1.0
走进,0.0,6.0,0.0,1.0
研究院,0.0,6.0,0.0,1.0
都,0.0,63.0,0.0,1.0
元,9.0,6.0,0.6,0.4
如何,0.0,33.0,0.0,1.0
近,0.0,3.0,0.0,1.0
设立,0.0,12.0,0.0,1.0
多少,0.0,3.0,0.0,1.0
走轻,0.0,3.0,0.0,1.0
加强,0.0,9.0,0.0,1.0
企稳,0.0,6.0,0.0,1.0
营销,0.0,36.0,0.0,1.0
当日,0.0,3.0,0.0,1.0
去,0.0,6.0,0.0,1.0
入围,0.0,6.0,0.0,1.0
实时,0.0,6.0,0.0,1.0
大片,0.0,3.0,0.0,1.0
TVC,0.0,6.0,0.0,1.0
休闲,3.0,30.0,0.09090909090909091,0.9090909090909091
本着,0.0,3.0,0.0,1.0
搭建,0.0,3.0,0.0,1.0
越发,0.0,3.0,0.0,1.0
机遇,0.0,4.0,0.0,1.0
价格,18.0,12.0,0.6,0.4
顾客,0.0,3.0,0.0,1.0
副司长,0.0,3.0,0.0,1.0
平方米,0.0,3.0,0.0,1.0
西来,0.0,3.0,0.0,1.0
战争,0.0,3.0,0.0,1.0
三,0.0,3.0,0.0,1.0
是否,2.0,3.0,0.4,0.6
服装市场,0.0,6.0,0.0,1.0
天使,0.0,3.0,0.0,1.0
阶层,0.0,3.0,0.0,1.0
Har,0.0,3.0,0.0,1.0
客源地,0.0,3.0,0.0,1.0
cZINUasJDCQibnoljIYlibXUtO4LJkffd6tT5c1xTZaVZibHgm3oBZ5gFhE2FNB4k1C9EBEQOwFQSISG5VQByyiaiaw,0.0,3.0,0.0,1.0
超,0.0,15.0,0.0,1.0
按,3.0,6.0,0.3333333333333333,0.6666666666666666
点赞,0.0,3.0,0.0,1.0
账面,0.0,3.0,0.0,1.0
1Q17,0.0,3.0,0.0,1.0
低于,9.0,0.0,1.0,0.0
运输,0.0,3.0,0.0,1.0
无法,0.0,3.0,0.0,1.0
2Q,0.0,3.0,0.0,1.0
百依百顺,0.0,3.0,0.0,1.0
回升,0.0,9.0,0.0,1.0
平民化,0.0,3.0,0.0,1.0
西裤,0.0,3.0,0.0,1.0
5345,0.0,6.0,0.0,1.0
继续,0.0,12.0,0.0,1.0
效率,0.0,12.0,0.0,1.0
互联网,0.0,6.0,0.0,1.0
本质,0.0,3.0,0.0,1.0
颜值,0.0,3.0,0.0,1.0
阿里,0.0,3.0,0.0,1.0
后盾,0.0,3.0,0.0,1.0
零售业,0.0,3.0,0.0,1.0
增长,0.0,75.0,0.0,1.0
三季,0.0,3.0,0.0,1.0
汗青,0.0,3.0,0.0,1.0
PK,0.0,15.0,0.0,1.0
道路,0.0,9.0,0.0,1.0
摒弃,0.0,3.0,0.0,1.0
优质,0.0,18.0,0.0,1.0
经营权,0.0,3.0,0.0,1.0
商场,0.0,36.0,0.0,1.0
attachment,0.0,3.0,0.0,1.0
听说,0.0,3.0,0.0,1.0
240,0.0,6.0,0.0,1.0
不像,0.0,3.0,0.0,1.0
数以千计,3.0,0.0,1.0,0.0
真的,0.0,9.0,0.0,1.0
旗下,0.0,9.0,0.0,1.0
朴实,0.0,3.0,0.0,1.0
显得,0.0,6.0,0.0,1.0
石井,6.0,0.0,1.0,0.0
img04,0.0,3.0,0.0,1.0
加密,0.0,3.0,0.0,1.0
商品,0.0,9.0,0.0,1.0
旧,0.0,3.0,0.0,1.0
少量,0.0,3.0,0.0,1.0
纺等,0.0,3.0,0.0,1.0
连番,0.0,3.0,0.0,1.0
调性,0.0,3.0,0.0,1.0
并不需要,0.0,3.0,0.0,1.0
上路,0.0,3.0,0.0,1.0
江苏,0.0,9.0,0.0,1.0
韩都,0.0,3.0,0.0,1.0
富豪榜,0.0,6.0,0.0,1.0
刚,0.0,3.0,0.0,1.0
打开,0.0,6.0,0.0,1.0
652,0.0,3.0,0.0,1.0
独特,0.0,3.0,0.0,1.0
储备,0.0,6.0,0.0,1.0
》,0.0,63.0,0.0,1.0
二代,0.0,12.0,0.0,1.0
卫视,0.0,6.0,0.0,1.0
领带,0.0,9.0,0.0,1.0
p3EKcw7jGVJYzZQbLJzZDoT2muNeb0YOevyX8zSJaK8g5cIZqMPx7Zby7VbszG21xGRYJeaKRv3NNyZRuCjq8A,0.0,3.0,0.0,1.0
现有,0.0,6.0,0.0,1.0
25.89,0.0,3.0,0.0,1.0
img02,0.0,3.0,0.0,1.0
:,0.0,84.0,0.0,1.0
两次,0.0,12.0,0.0,1.0
民族,0.0,3.0,0.0,1.0
穿着,0.0,3.0,0.0,1.0
调动,0.0,3.0,0.0,1.0
12581495431511,0.0,3.0,0.0,1.0
306x0,0.0,3.0,0.0,1.0
翻领,0.0,3.0,0.0,1.0
地铁站,0.0,6.0,0.0,1.0
会,0.0,15.0,0.0,1.0
一种,0.0,9.0,0.0,1.0
推动,0.0,6.0,0.0,1.0
先后,0.0,3.0,0.0,1.0
专卖店,9.0,3.0,0.75,0.25
展开,0.0,3.0,0.0,1.0
惊喜,0.0,3.0,0.0,1.0
狂潮,0.0,3.0,0.0,1.0
意义,0.0,6.0,0.0,1.0
良苦用心,0.0,3.0,0.0,1.0
lazy,0.0,3.0,0.0,1.0
多平方米,0.0,3.0,0.0,1.0
高层次,0.0,3.0,0.0,1.0
ytx751116,0.0,6.0,0.0,1.0
拓展,0.0,27.0,0.0,1.0
之旅,0.0,3.0,0.0,1.0
415,0.0,6.0,0.0,1.0
周立宸,0.0,18.0,0.0,1.0
端倪,0.0,6.0,0.0,1.0
日子,0.0,3.0,0.0,1.0
送往,0.0,3.0,0.0,1.0
财经频道,0.0,3.0,0.0,1.0
目光,0.0,3.0,0.0,1.0
屏住,0.0,3.0,0.0,1.0
5,0.0,30.0,0.0,1.0
中心,0.0,6.0,0.0,1.0
Dzam0cg84vgYqKruzSkmRJSsttGZayzeia55P5Kicbj9NrkLHUUIcZLm1cAicA,0.0,3.0,0.0,1.0
亦,0.0,6.0,0.0,1.0
热土,0.0,3.0,0.0,1.0
开始,0.0,45.0,0.0,1.0
4751,0.0,3.0,0.0,1.0
89761495431511,0.0,3.0,0.0,1.0
关联,0.0,6.0,0.0,1.0
宝座,0.0,1.0,0.0,1.0
养太多,0.0,6.0,0.0,1.0
Ga1ltOARWWcVdfXHahKrlxLnVukeXvoOAbMF8XnULibwibHvJ3doMe6EvHW8Md1kdqJZw7qXg,0.0,3.0,0.0,1.0
450,0.0,3.0,0.0,1.0
捆绑,0.0,3.0,0.0,1.0
陈晓为,0.0,3.0,0.0,1.0
重任,0.0,3.0,0.0,1.0
苏宁,0.0,9.0,0.0,1.0
完全,0.0,3.0,0.0,1.0
父亲节,0.0,12.0,0.0,1.0
流风余韵,0.0,3.0,0.0,1.0
裸眼,0.0,3.0,0.0,1.0
月,0.0,60.0,0.0,1.0
列,0.0,9.0,0.0,1.0
人,0.0,30.0,0.0,1.0
垂老,0.0,3.0,0.0,1.0
试衣间,0.0,6.0,0.0,1.0
东风,0.0,3.0,0.0,1.0
靓仔,3.0,0.0,1.0,0.0
量身,0.0,3.0,0.0,1.0
蕴含,0.0,6.0,0.0,1.0
赋能,0.0,9.0,0.0,1.0
三毛,0.0,9.0,0.0,1.0
△,0.0,6.0,0.0,1.0
皮鞋,0.0,6.0,0.0,1.0
报道,0.0,12.0,0.0,1.0
反而,0.0,3.0,0.0,1.0
转正,0.0,6.0,0.0,1.0
曾,0.0,3.0,0.0,1.0
LEe2B4XaM4lMs3szSeP3ibIeuf0I0AlRdDfpJhpINQvn3JLOiaDMHCOhlfoVAiaI8icXpoA5B0u4guU5cUl7ib7X2iaw,0.0,3.0,0.0,1.0
热门,0.0,9.0,0.0,1.0
诊股,0.0,3.0,0.0,1.0
善变,0.0,3.0,0.0,1.0
CCTV,0.0,15.0,0.0,1.0
2cf2,0.0,3.0,0.0,1.0
二维码,6.0,3.0,0.6666666666666666,0.3333333333333333
—,0.0,105.0,0.0,1.0
亮相,0.0,6.0,0.0,1.0
领导品牌,0.0,3.0,0.0,1.0
路线,0.0,3.0,0.0,1.0
分为,0.0,3.0,0.0,1.0
物流,0.0,3.0,0.0,1.0
想,0.0,3.0,0.0,1.0
主动权,0.0,3.0,0.0,1.0
生活态度,0.0,3.0,0.0,1.0
18,0.0,12.0,0.0,1.0
森,0.0,6.0,0.0,1.0
正,0.0,12.0,0.0,1.0
翻开,0.0,6.0,0.0,1.0
掉头,0.0,9.0,0.0,1.0
天河城,0.0,6.0,0.0,1.0
实际,0.0,12.0,0.0,1.0
60.43,0.0,3.0,0.0,1.0
一番,0.0,3.0,0.0,1.0
webp,0.0,3.0,0.0,1.0
全球,0.0,9.0,0.0,1.0
惊艳,0.0,6.0,0.0,1.0
增长点,0.0,3.0,0.0,1.0
千万,0.0,3.0,0.0,1.0
轻狂,0.0,3.0,0.0,1.0
面孔,0.0,3.0,0.0,1.0
两个,0.0,15.0,0.0,1.0
S,0.0,3.0,0.0,1.0
前期,0.0,3.0,0.0,1.0
01,0.0,3.0,0.0,1.0
一线,0.0,1.0,0.0,1.0
领跑,0.0,3.0,0.0,1.0
正是,0.0,15.0,0.0,1.0
有些,0.0,12.0,0.0,1.0
先生,0.0,12.0,0.0,1.0
依然,0.0,3.0,0.0,1.0
人大代表,0.0,3.0,0.0,1.0
服装行业,0.0,21.0,0.0,1.0
电商,0.0,12.0,0.0,1.0
wpMK4PblIkhlepEjNj0RButQLPMD8Kx1dTibkTtO8Ma7xXicBrQ6E6wLlnKEAg,0.0,3.0,0.0,1.0
2016,0.0,48.0,0.0,1.0
赢得,0.0,3.0,0.0,1.0
1253,0.0,3.0,0.0,1.0
Law,0.0,3.0,0.0,1.0
分,0.0,3.0,0.0,1.0
洛阳,0.0,3.0,0.0,1.0
相信,0.0,3.0,0.0,1.0
考虑,2.0,9.0,0.18181818181818182,0.8181818181818182
地向,0.0,3.0,0.0,1.0
致使,0.0,3.0,0.0,1.0
本文,0.0,6.0,0.0,1.0
干扰,0.0,9.0,0.0,1.0
增强,0.0,3.0,0.0,1.0
样稿,0.0,3.0,0.0,1.0
东方,0.0,3.0,0.0,1.0
后,0.0,27.0,0.0,1.0
专注,0.0,6.0,0.0,1.0
广告部,0.0,3.0,0.0,1.0
建议,0.0,3.0,0.0,1.0
酷爽,0.0,6.0,0.0,1.0
96,0.0,12.0,0.0,1.0
之,0.0,42.0,0.0,1.0
城市,0.0,6.0,0.0,1.0
68,0.0,12.0,0.0,1.0
激励,0.0,6.0,0.0,1.0
家居,0.0,6.0,0.0,1.0
与狼共舞,0.0,3.0,0.0,1.0
大型,0.0,6.0,0.0,1.0
让利,0.0,6.0,0.0,1.0
频率,0.0,3.0,0.0,1.0
其中,0.0,27.0,0.0,1.0
占,0.0,9.0,0.0,1.0
茄克,0.0,3.0,0.0,1.0
脱俗,0.0,3.0,0.0,1.0
结算,0.0,3.0,0.0,1.0
杜淳,0.0,18.0,0.0,1.0
每位,15.0,0.0,1.0,0.0
配送,0.0,6.0,0.0,1.0
看重,0.0,3.0,0.0,1.0
事业,0.0,6.0,0.0,1.0
时,0.0,15.0,0.0,1.0
冲动,0.0,3.0,0.0,1.0
假人,0.0,6.0,0.0,1.0
牧场,0.0,6.0,0.0,1.0
版,3.0,0.0,1.0,0.0
所有权,0.0,3.0,0.0,1.0
TtnD3mv5LhbD1tIuQCNewcT9goW87lje57QJja2puQHh8YnaYDz30eGlwz9TMKP0Mh375DSo3jw,0.0,3.0,0.0,1.0
大呼林,0.0,3.0,0.0,1.0
领先,0.0,6.0,0.0,1.0
几乎,0.0,3.0,0.0,1.0
受,3.0,9.0,0.25,0.75
案例,0.0,18.0,0.0,1.0
大量,0.0,12.0,0.0,1.0
天,0.0,9.0,0.0,1.0
承诺书,0.0,3.0,0.0,1.0
拉开,0.0,3.0,0.0,1.0
承担,0.0,21.0,0.0,1.0
服装界,0.0,9.0,0.0,1.0
剪彩仪式,0.0,3.0,0.0,1.0
r21E21HVGGfdCbVIviaQokStcvBPeUPmHo1KU5EVzl4dfHFgPsXaPhL8HD4sAia4mibNEf1Ij6yatmQmw,0.0,3.0,0.0,1.0
火星,0.0,3.0,0.0,1.0
’,0.0,3.0,0.0,1.0
根本,0.0,3.0,0.0,1.0
种类,18.0,0.0,1.0,0.0
吐槽,0.0,6.0,0.0,1.0
关闭,3.0,6.0,0.3333333333333333,0.6666666666666666
Brandz,0.0,6.0,0.0,1.0
结合,0.0,15.0,0.0,1.0
每个,0.0,9.0,0.0,1.0
提交,0.0,3.0,0.0,1.0
之爱,0.0,3.0,0.0,1.0
保护,0.0,6.0,0.0,1.0
竞争对手,0.0,3.0,0.0,1.0
86.32,0.0,3.0,0.0,1.0
2011,0.0,6.0,0.0,1.0
之家线,0.0,3.0,0.0,1.0
使,0.0,9.0,0.0,1.0
大大减少,0.0,3.0,0.0,1.0
9.37,0.0,3.0,0.0,1.0
线上,0.0,15.0,0.0,1.0
创新性,0.0,3.0,0.0,1.0
身,0.0,3.0,0.0,1.0
非诚,0.0,6.0,0.0,1.0
加入,0.0,6.0,0.0,1.0
口中,0.0,3.0,0.0,1.0
精力,0.0,6.0,0.0,1.0
明白,0.0,3.0,0.0,1.0
信息系统,0.0,6.0,0.0,1.0
成熟,0.0,9.0,0.0,1.0
开设,0.0,6.0,0.0,1.0
视频,0.0,3.0,0.0,1.0
特步,9.0,0.0,1.0,0.0
区域,0.0,3.0,0.0,1.0
全年,0.0,9.0,0.0,1.0
传递,0.0,3.0,0.0,1.0
个省,0.0,3.0,0.0,1.0
收入,0.0,63.0,0.0,1.0
且,0.0,12.0,0.0,1.0
淘宝,0.0,6.0,0.0,1.0
94.98,0.0,3.0,0.0,1.0
建立,3.0,12.0,0.2,0.8
提供,0.0,39.0,0.0,1.0
近日,0.0,3.0,0.0,1.0
眼下,0.0,3.0,0.0,1.0
体型,0.0,3.0,0.0,1.0
创始人,0.0,3.0,0.0,1.0
a7c7,0.0,3.0,0.0,1.0
低,0.0,9.0,0.0,1.0
爸爸,0.0,3.0,0.0,1.0
冲突,0.0,12.0,0.0,1.0
大开,0.0,3.0,0.0,1.0
正好,0.0,3.0,0.0,1.0
体,0.0,3.0,0.0,1.0
服务,0.0,27.0,0.0,1.0
i,0.0,3.0,0.0,1.0
主营,3.0,0.0,1.0,0.0
传播,0.0,9.0,0.0,1.0
收回,0.0,3.0,0.0,1.0
延续,0.0,3.0,0.0,1.0
115,0.0,6.0,0.0,1.0
小,0.0,3.0,0.0,1.0
国际品牌,0.0,9.0,0.0,1.0
利率,0.0,12.0,0.0,1.0
现金,0.0,6.0,0.0,1.0
广告语,0.0,6.0,0.0,1.0
乘数,0.0,6.0,0.0,1.0
可以,0.0,39.0,0.0,1.0
总算,0.0,3.0,0.0,1.0
、,0.0,703.0,0.0,1.0
综艺,0.0,12.0,0.0,1.0
下去,0.0,3.0,0.0,1.0
异军突起,0.0,6.0,0.0,1.0
便捷,0.0,9.0,0.0,1.0
Dfbl8jVO2TvhwmIlPzszlQibLLnujDhhfEys72Ad5FAQ,0.0,3.0,0.0,1.0
盈亏,0.0,3.0,0.0,1.0
同店,0.0,12.0,0.0,1.0
您,0.0,3.0,0.0,1.0
状况,0.0,6.0,0.0,1.0
：,18.0,129.0,0.12244897959183673,0.8775510204081632
z8mHgCliboWqHysFuTdf217FJVTOO3pDOVWGnU3UiaYIpfA8uu4vS6c5U5yjhpsjJzbricWlWH398J7GQkcmmkdRw,0.0,3.0,0.0,1.0
狗,0.0,3.0,0.0,1.0
变得,0.0,3.0,0.0,1.0
打造,0.0,15.0,0.0,1.0
醒目,0.0,3.0,0.0,1.0
深厚,0.0,3.0,0.0,1.0
方式,0.0,36.0,0.0,1.0
期,0.0,6.0,0.0,1.0
0.16,0.0,3.0,0.0,1.0
两家,0.0,6.0,0.0,1.0
推广,0.0,3.0,0.0,1.0
上线,0.0,9.0,0.0,1.0
5.18,0.0,3.0,0.0,1.0
）,12.0,66.0,0.15384615384615385,0.8461538461538461
时刻,0.0,3.0,0.0,1.0
希望,15.0,6.0,0.7142857142857143,0.2857142857142857
闪耀,0.0,3.0,0.0,1.0
最强,0.0,6.0,0.0,1.0
庆丰,6.0,0.0,1.0,0.0
投资,0.0,9.0,0.0,1.0
夏季,6.0,3.0,0.6666666666666666,0.3333333333333333
正在,0.0,18.0,0.0,1.0
T恤,0.0,18.0,0.0,1.0
渠道,15.0,39.0,0.2777777777777778,0.7222222222222222
万人次,0.0,6.0,0.0,1.0
8,0.0,15.0,0.0,1.0
形成,0.0,3.0,0.0,1.0
针织,9.0,0.0,1.0,0.0
有效,0.0,3.0,0.0,1.0
达,0.0,15.0,0.0,1.0
力压,0.0,6.0,0.0,1.0
起舞,0.0,6.0,0.0,1.0
系同店,0.0,3.0,0.0,1.0
关怀,0.0,3.0,0.0,1.0
加码,0.0,6.0,0.0,1.0
价值,0.0,6.0,0.0,1.0
愿景,0.0,6.0,0.0,1.0
能力,0.0,12.0,0.0,1.0
经营者,0.0,9.0,0.0,1.0
上榜,0.0,15.0,0.0,1.0
上市,6.0,18.0,0.25,0.75
信息,0.0,12.0,0.0,1.0
挑战,0.0,18.0,0.0,1.0
整体,0.0,15.0,0.0,1.0
协会,0.0,3.0,0.0,1.0
上半年,0.0,3.0,0.0,1.0
优衣库,0.0,18.0,0.0,1.0
鸟,9.0,9.0,0.5,0.5
做到,0.0,15.0,0.0,1.0
森马,0.0,3.0,0.0,1.0
无论,0.0,3.0,0.0,1.0
多款,0.0,3.0,0.0,1.0
普遍,0.0,3.0,0.0,1.0
一直,0.0,9.0,0.0,1.0
试水,0.0,3.0,0.0,1.0
形象,0.0,9.0,0.0,1.0
远高于,0.0,3.0,0.0,1.0
不管,0.0,3.0,0.0,1.0
复制,0.0,3.0,0.0,1.0
终端,0.0,42.0,0.0,1.0
亲情,0.0,3.0,0.0,1.0
保持稳定,0.0,6.0,0.0,1.0
盈利,0.0,3.0,0.0,1.0
百分点,0.0,18.0,0.0,1.0
波动,0.0,6.0,0.0,1.0
灯光,0.0,3.0,0.0,1.0
扩大,0.0,6.0,0.0,1.0
基石,0.0,3.0,0.0,1.0
女裤,0.0,3.0,0.0,1.0
韩,0.0,3.0,0.0,1.0
卖点,0.0,3.0,0.0,1.0
广告,0.0,30.0,0.0,1.0
自行车,0.0,6.0,0.0,1.0
类,0.0,30.0,0.0,1.0
来分,0.0,3.0,0.0,1.0
开遍,0.0,3.0,0.0,1.0
高效,0.0,9.0,0.0,1.0
愿意,0.0,6.0,0.0,1.0
那海澜,0.0,6.0,0.0,1.0
罗莱,0.0,3.0,0.0,1.0
算盘,0.0,3.0,0.0,1.0
2258,0.0,3.0,0.0,1.0
丰富,0.0,6.0,0.0,1.0
jpeg,0.0,57.0,0.0,1.0
略降,0.0,3.0,0.0,1.0
38,0.0,3.0,0.0,1.0
短,0.0,3.0,0.0,1.0
mvzrnC3ic0KSegVO25quxeN6fdwzVrMrkF8uBjIIJQZv4xMVbaiaU271CUohMGOaA3rQ10Mbf2WxKfgbN0ibLd9Cg,0.0,3.0,0.0,1.0
佼佼者,0.0,3.0,0.0,1.0
更新,18.0,33.0,0.35294117647058826,0.6470588235294118
一个,0.0,45.0,0.0,1.0
正经起来,0.0,3.0,0.0,1.0
17.72,0.0,3.0,0.0,1.0
赞助,0.0,12.0,0.0,1.0
没有,0.0,24.0,0.0,1.0
把,0.0,12.0,0.0,1.0
新一轮,0.0,6.0,0.0,1.0
叫,0.0,3.0,0.0,1.0
加盟费,0.0,9.0,0.0,1.0
夏装,15.0,0.0,1.0,0.0
心声,0.0,3.0,0.0,1.0
热情,0.0,3.0,0.0,1.0
文化,0.0,21.0,0.0,1.0
舒适,0.0,3.0,0.0,1.0
布局,0.0,9.0,0.0,1.0
当下,0.0,9.0,0.0,1.0
易语言,9.0,0.0,1.0,0.0
MyTOWN,0.0,9.0,0.0,1.0
杜蕾斯,0.0,3.0,0.0,1.0
身穿,0.0,3.0,0.0,1.0
今天,0.0,6.0,0.0,1.0
力推,0.0,6.0,0.0,1.0
现在,0.0,6.0,0.0,1.0
分享,0.0,3.0,0.0,1.0
趋势,0.0,6.0,0.0,1.0
自营,0.0,6.0,0.0,1.0
意味,0.0,3.0,0.0,1.0
在线,0.0,15.0,0.0,1.0
库存,129.0,57.0,0.6935483870967742,0.3064516129032258
海报,0.0,3.0,0.0,1.0
溢价,0.0,3.0,0.0,1.0
抓取,0.0,3.0,0.0,1.0
业务,0.0,9.0,0.0,1.0
ccwin,0.0,3.0,0.0,1.0
0.60,0.0,6.0,0.0,1.0
来看,0.0,72.0,0.0,1.0
充满,0.0,6.0,0.0,1.0
设计师,0.0,12.0,0.0,1.0
适合,15.0,6.0,0.7142857142857143,0.2857142857142857
交叠,0.0,3.0,0.0,1.0
风险,0.0,9.0,0.0,1.0
东南亚,0.0,3.0,0.0,1.0
国家,0.0,3.0,0.0,1.0
剪彩,0.0,3.0,0.0,1.0
经过,0.0,12.0,0.0,1.0
起,0.0,21.0,0.0,1.0
规矩,0.0,3.0,0.0,1.0
得到,0.0,6.0,0.0,1.0
外,0.0,3.0,0.0,1.0
季度,0.0,6.0,0.0,1.0
派,0.0,12.0,0.0,1.0
口碑,0.0,3.0,0.0,1.0
毒药,0.0,3.0,0.0,1.0
波司登,0.0,12.0,0.0,1.0
风暴,0.0,3.0,0.0,1.0
新花样,0.0,3.0,0.0,1.0
当初,0.0,3.0,0.0,1.0
需,0.0,3.0,0.0,1.0
产品,0.0,87.0,0.0,1.0
这次,0.0,9.0,0.0,1.0
存货,0.0,12.0,0.0,1.0
折扣,45.0,6.0,0.8823529411764706,0.11764705882352941
时代,0.0,3.0,0.0,1.0
甚至,0.0,9.0,0.0,1.0
公司业绩,0.0,6.0,0.0,1.0
前,0.0,30.0,0.0,1.0
回到,0.0,6.0,0.0,1.0
46,0.0,3.0,0.0,1.0
纯净,0.0,6.0,0.0,1.0
业,0.0,3.0,0.0,1.0
理财,0.0,3.0,0.0,1.0
或者,0.0,6.0,0.0,1.0
特邀,0.0,3.0,0.0,1.0
情感,0.0,9.0,0.0,1.0
毕业,0.0,6.0,0.0,1.0
细节,0.0,3.0,0.0,1.0
品味,0.0,3.0,0.0,1.0
这支,0.0,3.0,0.0,1.0
将海,0.0,3.0,0.0,1.0
绝妙,0.0,3.0,0.0,1.0
马来,0.0,3.0,0.0,1.0
博商,0.0,6.0,0.0,1.0
围绕,0.0,6.0,0.0,1.0
显示,0.0,33.0,0.0,1.0
跨国,0.0,3.0,0.0,1.0
羽绒服,0.0,3.0,0.0,1.0
力度,0.0,3.0,0.0,1.0
wBUaib5Ex3As5J5Pa2icggoFQbvkXicYLIHOTe5y3VKBDg4AWWj9ZxCIibNnsnib5bibBrJsvDiavic4cTh5kTwy7gAxdg,0.0,3.0,0.0,1.0
化身,0.0,3.0,0.0,1.0
首批,0.0,3.0,0.0,1.0
门槛,0.0,9.0,0.0,1.0
伴随,0.0,12.0,0.0,1.0
精致,0.0,3.0,0.0,1.0
c99097ec,0.0,3.0,0.0,1.0
羡慕,0.0,3.0,0.0,1.0
除去,0.0,3.0,0.0,1.0
宝腾,0.0,3.0,0.0,1.0
份额,0.0,3.0,0.0,1.0
抢眼,0.0,3.0,0.0,1.0
利郎,0.0,3.0,0.0,1.0
工商局,0.0,6.0,0.0,1.0
逐渐,0.0,9.0,0.0,1.0
区位,0.0,3.0,0.0,1.0
SRC,0.0,84.0,0.0,1.0
眼睛,0.0,3.0,0.0,1.0
试点,0.0,6.0,0.0,1.0
认定,0.0,3.0,0.0,1.0
难以,0.0,3.0,0.0,1.0
符号,0.0,3.0,0.0,1.0
交流,0.0,3.0,0.0,1.0
没错,0.0,6.0,0.0,1.0
于旭辉,0.0,6.0,0.0,1.0
GAP,0.0,6.0,0.0,1.0
已,0.0,6.0,0.0,1.0
得,0.0,9.0,0.0,1.0
简称,0.0,3.0,0.0,1.0
长,3.0,3.0,0.5,0.5
依靠,0.0,3.0,0.0,1.0
担心,0.0,3.0,0.0,1.0
多个,0.0,18.0,0.0,1.0
渴望,0.0,6.0,0.0,1.0
好处,0.0,6.0,0.0,1.0
提案,0.0,3.0,0.0,1.0
政府,0.0,3.0,0.0,1.0
熟悉,0.0,9.0,0.0,1.0
偏好,0.0,3.0,0.0,1.0
当,0.0,3.0,0.0,1.0
威和森马,0.0,3.0,0.0,1.0
在京举行,0.0,3.0,0.0,1.0
纽带,0.0,3.0,0.0,1.0
简评,0.0,3.0,0.0,1.0
imgcdc,0.0,9.0,0.0,1.0
打分,0.0,6.0,0.0,1.0
Qr9bNuR7MhPKkShhpWCjhaHSmB1vUaSaIaOg,0.0,3.0,0.0,1.0
艺术,0.0,3.0,0.0,1.0
核心,0.0,27.0,0.0,1.0
各种,0.0,6.0,0.0,1.0
大方向,0.0,3.0,0.0,1.0
家用电器,0.0,6.0,0.0,1.0
子公司,0.0,6.0,0.0,1.0
促销员,0.0,6.0,0.0,1.0
抛出,0.0,3.0,0.0,1.0
迎客,0.0,3.0,0.0,1.0
卖,0.0,3.0,0.0,1.0
突变,0.0,9.0,0.0,1.0
麦当劳,0.0,3.0,0.0,1.0
进一步,0.0,9.0,0.0,1.0
披露,0.0,3.0,0.0,1.0
376,0.0,3.0,0.0,1.0
水准,0.0,3.0,0.0,1.0
连连,0.0,6.0,0.0,1.0
630,0.0,3.0,0.0,1.0
公众,3.0,3.0,0.5,0.5
过后,0.0,6.0,0.0,1.0
里面,0.0,3.0,0.0,1.0
高品质,0.0,6.0,0.0,1.0
竞争力,0.0,6.0,0.0,1.0
自家,0.0,3.0,0.0,1.0
启动,0.0,3.0,0.0,1.0
场约,0.0,3.0,0.0,1.0
晚上,0.0,3.0,0.0,1.0
纯,0.0,3.0,0.0,1.0
逐步,0.0,18.0,0.0,1.0
基因,0.0,3.0,0.0,1.0
配饰,0.0,3.0,0.0,1.0
附属,6.0,0.0,1.0,0.0
COOL,0.0,3.0,0.0,1.0
钱,0.0,9.0,0.0,1.0
黯淡,0.0,3.0,0.0,1.0
最终,0.0,3.0,0.0,1.0
又,0.0,15.0,0.0,1.0
介绍,0.0,12.0,0.0,1.0
产品设计,0.0,3.0,0.0,1.0
新款,6.0,6.0,0.5,0.5
420.97,0.0,3.0,0.0,1.0
全,0.0,3.0,0.0,1.0
最低,0.0,9.0,0.0,1.0
其,0.0,21.0,0.0,1.0
9,0.0,3.0,0.0,1.0
遍布全国,0.0,3.0,0.0,1.0
年初,0.0,6.0,0.0,1.0
轻,0.0,27.0,0.0,1.0
网络,0.0,24.0,0.0,1.0
fmt,0.0,117.0,0.0,1.0
双眼,0.0,3.0,0.0,1.0
比肩,0.0,1.0,0.0,1.0
具备,0.0,3.0,0.0,1.0
动态,0.0,6.0,0.0,1.0
仍,0.0,9.0,0.0,1.0
cn,0.0,66.0,0.0,1.0
盛典,0.0,15.0,0.0,1.0
投资人,0.0,3.0,0.0,1.0
价格低,0.0,6.0,0.0,1.0
拯救,0.0,6.0,0.0,1.0
非常,0.0,3.0,0.0,1.0
出炉,0.0,12.0,0.0,1.0
便,0.0,6.0,0.0,1.0
更酷,0.0,9.0,0.0,1.0
旌旗,0.0,3.0,0.0,1.0
portal,0.0,3.0,0.0,1.0
暴增,0.0,3.0,0.0,1.0
最近,0.0,6.0,0.0,1.0
关于,0.0,3.0,0.0,1.0
欢迎,0.0,3.0,0.0,1.0
自治区,0.0,3.0,0.0,1.0
看上去,0.0,3.0,0.0,1.0
10,0.0,21.0,0.0,1.0
11.42,0.0,3.0,0.0,1.0
重视,0.0,3.0,0.0,1.0
其一,0.0,6.0,0.0,1.0
11,0.0,3.0,0.0,1.0
人群,0.0,21.0,0.0,1.0
帅气,0.0,3.0,0.0,1.0
线下,0.0,15.0,0.0,1.0
监督员,0.0,3.0,0.0,1.0
讲述,0.0,6.0,0.0,1.0
经济,0.0,3.0,0.0,1.0
龙,0.0,6.0,0.0,1.0
仅增,0.0,3.0,0.0,1.0
年度,0.0,9.0,0.0,1.0
一定,0.0,18.0,0.0,1.0
1204,0.0,3.0,0.0,1.0
亿营,0.0,6.0,0.0,1.0
周晏齐,0.0,12.0,0.0,1.0
创新,0.0,6.0,0.0,1.0
观看,0.0,3.0,0.0,1.0
冰冻,0.0,3.0,0.0,1.0
大衣,0.0,6.0,0.0,1.0
相,0.0,3.0,0.0,1.0
多,0.0,15.0,0.0,1.0
依旧,0.0,3.0,0.0,1.0
wxfrom,0.0,3.0,0.0,1.0
精英,0.0,3.0,0.0,1.0
4237,0.0,3.0,0.0,1.0
而言,0.0,6.0,0.0,1.0
／,0.0,3.0,0.0,1.0
年内,0.0,3.0,0.0,1.0
附有,0.0,3.0,0.0,1.0
出席,0.0,3.0,0.0,1.0
后面,0.0,3.0,0.0,1.0
包括,0.0,12.0,0.0,1.0
打理,0.0,3.0,0.0,1.0
用户,0.0,3.0,0.0,1.0
启程,0.0,3.0,0.0,1.0
孚色,0.0,3.0,0.0,1.0
除美邦,0.0,6.0,0.0,1.0
不同,0.0,24.0,0.0,1.0
没想到,0.0,3.0,0.0,1.0
牛,0.0,3.0,0.0,1.0
厂商,0.0,3.0,0.0,1.0
精心,0.0,3.0,0.0,1.0
276.4,0.0,3.0,0.0,1.0
算是,0.0,9.0,0.0,1.0
玩,0.0,3.0,0.0,1.0
而来,0.0,3.0,0.0,1.0
进货,15.0,3.0,0.8333333333333334,0.16666666666666666
多雨,0.0,3.0,0.0,1.0
周到,0.0,3.0,0.0,1.0
许多,0.0,6.0,0.0,1.0
下游,0.0,6.0,0.0,1.0
结合部,0.0,18.0,0.0,1.0
网红瘾,0.0,3.0,0.0,1.0
性强,0.0,3.0,0.0,1.0
征夫,0.0,3.0,0.0,1.0
必然选择,0.0,3.0,0.0,1.0
来海澜,0.0,3.0,0.0,1.0
采购,0.0,15.0,0.0,1.0
股,0.0,12.0,0.0,1.0
自行设计,0.0,3.0,0.0,1.0
店效,0.0,6.0,0.0,1.0
一包,0.0,3.0,0.0,1.0
开出,0.0,3.0,0.0,1.0
gif,0.0,15.0,0.0,1.0
qpic,0.0,63.0,0.0,1.0
显著,0.0,9.0,0.0,1.0
接手,0.0,3.0,0.0,1.0
上海,0.0,33.0,0.0,1.0
势必,0.0,3.0,0.0,1.0
生活,0.0,18.0,0.0,1.0
专做,0.0,3.0,0.0,1.0
600,0.0,3.0,0.0,1.0
退货,0.0,6.0,0.0,1.0
56,0.0,3.0,0.0,1.0
Hogsander,0.0,3.0,0.0,1.0
呼吸,0.0,3.0,0.0,1.0
季节,0.0,3.0,0.0,1.0
金融界,0.0,3.0,0.0,1.0
担任,0.0,12.0,0.0,1.0
朱,0.0,3.0,0.0,1.0
停步,0.0,3.0,0.0,1.0
收效,0.0,3.0,0.0,1.0
带来,0.0,9.0,0.0,1.0
微信,3.0,0.0,1.0,0.0
童装,0.0,6.0,0.0,1.0
原单,12.0,3.0,0.8,0.2
实施,0.0,9.0,0.0,1.0
资产,0.0,30.0,0.0,1.0
多字,0.0,6.0,0.0,1.0
减少,0.0,9.0,0.0,1.0
早些,0.0,6.0,0.0,1.0
定位,0.0,36.0,0.0,1.0
.,15.0,199.0,0.07009345794392523,0.9299065420560748
史,0.0,3.0,0.0,1.0
一季度,0.0,21.0,0.0,1.0
负责,0.0,6.0,0.0,1.0
路由器,0.0,3.0,0.0,1.0
经验,0.0,9.0,0.0,1.0
mmb,0.0,3.0,0.0,1.0
316,0.0,3.0,0.0,1.0
门店,0.0,120.0,0.0,1.0
1200,0.0,3.0,0.0,1.0
从里到外,0.0,6.0,0.0,1.0
uQCNewaF9GmyLDiaLq4PEE2TlibDhm7H5Du4OUcgsTUjE3ibBzm2Te7ng0fnVEg,0.0,3.0,0.0,1.0
后进,0.0,6.0,0.0,1.0
无比,0.0,3.0,0.0,1.0
业务流程,0.0,6.0,0.0,1.0
尾货海澜,15.0,0.0,1.0,0.0
之家及,0.0,3.0,0.0,1.0
第二点,0.0,6.0,0.0,1.0
通路,0.0,3.0,0.0,1.0
去年,0.0,9.0,0.0,1.0
有过,0.0,3.0,0.0,1.0
二线,0.0,3.0,0.0,1.0
挑,0.0,3.0,0.0,1.0
重组,9.0,0.0,1.0,0.0
霸屏,0.0,3.0,0.0,1.0
服装服饰,0.0,3.0,0.0,1.0
一帧,0.0,3.0,0.0,1.0
132,0.0,6.0,0.0,1.0
免于,0.0,3.0,0.0,1.0
运动,15.0,0.0,1.0,0.0
31,0.0,9.0,0.0,1.0
上市公司,0.0,36.0,0.0,1.0
运营,0.0,36.0,0.0,1.0
批次,0.0,3.0,0.0,1.0
落地,0.0,6.0,0.0,1.0
倚赖,0.0,3.0,0.0,1.0
这场,0.0,6.0,0.0,1.0
苹果公司,3.0,0.0,1.0,0.0
工场,0.0,6.0,0.0,1.0
马上,0.0,6.0,0.0,1.0
情况,0.0,27.0,0.0,1.0
情境,0.0,3.0,0.0,1.0
国名,0.0,3.0,0.0,1.0
金叉,0.0,15.0,0.0,1.0
2826596587d3,0.0,3.0,0.0,1.0
奠定,0.0,3.0,0.0,1.0
年轻化,0.0,12.0,0.0,1.0
服装业,0.0,9.0,0.0,1.0
扣,0.0,12.0,0.0,1.0
初衷,0.0,3.0,0.0,1.0
img2,0.0,6.0,0.0,1.0
钼业,0.0,3.0,0.0,1.0
重,0.0,18.0,0.0,1.0
转向,0.0,3.0,0.0,1.0
扬子,0.0,6.0,0.0,1.0
但,0.0,37.0,0.0,1.0
img,0.0,9.0,0.0,1.0
男装,39.0,145.0,0.21195652173913043,0.7880434782608695
洞察力,0.0,3.0,0.0,1.0
邦,0.0,6.0,0.0,1.0
各地,0.0,3.0,0.0,1.0
就算,0.0,3.0,0.0,1.0
纷纷,0.0,9.0,0.0,1.0
穿,0.0,12.0,0.0,1.0
为海澜,0.0,3.0,0.0,1.0
接班,0.0,3.0,0.0,1.0
声音,0.0,3.0,0.0,1.0
8.98,0.0,6.0,0.0,1.0
立足于,0.0,3.0,0.0,1.0
只有,0.0,18.0,0.0,1.0
掀起,0.0,6.0,0.0,1.0
责任,0.0,3.0,0.0,1.0
不断,0.0,12.0,0.0,1.0
多维度,0.0,3.0,0.0,1.0
重要,0.0,12.0,0.0,1.0
KAhiaAibMHU5iccksESjwyZxV8ElJwpMK4PiaORg3g35RFt80do361v2PJ2960xzWibnPFgnhWOCZiaUwSgkZ8ld38Qw,0.0,3.0,0.0,1.0
精确,0.0,3.0,0.0,1.0
坚守,0.0,6.0,0.0,1.0
增发,0.0,18.0,0.0,1.0
征程,0.0,6.0,0.0,1.0
长期,0.0,3.0,0.0,1.0
卖不出去,0.0,9.0,0.0,1.0
蒙面,0.0,3.0,0.0,1.0
战果,0.0,3.0,0.0,1.0
一次,0.0,3.0,0.0,1.0
概念,0.0,3.0,0.0,1.0
一波,0.0,3.0,0.0,1.0
130,0.0,9.0,0.0,1.0
以往,0.0,3.0,0.0,1.0
加大,0.0,6.0,0.0,1.0
LEe2B4XaM4kDztP9ia2RLQQ8VicEKXVDxzbgs1Z7qZNC1bQkgYsrFz3Drkby1Ky07XjDGRBSHe4QZZuEP5yQB0sQ,0.0,3.0,0.0,1.0
逆势,0.0,9.0,0.0,1.0
安全,0.0,9.0,0.0,1.0
清货微,6.0,0.0,1.0,0.0
收获,0.0,3.0,0.0,1.0
其为,0.0,3.0,0.0,1.0
之间,0.0,12.0,0.0,1.0
观察家,0.0,6.0,0.0,1.0
之子,0.0,6.0,0.0,1.0
那句,0.0,3.0,0.0,1.0
凭借,0.0,3.0,0.0,1.0
方向,0.0,6.0,0.0,1.0
男士,0.0,6.0,0.0,1.0
增长速度,0.0,3.0,0.0,1.0
挑选,0.0,15.0,0.0,1.0
统一,0.0,57.0,0.0,1.0
之手,0.0,3.0,0.0,1.0
之路,0.0,3.0,0.0,1.0
No,0.0,1.0,0.0,1.0
其彩,0.0,3.0,0.0,1.0
2,0.0,15.0,0.0,1.0
指点,0.0,6.0,0.0,1.0
退回,0.0,9.0,0.0,1.0
权益,0.0,6.0,0.0,1.0
是,0.0,186.0,0.0,1.0
良好,3.0,12.0,0.2,0.8
0.55,0.0,3.0,0.0,1.0
总是,0.0,3.0,0.0,1.0
全域,0.0,6.0,0.0,1.0
稳定,0.0,12.0,0.0,1.0
朋友圈,0.0,6.0,0.0,1.0
美邦,0.0,57.0,0.0,1.0
还,0.0,27.0,0.0,1.0
来到,0.0,6.0,0.0,1.0
粉,0.0,3.0,0.0,1.0
应有尽有,0.0,3.0,0.0,1.0
两招,0.0,6.0,0.0,1.0
首先,0.0,3.0,0.0,1.0
华润,0.0,6.0,0.0,1.0
计划,0.0,21.0,0.0,1.0
Hi,0.0,3.0,0.0,1.0
szrkNnBM7oJ4ehiaoiaaQNuSR7K0EMA9ribMCKAd4tGJ1EklHsX5EHr1Rt8hiaT4Yktj1yOWDVLLSnJ7NQ,0.0,3.0,0.0,1.0
看来,0.0,15.0,0.0,1.0
四大,0.0,9.0,0.0,1.0
加冕,0.0,6.0,0.0,1.0
迅速,0.0,6.0,0.0,1.0
实行,0.0,6.0,0.0,1.0
追求,0.0,3.0,0.0,1.0
达标,0.0,3.0,0.0,1.0
网上,0.0,6.0,0.0,1.0
权,0.0,3.0,0.0,1.0
智库,0.0,3.0,0.0,1.0
据海澜,0.0,3.0,0.0,1.0
单店,0.0,3.0,0.0,1.0
余明阳,0.0,6.0,0.0,1.0
十多年,0.0,3.0,0.0,1.0
5000,0.0,12.0,0.0,1.0
相互,0.0,3.0,0.0,1.0
聘请,0.0,3.0,0.0,1.0
oqibpFiaYmJ2EoVtmMxXtvUDJURlRnRkgK7H6OXrexHAd19ogA12icWSGkAlWPFg,0.0,3.0,0.0,1.0
威,0.0,3.0,0.0,1.0
从,0.0,105.0,0.0,1.0
神秘,0.0,3.0,0.0,1.0
次海澜,0.0,3.0,0.0,1.0
直至,0.0,3.0,0.0,1.0
全程,0.0,3.0,0.0,1.0
bpDaBcxlusZzwfu4DsEl9tnQlfdibEUeQsQyo8kMjicu7tKZlfVZC0219FPNLB22Dg8eW1szLx9B93w,0.0,3.0,0.0,1.0
位于,0.0,12.0,0.0,1.0
原辅料,0.0,3.0,0.0,1.0
掌握,0.0,3.0,0.0,1.0
年海澜,0.0,3.0,0.0,1.0
减小,0.0,3.0,0.0,1.0
不用,0.0,3.0,0.0,1.0
200,0.0,6.0,0.0,1.0
阿里巴巴,3.0,9.0,0.25,0.75
品质,0.0,9.0,0.0,1.0
为,0.0,78.0,0.0,1.0
坪效,0.0,3.0,0.0,1.0
更令,0.0,3.0,0.0,1.0
四家,0.0,12.0,0.0,1.0
仿佛,0.0,3.0,0.0,1.0
父亲,0.0,15.0,0.0,1.0
上升,0.0,3.0,0.0,1.0
旅游,0.0,3.0,0.0,1.0
动作,0.0,6.0,0.0,1.0
随后,0.0,9.0,0.0,1.0
正式,0.0,12.0,0.0,1.0
各自,0.0,3.0,0.0,1.0
标准版,0.0,3.0,0.0,1.0
休闲裤,0.0,3.0,0.0,1.0
亿左右,0.0,3.0,0.0,1.0
400,0.0,18.0,0.0,1.0
并,0.0,45.0,0.0,1.0
出马,0.0,3.0,0.0,1.0
有钱,0.0,3.0,0.0,1.0
刷屏,0.0,6.0,0.0,1.0
放大,0.0,3.0,0.0,1.0
主要,0.0,36.0,0.0,1.0
4305,0.0,9.0,0.0,1.0
分析,9.0,36.0,0.2,0.8
170,0.0,12.0,0.0,1.0
铭记,0.0,3.0,0.0,1.0
此中,0.0,3.0,0.0,1.0
如果说,0.0,3.0,0.0,1.0
审美,0.0,3.0,0.0,1.0
中低收入,0.0,3.0,0.0,1.0
公布,0.0,6.0,0.0,1.0
之家周,0.0,9.0,0.0,1.0
今年,0.0,9.0,0.0,1.0
十几年,0.0,6.0,0.0,1.0
同等,36.0,0.0,1.0,0.0
锁住,0.0,3.0,0.0,1.0
金融,0.0,3.0,0.0,1.0
确实,0.0,9.0,0.0,1.0
谈,0.0,15.0,0.0,1.0
低位,0.0,6.0,0.0,1.0
全民,0.0,3.0,0.0,1.0
易购,0.0,6.0,0.0,1.0
卖场,0.0,15.0,0.0,1.0
1.56,0.0,9.0,0.0,1.0
减轻,0.0,6.0,0.0,1.0
全部,0.0,3.0,0.0,1.0
针织衫,0.0,3.0,0.0,1.0
约,0.0,21.0,0.0,1.0
闽派,0.0,3.0,0.0,1.0
低价,3.0,0.0,1.0,0.0
原因,0.0,15.0,0.0,1.0
一款,0.0,9.0,0.0,1.0
综艺节目,0.0,6.0,0.0,1.0
slogan,0.0,3.0,0.0,1.0
县,0.0,3.0,0.0,1.0
t,0.0,3.0,0.0,1.0
此间,0.0,9.0,0.0,1.0
买,0.0,9.0,0.0,1.0
规划,0.0,12.0,0.0,1.0
5.47,0.0,3.0,0.0,1.0
吉隆坡,0.0,6.0,0.0,1.0
引发,0.0,3.0,0.0,1.0
号,3.0,0.0,1.0,0.0
成为,0.0,42.0,0.0,1.0
零售店,0.0,6.0,0.0,1.0
吉利,0.0,9.0,0.0,1.0
独辟蹊径,0.0,3.0,0.0,1.0
拿下,0.0,3.0,0.0,1.0
0.21,0.0,3.0,0.0,1.0
女士,0.0,3.0,0.0,1.0
总数,0.0,3.0,0.0,1.0
可,3.0,3.0,0.5,0.5
线,0.0,3.0,0.0,1.0
子女,0.0,3.0,0.0,1.0
印象,0.0,15.0,0.0,1.0
海通,0.0,3.0,0.0,1.0
ZARA,0.0,3.0,0.0,1.0
覆盖,0.0,3.0,0.0,1.0
即刻,0.0,3.0,0.0,1.0
同时,0.0,12.0,0.0,1.0
广百,0.0,6.0,0.0,1.0
30,0.0,6.0,0.0,1.0
沉沉,0.0,3.0,0.0,1.0
同档次,0.0,6.0,0.0,1.0
满足,0.0,3.0,0.0,1.0
处,0.0,6.0,0.0,1.0
套装,0.0,3.0,0.0,1.0
崇拜,0.0,3.0,0.0,1.0
触碰,0.0,3.0,0.0,1.0
后者,0.0,6.0,0.0,1.0
技术,0.0,3.0,0.0,1.0
跑江湖,9.0,0.0,1.0,0.0
直视,0.0,3.0,0.0,1.0
直到,0.0,6.0,0.0,1.0
行为,0.0,3.0,0.0,1.0
数据,0.0,24.0,0.0,1.0
T,0.0,3.0,0.0,1.0
控及,0.0,3.0,0.0,1.0
wjnericBs5hgdg6vdyJodU723gLDb8587LLv,0.0,3.0,0.0,1.0
一目了然,0.0,3.0,0.0,1.0
集中度,0.0,3.0,0.0,1.0
仪式,0.0,6.0,0.0,1.0
男人,0.0,51.0,0.0,1.0
屏,0.0,3.0,0.0,1.0
高级,0.0,3.0,0.0,1.0
94.83,0.0,3.0,0.0,1.0
认知,0.0,3.0,0.0,1.0
男性,0.0,42.0,0.0,1.0
销售,0.0,78.0,0.0,1.0
支付宝,0.0,3.0,0.0,1.0
增长幅度,0.0,6.0,0.0,1.0
批发,96.0,24.0,0.8,0.2
狂风,0.0,3.0,0.0,1.0
活力,0.0,3.0,0.0,1.0
这种,0.0,6.0,0.0,1.0
谈判,0.0,3.0,0.0,1.0
订单,0.0,9.0,0.0,1.0
名单,0.0,6.0,0.0,1.0
发布,0.0,6.0,0.0,1.0
雄心,0.0,3.0,0.0,1.0
赊购,0.0,3.0,0.0,1.0
洞察,0.0,9.0,0.0,1.0
春,15.0,0.0,1.0,0.0
国际化,0.0,3.0,0.0,1.0
利润,0.0,3.0,0.0,1.0
停牌,9.0,0.0,1.0,0.0
其二,0.0,6.0,0.0,1.0
位居,0.0,9.0,0.0,1.0
万件,0.0,3.0,0.0,1.0
老店,0.0,3.0,0.0,1.0
伊始,0.0,3.0,0.0,1.0
奢侈品,0.0,6.0,0.0,1.0
高起点,0.0,3.0,0.0,1.0
大,0.0,15.0,0.0,1.0
精明,0.0,3.0,0.0,1.0
持平,0.0,6.0,0.0,1.0
企划,0.0,3.0,0.0,1.0
凤凰,0.0,6.0,0.0,1.0
城乡,0.0,21.0,0.0,1.0
男士服装,0.0,3.0,0.0,1.0
羊毛,0.0,6.0,0.0,1.0
接口,9.0,0.0,1.0,0.0
合格,0.0,3.0,0.0,1.0
1.2,0.0,3.0,0.0,1.0
抗衡,0.0,3.0,0.0,1.0
一面,0.0,3.0,0.0,1.0
排名,0.0,3.0,0.0,1.0
如此,0.0,3.0,0.0,1.0
15,0.0,3.0,0.0,1.0
青春,0.0,6.0,0.0,1.0
显然,0.0,3.0,0.0,1.0
网罗,0.0,3.0,0.0,1.0
总体,0.0,3.0,0.0,1.0
输出,0.0,9.0,0.0,1.0
令人惊叹,0.0,6.0,0.0,1.0
女人,0.0,3.0,0.0,1.0
有限公司,3.0,3.0,0.5,0.5
了不起,0.0,6.0,0.0,1.0
最好,0.0,3.0,0.0,1.0
治理,0.0,3.0,0.0,1.0
轻松,0.0,9.0,0.0,1.0
优衣,0.0,3.0,0.0,1.0
随即,0.0,6.0,0.0,1.0
西服,0.0,24.0,0.0,1.0
净增,0.0,6.0,0.0,1.0
控,0.0,3.0,0.0,1.0
简单,0.0,12.0,0.0,1.0
财务,0.0,6.0,0.0,1.0
贡献,0.0,3.0,0.0,1.0
相当于,0.0,3.0,0.0,1.0
一套,0.0,3.0,0.0,1.0
做大,0.0,6.0,0.0,1.0
享受,0.0,3.0,0.0,1.0
棉麻,0.0,78.0,0.0,1.0
基地,0.0,3.0,0.0,1.0
形容,0.0,3.0,0.0,1.0
遇冷,0.0,3.0,0.0,1.0
筛选,0.0,6.0,0.0,1.0
方才,0.0,6.0,0.0,1.0
不难看出,0.0,3.0,0.0,1.0
大江南北,0.0,3.0,0.0,1.0
陆续,0.0,18.0,0.0,1.0
消费行为,0.0,6.0,0.0,1.0
快速增长,0.0,3.0,0.0,1.0
看好,0.0,3.0,0.0,1.0
包容,0.0,3.0,0.0,1.0
两条线,0.0,3.0,0.0,1.0
low,0.0,3.0,0.0,1.0
猜猜猜,0.0,3.0,0.0,1.0
img03,0.0,3.0,0.0,1.0
最大,0.0,6.0,0.0,1.0
天数,0.0,3.0,0.0,1.0
海,0.0,27.0,0.0,1.0
政策,0.0,3.0,0.0,1.0
公司地址,6.0,0.0,1.0,0.0
被,3.0,9.0,0.25,0.75
工资,0.0,6.0,0.0,1.0
唐君,0.0,3.0,0.0,1.0
占领,0.0,6.0,0.0,1.0
生产,0.0,30.0,0.0,1.0
关注,0.0,9.0,0.0,1.0
杠杆,0.0,6.0,0.0,1.0
上下游,0.0,12.0,0.0,1.0
第一,0.0,15.0,0.0,1.0
应该,0.0,3.0,0.0,1.0
态势,0.0,9.0,0.0,1.0
而是,0.0,6.0,0.0,1.0
环节,0.0,15.0,0.0,1.0
如今,0.0,3.0,0.0,1.0
人到中年,0.0,3.0,0.0,1.0
最具,0.0,6.0,0.0,1.0
品牌战略,0.0,3.0,0.0,1.0
大势所趋,0.0,3.0,0.0,1.0
HLA,0.0,57.0,0.0,1.0
迎合,0.0,3.0,0.0,1.0
系列,0.0,15.0,0.0,1.0
185x0,0.0,3.0,0.0,1.0
100,0.0,12.0,0.0,1.0
下方,3.0,0.0,1.0,0.0
交纳,0.0,6.0,0.0,1.0
加盟店,0.0,3.0,0.0,1.0
还会,0.0,3.0,0.0,1.0
衣舍,0.0,6.0,0.0,1.0
卡季,54.0,0.0,1.0,0.0
叶茂中,0.0,3.0,0.0,1.0
并且,0.0,18.0,0.0,1.0
入驻,0.0,3.0,0.0,1.0
多亿,0.0,9.0,0.0,1.0
商业,0.0,15.0,0.0,1.0
放缓,0.0,6.0,0.0,1.0
进军,0.0,12.0,0.0,1.0
全国性,0.0,3.0,0.0,1.0
权利,0.0,3.0,0.0,1.0
资本,9.0,6.0,0.6,0.4
高性价比,0.0,9.0,0.0,1.0
增幅,0.0,6.0,0.0,1.0
瞬间,0.0,3.0,0.0,1.0
日益壮大,0.0,3.0,0.0,1.0
超越,0.0,15.0,0.0,1.0
股东,0.0,3.0,0.0,1.0
沈阳机床,9.0,0.0,1.0,0.0
选到,15.0,0.0,1.0,0.0
优于,0.0,3.0,0.0,1.0
区别,0.0,3.0,0.0,1.0
知识产权,0.0,6.0,0.0,1.0
经营策略,0.0,3.0,0.0,1.0
空间,0.0,9.0,0.0,1.0
较,0.0,33.0,0.0,1.0
精耕细作,0.0,3.0,0.0,1.0
34,0.0,3.0,0.0,1.0
供应商,0.0,54.0,0.0,1.0
LVMH,0.0,6.0,0.0,1.0
社会,0.0,12.0,0.0,1.0
逛,0.0,12.0,0.0,1.0
grab,0.0,9.0,0.0,1.0
▲,0.0,3.0,0.0,1.0
净利,0.0,9.0,0.0,1.0
左,0.0,3.0,0.0,1.0
读者,0.0,3.0,0.0,1.0
三者,0.0,3.0,0.0,1.0
仅,0.0,9.0,0.0,1.0
喃喃,0.0,3.0,0.0,1.0
640,0.0,9.0,0.0,1.0
稍,0.0,6.0,0.0,1.0
大马,0.0,9.0,0.0,1.0
出自,0.0,3.0,0.0,1.0
运作,0.0,6.0,0.0,1.0
明星,0.0,3.0,0.0,1.0
版型,0.0,3.0,0.0,1.0
VLt4CCM90mP7hTCiaZqTQv9y2XcqGQpMUt5XJLxwLDEnSyIkTrzPAyEiciad5mbO7z8pLSwsCUdRKVLObiaxTCcVEg,0.0,3.0,0.0,1.0
直,0.0,3.0,0.0,1.0
月份,0.0,12.0,0.0,1.0
充分利用,0.0,6.0,0.0,1.0
开发,0.0,6.0,0.0,1.0
依托,0.0,3.0,0.0,1.0
IPO,0.0,3.0,0.0,1.0
4156,0.0,3.0,0.0,1.0
加盟,0.0,12.0,0.0,1.0
71,0.0,3.0,0.0,1.0
以海澜,0.0,3.0,0.0,1.0
地铁,0.0,12.0,0.0,1.0
拥有,0.0,12.0,0.0,1.0
共有,0.0,3.0,0.0,1.0
BGM,0.0,3.0,0.0,1.0
获得,0.0,15.0,0.0,1.0
3D,0.0,3.0,0.0,1.0
21621495431510,0.0,3.0,0.0,1.0
新开,0.0,9.0,0.0,1.0
超过,0.0,3.0,0.0,1.0
店员,0.0,9.0,0.0,1.0
以辣,0.0,3.0,0.0,1.0
就此,0.0,6.0,0.0,1.0
充沛,0.0,3.0,0.0,1.0
一带,0.0,3.0,0.0,1.0
于线,0.0,3.0,0.0,1.0
短袖,18.0,15.0,0.5454545454545454,0.45454545454545453
43.7,0.0,3.0,0.0,1.0
流行,0.0,3.0,0.0,1.0
没,0.0,3.0,0.0,1.0
qRA3yh0qns0NdpYfEyYDtKib48YRN94PRdI7rFG5fBNJMwhFIW1g2zW6Kl0yJG3oWX5bibvPVichBINt1BdiceiaYXw,0.0,3.0,0.0,1.0
二,0.0,3.0,0.0,1.0
750,0.0,3.0,0.0,1.0
思路,0.0,6.0,0.0,1.0
贵人,0.0,3.0,0.0,1.0
所有,0.0,24.0,0.0,1.0
何以,0.0,3.0,0.0,1.0
行情,0.0,6.0,0.0,1.0
能,15.0,27.0,0.35714285714285715,0.6428571428571429
团队,0.0,6.0,0.0,1.0
李,0.0,6.0,0.0,1.0
行业,3.0,24.0,0.1111111111111111,0.8888888888888888
质量,36.0,3.0,0.9230769230769231,0.07692307692307693
垂,0.0,3.0,0.0,1.0
登上,0.0,6.0,0.0,1.0
使海澜,0.0,3.0,0.0,1.0
对,0.0,63.0,0.0,1.0
创造,0.0,6.0,0.0,1.0
细分,0.0,3.0,0.0,1.0
中,3.0,57.0,0.05,0.95
间,0.0,3.0,0.0,1.0
眼球,0.0,3.0,0.0,1.0
;,0.0,45.0,0.0,1.0
电影,0.0,15.0,0.0,1.0
影响,3.0,6.0,0.3333333333333333,0.6666666666666666
成,0.0,15.0,0.0,1.0
首富,0.0,18.0,0.0,1.0
收到,0.0,3.0,0.0,1.0
澜之家,0.0,6.0,0.0,1.0
多年,0.0,6.0,0.0,1.0
75.27,0.0,3.0,0.0,1.0
分成,0.0,3.0,0.0,1.0
季末,0.0,3.0,0.0,1.0
街边,0.0,6.0,0.0,1.0
不错,0.0,6.0,0.0,1.0
tp,0.0,3.0,0.0,1.0
证明,0.0,6.0,0.0,1.0
最早,0.0,3.0,0.0,1.0
这句,0.0,3.0,0.0,1.0
短时间,0.0,3.0,0.0,1.0
自我,0.0,3.0,0.0,1.0
Cool,0.0,3.0,0.0,1.0
之战,0.0,3.0,0.0,1.0
持续,0.0,18.0,0.0,1.0
细化,0.0,3.0,0.0,1.0
类似,0.0,12.0,0.0,1.0
按照,0.0,18.0,0.0,1.0
扩展,0.0,3.0,0.0,1.0
年轻,0.0,6.0,0.0,1.0
假货,0.0,3.0,0.0,1.0
对此,0.0,3.0,0.0,1.0
充满信心,0.0,3.0,0.0,1.0
环境,0.0,9.0,0.0,1.0
51.01,0.0,3.0,0.0,1.0
亿美元,0.0,12.0,0.0,1.0
选择,0.0,6.0,0.0,1.0
5.74,0.0,6.0,0.0,1.0
特点,0.0,9.0,0.0,1.0
下表,0.0,6.0,0.0,1.0
600398,0.0,15.0,0.0,1.0
冲击,0.0,3.0,0.0,1.0
国民,0.0,48.0,0.0,1.0
引领,0.0,9.0,0.0,1.0
分别,0.0,18.0,0.0,1.0
里,0.0,15.0,0.0,1.0
未来,0.0,30.0,0.0,1.0
jykx,0.0,6.0,0.0,1.0
年少,0.0,3.0,0.0,1.0
红海,0.0,6.0,0.0,1.0
刘晋嵩,0.0,6.0,0.0,1.0
总,0.0,9.0,0.0,1.0
等待,0.0,9.0,0.0,1.0
<,0.0,84.0,0.0,1.0
45,0.0,3.0,0.0,1.0
快速,0.0,30.0,0.0,1.0
数字,0.0,6.0,0.0,1.0
市场份额,0.0,6.0,0.0,1.0
一,0.0,15.0,0.0,1.0
急剧,0.0,3.0,0.0,1.0
脱颖而出,0.0,3.0,0.0,1.0
来临,0.0,3.0,0.0,1.0
管理科学,0.0,6.0,0.0,1.0
目的,0.0,3.0,0.0,1.0
生态圈,0.0,3.0,0.0,1.0
唯品,0.0,6.0,0.0,1.0
宠儿,0.0,6.0,0.0,1.0
传承,0.0,6.0,0.0,1.0
联合,0.0,6.0,0.0,1.0
推进,0.0,3.0,0.0,1.0
重磅,0.0,3.0,0.0,1.0
连锁店,0.0,6.0,0.0,1.0
国内,3.0,28.0,0.0967741935483871,0.9032258064516129
大众,0.0,15.0,0.0,1.0
早期,0.0,3.0,0.0,1.0
而海澜,0.0,9.0,0.0,1.0
隔海相望,0.0,3.0,0.0,1.0
林,0.0,27.0,0.0,1.0
业绩,0.0,18.0,0.0,1.0
各家,0.0,6.0,0.0,1.0
乐观,0.0,6.0,0.0,1.0
店面,0.0,3.0,0.0,1.0
新店,0.0,9.0,0.0,1.0
其实,0.0,3.0,0.0,1.0
国内外,0.0,3.0,0.0,1.0
预期,0.0,9.0,0.0,1.0
保值,0.0,3.0,0.0,1.0
回测,0.0,3.0,0.0,1.0
一是,0.0,6.0,0.0,1.0
较为,0.0,15.0,0.0,1.0
民营企业,0.0,3.0,0.0,1.0
特性,0.0,6.0,0.0,1.0
420,0.0,6.0,0.0,1.0
　,0.0,606.0,0.0,1.0
?,0.0,147.0,0.0,1.0
灯号,0.0,3.0,0.0,1.0
作出反应,0.0,3.0,0.0,1.0
/,0.0,528.0,0.0,1.0
向,3.0,6.0,0.3333333333333333,0.6666666666666666
0.6,0.0,3.0,0.0,1.0
com,0.0,18.0,0.0,1.0
青年,0.0,9.0,0.0,1.0
各司其职,0.0,3.0,0.0,1.0
墙,0.0,3.0,0.0,1.0
包,0.0,3.0,0.0,1.0
尝试,0.0,12.0,0.0,1.0
跟随,0.0,3.0,0.0,1.0
凭,0.0,6.0,0.0,1.0
生命力,0.0,3.0,0.0,1.0
VGGfdCbVIviaQokStcl1ZibpvFQSYD80icvXgjLFcS0eWOStt2YnmL4y10r4V2dnsFUx4mW3YQ,0.0,3.0,0.0,1.0
217,0.0,6.0,0.0,1.0
管理模式,0.0,6.0,0.0,1.0
体系,0.0,6.0,0.0,1.0
频繁,0.0,3.0,0.0,1.0
交由,0.0,3.0,0.0,1.0
一改,0.0,3.0,0.0,1.0
土地,0.0,3.0,0.0,1.0
cool,0.0,3.0,0.0,1.0
配合,0.0,3.0,0.0,1.0
自,0.0,15.0,0.0,1.0
一年四季,18.0,9.0,0.6666666666666666,0.3333333333333333
很多,0.0,12.0,0.0,1.0
踏,0.0,3.0,0.0,1.0
直营,0.0,27.0,0.0,1.0
不能,0.0,12.0,0.0,1.0
势头,0.0,3.0,0.0,1.0
跟不上,0.0,3.0,0.0,1.0
颠覆,0.0,3.0,0.0,1.0
消费者,0.0,69.0,0.0,1.0
内衣,0.0,3.0,0.0,1.0
关键,0.0,3.0,0.0,1.0
前提,0.0,3.0,0.0,1.0
下单,0.0,3.0,0.0,1.0
很,0.0,18.0,0.0,1.0
之家外,0.0,3.0,0.0,1.0
系,0.0,3.0,0.0,1.0
其他,0.0,12.0,0.0,1.0
尾货,57.0,15.0,0.7916666666666666,0.20833333333333334
库存服装,3.0,0.0,1.0,0.0
针对,0.0,6.0,0.0,1.0
握有,0.0,6.0,0.0,1.0
年轻人,0.0,6.0,0.0,1.0
深度,0.0,9.0,0.0,1.0
27,0.0,6.0,0.0,1.0
局限,0.0,3.0,0.0,1.0
转账,6.0,0.0,1.0,0.0
七匹狼,0.0,93.0,0.0,1.0
一部,0.0,3.0,0.0,1.0
加速,0.0,9.0,0.0,1.0
毛利率,0.0,15.0,0.0,1.0
参演,0.0,6.0,0.0,1.0
134957ef68g6mfia1jcbyc,0.0,3.0,0.0,1.0
胜利,0.0,3.0,0.0,1.0
这为,0.0,3.0,0.0,1.0
打破,0.0,3.0,0.0,1.0
给予,0.0,3.0,0.0,1.0
更具,0.0,3.0,0.0,1.0
消化,0.0,3.0,0.0,1.0
手中,0.0,6.0,0.0,1.0
带,0.0,3.0,0.0,1.0
故事,0.0,3.0,0.0,1.0
另一方面,0.0,3.0,0.0,1.0
身高,0.0,3.0,0.0,1.0
记得,0.0,3.0,0.0,1.0
35,0.0,3.0,0.0,1.0
www,0.0,3.0,0.0,1.0
厂家,3.0,0.0,1.0,0.0
镜头,0.0,6.0,0.0,1.0
级,0.0,3.0,0.0,1.0
本土,0.0,18.0,0.0,1.0
秋冬装,12.0,0.0,1.0,0.0
举措,0.0,3.0,0.0,1.0
美特斯,0.0,6.0,0.0,1.0
收益率,0.0,18.0,0.0,1.0
居民收入,0.0,3.0,0.0,1.0
符合,0.0,12.0,0.0,1.0
预计,0.0,6.0,0.0,1.0
整个,0.0,9.0,0.0,1.0
内涵,0.0,6.0,0.0,1.0
每周,0.0,3.0,0.0,1.0
第一家,0.0,3.0,0.0,1.0
39.06,0.0,3.0,0.0,1.0
旁,0.0,6.0,0.0,1.0
广州市,6.0,0.0,1.0,0.0
镇,6.0,0.0,1.0,0.0
独有,0.0,3.0,0.0,1.0
并不大,0.0,3.0,0.0,1.0
人民币,0.0,3.0,0.0,1.0
垫立,0.0,3.0,0.0,1.0
辅助,0.0,3.0,0.0,1.0
冷感,0.0,3.0,0.0,1.0
密度,0.0,3.0,0.0,1.0
b262,0.0,3.0,0.0,1.0
合计,0.0,15.0,0.0,1.0
环比,0.0,3.0,0.0,1.0
方便,0.0,3.0,0.0,1.0
市值,0.0,67.0,0.0,1.0
兼微,12.0,0.0,1.0,0.0
者,0.0,3.0,0.0,1.0
全文,3.0,0.0,1.0,0.0
已有,0.0,3.0,0.0,1.0
分类,0.0,6.0,0.0,1.0
女儿,0.0,6.0,0.0,1.0
中航,9.0,0.0,1.0,0.0
企业,0.0,57.0,0.0,1.0
最新,0.0,9.0,0.0,1.0
地域,0.0,3.0,0.0,1.0
原始,0.0,3.0,0.0,1.0
新晋,0.0,3.0,0.0,1.0
目前,0.0,10.0,0.0,1.0
珠三角,0.0,3.0,0.0,1.0
2014,0.0,18.0,0.0,1.0
维持,0.0,6.0,0.0,1.0
高于,0.0,18.0,0.0,1.0
信卡季,6.0,0.0,1.0,0.0
明显好转,0.0,6.0,0.0,1.0
经历,0.0,9.0,0.0,1.0
权力,0.0,6.0,0.0,1.0
2017,0.0,45.0,0.0,1.0
纸业,0.0,6.0,0.0,1.0
现代感,0.0,3.0,0.0,1.0
几次,0.0,3.0,0.0,1.0
之力,0.0,3.0,0.0,1.0
节点,0.0,3.0,0.0,1.0
浓浓的,0.0,3.0,0.0,1.0
精等,0.0,3.0,0.0,1.0
合作伙伴,0.0,3.0,0.0,1.0
走上,0.0,3.0,0.0,1.0
以上,0.0,9.0,0.0,1.0
迎面而来,0.0,3.0,0.0,1.0
；,3.0,27.0,0.1,0.9
增加,0.0,21.0,0.0,1.0
水,0.0,3.0,0.0,1.0
17,0.0,6.0,0.0,1.0
与此同时,0.0,3.0,0.0,1.0
价位,0.0,9.0,0.0,1.0
变脸,0.0,3.0,0.0,1.0
不俗,0.0,6.0,0.0,1.0
活动,0.0,9.0,0.0,1.0
这片,0.0,3.0,0.0,1.0
厂家直销,15.0,0.0,1.0,0.0
提高,0.0,6.0,0.0,1.0
处理,0.0,6.0,0.0,1.0
大大,0.0,3.0,0.0,1.0
首个,0.0,3.0,0.0,1.0
消费,0.0,21.0,0.0,1.0
china,0.0,6.0,0.0,1.0
品牌优势,0.0,6.0,0.0,1.0
之一,0.0,15.0,0.0,1.0
9748942e6e18,0.0,3.0,0.0,1.0
),0.0,45.0,0.0,1.0
名副其实,0.0,3.0,0.0,1.0
因素,0.0,9.0,0.0,1.0
太重,0.0,3.0,0.0,1.0
扎根,0.0,3.0,0.0,1.0
营业,0.0,24.0,0.0,1.0
净,0.0,57.0,0.0,1.0
建平,0.0,39.0,0.0,1.0
由负,0.0,6.0,0.0,1.0
皮带,0.0,6.0,0.0,1.0
北上,0.0,3.0,0.0,1.0
8.41,0.0,3.0,0.0,1.0
固有,0.0,3.0,0.0,1.0
演绎,0.0,3.0,0.0,1.0
还要,0.0,3.0,0.0,1.0
倍,0.0,3.0,0.0,1.0
重新,0.0,3.0,0.0,1.0
品牌,45.0,384.0,0.1048951048951049,0.8951048951048951
观点,0.0,3.0,0.0,1.0
中产阶级,0.0,6.0,0.0,1.0
客家,9.0,0.0,1.0,0.0
真正,0.0,15.0,0.0,1.0
定下,0.0,3.0,0.0,1.0
结果,0.0,12.0,0.0,1.0
800,0.0,3.0,0.0,1.0
速度,18.0,3.0,0.8571428571428571,0.14285714285714285
表达方式,0.0,3.0,0.0,1.0
棉褛,0.0,3.0,0.0,1.0
净资产,0.0,18.0,0.0,1.0
小幅,0.0,12.0,0.0,1.0
男,0.0,6.0,0.0,1.0
选购,3.0,3.0,0.5,0.5
觉醒,0.0,3.0,0.0,1.0
男明星,0.0,6.0,0.0,1.0
秒,0.0,3.0,0.0,1.0
最,0.0,24.0,0.0,1.0
黄光裕,0.0,6.0,0.0,1.0
媒体报道,0.0,3.0,0.0,1.0
想卖,0.0,3.0,0.0,1.0
能够,0.0,15.0,0.0,1.0
适销,0.0,6.0,0.0,1.0
加上,0.0,6.0,0.0,1.0
女装品牌,0.0,3.0,0.0,1.0
保证,0.0,15.0,0.0,1.0
lRd5rFYf3FQZeHUzVSDcic4JrdXcdxatGjncjMictic6brLDliaAklK5ynVfg,0.0,3.0,0.0,1.0
气息,0.0,12.0,0.0,1.0
出样,0.0,3.0,0.0,1.0
传统,0.0,15.0,0.0,1.0
潮流,0.0,15.0,0.0,1.0
自选,0.0,24.0,0.0,1.0
位,0.0,21.0,0.0,1.0
要,0.0,15.0,0.0,1.0
报告,0.0,15.0,0.0,1.0
女,0.0,3.0,0.0,1.0
转型,0.0,9.0,0.0,1.0
积累,0.0,3.0,0.0,1.0
强力,0.0,3.0,0.0,1.0
萦绕,0.0,3.0,0.0,1.0
一站式,0.0,6.0,0.0,1.0
15.52,0.0,3.0,0.0,1.0
任何,0.0,6.0,0.0,1.0
多元化,0.0,3.0,0.0,1.0
关店,0.0,12.0,0.0,1.0
跟上,0.0,3.0,0.0,1.0
一段,0.0,3.0,0.0,1.0
上年,0.0,12.0,0.0,1.0
31.22,0.0,6.0,0.0,1.0
店铺,0.0,30.0,0.0,1.0
客户,15.0,6.0,0.7142857142857143,0.2857142857142857
shoppingmall,0.0,3.0,0.0,1.0
进取,0.0,3.0,0.0,1.0
一场,0.0,3.0,0.0,1.0
详见,0.0,6.0,0.0,1.0
白云区,6.0,0.0,1.0,0.0
夹克,0.0,6.0,0.0,1.0
飞亚洛,12.0,0.0,1.0,0.0
亿,0.0,42.0,0.0,1.0
macd,0.0,15.0,0.0,1.0
utuku,0.0,6.0,0.0,1.0
服饰品牌,0.0,3.0,0.0,1.0
开放,0.0,3.0,0.0,1.0
进入,3.0,0.0,1.0,0.0
分流,0.0,6.0,0.0,1.0
董事长,0.0,3.0,0.0,1.0
略有,0.0,3.0,0.0,1.0
时节,0.0,3.0,0.0,1.0
该,0.0,12.0,0.0,1.0
支持,3.0,6.0,0.3333333333333333,0.6666666666666666
海外,0.0,25.0,0.0,1.0
区隔,0.0,3.0,0.0,1.0
54,0.0,3.0,0.0,1.0
摆摊,9.0,0.0,1.0,0.0
橄榄枝,0.0,3.0,0.0,1.0
面前,0.0,3.0,0.0,1.0
超市,0.0,6.0,0.0,1.0
衣,0.0,3.0,0.0,1.0
职业,0.0,3.0,0.0,1.0
扣非,0.0,3.0,0.0,1.0
强势,0.0,6.0,0.0,1.0
补单,0.0,6.0,0.0,1.0
文,0.0,3.0,0.0,1.0
建设,0.0,6.0,0.0,1.0
之初,0.0,3.0,0.0,1.0
精细化,0.0,3.0,0.0,1.0
风格,0.0,6.0,0.0,1.0
以来,0.0,18.0,0.0,1.0
涉足,0.0,3.0,0.0,1.0
另一半,0.0,3.0,0.0,1.0
2.77,0.0,3.0,0.0,1.0
1号店,0.0,6.0,0.0,1.0
财报,0.0,15.0,0.0,1.0
功能,3.0,0.0,1.0,0.0
d9iaaX1OvJSDTtnD3mv5LhbD1tIuQCNewicVnYMjF5oKwTgiatm8cYAjd397RAYrFhXpn949ibrFWcUXZIPSurlCNg,0.0,3.0,0.0,1.0
两年,0.0,9.0,0.0,1.0
0.33,0.0,3.0,0.0,1.0
内,0.0,15.0,0.0,1.0
清凉,0.0,6.0,0.0,1.0
马,9.0,0.0,1.0,0.0
柔软,0.0,3.0,0.0,1.0
增开,0.0,3.0,0.0,1.0
不再,0.0,3.0,0.0,1.0
开业,0.0,6.0,0.0,1.0
挣扎,0.0,3.0,0.0,1.0
高颜值,0.0,3.0,0.0,1.0
【,0.0,21.0,0.0,1.0
36,0.0,6.0,0.0,1.0
暖冬,0.0,3.0,0.0,1.0
跳板,0.0,3.0,0.0,1.0
另外,0.0,21.0,0.0,1.0
占据,0.0,3.0,0.0,1.0
庙会,9.0,0.0,1.0,0.0
保持,0.0,24.0,0.0,1.0
几天,0.0,3.0,0.0,1.0
保障,0.0,6.0,0.0,1.0
系列产品,0.0,3.0,0.0,1.0
儿,0.0,6.0,0.0,1.0
一举,0.0,3.0,0.0,1.0
时尚,3.0,72.0,0.04,0.96
安踏,0.0,6.0,0.0,1.0
0.02,0.0,6.0,0.0,1.0
表达,0.0,12.0,0.0,1.0
圈,0.0,6.0,0.0,1.0
节奏,0.0,9.0,0.0,1.0
表现,0.0,18.0,0.0,1.0
有序,0.0,3.0,0.0,1.0
入夏,0.0,3.0,0.0,1.0
为何,0.0,3.0,0.0,1.0
martin,0.0,3.0,0.0,1.0
拍摄,0.0,3.0,0.0,1.0
做法,0.0,3.0,0.0,1.0
由林,0.0,3.0,0.0,1.0
榜,0.0,21.0,0.0,1.0
竞争,0.0,36.0,0.0,1.0
连续,0.0,15.0,0.0,1.0
截至,0.0,6.0,0.0,1.0
E,0.0,3.0,0.0,1.0
赶集,9.0,0.0,1.0,0.0
裤,9.0,0.0,1.0,0.0
人员,0.0,3.0,0.0,1.0
查阅,0.0,3.0,0.0,1.0
自身,0.0,3.0,0.0,1.0
货架,0.0,6.0,0.0,1.0
进度,0.0,3.0,0.0,1.0
外延,0.0,6.0,0.0,1.0
货源,21.0,12.0,0.6363636363636364,0.36363636363636365
大幅,0.0,3.0,0.0,1.0
总经理,0.0,12.0,0.0,1.0
C,0.0,3.0,0.0,1.0
一阵,0.0,3.0,0.0,1.0
《,0.0,63.0,0.0,1.0
102,0.0,6.0,0.0,1.0
运动服装,9.0,0.0,1.0,0.0
诉求,0.0,9.0,0.0,1.0
世纪,0.0,3.0,0.0,1.0
网友,0.0,9.0,0.0,1.0
绝大部分,0.0,3.0,0.0,1.0
补助,0.0,3.0,0.0,1.0
装修,0.0,3.0,0.0,1.0
涵盖,0.0,12.0,0.0,1.0
勿扰,0.0,6.0,0.0,1.0
做,0.0,12.0,0.0,1.0
募资,0.0,9.0,0.0,1.0
裤子,0.0,6.0,0.0,1.0
开启,0.0,6.0,0.0,1.0
采用,0.0,6.0,0.0,1.0
年报,0.0,9.0,0.0,1.0
纺织网,0.0,12.0,0.0,1.0
电子商务,0.0,9.0,0.0,1.0
代言人,0.0,15.0,0.0,1.0
阅读,3.0,0.0,1.0,0.0
summer,0.0,3.0,0.0,1.0
回购,0.0,6.0,0.0,1.0
zrT6EFib0uKDeUxAEDvH7zQb3m7iaa0WYJIuya1vbM83ib8AzGhYGZfECMNWclFPPThc35stq3cElLBQ,0.0,3.0,0.0,1.0
自由自在,0.0,3.0,0.0,1.0
实验学校,9.0,0.0,1.0,0.0
随便,0.0,6.0,0.0,1.0
出去,0.0,3.0,0.0,1.0
可能,0.0,3.0,0.0,1.0
㎡,0.0,3.0,0.0,1.0
率先,0.0,6.0,0.0,1.0
重点,0.0,12.0,0.0,1.0
实力,0.0,6.0,0.0,1.0
来袭,0.0,3.0,0.0,1.0
夹板,9.0,0.0,1.0,0.0
根据,0.0,21.0,0.0,1.0
深刻,0.0,3.0,0.0,1.0
无数,0.0,3.0,0.0,1.0
多元,0.0,3.0,0.0,1.0
升级,0.0,12.0,0.0,1.0
景象,0.0,3.0,0.0,1.0
拷贝,0.0,3.0,0.0,1.0
产业链,0.0,15.0,0.0,1.0
了解,0.0,15.0,0.0,1.0
爱居兔,0.0,45.0,0.0,1.0
制作,0.0,3.0,0.0,1.0
凿空,0.0,3.0,0.0,1.0
发稿,0.0,3.0,0.0,1.0
福布斯,0.0,3.0,0.0,1.0
奇迹,0.0,6.0,0.0,1.0
一整套,0.0,3.0,0.0,1.0
iOS,3.0,0.0,1.0,0.0
宣传片,0.0,3.0,0.0,1.0
近几年,0.0,3.0,0.0,1.0
秒表,0.0,3.0,0.0,1.0
尤其,0.0,3.0,0.0,1.0
流通,0.0,6.0,0.0,1.0
杜志国,0.0,6.0,0.0,1.0
末,0.0,3.0,0.0,1.0
群体,0.0,6.0,0.0,1.0
全国,0.0,15.0,0.0,1.0
晚间,0.0,3.0,0.0,1.0
名,12.0,0.0,1.0,0.0
一股,0.0,3.0,0.0,1.0
降价,0.0,3.0,0.0,1.0
无论是,0.0,9.0,0.0,1.0
赚钱,0.0,3.0,0.0,1.0
树欲静而风不止,0.0,3.0,0.0,1.0
当年,0.0,6.0,0.0,1.0
过,0.0,9.0,0.0,1.0
司,0.0,3.0,0.0,1.0
IP,0.0,3.0,0.0,1.0
干货,0.0,3.0,0.0,1.0
我国,0.0,3.0,0.0,1.0
红利,0.0,3.0,0.0,1.0
牛仔裤,0.0,9.0,0.0,1.0
看出,0.0,3.0,0.0,1.0
女装,0.0,24.0,0.0,1.0
飞驰,0.0,3.0,0.0,1.0
一致,0.0,6.0,0.0,1.0
高品位,0.0,9.0,0.0,1.0
最高,0.0,24.0,0.0,1.0
款式,0.0,12.0,0.0,1.0
18588852020,6.0,0.0,1.0,0.0
闽,0.0,9.0,0.0,1.0
Q1,0.0,3.0,0.0,1.0
投入,0.0,6.0,0.0,1.0
设有,0.0,9.0,0.0,1.0
比较,0.0,9.0,0.0,1.0
乘着,0.0,3.0,0.0,1.0
馆,0.0,3.0,0.0,1.0
一起,0.0,3.0,0.0,1.0
一季,0.0,12.0,0.0,1.0
不无关系,0.0,3.0,0.0,1.0
既,0.0,9.0,0.0,1.0
直接,0.0,15.0,0.0,1.0
开店,0.0,75.0,0.0,1.0
悄然,0.0,3.0,0.0,1.0
点,0.0,3.0,0.0,1.0
联系人,12.0,0.0,1.0,0.0
估值,0.0,6.0,0.0,1.0
获悉,0.0,3.0,0.0,1.0
力,0.0,3.0,0.0,1.0
pct,0.0,3.0,0.0,1.0
上游,0.0,9.0,0.0,1.0
完整,0.0,6.0,0.0,1.0
魅惑,0.0,3.0,0.0,1.0
舔,0.0,3.0,0.0,1.0
衰落,0.0,3.0,0.0,1.0
39.85,0.0,6.0,0.0,1.0
销售额,0.0,6.0,0.0,1.0
index,0.0,3.0,0.0,1.0
出大招,0.0,9.0,0.0,1.0
东升,0.0,3.0,0.0,1.0
~,0.0,3.0,0.0,1.0
加工,0.0,3.0,0.0,1.0
四季,15.0,3.0,0.8333333333333334,0.16666666666666666
为了,0.0,6.0,0.0,1.0
16,0.0,3.0,0.0,1.0
64,0.0,3.0,0.0,1.0
唱,0.0,3.0,0.0,1.0
规定,3.0,0.0,1.0,0.0
避免,0.0,3.0,0.0,1.0
市场,0.0,51.0,0.0,1.0
单身,0.0,3.0,0.0,1.0
问题,0.0,9.0,0.0,1.0
献礼,0.0,3.0,0.0,1.0
奉行,0.0,3.0,0.0,1.0
体验,0.0,6.0,0.0,1.0
准备,0.0,3.0,0.0,1.0
高达,0.0,6.0,0.0,1.0
陈晓,0.0,6.0,0.0,1.0
目标,0.0,18.0,0.0,1.0
靠,0.0,15.0,0.0,1.0
关切,0.0,3.0,0.0,1.0
用,0.0,15.0,0.0,1.0
万家,0.0,6.0,0.0,1.0
实际上,0.0,6.0,0.0,1.0
tIuQCNewO0lOEfo9rLCz8KIVpglNImPjJ7PtzCYxWKR2krDBeFdYBkjjYwK82Q,0.0,3.0,0.0,1.0
演员,0.0,6.0,0.0,1.0
转嫁,0.0,3.0,0.0,1.0
变,0.0,3.0,0.0,1.0
专业,0.0,3.0,0.0,1.0
繁忙,0.0,6.0,0.0,1.0
请,0.0,12.0,0.0,1.0
登陆,0.0,3.0,0.0,1.0
在,3.0,306.0,0.009708737864077669,0.9902912621359223
按铃,0.0,12.0,0.0,1.0
衬衫,0.0,15.0,0.0,1.0
新品,0.0,15.0,0.0,1.0
二季度,0.0,6.0,0.0,1.0
净利润,0.0,36.0,0.0,1.0
差距,0.0,3.0,0.0,1.0
信号,12.0,0.0,1.0,0.0
映射,0.0,3.0,0.0,1.0
近两年,0.0,6.0,0.0,1.0
记者,0.0,15.0,0.0,1.0
外包,0.0,3.0,0.0,1.0
型号,0.0,3.0,0.0,1.0
分配,0.0,3.0,0.0,1.0
小众,0.0,3.0,0.0,1.0
完美,0.0,3.0,0.0,1.0
下,0.0,45.0,0.0,1.0
父子,0.0,6.0,0.0,1.0
迈出,0.0,3.0,0.0,1.0
呈现,0.0,9.0,0.0,1.0
这个,3.0,27.0,0.1,0.9
但海澜,0.0,12.0,0.0,1.0
大增,0.0,3.0,0.0,1.0
单比例,0.0,6.0,0.0,1.0
研发,0.0,15.0,0.0,1.0
Joakim,0.0,3.0,0.0,1.0
曹格,0.0,3.0,0.0,1.0
重复,0.0,3.0,0.0,1.0
指挥,0.0,3.0,0.0,1.0
z8mHgCliboWqHysFuTdf217FJVTOO3pDO49NraojzvHDiaBMemvLmWZ01zF35T9QOpUUFdzocqyLltgjuuUF8vgA,0.0,3.0,0.0,1.0
将成,0.0,6.0,0.0,1.0
尖兵,0.0,3.0,0.0,1.0
广东省,0.0,6.0,0.0,1.0
爱,0.0,9.0,0.0,1.0
新生代,0.0,3.0,0.0,1.0
B,0.0,3.0,0.0,1.0
D5L4aHh6nCmpDePursYOP7Yc6iaN8jasyckbaQNGAqDG5Zg4jv6hnjOtKvNlySTzeUnia8OiasCDUF161DCKr4NPg,0.0,3.0,0.0,1.0
下降,0.0,21.0,0.0,1.0
下线,0.0,3.0,0.0,1.0
旋风,0.0,3.0,0.0,1.0
不仅,0.0,12.0,0.0,1.0
特别,0.0,12.0,0.0,1.0
大多数,0.0,3.0,0.0,1.0
气质,0.0,3.0,0.0,1.0
高,0.0,15.0,0.0,1.0
问财,0.0,3.0,0.0,1.0
水平,0.0,6.0,0.0,1.0
反射弧,0.0,3.0,0.0,1.0
状况良好,0.0,3.0,0.0,1.0
价格比,18.0,3.0,0.8571428571428571,0.14285714285714285
费用,0.0,3.0,0.0,1.0
四,0.0,6.0,0.0,1.0
即将,0.0,6.0,0.0,1.0
年,0.0,120.0,0.0,1.0
zjvc0Yd831lTLm9yFtzIiacjibiaK5QI5wQNrNy0mlSgveyavpyw,0.0,3.0,0.0,1.0
周转,0.0,3.0,0.0,1.0
同类,0.0,6.0,0.0,1.0
具体,0.0,6.0,0.0,1.0
使得,0.0,12.0,0.0,1.0
只,0.0,24.0,0.0,1.0
宽广,0.0,3.0,0.0,1.0
很大,0.0,3.0,0.0,1.0
收窄,0.0,3.0,0.0,1.0
日常,0.0,3.0,0.0,1.0
肢体,0.0,3.0,0.0,1.0
家电,0.0,3.0,0.0,1.0
寻求,0.0,6.0,0.0,1.0
据悉,0.0,6.0,0.0,1.0
较大,0.0,21.0,0.0,1.0
春夏秋冬,0.0,9.0,0.0,1.0
个位数,0.0,9.0,0.0,1.0
永恒,0.0,3.0,0.0,1.0
归属于,0.0,3.0,0.0,1.0
面料,0.0,12.0,0.0,1.0
九牧王,0.0,84.0,0.0,1.0
曝光,0.0,3.0,0.0,1.0
gkeTsxl7ArNzUoVJMGsiam2LsKrNfenLpLXjucuAy0aw4cCS,0.0,3.0,0.0,1.0
家主,0.0,15.0,0.0,1.0
产商,0.0,3.0,0.0,1.0
201707,0.0,3.0,0.0,1.0
这档,0.0,3.0,0.0,1.0
扩张,0.0,21.0,0.0,1.0
沃尔玛,0.0,6.0,0.0,1.0
YB,0.0,3.0,0.0,1.0
沸腾,0.0,3.0,0.0,1.0
累计,0.0,9.0,0.0,1.0
们,0.0,6.0,0.0,1.0
探店,0.0,3.0,0.0,1.0
18899733704,3.0,0.0,1.0,0.0
榜单,0.0,9.0,0.0,1.0
直辖市,0.0,3.0,0.0,1.0
跟踪,0.0,6.0,0.0,1.0
以期,0.0,3.0,0.0,1.0
40,0.0,3.0,0.0,1.0
jpg,0.0,45.0,0.0,1.0
革命,0.0,3.0,0.0,1.0
意识,0.0,3.0,0.0,1.0
451.97,0.0,6.0,0.0,1.0
营收,0.0,69.0,0.0,1.0
一家,0.0,36.0,0.0,1.0
近期,9.0,6.0,0.6,0.4
奔跑,0.0,6.0,0.0,1.0
降低,0.0,9.0,0.0,1.0
推出,0.0,33.0,0.0,1.0
已经,0.0,18.0,0.0,1.0
突围,0.0,3.0,0.0,1.0
著名,0.0,3.0,0.0,1.0
由,0.0,12.0,0.0,1.0
面临,0.0,6.0,0.0,1.0
起来,0.0,6.0,0.0,1.0
战略性,0.0,6.0,0.0,1.0
T恤衫,0.0,3.0,0.0,1.0
商品质量,0.0,9.0,0.0,1.0
第一位,0.0,6.0,0.0,1.0
着,0.0,24.0,0.0,1.0
来源,0.0,3.0,0.0,1.0
受热捧,0.0,3.0,0.0,1.0
KAhiaAibMHU585LJqVicYbEQyISnZoia,0.0,3.0,0.0,1.0
更大,0.0,3.0,0.0,1.0
不行,0.0,3.0,0.0,1.0
华丽,0.0,3.0,0.0,1.0
敏锐地,0.0,1.0,0.0,1.0
实由海澜,0.0,3.0,0.0,1.0
分解,0.0,3.0,0.0,1.0
周转率,0.0,12.0,0.0,1.0
兄弟,0.0,6.0,0.0,1.0
北京,0.0,12.0,0.0,1.0
3,9.0,15.0,0.375,0.625
7.43,0.0,3.0,0.0,1.0
进来,0.0,9.0,0.0,1.0
共同,0.0,12.0,0.0,1.0
不了,0.0,3.0,0.0,1.0
好,0.0,15.0,0.0,1.0
冻住,0.0,3.0,0.0,1.0
净额,0.0,9.0,0.0,1.0
普尔,0.0,3.0,0.0,1.0
培训,0.0,18.0,0.0,1.0
供应链,0.0,12.0,0.0,1.0
清晰,0.0,6.0,0.0,1.0
基础,0.0,6.0,0.0,1.0
超大型,0.0,6.0,0.0,1.0
乱七八糟,0.0,3.0,0.0,1.0
见证,0.0,3.0,0.0,1.0
总裁,0.0,9.0,0.0,1.0
可见,0.0,9.0,0.0,1.0
主角,0.0,3.0,0.0,1.0
jqiaz8Ge3UsPDdhBsqsvbdmia1NoqibpFiaYJ6qNicKEK8ovdSTl0j6gwZJQfYGGPV4qY5VgKV7FkldxPUYuD0oiabEQ,0.0,3.0,0.0,1.0
高质量,0.0,3.0,0.0,1.0
率,0.0,3.0,0.0,1.0
确定,0.0,3.0,0.0,1.0
效益,0.0,9.0,0.0,1.0
举行,0.0,3.0,0.0,1.0
ytx75111,0.0,6.0,0.0,1.0
零售额,0.0,6.0,0.0,1.0
称得上,0.0,3.0,0.0,1.0
篮子,0.0,3.0,0.0,1.0
中间商,0.0,6.0,0.0,1.0
脑洞,0.0,9.0,0.0,1.0
最小,0.0,6.0,0.0,1.0
多数,0.0,3.0,0.0,1.0
喜人,0.0,3.0,0.0,1.0
地素,0.0,3.0,0.0,1.0
潮牌,0.0,6.0,0.0,1.0
从外,0.0,3.0,0.0,1.0
辐射,0.0,3.0,0.0,1.0
断码,15.0,0.0,1.0,0.0
规格,0.0,6.0,0.0,1.0
地标,0.0,3.0,0.0,1.0
5.17,0.0,3.0,0.0,1.0
服装品牌,0.0,28.0,0.0,1.0
三家,0.0,6.0,0.0,1.0
流行色,0.0,3.0,0.0,1.0
1680,0.0,3.0,0.0,1.0
调整,0.0,3.0,0.0,1.0
闷气,0.0,3.0,0.0,1.0
具有,0.0,3.0,0.0,1.0
出发,0.0,3.0,0.0,1.0
所说,0.0,6.0,0.0,1.0
IMAGE,0.0,84.0,0.0,1.0
差异,0.0,9.0,0.0,1.0
37,0.0,6.0,0.0,1.0
截止,0.0,9.0,0.0,1.0
每套,0.0,3.0,0.0,1.0
J4beO7LcW0s8OvztwIrzomzq7QjAWTXlrFBibIw2o6loDoibYEzibuf5frsJeX74Ou1WrQg,0.0,3.0,0.0,1.0
上述,0.0,9.0,0.0,1.0
期末,0.0,3.0,0.0,1.0
为什么,0.0,15.0,0.0,1.0
直观,0.0,6.0,0.0,1.0
褪去,0.0,3.0,0.0,1.0
面积,0.0,3.0,0.0,1.0
加深,0.0,3.0,0.0,1.0
下滑,0.0,39.0,0.0,1.0
创作,0.0,3.0,0.0,1.0
委派,0.0,9.0,0.0,1.0
阵痛期,0.0,3.0,0.0,1.0
广告片,0.0,6.0,0.0,1.0
这方面,0.0,6.0,0.0,1.0
一经,0.0,3.0,0.0,1.0
失败,9.0,0.0,1.0,0.0
一把,0.0,3.0,0.0,1.0
奶爸,0.0,3.0,0.0,1.0
年底,0.0,9.0,0.0,1.0
取得,0.0,12.0,0.0,1.0
说海澜,0.0,6.0,0.0,1.0
社交,0.0,3.0,0.0,1.0
充足,0.0,3.0,0.0,1.0
玖,0.0,6.0,0.0,1.0
成本,0.0,9.0,0.0,1.0
前来,0.0,3.0,0.0,1.0
始终,0.0,3.0,0.0,1.0
潮人,0.0,3.0,0.0,1.0
21,0.0,9.0,0.0,1.0
知名度,0.0,21.0,0.0,1.0
将会,0.0,3.0,0.0,1.0
招聘,0.0,3.0,0.0,1.0
码数,0.0,6.0,0.0,1.0
不好过,0.0,3.0,0.0,1.0
拉架,0.0,3.0,0.0,1.0
单,0.0,3.0,0.0,1.0
每年,0.0,3.0,0.0,1.0
宣布,0.0,3.0,0.0,1.0
夏天,0.0,6.0,0.0,1.0
!,0.0,15.0,0.0,1.0
Summer,0.0,3.0,0.0,1.0
开窍,0.0,3.0,0.0,1.0
对于,0.0,12.0,0.0,1.0
那个,0.0,6.0,0.0,1.0
涉及,0.0,3.0,0.0,1.0
质感,0.0,9.0,0.0,1.0
版图,0.0,3.0,0.0,1.0
服装类,0.0,3.0,0.0,1.0
其它,0.0,6.0,0.0,1.0
如潮,0.0,3.0,0.0,1.0
后来,0.0,9.0,0.0,1.0
华人,0.0,3.0,0.0,1.0
美如画,0.0,3.0,0.0,1.0
进行,0.0,57.0,0.0,1.0
之家净,0.0,3.0,0.0,1.0
将,0.0,96.0,0.0,1.0
认识,0.0,3.0,0.0,1.0
红梅,0.0,3.0,0.0,1.0
随着,0.0,3.0,0.0,1.0
A股,0.0,15.0,0.0,1.0
只能,0.0,6.0,0.0,1.0
WPP,0.0,6.0,0.0,1.0
迹象,0.0,6.0,0.0,1.0
版假,0.0,3.0,0.0,1.0
典型,0.0,3.0,0.0,1.0
裂帛,0.0,3.0,0.0,1.0
链接,0.0,3.0,0.0,1.0
连住,0.0,12.0,0.0,1.0
把握住,0.0,1.0,0.0,1.0
这是,0.0,3.0,0.0,1.0
冷假,0.0,3.0,0.0,1.0
7Ooiag,0.0,3.0,0.0,1.0
甩掉,0.0,3.0,0.0,1.0
放在,0.0,3.0,0.0,1.0
性价比,0.0,15.0,0.0,1.0
同期相比,0.0,6.0,0.0,1.0
业务范围,0.0,3.0,0.0,1.0
户外,15.0,0.0,1.0,0.0
购物中心,0.0,21.0,0.0,1.0
男神,0.0,3.0,0.0,1.0
一手,3.0,6.0,0.3333333333333333,0.6666666666666666
淡出,0.0,3.0,0.0,1.0
青睐,0.0,3.0,0.0,1.0
笔者,0.0,3.0,0.0,1.0
…,0.0,18.0,0.0,1.0
所,0.0,9.0,0.0,1.0
空调,0.0,6.0,0.0,1.0
往,0.0,3.0,0.0,1.0
虽使,0.0,3.0,0.0,1.0
盛大,0.0,3.0,0.0,1.0
成长,0.0,6.0,0.0,1.0
快,18.0,9.0,0.6666666666666666,0.3333333333333333
张茵,0.0,6.0,0.0,1.0
13,0.0,3.0,0.0,1.0
6,0.0,15.0,0.0,1.0
加快,0.0,3.0,0.0,1.0
冰墙,0.0,12.0,0.0,1.0
微,0.0,12.0,0.0,1.0
近年来,0.0,15.0,0.0,1.0
赫然,0.0,3.0,0.0,1.0
控费,0.0,3.0,0.0,1.0
优势,0.0,87.0,0.0,1.0
秋冬,3.0,3.0,0.5,0.5
上,0.0,69.0,0.0,1.0
盯人,0.0,3.0,0.0,1.0
推,0.0,3.0,0.0,1.0
LEe2B4XaM4lMs3szSeP3ibIeuf0I0AlRdo4WHKrAaByRPm56h4GiakMO4OrzDMIgcuxIPRj7FWoXr0Boibk1ThDibw,0.0,3.0,0.0,1.0
http,0.0,84.0,0.0,1.0
百丽,0.0,3.0,0.0,1.0
零售,0.0,33.0,0.0,1.0
优秀,0.0,3.0,0.0,1.0
半,0.0,3.0,0.0,1.0
念出,0.0,3.0,0.0,1.0
证券,0.0,6.0,0.0,1.0
路上,0.0,3.0,0.0,1.0
由海澜,0.0,3.0,0.0,1.0
杭州,0.0,3.0,0.0,1.0
承诺,0.0,3.0,0.0,1.0
吸收,0.0,18.0,0.0,1.0
植入,0.0,6.0,0.0,1.0
受众,0.0,3.0,0.0,1.0
网络管理,0.0,3.0,0.0,1.0
老板,0.0,12.0,0.0,1.0
马来西亚,0.0,48.0,0.0,1.0
省外,0.0,6.0,0.0,1.0
试营业,0.0,3.0,0.0,1.0
六大,0.0,6.0,0.0,1.0
调货,0.0,6.0,0.0,1.0
之前,0.0,9.0,0.0,1.0
设计,0.0,27.0,0.0,1.0
服饰,3.0,87.0,0.03333333333333333,0.9666666666666667
连锁,0.0,18.0,0.0,1.0
永旺,0.0,6.0,0.0,1.0
举办,0.0,6.0,0.0,1.0
60,0.0,3.0,0.0,1.0
一溜,0.0,3.0,0.0,1.0
并购,0.0,3.0,0.0,1.0
点击,3.0,0.0,1.0,0.0
均,0.0,12.0,0.0,1.0
1Q,0.0,3.0,0.0,1.0
百分之十,0.0,3.0,0.0,1.0
陈列,0.0,9.0,0.0,1.0
等,0.0,111.0,0.0,1.0
市场占有率,0.0,3.0,0.0,1.0
成功,0.0,12.0,0.0,1.0
A,0.0,3.0,0.0,1.0
带动,0.0,3.0,0.0,1.0
高端,0.0,3.0,0.0,1.0
以及,0.0,30.0,0.0,1.0
年份,0.0,3.0,0.0,1.0
时尚化,0.0,6.0,0.0,1.0
鲜肉,0.0,6.0,0.0,1.0
定制,0.0,3.0,0.0,1.0
背靠,0.0,3.0,0.0,1.0
星星,0.0,6.0,0.0,1.0
另类,0.0,3.0,0.0,1.0
影响力,0.0,9.0,0.0,1.0
却是,0.0,3.0,0.0,1.0
002029,0.0,3.0,0.0,1.0
z8mHgCliboWqHysFuTdf217FJVTOO3pDOs3AMYyiciaTmZf4nZMt05ALkT01CzfV5gWVZqmMxXDJqDsl01t0YfcgA,0.0,3.0,0.0,1.0
拼搏,0.0,3.0,0.0,1.0
小编,0.0,3.0,0.0,1.0
成绩,0.0,3.0,0.0,1.0
300,0.0,3.0,0.0,1.0
预热,0.0,3.0,0.0,1.0
配上,0.0,3.0,0.0,1.0
同行,0.0,9.0,0.0,1.0
国美,0.0,9.0,0.0,1.0
李书福,0.0,6.0,0.0,1.0
亲子,0.0,3.0,0.0,1.0
一路,6.0,6.0,0.5,0.5
平价,0.0,9.0,0.0,1.0
67,0.0,3.0,0.0,1.0
拼,0.0,6.0,0.0,1.0
身临其境,0.0,3.0,0.0,1.0
超级,0.0,9.0,0.0,1.0
其怀真,0.0,3.0,0.0,1.0
向下,0.0,6.0,0.0,1.0
一条,0.0,12.0,0.0,1.0
想像力,0.0,3.0,0.0,1.0
商报,0.0,6.0,0.0,1.0
导致,0.0,3.0,0.0,1.0
成品,0.0,3.0,0.0,1.0
城镇,0.0,3.0,0.0,1.0
内内,0.0,3.0,0.0,1.0
剪标,51.0,6.0,0.8947368421052632,0.10526315789473684
股票,54.0,21.0,0.72,0.28
定,0.0,6.0,0.0,1.0
显现,0.0,3.0,0.0,1.0
之家微,0.0,3.0,0.0,1.0
借道,0.0,6.0,0.0,1.0
店,0.0,18.0,0.0,1.0
20170522,0.0,9.0,0.0,1.0
汽车,0.0,3.0,0.0,1.0
简直,0.0,3.0,0.0,1.0
于,0.0,21.0,0.0,1.0
投向,0.0,3.0,0.0,1.0
主,0.0,15.0,0.0,1.0
data,0.0,3.0,0.0,1.0
一年,0.0,18.0,0.0,1.0
所谓,0.0,3.0,0.0,1.0
制定,0.0,3.0,0.0,1.0
各获,0.0,3.0,0.0,1.0
定义,0.0,9.0,0.0,1.0
滴答,0.0,3.0,0.0,1.0
鳄,12.0,0.0,1.0,0.0
夏夜,0.0,3.0,0.0,1.0
路,0.0,12.0,0.0,1.0
分析师,0.0,3.0,0.0,1.0
好评,0.0,6.0,0.0,1.0
25,0.0,3.0,0.0,1.0
提出,0.0,3.0,0.0,1.0
才,0.0,21.0,0.0,1.0
以,0.0,66.0,0.0,1.0
开放日,0.0,3.0,0.0,1.0
密切,0.0,3.0,0.0,1.0
上面,0.0,3.0,0.0,1.0
知道,0.0,6.0,0.0,1.0
收购,0.0,3.0,0.0,1.0
演绎出,0.0,3.0,0.0,1.0
没落,0.0,6.0,0.0,1.0
报收,0.0,3.0,0.0,1.0
存在,0.0,12.0,0.0,1.0
从而,0.0,12.0,0.0,1.0
免去,0.0,3.0,0.0,1.0
720,0.0,3.0,0.0,1.0
不少,0.0,3.0,0.0,1.0
进驻,0.0,9.0,0.0,1.0
wx,0.0,120.0,0.0,1.0
让,0.0,45.0,0.0,1.0
d,0.0,3.0,0.0,1.0
作者,0.0,6.0,0.0,1.0
隐藏,0.0,3.0,0.0,1.0
购买,0.0,9.0,0.0,1.0
多店,0.0,3.0,0.0,1.0
明确,0.0,3.0,0.0,1.0
购衣,0.0,15.0,0.0,1.0
这些,0.0,27.0,0.0,1.0
婷婷,3.0,0.0,1.0,0.0
透气,0.0,3.0,0.0,1.0
关爱,0.0,3.0,0.0,1.0
同期,0.0,6.0,0.0,1.0
模式,2.0,66.0,0.029411764705882353,0.9705882352941176
九牧妃,0.0,3.0,0.0,1.0
单纯,0.0,3.0,0.0,1.0
实现,0.0,45.0,0.0,1.0
本身,0.0,3.0,0.0,1.0
1000,0.0,6.0,0.0,1.0
事件,0.0,3.0,0.0,1.0
收超,0.0,6.0,0.0,1.0
理念,0.0,3.0,0.0,1.0
新,3.0,45.0,0.0625,0.9375
走样,0.0,3.0,0.0,1.0
世界观,0.0,3.0,0.0,1.0
5243,0.0,6.0,0.0,1.0
变革,0.0,9.0,0.0,1.0
对面,9.0,0.0,1.0,0.0
350,0.0,9.0,0.0,1.0
众多,0.0,9.0,0.0,1.0
热销,0.0,3.0,0.0,1.0
认为,0.0,15.0,0.0,1.0
经营,0.0,60.0,0.0,1.0
Chong,0.0,3.0,0.0,1.0
好转,0.0,3.0,0.0,1.0
因,0.0,6.0,0.0,1.0
不景气,0.0,3.0,0.0,1.0
标志,0.0,9.0,0.0,1.0
观察,0.0,3.0,0.0,1.0
锁,0.0,6.0,0.0,1.0
规模,0.0,6.0,0.0,1.0
压力,0.0,6.0,0.0,1.0
>,0.0,141.0,0.0,1.0
经销商,0.0,6.0,0.0,1.0
对照,0.0,3.0,0.0,1.0
变化,0.0,9.0,0.0,1.0
2015,0.0,12.0,0.0,1.0
下跌,0.0,6.0,0.0,1.0
远远,0.0,6.0,0.0,1.0
Newwiac88iana1nSCRoVAeeDcU0hlygymkjibNoHB2k3uGWxDQEQiagzxulsg,0.0,3.0,0.0,1.0
天猫,0.0,6.0,0.0,1.0
处于,0.0,6.0,0.0,1.0
做出,0.0,3.0,0.0,1.0
还手,0.0,3.0,0.0,1.0
158,0.0,6.0,0.0,1.0
或是,0.0,3.0,0.0,1.0
购物,0.0,6.0,0.0,1.0
通过,3.0,39.0,0.07142857142857142,0.9285714285714286
下沉,0.0,3.0,0.0,1.0
感受,0.0,9.0,0.0,1.0
时间,0.0,6.0,0.0,1.0
无须,0.0,6.0,0.0,1.0
控制力,0.0,3.0,0.0,1.0
主流,0.0,6.0,0.0,1.0
方面,0.0,3.0,0.0,1.0
三个,0.0,6.0,0.0,1.0
从上到下,0.0,6.0,0.0,1.0
更好,0.0,6.0,0.0,1.0
出现,0.0,18.0,0.0,1.0
产品开发,0.0,3.0,0.0,1.0
信息中心,0.0,3.0,0.0,1.0
闪亮,0.0,3.0,0.0,1.0
设置,0.0,3.0,0.0,1.0
实体店,0.0,3.0,0.0,1.0
理想,0.0,3.0,0.0,1.0
宣告,0.0,3.0,0.0,1.0
全球化,0.0,3.0,0.0,1.0
选,0.0,18.0,0.0,1.0
247,0.0,3.0,0.0,1.0
d9iaaX1OvJSDTtnD3mv5LhbD1tIuQCNewhBpmyMibZKmeCFddkroqMNGh1KsXGkKgRNtA3TIayJ6rGl8T1ia3u5dg,0.0,3.0,0.0,1.0
坚信,0.0,3.0,0.0,1.0
品类,0.0,12.0,0.0,1.0
地,0.0,3.0,0.0,1.0
教父,0.0,6.0,0.0,1.0
file,0.0,3.0,0.0,1.0
部门,0.0,9.0,0.0,1.0
涨停,0.0,12.0,0.0,1.0
强,0.0,12.0,0.0,1.0
排行榜,0.0,9.0,0.0,1.0
父子关系,0.0,3.0,0.0,1.0
以内,0.0,3.0,0.0,1.0
123,0.0,6.0,0.0,1.0
身边,0.0,3.0,0.0,1.0
比,18.0,18.0,0.5,0.5
岁,0.0,12.0,0.0,1.0
领域,0.0,9.0,0.0,1.0
足够,0.0,3.0,0.0,1.0
达到,0.0,3.0,0.0,1.0
转好,0.0,12.0,0.0,1.0
caij,0.0,3.0,0.0,1.0
毛衫,0.0,6.0,0.0,1.0
重量级,0.0,3.0,0.0,1.0
向海,0.0,3.0,0.0,1.0
受到,0.0,3.0,0.0,1.0
衣柜,0.0,45.0,0.0,1.0
前景,0.0,3.0,0.0,1.0
比是,0.0,3.0,0.0,1.0
年净,0.0,3.0,0.0,1.0
之外,0.0,9.0,0.0,1.0
魔法,0.0,3.0,0.0,1.0
字帅,0.0,3.0,0.0,1.0
走,0.0,24.0,0.0,1.0
个,0.0,33.0,0.0,1.0
不能不,0.0,3.0,0.0,1.0
商城,0.0,9.0,0.0,1.0
抢占,0.0,3.0,0.0,1.0
挤压,0.0,3.0,0.0,1.0
参与,0.0,9.0,0.0,1.0
地区,0.0,9.0,0.0,1.0
把握,0.0,3.0,0.0,1.0
积极,0.0,9.0,0.0,1.0
零,0.0,3.0,0.0,1.0
612a5b3c,0.0,3.0,0.0,1.0
不佳,0.0,3.0,0.0,1.0
孵化,0.0,3.0,0.0,1.0
集团,0.0,18.0,0.0,1.0
商超,0.0,6.0,0.0,1.0
扫码,0.0,3.0,0.0,1.0
明显,0.0,18.0,0.0,1.0
塑造,0.0,12.0,0.0,1.0
品种,0.0,12.0,0.0,1.0
43.74,0.0,3.0,0.0,1.0
舞姿,0.0,6.0,0.0,1.0
三条,0.0,3.0,0.0,1.0
比例,0.0,3.0,0.0,1.0
打折,0.0,6.0,0.0,1.0
4,6.0,39.0,0.13333333333333333,0.8666666666666667
zarahome,0.0,3.0,0.0,1.0
发现,0.0,3.0,0.0,1.0
4.5,0.0,3.0,0.0,1.0
出售,0.0,3.0,0.0,1.0
控制,0.0,12.0,0.0,1.0
后续,0.0,6.0,0.0,1.0
第三次,0.0,3.0,0.0,1.0
95.8,0.0,3.0,0.0,1.0
跃马扬鞭,0.0,3.0,0.0,1.0
条件,0.0,3.0,0.0,1.0
7.39,0.0,6.0,0.0,1.0
周,0.0,30.0,0.0,1.0
雅戈尔,0.0,3.0,0.0,1.0
更是,0.0,6.0,0.0,1.0
到处,0.0,3.0,0.0,1.0
新兴,0.0,3.0,0.0,1.0
新增,0.0,21.0,0.0,1.0
说,0.0,15.0,0.0,1.0
广州,33.0,12.0,0.7333333333333333,0.26666666666666666
寥寥无几,0.0,1.0,0.0,1.0
等等,0.0,3.0,0.0,1.0
一片,0.0,3.0,0.0,1.0
_,0.0,180.0,0.0,1.0
众人,0.0,3.0,0.0,1.0
施,0.0,3.0,0.0,1.0
&,0.0,12.0,0.0,1.0
借,0.0,9.0,0.0,1.0
纪律性,0.0,3.0,0.0,1.0
火爆,0.0,3.0,0.0,1.0
资源,0.0,18.0,0.0,1.0
之后,0.0,30.0,0.0,1.0
大脑,0.0,6.0,0.0,1.0
-,0.0,78.0,0.0,1.0
强化,0.0,3.0,0.0,1.0
中小企业,0.0,3.0,0.0,1.0
开拓,0.0,3.0,0.0,1.0
着力,0.0,3.0,0.0,1.0
自然,0.0,6.0,0.0,1.0
客群,0.0,3.0,0.0,1.0
儿女,0.0,3.0,0.0,1.0
吸引,0.0,15.0,0.0,1.0
个股,0.0,6.0,0.0,1.0
倡导,0.0,6.0,0.0,1.0
科技,0.0,6.0,0.0,1.0
第一个,0.0,6.0,0.0,1.0
爆,0.0,3.0,0.0,1.0
现状,0.0,3.0,0.0,1.0
引导,0.0,3.0,0.0,1.0
其子,0.0,3.0,0.0,1.0
8.54,0.0,3.0,0.0,1.0
ce2c,0.0,3.0,0.0,1.0
相对,0.0,12.0,0.0,1.0
精准,0.0,6.0,0.0,1.0
粉丝,0.0,6.0,0.0,1.0
抓住,0.0,3.0,0.0,1.0
京东,0.0,6.0,0.0,1.0
Ieuf0I0AlRdHMeKJcQVywUNHF0C2FgGdvibfWlluZtFjSibqrpqwpqpYQEcNSeuJ54Q,0.0,3.0,0.0,1.0
正如,0.0,3.0,0.0,1.0
为主,0.0,3.0,0.0,1.0
引爆,0.0,3.0,0.0,1.0
着眼,0.0,3.0,0.0,1.0
而且,0.0,6.0,0.0,1.0
平台,0.0,6.0,0.0,1.0
怎样,0.0,3.0,0.0,1.0
代表,0.0,9.0,0.0,1.0
家用,0.0,3.0,0.0,1.0
%,0.0,108.0,0.0,1.0
部分,0.0,6.0,0.0,1.0
代言,0.0,18.0,0.0,1.0
毫无疑问,0.0,3.0,0.0,1.0
更加,0.0,12.0,0.0,1.0
感觉,0.0,3.0,0.0,1.0
国际,0.0,4.0,0.0,1.0
千年,0.0,3.0,0.0,1.0
突然,0.0,3.0,0.0,1.0
大程度,0.0,3.0,0.0,1.0
内裤,0.0,3.0,0.0,1.0
天宝,9.0,0.0,1.0,0.0
国门,0.0,3.0,0.0,1.0
下半年,0.0,6.0,0.0,1.0
有点,0.0,3.0,0.0,1.0
(,0.0,45.0,0.0,1.0
现象,0.0,3.0,0.0,1.0
在于,0.0,6.0,0.0,1.0
（,9.0,54.0,0.14285714285714285,0.8571428571428571
着装,0.0,3.0,0.0,1.0
短短,0.0,3.0,0.0,1.0
更,0.0,36.0,0.0,1.0
标准化,0.0,15.0,0.0,1.0
Dato,0.0,3.0,0.0,1.0
服务员,0.0,3.0,0.0,1.0
1,0.0,19.0,0.0,1.0
表示,0.0,6.0,0.0,1.0
2010,0.0,6.0,0.0,1.0
广告投放,0.0,3.0,0.0,1.0
二次,0.0,9.0,0.0,1.0
微降,0.0,3.0,0.0,1.0
十大,0.0,3.0,0.0,1.0
出演,0.0,3.0,0.0,1.0
批量,0.0,3.0,0.0,1.0
亚马逊,0.0,6.0,0.0,1.0
static,0.0,3.0,0.0,1.0
客流量,0.0,3.0,0.0,1.0
据,0.0,12.0,0.0,1.0
王思聪,0.0,6.0,0.0,1.0
解释,0.0,9.0,0.0,1.0
14,0.0,3.0,0.0,1.0
感,0.0,6.0,0.0,1.0
巨头,0.0,6.0,0.0,1.0
发扬光大,0.0,3.0,0.0,1.0
数量,0.0,6.0,0.0,1.0
日立,0.0,6.0,0.0,1.0
哪件,0.0,3.0,0.0,1.0
62,0.0,6.0,0.0,1.0
异常,0.0,3.0,0.0,1.0
归海,0.0,3.0,0.0,1.0
国产,0.0,9.0,0.0,1.0
嘉宾,0.0,6.0,0.0,1.0
公司,18.0,90.0,0.16666666666666666,0.8333333333333334
号型,0.0,3.0,0.0,1.0
无,0.0,9.0,0.0,1.0
披荆斩棘,0.0,3.0,0.0,1.0
日均,0.0,3.0,0.0,1.0
807,0.0,3.0,0.0,1.0
印小天,0.0,6.0,0.0,1.0
东方网,0.0,3.0,0.0,1.0
全新,0.0,3.0,0.0,1.0
春夏,0.0,9.0,0.0,1.0
稳居,0.0,1.0,0.0,1.0
树立,0.0,6.0,0.0,1.0
海澜,38.0,1027.0,0.03568075117370892,0.964319248826291
买不起,0.0,3.0,0.0,1.0
排名第,0.0,3.0,0.0,1.0
天气,0.0,6.0,0.0,1.0
赞赏,6.0,0.0,1.0,0.0
频道,0.0,3.0,0.0,1.0
导购,0.0,9.0,0.0,1.0
更想,0.0,3.0,0.0,1.0
型,0.0,6.0,0.0,1.0
其利,0.0,3.0,0.0,1.0
圆领,0.0,3.0,0.0,1.0
看,0.0,3.0,0.0,1.0
需要,0.0,24.0,0.0,1.0
合作,3.0,3.0,0.5,0.5
左右,0.0,9.0,0.0,1.0
期内,0.0,9.0,0.0,1.0
提升,0.0,33.0,0.0,1.0
买入,0.0,3.0,0.0,1.0
从海澜,0.0,3.0,0.0,1.0
呈,0.0,3.0,0.0,1.0
迷倒,0.0,3.0,0.0,1.0
未有,0.0,6.0,0.0,1.0
图,0.0,6.0,0.0,1.0
