日,219.0,54.0,0.8021978021978022,0.1978021978021978
之上,12.0,0.0,1.0,0.0
一片,18.0,0.0,1.0,0.0
沿着,15.0,0.0,1.0,0.0
纯玩,6.0,0.0,1.0,0.0
流经,3.0,0.0,1.0,0.0
思想,3.0,0.0,1.0,0.0
色彩,3.0,0.0,1.0,0.0
中华人民共和国,9.0,0.0,1.0,0.0
水泥厂,0.0,3.0,0.0,1.0
泉湖,3.0,0.0,1.0,0.0
跟进,0.0,3.0,0.0,1.0
春晖,3.0,0.0,1.0,0.0
撤销,9.0,0.0,1.0,0.0
叹,3.0,0.0,1.0,0.0
国务院办公厅,33.0,0.0,1.0,0.0
完成,12.0,0.0,1.0,0.0
同一,3.0,0.0,1.0,0.0
阿克,18.0,0.0,1.0,0.0
127,0.0,3.0,0.0,1.0
农牧厅,21.0,0.0,1.0,0.0
回归,9.0,0.0,1.0,0.0
活佛,3.0,0.0,1.0,0.0
污染环境,3.0,0.0,1.0,0.0
恰恰,3.0,0.0,1.0,0.0
3722,0.0,3.0,0.0,1.0
同比,0.0,30.0,0.0,1.0
材,0.0,6.0,0.0,1.0
踞,3.0,0.0,1.0,0.0
独家,3.0,0.0,1.0,0.0
县域,3.0,0.0,1.0,0.0
誉为,3.0,0.0,1.0,0.0
夕阳西下,3.0,0.0,1.0,0.0
领队,6.0,0.0,1.0,0.0
谷地,3.0,0.0,1.0,0.0
经得住,3.0,0.0,1.0,0.0
临泽县,3.0,0.0,1.0,0.0
反馈,24.0,0.0,1.0,0.0
0,57.0,0.0,1.0,0.0
不敢,9.0,0.0,1.0,0.0
3100,3.0,0.0,1.0,0.0
…,6.0,0.0,1.0,0.0
检讨,6.0,0.0,1.0,0.0
晴,3.0,0.0,1.0,0.0
省部级,3.0,0.0,1.0,0.0
至,42.0,0.0,1.0,0.0
*,0.0,6.0,0.0,1.0
厦门,0.0,3.0,0.0,1.0
中秋,3.0,0.0,1.0,0.0
为此,3.0,0.0,1.0,0.0
qpic,75.0,0.0,1.0,0.0
文章,3.0,0.0,1.0,0.0
标准,6.0,0.0,1.0,0.0
案例,18.0,0.0,1.0,0.0
光大,0.0,6.0,0.0,1.0
许可,3.0,0.0,1.0,0.0
使用,3.0,0.0,1.0,0.0
地貌,12.0,0.0,1.0,0.0
一幅,3.0,0.0,1.0,0.0
最后,0.0,3.0,0.0,1.0
借急,6.0,0.0,1.0,0.0
水电站,39.0,0.0,1.0,0.0
梳理,6.0,0.0,1.0,0.0
表述,6.0,3.0,0.6666666666666666,0.3333333333333333
双卧,9.0,0.0,1.0,0.0
大佛寺,6.0,0.0,1.0,0.0
地方,48.0,0.0,1.0,0.0
附近,12.0,0.0,1.0,0.0
同责,6.0,0.0,1.0,0.0
股份,6.0,24.0,0.2,0.8
内容,12.0,0.0,1.0,0.0
发生,6.0,3.0,0.6666666666666666,0.3333333333333333
出,12.0,0.0,1.0,0.0
景象,3.0,0.0,1.0,0.0
大美,15.0,0.0,1.0,0.0
来自,15.0,0.0,1.0,0.0
热电阻,6.0,0.0,1.0,0.0
无须,3.0,0.0,1.0,0.0
发源,3.0,0.0,1.0,0.0
单季,0.0,3.0,0.0,1.0
走高,0.0,3.0,0.0,1.0
监测站,3.0,0.0,1.0,0.0
ibNnZiaMtqBicJQGTbYOEiaian33xJrckjQnURHPoEenqJdsF2dFtqnQHOWKiaibNyA3fW2EP7KFQADCrHw,6.0,0.0,1.0,0.0
翻越,3.0,0.0,1.0,0.0
恢复性,6.0,0.0,1.0,0.0
违法乱纪,6.0,0.0,1.0,0.0
展布,3.0,0.0,1.0,0.0
辽阔,6.0,0.0,1.0,0.0
作为,81.0,0.0,1.0,0.0
参考,3.0,0.0,1.0,0.0
门源,39.0,0.0,1.0,0.0
实控,0.0,3.0,0.0,1.0
反渎,6.0,0.0,1.0,0.0
发出,51.0,0.0,1.0,0.0
转折,0.0,3.0,0.0,1.0
德令哈,3.0,0.0,1.0,0.0
宁夏,0.0,18.0,0.0,1.0
会上,9.0,0.0,1.0,0.0
还有,9.0,0.0,1.0,0.0
】,144.0,12.0,0.9230769230769231,0.07692307692307693
察尔汗盐湖,3.0,0.0,1.0,0.0
D5,3.0,0.0,1.0,0.0
条,15.0,0.0,1.0,0.0
环湖赛,3.0,0.0,1.0,0.0
液体,3.0,0.0,1.0,0.0
3.52,0.0,3.0,0.0,1.0
奖补,3.0,0.0,1.0,0.0
当时,6.0,0.0,1.0,0.0
路机,0.0,6.0,0.0,1.0
人气,3.0,0.0,1.0,0.0
自驾游,6.0,0.0,1.0,0.0
意志,3.0,0.0,1.0,0.0
寺院,6.0,0.0,1.0,0.0
+,27.0,3.0,0.9,0.1
令行禁止,3.0,0.0,1.0,0.0
放流,6.0,0.0,1.0,0.0
中远,0.0,3.0,0.0,1.0
4000,21.0,0.0,1.0,0.0
带来,6.0,3.0,0.6666666666666666,0.3333333333333333
青两省,3.0,0.0,1.0,0.0
河西,3.0,0.0,1.0,0.0
收涨,0.0,3.0,0.0,1.0
涨幅,0.0,3.0,0.0,1.0
鳟鱼,3.0,0.0,1.0,0.0
万众一心,3.0,0.0,1.0,0.0
资金,21.0,0.0,1.0,0.0
挖沙,6.0,0.0,1.0,0.0
消息,6.0,12.0,0.3333333333333333,0.6666666666666666
都,36.0,0.0,1.0,0.0
如何,6.0,0.0,1.0,0.0
百里,6.0,0.0,1.0,0.0
治理,42.0,0.0,1.0,0.0
设立,18.0,0.0,1.0,0.0
庆祝,3.0,0.0,1.0,0.0
操作程序,3.0,0.0,1.0,0.0
触角,3.0,0.0,1.0,0.0
神秘,3.0,0.0,1.0,0.0
黑马河,9.0,0.0,1.0,0.0
钙,3.0,0.0,1.0,0.0
铁,3.0,0.0,1.0,0.0
越过,3.0,0.0,1.0,0.0
实时,6.0,0.0,1.0,0.0
公顷,12.0,0.0,1.0,0.0
作家协会,3.0,0.0,1.0,0.0
政府,15.0,0.0,1.0,0.0
机遇,3.0,0.0,1.0,0.0
中新网,6.0,0.0,1.0,0.0
1.21,0.0,3.0,0.0,1.0
反击,0.0,3.0,0.0,1.0
祁连县,27.0,0.0,1.0,0.0
举办,21.0,0.0,1.0,0.0
烃源岩,6.0,0.0,1.0,0.0
中共中央国务院,6.0,0.0,1.0,0.0
鱼,18.0,0.0,1.0,0.0
按,9.0,0.0,1.0,0.0
悦目,3.0,0.0,1.0,0.0
不错,0.0,3.0,0.0,1.0
浪漫,3.0,0.0,1.0,0.0
多股,0.0,3.0,0.0,1.0
早餐,27.0,0.0,1.0,0.0
损害,3.0,0.0,1.0,0.0
45,6.0,3.0,0.6666666666666666,0.3333333333333333
倒逼,6.0,0.0,1.0,0.0
极度,12.0,0.0,1.0,0.0
万尾,15.0,0.0,1.0,0.0
调整,24.0,0.0,1.0,0.0
151,3.0,0.0,1.0,0.0
搞好,3.0,0.0,1.0,0.0
民族民间,3.0,0.0,1.0,0.0
高开高,0.0,3.0,0.0,1.0
金圆,0.0,3.0,0.0,1.0
往往,0.0,3.0,0.0,1.0
三市,9.0,0.0,1.0,0.0
符合,3.0,0.0,1.0,0.0
终年,12.0,0.0,1.0,0.0
中国,99.0,3.0,0.9705882352941176,0.029411764705882353
红谷,0.0,3.0,0.0,1.0
时间跨度,6.0,0.0,1.0,0.0
协调,9.0,0.0,1.0,0.0
多样性,33.0,0.0,1.0,0.0
第三十四,3.0,0.0,1.0,0.0
油砂,3.0,0.0,1.0,0.0
坚定,9.0,0.0,1.0,0.0
显得,6.0,0.0,1.0,0.0
口,9.0,0.0,1.0,0.0
大额,0.0,3.0,0.0,1.0
黄泽元,6.0,0.0,1.0,0.0
临夏,9.0,0.0,1.0,0.0
增殖,3.0,0.0,1.0,0.0
真,3.0,0.0,1.0,0.0
原野,3.0,0.0,1.0,0.0
态度,6.0,0.0,1.0,0.0
偷排,15.0,0.0,1.0,0.0
欠账,3.0,0.0,1.0,0.0
预报,3.0,0.0,1.0,0.0
0.32,0.0,3.0,0.0,1.0
崔琳,3.0,0.0,1.0,0.0
多平方公里,3.0,0.0,1.0,0.0
独特,6.0,0.0,1.0,0.0
250KM,3.0,0.0,1.0,0.0
类有,0.0,3.0,0.0,1.0
Q3,0.0,3.0,0.0,1.0
帐篷,3.0,0.0,1.0,0.0
发电厂,3.0,0.0,1.0,0.0
现有,3.0,3.0,0.5,0.5
仆人,3.0,0.0,1.0,0.0
咨询,6.0,0.0,1.0,0.0
485607,3.0,0.0,1.0,0.0
期货,0.0,3.0,0.0,1.0
中共中央办公厅,33.0,0.0,1.0,0.0
祁连,129.0,0.0,1.0,0.0
里,18.0,0.0,1.0,0.0
陇海铁路,3.0,0.0,1.0,0.0
体验式,3.0,0.0,1.0,0.0
莫高窟,18.0,0.0,1.0,0.0
广网,3.0,0.0,1.0,0.0
推动,12.0,0.0,1.0,0.0
内地,3.0,0.0,1.0,0.0
两大,0.0,3.0,0.0,1.0
促,3.0,0.0,1.0,0.0
触怒,6.0,0.0,1.0,0.0
一天,3.0,0.0,1.0,0.0
之旅,3.0,0.0,1.0,0.0
2980,6.0,0.0,1.0,0.0
日子,6.0,0.0,1.0,0.0
2013,12.0,0.0,1.0,0.0
Q4,0.0,3.0,0.0,1.0
2100,3.0,0.0,1.0,0.0
5,36.0,21.0,0.631578947368421,0.3684210526315789
高度,21.0,0.0,1.0,0.0
中心,3.0,3.0,0.5,0.5
关停,30.0,0.0,1.0,0.0
150,9.0,0.0,1.0,0.0
宝林,3.0,0.0,1.0,0.0
最高峰,3.0,0.0,1.0,0.0
热爱,3.0,0.0,1.0,0.0
泥鳅,3.0,0.0,1.0,0.0
平凉地区,0.0,3.0,0.0,1.0
2.61,0.0,3.0,0.0,1.0
完全,3.0,0.0,1.0,0.0
蒲,9.0,0.0,1.0,0.0
星空,9.0,0.0,1.0,0.0
以为,0.0,3.0,0.0,1.0
外,6.0,0.0,1.0,0.0
曲剧,3.0,0.0,1.0,0.0
黄清富,0.0,3.0,0.0,1.0
久拖,3.0,0.0,1.0,0.0
开阔,15.0,0.0,1.0,0.0
悲壮,3.0,0.0,1.0,0.0
此,6.0,3.0,0.6666666666666666,0.3333333333333333
大风,12.0,0.0,1.0,0.0
青石,3.0,0.0,1.0,0.0
中国农业大学,3.0,0.0,1.0,0.0
一抓到底,3.0,0.0,1.0,0.0
广受,3.0,0.0,1.0,0.0
什,6.0,0.0,1.0,0.0
大约,3.0,0.0,1.0,0.0
黑臭,3.0,0.0,1.0,0.0
二维码,3.0,0.0,1.0,0.0
—,195.0,0.0,1.0,0.0
靠山吃山,6.0,0.0,1.0,0.0
分为,3.0,0.0,1.0,0.0
°,30.0,0.0,1.0,0.0
严重性,3.0,0.0,1.0,0.0
18,18.0,15.0,0.5454545454545454,0.45454545454545453
处处长,3.0,0.0,1.0,0.0
造林,3.0,0.0,1.0,0.0
育苗,3.0,0.0,1.0,0.0
明察暗访,6.0,0.0,1.0,0.0
在内,18.0,0.0,1.0,0.0
逐年,3.0,0.0,1.0,0.0
交界,12.0,0.0,1.0,0.0
文艺活动,6.0,0.0,1.0,0.0
其中,36.0,6.0,0.8571428571428571,0.14285714285714285
兽医,3.0,0.0,1.0,0.0
印象,3.0,0.0,1.0,0.0
159,12.0,0.0,1.0,0.0
塞,6.0,0.0,1.0,0.0
干部,27.0,0.0,1.0,0.0
依然,6.0,0.0,1.0,0.0
评定,3.0,0.0,1.0,0.0
挡箭牌,3.0,0.0,1.0,0.0
探访,3.0,0.0,1.0,0.0
2016,21.0,21.0,0.5,0.5
眺望,3.0,0.0,1.0,0.0
支付,6.0,0.0,1.0,0.0
详细,6.0,0.0,1.0,0.0
金,6.0,0.0,1.0,0.0
微信,9.0,0.0,1.0,0.0
作出,24.0,0.0,1.0,0.0
美的,9.0,0.0,1.0,0.0
致使,9.0,0.0,1.0,0.0
东经,6.0,0.0,1.0,0.0
增强,15.0,0.0,1.0,0.0
城,3.0,0.0,1.0,0.0
计量,3.0,0.0,1.0,0.0
后,93.0,9.0,0.9117647058823529,0.08823529411764706
提升,21.0,0.0,1.0,0.0
县千,3.0,0.0,1.0,0.0
人口,12.0,0.0,1.0,0.0
之,6.0,0.0,1.0,0.0
散,0.0,6.0,0.0,1.0
西飞,0.0,3.0,0.0,1.0
产业,6.0,3.0,0.6666666666666666,0.3333333333333333
由,33.0,0.0,1.0,0.0
预告,3.0,6.0,0.3333333333333333,0.6666666666666666
◆,9.0,0.0,1.0,0.0
案件线索,3.0,0.0,1.0,0.0
R8gScE0mL95rgtDyKwuSgDjxR26dShHWCYSJgc8spd7myHCGXdibTfYPKp7iaJ5icLOv8Q,3.0,0.0,1.0,0.0
唐仁,3.0,0.0,1.0,0.0
盛事,3.0,0.0,1.0,0.0
上个月,6.0,0.0,1.0,0.0
厉害,3.0,0.0,1.0,0.0
财政,6.0,0.0,1.0,0.0
不去,18.0,0.0,1.0,0.0
政论,3.0,0.0,1.0,0.0
牧场,30.0,0.0,1.0,0.0
雄伟,6.0,0.0,1.0,0.0
大规模,6.0,0.0,1.0,0.0
张,3.0,0.0,1.0,0.0
卷子,3.0,0.0,1.0,0.0
广泛,12.0,0.0,1.0,0.0
办公室,12.0,0.0,1.0,0.0
受,0.0,6.0,0.0,1.0
300103,0.0,3.0,0.0,1.0
六畜,3.0,0.0,1.0,0.0
大量,9.0,0.0,1.0,0.0
下,96.0,6.0,0.9411764705882353,0.058823529411764705
脊椎动物,3.0,0.0,1.0,0.0
摸排,3.0,0.0,1.0,0.0
志强,9.0,0.0,1.0,0.0
划设,3.0,0.0,1.0,0.0
将良,3.0,0.0,1.0,0.0
’,6.0,0.0,1.0,0.0
调研,3.0,0.0,1.0,0.0
加大,24.0,0.0,1.0,0.0
关闭,12.0,3.0,0.8,0.2
金张掖,3.0,0.0,1.0,0.0
保护,177.0,0.0,1.0,0.0
商品,0.0,9.0,0.0,1.0
卓尔山,27.0,0.0,1.0,0.0
2011,3.0,0.0,1.0,0.0
根据,9.0,9.0,0.5,0.5
陆续,9.0,0.0,1.0,0.0
自然资源,15.0,0.0,1.0,0.0
有力,15.0,0.0,1.0,0.0
试验站,3.0,0.0,1.0,0.0
开设,3.0,0.0,1.0,0.0
一路上,3.0,0.0,1.0,0.0
全局,6.0,0.0,1.0,0.0
遮拦,12.0,0.0,1.0,0.0
典型,21.0,0.0,1.0,0.0
三家,3.0,0.0,1.0,0.0
职务,12.0,0.0,1.0,0.0
339,3.0,0.0,1.0,0.0
生财,6.0,0.0,1.0,0.0
鼓励,6.0,0.0,1.0,0.0
铝业,6.0,0.0,1.0,0.0
件,15.0,0.0,1.0,0.0
支脉,6.0,0.0,1.0,0.0
中央,114.0,0.0,1.0,0.0
大河,3.0,0.0,1.0,0.0
低,0.0,3.0,0.0,1.0
云山,3.0,0.0,1.0,0.0
上半年,3.0,27.0,0.1,0.9
产业结构,3.0,0.0,1.0,0.0
神火,0.0,3.0,0.0,1.0
酒店,15.0,0.0,1.0,0.0
绝地,0.0,3.0,0.0,1.0
服务,24.0,0.0,1.0,0.0
可以,36.0,6.0,0.8571428571428571,0.14285714285714285
五大,6.0,0.0,1.0,0.0
坚持,12.0,0.0,1.0,0.0
黄河流域,27.0,0.0,1.0,0.0
登记,9.0,0.0,1.0,0.0
体验,3.0,0.0,1.0,0.0
餐饮,3.0,0.0,1.0,0.0
见诸,0.0,3.0,0.0,1.0
第十六届,9.0,0.0,1.0,0.0
代理,3.0,0.0,1.0,0.0
职能部门,3.0,0.0,1.0,0.0
答卷,3.0,0.0,1.0,0.0
便是,3.0,0.0,1.0,0.0
皓皓,3.0,0.0,1.0,0.0
先建,6.0,0.0,1.0,0.0
打赢,3.0,0.0,1.0,0.0
滩涂,3.0,0.0,1.0,0.0
省政府,30.0,0.0,1.0,0.0
打造,9.0,0.0,1.0,0.0
文化节,6.0,0.0,1.0,0.0
手机,0.0,3.0,0.0,1.0
金源,3.0,0.0,1.0,0.0
青藏高原,3.0,0.0,1.0,0.0
装机容量,0.0,3.0,0.0,1.0
回鹘,9.0,0.0,1.0,0.0
2050,3.0,0.0,1.0,0.0
策划,15.0,0.0,1.0,0.0
1.16,0.0,3.0,0.0,1.0
展示,9.0,0.0,1.0,0.0
旨在,3.0,0.0,1.0,0.0
极品,3.0,0.0,1.0,0.0
485,3.0,0.0,1.0,0.0
区政府,3.0,0.0,1.0,0.0
有效,6.0,0.0,1.0,0.0
继续加强,3.0,0.0,1.0,0.0
熟,3.0,0.0,1.0,0.0
zFCgKUj2Kk2FA,3.0,0.0,1.0,0.0
价值,12.0,6.0,0.6666666666666666,0.3333333333333333
满意,3.0,0.0,1.0,0.0
重点保护,9.0,0.0,1.0,0.0
执法,6.0,0.0,1.0,0.0
市委,27.0,0.0,1.0,0.0
重大,21.0,0.0,1.0,0.0
重装,0.0,3.0,0.0,1.0
建立,15.0,0.0,1.0,0.0
鸟,3.0,0.0,1.0,0.0
责令,3.0,0.0,1.0,0.0
采矿权,15.0,0.0,1.0,0.0
前期,0.0,3.0,0.0,1.0
意见,48.0,0.0,1.0,0.0
DK,18.0,0.0,1.0,0.0
恣,3.0,0.0,1.0,0.0
综合治理,12.0,0.0,1.0,0.0
壮士断腕,3.0,0.0,1.0,0.0
事实上,6.0,3.0,0.6666666666666666,0.3333333333333333
查处,15.0,0.0,1.0,0.0
自费,9.0,0.0,1.0,0.0
不化,3.0,0.0,1.0,0.0
平均,9.0,0.0,1.0,0.0
平静,3.0,0.0,1.0,0.0
VeDcnA,3.0,0.0,1.0,0.0
1l98d,3.0,0.0,1.0,0.0
图片,6.0,0.0,1.0,0.0
丰富,12.0,0.0,1.0,0.0
jpeg,39.0,0.0,1.0,0.0
完,3.0,0.0,1.0,0.0
停业整顿,3.0,0.0,1.0,0.0
38,3.0,0.0,1.0,0.0
彻查,3.0,0.0,1.0,0.0
一个,48.0,0.0,1.0,0.0
领导小组,9.0,0.0,1.0,0.0
未用,3.0,0.0,1.0,0.0
境内,21.0,0.0,1.0,0.0
中办,15.0,0.0,1.0,0.0
17.24,0.0,3.0,0.0,1.0
交口,6.0,0.0,1.0,0.0
助力,3.0,0.0,1.0,0.0
此前,3.0,3.0,0.5,0.5
赠送,3.0,0.0,1.0,0.0
布局,6.0,3.0,0.6666666666666666,0.3333333333333333
1200,3.0,0.0,1.0,0.0
天然,9.0,0.0,1.0,0.0
三一,0.0,6.0,0.0,1.0
疗伤,3.0,0.0,1.0,0.0
｜,6.0,0.0,1.0,0.0
宁波,0.0,3.0,0.0,1.0
zbQPeKGEAlLNcTh6t5QI56g6KibZ543kiaicre5ODmhJKSAMwLFm42rpWD8uzAw,3.0,0.0,1.0,0.0
社会,18.0,0.0,1.0,0.0
据,21.0,6.0,0.7777777777777778,0.2222222222222222
依法,3.0,0.0,1.0,0.0
夜间,3.0,0.0,1.0,0.0
片区,3.0,0.0,1.0,0.0
数公里,3.0,0.0,1.0,0.0
风险,3.0,0.0,1.0,0.0
六家,3.0,0.0,1.0,0.0
错,3.0,0.0,1.0,0.0
属于,12.0,3.0,0.8,0.2
延伸,3.0,0.0,1.0,0.0
稀少,3.0,0.0,1.0,0.0
小镇,12.0,0.0,1.0,0.0
下午,3.0,0.0,1.0,0.0
划界,21.0,0.0,1.0,0.0
三位,3.0,0.0,1.0,0.0
不难,3.0,0.0,1.0,0.0
未获,0.0,3.0,0.0,1.0
主题,3.0,3.0,0.5,0.5
甚至,9.0,0.0,1.0,0.0
官场,3.0,0.0,1.0,0.0
46,3.0,0.0,1.0,0.0
高速,3.0,0.0,1.0,0.0
城乡居民,3.0,0.0,1.0,0.0
越来越,6.0,0.0,1.0,0.0
筑牢,6.0,0.0,1.0,0.0
承载力,3.0,0.0,1.0,0.0
嘉峪关,54.0,0.0,1.0,0.0
不可,12.0,0.0,1.0,0.0
海量,3.0,0.0,1.0,0.0
战略,9.0,6.0,0.6,0.4
以上,12.0,0.0,1.0,0.0
可观,3.0,0.0,1.0,0.0
收藏,3.0,0.0,1.0,0.0
垃圾,3.0,0.0,1.0,0.0
路桥,0.0,6.0,0.0,1.0
品牌,9.0,3.0,0.75,0.25
真正,6.0,0.0,1.0,0.0
调查核实,3.0,0.0,1.0,0.0
经营性,3.0,0.0,1.0,0.0
岩,15.0,0.0,1.0,0.0
时期,3.0,0.0,1.0,0.0
千亩,3.0,0.0,1.0,0.0
沥青,3.0,0.0,1.0,0.0
UAlibO4WLBian3enNbnsk91oWHiadtaYF0oZezFjjJYU,3.0,0.0,1.0,0.0
马龙,3.0,0.0,1.0,0.0
群,6.0,0.0,1.0,0.0
权威,3.0,0.0,1.0,0.0
峡谷,15.0,0.0,1.0,0.0
祁连山,1662.0,147.0,0.9187396351575456,0.0812603648424544
表明,6.0,0.0,1.0,0.0
中兴通讯,0.0,6.0,0.0,1.0
演出,6.0,0.0,1.0,0.0
补助,3.0,0.0,1.0,0.0
青稞,3.0,0.0,1.0,0.0
率,3.0,0.0,1.0,0.0
得,6.0,0.0,1.0,0.0
简称,9.0,0.0,1.0,0.0
长,9.0,0.0,1.0,0.0
区,36.0,0.0,1.0,0.0
仁波切,3.0,0.0,1.0,0.0
牧,3.0,0.0,1.0,0.0
方面,24.0,0.0,1.0,0.0
未批,6.0,0.0,1.0,0.0
85,9.0,0.0,1.0,0.0
实现,6.0,27.0,0.18181818181818182,0.8181818181818182
转亏,0.0,3.0,0.0,1.0
混凝土,0.0,9.0,0.0,1.0
长期,6.0,0.0,1.0,0.0
方案,66.0,0.0,1.0,0.0
当,6.0,0.0,1.0,0.0
贡献,3.0,0.0,1.0,0.0
骄傲,3.0,0.0,1.0,0.0
林田湖,45.0,0.0,1.0,0.0
我办,3.0,0.0,1.0,0.0
山脚下,12.0,0.0,1.0,0.0
办案,6.0,0.0,1.0,0.0
十二届,3.0,0.0,1.0,0.0
拉力,3.0,0.0,1.0,0.0
○,3.0,0.0,1.0,0.0
施肥,3.0,0.0,1.0,0.0
地质,12.0,0.0,1.0,0.0
进一步,27.0,3.0,0.9,0.1
说明,3.0,0.0,1.0,0.0
深水,3.0,0.0,1.0,0.0
公众,9.0,0.0,1.0,0.0
600967,0.0,3.0,0.0,1.0
海拔,18.0,0.0,1.0,0.0
国土资源厅,39.0,0.0,1.0,0.0
启动,21.0,0.0,1.0,0.0
到底,3.0,0.0,1.0,0.0
防范,9.0,0.0,1.0,0.0
十分,18.0,0.0,1.0,0.0
7.22,9.0,0.0,1.0,0.0
富达,0.0,3.0,0.0,1.0
17.5,3.0,0.0,1.0,0.0
荒凉,3.0,0.0,1.0,0.0
介绍,9.0,0.0,1.0,0.0
研报,0.0,6.0,0.0,1.0
引入,6.0,0.0,1.0,0.0
全,9.0,0.0,1.0,0.0
进行,120.0,0.0,1.0,0.0
措施,21.0,0.0,1.0,0.0
 ,984.0,342.0,0.7420814479638009,0.2579185520361991
网络,12.0,0.0,1.0,0.0
fmt,57.0,0.0,1.0,0.0
传奇,6.0,0.0,1.0,0.0
纯化,12.0,0.0,1.0,0.0
认士,0.0,3.0,0.0,1.0
频出,3.0,0.0,1.0,0.0
报名,6.0,0.0,1.0,0.0
旺,3.0,0.0,1.0,0.0
检察室,3.0,0.0,1.0,0.0
截留,3.0,0.0,1.0,0.0
精彩,3.0,0.0,1.0,0.0
比较,6.0,0.0,1.0,0.0
文化遗产,3.0,0.0,1.0,0.0
深度,15.0,0.0,1.0,0.0
关于,54.0,6.0,0.9,0.1
现,6.0,0.0,1.0,0.0
模式,6.0,0.0,1.0,0.0
月底,6.0,0.0,1.0,0.0
8QdO1oOLP6fYZeav8fAibicwzcrAAtAmShE0I2xOsvqOOjfQ,3.0,0.0,1.0,0.0
减负,12.0,0.0,1.0,0.0
带领,3.0,0.0,1.0,0.0
恢,3.0,0.0,1.0,0.0
草,12.0,0.0,1.0,0.0
原文,3.0,0.0,1.0,0.0
龙,3.0,0.0,1.0,0.0
天水,9.0,3.0,0.75,0.25
效果,3.0,0.0,1.0,0.0
极端,9.0,0.0,1.0,0.0
深入,27.0,0.0,1.0,0.0
绿意,3.0,0.0,1.0,0.0
从无到有,3.0,0.0,1.0,0.0
宁波港,0.0,3.0,0.0,1.0
原则,3.0,0.0,1.0,0.0
60km,3.0,0.0,1.0,0.0
法国,6.0,0.0,1.0,0.0
不望,3.0,0.0,1.0,0.0
旅游圈,3.0,0.0,1.0,0.0
年内,3.0,0.0,1.0,0.0
皖南,6.0,0.0,1.0,0.0
通往,3.0,0.0,1.0,0.0
最美,36.0,0.0,1.0,0.0
中卫,3.0,0.0,1.0,0.0
教训,24.0,0.0,1.0,0.0
不同,3.0,0.0,1.0,0.0
白色,12.0,0.0,1.0,0.0
良心,9.0,0.0,1.0,0.0
玩,3.0,0.0,1.0,0.0
指导,6.0,0.0,1.0,0.0
堆积,3.0,0.0,1.0,0.0
危险废物,3.0,0.0,1.0,0.0
下游,9.0,0.0,1.0,0.0
泉,3.0,0.0,1.0,0.0
之脉,9.0,0.0,1.0,0.0
构造,12.0,0.0,1.0,0.0
数十次,9.0,0.0,1.0,0.0
到位,36.0,3.0,0.9230769230769231,0.07692307692307693
股,6.0,6.0,0.5,0.5
备受,3.0,0.0,1.0,0.0
世界,9.0,0.0,1.0,0.0
上马,3.0,0.0,1.0,0.0
绿盾,12.0,0.0,1.0,0.0
生活,18.0,3.0,0.8571428571428571,0.14285714285714285
情志,3.0,0.0,1.0,0.0
2.08,0.0,3.0,0.0,1.0
鱼儿,3.0,0.0,1.0,0.0
乘法,3.0,0.0,1.0,0.0
审计,3.0,0.0,1.0,0.0
事实,3.0,0.0,1.0,0.0
矿山,45.0,0.0,1.0,0.0
马鞍山,6.0,0.0,1.0,0.0
阅读,3.0,0.0,1.0,0.0
严重,60.0,0.0,1.0,0.0
黄,3.0,0.0,1.0,0.0
中期,0.0,6.0,0.0,1.0
穿越,6.0,0.0,1.0,0.0
连云港,0.0,3.0,0.0,1.0
就要,3.0,3.0,0.5,0.5
广袤,3.0,0.0,1.0,0.0
赛事,12.0,0.0,1.0,0.0
居民,9.0,0.0,1.0,0.0
定位,3.0,0.0,1.0,0.0
日电,18.0,3.0,0.8571428571428571,0.14285714285714285
史,3.0,0.0,1.0,0.0
0542TCL,0.0,3.0,0.0,1.0
阳关,3.0,0.0,1.0,0.0
优质,3.0,0.0,1.0,0.0
诗歌,3.0,0.0,1.0,0.0
市县,3.0,0.0,1.0,0.0
试行,3.0,0.0,1.0,0.0
日报,9.0,0.0,1.0,0.0
png,36.0,0.0,1.0,0.0
资讯,3.0,0.0,1.0,0.0
旅游线,3.0,0.0,1.0,0.0
生存,6.0,0.0,1.0,0.0
新路子,3.0,0.0,1.0,0.0
有过,0.0,3.0,0.0,1.0
坚决拥护,3.0,0.0,1.0,0.0
剔除,0.0,3.0,0.0,1.0
国家林业局,12.0,0.0,1.0,0.0
一首,3.0,0.0,1.0,0.0
通知,18.0,0.0,1.0,0.0
主任,12.0,0.0,1.0,0.0
入住,12.0,0.0,1.0,0.0
明,3.0,0.0,1.0,0.0
一颗,9.0,0.0,1.0,0.0
从事,0.0,3.0,0.0,1.0
仿佛,3.0,0.0,1.0,0.0
刮骨,3.0,0.0,1.0,0.0
qiaLBP0v0JlUtIAdBAjBwWZ3xdibyPMWLacpaEWF8zDfHuLAcWlibxZLjRTh1UKEC5Rv0sopaJlgVlxg2HEZwdqGg,3.0,0.0,1.0,0.0
今日,3.0,0.0,1.0,0.0
敢于,3.0,0.0,1.0,0.0
传导,6.0,0.0,1.0,0.0
大类,3.0,0.0,1.0,0.0
、,1392.0,183.0,0.8838095238095238,0.11619047619047619
应对,9.0,0.0,1.0,0.0
地质灾害,3.0,0.0,1.0,0.0
钢,0.0,3.0,0.0,1.0
但,18.0,3.0,0.8571428571428571,0.14285714285714285
img,3.0,0.0,1.0,0.0
52.6,3.0,0.0,1.0,0.0
无锡,6.0,0.0,1.0,0.0
环境污染,6.0,0.0,1.0,0.0
万元,6.0,21.0,0.2222222222222222,0.7777777777777778
各地,3.0,0.0,1.0,0.0
精神,39.0,0.0,1.0,0.0
修心养,3.0,0.0,1.0,0.0
交通,3.0,0.0,1.0,0.0
观花,3.0,0.0,1.0,0.0
排查,30.0,0.0,1.0,0.0
严格把关,6.0,0.0,1.0,0.0
怀抱,3.0,0.0,1.0,0.0
不打紧,3.0,0.0,1.0,0.0
描述,3.0,0.0,1.0,0.0
不断,6.0,0.0,1.0,0.0
常委,9.0,0.0,1.0,0.0
重要,96.0,0.0,1.0,0.0
被誉为,12.0,0.0,1.0,0.0
泉眼,3.0,0.0,1.0,0.0
新闻报道,3.0,0.0,1.0,0.0
成效,15.0,0.0,1.0,0.0
区里,3.0,0.0,1.0,0.0
注意,15.0,3.0,0.8333333333333334,0.16666666666666666
恶劣,6.0,0.0,1.0,0.0
为了,9.0,0.0,1.0,0.0
街道,3.0,0.0,1.0,0.0
核查,6.0,0.0,1.0,0.0
悠长,3.0,0.0,1.0,0.0
转移,12.0,0.0,1.0,0.0
之间,24.0,0.0,1.0,0.0
行情,18.0,33.0,0.35294117647058826,0.6470588235294118
4.85,6.0,0.0,1.0,0.0
河像,12.0,0.0,1.0,0.0
防护林,3.0,0.0,1.0,0.0
扭亏,0.0,24.0,0.0,1.0
不堪重负,3.0,0.0,1.0,0.0
提高,12.0,0.0,1.0,0.0
古,3.0,0.0,1.0,0.0
404,3.0,0.0,1.0,0.0
游览胜地,3.0,0.0,1.0,0.0
上报,3.0,0.0,1.0,0.0
水利,6.0,0.0,1.0,0.0
水流,3.0,0.0,1.0,0.0
中国登山协会,3.0,0.0,1.0,0.0
良好,6.0,0.0,1.0,0.0
巨大,9.0,0.0,1.0,0.0
雪峰,6.0,0.0,1.0,0.0
矿物,3.0,0.0,1.0,0.0
稳定,12.0,9.0,0.5714285714285714,0.42857142857142855
市场,3.0,6.0,0.3333333333333333,0.6666666666666666
两地,3.0,3.0,0.5,0.5
水利厅,3.0,0.0,1.0,0.0
粉,3.0,0.0,1.0,0.0
唐卡,6.0,0.0,1.0,0.0
4120,3.0,0.0,1.0,0.0
自然景观,3.0,0.0,1.0,0.0
生长,3.0,0.0,1.0,0.0
岁寒三友,9.0,0.0,1.0,0.0
表态,15.0,0.0,1.0,0.0
计划,3.0,0.0,1.0,0.0
旅,9.0,0.0,1.0,0.0
举,0.0,3.0,0.0,1.0
试验区,3.0,0.0,1.0,0.0
区内,9.0,0.0,1.0,0.0
马鬃山,3.0,0.0,1.0,0.0
一项,6.0,0.0,1.0,0.0
自然保护区,408.0,0.0,1.0,0.0
院长,3.0,0.0,1.0,0.0
反而,6.0,0.0,1.0,0.0
七彩,12.0,0.0,1.0,0.0
早起,3.0,0.0,1.0,0.0
之源,3.0,0.0,1.0,0.0
明珠,12.0,0.0,1.0,0.0
山麓,3.0,0.0,1.0,0.0
002307,0.0,3.0,0.0,1.0
直至,0.0,3.0,0.0,1.0
全程,3.0,0.0,1.0,0.0
赶上,3.0,0.0,1.0,0.0
台账,6.0,0.0,1.0,0.0
体制改革,3.0,0.0,1.0,0.0
Zhangye,6.0,0.0,1.0,0.0
有利,9.0,0.0,1.0,0.0
沿岸,3.0,0.0,1.0,0.0
少,6.0,0.0,1.0,0.0
大通河,6.0,0.0,1.0,0.0
品质,3.0,0.0,1.0,0.0
1095761.3,3.0,0.0,1.0,0.0
同意,3.0,0.0,1.0,0.0
污水,3.0,0.0,1.0,0.0
雪莲,9.0,0.0,1.0,0.0
新台阶,3.0,0.0,1.0,0.0
家用空调,0.0,3.0,0.0,1.0
人为,3.0,3.0,0.5,0.5
2670,3.0,0.0,1.0,0.0
上升,0.0,18.0,0.0,1.0
正式,6.0,0.0,1.0,0.0
自古,3.0,0.0,1.0,0.0
经,3.0,6.0,0.3333333333333333,0.6666666666666666
吃,9.0,0.0,1.0,0.0
行动,39.0,0.0,1.0,0.0
关切,3.0,0.0,1.0,0.0
甘肃省,243.0,3.0,0.9878048780487805,0.012195121951219513
风情,45.0,0.0,1.0,0.0
用,6.0,0.0,1.0,0.0
称为,21.0,0.0,1.0,0.0
内陆河,12.0,0.0,1.0,0.0
警告,21.0,0.0,1.0,0.0
农机,3.0,0.0,1.0,0.0
生命,12.0,0.0,1.0,0.0
第二天,3.0,0.0,1.0,0.0
此后,0.0,3.0,0.0,1.0
危害性,3.0,0.0,1.0,0.0
卖出,0.0,3.0,0.0,1.0
背驰,0.0,9.0,0.0,1.0
省市,6.0,0.0,1.0,0.0
5000,9.0,0.0,1.0,0.0
〔,3.0,0.0,1.0,0.0
酒泉,6.0,0.0,1.0,0.0
岁,3.0,0.0,1.0,0.0
「,0.0,6.0,0.0,1.0
水合物,36.0,0.0,1.0,0.0
秀山,3.0,0.0,1.0,0.0
构成,3.0,0.0,1.0,0.0
大坂山,3.0,0.0,1.0,0.0
其余,9.0,0.0,1.0,0.0
发布会,12.0,0.0,1.0,0.0
齐全,9.0,0.0,1.0,0.0
原始森林,6.0,0.0,1.0,0.0
名存实亡,9.0,0.0,1.0,0.0
黄河,3.0,6.0,0.3333333333333333,0.6666666666666666
号,24.0,6.0,0.8,0.2
马国林,3.0,0.0,1.0,0.0
果断,3.0,0.0,1.0,0.0
而出名,3.0,0.0,1.0,0.0
葡萄酒业,3.0,0.0,1.0,0.0
1.32,0.0,3.0,0.0,1.0
雨量,9.0,0.0,1.0,0.0
可,39.0,12.0,0.7647058823529411,0.23529411764705882
侧,0.0,3.0,0.0,1.0
基于,9.0,0.0,1.0,0.0
渔业,6.0,0.0,1.0,0.0
顶,0.0,3.0,0.0,1.0
完颜,3.0,0.0,1.0,0.0
完后,0.0,3.0,0.0,1.0
更替,3.0,0.0,1.0,0.0
ribLGLM54eicMecQL,3.0,0.0,1.0,0.0
第一位,3.0,0.0,1.0,0.0
探,24.0,0.0,1.0,0.0
恢复正常,0.0,3.0,0.0,1.0
俗世,3.0,0.0,1.0,0.0
海洋,3.0,0.0,1.0,0.0
扩容,3.0,0.0,1.0,0.0
目的地,3.0,0.0,1.0,0.0
行为,6.0,0.0,1.0,0.0
追责,9.0,0.0,1.0,0.0
多家,3.0,0.0,1.0,0.0
],0.0,3.0,0.0,1.0
反思,6.0,0.0,1.0,0.0
很爽,6.0,0.0,1.0,0.0
肃,6.0,0.0,1.0,0.0
万多,3.0,0.0,1.0,0.0
捕捞,6.0,0.0,1.0,0.0
百态,3.0,0.0,1.0,0.0
中央空调,0.0,3.0,0.0,1.0
改造,3.0,0.0,1.0,0.0
三包,3.0,0.0,1.0,0.0
销量,0.0,9.0,0.0,1.0
西湖,3.0,0.0,1.0,0.0
数量,6.0,0.0,1.0,0.0
缓冲区,51.0,0.0,1.0,0.0
容颜,6.0,0.0,1.0,0.0
赴,6.0,0.0,1.0,0.0
参赛,6.0,0.0,1.0,0.0
60,3.0,3.0,0.5,0.5
执法人员,3.0,0.0,1.0,0.0
日锋,3.0,0.0,1.0,0.0
沙泉,3.0,0.0,1.0,0.0
重点,21.0,0.0,1.0,0.0
践行,3.0,0.0,1.0,0.0
万里长城,6.0,0.0,1.0,0.0
元代,9.0,0.0,1.0,0.0
通向,3.0,0.0,1.0,0.0
哈尔,6.0,0.0,1.0,0.0
铺展开来,3.0,0.0,1.0,0.0
樊丽,3.0,0.0,1.0,0.0
重灾区,3.0,0.0,1.0,0.0
第七,9.0,0.0,1.0,0.0
如果说,3.0,0.0,1.0,0.0
兑现,0.0,3.0,0.0,1.0
何为,3.0,3.0,0.5,0.5
1864,0.0,3.0,0.0,1.0
市场需求,0.0,6.0,0.0,1.0
陆游,3.0,0.0,1.0,0.0
600823,0.0,3.0,0.0,1.0
多头,0.0,3.0,0.0,1.0
213835727,6.0,0.0,1.0,0.0
肾,3.0,0.0,1.0,0.0
北部,9.0,0.0,1.0,0.0
南部,3.0,0.0,1.0,0.0
三农,3.0,0.0,1.0,0.0
震荡,0.0,3.0,0.0,1.0
党政,6.0,0.0,1.0,0.0
同样,3.0,0.0,1.0,0.0
市委书记,6.0,0.0,1.0,0.0
中工,0.0,6.0,0.0,1.0
专题研究,3.0,0.0,1.0,0.0
0768,0.0,3.0,0.0,1.0
业主,3.0,0.0,1.0,0.0
375,3.0,3.0,0.5,0.5
让,33.0,0.0,1.0,0.0
百公里,15.0,0.0,1.0,0.0
无序,9.0,0.0,1.0,0.0
控矿,3.0,0.0,1.0,0.0
责任制,3.0,0.0,1.0,0.0
至此,3.0,0.0,1.0,0.0
请求,3.0,0.0,1.0,0.0
沟,9.0,0.0,1.0,0.0
最大,6.0,0.0,1.0,0.0
制度,12.0,0.0,1.0,0.0
DdhFZp0hHYIXYx2frE4bIyasA7ibGZgPWuBsNSzDF1Sr,3.0,0.0,1.0,0.0
设备,3.0,0.0,1.0,0.0
底,0.0,6.0,0.0,1.0
cVpicv9FNa35s80ONxLfMk7Gq9WTEVL80cBgFE94ibpBciclmZySTaYc4HjgYtcHQ,3.0,0.0,1.0,0.0
融为一体,3.0,0.0,1.0,0.0
担当,12.0,0.0,1.0,0.0
格力,0.0,3.0,0.0,1.0
Association,3.0,0.0,1.0,0.0
紧张,0.0,3.0,0.0,1.0
衔接,6.0,0.0,1.0,0.0
字,3.0,0.0,1.0,0.0
这一,3.0,0.0,1.0,0.0
财经,3.0,6.0,0.3333333333333333,0.6666666666666666
环节,6.0,0.0,1.0,0.0
如今,6.0,0.0,1.0,0.0
天峻,3.0,0.0,1.0,0.0
创办,3.0,0.0,1.0,0.0
未验,3.0,0.0,1.0,0.0
交上,3.0,0.0,1.0,0.0
新旧,3.0,0.0,1.0,0.0
情歌,6.0,0.0,1.0,0.0
明确要求,3.0,0.0,1.0,0.0
387371.4,3.0,0.0,1.0,0.0
下发,9.0,0.0,1.0,0.0
歌舞剧,3.0,0.0,1.0,0.0
露营,6.0,0.0,1.0,0.0
涨停板,0.0,6.0,0.0,1.0
Koosa,3.0,0.0,1.0,0.0
途中,6.0,0.0,1.0,0.0
拨付,3.0,0.0,1.0,0.0
工业,3.0,0.0,1.0,0.0
年经,3.0,0.0,1.0,0.0
住,12.0,3.0,0.8,0.2
峡,3.0,0.0,1.0,0.0
601788,0.0,3.0,0.0,1.0
健身,3.0,0.0,1.0,0.0
明确规定,3.0,0.0,1.0,0.0
务求,3.0,0.0,1.0,0.0
日讯,3.0,0.0,1.0,0.0
抓紧,6.0,0.0,1.0,0.0
回顾,3.0,0.0,1.0,0.0
价格,0.0,36.0,0.0,1.0
空间,3.0,0.0,1.0,0.0
段,6.0,0.0,1.0,0.0
635,0.0,3.0,0.0,1.0
党组,27.0,0.0,1.0,0.0
林权证,3.0,0.0,1.0,0.0
回暖,0.0,12.0,0.0,1.0
例子,0.0,3.0,0.0,1.0
640,24.0,0.0,1.0,0.0
高铁,3.0,0.0,1.0,0.0
广场,9.0,0.0,1.0,0.0
马永才,3.0,0.0,1.0,0.0
万立方米,0.0,3.0,0.0,1.0
分社,18.0,0.0,1.0,0.0
走访,3.0,0.0,1.0,0.0
月份,3.0,3.0,0.5,0.5
新华社,27.0,0.0,1.0,0.0
一站,3.0,0.0,1.0,0.0
一批,3.0,0.0,1.0,0.0
Mountaineering,3.0,0.0,1.0,0.0
事情,3.0,3.0,0.5,0.5
负有,18.0,0.0,1.0,0.0
始,3.0,0.0,1.0,0.0
断流,3.0,0.0,1.0,0.0
敦煌,51.0,0.0,1.0,0.0
主营业务,0.0,3.0,0.0,1.0
一下,9.0,0.0,1.0,0.0
获得,3.0,0.0,1.0,0.0
宽,3.0,0.0,1.0,0.0
供图,3.0,0.0,1.0,0.0
超过,0.0,6.0,0.0,1.0
下降,6.0,0.0,1.0,0.0
北纬,6.0,0.0,1.0,0.0
坚决贯彻,3.0,0.0,1.0,0.0
11,15.0,18.0,0.45454545454545453,0.5454545454545454
狩猎,12.0,0.0,1.0,0.0
自然风光,3.0,0.0,1.0,0.0
龙头,0.0,9.0,0.0,1.0
文化产业,3.0,0.0,1.0,0.0
两法,6.0,0.0,1.0,0.0
两侧,6.0,0.0,1.0,0.0
ID,3.0,0.0,1.0,0.0
所有,30.0,0.0,1.0,0.0
98MW,0.0,3.0,0.0,1.0
重工,0.0,6.0,0.0,1.0
阳光,3.0,0.0,1.0,0.0
西海镇,6.0,0.0,1.0,0.0
能,6.0,9.0,0.4,0.6
遥相,3.0,0.0,1.0,0.0
青,3.0,0.0,1.0,0.0
白云,3.0,0.0,1.0,0.0
2016Q4,0.0,3.0,0.0,1.0
鱼而来,3.0,0.0,1.0,0.0
杂志,6.0,0.0,1.0,0.0
哈达,12.0,0.0,1.0,0.0
农牧,9.0,0.0,1.0,0.0
采访报道,3.0,0.0,1.0,0.0
少养,6.0,0.0,1.0,0.0
收到,0.0,3.0,0.0,1.0
取得成功,6.0,0.0,1.0,0.0
账面,0.0,6.0,0.0,1.0
20km,3.0,0.0,1.0,0.0
★,3.0,0.0,1.0,0.0
疏勒河,24.0,0.0,1.0,0.0
第二季度,0.0,3.0,0.0,1.0
证监会,3.0,0.0,1.0,0.0
米,63.0,0.0,1.0,0.0
农牧民,6.0,0.0,1.0,0.0
拿,3.0,0.0,1.0,0.0
最佳时机,0.0,3.0,0.0,1.0
宋鑫,3.0,0.0,1.0,0.0
金昌,21.0,0.0,1.0,0.0
福建,0.0,6.0,0.0,1.0
背面,12.0,0.0,1.0,0.0
摸底,3.0,0.0,1.0,0.0
从图,0.0,3.0,0.0,1.0
工程建设,6.0,0.0,1.0,0.0
刑事,6.0,0.0,1.0,0.0
之称,3.0,0.0,1.0,0.0
扩展,3.0,0.0,1.0,0.0
即日起,3.0,0.0,1.0,0.0
对此,6.0,0.0,1.0,0.0
万,3.0,0.0,1.0,0.0
钢铁,0.0,3.0,0.0,1.0
六届,3.0,0.0,1.0,0.0
山岭,3.0,0.0,1.0,0.0
就是指,0.0,3.0,0.0,1.0
驼队,3.0,0.0,1.0,0.0
掠夺性,3.0,0.0,1.0,0.0
今年,24.0,0.0,1.0,0.0
冲击,0.0,3.0,0.0,1.0
母亲,9.0,0.0,1.0,0.0
天鹅,3.0,0.0,1.0,0.0
000933,0.0,3.0,0.0,1.0
办理,6.0,0.0,1.0,0.0
监制,3.0,0.0,1.0,0.0
木本油料,3.0,0.0,1.0,0.0
冷龙岭,3.0,0.0,1.0,0.0
投放,6.0,0.0,1.0,0.0
年,174.0,57.0,0.7532467532467533,0.24675324675324675
野生动物,3.0,0.0,1.0,0.0
股东大会,0.0,3.0,0.0,1.0
动物,3.0,0.0,1.0,0.0
aJIzROvqkUlrkcadwSQgibmupSXqJ7gLozFoDPar2k8C,3.0,0.0,1.0,0.0
关键点,3.0,0.0,1.0,0.0
精美,3.0,0.0,1.0,0.0
雾海,3.0,0.0,1.0,0.0
不够,6.0,0.0,1.0,0.0
多云,27.0,0.0,1.0,0.0
推进,51.0,3.0,0.9444444444444444,0.05555555555555555
用水,3.0,0.0,1.0,0.0
泰戈,3.0,0.0,1.0,0.0
全境,3.0,0.0,1.0,0.0
马铃薯,18.0,0.0,1.0,0.0
平均海拔,3.0,0.0,1.0,0.0
海西州,6.0,0.0,1.0,0.0
业绩,0.0,48.0,0.0,1.0
具体,15.0,0.0,1.0,0.0
谈,12.0,0.0,1.0,0.0
实行,9.0,0.0,1.0,0.0
延缓,3.0,0.0,1.0,0.0
管理局,24.0,0.0,1.0,0.0
预期,3.0,6.0,0.3333333333333333,0.6666666666666666
办,42.0,0.0,1.0,0.0
一是,12.0,3.0,0.8,0.2
日讯据央,3.0,0.0,1.0,0.0
渎职,3.0,0.0,1.0,0.0
出行,3.0,0.0,1.0,0.0
即可,3.0,0.0,1.0,0.0
com,9.0,0.0,1.0,0.0
阿柔,3.0,0.0,1.0,0.0
从根本上,3.0,0.0,1.0,0.0
停止,27.0,0.0,1.0,0.0
分管,12.0,0.0,1.0,0.0
高山,15.0,0.0,1.0,0.0
各市,3.0,0.0,1.0,0.0
约定,3.0,0.0,1.0,0.0
6.25,9.0,0.0,1.0,0.0
中到大雨,9.0,0.0,1.0,0.0
清理,21.0,0.0,1.0,0.0
曹婷,3.0,0.0,1.0,0.0
义务,6.0,0.0,1.0,0.0
体系,6.0,0.0,1.0,0.0
目前,27.0,3.0,0.9,0.1
废机油,3.0,0.0,1.0,0.0
调取,3.0,0.0,1.0,0.0
1.05,0.0,3.0,0.0,1.0
～,9.0,0.0,1.0,0.0
晚饭时间,3.0,0.0,1.0,0.0
横贯,3.0,0.0,1.0,0.0
造就,3.0,0.0,1.0,0.0
严肃处理,12.0,0.0,1.0,0.0
人工繁殖,30.0,0.0,1.0,0.0
西北,12.0,0.0,1.0,0.0
明日,0.0,3.0,0.0,1.0
批准,30.0,0.0,1.0,0.0
剑,6.0,0.0,1.0,0.0
第一,6.0,0.0,1.0,0.0
靠水吃水,3.0,0.0,1.0,0.0
China,3.0,0.0,1.0,0.0
千,3.0,0.0,1.0,0.0
街组,3.0,0.0,1.0,0.0
其他,6.0,9.0,0.4,0.6
开发,81.0,0.0,1.0,0.0
示警,3.0,0.0,1.0,0.0
针对,15.0,0.0,1.0,0.0
增长,0.0,6.0,0.0,1.0
硬伤,6.0,0.0,1.0,0.0
哪些,3.0,3.0,0.5,0.5
主要,39.0,30.0,0.5652173913043478,0.43478260869565216
沧桑,3.0,0.0,1.0,0.0
交运,0.0,6.0,0.0,1.0
引人入胜,3.0,0.0,1.0,0.0
马场,6.0,0.0,1.0,0.0
命名,3.0,0.0,1.0,0.0
修,3.0,0.0,1.0,0.0
此举,3.0,0.0,1.0,0.0
给予,45.0,0.0,1.0,0.0
探矿权,15.0,0.0,1.0,0.0
自驾,36.0,0.0,1.0,0.0
2.83,0.0,3.0,0.0,1.0
97,3.0,0.0,1.0,0.0
矿业,0.0,3.0,0.0,1.0
销售,3.0,6.0,0.3333333333333333,0.6666666666666666
www,9.0,0.0,1.0,0.0
试点,9.0,0.0,1.0,0.0
习惯,3.0,0.0,1.0,0.0
举措,3.0,0.0,1.0,0.0
及时,6.0,3.0,0.6666666666666666,0.3333333333333333
实施,48.0,0.0,1.0,0.0
甘陕,3.0,0.0,1.0,0.0
内涵,3.0,0.0,1.0,0.0
林铎,12.0,0.0,1.0,0.0
厕所,6.0,0.0,1.0,0.0
播种,3.0,0.0,1.0,0.0
六日,6.0,0.0,1.0,0.0
囗,0.0,3.0,0.0,1.0
普遍存在,9.0,0.0,1.0,0.0
缩减,6.0,0.0,1.0,0.0
蕴含着,3.0,0.0,1.0,0.0
全方位,3.0,0.0,1.0,0.0
把,33.0,0.0,1.0,0.0
包庇,9.0,0.0,1.0,0.0
重中之重,3.0,0.0,1.0,0.0
已有,3.0,0.0,1.0,0.0
看到,6.0,3.0,0.6666666666666666,0.3333333333333333
马莎,3.0,0.0,1.0,0.0
企业,24.0,15.0,0.6153846153846154,0.38461538461538464
博大精深,3.0,0.0,1.0,0.0
顺着,3.0,0.0,1.0,0.0
合法权益,3.0,0.0,1.0,0.0
期盼,6.0,0.0,1.0,0.0
乌鞘岭,3.0,0.0,1.0,0.0
硫化,3.0,0.0,1.0,0.0
孕育,3.0,0.0,1.0,0.0
破坏,156.0,0.0,1.0,0.0
524,3.0,0.0,1.0,0.0
三十四,6.0,0.0,1.0,0.0
2017,99.0,21.0,0.825,0.175
时任,9.0,0.0,1.0,0.0
产业链,3.0,0.0,1.0,0.0
29,30.0,3.0,0.9090909090909091,0.09090909090909091
新疆,0.0,6.0,0.0,1.0
节点,6.0,0.0,1.0,0.0
实地,6.0,0.0,1.0,0.0
郎文瑞,3.0,0.0,1.0,0.0
血噬,3.0,0.0,1.0,0.0
开工,3.0,0.0,1.0,0.0
既,3.0,0.0,1.0,0.0
精准,3.0,0.0,1.0,0.0
卫东,9.0,0.0,1.0,0.0
取,3.0,0.0,1.0,0.0
归属,0.0,6.0,0.0,1.0
漂流,6.0,0.0,1.0,0.0
秦勇,18.0,0.0,1.0,0.0
省内,9.0,0.0,1.0,0.0
之一,18.0,0.0,1.0,0.0
专题片,3.0,0.0,1.0,0.0
对应,3.0,0.0,1.0,0.0
3.04,0.0,3.0,0.0,1.0
回家,6.0,0.0,1.0,0.0
乱,18.0,0.0,1.0,0.0
发源地,3.0,0.0,1.0,0.0
集水区,9.0,0.0,1.0,0.0
立场,3.0,0.0,1.0,0.0
笑,3.0,0.0,1.0,0.0
俱乐部,12.0,0.0,1.0,0.0
土壤,9.0,0.0,1.0,0.0
西行,6.0,0.0,1.0,0.0
西北地区,9.0,0.0,1.0,0.0
路,6.0,0.0,1.0,0.0
评选活动,6.0,0.0,1.0,0.0
条路,3.0,0.0,1.0,0.0
出游,3.0,0.0,1.0,0.0
期末,0.0,6.0,0.0,1.0
董瑞强,3.0,0.0,1.0,0.0
宽阔,12.0,0.0,1.0,0.0
跟踪,3.0,3.0,0.5,0.5
山丹,9.0,0.0,1.0,0.0
人中材,0.0,3.0,0.0,1.0
分院,3.0,0.0,1.0,0.0
盯盘,0.0,3.0,0.0,1.0
污染物,6.0,0.0,1.0,0.0
赔偿,3.0,0.0,1.0,0.0
北方,0.0,3.0,0.0,1.0
600720,36.0,33.0,0.5217391304347826,0.4782608695652174
碱,3.0,0.0,1.0,0.0
40,3.0,0.0,1.0,0.0
报告,3.0,6.0,0.3333333333333333,0.6666666666666666
传感器,9.0,0.0,1.0,0.0
任何,27.0,0.0,1.0,0.0
李进军,9.0,0.0,1.0,0.0
必要,3.0,0.0,1.0,0.0
督查组,9.0,0.0,1.0,0.0
上年,0.0,3.0,0.0,1.0
冷水,9.0,0.0,1.0,0.0
就算,3.0,0.0,1.0,0.0
人民检察院,3.0,0.0,1.0,0.0
同时,12.0,0.0,1.0,0.0
一场,3.0,0.0,1.0,0.0
渔政,3.0,0.0,1.0,0.0
15,15.0,3.0,0.8333333333333334,0.16666666666666666
37.34,0.0,3.0,0.0,1.0
兰石,0.0,3.0,0.0,1.0
国家级,237.0,0.0,1.0,0.0
庆阳,6.0,0.0,1.0,0.0
进入,3.0,6.0,0.3333333333333333,0.6666666666666666
大通,6.0,0.0,1.0,0.0
基建,0.0,3.0,0.0,1.0
新理念,6.0,0.0,1.0,0.0
监测,21.0,0.0,1.0,0.0
苍苍,3.0,0.0,1.0,0.0
管理条例,18.0,0.0,1.0,0.0
悔不当初,3.0,0.0,1.0,0.0
顺利完成,3.0,0.0,1.0,0.0
海子,3.0,0.0,1.0,0.0
烟,3.0,0.0,1.0,0.0
壮美,9.0,0.0,1.0,0.0
发,3.0,0.0,1.0,0.0
地表,18.0,0.0,1.0,0.0
建设,108.0,6.0,0.9473684210526315,0.05263157894736842
仍然,15.0,0.0,1.0,0.0
煤矿,6.0,0.0,1.0,0.0
二级,3.0,0.0,1.0,0.0
ChpwYraHZNh1gfbzx08J5zfIiazkzibOKpgZxaUdcAE3SBAA2B,3.0,0.0,1.0,0.0
August,3.0,0.0,1.0,0.0
病虫害,3.0,0.0,1.0,0.0
二十五,3.0,0.0,1.0,0.0
〇,3.0,0.0,1.0,0.0
内,138.0,3.0,0.9787234042553191,0.02127659574468085
主导,0.0,3.0,0.0,1.0
iaPK7k0h05o47aztaibiaOgicxh0aZLoxjyCGlp3v89FKK4JIcImUEA,3.0,0.0,1.0,0.0
更,21.0,0.0,1.0,0.0
【,144.0,12.0,0.9230769230769231,0.07692307692307693
再,6.0,0.0,1.0,0.0
年产,3.0,0.0,1.0,0.0
饲养,3.0,0.0,1.0,0.0
保障,24.0,0.0,1.0,0.0
植被,21.0,0.0,1.0,0.0
民生,6.0,0.0,1.0,0.0
鉴别,3.0,0.0,1.0,0.0
甘谷,0.0,3.0,0.0,1.0
塌陷,6.0,0.0,1.0,0.0
排版,3.0,0.0,1.0,0.0
有序,12.0,0.0,1.0,0.0
39,9.0,0.0,1.0,0.0
敞开,3.0,0.0,1.0,0.0
连续,6.0,0.0,1.0,0.0
涨,0.0,6.0,0.0,1.0
法律,24.0,0.0,1.0,0.0
进度,12.0,0.0,1.0,0.0
租赁,3.0,0.0,1.0,0.0
2.5,3.0,0.0,1.0,0.0
该区,3.0,0.0,1.0,0.0
自行车赛,6.0,0.0,1.0,0.0
102,3.0,0.0,1.0,0.0
洗礼,3.0,0.0,1.0,0.0
公告,3.0,3.0,0.5,0.5
世纪,6.0,0.0,1.0,0.0
周辰,3.0,0.0,1.0,0.0
倒影,3.0,0.0,1.0,0.0
2003,3.0,0.0,1.0,0.0
撤职,3.0,0.0,1.0,0.0
湾,6.0,0.0,1.0,0.0
供给,3.0,3.0,0.5,0.5
做,6.0,0.0,1.0,0.0
开启,0.0,6.0,0.0,1.0
长达,6.0,0.0,1.0,0.0
发放,3.0,0.0,1.0,0.0
阿叻,3.0,0.0,1.0,0.0
称之为,3.0,0.0,1.0,0.0
积温,3.0,0.0,1.0,0.0
天祝,12.0,0.0,1.0,0.0
彻底解决,3.0,0.0,1.0,0.0
便利,6.0,0.0,1.0,0.0
汇丰,3.0,0.0,1.0,0.0
民族,18.0,0.0,1.0,0.0
夹,3.0,0.0,1.0,0.0
有色,3.0,0.0,1.0,0.0
体会,3.0,0.0,1.0,0.0
xbsb,3.0,0.0,1.0,0.0
环湖,24.0,0.0,1.0,0.0
条例,18.0,0.0,1.0,0.0
夏日,3.0,0.0,1.0,0.0
滔滔,12.0,0.0,1.0,0.0
流量,6.0,0.0,1.0,0.0
村,6.0,3.0,0.6666666666666666,0.3333333333333333
硕长,9.0,0.0,1.0,0.0
粘合,0.0,3.0,0.0,1.0
石灰石,3.0,0.0,1.0,0.0
赤金,3.0,0.0,1.0,0.0
书记,21.0,0.0,1.0,0.0
扩大,6.0,0.0,1.0,0.0
617,3.0,0.0,1.0,0.0
而化,3.0,0.0,1.0,0.0
未变,0.0,3.0,0.0,1.0
全国,30.0,0.0,1.0,0.0
酥,6.0,0.0,1.0,0.0
抽调,3.0,0.0,1.0,0.0
地下,3.0,0.0,1.0,0.0
挑战赛,6.0,0.0,1.0,0.0
冰酒,12.0,0.0,1.0,0.0
10.82,0.0,6.0,0.0,1.0
蚕缀,9.0,0.0,1.0,0.0
我国,72.0,0.0,1.0,0.0
两市,3.0,0.0,1.0,0.0
石,9.0,0.0,1.0,0.0
组,6.0,0.0,1.0,0.0
中报,0.0,6.0,0.0,1.0
同业,0.0,3.0,0.0,1.0
省长,3.0,0.0,1.0,0.0
前置,3.0,0.0,1.0,0.0
覆盖,3.0,0.0,1.0,0.0
鲤,75.0,0.0,1.0,0.0
午后,0.0,3.0,0.0,1.0
主管部门,9.0,0.0,1.0,0.0
充当,3.0,0.0,1.0,0.0
水利部,3.0,0.0,1.0,0.0
分解,3.0,0.0,1.0,0.0
路况,3.0,0.0,1.0,0.0
当日,0.0,3.0,0.0,1.0
新赛,0.0,3.0,0.0,1.0
防治,6.0,0.0,1.0,0.0
关键,3.0,0.0,1.0,0.0
直接,6.0,3.0,0.6666666666666666,0.3333333333333333
站位,6.0,0.0,1.0,0.0
省委,15.0,0.0,1.0,0.0
暗藏,3.0,0.0,1.0,0.0
焉,9.0,0.0,1.0,0.0
主动,6.0,3.0,0.6666666666666666,0.3333333333333333
醉心,12.0,0.0,1.0,0.0
措辞,12.0,0.0,1.0,0.0
获悉,9.0,0.0,1.0,0.0
立案监督,3.0,0.0,1.0,0.0
系统,9.0,0.0,1.0,0.0
大冬树,6.0,0.0,1.0,0.0
相图,6.0,0.0,1.0,0.0
海拔高度,9.0,0.0,1.0,0.0
谈后,3.0,0.0,1.0,0.0
源于,0.0,3.0,0.0,1.0
摄,9.0,0.0,1.0,0.0
遗迹,3.0,0.0,1.0,0.0
深挖,3.0,0.0,1.0,0.0
504067.3,3.0,0.0,1.0,0.0
2999,6.0,0.0,1.0,0.0
事项,6.0,0.0,1.0,0.0
规定,30.0,0.0,1.0,0.0
有限,3.0,0.0,1.0,0.0
宿,3.0,0.0,1.0,0.0
督察,48.0,0.0,1.0,0.0
问题,501.0,0.0,1.0,0.0
部委,9.0,0.0,1.0,0.0
监督机制,3.0,0.0,1.0,0.0
理顺,3.0,0.0,1.0,0.0
队,3.0,0.0,1.0,0.0
资料,9.0,0.0,1.0,0.0
环境,66.0,0.0,1.0,0.0
王毅,3.0,0.0,1.0,0.0
合理,3.0,0.0,1.0,0.0
在,381.0,36.0,0.9136690647482014,0.08633093525179857
精神风貌,3.0,0.0,1.0,0.0
民族风情,3.0,0.0,1.0,0.0
自主,9.0,0.0,1.0,0.0
净利润,0.0,24.0,0.0,1.0
信号,3.0,6.0,0.3333333333333333,0.6666666666666666
浅水区,3.0,0.0,1.0,0.0
印发,18.0,0.0,1.0,0.0
四面,3.0,0.0,1.0,0.0
杨子兴,15.0,0.0,1.0,0.0
百花,0.0,3.0,0.0,1.0
末,6.0,0.0,1.0,0.0
这个,6.0,6.0,0.5,0.5
懒政官,3.0,0.0,1.0,0.0
整合,0.0,3.0,0.0,1.0
甘肃农业大学,3.0,0.0,1.0,0.0
37,3.0,0.0,1.0,0.0
共享,3.0,0.0,1.0,0.0
上空,3.0,0.0,1.0,0.0
旅行,6.0,0.0,1.0,0.0
确保,24.0,0.0,1.0,0.0
开展,63.0,0.0,1.0,0.0
基础,15.0,0.0,1.0,0.0
神奇,3.0,0.0,1.0,0.0
―,6.0,0.0,1.0,0.0
阵雨,27.0,0.0,1.0,0.0
开板,0.0,6.0,0.0,1.0
大多数,3.0,0.0,1.0,0.0
提,3.0,0.0,1.0,0.0
河东,12.0,0.0,1.0,0.0
全面,69.0,0.0,1.0,0.0
规范,15.0,0.0,1.0,0.0
通道,6.0,0.0,1.0,0.0
涵养,15.0,0.0,1.0,0.0
四,3.0,0.0,1.0,0.0
时候,6.0,0.0,1.0,0.0
常年,3.0,0.0,1.0,0.0
协作,3.0,0.0,1.0,0.0
只,0.0,9.0,0.0,1.0
全省各地,3.0,0.0,1.0,0.0
告诉,6.0,0.0,1.0,0.0
陇南,12.0,0.0,1.0,0.0
门,3.0,0.0,1.0,0.0
1.8,3.0,12.0,0.2,0.8
归属于,0.0,9.0,0.0,1.0
造福,3.0,0.0,1.0,0.0
文化名城,3.0,0.0,1.0,0.0
举不胜举,0.0,3.0,0.0,1.0
9sbR3Bpv3tnDfrkSj7ge8sBvKccZQvzb98tTxA,3.0,0.0,1.0,0.0
唤醒,9.0,0.0,1.0,0.0
高官,3.0,0.0,1.0,0.0
努力,9.0,0.0,1.0,0.0
游客,3.0,0.0,1.0,0.0
累计,6.0,3.0,0.6666666666666666,0.3333333333333333
顶雪,3.0,0.0,1.0,0.0
简介,3.0,0.0,1.0,0.0
良种,6.0,0.0,1.0,0.0
冶炼厂,3.0,0.0,1.0,0.0
积累,3.0,0.0,1.0,0.0
公里,12.0,0.0,1.0,0.0
开始,12.0,3.0,0.8,0.2
革命,6.0,0.0,1.0,0.0
总面积,9.0,0.0,1.0,0.0
81.9,3.0,0.0,1.0,0.0
UA,3.0,0.0,1.0,0.0
孔,18.0,0.0,1.0,0.0
沿山,3.0,0.0,1.0,0.0
D8,3.0,0.0,1.0,0.0
26,3.0,0.0,1.0,0.0
黔,0.0,3.0,0.0,1.0
兼,9.0,0.0,1.0,0.0
白葡萄酒,3.0,0.0,1.0,0.0
强县,3.0,0.0,1.0,0.0
龙首山,3.0,0.0,1.0,0.0
前期工作,6.0,0.0,1.0,0.0
对,231.0,0.0,1.0,0.0
不远,3.0,0.0,1.0,0.0
替代,9.0,0.0,1.0,0.0
下泄,3.0,0.0,1.0,0.0
着,27.0,0.0,1.0,0.0
刑法,3.0,0.0,1.0,0.0
预警,9.0,0.0,1.0,0.0
9.97,0.0,3.0,0.0,1.0
外围,3.0,0.0,1.0,0.0
甘,3.0,0.0,1.0,0.0
失守,9.0,0.0,1.0,0.0
对外,21.0,0.0,1.0,0.0
3,51.0,9.0,0.85,0.15
IMAGE,78.0,0.0,1.0,0.0
8.5,9.0,0.0,1.0,0.0
股票代码,0.0,9.0,0.0,1.0
底部,0.0,3.0,0.0,1.0
止跌,0.0,6.0,0.0,1.0
格尔木,9.0,0.0,1.0,0.0
烟尘,3.0,0.0,1.0,0.0
案,3.0,0.0,1.0,0.0
拆除,12.0,0.0,1.0,0.0
...,3.0,0.0,1.0,0.0
确定,18.0,0.0,1.0,0.0
文体活动,3.0,0.0,1.0,0.0
退出,24.0,0.0,1.0,0.0
碰硬,21.0,0.0,1.0,0.0
集中,18.0,0.0,1.0,0.0
000791,3.0,0.0,1.0,0.0
宝商,0.0,3.0,0.0,1.0
省委常委,12.0,0.0,1.0,0.0
畜牧,12.0,0.0,1.0,0.0
不全,3.0,0.0,1.0,0.0
大海,3.0,0.0,1.0,0.0
出发,12.0,0.0,1.0,0.0
径流,3.0,0.0,1.0,0.0
上中游,3.0,0.0,1.0,0.0
入户,3.0,0.0,1.0,0.0
上述,3.0,6.0,0.3333333333333333,0.6666666666666666
油菜花,27.0,0.0,1.0,0.0
东北部,3.0,0.0,1.0,0.0
面上,0.0,3.0,0.0,1.0
面积,15.0,0.0,1.0,0.0
放牧,9.0,0.0,1.0,0.0
偷放,18.0,0.0,1.0,0.0
进出,3.0,0.0,1.0,0.0
1.68,0.0,3.0,0.0,1.0
课题,3.0,0.0,1.0,0.0
上调,0.0,18.0,0.0,1.0
总体,3.0,0.0,1.0,0.0
煤碳,3.0,0.0,1.0,0.0
这条,6.0,0.0,1.0,0.0
年底,30.0,6.0,0.8333333333333334,0.16666666666666666
８,3.0,0.0,1.0,0.0
工业污染,3.0,0.0,1.0,0.0
始终,6.0,0.0,1.0,0.0
开采,3.0,0.0,1.0,0.0
7.1,18.0,0.0,1.0,0.0
知名度,3.0,0.0,1.0,0.0
将会,3.0,0.0,1.0,0.0
变暖,3.0,0.0,1.0,0.0
氨氮,3.0,0.0,1.0,0.0
加剧,9.0,0.0,1.0,0.0
厚度,6.0,0.0,1.0,0.0
殆尽,3.0,0.0,1.0,0.0
遵守,3.0,0.0,1.0,0.0
每年,6.0,0.0,1.0,0.0
观测,6.0,0.0,1.0,0.0
督察组,39.0,0.0,1.0,0.0
攻坚战,3.0,0.0,1.0,0.0
收盘,0.0,6.0,0.0,1.0
涉及,12.0,0.0,1.0,0.0
早,24.0,0.0,1.0,0.0
适合,3.0,0.0,1.0,0.0
编辑,6.0,0.0,1.0,0.0
代替,9.0,0.0,1.0,0.0
随心所欲,3.0,0.0,1.0,0.0
大力,6.0,0.0,1.0,0.0
树,3.0,0.0,1.0,0.0
一段,6.0,0.0,1.0,0.0
朵,12.0,0.0,1.0,0.0
认识,12.0,0.0,1.0,0.0
西宁,30.0,0.0,1.0,0.0
雕塑,6.0,0.0,1.0,0.0
这是,6.0,0.0,1.0,0.0
冰雪传奇,9.0,0.0,1.0,0.0
圣境,6.0,0.0,1.0,0.0
室,3.0,0.0,1.0,0.0
决定,6.0,0.0,1.0,0.0
介入性,0.0,3.0,0.0,1.0
户外,6.0,0.0,1.0,0.0
输入,3.0,0.0,1.0,0.0
所,3.0,0.0,1.0,0.0
成,0.0,3.0,0.0,1.0
天空,3.0,0.0,1.0,0.0
ng,3.0,0.0,1.0,0.0
东南,3.0,0.0,1.0,0.0
诗人,3.0,0.0,1.0,0.0
从小到大,3.0,0.0,1.0,0.0
近年来,12.0,0.0,1.0,0.0
庄园,3.0,0.0,1.0,0.0
秋日,3.0,0.0,1.0,0.0
财政部,6.0,0.0,1.0,0.0
河神,3.0,0.0,1.0,0.0
上,69.0,6.0,0.92,0.08
一份,3.0,0.0,1.0,0.0
学习,30.0,0.0,1.0,0.0
处分,9.0,0.0,1.0,0.0
绿色,15.0,0.0,1.0,0.0
文物,3.0,0.0,1.0,0.0
证券,0.0,6.0,0.0,1.0
动能,3.0,0.0,1.0,0.0
导向,3.0,0.0,1.0,0.0
执行,3.0,0.0,1.0,0.0
批,3.0,0.0,1.0,0.0
比较突出,6.0,0.0,1.0,0.0
知耻,18.0,0.0,1.0,0.0
解决,15.0,3.0,0.8333333333333334,0.16666666666666666
温度,18.0,0.0,1.0,0.0
林业厅,3.0,0.0,1.0,0.0
诊股,18.0,27.0,0.4,0.6
发展观,3.0,0.0,1.0,0.0
走势,0.0,6.0,0.0,1.0
探矿,18.0,0.0,1.0,0.0
茶卡,12.0,0.0,1.0,0.0
山垭口,6.0,0.0,1.0,0.0
民众,3.0,0.0,1.0,0.0
等,219.0,42.0,0.8390804597701149,0.16091954022988506
白黄,0.0,3.0,0.0,1.0
凯博,3.0,0.0,1.0,0.0
盆地,12.0,0.0,1.0,0.0
调查,24.0,0.0,1.0,0.0
天然气,36.0,0.0,1.0,0.0
绝笔,6.0,0.0,1.0,0.0
西南方,3.0,0.0,1.0,0.0
却是,3.0,0.0,1.0,0.0
人民政府,3.0,0.0,1.0,0.0
山体,3.0,0.0,1.0,0.0
sxKc5RZibS9oBBBiauDD4Ptib79NNcL6FqebI9Iu5c,3.0,0.0,1.0,0.0
－,6.0,0.0,1.0,0.0
人空,6.0,0.0,1.0,0.0
工作进展,3.0,0.0,1.0,0.0
载体,3.0,0.0,1.0,0.0
兰州大学,3.0,0.0,1.0,0.0
程序,6.0,0.0,1.0,0.0
典型性,3.0,0.0,1.0,0.0
陇西,3.0,0.0,1.0,0.0
昨天,3.0,0.0,1.0,0.0
春麦,3.0,0.0,1.0,0.0
考察,6.0,0.0,1.0,0.0
该省,6.0,0.0,1.0,0.0
预测,3.0,0.0,1.0,0.0
导致,9.0,3.0,0.75,0.25
玉隆滩,3.0,0.0,1.0,0.0
做成,3.0,0.0,1.0,0.0
股票,0.0,6.0,0.0,1.0
高标准,3.0,0.0,1.0,0.0
抓好,30.0,0.0,1.0,0.0
森林,15.0,0.0,1.0,0.0
店,3.0,0.0,1.0,0.0
天下,3.0,0.0,1.0,0.0
失,3.0,0.0,1.0,0.0
助推,3.0,3.0,0.5,0.5
驱车,3.0,0.0,1.0,0.0
俗话说,3.0,0.0,1.0,0.0
于,39.0,0.0,1.0,0.0
27th,3.0,0.0,1.0,0.0
一年,6.0,3.0,0.6666666666666666,0.3333333333333333
权属,3.0,0.0,1.0,0.0
受阻,0.0,3.0,0.0,1.0
km,6.0,0.0,1.0,0.0
环境保护部,9.0,0.0,1.0,0.0
分析师,0.0,3.0,0.0,1.0
25,3.0,0.0,1.0,0.0
视野,12.0,0.0,1.0,0.0
随意,0.0,6.0,0.0,1.0
各类,18.0,0.0,1.0,0.0
母亲河,3.0,0.0,1.0,0.0
最近,6.0,0.0,1.0,0.0
天然林,6.0,0.0,1.0,0.0
考核,3.0,0.0,1.0,0.0
营,9.0,0.0,1.0,0.0
工作,219.0,0.0,1.0,0.0
四个,18.0,0.0,1.0,0.0
切实,6.0,0.0,1.0,0.0
浩瀚,3.0,0.0,1.0,0.0
重要性,9.0,0.0,1.0,0.0
水土流失,9.0,0.0,1.0,0.0
会议,72.0,0.0,1.0,0.0
兴起,3.0,0.0,1.0,0.0
回味无穷,3.0,0.0,1.0,0.0
黑洞,3.0,0.0,1.0,0.0
购买,3.0,0.0,1.0,0.0
示意图,3.0,0.0,1.0,0.0
这些,0.0,3.0,0.0,1.0
气象局,3.0,0.0,1.0,0.0
雄关,3.0,0.0,1.0,0.0
越,3.0,0.0,1.0,0.0
浓,3.0,0.0,1.0,0.0
场所,3.0,0.0,1.0,0.0
减畜,3.0,0.0,1.0,0.0
OgTkrsQwxm1ic0o04WrU4ribU9E91OV7VUjsDdfd3fhMrbcwNw,3.0,0.0,1.0,0.0
调查组,3.0,0.0,1.0,0.0
集合,18.0,0.0,1.0,0.0
新,33.0,9.0,0.7857142857142857,0.21428571428571427
上涨,0.0,15.0,0.0,1.0
是,267.0,33.0,0.89,0.11
栖息地,3.0,0.0,1.0,0.0
对面,6.0,0.0,1.0,0.0
迎接,0.0,3.0,0.0,1.0
议案,0.0,3.0,0.0,1.0
行程,6.0,0.0,1.0,0.0
UAlibO4WLBian3enNbnsk91oWHiadtaYF0oZezFjjJY,3.0,0.0,1.0,0.0
谢荣胜,6.0,0.0,1.0,0.0
飞越,3.0,0.0,1.0,0.0
警示,6.0,0.0,1.0,0.0
观察,15.0,3.0,0.8333333333333334,0.16666666666666666
钾,3.0,0.0,1.0,0.0
规模,3.0,0.0,1.0,0.0
防线,3.0,0.0,1.0,0.0
>,90.0,0.0,1.0,0.0
对照,3.0,0.0,1.0,0.0
产品,9.0,12.0,0.42857142857142855,0.5714285714285714
戏水,3.0,0.0,1.0,0.0
处于,3.0,3.0,0.5,0.5
项目组,15.0,0.0,1.0,0.0
产生,9.0,0.0,1.0,0.0
魏晋,3.0,0.0,1.0,0.0
正常,3.0,0.0,1.0,0.0
王,9.0,0.0,1.0,0.0
城乡,3.0,0.0,1.0,0.0
经幡,3.0,0.0,1.0,0.0
细化,3.0,0.0,1.0,0.0
181,9.0,0.0,1.0,0.0
140,6.0,0.0,1.0,0.0
紧迫感,3.0,0.0,1.0,0.0
张添福,3.0,0.0,1.0,0.0
出现,15.0,18.0,0.45454545454545453,0.5454545454545454
阴有,27.0,0.0,1.0,0.0
海,15.0,0.0,1.0,0.0
定居,3.0,0.0,1.0,0.0
55,3.0,0.0,1.0,0.0
万亩,3.0,0.0,1.0,0.0
采药,6.0,0.0,1.0,0.0
个别,0.0,3.0,0.0,1.0
SRC,78.0,0.0,1.0,0.0
不好,3.0,0.0,1.0,0.0
交流平台,3.0,0.0,1.0,0.0
地,63.0,0.0,1.0,0.0
天境,21.0,0.0,1.0,0.0
穿行,3.0,0.0,1.0,0.0
间,6.0,0.0,1.0,0.0
民俗风情,3.0,0.0,1.0,0.0
雪山,27.0,0.0,1.0,0.0
转换,3.0,0.0,1.0,0.0
B座,3.0,0.0,1.0,0.0
盖乡,3.0,0.0,1.0,0.0
纪律,3.0,0.0,1.0,0.0
Y,3.0,0.0,1.0,0.0
达到,6.0,0.0,1.0,0.0
开,3.0,0.0,1.0,0.0
隐患,3.0,0.0,1.0,0.0
　,1104.0,0.0,1.0,0.0
关注,39.0,12.0,0.7647058823529411,0.23529411764705882
木里,15.0,0.0,1.0,0.0
南,3.0,0.0,1.0,0.0
!,0.0,18.0,0.0,1.0
奠定,3.0,0.0,1.0,0.0
08,15.0,0.0,1.0,0.0
召开,45.0,3.0,0.9375,0.0625
严打,3.0,0.0,1.0,0.0
幻海,3.0,0.0,1.0,0.0
预,3.0,0.0,1.0,0.0
山青水秀,6.0,0.0,1.0,0.0
酷赛,9.0,0.0,1.0,0.0
对于,33.0,0.0,1.0,0.0
积极,6.0,0.0,1.0,0.0
短期,0.0,3.0,0.0,1.0
水体,3.0,0.0,1.0,0.0
湖面,6.0,0.0,1.0,0.0
100,6.0,0.0,1.0,0.0
油菜,3.0,0.0,1.0,0.0
长川,3.0,0.0,1.0,0.0
引进,3.0,0.0,1.0,0.0
基本上,3.0,0.0,1.0,0.0
4,27.0,6.0,0.8181818181818182,0.18181818181818182
发现,39.0,0.0,1.0,0.0
生物,42.0,0.0,1.0,0.0
观赏,15.0,0.0,1.0,0.0
经济林,3.0,0.0,1.0,0.0
第三次,0.0,3.0,0.0,1.0
乡镇,6.0,0.0,1.0,0.0
海纳,0.0,3.0,0.0,1.0
称其为,0.0,3.0,0.0,1.0
更是,6.0,0.0,1.0,0.0
记者,72.0,0.0,1.0,0.0
中心组,9.0,0.0,1.0,0.0
说,12.0,0.0,1.0,0.0
八宝,15.0,0.0,1.0,0.0
销号,6.0,0.0,1.0,0.0
等等,3.0,6.0,0.3333333333333333,0.6666666666666666
作协,3.0,0.0,1.0,0.0
_,123.0,0.0,1.0,0.0
预喜,0.0,6.0,0.0,1.0
中农,3.0,0.0,1.0,0.0
补偿,3.0,0.0,1.0,0.0
大连,0.0,3.0,0.0,1.0
冻土,6.0,0.0,1.0,0.0
监督管理,6.0,0.0,1.0,0.0
镇,3.0,0.0,1.0,0.0
七年,3.0,0.0,1.0,0.0
点,3.0,0.0,1.0,0.0
东环,3.0,0.0,1.0,0.0
自然,3.0,0.0,1.0,0.0
剖析,12.0,0.0,1.0,0.0
吸引,3.0,0.0,1.0,0.0
东兴,3.0,0.0,1.0,0.0
横穿,3.0,0.0,1.0,0.0
科技,3.0,0.0,1.0,0.0
玉门关,3.0,0.0,1.0,0.0
畜牧业,6.0,0.0,1.0,0.0
观景台,3.0,0.0,1.0,0.0
KjicPoxsfbDVeL2ibKkS6DvXC58kGibKBXws4,3.0,0.0,1.0,0.0
一板,3.0,0.0,1.0,0.0
理政,3.0,0.0,1.0,0.0
山丹县,12.0,0.0,1.0,0.0
鸽子,3.0,0.0,1.0,0.0
回落,0.0,3.0,0.0,1.0
老百姓,3.0,0.0,1.0,0.0
国土,3.0,0.0,1.0,0.0
弄虚作假,9.0,0.0,1.0,0.0
分,3.0,0.0,1.0,0.0
河流,12.0,0.0,1.0,0.0
划定,18.0,0.0,1.0,0.0
为主,6.0,0.0,1.0,0.0
公开,3.0,0.0,1.0,0.0
活动区,6.0,0.0,1.0,0.0
平台,12.0,0.0,1.0,0.0
省委书记,6.0,0.0,1.0,0.0
矿产资源,21.0,0.0,1.0,0.0
更加,3.0,0.0,1.0,0.0
将,90.0,27.0,0.7692307692307693,0.23076923076923078
国际,12.0,15.0,0.4444444444444444,0.5555555555555556
后期,0.0,3.0,0.0,1.0
电投,3.0,0.0,1.0,0.0
魔鬼城,9.0,0.0,1.0,0.0
宛如,9.0,0.0,1.0,0.0
笔者,3.0,0.0,1.0,0.0
系列,6.0,0.0,1.0,0.0
(,48.0,33.0,0.5925925925925926,0.4074074074074074
随着,6.0,0.0,1.0,0.0
（,180.0,72.0,0.7142857142857143,0.2857142857142857
根除,6.0,0.0,1.0,0.0
7,138.0,12.0,0.92,0.08
不定期,3.0,0.0,1.0,0.0
犯罪案件,3.0,0.0,1.0,0.0
1,21.0,3.0,0.875,0.125
表示,30.0,6.0,0.8333333333333334,0.16666666666666666
接过,3.0,0.0,1.0,0.0
大众,3.0,0.0,1.0,0.0
大漠,3.0,0.0,1.0,0.0
以及,21.0,6.0,0.7777777777777778,0.2222222222222222
CJYLcZmSwBoiamMiboF5ia8RysFy6Sznga8cbu6PHUCr3j7ib6sFVkqtYYDkbqwxSo90UhxjVaBqoAD6A,3.0,0.0,1.0,0.0
作用,9.0,0.0,1.0,0.0
眼前,3.0,0.0,1.0,0.0
俗称,3.0,0.0,1.0,0.0
盛宴,3.0,0.0,1.0,0.0
14,30.0,0.0,1.0,0.0
王将,3.0,0.0,1.0,0.0
材料,3.0,3.0,0.5,0.5
严格,15.0,0.0,1.0,0.0
异地,3.0,0.0,1.0,0.0
冰雹,12.0,0.0,1.0,0.0
四届,12.0,0.0,1.0,0.0
东方,9.0,0.0,1.0,0.0
赤脚,3.0,0.0,1.0,0.0
及省,3.0,0.0,1.0,0.0
线路,6.0,0.0,1.0,0.0
和谐,3.0,0.0,1.0,0.0
世界级,3.0,0.0,1.0,0.0
考虑,3.0,0.0,1.0,0.0
免除,3.0,0.0,1.0,0.0
全新,3.0,0.0,1.0,0.0
康乐,3.0,0.0,1.0,0.0
途经,3.0,0.0,1.0,0.0
-,432.0,39.0,0.9171974522292994,0.08280254777070063
三年,3.0,0.0,1.0,0.0
良机,0.0,3.0,0.0,1.0
奇丽,9.0,0.0,1.0,0.0
引以为戒,3.0,0.0,1.0,0.0
看,6.0,0.0,1.0,0.0
据省,3.0,0.0,1.0,0.0
金色,3.0,0.0,1.0,0.0
左右,9.0,9.0,0.5,0.5
公安部,3.0,0.0,1.0,0.0
不言而喻,3.0,0.0,1.0,0.0
大行其道,3.0,0.0,1.0,0.0
办法,12.0,0.0,1.0,0.0
余座,9.0,0.0,1.0,0.0
呈,3.0,0.0,1.0,0.0
刀刃,3.0,0.0,1.0,0.0
冬天,3.0,0.0,1.0,0.0
周边,30.0,0.0,1.0,0.0
走向,6.0,0.0,1.0,0.0
丰林,0.0,3.0,0.0,1.0
石庙,3.0,0.0,1.0,0.0
复苏,0.0,3.0,0.0,1.0
提及,3.0,0.0,1.0,0.0
及其,9.0,0.0,1.0,0.0
4438,0.0,3.0,0.0,1.0
1.54,0.0,3.0,0.0,1.0
建设部,3.0,0.0,1.0,0.0
黄金,6.0,0.0,1.0,0.0
问责为,3.0,0.0,1.0,0.0
缓,3.0,0.0,1.0,0.0
恢复,51.0,0.0,1.0,0.0
功能区,6.0,0.0,1.0,0.0
渎职犯罪,9.0,0.0,1.0,0.0
健在,3.0,0.0,1.0,0.0
三是,3.0,0.0,1.0,0.0
远处,3.0,0.0,1.0,0.0
领导,42.0,0.0,1.0,0.0
市,21.0,0.0,1.0,0.0
副省长,27.0,0.0,1.0,0.0
优先,33.0,0.0,1.0,0.0
产区,3.0,0.0,1.0,0.0
一方面,3.0,0.0,1.0,0.0
歌舞,3.0,0.0,1.0,0.0
此次,12.0,0.0,1.0,0.0
阻隔,3.0,0.0,1.0,0.0
日才,3.0,0.0,1.0,0.0
环保,60.0,3.0,0.9523809523809523,0.047619047619047616
厅,9.0,0.0,1.0,0.0
咸水湖,3.0,0.0,1.0,0.0
宋喜群,3.0,0.0,1.0,0.0
北到,3.0,0.0,1.0,0.0
:,81.0,15.0,0.84375,0.15625
名义,3.0,0.0,1.0,0.0
会同,3.0,0.0,1.0,0.0
评论员,3.0,0.0,1.0,0.0
现任,21.0,0.0,1.0,0.0
国办,45.0,0.0,1.0,0.0
辉映,3.0,0.0,1.0,0.0
晶晶,6.0,0.0,1.0,0.0
陈冰如,3.0,0.0,1.0,0.0
血流成河,9.0,0.0,1.0,0.0
边,9.0,0.0,1.0,0.0
实际,0.0,6.0,0.0,1.0
当地,30.0,3.0,0.9090909090909091,0.09090909090909091
几十公里,3.0,0.0,1.0,0.0
温度传感器,3.0,0.0,1.0,0.0
管护,3.0,0.0,1.0,0.0
强大,3.0,0.0,1.0,0.0
制止,3.0,0.0,1.0,0.0
严实,3.0,0.0,1.0,0.0
并重,3.0,0.0,1.0,0.0
结冰,3.0,0.0,1.0,0.0
论证,3.0,0.0,1.0,0.0
别人,0.0,3.0,0.0,1.0
改变,3.0,0.0,1.0,0.0
金牛,0.0,3.0,0.0,1.0
万象,0.0,3.0,0.0,1.0
追究,3.0,0.0,1.0,0.0
白杨,6.0,0.0,1.0,0.0
原,18.0,0.0,1.0,0.0
成千上万,3.0,0.0,1.0,0.0
05,3.0,0.0,1.0,0.0
皑皑,6.0,0.0,1.0,0.0
外汇,0.0,3.0,0.0,1.0
称中材,0.0,3.0,0.0,1.0
协办,6.0,0.0,1.0,0.0
清洁,3.0,0.0,1.0,0.0
一部分,3.0,0.0,1.0,0.0
10,84.0,18.0,0.8235294117647058,0.17647058823529413
80,6.0,0.0,1.0,0.0
亿元,6.0,33.0,0.15384615384615385,0.8461538461538461
年划,3.0,0.0,1.0,0.0
被套,0.0,3.0,0.0,1.0
端,9.0,0.0,1.0,0.0
农业,6.0,0.0,1.0,0.0
王香亭,3.0,0.0,1.0,0.0
麦浪,3.0,0.0,1.0,0.0
刑事犯罪,3.0,0.0,1.0,0.0
履职,9.0,0.0,1.0,0.0
５,3.0,0.0,1.0,0.0
县委,9.0,0.0,1.0,0.0
重叠,3.0,0.0,1.0,0.0
山脚,9.0,0.0,1.0,0.0
mmbiz,150.0,0.0,1.0,0.0
山水,45.0,0.0,1.0,0.0
采石,6.0,0.0,1.0,0.0
菜花,3.0,0.0,1.0,0.0
经过,12.0,0.0,1.0,0.0
↓,3.0,0.0,1.0,0.0
较,0.0,6.0,0.0,1.0
南县,6.0,0.0,1.0,0.0
鲜艳夺目,3.0,0.0,1.0,0.0
开幕,21.0,0.0,1.0,0.0
水源,39.0,0.0,1.0,0.0
管理,42.0,0.0,1.0,0.0
期间,9.0,0.0,1.0,0.0
据悉,3.0,3.0,0.5,0.5
十字星,0.0,6.0,0.0,1.0
TOSOT,0.0,3.0,0.0,1.0
草场,3.0,0.0,1.0,0.0
智慧,3.0,0.0,1.0,0.0
张掖,195.0,0.0,1.0,0.0
南到,3.0,0.0,1.0,0.0
戈壁,15.0,0.0,1.0,0.0
工业制品,0.0,3.0,0.0,1.0
加速,0.0,3.0,0.0,1.0
小饭,3.0,0.0,1.0,0.0
单位,18.0,0.0,1.0,0.0
时隔,3.0,0.0,1.0,0.0
绝,9.0,0.0,1.0,0.0
仙境,3.0,0.0,1.0,0.0
中量,0.0,3.0,0.0,1.0
发展,48.0,0.0,1.0,0.0
清醒,3.0,0.0,1.0,0.0
成立,18.0,0.0,1.0,0.0
位于,48.0,3.0,0.9411764705882353,0.058823529411764705
从,75.0,0.0,1.0,0.0
=,135.0,0.0,1.0,0.0
式,6.0,0.0,1.0,0.0
1l98dSw6iagBsznlQBudLAVCPcVpicv9FNaaWpv,3.0,0.0,1.0,0.0
2000,0.0,6.0,0.0,1.0
精养,6.0,0.0,1.0,0.0
进展,3.0,0.0,1.0,0.0
张掖市,42.0,0.0,1.0,0.0
第三,3.0,0.0,1.0,0.0
视线,3.0,0.0,1.0,0.0
专业,6.0,0.0,1.0,0.0
供稿,3.0,0.0,1.0,0.0
办公厅,6.0,0.0,1.0,0.0
走进,3.0,0.0,1.0,0.0
510617,3.0,0.0,1.0,0.0
研究院,3.0,0.0,1.0,0.0
元,12.0,18.0,0.4,0.6
工程质量,3.0,0.0,1.0,0.0
近,3.0,0.0,1.0,0.0
链中,3.0,0.0,1.0,0.0
动车,6.0,0.0,1.0,0.0
加强,18.0,6.0,0.75,0.25
司法,24.0,0.0,1.0,0.0
局面,0.0,3.0,0.0,1.0
第三轮,0.0,3.0,0.0,1.0
铂,6.0,0.0,1.0,0.0
灌溉,6.0,0.0,1.0,0.0
监管,12.0,3.0,0.8,0.2
泄放,3.0,0.0,1.0,0.0
团结,3.0,0.0,1.0,0.0
全力以赴,3.0,0.0,1.0,0.0
圆满,3.0,0.0,1.0,0.0
风景如画,3.0,0.0,1.0,0.0
水源地,6.0,0.0,1.0,0.0
脱贫,6.0,0.0,1.0,0.0
三,9.0,0.0,1.0,0.0
集,3.0,0.0,1.0,0.0
机制,18.0,0.0,1.0,0.0
超,6.0,0.0,1.0,0.0
犯罪,18.0,0.0,1.0,0.0
衰老,3.0,0.0,1.0,0.0
合,9.0,0.0,1.0,0.0
杭州,3.0,0.0,1.0,0.0
三区,3.0,0.0,1.0,0.0
永昌县,3.0,0.0,1.0,0.0
1987200,3.0,0.0,1.0,0.0
收阳,0.0,3.0,0.0,1.0
本质,3.0,0.0,1.0,0.0
前夕,3.0,0.0,1.0,0.0
新闻纵横,3.0,0.0,1.0,0.0
南一环,6.0,0.0,1.0,0.0
金昌市,6.0,0.0,1.0,0.0
绿洲,12.0,0.0,1.0,0.0
集团股份,3.0,3.0,0.5,0.5
我省,30.0,0.0,1.0,0.0
打击,18.0,0.0,1.0,0.0
充分利用,3.0,0.0,1.0,0.0
初有,3.0,0.0,1.0,0.0
科学,3.0,0.0,1.0,0.0
明知,6.0,0.0,1.0,0.0
本领,3.0,0.0,1.0,0.0
P0SI8d6Me6xZJkicAzuutYicQ6djPcsjD0QIRwYWDohOe0,3.0,0.0,1.0,0.0
历史性,3.0,0.0,1.0,0.0
探采,15.0,0.0,1.0,0.0
青海湖,135.0,0.0,1.0,0.0
连天,3.0,0.0,1.0,0.0
从严,3.0,0.0,1.0,0.0
车程,3.0,0.0,1.0,0.0
督办,3.0,0.0,1.0,0.0
丹霞,36.0,0.0,1.0,0.0
共,12.0,0.0,1.0,0.0
部分,48.0,3.0,0.9411764705882353,0.058823529411764705
中办国办,3.0,0.0,1.0,0.0
评论,3.0,0.0,1.0,0.0
３,3.0,0.0,1.0,0.0
》,150.0,3.0,0.9803921568627451,0.0196078431372549
永不,3.0,0.0,1.0,0.0
不想,3.0,0.0,1.0,0.0
贵客,3.0,0.0,1.0,0.0
全县,3.0,0.0,1.0,0.0
一股,3.0,0.0,1.0,0.0
会,27.0,0.0,1.0,0.0
检验,3.0,0.0,1.0,0.0
官员,42.0,0.0,1.0,0.0
先后,3.0,0.0,1.0,0.0
清除,3.0,0.0,1.0,0.0
觉悟,3.0,0.0,1.0,0.0
青松,0.0,6.0,0.0,1.0
积雪,12.0,0.0,1.0,0.0
柴达木盆地,3.0,0.0,1.0,0.0
纳入,6.0,0.0,1.0,0.0
保护区,153.0,0.0,1.0,0.0
请,3.0,0.0,1.0,0.0
估算,6.0,0.0,1.0,0.0
49,3.0,0.0,1.0,0.0
中央纪委,6.0,0.0,1.0,0.0
主持,18.0,0.0,1.0,0.0
化工,3.0,3.0,0.5,0.5
两省,3.0,0.0,1.0,0.0
立即,6.0,0.0,1.0,0.0
亦,3.0,0.0,1.0,0.0
媒体,15.0,0.0,1.0,0.0
政治,30.0,0.0,1.0,0.0
猴子,3.0,0.0,1.0,0.0
晚餐,6.0,0.0,1.0,0.0
直销,3.0,0.0,1.0,0.0
专项资金,6.0,0.0,1.0,0.0
自行,3.0,0.0,1.0,0.0
长头,6.0,0.0,1.0,0.0
国家海洋局,3.0,0.0,1.0,0.0
月,270.0,45.0,0.8571428571428571,0.14285714285714285
列,3.0,0.0,1.0,0.0
梯度,6.0,0.0,1.0,0.0
人,69.0,9.0,0.8846153846153846,0.11538461538461539
两次,3.0,0.0,1.0,0.0
消失,3.0,0.0,1.0,0.0
迹象,0.0,3.0,0.0,1.0
责任人,27.0,0.0,1.0,0.0
补,3.0,0.0,1.0,0.0
专家,9.0,0.0,1.0,0.0
气源,15.0,0.0,1.0,0.0
报道,36.0,0.0,1.0,0.0
乡八池,3.0,0.0,1.0,0.0
法制办,3.0,0.0,1.0,0.0
曾,21.0,0.0,1.0,0.0
12,21.0,3.0,0.875,0.125
天津港,0.0,3.0,0.0,1.0
户外运动,6.0,0.0,1.0,0.0
调查报告,3.0,0.0,1.0,0.0
陈列,3.0,0.0,1.0,0.0
pS21fericWsLDbUBcP93Vacq2k8Ll9CoPXAMfMS,3.0,0.0,1.0,0.0
以下,9.0,0.0,1.0,0.0
取例,0.0,3.0,0.0,1.0
高度重视,12.0,0.0,1.0,0.0
报收,0.0,3.0,0.0,1.0
区划,6.0,0.0,1.0,0.0
点点,3.0,0.0,1.0,0.0
尕,3.0,0.0,1.0,0.0
事件,24.0,0.0,1.0,0.0
中新社,3.0,0.0,1.0,0.0
关键词,3.0,0.0,1.0,0.0
虹鳟鱼,3.0,0.0,1.0,0.0
8.73,0.0,3.0,0.0,1.0
全球,3.0,0.0,1.0,0.0
清退,3.0,0.0,1.0,0.0
人大常委会,15.0,0.0,1.0,0.0
三城,3.0,0.0,1.0,0.0
雪,9.0,0.0,1.0,0.0
从北往,3.0,0.0,1.0,0.0
两个,0.0,3.0,0.0,1.0
内部,3.0,0.0,1.0,0.0
户外活动,3.0,0.0,1.0,0.0
负责人,9.0,0.0,1.0,0.0
严批,3.0,0.0,1.0,0.0
明显,12.0,6.0,0.6666666666666666,0.3333333333333333
住房,6.0,0.0,1.0,0.0
一石激起千层浪,3.0,0.0,1.0,0.0
西路,12.0,0.0,1.0,0.0
沙砾,3.0,0.0,1.0,0.0
缺乏,3.0,0.0,1.0,0.0
热电,0.0,3.0,0.0,1.0
心旷神怡,3.0,0.0,1.0,0.0
沿途,21.0,0.0,1.0,0.0
盯紧,6.0,0.0,1.0,0.0
苏干湖,3.0,0.0,1.0,0.0
称,15.0,9.0,0.625,0.375
立案查处,6.0,0.0,1.0,0.0
做好,6.0,0.0,1.0,0.0
5yP17gZRyJcEookiboUiayleLMAaYMHwOib4anRjeA,3.0,0.0,1.0,0.0
117,3.0,0.0,1.0,0.0
之美,6.0,0.0,1.0,0.0
文化周,3.0,0.0,1.0,0.0
登临,3.0,0.0,1.0,0.0
建议,6.0,0.0,1.0,0.0
力量,0.0,3.0,0.0,1.0
前往,36.0,0.0,1.0,0.0
建立健全,3.0,0.0,1.0,0.0
卓尔,3.0,0.0,1.0,0.0
大型,15.0,0.0,1.0,0.0
尽览,6.0,0.0,1.0,0.0
裸,75.0,0.0,1.0,0.0
千百年来,3.0,0.0,1.0,0.0
2213,3.0,0.0,1.0,0.0
绿水青山,12.0,0.0,1.0,0.0
宗是,6.0,0.0,1.0,0.0
至今,6.0,0.0,1.0,0.0
时,21.0,3.0,0.875,0.125
一步,3.0,0.0,1.0,0.0
22,3.0,0.0,1.0,0.0
最严,3.0,0.0,1.0,0.0
复核,3.0,0.0,1.0,0.0
国道,6.0,0.0,1.0,0.0
讲话,6.0,0.0,1.0,0.0
380,0.0,3.0,0.0,1.0
天,3.0,0.0,1.0,0.0
冰红,3.0,0.0,1.0,0.0
秀美,3.0,0.0,1.0,0.0
实施方案,3.0,0.0,1.0,0.0
承担,3.0,0.0,1.0,0.0
草案,6.0,0.0,1.0,0.0
227,3.0,0.0,1.0,0.0
跨,6.0,0.0,1.0,0.0
精妙绝伦,3.0,0.0,1.0,0.0
下达,9.0,0.0,1.0,0.0
磕下,6.0,0.0,1.0,0.0
关,3.0,0.0,1.0,0.0
使,12.0,0.0,1.0,0.0
椭圆形,3.0,0.0,1.0,0.0
本期,0.0,6.0,0.0,1.0
农业部,6.0,0.0,1.0,0.0
扛起,6.0,0.0,1.0,0.0
蒙古,9.0,0.0,1.0,0.0
频繁,3.0,0.0,1.0,0.0
检察,27.0,0.0,1.0,0.0
甘南,24.0,0.0,1.0,0.0
豆豆,3.0,0.0,1.0,0.0
成熟,3.0,0.0,1.0,0.0
理清,3.0,0.0,1.0,0.0
自理,6.0,0.0,1.0,0.0
更能,3.0,0.0,1.0,0.0
钻遇,3.0,0.0,1.0,0.0
打下,3.0,0.0,1.0,0.0
且,3.0,3.0,0.5,0.5
100m,6.0,0.0,1.0,0.0
对比,3.0,0.0,1.0,0.0
提供,18.0,0.0,1.0,0.0
十八,9.0,0.0,1.0,0.0
环境保护,219.0,0.0,1.0,0.0
三地,6.0,0.0,1.0,0.0
近日,30.0,0.0,1.0,0.0
能源,3.0,0.0,1.0,0.0
流程,3.0,0.0,1.0,0.0
区域,63.0,15.0,0.8076923076923077,0.19230769230769232
干涸,6.0,0.0,1.0,0.0
投产,3.0,0.0,1.0,0.0
不可逆转,3.0,0.0,1.0,0.0
〕,3.0,0.0,1.0,0.0
主营,0.0,3.0,0.0,1.0
制造,0.0,3.0,0.0,1.0
传播,3.0,0.0,1.0,0.0
延续,27.0,0.0,1.0,0.0
小,6.0,3.0,0.6666666666666666,0.3333333333333333
集体,3.0,0.0,1.0,0.0
D6,3.0,0.0,1.0,0.0
本周,0.0,3.0,0.0,1.0
人民银行,3.0,0.0,1.0,0.0
安徽,6.0,0.0,1.0,0.0
武威市,15.0,0.0,1.0,0.0
农林,3.0,0.0,1.0,0.0
社会各界,3.0,0.0,1.0,0.0
有所,6.0,6.0,0.5,0.5
窑,3.0,0.0,1.0,0.0
批示,18.0,0.0,1.0,0.0
Mountains,6.0,0.0,1.0,0.0
您,3.0,0.0,1.0,0.0
长期以来,15.0,0.0,1.0,0.0
：,195.0,18.0,0.9154929577464789,0.08450704225352113
五月,3.0,0.0,1.0,0.0
沙漠,27.0,0.0,1.0,0.0
列出,9.0,0.0,1.0,0.0
亮点,12.0,0.0,1.0,0.0
不合理,6.0,0.0,1.0,0.0
所得税率,0.0,3.0,0.0,1.0
阵性,3.0,0.0,1.0,0.0
）,177.0,66.0,0.7283950617283951,0.2716049382716049
最为,18.0,0.0,1.0,0.0
怕得罪人,9.0,0.0,1.0,0.0
受此,0.0,3.0,0.0,1.0
投资,15.0,3.0,0.8333333333333334,0.16666666666666666
夏季,3.0,0.0,1.0,0.0
正在,3.0,0.0,1.0,0.0
项,36.0,0.0,1.0,0.0
;,27.0,3.0,0.9,0.1
D10,6.0,0.0,1.0,0.0
矿业权,21.0,0.0,1.0,0.0
兰州市,0.0,3.0,0.0,1.0
25.00,0.0,3.0,0.0,1.0
县城,18.0,0.0,1.0,0.0
城建,0.0,3.0,0.0,1.0
赛段,9.0,0.0,1.0,0.0
石羊河,21.0,0.0,1.0,0.0
再现,3.0,0.0,1.0,0.0
促进,9.0,0.0,1.0,0.0
后续,9.0,3.0,0.75,0.25
委员会,9.0,0.0,1.0,0.0
整治,42.0,0.0,1.0,0.0
宗,30.0,0.0,1.0,0.0
助减,3.0,0.0,1.0,0.0
减水,3.0,0.0,1.0,0.0
地域,3.0,0.0,1.0,0.0
落实,66.0,0.0,1.0,0.0
周二,0.0,3.0,0.0,1.0
一直,9.0,3.0,0.75,0.25
肥沃,3.0,0.0,1.0,0.0
时不我待,3.0,0.0,1.0,0.0
多名,3.0,0.0,1.0,0.0
发言,3.0,0.0,1.0,0.0
50km,3.0,0.0,1.0,0.0
保,3.0,0.0,1.0,0.0
塞县,12.0,0.0,1.0,0.0
经济社会,9.0,0.0,1.0,0.0
四大,6.0,0.0,1.0,0.0
不折不扣,3.0,0.0,1.0,0.0
游牧民,6.0,0.0,1.0,0.0
NnZiaMtqBicJQGTbYOEiaian33xJrckjQnURHPoEenqJdsF2dFtqnQHOWKiaibNyA3fW2EP7KFQADCrHw,3.0,0.0,1.0,0.0
拉,6.0,0.0,1.0,0.0
臂弯,12.0,0.0,1.0,0.0
公布,18.0,0.0,1.0,0.0
不了了之,3.0,0.0,1.0,0.0
风景,15.0,0.0,1.0,0.0
hag4N689TFrsejzw71I9xWBGbfOb7L2TrkEPKY1sGKQic5zb7zxLP86XrEibEiavgH6xrm7Y8CLDS4dH4nplEnSwg,3.0,0.0,1.0,0.0
黑河,84.0,0.0,1.0,0.0
康维海,3.0,0.0,1.0,0.0
地位,6.0,0.0,1.0,0.0
没有,48.0,0.0,1.0,0.0
壮观,18.0,0.0,1.0,0.0
特有,3.0,0.0,1.0,0.0
放量,0.0,3.0,0.0,1.0
西汉,3.0,0.0,1.0,0.0
舍饲,3.0,0.0,1.0,0.0
第四天,3.0,0.0,1.0,0.0
系而,3.0,0.0,1.0,0.0
文化,84.0,0.0,1.0,0.0
种植,15.0,0.0,1.0,0.0
一波,0.0,3.0,0.0,1.0
日晚,0.0,3.0,0.0,1.0
省政协,9.0,0.0,1.0,0.0
今天,9.0,3.0,0.75,0.25
交易日,0.0,3.0,0.0,1.0
现在,6.0,3.0,0.6666666666666666,0.3333333333333333
列为,3.0,0.0,1.0,0.0
延期,0.0,3.0,0.0,1.0
牛羊,6.0,0.0,1.0,0.0
实践,3.0,0.0,1.0,0.0
门户,3.0,0.0,1.0,0.0
years,6.0,0.0,1.0,0.0
179,6.0,0.0,1.0,0.0
来看,6.0,0.0,1.0,0.0
多种,3.0,0.0,1.0,0.0
教育,6.0,0.0,1.0,0.0
规矩,3.0,0.0,1.0,0.0
得到,18.0,0.0,1.0,0.0
市长,3.0,0.0,1.0,0.0
今年以来,3.0,0.0,1.0,0.0
非常明显,3.0,0.0,1.0,0.0
」,0.0,6.0,0.0,1.0
需,0.0,3.0,0.0,1.0
号称,3.0,0.0,1.0,0.0
这次,12.0,0.0,1.0,0.0
转产,6.0,0.0,1.0,0.0
1.38,6.0,0.0,1.0,0.0
垃圾场,3.0,0.0,1.0,0.0
ZTJ50EicICv3S4EosNtVFicsdg2alLdhmkqvJUbXzyy2LgiajHQQdvNyOEGPZ23bYwqo09Few,3.0,0.0,1.0,0.0
座,21.0,0.0,1.0,0.0
壁画,3.0,0.0,1.0,0.0
龙争虎斗,3.0,0.0,1.0,0.0
类型,3.0,0.0,1.0,0.0
铺满,3.0,0.0,1.0,0.0
理财,0.0,3.0,0.0,1.0
毕业,3.0,0.0,1.0,0.0
问,9.0,0.0,1.0,0.0
债券,0.0,3.0,0.0,1.0
严肃,15.0,0.0,1.0,0.0
结束,12.0,3.0,0.8,0.2
水域,3.0,0.0,1.0,0.0
戈壁滩,3.0,0.0,1.0,0.0
期,0.0,3.0,0.0,1.0
围绕,3.0,0.0,1.0,0.0
显示,9.0,3.0,0.75,0.25
力度,27.0,6.0,0.8181818181818182,0.18181818181818182
一个点,3.0,0.0,1.0,0.0
我市,15.0,0.0,1.0,0.0
发改委,12.0,0.0,1.0,0.0
环保部,21.0,0.0,1.0,0.0
成长,3.0,0.0,1.0,0.0
勘察,3.0,0.0,1.0,0.0
宾馆,3.0,0.0,1.0,0.0
细养,6.0,0.0,1.0,0.0
荡涤,3.0,0.0,1.0,0.0
地址,6.0,0.0,1.0,0.0
港务,0.0,3.0,0.0,1.0
uKCm1oA1mqxaC3qhFy0VMNicPnGYPJbdMQS94TkzOQ4JFBLg02H8qv18PGqlby3j5ykhIcszKfw,3.0,0.0,1.0,0.0
大幅,0.0,9.0,0.0,1.0
交流,6.0,0.0,1.0,0.0
北侧,3.0,0.0,1.0,0.0
连城,3.0,0.0,1.0,0.0
Q,6.0,0.0,1.0,0.0
城区,3.0,0.0,1.0,0.0
70km,3.0,0.0,1.0,0.0
埋,3.0,0.0,1.0,0.0
多个,6.0,0.0,1.0,0.0
并报,3.0,0.0,1.0,0.0
局部,39.0,0.0,1.0,0.0
小水电,3.0,0.0,1.0,0.0
灌区,3.0,0.0,1.0,0.0
技术推广,6.0,0.0,1.0,0.0
证券时报,6.0,0.0,1.0,0.0
通过,42.0,6.0,0.875,0.125
维护,18.0,0.0,1.0,0.0
抓,21.0,0.0,1.0,0.0
潍柴,0.0,6.0,0.0,1.0
一岗双责,6.0,0.0,1.0,0.0
一湾碧泉,3.0,0.0,1.0,0.0
选择,3.0,0.0,1.0,0.0
子公司,0.0,3.0,0.0,1.0
三叠,3.0,0.0,1.0,0.0
违反,9.0,0.0,1.0,0.0
潜力,6.0,0.0,1.0,0.0
野生,15.0,0.0,1.0,0.0
盐湖,0.0,3.0,0.0,1.0
经济,30.0,0.0,1.0,0.0
依法查处,3.0,0.0,1.0,0.0
保持,3.0,0.0,1.0,0.0
以,84.0,6.0,0.9333333333333333,0.06666666666666667
西南角,6.0,0.0,1.0,0.0
匈奴,12.0,0.0,1.0,0.0
八方,3.0,0.0,1.0,0.0
识别,3.0,0.0,1.0,0.0
七点,3.0,0.0,1.0,0.0
生烃,6.0,0.0,1.0,0.0
塔尔寺,27.0,0.0,1.0,0.0
6,51.0,9.0,0.85,0.15
晚上,3.0,0.0,1.0,0.0
烧荒,12.0,0.0,1.0,0.0
逐步,6.0,0.0,1.0,0.0
青海,48.0,6.0,0.8888888888888888,0.1111111111111111
引发,9.0,0.0,1.0,0.0
最终,3.0,3.0,0.5,0.5
发电,0.0,3.0,0.0,1.0
景区,9.0,0.0,1.0,0.0
充分,12.0,0.0,1.0,0.0
整改措施,6.0,0.0,1.0,0.0
3.4,0.0,3.0,0.0,1.0
其,15.0,6.0,0.7142857142857143,0.2857142857142857
9,78.0,9.0,0.896551724137931,0.10344827586206896
当天,0.0,3.0,0.0,1.0
171,3.0,0.0,1.0,0.0
严厉,18.0,0.0,1.0,0.0
42,9.0,0.0,1.0,0.0
严格执法,3.0,0.0,1.0,0.0
8,60.0,9.0,0.8695652173913043,0.13043478260869565
风景区,6.0,0.0,1.0,0.0
cn,81.0,0.0,1.0,0.0
形成,36.0,0.0,1.0,0.0
该股,0.0,3.0,0.0,1.0
分别,15.0,0.0,1.0,0.0
优化,3.0,0.0,1.0,0.0
清新,3.0,0.0,1.0,0.0
Race,6.0,0.0,1.0,0.0
每次,3.0,0.0,1.0,0.0
虎,3.0,0.0,1.0,0.0
提到,3.0,0.0,1.0,0.0
热点,6.0,3.0,0.6666666666666666,0.3333333333333333
上演,3.0,0.0,1.0,0.0
观,3.0,0.0,1.0,0.0
荣福,3.0,0.0,1.0,0.0
未来,6.0,0.0,1.0,0.0
民乐县,9.0,0.0,1.0,0.0
水温,3.0,0.0,1.0,0.0
重视,3.0,0.0,1.0,0.0
认为,12.0,0.0,1.0,0.0
漫地,3.0,0.0,1.0,0.0
生态环境,288.0,0.0,1.0,0.0
王三运,3.0,0.0,1.0,0.0
合计,0.0,6.0,0.0,1.0
山地,6.0,0.0,1.0,0.0
2.53,0.0,6.0,0.0,1.0
层出不穷,3.0,0.0,1.0,0.0
哦,3.0,0.0,1.0,0.0
年度,3.0,0.0,1.0,0.0
一定,0.0,3.0,0.0,1.0
老,3.0,0.0,1.0,0.0
油画,3.0,0.0,1.0,0.0
多,30.0,3.0,0.9090909090909091,0.09090909090909091
不仅,18.0,0.0,1.0,0.0
607,3.0,0.0,1.0,0.0
而言,3.0,0.0,1.0,0.0
总站,6.0,0.0,1.0,0.0
大西北,3.0,0.0,1.0,0.0
欧美,3.0,0.0,1.0,0.0
通报,150.0,0.0,1.0,0.0
包括,24.0,6.0,0.8,0.2
下半年,0.0,6.0,0.0,1.0
本届,3.0,0.0,1.0,0.0
″,12.0,0.0,1.0,0.0
国土资源部,12.0,0.0,1.0,0.0
棒,3.0,0.0,1.0,0.0
<,78.0,0.0,1.0,0.0
人类,3.0,0.0,1.0,0.0
听取,18.0,0.0,1.0,0.0
trail,3.0,0.0,1.0,0.0
极为,3.0,0.0,1.0,0.0
↑,6.0,0.0,1.0,0.0
需要,9.0,0.0,1.0,0.0
中段,6.0,0.0,1.0,0.0
许多,0.0,3.0,0.0,1.0
生态,528.0,0.0,1.0,0.0
水系,12.0,0.0,1.0,0.0
这份,9.0,0.0,1.0,0.0
禁止,18.0,0.0,1.0,0.0
13538,3.0,0.0,1.0,0.0
增收,3.0,0.0,1.0,0.0
采购,3.0,0.0,1.0,0.0
蓝色,3.0,0.0,1.0,0.0
别具一格,3.0,0.0,1.0,0.0
技术人员,3.0,0.0,1.0,0.0
等市,3.0,0.0,1.0,0.0
向西,3.0,0.0,1.0,0.0
gif,12.0,0.0,1.0,0.0
蛋蛋,3.0,0.0,1.0,0.0
天际,3.0,0.0,1.0,0.0
发表,3.0,0.0,1.0,0.0
空气,0.0,3.0,0.0,1.0
拉开帷幕,3.0,0.0,1.0,0.0
节日,3.0,0.0,1.0,0.0
伤痕,3.0,0.0,1.0,0.0
成员,12.0,0.0,1.0,0.0
信息,15.0,0.0,1.0,0.0
56,9.0,0.0,1.0,0.0
卓儿,9.0,0.0,1.0,0.0
搜,6.0,0.0,1.0,0.0
长效,3.0,0.0,1.0,0.0
各级,6.0,0.0,1.0,0.0
冰川,12.0,0.0,1.0,0.0
环线,12.0,0.0,1.0,0.0
造成,12.0,0.0,1.0,0.0
程度,3.0,0.0,1.0,0.0
肃南裕固族自治县,3.0,0.0,1.0,0.0
负责,3.0,0.0,1.0,0.0
经验,3.0,0.0,1.0,0.0
珍贵,3.0,0.0,1.0,0.0
省级,24.0,0.0,1.0,0.0
玉门市,3.0,0.0,1.0,0.0
大小,3.0,0.0,1.0,0.0
侏罗系,3.0,0.0,1.0,0.0
多次,12.0,0.0,1.0,0.0
做到,9.0,0.0,1.0,0.0
资源量,6.0,0.0,1.0,0.0
整改,234.0,0.0,1.0,0.0
成藏,12.0,0.0,1.0,0.0
双飞,6.0,0.0,1.0,0.0
有史以来,3.0,0.0,1.0,0.0
6.78,0.0,3.0,0.0,1.0
家访,3.0,0.0,1.0,0.0
实验区,3.0,0.0,1.0,0.0
厚达,6.0,0.0,1.0,0.0
变更,6.0,0.0,1.0,0.0
再次,12.0,0.0,1.0,0.0
建筑,3.0,3.0,0.5,0.5
走回头路,3.0,0.0,1.0,0.0
局,3.0,0.0,1.0,0.0
盖,3.0,0.0,1.0,0.0
大部分,3.0,0.0,1.0,0.0
31,3.0,3.0,0.5,0.5
严惩,3.0,0.0,1.0,0.0
上市公司,0.0,9.0,0.0,1.0
43,3.0,0.0,1.0,0.0
发起,6.0,3.0,0.6666666666666666,0.3333333333333333
落地,6.0,0.0,1.0,0.0
王阔,9.0,0.0,1.0,0.0
九,6.0,0.0,1.0,0.0
年前,9.0,0.0,1.0,0.0
情况,51.0,3.0,0.9444444444444444,0.05555555555555555
2.22,0.0,3.0,0.0,1.0
甘肃兰州,0.0,3.0,0.0,1.0
罗笑,3.0,0.0,1.0,0.0
工作力度,3.0,0.0,1.0,0.0
迎来,9.0,3.0,0.75,0.25
涉案,3.0,0.0,1.0,0.0
刘伶,3.0,0.0,1.0,0.0
组织,24.0,0.0,1.0,0.0
死,3.0,0.0,1.0,0.0
效力,3.0,0.0,1.0,0.0
渔业资源,9.0,0.0,1.0,0.0
条件,12.0,0.0,1.0,0.0
本报,3.0,0.0,1.0,0.0
纷纷,0.0,3.0,0.0,1.0
文明,12.0,0.0,1.0,0.0
督促,15.0,0.0,1.0,0.0
河西走廊,39.0,0.0,1.0,0.0
15.12,0.0,3.0,0.0,1.0
试验,12.0,0.0,1.0,0.0
修改,3.0,0.0,1.0,0.0
国务院,42.0,0.0,1.0,0.0
任务,15.0,0.0,1.0,0.0
额度,0.0,3.0,0.0,1.0
掀起,12.0,0.0,1.0,0.0
责任,66.0,0.0,1.0,0.0
地处,18.0,0.0,1.0,0.0
一条,30.0,0.0,1.0,0.0
曾经,3.0,0.0,1.0,0.0
交融,6.0,0.0,1.0,0.0
分析,12.0,3.0,0.8,0.2
不断扩大,3.0,0.0,1.0,0.0
多识,3.0,0.0,1.0,0.0
八一,0.0,3.0,0.0,1.0
安全,66.0,0.0,1.0,0.0
例,0.0,3.0,0.0,1.0
7.8,18.0,0.0,1.0,0.0
d51ef9a97a97ff18,3.0,0.0,1.0,0.0
.,207.0,36.0,0.8518518518518519,0.14814814814814814
／,3.0,0.0,1.0,0.0
ToCTaaMuibmmUhicsWSicANoFUWBxrmDiafwnMVozsCKaFcGRh6cXpQgyf5xb72Wvs93gQT9Wm65amr3AygaGuibPVw,3.0,0.0,1.0,0.0
上位法,3.0,0.0,1.0,0.0
2,18.0,0.0,1.0,0.0
突破,6.0,0.0,1.0,0.0
东路,3.0,0.0,1.0,0.0
Two,3.0,0.0,1.0,0.0
446,9.0,0.0,1.0,0.0
平方公里,3.0,0.0,1.0,0.0
通讯,0.0,3.0,0.0,1.0
佛塔,3.0,0.0,1.0,0.0
已成,3.0,0.0,1.0,0.0
一系列,6.0,0.0,1.0,0.0
一次,3.0,0.0,1.0,0.0
监察部,6.0,0.0,1.0,0.0
吸取,3.0,0.0,1.0,0.0
央广网,3.0,0.0,1.0,0.0
变动,0.0,3.0,0.0,1.0
泰克,0.0,3.0,0.0,1.0
卖点,0.0,3.0,0.0,1.0
研究生,3.0,0.0,1.0,0.0
责任感,3.0,0.0,1.0,0.0
无处可逃,3.0,0.0,1.0,0.0
完备,3.0,0.0,1.0,0.0
景色,6.0,0.0,1.0,0.0
操作,0.0,3.0,0.0,1.0
露珠,3.0,0.0,1.0,0.0
昆仑山,9.0,0.0,1.0,0.0
属,3.0,0.0,1.0,0.0
stcn,6.0,0.0,1.0,0.0
四周,12.0,0.0,1.0,0.0
省林业厅,18.0,0.0,1.0,0.0
沙河镇,3.0,0.0,1.0,0.0
开垦,6.0,0.0,1.0,0.0
掌握,3.0,0.0,1.0,0.0
拘留,3.0,0.0,1.0,0.0
松辽,0.0,3.0,0.0,1.0
突出,78.0,0.0,1.0,0.0
柳工,0.0,6.0,0.0,1.0
103,6.0,0.0,1.0,0.0
为,108.0,21.0,0.8372093023255814,0.16279069767441862
孤独,3.0,0.0,1.0,0.0
人工授精,3.0,0.0,1.0,0.0
深为,6.0,0.0,1.0,0.0
大象,3.0,0.0,1.0,0.0
十项,3.0,0.0,1.0,0.0
旅游,81.0,0.0,1.0,0.0
B,3.0,0.0,1.0,0.0
06,3.0,0.0,1.0,0.0
支山,9.0,0.0,1.0,0.0
山顶,15.0,0.0,1.0,0.0
前述,0.0,3.0,0.0,1.0
苍凉,3.0,0.0,1.0,0.0
坟墓,3.0,0.0,1.0,0.0
一幅幅,3.0,0.0,1.0,0.0
过责,9.0,0.0,1.0,0.0
公路,6.0,0.0,1.0,0.0
全过程,3.0,0.0,1.0,0.0
与此同时,3.0,0.0,1.0,0.0
一,12.0,3.0,0.8,0.2
起,6.0,0.0,1.0,0.0
赵有,3.0,0.0,1.0,0.0
奋进,21.0,0.0,1.0,0.0
案件,9.0,0.0,1.0,0.0
二是,6.0,3.0,0.6666666666666666,0.3333333333333333
委,9.0,0.0,1.0,0.0
是否,18.0,0.0,1.0,0.0
洗心革面,3.0,0.0,1.0,0.0
全部,15.0,0.0,1.0,0.0
thsi,3.0,0.0,1.0,0.0
批复,6.0,0.0,1.0,0.0
扎实,9.0,0.0,1.0,0.0
景点,9.0,0.0,1.0,0.0
原因,3.0,9.0,0.25,0.75
修复,60.0,0.0,1.0,0.0
县,15.0,0.0,1.0,0.0
达,12.0,3.0,0.8,0.2
任重道远,3.0,0.0,1.0,0.0
食言,0.0,3.0,0.0,1.0
停产,3.0,3.0,0.5,0.5
成为,9.0,0.0,1.0,0.0
重要讲话,3.0,0.0,1.0,0.0
2015,15.0,9.0,0.625,0.375
黄鱼,9.0,0.0,1.0,0.0
未经,3.0,0.0,1.0,0.0
大中城市,3.0,0.0,1.0,0.0
远远,0.0,3.0,0.0,1.0
荣获,6.0,0.0,1.0,0.0
嘴,3.0,0.0,1.0,0.0
并,81.0,6.0,0.9310344827586207,0.06896551724137931
30,24.0,0.0,1.0,0.0
‘,6.0,0.0,1.0,0.0
西端,3.0,0.0,1.0,0.0
盈利,0.0,24.0,0.0,1.0
冷凉,3.0,0.0,1.0,0.0
98,0.0,6.0,0.0,1.0
震慑,3.0,0.0,1.0,0.0
技术,42.0,0.0,1.0,0.0
昔日,6.0,0.0,1.0,0.0
局长,15.0,0.0,1.0,0.0
200KM,3.0,0.0,1.0,0.0
界限,3.0,0.0,1.0,0.0
二氧化硫,3.0,0.0,1.0,0.0
数据,0.0,15.0,0.0,1.0
池,0.0,6.0,0.0,1.0
认真,18.0,0.0,1.0,0.0
重重,3.0,0.0,1.0,0.0
qiaLBP0v0JlUtIAdBAjBwWZ3xdibyPMWLajNGskJeFW1wBEZ6wBFtLJoYniaBsm4LhLbag9EwnyIlZQcX23ao5a6w,3.0,0.0,1.0,0.0
青藏铁路,3.0,0.0,1.0,0.0
深刻,42.0,0.0,1.0,0.0
′,24.0,0.0,1.0,0.0
160,6.0,0.0,1.0,0.0
奇观,15.0,0.0,1.0,0.0
三次,6.0,0.0,1.0,0.0
矿区,12.0,0.0,1.0,0.0
封山育林,3.0,0.0,1.0,0.0
融合,18.0,0.0,1.0,0.0
甘肃,327.0,6.0,0.9819819819819819,0.018018018018018018
预盈,0.0,6.0,0.0,1.0
党中央,24.0,0.0,1.0,0.0
发布,24.0,9.0,0.7272727272727273,0.2727272727272727
金瑞,0.0,3.0,0.0,1.0
核心区,51.0,0.0,1.0,0.0
违建,3.0,0.0,1.0,0.0
联系,3.0,0.0,1.0,0.0
欣赏,24.0,0.0,1.0,0.0
组成员,3.0,0.0,1.0,0.0
大,60.0,3.0,0.9523809523809523,0.047619047619047616
run,3.0,0.0,1.0,0.0
感受,12.0,0.0,1.0,0.0
美丽,18.0,0.0,1.0,0.0
运动会,3.0,0.0,1.0,0.0
初步,0.0,6.0,0.0,1.0
28,36.0,0.0,1.0,0.0
西止,3.0,0.0,1.0,0.0
平凉,6.0,0.0,1.0,0.0
成本,0.0,9.0,0.0,1.0
民行,3.0,0.0,1.0,0.0
东到,3.0,0.0,1.0,0.0
类,18.0,6.0,0.75,0.25
实化,3.0,0.0,1.0,0.0
层面,3.0,0.0,1.0,0.0
行政,36.0,0.0,1.0,0.0
推荐,9.0,0.0,1.0,0.0
2018,21.0,0.0,1.0,0.0
不力,30.0,0.0,1.0,0.0
返回,6.0,0.0,1.0,0.0
六大,9.0,0.0,1.0,0.0
打,3.0,0.0,1.0,0.0
采,6.0,0.0,1.0,0.0
相当于,6.0,0.0,1.0,0.0
吕,3.0,0.0,1.0,0.0
KjicPo,3.0,0.0,1.0,0.0
四季,9.0,0.0,1.0,0.0
基地,9.0,0.0,1.0,0.0
有关,54.0,0.0,1.0,0.0
如下,6.0,3.0,0.6666666666666666,0.3333333333333333
海特,0.0,3.0,0.0,1.0
按照,12.0,0.0,1.0,0.0
古代,3.0,0.0,1.0,0.0
稀土,3.0,0.0,1.0,0.0
形势,3.0,0.0,1.0,0.0
草绿,6.0,0.0,1.0,0.0
新增,3.0,0.0,1.0,0.0
下跌,0.0,9.0,0.0,1.0
鱼类,24.0,0.0,1.0,0.0
消融,3.0,0.0,1.0,0.0
绿灯,3.0,0.0,1.0,0.0
设置,15.0,0.0,1.0,0.0
北坡,9.0,0.0,1.0,0.0
被,66.0,0.0,1.0,0.0
山谷,3.0,0.0,1.0,0.0
我县,3.0,0.0,1.0,0.0
卖方,0.0,3.0,0.0,1.0
生产,27.0,3.0,0.9,0.1
饮用,3.0,0.0,1.0,0.0
中国科学院,3.0,0.0,1.0,0.0
清真,6.0,0.0,1.0,0.0
中共中央,3.0,0.0,1.0,0.0
指,6.0,0.0,1.0,0.0
脉,3.0,0.0,1.0,0.0
行走,3.0,0.0,1.0,0.0
最实,3.0,0.0,1.0,0.0
mBLlRPcBx5BC13hvUibw3f7enOnSqt6TONXibGHrWIDeYZBGZolYwPRRFmFkibicsGBYx6dialV7jMfw,3.0,0.0,1.0,0.0
北,0.0,6.0,0.0,1.0
提起,3.0,0.0,1.0,0.0
氛围,3.0,0.0,1.0,0.0
5800,3.0,0.0,1.0,0.0
州,6.0,0.0,1.0,0.0
展现,3.0,0.0,1.0,0.0
手续,12.0,0.0,1.0,0.0
据介绍,6.0,0.0,1.0,0.0
东软,0.0,3.0,0.0,1.0
角色,3.0,0.0,1.0,0.0
柳州,3.0,0.0,1.0,0.0
之镜,3.0,0.0,1.0,0.0
繁殖,6.0,0.0,1.0,0.0
库存,0.0,3.0,0.0,1.0
深加工,3.0,0.0,1.0,0.0
YbHibfJ8YhmJSoXz5Lgx8JyohNF5J2xRQaL6GibLFIFvywktlD57NiblIVW0lBwIPP9bA,3.0,0.0,1.0,0.0
南北宽,6.0,0.0,1.0,0.0
西部,66.0,6.0,0.9166666666666666,0.08333333333333333
财政投入,3.0,0.0,1.0,0.0
建设项目,45.0,0.0,1.0,0.0
f8QZql2QzCpDtywA2QyQjiahGrKJpAj0lUbqZzAfmib6MjV9P12F00d0BYrXL0yLyp8emEcyqVpmA,3.0,0.0,1.0,0.0
建材行业,0.0,3.0,0.0,1.0
接受,3.0,0.0,1.0,0.0
股东,0.0,9.0,0.0,1.0
标志性,3.0,0.0,1.0,0.0
机械设备,0.0,9.0,0.0,1.0
出厂价,0.0,3.0,0.0,1.0
34,9.0,0.0,1.0,0.0
忙,3.0,0.0,1.0,0.0
002302,0.0,6.0,0.0,1.0
西线,3.0,0.0,1.0,0.0
补贴,3.0,0.0,1.0,0.0
安排,6.0,0.0,1.0,0.0
切实可行,3.0,0.0,1.0,0.0
第六集,3.0,0.0,1.0,0.0
大马,9.0,0.0,1.0,0.0
万物,3.0,0.0,1.0,0.0
美景,18.0,0.0,1.0,0.0
若有,0.0,3.0,0.0,1.0
建筑材料,0.0,6.0,0.0,1.0
葡萄,9.0,0.0,1.0,0.0
过程,12.0,3.0,0.8,0.2
到,90.0,0.0,1.0,0.0
证照,3.0,0.0,1.0,0.0
随后,0.0,3.0,0.0,1.0
仪式,3.0,0.0,1.0,0.0
武威,27.0,0.0,1.0,0.0
拥有,0.0,3.0,0.0,1.0
大宗,0.0,3.0,0.0,1.0
冰雪,3.0,0.0,1.0,0.0
扁,6.0,0.0,1.0,0.0
受益,0.0,3.0,0.0,1.0
纵容,9.0,0.0,1.0,0.0
一带,0.0,18.0,0.0,1.0
灵山,6.0,0.0,1.0,0.0
最佳,6.0,3.0,0.6666666666666666,0.3333333333333333
cVpicv9FNhKCC5JGcxlgqBiaKiaaPCkfZdLmkyV5MftQqHdrsUTzClkMxPwetzOuw,3.0,0.0,1.0,0.0
封,0.0,9.0,0.0,1.0
00,3.0,0.0,1.0,0.0
二,6.0,0.0,1.0,0.0
保洁员,3.0,0.0,1.0,0.0
几个,0.0,3.0,0.0,1.0
检察院,39.0,0.0,1.0,0.0
一体,3.0,0.0,1.0,0.0
土,3.0,0.0,1.0,0.0
坐车去,3.0,0.0,1.0,0.0
历史,24.0,0.0,1.0,0.0
部门,66.0,0.0,1.0,0.0
质量,3.0,0.0,1.0,0.0
登上,3.0,0.0,1.0,0.0
党内,27.0,0.0,1.0,0.0
33,3.0,0.0,1.0,0.0
绵延,3.0,0.0,1.0,0.0
中,141.0,39.0,0.7833333333333333,0.21666666666666667
日至,12.0,0.0,1.0,0.0
徐工,0.0,6.0,0.0,1.0
影响,3.0,12.0,0.2,0.8
Qilian,6.0,0.0,1.0,0.0
矿,3.0,0.0,1.0,0.0
机关,6.0,0.0,1.0,0.0
六月,3.0,0.0,1.0,0.0
人口密度,3.0,0.0,1.0,0.0
陈浩武,0.0,3.0,0.0,1.0
倾倒,3.0,0.0,1.0,0.0
教授,6.0,0.0,1.0,0.0
托勒河,3.0,0.0,1.0,0.0
产卵,3.0,0.0,1.0,0.0
产流,24.0,0.0,1.0,0.0
一大,0.0,3.0,0.0,1.0
历经,6.0,0.0,1.0,0.0
持续,24.0,9.0,0.7272727272727273,0.2727272727272727
统筹,9.0,0.0,1.0,0.0
《,153.0,3.0,0.9807692307692307,0.019230769230769232
贯彻,3.0,0.0,1.0,0.0
多公里,6.0,0.0,1.0,0.0
往事如烟,3.0,0.0,1.0,0.0
又,15.0,3.0,0.8333333333333334,0.16666666666666666
四是,3.0,0.0,1.0,0.0
游玩,3.0,0.0,1.0,0.0
大自然,6.0,0.0,1.0,0.0
流域,39.0,0.0,1.0,0.0
兰州,54.0,6.0,0.9,0.1
乘车,24.0,0.0,1.0,0.0
监督,45.0,0.0,1.0,0.0
总,3.0,0.0,1.0,0.0
逆反,9.0,0.0,1.0,0.0
采矿,39.0,0.0,1.0,0.0
荡漾,3.0,0.0,1.0,0.0
mmbizgif,3.0,0.0,1.0,0.0
推选,0.0,3.0,0.0,1.0
有限责任,6.0,0.0,1.0,0.0
季节,9.0,0.0,1.0,0.0
仅次于,0.0,3.0,0.0,1.0
早晚,3.0,0.0,1.0,0.0
百米,6.0,0.0,1.0,0.0
项目,168.0,0.0,1.0,0.0
巍巍,6.0,0.0,1.0,0.0
人民日报,6.0,0.0,1.0,0.0
极大,3.0,0.0,1.0,0.0
六,3.0,0.0,1.0,0.0
角度,3.0,0.0,1.0,0.0
国家,66.0,0.0,1.0,0.0
全市,3.0,0.0,1.0,0.0
休息,3.0,0.0,1.0,0.0
脆弱,3.0,0.0,1.0,0.0
有限公司,18.0,3.0,0.8571428571428571,0.14285714285714285
多年,6.0,0.0,1.0,0.0
连绵,3.0,0.0,1.0,0.0
改善,3.0,0.0,1.0,0.0
热水器,0.0,3.0,0.0,1.0
jihego,6.0,0.0,1.0,0.0
不见,3.0,0.0,1.0,0.0
一趟,3.0,0.0,1.0,0.0
功能,15.0,0.0,1.0,0.0
定,3.0,0.0,1.0,0.0
品尝,3.0,0.0,1.0,0.0
决策,9.0,0.0,1.0,0.0
?,75.0,0.0,1.0,0.0
李东亮,9.0,0.0,1.0,0.0
所在,3.0,3.0,0.5,0.5
板块,0.0,12.0,0.0,1.0
轻轻,6.0,0.0,1.0,0.0
立于,3.0,0.0,1.0,0.0
144,12.0,0.0,1.0,0.0
统尕勒得,3.0,0.0,1.0,0.0
海北,6.0,0.0,1.0,0.0
家属,0.0,3.0,0.0,1.0
相关,27.0,0.0,1.0,0.0
修正,12.0,0.0,1.0,0.0
■,3.0,0.0,1.0,0.0
刚察,3.0,0.0,1.0,0.0
砍伐,6.0,0.0,1.0,0.0
一件,3.0,0.0,1.0,0.0
阴,0.0,3.0,0.0,1.0
ST,0.0,6.0,0.0,1.0
牛肉,3.0,0.0,1.0,0.0
很多,6.0,0.0,1.0,0.0
Part,3.0,0.0,1.0,0.0
不能,9.0,0.0,1.0,0.0
中科院,3.0,0.0,1.0,0.0
委员,6.0,0.0,1.0,0.0
焕发,3.0,0.0,1.0,0.0
丰富多彩,6.0,0.0,1.0,0.0
冻土层,18.0,0.0,1.0,0.0
所在地,3.0,0.0,1.0,0.0
重拾,0.0,3.0,0.0,1.0
基本,9.0,3.0,0.75,0.25
链,0.0,3.0,0.0,1.0
地温,12.0,0.0,1.0,0.0
跨越,6.0,0.0,1.0,0.0
关系,3.0,0.0,1.0,0.0
草地,6.0,0.0,1.0,0.0
交替,3.0,0.0,1.0,0.0
走,21.0,6.0,0.7777777777777778,0.2222222222222222
体现,12.0,0.0,1.0,0.0
灿烂,3.0,0.0,1.0,0.0
设施,39.0,0.0,1.0,0.0
北麓,6.0,0.0,1.0,0.0
管理体制,3.0,0.0,1.0,0.0
职务犯罪,3.0,0.0,1.0,0.0
回到,6.0,0.0,1.0,0.0
组建,3.0,0.0,1.0,0.0
网,21.0,0.0,1.0,0.0
六日游,6.0,0.0,1.0,0.0
1988,27.0,0.0,1.0,0.0
油源,3.0,0.0,1.0,0.0
自,12.0,0.0,1.0,0.0
大菜,3.0,0.0,1.0,0.0
07,6.0,3.0,0.6666666666666666,0.3333333333333333
茶卡盐湖,27.0,0.0,1.0,0.0
毛利率,0.0,9.0,0.0,1.0
举足轻重,6.0,0.0,1.0,0.0
山秀,3.0,0.0,1.0,0.0
预计,0.0,36.0,0.0,1.0
整个,9.0,0.0,1.0,0.0
新闻联播,3.0,0.0,1.0,0.0
24,6.0,3.0,0.6666666666666666,0.3333333333333333
参与,3.0,0.0,1.0,0.0
充分发挥,6.0,0.0,1.0,0.0
),48.0,33.0,0.5925925925925926,0.4074074074074074
西起,3.0,0.0,1.0,0.0
达坂山,3.0,0.0,1.0,0.0
健全,3.0,0.0,1.0,0.0
放,3.0,0.0,1.0,0.0
June,3.0,0.0,1.0,0.0
情况汇报,15.0,0.0,1.0,0.0
生物系,3.0,0.0,1.0,0.0
或者,9.0,0.0,1.0,0.0
月牙泉,45.0,0.0,1.0,0.0
指南,6.0,0.0,1.0,0.0
地带,6.0,0.0,1.0,0.0
全文,3.0,0.0,1.0,0.0
ribLGLM54eicMecQLKzDolj6C,3.0,0.0,1.0,0.0
空茫,3.0,0.0,1.0,0.0
认真贯彻,3.0,0.0,1.0,0.0
分界线,3.0,0.0,1.0,0.0
达刚,0.0,6.0,0.0,1.0
水电,66.0,0.0,1.0,0.0
jpg,36.0,0.0,1.0,0.0
主控,6.0,0.0,1.0,0.0
冰,15.0,0.0,1.0,0.0
决心,12.0,0.0,1.0,0.0
山坡,3.0,0.0,1.0,0.0
拈花,6.0,0.0,1.0,0.0
之声,3.0,0.0,1.0,0.0
人间仙境,3.0,0.0,1.0,0.0
五个,6.0,0.0,1.0,0.0
该县,3.0,0.0,1.0,0.0
水量,3.0,0.0,1.0,0.0
几次,0.0,3.0,0.0,1.0
上方,9.0,0.0,1.0,0.0
浓浓的,3.0,0.0,1.0,0.0
专门,3.0,0.0,1.0,0.0
全年,0.0,3.0,0.0,1.0
105,3.0,0.0,1.0,0.0
家园,6.0,0.0,1.0,0.0
县政府,6.0,0.0,1.0,0.0
水,12.0,0.0,1.0,0.0
17,9.0,3.0,0.75,0.25
乘坐,3.0,0.0,1.0,0.0
23,18.0,3.0,0.8571428571428571,0.14285714285714285
处理,18.0,0.0,1.0,0.0
东西长,6.0,0.0,1.0,0.0
Zha,3.0,0.0,1.0,0.0
2020,9.0,0.0,1.0,0.0
习近平,9.0,0.0,1.0,0.0
36,6.0,0.0,1.0,0.0
午饭,3.0,0.0,1.0,0.0
改革,6.0,3.0,0.6666666666666666,0.3333333333333333
明显改善,3.0,0.0,1.0,0.0
即将,0.0,3.0,0.0,1.0
问责,63.0,0.0,1.0,0.0
收,0.0,3.0,0.0,1.0
暑假,3.0,0.0,1.0,0.0
亏损,0.0,15.0,0.0,1.0
马蹄,6.0,0.0,1.0,0.0
通布山,3.0,0.0,1.0,0.0
一季度,0.0,3.0,0.0,1.0
林业,15.0,0.0,1.0,0.0
宏观,3.0,3.0,0.5,0.5
南侧,6.0,0.0,1.0,0.0
重新,3.0,0.0,1.0,0.0
来源,3.0,0.0,1.0,0.0
早盘,0.0,6.0,0.0,1.0
旅游节,54.0,0.0,1.0,0.0
魅力,6.0,0.0,1.0,0.0
群众,3.0,0.0,1.0,0.0
评价,12.0,0.0,1.0,0.0
佛国,3.0,0.0,1.0,0.0
安装,3.0,0.0,1.0,0.0
所致,0.0,3.0,0.0,1.0
600802,0.0,6.0,0.0,1.0
建材,0.0,27.0,0.0,1.0
计,0.0,3.0,0.0,1.0
表现出色,0.0,3.0,0.0,1.0
最,36.0,3.0,0.9230769230769231,0.07692307692307693
拉升,0.0,15.0,0.0,1.0
保证,9.0,0.0,1.0,0.0
五彩,12.0,0.0,1.0,0.0
常务,3.0,0.0,1.0,0.0
http,81.0,0.0,1.0,0.0
贯彻落实,27.0,0.0,1.0,0.0
要求,51.0,0.0,1.0,0.0
暨,9.0,0.0,1.0,0.0
当好,3.0,0.0,1.0,0.0
要,72.0,3.0,0.96,0.04
9.2,3.0,0.0,1.0,0.0
怀中,3.0,0.0,1.0,0.0
直线,0.0,6.0,0.0,1.0
五位一体,6.0,0.0,1.0,0.0
横盘,0.0,6.0,0.0,1.0
值得,0.0,3.0,0.0,1.0
安置,3.0,0.0,1.0,0.0
河村,3.0,0.0,1.0,0.0
要冲,3.0,0.0,1.0,0.0
01Koosa,3.0,0.0,1.0,0.0
工程,33.0,6.0,0.8461538461538461,0.15384615384615385
结构,3.0,0.0,1.0,0.0
2007,6.0,0.0,1.0,0.0
亿,0.0,6.0,0.0,1.0
带底界,6.0,0.0,1.0,0.0
源,9.0,0.0,1.0,0.0
凤凰股份,0.0,3.0,0.0,1.0
领域,12.0,0.0,1.0,0.0
精选,0.0,3.0,0.0,1.0
者,6.0,0.0,1.0,0.0
海外,0.0,6.0,0.0,1.0
成交量,0.0,3.0,0.0,1.0
地理,6.0,0.0,1.0,0.0
支撑,3.0,0.0,1.0,0.0
临时,0.0,3.0,0.0,1.0
强势,0.0,3.0,0.0,1.0
盘中,0.0,6.0,0.0,1.0
形象,3.0,0.0,1.0,0.0
分类,6.0,0.0,1.0,0.0
以来,6.0,3.0,0.6666666666666666,0.3333333333333333
高强度,6.0,0.0,1.0,0.0
报,3.0,0.0,1.0,0.0
000,0.0,9.0,0.0,1.0
税务总局,3.0,0.0,1.0,0.0
山河,3.0,0.0,1.0,0.0
法兰,0.0,3.0,0.0,1.0
禁牧,3.0,0.0,1.0,0.0
想到,6.0,0.0,1.0,0.0
圣洁,3.0,0.0,1.0,0.0
假期,9.0,0.0,1.0,0.0
打造出,3.0,0.0,1.0,0.0
文件,12.0,0.0,1.0,0.0
牧地,27.0,0.0,1.0,0.0
无,12.0,0.0,1.0,0.0
强降水,9.0,0.0,1.0,0.0
研究部署,12.0,0.0,1.0,0.0
另外,3.0,0.0,1.0,0.0
继续,6.0,6.0,0.5,0.5
焦点访谈,3.0,0.0,1.0,0.0
有望,0.0,3.0,0.0,1.0
人民,3.0,0.0,1.0,0.0
中下游,3.0,0.0,1.0,0.0
风光,15.0,0.0,1.0,0.0
积极主动,3.0,0.0,1.0,0.0
才能,0.0,3.0,0.0,1.0
磨沟,3.0,0.0,1.0,0.0
狠话,3.0,0.0,1.0,0.0
党委委员,9.0,0.0,1.0,0.0
产能,0.0,6.0,0.0,1.0
股价,0.0,6.0,0.0,1.0
0796,0.0,3.0,0.0,1.0
综合,15.0,0.0,1.0,0.0
自党,3.0,0.0,1.0,0.0
巍峨,6.0,0.0,1.0,0.0
竞争,0.0,3.0,0.0,1.0
截至,9.0,12.0,0.42857142857142855,0.5714285714285714
硬,3.0,0.0,1.0,0.0
人员,9.0,0.0,1.0,0.0
上午,3.0,0.0,1.0,0.0
土著,6.0,0.0,1.0,0.0
有着,6.0,0.0,1.0,0.0
持有,0.0,6.0,0.0,1.0
C,9.0,0.0,1.0,0.0
2014,36.0,3.0,0.9230769230769231,0.07692307692307693
胜迹,3.0,0.0,1.0,0.0
非法,3.0,0.0,1.0,0.0
河水,3.0,0.0,1.0,0.0
富含,3.0,0.0,1.0,0.0
问责风,6.0,0.0,1.0,0.0
必须,6.0,0.0,1.0,0.0
测算,0.0,6.0,0.0,1.0
保护性,3.0,0.0,1.0,0.0
扭亏为盈,0.0,6.0,0.0,1.0
长效机制,6.0,0.0,1.0,0.0
农户,6.0,0.0,1.0,0.0
站,18.0,0.0,1.0,0.0
东端,6.0,0.0,1.0,0.0
二十七日,3.0,0.0,1.0,0.0
具体任务,3.0,0.0,1.0,0.0
争取,6.0,0.0,1.0,0.0
要素,3.0,0.0,1.0,0.0
牛心山,6.0,0.0,1.0,0.0
已,87.0,0.0,1.0,0.0
滚滚,3.0,0.0,1.0,0.0
专项,60.0,0.0,1.0,0.0
随便,9.0,0.0,1.0,0.0
志,3.0,0.0,1.0,0.0
可能,3.0,3.0,0.5,0.5
朵朵,3.0,0.0,1.0,0.0
回应,3.0,0.0,1.0,0.0
村庄,9.0,0.0,1.0,0.0
公认,3.0,0.0,1.0,0.0
无数,3.0,3.0,0.5,0.5
鸣沙山,33.0,0.0,1.0,0.0
建化,0.0,3.0,0.0,1.0
时序,6.0,0.0,1.0,0.0
电器,0.0,3.0,0.0,1.0
了解,15.0,0.0,1.0,0.0
百度,3.0,0.0,1.0,0.0
发稿,0.0,3.0,0.0,1.0
撤职处分,27.0,0.0,1.0,0.0
连绵起伏,12.0,0.0,1.0,0.0
副领队,3.0,0.0,1.0,0.0
危机,3.0,0.0,1.0,0.0
一些,33.0,3.0,0.9166666666666666,0.08333333333333333
瓜菜,3.0,0.0,1.0,0.0
祁连山脉,9.0,0.0,1.0,0.0
勘查,3.0,0.0,1.0,0.0
全力,9.0,0.0,1.0,0.0
晚间,6.0,6.0,0.5,0.5
名,30.0,0.0,1.0,0.0
山川,6.0,0.0,1.0,0.0
涨停,0.0,24.0,0.0,1.0
函,0.0,6.0,0.0,1.0
项目前期,6.0,0.0,1.0,0.0
关城,3.0,0.0,1.0,0.0
过,12.0,0.0,1.0,0.0
sunfront2003,3.0,0.0,1.0,0.0
Sports,3.0,0.0,1.0,0.0
副,36.0,0.0,1.0,0.0
八个,3.0,0.0,1.0,0.0
一早,3.0,0.0,1.0,0.0
聚呼,6.0,0.0,1.0,0.0
卸下,6.0,0.0,1.0,0.0
一致,6.0,0.0,1.0,0.0
供应,0.0,3.0,0.0,1.0
予以,15.0,0.0,1.0,0.0
最高,3.0,0.0,1.0,0.0
展开,9.0,0.0,1.0,0.0
合力,3.0,0.0,1.0,0.0
宣传,3.0,0.0,1.0,0.0
e,3.0,0.0,1.0,0.0
江南,3.0,0.0,1.0,0.0
一起,3.0,0.0,1.0,0.0
增加,0.0,3.0,0.0,1.0
经典,12.0,0.0,1.0,0.0
信心十足,3.0,0.0,1.0,0.0
监控,3.0,0.0,1.0,0.0
名胜,3.0,0.0,1.0,0.0
余热,0.0,3.0,0.0,1.0
万吨,6.0,3.0,0.6666666666666666,0.3333333333333333
无休止,3.0,0.0,1.0,0.0
揽入,3.0,0.0,1.0,0.0
而且,3.0,0.0,1.0,0.0
ianq03UUWGmKzcetjhrJ0Tia9PxTdSKqbVjoG,3.0,0.0,1.0,0.0
P,0.0,9.0,0.0,1.0
如收,0.0,3.0,0.0,1.0
统计,0.0,3.0,0.0,1.0
真管,3.0,0.0,1.0,0.0
加工,0.0,3.0,0.0,1.0
草原,231.0,0.0,1.0,0.0
16,9.0,0.0,1.0,0.0
不严,3.0,0.0,1.0,0.0
还,24.0,0.0,1.0,0.0
沙坡头,6.0,0.0,1.0,0.0
唐仁健,9.0,0.0,1.0,0.0
知错就改,9.0,0.0,1.0,0.0
众所周知,3.0,0.0,1.0,0.0
目标,12.0,0.0,1.0,0.0
负责同志,9.0,0.0,1.0,0.0
测量,3.0,0.0,1.0,0.0
团结奋进,3.0,0.0,1.0,0.0
精制,3.0,0.0,1.0,0.0
金黄,3.0,0.0,1.0,0.0
半年度,0.0,15.0,0.0,1.0
列入,6.0,0.0,1.0,0.0
气候,3.0,0.0,1.0,0.0
处处,3.0,0.0,1.0,0.0
七月,3.0,0.0,1.0,0.0
殿堂,3.0,0.0,1.0,0.0
19,3.0,3.0,0.5,0.5
|,12.0,27.0,0.3076923076923077,0.6923076923076923
致富,6.0,0.0,1.0,0.0
次,18.0,0.0,1.0,0.0
600449,0.0,6.0,0.0,1.0
8.25,0.0,3.0,0.0,1.0
彻底,21.0,0.0,1.0,0.0
检察机关,27.0,0.0,1.0,0.0
中餐,12.0,0.0,1.0,0.0
研发,9.0,3.0,0.75,0.25
指出,36.0,0.0,1.0,0.0
投资规模,3.0,0.0,1.0,0.0
攻坚,6.0,0.0,1.0,0.0
定西,12.0,0.0,1.0,0.0
融水,3.0,0.0,1.0,0.0
范围,45.0,0.0,1.0,0.0
主体,6.0,0.0,1.0,0.0
预增,0.0,3.0,0.0,1.0
两,6.0,0.0,1.0,0.0
大唐,3.0,0.0,1.0,0.0
水平,3.0,0.0,1.0,0.0
中午,3.0,0.0,1.0,0.0
座谈会,15.0,0.0,1.0,0.0
费用,3.0,0.0,1.0,0.0
净流入,3.0,0.0,1.0,0.0
含,15.0,0.0,1.0,0.0
党组书记,24.0,0.0,1.0,0.0
倾斜,6.0,0.0,1.0,0.0
美誉度,3.0,0.0,1.0,0.0
吨,0.0,15.0,0.0,1.0
/,465.0,18.0,0.9627329192546584,0.037267080745341616
丹霞地貌,6.0,0.0,1.0,0.0
汗,9.0,0.0,1.0,0.0
运行,21.0,0.0,1.0,0.0
天下第一关,3.0,0.0,1.0,0.0
一次次,6.0,0.0,1.0,0.0
业内,0.0,3.0,0.0,1.0
603888,0.0,3.0,0.0,1.0
视察,3.0,0.0,1.0,0.0
故乡,3.0,0.0,1.0,0.0
编制,3.0,0.0,1.0,0.0
曝光,3.0,0.0,1.0,0.0
南侵,3.0,0.0,1.0,0.0
骄子,6.0,0.0,1.0,0.0
大展,3.0,0.0,1.0,0.0
当地政府,3.0,0.0,1.0,0.0
雅丹,3.0,0.0,1.0,0.0
中央政治局常委会,12.0,0.0,1.0,0.0
雪线,27.0,0.0,1.0,0.0
领会,3.0,0.0,1.0,0.0
丝绸之路,39.0,0.0,1.0,0.0
车览,3.0,0.0,1.0,0.0
创业,0.0,3.0,0.0,1.0
D9,12.0,0.0,1.0,0.0
意识,15.0,0.0,1.0,0.0
茂密,6.0,0.0,1.0,0.0
矿物质,3.0,0.0,1.0,0.0
较真,15.0,0.0,1.0,0.0
；,105.0,27.0,0.7954545454545454,0.20454545454545456
不足,3.0,0.0,1.0,0.0
Qe8ZwFM8df5cib9rDibmtx6evUTAdCkMuDo1pLiapbYZdiaAL4sXgdD5ouLTKF1QHSr8wKgib845wYRicBtlsNWmzJ1Q,3.0,0.0,1.0,0.0
０,6.0,0.0,1.0,0.0
降低,3.0,3.0,0.5,0.5
还要,3.0,0.0,1.0,0.0
总书记,9.0,0.0,1.0,0.0
已经,15.0,3.0,0.8333333333333334,0.16666666666666666
略显,0.0,3.0,0.0,1.0
买入,0.0,30.0,0.0,1.0
小型,3.0,0.0,1.0,0.0
游览,21.0,0.0,1.0,0.0
动力,0.0,6.0,0.0,1.0
故障,0.0,3.0,0.0,1.0
年来,3.0,0.0,1.0,0.0
此时,0.0,6.0,0.0,1.0
0.5,3.0,0.0,1.0,0.0
D2,3.0,0.0,1.0,0.0
诸多,15.0,0.0,1.0,0.0
舍我其谁,3.0,0.0,1.0,0.0
北京,6.0,3.0,0.6666666666666666,0.3333333333333333
共同,6.0,0.0,1.0,0.0
好,54.0,6.0,0.9,0.1
药业,3.0,0.0,1.0,0.0
日游,45.0,0.0,1.0,0.0
天蓝,3.0,0.0,1.0,0.0
检查,30.0,3.0,0.9090909090909091,0.09090909090909091
地下水,3.0,0.0,1.0,0.0
活动,129.0,0.0,1.0,0.0
低价,0.0,3.0,0.0,1.0
履行,21.0,6.0,0.7777777777777778,0.2222222222222222
武,6.0,0.0,1.0,0.0
马口,3.0,0.0,1.0,0.0
农家乐,3.0,0.0,1.0,0.0
繁育,3.0,0.0,1.0,0.0
雷阵雨,27.0,0.0,1.0,0.0
针叶林,3.0,0.0,1.0,0.0
作品,3.0,0.0,1.0,0.0
修订,9.0,0.0,1.0,0.0
效应,3.0,0.0,1.0,0.0
原创,3.0,3.0,0.5,0.5
面对,6.0,0.0,1.0,0.0
搬迁,9.0,0.0,1.0,0.0
李杨,6.0,0.0,1.0,0.0
外界,3.0,0.0,1.0,0.0
文字,3.0,0.0,1.0,0.0
工商总局,3.0,0.0,1.0,0.0
兽医局,9.0,0.0,1.0,0.0
亏损额,0.0,3.0,0.0,1.0
合黎山,3.0,0.0,1.0,0.0
控制,3.0,6.0,0.3333333333333333,0.6666666666666666
ociation,3.0,0.0,1.0,0.0
花开,3.0,0.0,1.0,0.0
冰沟,15.0,0.0,1.0,0.0
三江,9.0,0.0,1.0,0.0
具有,9.0,0.0,1.0,0.0
比如,3.0,0.0,1.0,0.0
势在必行,3.0,0.0,1.0,0.0
把关,6.0,0.0,1.0,0.0
核准,6.0,0.0,1.0,0.0
坚决,36.0,0.0,1.0,0.0
油灯,6.0,0.0,1.0,0.0
带动,3.0,0.0,1.0,0.0
ZhangyeQilianMountains100kmRace,3.0,0.0,1.0,0.0
红,0.0,3.0,0.0,1.0
逐一,3.0,0.0,1.0,0.0
房,3.0,0.0,1.0,0.0
职能,18.0,0.0,1.0,0.0
指示精神,3.0,0.0,1.0,0.0
特色,9.0,0.0,1.0,0.0
柳鹏,12.0,0.0,1.0,0.0
取得,12.0,0.0,1.0,0.0
新闻,6.0,0.0,1.0,0.0
充足,3.0,0.0,1.0,0.0
不会,0.0,3.0,0.0,1.0
垦荒,6.0,0.0,1.0,0.0
21,21.0,3.0,0.875,0.125
余字,3.0,0.0,1.0,0.0
开盘,0.0,6.0,0.0,1.0
途径,6.0,0.0,1.0,0.0
刘文博,3.0,0.0,1.0,0.0
福利,3.0,0.0,1.0,0.0
线性,3.0,0.0,1.0,0.0
利好,0.0,6.0,0.0,1.0
出台,3.0,0.0,1.0,0.0
高文军,3.0,0.0,1.0,0.0
0DaMEmS9YRTnf7hjTicnTB8NFj64h37VQlnXpB1uWpi,3.0,0.0,1.0,0.0
政治责任,6.0,0.0,1.0,0.0
逐项,3.0,0.0,1.0,0.0
人工,6.0,0.0,1.0,0.0
大会,18.0,3.0,0.8571428571428571,0.14285714285714285
兔子,3.0,0.0,1.0,0.0
河道,3.0,0.0,1.0,0.0
污泥,3.0,0.0,1.0,0.0
现象,0.0,3.0,0.0,1.0
分在,3.0,0.0,1.0,0.0
省,48.0,0.0,1.0,0.0
分公司,6.0,0.0,1.0,0.0
能够,6.0,0.0,1.0,0.0
得名,9.0,0.0,1.0,0.0
依法追究,3.0,0.0,1.0,0.0
开矿,18.0,0.0,1.0,0.0
养殖,9.0,0.0,1.0,0.0
方法,9.0,0.0,1.0,0.0
研究,48.0,3.0,0.9411764705882353,0.058823529411764705
指示,3.0,0.0,1.0,0.0
生产线,0.0,3.0,0.0,1.0
硕士,3.0,0.0,1.0,0.0
转经筒,6.0,0.0,1.0,0.0
体制,3.0,0.0,1.0,0.0
夏霖,6.0,0.0,1.0,0.0
57,9.0,0.0,1.0,0.0
丝路,12.0,0.0,1.0,0.0
三大,9.0,0.0,1.0,0.0
烤羊肉,3.0,0.0,1.0,0.0
验收,15.0,0.0,1.0,0.0
管控,3.0,6.0,0.3333333333333333,0.6666666666666666
整顿,3.0,0.0,1.0,0.0
摄影,9.0,0.0,1.0,0.0
部署,21.0,0.0,1.0,0.0
加快,15.0,0.0,1.0,0.0
微,3.0,0.0,1.0,0.0
展出,3.0,0.0,1.0,0.0
八,3.0,0.0,1.0,0.0
引水,12.0,0.0,1.0,0.0
数百公里,3.0,0.0,1.0,0.0
样板工程,3.0,0.0,1.0,0.0
称号,6.0,0.0,1.0,0.0
现场,3.0,0.0,1.0,0.0
爆款,3.0,0.0,1.0,0.0
半,0.0,3.0,0.0,1.0
升势,0.0,3.0,0.0,1.0
超标,3.0,0.0,1.0,0.0
承诺,0.0,6.0,0.0,1.0
仍,21.0,12.0,0.6363636363636364,0.36363636363636365
特别,18.0,0.0,1.0,0.0
尽量,3.0,0.0,1.0,0.0
大概,3.0,0.0,1.0,0.0
青海省,15.0,0.0,1.0,0.0
点未,3.0,0.0,1.0,0.0
川藏线,6.0,0.0,1.0,0.0
之前,6.0,0.0,1.0,0.0
摄氏度,9.0,0.0,1.0,0.0
传达,27.0,0.0,1.0,0.0
治国,3.0,0.0,1.0,0.0
点击,12.0,0.0,1.0,0.0
商报讯,12.0,0.0,1.0,0.0
均,9.0,15.0,0.375,0.625
军马场,3.0,0.0,1.0,0.0
声明,3.0,0.0,1.0,0.0
回忆,3.0,0.0,1.0,0.0
成功,12.0,0.0,1.0,0.0
A,3.0,0.0,1.0,0.0
厅长,21.0,0.0,1.0,0.0
湿地,9.0,0.0,1.0,0.0
快速,3.0,12.0,0.2,0.8
争相,3.0,0.0,1.0,0.0
广州港,0.0,3.0,0.0,1.0
道,3.0,0.0,1.0,0.0
陆域,6.0,0.0,1.0,0.0
沿,6.0,0.0,1.0,0.0
拿出,3.0,0.0,1.0,0.0
概念股,0.0,6.0,0.0,1.0
牢固,6.0,0.0,1.0,0.0
因素,12.0,0.0,1.0,0.0
强对流,12.0,0.0,1.0,0.0
东段,12.0,0.0,1.0,0.0
蕃息,3.0,0.0,1.0,0.0
作家,3.0,0.0,1.0,0.0
一路,12.0,18.0,0.4,0.6
便,3.0,0.0,1.0,0.0
甘肃省委,36.0,0.0,1.0,0.0
抽取,3.0,0.0,1.0,0.0
能力,9.0,0.0,1.0,0.0
实习生,6.0,0.0,1.0,0.0
仅,6.0,0.0,1.0,0.0
自然风景,3.0,0.0,1.0,0.0
上百人,3.0,0.0,1.0,0.0
PTcR4oibokWAoVyYcicED4s9E2Q9bOgGdETTfXRuL62zeW092KvfaIWA,3.0,0.0,1.0,0.0
宗矿权,6.0,0.0,1.0,0.0
JfIgMw45RW9iarQt3ZGllQkEMZHQQiaXBwzUW0yxsIxg,3.0,0.0,1.0,0.0
工作作风,3.0,0.0,1.0,0.0
汽车,0.0,3.0,0.0,1.0
遍野,3.0,0.0,1.0,0.0
新华网,3.0,3.0,0.5,0.5
拱卫,3.0,0.0,1.0,0.0
财政部门,3.0,0.0,1.0,0.0
制定,18.0,0.0,1.0,0.0
伴有,3.0,3.0,0.5,0.5
原子城,3.0,0.0,1.0,0.0
第,3.0,0.0,1.0,0.0
共建,6.0,0.0,1.0,0.0
水泥,0.0,69.0,0.0,1.0
好评,6.0,0.0,1.0,0.0
提出,12.0,0.0,1.0,0.0
山脉,12.0,0.0,1.0,0.0
完善,6.0,0.0,1.0,0.0
汲取,9.0,0.0,1.0,0.0
向,30.0,6.0,0.8333333333333334,0.16666666666666666
常常,9.0,0.0,1.0,0.0
消除,6.0,0.0,1.0,0.0
前,51.0,0.0,1.0,0.0
授牌,3.0,0.0,1.0,0.0
存在,39.0,3.0,0.9285714285714286,0.07142857142857142
频次,3.0,0.0,1.0,0.0
层层,9.0,0.0,1.0,0.0
显著,3.0,0.0,1.0,0.0
wx,57.0,0.0,1.0,0.0
寺,3.0,0.0,1.0,0.0
这篇长,3.0,0.0,1.0,0.0
违法,84.0,0.0,1.0,0.0
资产,3.0,9.0,0.25,0.75
看齐,3.0,0.0,1.0,0.0
明确,18.0,0.0,1.0,0.0
限期,12.0,0.0,1.0,0.0
每到,3.0,0.0,1.0,0.0
推介,3.0,0.0,1.0,0.0
机会,0.0,3.0,0.0,1.0
强调,12.0,0.0,1.0,0.0
同期,0.0,12.0,0.0,1.0
水映,3.0,0.0,1.0,0.0
总经理,3.0,0.0,1.0,0.0
独一无二,3.0,0.0,1.0,0.0
里面,3.0,0.0,1.0,0.0
鸡,3.0,0.0,1.0,0.0
变为,3.0,0.0,1.0,0.0
理念,18.0,0.0,1.0,0.0
红柳,3.0,0.0,1.0,0.0
重大意义,3.0,0.0,1.0,0.0
应有,6.0,0.0,1.0,0.0
萨托,3.0,0.0,1.0,0.0
众多,3.0,0.0,1.0,0.0
丰美,9.0,0.0,1.0,0.0
770,3.0,0.0,1.0,0.0
因,27.0,0.0,1.0,0.0
化音村,6.0,0.0,1.0,0.0
腹地,3.0,0.0,1.0,0.0
地块,3.0,0.0,1.0,0.0
压力,6.0,0.0,1.0,0.0
约,42.0,9.0,0.8235294117647058,0.17647058823529413
环,6.0,0.0,1.0,0.0
规划,9.0,0.0,1.0,0.0
特色小吃,3.0,0.0,1.0,0.0
怪异,3.0,0.0,1.0,0.0
组成,6.0,0.0,1.0,0.0
结合,15.0,0.0,1.0,0.0
挖,3.0,0.0,1.0,0.0
杂木,3.0,0.0,1.0,0.0
时间,30.0,0.0,1.0,0.0
首次,3.0,0.0,1.0,0.0
届,3.0,0.0,1.0,0.0
相依,6.0,0.0,1.0,0.0
三个,6.0,0.0,1.0,0.0
雪水,6.0,0.0,1.0,0.0
更好,6.0,0.0,1.0,0.0
清单,15.0,0.0,1.0,0.0
今,3.0,0.0,1.0,0.0
联合,21.0,0.0,1.0,0.0
天山,0.0,9.0,0.0,1.0
经营,21.0,12.0,0.6363636363636364,0.36363636363636365
第五届,6.0,0.0,1.0,0.0
理想,3.0,0.0,1.0,0.0
计提,0.0,9.0,0.0,1.0
8.24,0.0,3.0,0.0,1.0
环评,3.0,0.0,1.0,0.0
葡萄酒,18.0,0.0,1.0,0.0
白银,9.0,0.0,1.0,0.0
·,9.0,0.0,1.0,0.0
总氮,3.0,0.0,1.0,0.0
公园,9.0,0.0,1.0,0.0
行业,0.0,15.0,0.0,1.0
生命线,9.0,0.0,1.0,0.0
回头,3.0,0.0,1.0,0.0
20,48.0,9.0,0.8421052631578947,0.15789473684210525
日前,6.0,3.0,0.6666666666666666,0.3333333333333333
足够,3.0,0.0,1.0,0.0
电阻值,3.0,0.0,1.0,0.0
天下第一,3.0,0.0,1.0,0.0
具体措施,3.0,0.0,1.0,0.0
实实在在,3.0,0.0,1.0,0.0
东环广,3.0,0.0,1.0,0.0
▎,9.0,0.0,1.0,0.0
李荣灿,3.0,0.0,1.0,0.0
屏障,54.0,0.0,1.0,0.0
山,18.0,0.0,1.0,0.0
该,15.0,3.0,0.8333333333333334,0.16666666666666666
环绕,12.0,0.0,1.0,0.0
个,45.0,0.0,1.0,0.0
参观,18.0,0.0,1.0,0.0
高地,6.0,0.0,1.0,0.0
D4,3.0,0.0,1.0,0.0
地区,42.0,3.0,0.9333333333333333,0.06666666666666667
审批,54.0,0.0,1.0,0.0
毕竟,3.0,0.0,1.0,0.0
周五,0.0,6.0,0.0,1.0
这项,3.0,0.0,1.0,0.0
集团,0.0,18.0,0.0,1.0
屡次,3.0,0.0,1.0,0.0
成群,3.0,0.0,1.0,0.0
如通,0.0,3.0,0.0,1.0
确权,9.0,0.0,1.0,0.0
尽头,3.0,0.0,1.0,0.0
年代,3.0,0.0,1.0,0.0
自由,9.0,0.0,1.0,0.0
评估,6.0,0.0,1.0,0.0
中昌,0.0,3.0,0.0,1.0
三条,3.0,0.0,1.0,0.0
住宿,3.0,0.0,1.0,0.0
详见,3.0,0.0,1.0,0.0
下水道,3.0,0.0,1.0,0.0
依旧,0.0,3.0,0.0,1.0
减值,0.0,9.0,0.0,1.0
自觉,6.0,0.0,1.0,0.0
庄稼,3.0,0.0,1.0,0.0
02pptRSqhtyl95QicQNzV2zxsSTkEutTFpWw0JWdBjDFeA69q4DRH8fwl7t98mNXQLfcXP1dyLJlgyibVs3aKe4w,3.0,0.0,1.0,0.0
银瀑,6.0,0.0,1.0,0.0
扭转,0.0,6.0,0.0,1.0
７,3.0,0.0,1.0,0.0
腐败,3.0,0.0,1.0,0.0
常委会,18.0,0.0,1.0,0.0
洞峡,6.0,0.0,1.0,0.0
11.25,0.0,3.0,0.0,1.0
艺术,3.0,0.0,1.0,0.0
蓝天,3.0,0.0,1.0,0.0
2800,0.0,3.0,0.0,1.0
市政府,9.0,0.0,1.0,0.0
资源,45.0,0.0,1.0,0.0
之后,9.0,0.0,1.0,0.0
D7,3.0,0.0,1.0,0.0
强化,3.0,0.0,1.0,0.0
违规,105.0,0.0,1.0,0.0
富为,0.0,3.0,0.0,1.0
着力,3.0,0.0,1.0,0.0
强度,3.0,0.0,1.0,0.0
性质,6.0,0.0,1.0,0.0
个股,0.0,18.0,0.0,1.0
勇于,3.0,0.0,1.0,0.0
O42,0.0,9.0,0.0,1.0
派驻,3.0,0.0,1.0,0.0
退牧,3.0,0.0,1.0,0.0
可谓,3.0,0.0,1.0,0.0
令人,3.0,0.0,1.0,0.0
项目管理,3.0,0.0,1.0,0.0
跃然,3.0,0.0,1.0,0.0
KOcic1UDKTAYyP,3.0,0.0,1.0,0.0
一山,6.0,0.0,1.0,0.0
系统性,3.0,0.0,1.0,0.0
体育,18.0,0.0,1.0,0.0
代表,9.0,0.0,1.0,0.0
批评,3.0,0.0,1.0,0.0
%,6.0,42.0,0.125,0.875
锸,3.0,0.0,1.0,0.0
实验,9.0,0.0,1.0,0.0
受到,9.0,0.0,1.0,0.0
什寺,6.0,0.0,1.0,0.0
全省,48.0,0.0,1.0,0.0
雌雄,3.0,0.0,1.0,0.0
1863.76,0.0,3.0,0.0,1.0
区多,3.0,0.0,1.0,0.0
各县,3.0,0.0,1.0,0.0
追逐,9.0,0.0,1.0,0.0
豌豆,3.0,0.0,1.0,0.0
作风,6.0,0.0,1.0,0.0
机械,0.0,6.0,0.0,1.0
平原,3.0,0.0,1.0,0.0
美食,9.0,0.0,1.0,0.0
依据,3.0,0.0,1.0,0.0
背后,9.0,0.0,1.0,0.0
首商,0.0,3.0,0.0,1.0
两点,3.0,3.0,0.5,0.5
未,6.0,3.0,0.6666666666666666,0.3333333333333333
落实工作,3.0,0.0,1.0,0.0
充分认识,6.0,0.0,1.0,0.0
全面完成,6.0,0.0,1.0,0.0
尾盘,0.0,3.0,0.0,1.0
0.36,0.0,3.0,0.0,1.0
99,0.0,6.0,0.0,1.0
州市,12.0,0.0,1.0,0.0
歌唱,3.0,0.0,1.0,0.0
人们,3.0,0.0,1.0,0.0
交界处,3.0,0.0,1.0,0.0
旅游景点,3.0,0.0,1.0,0.0
财务部门,0.0,6.0,0.0,1.0
总体布局,6.0,0.0,1.0,0.0
本次,3.0,0.0,1.0,0.0
湟水,3.0,0.0,1.0,0.0
降雪,6.0,0.0,1.0,0.0
涨势,0.0,3.0,0.0,1.0
副厅长,9.0,0.0,1.0,0.0
副检察长,9.0,0.0,1.0,0.0
证,3.0,0.0,1.0,0.0
小时,15.0,0.0,1.0,0.0
雷暴,9.0,0.0,1.0,0.0
公司,12.0,27.0,0.3076923076923077,0.6923076923076923
进,3.0,0.0,1.0,0.0
偷拍,3.0,0.0,1.0,0.0
东部,6.0,0.0,1.0,0.0
林区,3.0,0.0,1.0,0.0
水草,9.0,0.0,1.0,0.0
九天,6.0,0.0,1.0,0.0
510,9.0,0.0,1.0,0.0
树立,6.0,0.0,1.0,0.0
偏差,3.0,0.0,1.0,0.0
15.8,3.0,0.0,1.0,0.0
天气,9.0,0.0,1.0,0.0
万余公顷,3.0,0.0,1.0,0.0
粉丝,3.0,0.0,1.0,0.0
红线,18.0,0.0,1.0,0.0
财新网,3.0,0.0,1.0,0.0
严守,3.0,0.0,1.0,0.0
探索,6.0,0.0,1.0,0.0
党政领导,3.0,0.0,1.0,0.0
屡,0.0,3.0,0.0,1.0
瑞士,9.0,0.0,1.0,0.0
督查,69.0,0.0,1.0,0.0
各项,3.0,0.0,1.0,0.0
畅通无阻,9.0,0.0,1.0,0.0
夏河,0.0,3.0,0.0,1.0
环境治理,6.0,0.0,1.0,0.0
图,6.0,0.0,1.0,0.0
牧民,18.0,0.0,1.0,0.0
