日,12.0,6.0,0.6666666666666666,0.3333333333333333
止,0.0,3.0,0.0,1.0
电网,6.0,0.0,1.0,0.0
选举,0.0,3.0,0.0,1.0
辞职报告,0.0,3.0,0.0,1.0
苦,1.0,0.0,1.0,0.0
珠峰,1.0,0.0,1.0,0.0
确保,3.0,0.0,1.0,0.0
令,0.0,3.0,0.0,1.0
下降,0.0,6.0,0.0,1.0
至,0.0,3.0,0.0,1.0
干线,0.0,2.0,0.0,1.0
日本,6.0,0.0,1.0,0.0
协力,3.0,0.0,1.0,0.0
座谈会,3.0,0.0,1.0,0.0
书面,0.0,3.0,0.0,1.0
年,0.0,12.0,0.0,1.0
具体,0.0,3.0,0.0,1.0
只,0.0,3.0,0.0,1.0
/,0.0,12.0,0.0,1.0
同比,0.0,6.0,0.0,1.0
涨幅,0.0,5.0,0.0,1.0
hexun,0.0,3.0,0.0,1.0
市,3.0,2.0,0.6,0.4
缩影,3.0,0.0,1.0,0.0
时代,0.0,5.0,0.0,1.0
600573,0.0,3.0,0.0,1.0
每周,6.0,0.0,1.0,0.0
造福,3.0,0.0,1.0,0.0
开发,6.0,0.0,1.0,0.0
或者,1.0,0.0,1.0,0.0
:,0.0,3.0,0.0,1.0
表现,0.0,6.0,0.0,1.0
地域性,0.0,3.0,0.0,1.0
收高,0.0,3.0,0.0,1.0
…,2.0,0.0,1.0,0.0
地,6.0,0.0,1.0,0.0
时期,6.0,0.0,1.0,0.0
从中,3.0,0.0,1.0,0.0
称,0.0,3.0,0.0,1.0
国省,0.0,2.0,0.0,1.0
3.6,0.0,3.0,0.0,1.0
工程建设,3.0,0.0,1.0,0.0
请辞,0.0,3.0,0.0,1.0
电力,3.0,0.0,1.0,0.0
买入,0.0,12.0,0.0,1.0
哥,6.0,0.0,1.0,0.0
后面,0.0,3.0,0.0,1.0
惠普,0.0,3.0,0.0,1.0
只要,2.0,0.0,1.0,0.0
原,1.0,0.0,1.0,0.0
中,14.0,3.0,0.8235294117647058,0.17647058823529413
简讯,6.0,0.0,1.0,0.0
县通乡,0.0,2.0,0.0,1.0
istocknews,0.0,3.0,0.0,1.0
3,0.0,5.0,0.0,1.0
联络部,3.0,0.0,1.0,0.0
603126,0.0,3.0,0.0,1.0
IMAGE,0.0,3.0,0.0,1.0
通过,0.0,6.0,0.0,1.0
i4,0.0,3.0,0.0,1.0
股份,0.0,6.0,0.0,1.0
亿元,12.0,3.0,0.8,0.2
边境县,1.0,0.0,1.0,0.0
基础,0.0,2.0,0.0,1.0
高,0.0,3.0,0.0,1.0
十三,6.0,5.0,0.5454545454545454,0.45454545454545453
进一步,6.0,0.0,1.0,0.0
经济,10.0,0.0,1.0,0.0
重大项目,1.0,0.0,1.0,0.0
顺利开展,3.0,0.0,1.0,0.0
600132,0.0,3.0,0.0,1.0
项目,0.0,3.0,0.0,1.0
海拔,1.0,0.0,1.0,0.0
惠泉,0.0,6.0,0.0,1.0
费用,0.0,3.0,0.0,1.0
亿美元,3.0,0.0,1.0,0.0
协议,6.0,0.0,1.0,0.0
交通,0.0,4.0,0.0,1.0
com,0.0,3.0,0.0,1.0
分别,0.0,3.0,0.0,1.0
王承波,0.0,12.0,0.0,1.0
里,0.0,3.0,0.0,1.0
强势股,0.0,3.0,0.0,1.0
电信公司,3.0,0.0,1.0,0.0
奔小康,3.0,0.0,1.0,0.0
讯,3.0,3.0,0.5,0.5
<,0.0,3.0,0.0,1.0
覆盖,0.0,2.0,0.0,1.0
快速,0.0,2.0,0.0,1.0
辞职,0.0,3.0,0.0,1.0
财政部,3.0,0.0,1.0,0.0
仍,0.0,3.0,0.0,1.0
发布公告,0.0,3.0,0.0,1.0
png,0.0,3.0,0.0,1.0
深振业,0.0,3.0,0.0,1.0
月,12.0,9.0,0.5714285714285714,0.42857142857142855
还是,2.0,0.0,1.0,0.0
简历,0.0,3.0,0.0,1.0
万尾,0.0,6.0,0.0,1.0
通县,0.0,2.0,0.0,1.0
农村公路,0.0,2.0,0.0,1.0
仓,0.0,6.0,0.0,1.0
良好形象,1.0,0.0,1.0,0.0
多年,3.0,0.0,1.0,0.0
中核,21.0,0.0,1.0,0.0
ICE,3.0,0.0,1.0,0.0
实现,0.0,2.0,0.0,1.0
新闻,3.0,0.0,1.0,0.0
发展,47.0,50.0,0.4845360824742268,0.5154639175257731
双湖,1.0,0.0,1.0,0.0
=,0.0,3.0,0.0,1.0
为,16.0,15.0,0.5161290322580645,0.4838709677419355
最强,0.0,3.0,0.0,1.0
逾,0.0,5.0,0.0,1.0
轨道交通,0.0,5.0,0.0,1.0
绿色,3.0,0.0,1.0,0.0
地热,18.0,0.0,1.0,0.0
第十八次,0.0,3.0,0.0,1.0
资金,0.0,6.0,0.0,1.0
查看,0.0,3.0,0.0,1.0
现场,1.0,0.0,1.0,0.0
银河,0.0,6.0,0.0,1.0
都,1.0,3.0,0.25,0.75
包括,0.0,3.0,0.0,1.0
将,12.0,5.0,0.7058823529411765,0.29411764705882354
近,0.0,3.0,0.0,1.0
消息,0.0,3.0,0.0,1.0
神秘,0.0,6.0,0.0,1.0
官网,3.0,0.0,1.0,0.0
189855300,0.0,3.0,0.0,1.0
需要,2.0,0.0,1.0,0.0
辞任,0.0,3.0,0.0,1.0
三只,0.0,3.0,0.0,1.0
政府,3.0,0.0,1.0,0.0
核,3.0,0.0,1.0,0.0
硕士,0.0,3.0,0.0,1.0
股,0.0,3.0,0.0,1.0
居留权,0.0,3.0,0.0,1.0
于,0.0,3.0,0.0,1.0
所,0.0,3.0,0.0,1.0
可逢,0.0,3.0,0.0,1.0
生活,1.0,0.0,1.0,0.0
微,0.0,3.0,0.0,1.0
担任,0.0,6.0,0.0,1.0
加速,6.0,0.0,1.0,0.0
成立,3.0,0.0,1.0,0.0
中国籍,0.0,3.0,0.0,1.0
热电站,6.0,0.0,1.0,0.0
利亚,3.0,0.0,1.0,0.0
阿里,1.0,0.0,1.0,0.0
生于,0.0,3.0,0.0,1.0
理学,0.0,3.0,0.0,1.0
收,0.0,3.0,0.0,1.0
优质,3.0,0.0,1.0,0.0
男,0.0,3.0,0.0,1.0
中国,0.0,3.0,0.0,1.0
24,3.0,0.0,1.0,0.0
引人注意,0.0,3.0,0.0,1.0
清江,0.0,9.0,0.0,1.0
),0.0,15.0,0.0,1.0
营业,0.0,3.0,0.0,1.0
通路,0.0,2.0,0.0,1.0
再逢,0.0,6.0,0.0,1.0
均,0.0,3.0,0.0,1.0
等,7.0,0.0,1.0,0.0
公告,0.0,3.0,0.0,1.0
A,0.0,3.0,0.0,1.0
建筑,0.0,3.0,0.0,1.0
提名,0.0,6.0,0.0,1.0
主体,0.0,2.0,0.0,1.0
上市公司,0.0,12.0,0.0,1.0
日方,3.0,0.0,1.0,0.0
收入,0.0,3.0,0.0,1.0
提供,9.0,0.0,1.0,0.0
能源,6.0,0.0,1.0,0.0
2017,0.0,6.0,0.0,1.0
获利,0.0,3.0,0.0,1.0
董事,0.0,6.0,0.0,1.0
接下来,0.0,3.0,0.0,1.0
会,1.0,0.0,1.0,0.0
；,0.0,3.0,0.0,1.0
出席,3.0,0.0,1.0,0.0
签约,3.0,0.0,1.0,0.0
万元,0.0,3.0,0.0,1.0
】,6.0,0.0,1.0,0.0
股票,0.0,3.0,0.0,1.0
总统,3.0,0.0,1.0,0.0
自,0.0,3.0,0.0,1.0
利韦,3.0,0.0,1.0,0.0
供给,6.0,0.0,1.0,0.0
永久,0.0,3.0,0.0,1.0
加油,8.0,0.0,1.0,0.0
随锁,0.0,6.0,0.0,1.0
一只,0.0,3.0,0.0,1.0
150,12.0,0.0,1.0,0.0
啤酒,0.0,21.0,0.0,1.0
路网,0.0,2.0,0.0,1.0
由,0.0,3.0,0.0,1.0
证券时报,3.0,0.0,1.0,0.0
辞去,0.0,3.0,0.0,1.0
源源不断,3.0,0.0,1.0,0.0
以,0.0,5.0,0.0,1.0
举行,3.0,0.0,1.0,0.0
群众,1.0,0.0,1.0,0.0
国内新闻,3.0,0.0,1.0,0.0
董事长,0.0,12.0,0.0,1.0
五,6.0,5.0,0.5454545454545454,0.45454545454545453
第七届,0.0,6.0,0.0,1.0
任期,0.0,3.0,0.0,1.0
行情,0.0,12.0,0.0,1.0
工作,0.0,3.0,0.0,1.0
西藏自治区,3.0,0.0,1.0,0.0
.,0.0,9.0,0.0,1.0
大盘,0.0,3.0,0.0,1.0
韩薇,0.0,3.0,0.0,1.0
稳健,0.0,3.0,0.0,1.0
会议,0.0,3.0,0.0,1.0
http,0.0,3.0,0.0,1.0
暨,3.0,0.0,1.0,0.0
实业,3.0,0.0,1.0,0.0
解决,6.0,0.0,1.0,0.0
要,0.0,3.0,0.0,1.0
推介,0.0,3.0,0.0,1.0
藏北,1.0,0.0,1.0,0.0
—,0.0,6.0,0.0,1.0
加油站,1.0,0.0,1.0,0.0
任何,0.0,3.0,0.0,1.0
上涨,0.0,3.0,0.0,1.0
是,2.0,9.0,0.18181818181818182,0.8181818181818182
高等级公路,0.0,2.0,0.0,1.0
797,0.0,3.0,0.0,1.0
投,12.0,0.0,1.0,0.0
进入,6.0,0.0,1.0,0.0
偏僻,1.0,0.0,1.0,0.0
52,0.0,3.0,0.0,1.0
重庆,0.0,6.0,0.0,1.0
>,0.0,3.0,0.0,1.0
其余,0.0,3.0,0.0,1.0
支持,3.0,0.0,1.0,0.0
先生,0.0,12.0,0.0,1.0
昌都,1.0,0.0,1.0,0.0
西藏,57.0,50.0,0.5327102803738317,0.4672897196261682
2016,0.0,6.0,0.0,1.0
 ,139.0,30.0,0.8224852071005917,0.17751479289940827
分,12.0,0.0,1.0,0.0
建设,13.0,0.0,1.0,0.0
签署,3.0,0.0,1.0,0.0
经商参,3.0,0.0,1.0,0.0
索利斯,3.0,0.0,1.0,0.0
届满时,0.0,3.0,0.0,1.0
后,0.0,3.0,0.0,1.0
全区,3.0,0.0,1.0,0.0
未有,0.0,3.0,0.0,1.0
06,0.0,3.0,0.0,1.0
经,0.0,3.0,0.0,1.0
因,0.0,3.0,0.0,1.0
产业,15.0,0.0,1.0,0.0
【,6.0,0.0,1.0,0.0
继续,0.0,6.0,0.0,1.0
2.4,3.0,0.0,1.0,0.0
保障,6.0,0.0,1.0,0.0
有望,6.0,0.0,1.0,0.0
人民,7.0,0.0,1.0,0.0
涨停,0.0,3.0,0.0,1.0
审议,0.0,6.0,0.0,1.0
20,3.0,0.0,1.0,0.0
骨架,0.0,2.0,0.0,1.0
圈,0.0,2.0,0.0,1.0
经济腾飞,3.0,0.0,1.0,0.0
董事会,0.0,15.0,0.0,1.0
有限公司,3.0,6.0,0.3333333333333333,0.6666666666666666
5000,1.0,0.0,1.0,0.0
低位,0.0,3.0,0.0,1.0
　,0.0,16.0,0.0,1.0
两家,0.0,6.0,0.0,1.0
贷款,6.0,0.0,1.0,0.0
闫,0.0,9.0,0.0,1.0
全部,0.0,3.0,0.0,1.0
原因,0.0,3.0,0.0,1.0
接任,0.0,3.0,0.0,1.0
提交,0.0,3.0,0.0,1.0
保护,6.0,0.0,1.0,0.0
黄河,0.0,3.0,0.0,1.0
国家,3.0,0.0,1.0,0.0
油品,2.0,0.0,1.0,0.0
净土,3.0,0.0,1.0,0.0
爆发,0.0,6.0,0.0,1.0
集团,21.0,0.0,1.0,0.0
强于,0.0,3.0,0.0,1.0
开启,0.0,5.0,0.0,1.0
之日起,0.0,3.0,0.0,1.0
年报,0.0,3.0,0.0,1.0
拉萨,6.0,7.0,0.46153846153846156,0.5384615384615384
隆兴,0.0,3.0,0.0,1.0
驻,3.0,0.0,1.0,0.0
签字仪式,3.0,0.0,1.0,0.0
远,1.0,0.0,1.0,0.0
4,0.0,6.0,0.0,1.0
30,0.0,9.0,0.0,1.0
发现,0.0,3.0,0.0,1.0
大本营,1.0,0.0,1.0,0.0
处,3.0,0.0,1.0,0.0
藏,3.0,0.0,1.0,0.0
乡镇,1.0,0.0,1.0,0.0
成绩单,0.0,3.0,0.0,1.0
减仓,0.0,3.0,0.0,1.0
乡,0.0,2.0,0.0,1.0
000752,0.0,15.0,0.0,1.0
数据,0.0,3.0,0.0,1.0
青藏铁路,1.0,0.0,1.0,0.0
仪式,3.0,0.0,1.0,0.0
遥远,1.0,0.0,1.0,0.0
销售,8.0,0.0,1.0,0.0
转让,0.0,6.0,0.0,1.0
百万计,0.0,3.0,0.0,1.0
无,0.0,3.0,0.0,1.0
多米,1.0,0.0,1.0,0.0
满意,0.0,3.0,0.0,1.0
点,1.0,0.0,1.0,0.0
个股,0.0,3.0,0.0,1.0
快车道,6.0,0.0,1.0,0.0
科技,0.0,6.0,0.0,1.0
晚间,0.0,3.0,0.0,1.0
无论是,2.0,0.0,1.0,0.0
相对,0.0,6.0,0.0,1.0
：,1.0,12.0,0.07692307692307693,0.9230769230769231
机构,3.0,0.0,1.0,0.0
境外,0.0,3.0,0.0,1.0
重点,3.0,0.0,1.0,0.0
大,0.0,2.0,0.0,1.0
那曲,1.0,0.0,1.0,0.0
建起,0.0,2.0,0.0,1.0
000929,0.0,3.0,0.0,1.0
城乡,0.0,2.0,0.0,1.0
）,12.0,15.0,0.4444444444444444,0.5555555555555556
%,0.0,11.0,0.0,1.0
供应,3.0,0.0,1.0,0.0
后市,0.0,6.0,0.0,1.0
险,1.0,0.0,1.0,0.0
更加,0.0,3.0,0.0,1.0
6,12.0,14.0,0.46153846153846156,0.5384615384615384
国际,6.0,0.0,1.0,0.0
节能,0.0,3.0,0.0,1.0
8,0.0,3.0,0.0,1.0
树央企,1.0,0.0,1.0,0.0
形成,0.0,2.0,0.0,1.0
总体,0.0,3.0,0.0,1.0
(,0.0,15.0,0.0,1.0
（,12.0,15.0,0.4444444444444444,0.5555555555555556
周四,0.0,3.0,0.0,1.0
未,0.0,3.0,0.0,1.0
1,6.0,0.0,1.0,0.0
促进,6.0,0.0,1.0,0.0
表示,0.0,6.0,0.0,1.0
委员会,0.0,3.0,0.0,1.0
成品油,3.0,0.0,1.0,0.0
获悉,3.0,0.0,1.0,0.0
兰州,0.0,3.0,0.0,1.0
中材,0.0,3.0,0.0,1.0
五年,0.0,6.0,0.0,1.0
批次,12.0,0.0,1.0,0.0
同样,0.0,3.0,0.0,1.0
统计,0.0,3.0,0.0,1.0
14,3.0,0.0,1.0,0.0
收到,0.0,3.0,0.0,1.0
16,3.0,0.0,1.0,0.0
问题,6.0,0.0,1.0,0.0
小时,0.0,2.0,0.0,1.0
公司,8.0,15.0,0.34782608695652173,0.6521739130434783
1964,0.0,3.0,0.0,1.0
能源动力,3.0,0.0,1.0,0.0
SRC,0.0,3.0,0.0,1.0
用,3.0,0.0,1.0,0.0
公布,0.0,3.0,0.0,1.0
生产,1.0,0.0,1.0,0.0
、,9.0,20.0,0.3103448275862069,0.6896551724137931
投资者,0.0,3.0,0.0,1.0
基本,0.0,2.0,0.0,1.0
讲解,0.0,3.0,0.0,1.0
天易,0.0,3.0,0.0,1.0
26180,0.0,6.0,0.0,1.0
在,34.0,6.0,0.85,0.15
记者,0.0,3.0,0.0,1.0
一个,3.0,0.0,1.0,0.0
县,1.0,0.0,1.0,0.0
标题,1.0,0.0,1.0,0.0
-,0.0,6.0,0.0,1.0
哥斯达黎加,9.0,0.0,1.0,0.0
净利润,0.0,6.0,0.0,1.0
石油,8.0,0.0,1.0,0.0
无人区,1.0,0.0,1.0,0.0
信号,0.0,3.0,0.0,1.0
股权,0.0,6.0,0.0,1.0
合作,6.0,0.0,1.0,0.0
董,0.0,3.0,0.0,1.0
研发,0.0,6.0,0.0,1.0
