日,0.0,134.0,0.0,1.0
18.35,0.0,9.0,0.0,1.0
广大,0.0,3.0,0.0,1.0
奥联,0.0,3.0,0.0,1.0
分支机构,0.0,9.0,0.0,1.0
良信,6.0,0.0,1.0,0.0
165.03,0.0,3.0,0.0,1.0
至,0.0,111.0,0.0,1.0
铁路运输,0.0,3.0,0.0,1.0
经销商,0.0,6.0,0.0,1.0
连同,0.0,6.0,0.0,1.0
总产值,0.0,9.0,0.0,1.0
3363,0.0,3.0,0.0,1.0
完成,0.0,21.0,0.0,1.0
238,0.0,3.0,0.0,1.0
0510A3b004,0.0,3.0,0.0,1.0
HXSgYdAfcgqXGWRB4D6UuNmplPZgx2oDMUpSfdic3bspVK,0.0,3.0,0.0,1.0
同比,0.0,216.0,0.0,1.0
控制权,0.0,3.0,0.0,1.0
3.8,0.0,6.0,0.0,1.0
车道,0.0,6.0,0.0,1.0
107.45,0.0,3.0,0.0,1.0
左二,0.0,9.0,0.0,1.0
五月,0.0,6.0,0.0,1.0
头条,0.0,3.0,0.0,1.0
见习,0.0,3.0,0.0,1.0
引起,0.0,3.0,0.0,1.0
保养,0.0,3.0,0.0,1.0
0,0.0,48.0,0.0,1.0
快车道,0.0,6.0,0.0,1.0
CPMA,0.0,3.0,0.0,1.0
再,0.0,21.0,0.0,1.0
―,0.0,6.0,0.0,1.0
从中,0.0,3.0,0.0,1.0
大大提高,0.0,3.0,0.0,1.0
*,0.0,24.0,0.0,1.0
刘先,1.0,0.0,1.0,0.0
平稳,0.0,3.0,0.0,1.0
三驾,0.0,3.0,0.0,1.0
不懈努力,0.0,3.0,0.0,1.0
王,0.0,12.0,0.0,1.0
案例,0.0,6.0,0.0,1.0
光大,0.0,3.0,0.0,1.0
员工,1.0,6.0,0.14285714285714285,0.8571428571428571
油耗,0.0,3.0,0.0,1.0
29.4,0.0,6.0,0.0,1.0
16.98,0.0,6.0,0.0,1.0
有望,0.0,6.0,0.0,1.0
坚持,0.0,39.0,0.0,1.0
汽车部件,0.0,6.0,0.0,1.0
600837,0.0,3.0,0.0,1.0
程度,0.0,9.0,0.0,1.0
中间,0.0,3.0,0.0,1.0
chart,0.0,3.0,0.0,1.0
79.2,0.0,3.0,0.0,1.0
感官,0.0,3.0,0.0,1.0
47,0.0,9.0,0.0,1.0
全球化,0.0,15.0,0.0,1.0
65,0.0,3.0,0.0,1.0
李少,0.0,6.0,0.0,1.0
oBupWQL0aByQeFDiawkrTSh5NlhdZWEOnaiaTmicZTUjsEnE5oZIKefebNpLc18IawFibPstw,0.0,3.0,0.0,1.0
股份,27.0,42.0,0.391304347826087,0.6086956521739131
由此,0.0,3.0,0.0,1.0
联合开发,0.0,12.0,0.0,1.0
kpic,0.0,3.0,0.0,1.0
来自,0.0,21.0,0.0,1.0
46.17,0.0,9.0,0.0,1.0
兼并,0.0,6.0,0.0,1.0
建成,0.0,9.0,0.0,1.0
走高,0.0,9.0,0.0,1.0
明确提出,0.0,9.0,0.0,1.0
担心,0.0,3.0,0.0,1.0
51,0.0,3.0,0.0,1.0
战略规划,0.0,9.0,0.0,1.0
贫困户,0.0,3.0,0.0,1.0
17.74,0.0,3.0,0.0,1.0
图为,0.0,6.0,0.0,1.0
上望,0.0,3.0,0.0,1.0
几年,0.0,3.0,0.0,1.0
赵莫修,6.0,0.0,1.0,0.0
参考,0.0,6.0,0.0,1.0
总部,0.0,18.0,0.0,1.0
综合,0.0,9.0,0.0,1.0
津膜,3.0,0.0,1.0,0.0
2.08,0.0,3.0,0.0,1.0
高开,0.0,3.0,0.0,1.0
格力电器,0.0,6.0,0.0,1.0
陈炜,0.0,3.0,0.0,1.0
png,0.0,38.0,0.0,1.0
7,0.0,80.0,0.0,1.0
摩托车,0.0,6.0,0.0,1.0
会上,0.0,3.0,0.0,1.0
端到,0.0,12.0,0.0,1.0
a6QOicPQVX7YmCpTGHQ8sia0qxBFtnbddJVTYqibBatk4g6KP6Wf8HxqmUxPOrO2WcSD3oEbib9xlEA,0.0,3.0,0.0,1.0
】,0.0,51.0,0.0,1.0
合营,0.0,3.0,0.0,1.0
福特,0.0,3.0,0.0,1.0
前沿,0.0,9.0,0.0,1.0
不到,0.0,3.0,0.0,1.0
2006,0.0,3.0,0.0,1.0
联是,0.0,6.0,0.0,1.0
工作,0.0,9.0,0.0,1.0
广,0.0,12.0,0.0,1.0
+,0.0,60.0,0.0,1.0
L,0.0,3.0,0.0,1.0
第二天,0.0,3.0,0.0,1.0
4000,0.0,21.0,0.0,1.0
1605,0.0,3.0,0.0,1.0
副董事长,0.0,3.0,0.0,1.0
亿港元,0.0,15.0,0.0,1.0
涨幅,0.0,24.0,0.0,1.0
来说,0.0,6.0,0.0,1.0
资金,0.0,42.0,0.0,1.0
消息,0.0,8.0,0.0,1.0
都,0.0,21.0,0.0,1.0
1.83,0.0,3.0,0.0,1.0
如何,0.0,3.0,0.0,1.0
治理,0.0,2.0,0.0,1.0
设立,0.0,27.0,0.0,1.0
不止,0.0,3.0,0.0,1.0
三足鼎立,0.0,6.0,0.0,1.0
实施,0.0,30.0,0.0,1.0
官网,0.0,3.0,0.0,1.0
实时,0.0,9.0,0.0,1.0
尼日利亚,0.0,3.0,0.0,1.0
动力系统,0.0,3.0,0.0,1.0
政府,0.0,12.0,0.0,1.0
3,0.0,84.0,0.0,1.0
机遇,0.0,9.0,0.0,1.0
价格,0.0,27.0,0.0,1.0
采访,0.0,6.0,0.0,1.0
一批,0.0,3.0,0.0,1.0
举办,0.0,9.0,0.0,1.0
gs8,0.0,6.0,0.0,1.0
按,0.0,6.0,0.0,1.0
Volume,0.0,12.0,0.0,1.0
国际化,0.0,57.0,0.0,1.0
低于,0.0,3.0,0.0,1.0
运输,0.0,12.0,0.0,1.0
无法,0.0,3.0,0.0,1.0
45,0.0,3.0,0.0,1.0
9.64,0.0,3.0,0.0,1.0
林帆,0.0,3.0,0.0,1.0
98.68,0.0,21.0,0.0,1.0
调整,0.0,18.0,0.0,1.0
快讯,0.0,6.0,0.0,1.0
C,0.0,3.0,0.0,1.0
而广汽,0.0,6.0,0.0,1.0
行动,0.0,9.0,0.0,1.0
增长,0.0,369.0,0.0,1.0
中机,0.0,6.0,0.0,1.0
道路,0.0,3.0,0.0,1.0
特斯拉,0.0,6.0,0.0,1.0
中国,0.0,156.0,0.0,1.0
导入,0.0,15.0,0.0,1.0
协调,0.0,3.0,0.0,1.0
融创,0.0,3.0,0.0,1.0
承载,0.0,3.0,0.0,1.0
厦门,0.0,3.0,0.0,1.0
显得,0.0,3.0,0.0,1.0
腾讯,0.0,9.0,0.0,1.0
近两年来,0.0,3.0,0.0,1.0
交换,0.0,3.0,0.0,1.0
组团式,0.0,6.0,0.0,1.0
思考,0.0,3.0,0.0,1.0
长尾,0.0,3.0,0.0,1.0
意味着,0.0,3.0,0.0,1.0
前二,0.0,3.0,0.0,1.0
早已,0.0,3.0,0.0,1.0
共有,0.0,3.0,0.0,1.0
豪华,0.0,6.0,0.0,1.0
技术支持,0.0,9.0,0.0,1.0
涵盖,0.0,9.0,0.0,1.0
家车,0.0,6.0,0.0,1.0
现已,0.0,6.0,0.0,1.0
接下来,0.0,3.0,0.0,1.0
升,0.0,12.0,0.0,1.0
推动,0.0,24.0,0.0,1.0
尽情,0.0,3.0,0.0,1.0
进步,0.0,3.0,0.0,1.0
内地,0.0,9.0,0.0,1.0
两大,0.0,6.0,0.0,1.0
拓展,0.0,3.0,0.0,1.0
精志广,0.0,3.0,0.0,1.0
股权,0.0,18.0,0.0,1.0
2013,0.0,12.0,0.0,1.0
车企中,0.0,6.0,0.0,1.0
坚挺,0.0,6.0,0.0,1.0
销售量,0.0,15.0,0.0,1.0
5,0.0,114.0,0.0,1.0
高度,0.0,3.0,0.0,1.0
中心,0.0,57.0,0.0,1.0
150,0.0,3.0,0.0,1.0
对,3.0,42.0,0.06666666666666667,0.9333333333333333
中交建,0.0,3.0,0.0,1.0
牌照,0.0,18.0,0.0,1.0
对话,0.0,3.0,0.0,1.0
风采,0.0,3.0,0.0,1.0
也就是说,0.0,6.0,0.0,1.0
消费者,0.0,12.0,0.0,1.0
款项,0.0,3.0,0.0,1.0
牛散,3.0,0.0,1.0,0.0
按钮,0.0,3.0,0.0,1.0
1700,0.0,9.0,0.0,1.0
不必,0.0,6.0,0.0,1.0
起到,0.0,6.0,0.0,1.0
尊重,0.0,3.0,0.0,1.0
沪港,0.0,6.0,0.0,1.0
级别,0.0,3.0,0.0,1.0
ichanjing,0.0,9.0,0.0,1.0
纯利,0.0,3.0,0.0,1.0
宏源,6.0,0.0,1.0,0.0
二十周年,0.0,15.0,0.0,1.0
联谊会,0.0,3.0,0.0,1.0
解决,0.0,3.0,0.0,1.0
载体,0.0,3.0,0.0,1.0
—,0.0,84.0,0.0,1.0
驾乘,0.0,3.0,0.0,1.0
百,0.0,3.0,0.0,1.0
精益求精,0.0,15.0,0.0,1.0
齐飞,0.0,6.0,0.0,1.0
想,3.0,0.0,1.0,0.0
18,0.0,6.0,0.0,1.0
通信,0.0,6.0,0.0,1.0
森,0.0,3.0,0.0,1.0
500,0.0,63.0,0.0,1.0
拟,0.0,21.0,0.0,1.0
A3,0.0,6.0,0.0,1.0
提高,0.0,2.0,0.0,1.0
电气,0.0,3.0,0.0,1.0
当地,0.0,6.0,0.0,1.0
控股,0.0,24.0,0.0,1.0
在内,0.0,3.0,0.0,1.0
厚积薄发,0.0,6.0,0.0,1.0
很少,0.0,3.0,0.0,1.0
D,0.0,12.0,0.0,1.0
喜报,0.0,3.0,0.0,1.0
陈雷,0.0,6.0,0.0,1.0
公司总裁,0.0,3.0,0.0,1.0
显着,0.0,3.0,0.0,1.0
正是,0.0,3.0,0.0,1.0
狙击,6.0,0.0,1.0,0.0
315.68,0.0,3.0,0.0,1.0
Jeep,0.0,3.0,0.0,1.0
带去,0.0,3.0,0.0,1.0
2016,0.0,75.0,0.0,1.0
刚满,0.0,6.0,0.0,1.0
器重,0.0,3.0,0.0,1.0
分,0.0,6.0,0.0,1.0
合共,0.0,3.0,0.0,1.0
用车,0.0,9.0,0.0,1.0
领军,0.0,6.0,0.0,1.0
众诚,0.0,3.0,0.0,1.0
地为,0.0,3.0,0.0,1.0
第二位,0.0,6.0,0.0,1.0
增强,0.0,3.0,0.0,1.0
城,0.0,12.0,0.0,1.0
后,0.0,45.0,0.0,1.0
马海旭,0.0,3.0,0.0,1.0
提升,0.0,24.0,0.0,1.0
之,0.0,24.0,0.0,1.0
前撞,0.0,6.0,0.0,1.0
2010PictureProducter,0.0,3.0,0.0,1.0
产业布局,0.0,6.0,0.0,1.0
产业,0.0,60.0,0.0,1.0
由,0.0,15.0,0.0,1.0
01918,0.0,6.0,0.0,1.0
出口,0.0,6.0,0.0,1.0
报价,0.0,3.0,0.0,1.0
广汽传祺成,0.0,3.0,0.0,1.0
18.3,0.0,3.0,0.0,1.0
事业,0.0,21.0,0.0,1.0
大关,0.0,3.0,0.0,1.0
非洲,0.0,3.0,0.0,1.0
从上到下,0.0,3.0,0.0,1.0
受,0.0,3.0,0.0,1.0
images,0.0,9.0,0.0,1.0
31,0.0,6.0,0.0,1.0
PE,0.0,9.0,0.0,1.0
resfile,0.0,9.0,0.0,1.0
’,0.0,30.0,0.0,1.0
237,0.0,3.0,0.0,1.0
强,0.0,48.0,0.0,1.0
构筑,0.0,3.0,0.0,1.0
告诉,0.0,3.0,0.0,1.0
竞争对手,0.0,3.0,0.0,1.0
共,0.0,6.0,0.0,1.0
插,0.0,3.0,0.0,1.0
珠江,0.0,9.0,0.0,1.0
奇瑞,0.0,3.0,0.0,1.0
陆续,0.0,3.0,0.0,1.0
荣威,0.0,9.0,0.0,1.0
工厂,0.0,15.0,0.0,1.0
104.09,0.0,3.0,0.0,1.0
强劲,0.0,33.0,0.0,1.0
45.7,0.0,6.0,0.0,1.0
职务,0.0,3.0,0.0,1.0
一步,0.0,9.0,0.0,1.0
20.01,0.0,3.0,0.0,1.0
盱眙,0.0,6.0,0.0,1.0
大洋,0.0,3.0,0.0,1.0
调仓,0.0,3.0,0.0,1.0
低,0.0,12.0,0.0,1.0
服务,0.0,33.0,0.0,1.0
可以,0.0,24.0,0.0,1.0
体验,0.0,12.0,0.0,1.0
愿景,0.0,3.0,0.0,1.0
4377,0.0,3.0,0.0,1.0
书,3.0,0.0,1.0,0.0
头脑,0.0,15.0,0.0,1.0
使命,0.0,6.0,0.0,1.0
优胜,0.0,3.0,0.0,1.0
打造,0.0,72.0,0.0,1.0
手机,0.0,3.0,0.0,1.0
输血,0.0,3.0,0.0,1.0
巨头,0.0,3.0,0.0,1.0
大广汽,0.0,3.0,0.0,1.0
增长率,0.0,15.0,0.0,1.0
最强,0.0,3.0,0.0,1.0
展示,0.0,18.0,0.0,1.0
开门红,0.0,3.0,0.0,1.0
渠道,0.0,9.0,0.0,1.0
靓丽,0.0,3.0,0.0,1.0
94,0.0,9.0,0.0,1.0
形成,0.0,36.0,0.0,1.0
凶猛,0.0,3.0,0.0,1.0
有效,0.0,6.0,0.0,1.0
链路,0.0,9.0,0.0,1.0
上台,0.0,3.0,0.0,1.0
1520,0.0,3.0,0.0,1.0
价值,0.0,27.0,0.0,1.0
large,0.0,3.0,0.0,1.0
上市,0.0,12.0,0.0,1.0
03,0.0,3.0,0.0,1.0
挑战,0.0,21.0,0.0,1.0
维修保养,0.0,9.0,0.0,1.0
座车,0.0,3.0,0.0,1.0
Park,0.0,3.0,0.0,1.0
上半年,0.0,45.0,0.0,1.0
建立,0.0,21.0,0.0,1.0
爱恨,3.0,0.0,1.0,0.0
正,0.0,3.0,0.0,1.0
品,0.0,3.0,0.0,1.0
╱,0.0,3.0,0.0,1.0
制药,0.0,3.0,0.0,1.0
同期,0.0,3.0,0.0,1.0
巡航,0.0,6.0,0.0,1.0
瞩目,0.0,6.0,0.0,1.0
GA3SPHEV,0.0,3.0,0.0,1.0
首席,0.0,12.0,0.0,1.0
兼具,0.0,3.0,0.0,1.0
当做,0.0,3.0,0.0,1.0
而且,0.0,3.0,0.0,1.0
epaper,0.0,15.0,0.0,1.0
插电式,0.0,21.0,0.0,1.0
转换成,0.0,3.0,0.0,1.0
享誉,0.0,3.0,0.0,1.0
jpeg,0.0,39.0,0.0,1.0
38,0.0,3.0,0.0,1.0
活跃股,0.0,3.0,0.0,1.0
换句话说,0.0,3.0,0.0,1.0
工商,0.0,6.0,0.0,1.0
一个,6.0,27.0,0.18181818181818182,0.8181818181818182
IGG,0.0,6.0,0.0,1.0
之道,0.0,6.0,0.0,1.0
从广汽,0.0,3.0,0.0,1.0
21.5,0.0,3.0,0.0,1.0
168.85,0.0,18.0,0.0,1.0
大圣,0.0,3.0,0.0,1.0
刚过,0.0,3.0,0.0,1.0
此前,0.0,9.0,0.0,1.0
布局,0.0,45.0,0.0,1.0
1200,0.0,3.0,0.0,1.0
市盈率,0.0,3.0,0.0,1.0
按年,0.0,21.0,0.0,1.0
惊人,0.0,3.0,0.0,1.0
溢价,0.0,12.0,0.0,1.0
90.66,0.0,15.0,0.0,1.0
业务,0.0,15.0,0.0,1.0
弱冠,0.0,3.0,0.0,1.0
租用,0.0,9.0,0.0,1.0
三箭,0.0,3.0,0.0,1.0
属于,0.0,3.0,0.0,1.0
一轴,0.0,6.0,0.0,1.0
小镇,0.0,27.0,0.0,1.0
蓝字,0.0,3.0,0.0,1.0
下午,0.0,3.0,0.0,1.0
菲克,0.0,42.0,0.0,1.0
upload,0.0,3.0,0.0,1.0
所用,0.0,3.0,0.0,1.0
辞职,0.0,3.0,0.0,1.0
看盘,0.0,3.0,0.0,1.0
主力,0.0,3.0,0.0,1.0
AB,0.0,9.0,0.0,1.0
招聘会,0.0,9.0,0.0,1.0
甚至,0.0,12.0,0.0,1.0
公司业绩,0.0,3.0,0.0,1.0
剧场,0.0,3.0,0.0,1.0
东风汽车,0.0,9.0,0.0,1.0
力图,0.0,6.0,0.0,1.0
高速,0.0,18.0,0.0,1.0
梭于,0.0,3.0,0.0,1.0
才能,0.0,3.0,0.0,1.0
战略,0.0,129.0,0.0,1.0
表现,0.0,12.0,0.0,1.0
多氟多,0.0,6.0,0.0,1.0
转债,0.0,3.0,0.0,1.0
汽车业,0.0,9.0,0.0,1.0
品牌,0.0,390.0,0.0,1.0
苏州,0.0,3.0,0.0,1.0
举全,0.0,12.0,0.0,1.0
万人,0.0,6.0,0.0,1.0
结构,0.0,5.0,0.0,1.0
迎,0.0,3.0,0.0,1.0
群,0.0,6.0,0.0,1.0
月销量,0.0,30.0,0.0,1.0
佳绩,0.0,6.0,0.0,1.0
工商登记,0.0,3.0,0.0,1.0
中报,0.0,3.0,0.0,1.0
表明,0.0,3.0,0.0,1.0
MPV,0.0,6.0,0.0,1.0
已,0.0,51.0,0.0,1.0
简称,0.0,12.0,0.0,1.0
电器,6.0,0.0,1.0,0.0
依靠,0.0,6.0,0.0,1.0
区,0.0,6.0,0.0,1.0
信息化,0.0,18.0,0.0,1.0
或许,0.0,3.0,0.0,1.0
85,0.0,6.0,0.0,1.0
13.8,0.0,3.0,0.0,1.0
方案,0.0,18.0,0.0,1.0
1364.94,0.0,6.0,0.0,1.0
起步,0.0,6.0,0.0,1.0
img2,0.0,3.0,0.0,1.0
15.18,0.0,3.0,0.0,1.0
五维,0.0,3.0,0.0,1.0
典范,0.0,6.0,0.0,1.0
再次,0.0,3.0,0.0,1.0
搭载,0.0,3.0,0.0,1.0
两,0.0,6.0,0.0,1.0
石金漫,0.0,9.0,0.0,1.0
卖,0.0,3.0,0.0,1.0
进一步,0.0,18.0,0.0,1.0
说明,0.0,3.0,0.0,1.0
公众,0.0,6.0,0.0,1.0
驾驶,0.0,48.0,0.0,1.0
高品质,0.0,3.0,0.0,1.0
12.1,0.0,3.0,0.0,1.0
可比,0.0,6.0,0.0,1.0
柬埔寨,0.0,3.0,0.0,1.0
陈汉君,0.0,12.0,0.0,1.0
汽车产量,0.0,27.0,0.0,1.0
66.4,0.0,21.0,0.0,1.0
放在,0.0,3.0,0.0,1.0
无人驾驶,0.0,3.0,0.0,1.0
研报,0.0,3.0,0.0,1.0
引入,0.0,3.0,0.0,1.0
智能手机,0.0,3.0,0.0,1.0
全,0.0,27.0,0.0,1.0
进行,0.0,21.0,0.0,1.0
措施,0.0,3.0,0.0,1.0
年初,0.0,3.0,0.0,1.0
对口,0.0,3.0,0.0,1.0
网络,0.0,12.0,0.0,1.0
fmt,0.0,54.0,0.0,1.0
传奇,0.0,12.0,0.0,1.0
精,0.0,3.0,0.0,1.0
世茂,0.0,3.0,0.0,1.0
强强,0.0,6.0,0.0,1.0
乐趣,0.0,3.0,0.0,1.0
ycwba020901c9,0.0,3.0,0.0,1.0
至快,0.0,3.0,0.0,1.0
极致,0.0,3.0,0.0,1.0
深度,0.0,6.0,0.0,1.0
关于,0.0,33.0,0.0,1.0
进驻,0.0,3.0,0.0,1.0
当中,0.0,3.0,0.0,1.0
模式,0.0,3.0,0.0,1.0
广汽传祺自,0.0,3.0,0.0,1.0
02333,0.0,6.0,0.0,1.0
明朗,0.0,3.0,0.0,1.0
刚刚,0.0,6.0,0.0,1.0
首位,0.0,3.0,0.0,1.0
年均,0.0,15.0,0.0,1.0
深入,0.0,15.0,0.0,1.0
绿色,0.0,15.0,0.0,1.0
347,0.0,3.0,0.0,1.0
方向,0.0,18.0,0.0,1.0
查看,0.0,3.0,0.0,1.0
年内,0.0,3.0,0.0,1.0
业界,0.0,6.0,0.0,1.0
服务区,0.0,9.0,0.0,1.0
前提,0.0,3.0,0.0,1.0
现,0.0,12.0,0.0,1.0
这家,0.0,3.0,0.0,1.0
不同,0.0,9.0,0.0,1.0
增长速度,0.0,3.0,0.0,1.0
季报,0.0,15.0,0.0,1.0
辆,0.0,51.0,0.0,1.0
全方位,0.0,33.0,0.0,1.0
设厂,0.0,6.0,0.0,1.0
个人,0.0,18.0,0.0,1.0
夯实,0.0,12.0,0.0,1.0
合约,0.0,6.0,0.0,1.0
创客,0.0,15.0,0.0,1.0
股,0.0,27.0,0.0,1.0
备受,0.0,3.0,0.0,1.0
联,0.0,42.0,0.0,1.0
世界,0.0,60.0,0.0,1.0
生活,0.0,9.0,0.0,1.0
金额,0.0,6.0,0.0,1.0
1513,0.0,24.0,0.0,1.0
00285,0.0,12.0,0.0,1.0
沟通,0.0,6.0,0.0,1.0
严重,9.0,0.0,1.0,0.0
APP,0.0,24.0,0.0,1.0
投资总额,0.0,3.0,0.0,1.0
就要,0.0,3.0,0.0,1.0
高符生,0.0,3.0,0.0,1.0
14.61,0.0,3.0,0.0,1.0
定位,0.0,6.0,0.0,1.0
以日系,0.0,3.0,0.0,1.0
优质,0.0,9.0,0.0,1.0
致力于,0.0,12.0,0.0,1.0
资讯,0.0,6.0,0.0,1.0
cio360,0.0,3.0,0.0,1.0
政策,0.0,3.0,0.0,1.0
86727,0.0,3.0,0.0,1.0
智慧,0.0,3.0,0.0,1.0
450,0.0,33.0,0.0,1.0
重组,0.0,6.0,0.0,1.0
多项,0.0,3.0,0.0,1.0
拾阶而,0.0,3.0,0.0,1.0
重点项目,0.0,6.0,0.0,1.0
物业,0.0,3.0,0.0,1.0
dayoo,0.0,9.0,0.0,1.0
从事,0.0,3.0,0.0,1.0
概念股,0.0,3.0,0.0,1.0
运动,0.0,6.0,0.0,1.0
帮扶,0.0,3.0,0.0,1.0
黄埔区,0.0,6.0,0.0,1.0
分区,0.0,3.0,0.0,1.0
收入,0.0,63.0,0.0,1.0
ep,0.0,6.0,0.0,1.0
、,0.0,1346.0,0.0,1.0
款,0.0,6.0,0.0,1.0
模块化,0.0,3.0,0.0,1.0
激活,0.0,3.0,0.0,1.0
还有,0.0,3.0,0.0,1.0
统计,0.0,9.0,0.0,1.0
但,0.0,6.0,0.0,1.0
img,0.0,9.0,0.0,1.0
~,0.0,6.0,0.0,1.0
制,0.0,6.0,0.0,1.0
万元,0.0,33.0,0.0,1.0
组装,0.0,3.0,0.0,1.0
看待,0.0,3.0,0.0,1.0
刻,0.0,6.0,0.0,1.0
吴松,0.0,12.0,0.0,1.0
长安汽车,0.0,21.0,0.0,1.0
不断,0.0,18.0,0.0,1.0
86,0.0,3.0,0.0,1.0
重要,0.0,33.0,0.0,1.0
及广汽,0.0,3.0,0.0,1.0
单位,0.0,3.0,0.0,1.0
贡献,0.0,9.0,0.0,1.0
注意,0.0,3.0,0.0,1.0
概念,0.0,3.0,0.0,1.0
逆势,0.0,3.0,0.0,1.0
实际上,0.0,3.0,0.0,1.0
保利,0.0,3.0,0.0,1.0
之间,0.0,3.0,0.0,1.0
行情,0.0,36.0,0.0,1.0
扭亏,0.0,6.0,0.0,1.0
晓曼,0.0,3.0,0.0,1.0
资源共享,0.0,3.0,0.0,1.0
34.05,0.0,6.0,0.0,1.0
积蓄,0.0,3.0,0.0,1.0
变动,0.0,9.0,0.0,1.0
良好,0.0,9.0,0.0,1.0
x,0.0,3.0,0.0,1.0
稳定,0.0,6.0,0.0,1.0
市场,0.0,39.0,0.0,1.0
税收,0.0,3.0,0.0,1.0
2025,0.0,12.0,0.0,1.0
异动,0.0,3.0,0.0,1.0
5.41,0.0,3.0,0.0,1.0
30.28,0.0,3.0,0.0,1.0
表态,0.0,3.0,0.0,1.0
计划,0.0,48.0,0.0,1.0
产值,0.0,3.0,0.0,1.0
承重,0.0,3.0,0.0,1.0
联营,0.0,3.0,0.0,1.0
逐鹿中原,0.0,6.0,0.0,1.0
追求,0.0,15.0,0.0,1.0
摘得,0.0,3.0,0.0,1.0
院长,0.0,15.0,0.0,1.0
评级,0.0,18.0,0.0,1.0
重庆,0.0,3.0,0.0,1.0
普遍,0.0,6.0,0.0,1.0
枢纽,0.0,3.0,0.0,1.0
成交,0.0,18.0,0.0,1.0
盛大,0.0,3.0,0.0,1.0
敬请,0.0,6.0,0.0,1.0
0.0021,0.0,3.0,0.0,1.0
7.6,0.0,15.0,0.0,1.0
大幅度,0.0,3.0,0.0,1.0
=,0.0,203.0,0.0,1.0
品质,0.0,18.0,0.0,1.0
同意,0.0,12.0,0.0,1.0
最初,0.0,3.0,0.0,1.0
四家,0.0,6.0,0.0,1.0
45.72,0.0,9.0,0.0,1.0
上升,0.0,15.0,0.0,1.0
动作,0.0,3.0,0.0,1.0
智通,0.0,27.0,0.0,1.0
富士康,0.0,6.0,0.0,1.0
正式,0.0,42.0,0.0,1.0
各自,0.0,6.0,0.0,1.0
AmmuObX4kZ5FpUeGrGqBUnFnff4Lq3noPLMFMrsUTicqEvcUBV595s9r7rWtdJSA,0.0,3.0,0.0,1.0
大致,0.0,3.0,0.0,1.0
称为,0.0,3.0,0.0,1.0
再创新高,0.0,12.0,0.0,1.0
头把交椅,0.0,3.0,0.0,1.0
休斯敦,0.0,3.0,0.0,1.0
姚一鸣,0.0,3.0,0.0,1.0
生命,0.0,6.0,0.0,1.0
今年,0.0,93.0,0.0,1.0
注重,0.0,3.0,0.0,1.0
畅销,0.0,9.0,0.0,1.0
港股,0.0,162.0,0.0,1.0
99,0.0,3.0,0.0,1.0
较为,0.0,3.0,0.0,1.0
广药,0.0,6.0,0.0,1.0
凯,3.0,0.0,1.0,0.0
志广,0.0,3.0,0.0,1.0
461,0.0,3.0,0.0,1.0
VR,0.0,6.0,0.0,1.0
戈恩,0.0,3.0,0.0,1.0
名,0.0,6.0,0.0,1.0
利用,0.0,3.0,0.0,1.0
上汽,0.0,60.0,0.0,1.0
其余,0.0,3.0,0.0,1.0
买,6.0,0.0,1.0,0.0
EV,0.0,3.0,0.0,1.0
湖南省,0.0,9.0,0.0,1.0
吉利,0.0,60.0,0.0,1.0
观其,0.0,3.0,0.0,1.0
交互,0.0,3.0,0.0,1.0
可,0.0,12.0,0.0,1.0
增近,0.0,3.0,0.0,1.0
论坛,0.0,15.0,0.0,1.0
CN,0.0,3.0,0.0,1.0
基于,0.0,3.0,0.0,1.0
海通,0.0,3.0,0.0,1.0
四年,0.0,12.0,0.0,1.0
视觉,0.0,3.0,0.0,1.0
同时,0.0,30.0,0.0,1.0
周报,0.0,3.0,0.0,1.0
拓深,0.0,3.0,0.0,1.0
佐证,0.0,6.0,0.0,1.0
后者,0.0,3.0,0.0,1.0
9860,0.0,3.0,0.0,1.0
多家,0.0,3.0,0.0,1.0
],0.0,3.0,0.0,1.0
立白,0.0,3.0,0.0,1.0
满足,0.0,3.0,0.0,1.0
20160801,0.0,9.0,0.0,1.0
16.41,0.0,3.0,0.0,1.0
园区,0.0,30.0,0.0,1.0
监事,0.0,3.0,0.0,1.0
大单,0.0,6.0,0.0,1.0
增长幅度,0.0,3.0,0.0,1.0
仍能,0.0,3.0,0.0,1.0
销量,0.0,219.0,0.0,1.0
重大突破,0.0,15.0,0.0,1.0
数量,0.0,6.0,0.0,1.0
整车厂,0.0,3.0,0.0,1.0
切入,0.0,12.0,0.0,1.0
仍升,0.0,6.0,0.0,1.0
5.89,0.0,6.0,0.0,1.0
重点,0.0,51.0,0.0,1.0
少,0.0,3.0,0.0,1.0
团体,0.0,3.0,0.0,1.0
亩,0.0,18.0,0.0,1.0
紧随其后,0.0,3.0,0.0,1.0
持续保持,0.0,3.0,0.0,1.0
26,0.0,6.0,0.0,1.0
攻势,0.0,3.0,0.0,1.0
概念车,0.0,15.0,0.0,1.0
如耐世特,0.0,3.0,0.0,1.0
开拓,0.0,9.0,0.0,1.0
领跑,0.0,3.0,0.0,1.0
广域网,0.0,9.0,0.0,1.0
夏强,0.0,3.0,0.0,1.0
6197.34,0.0,3.0,0.0,1.0
00358,0.0,3.0,0.0,1.0
标的,0.0,18.0,0.0,1.0
位置,0.0,9.0,0.0,1.0
推介会,0.0,3.0,0.0,1.0
nbd,0.0,3.0,0.0,1.0
进,3.0,0.0,1.0,0.0
1ad3fff6cb6a95b278e489b554b77d64,0.0,3.0,0.0,1.0
大堂,0.0,3.0,0.0,1.0
同样,0.0,12.0,0.0,1.0
今日,0.0,18.0,0.0,1.0
厚望,0.0,3.0,0.0,1.0
file,0.0,9.0,0.0,1.0
先锋,0.0,6.0,0.0,1.0
目的,0.0,3.0,0.0,1.0
让,0.0,3.0,0.0,1.0
快速增长,0.0,3.0,0.0,1.0
最大,0.0,9.0,0.0,1.0
A03G,0.0,6.0,0.0,1.0
多块,0.0,18.0,0.0,1.0
7.24,0.0,6.0,0.0,1.0
关注,0.0,18.0,0.0,1.0
20709,0.0,3.0,0.0,1.0
忠旺,0.0,3.0,0.0,1.0
这一,0.0,3.0,0.0,1.0
二十年,0.0,39.0,0.0,1.0
积极关注,0.0,9.0,0.0,1.0
如今,0.0,6.0,0.0,1.0
深化,0.0,3.0,0.0,1.0
空高开,0.0,3.0,0.0,1.0
金控,0.0,3.0,0.0,1.0
系列,0.0,9.0,0.0,1.0
动摇,0.0,12.0,0.0,1.0
080,0.0,3.0,0.0,1.0
A03,0.0,3.0,0.0,1.0
爆款,0.0,9.0,0.0,1.0
610,0.0,6.0,0.0,1.0
拨付,0.0,6.0,0.0,1.0
事实上,0.0,3.0,0.0,1.0
工业,0.0,15.0,0.0,1.0
放缓,0.0,6.0,0.0,1.0
北汽,0.0,18.0,0.0,1.0
HK,0.0,60.0,0.0,1.0
福田,0.0,6.0,0.0,1.0
9.1,0.0,6.0,0.0,1.0
日讯,0.0,24.0,0.0,1.0
06030,0.0,3.0,0.0,1.0
8K,0.0,6.0,0.0,1.0
022385,0.0,12.0,0.0,1.0
协议,0.0,42.0,0.0,1.0
jrjimg,0.0,3.0,0.0,1.0
空间,0.0,9.0,0.0,1.0
供应商,0.0,9.0,0.0,1.0
段,0.0,6.0,0.0,1.0
138.22,0.0,3.0,0.0,1.0
净利,0.0,15.0,0.0,1.0
连出,0.0,6.0,0.0,1.0
元,0.0,63.0,0.0,1.0
640,0.0,6.0,0.0,1.0
分工,0.0,2.0,0.0,1.0
月份,0.0,36.0,0.0,1.0
力,0.0,9.0,0.0,1.0
不少,0.0,3.0,0.0,1.0
发动机,0.0,18.0,0.0,1.0
Hub,0.0,3.0,0.0,1.0
签制,0.0,3.0,0.0,1.0
反映,0.0,3.0,0.0,1.0
dEoO9rcE1NzNqZTPZM3M9D2Cx1E2FnwoQwuML6h6lzsLdsB8mAwI2ibWKu56bpDCEfyiaYuTsDxJiamcPfYHj0gXw,0.0,3.0,0.0,1.0
获得,0.0,6.0,0.0,1.0
首季,0.0,18.0,0.0,1.0
6.37,0.0,3.0,0.0,1.0
2f9d177577572bce83da2e2c8c44dca0,0.0,3.0,0.0,1.0
渤海,0.0,6.0,0.0,1.0
超过,0.0,33.0,0.0,1.0
店员,3.0,0.0,1.0,0.0
165,0.0,15.0,0.0,1.0
联营公司,0.0,3.0,0.0,1.0
工艺,0.0,3.0,0.0,1.0
驾驶舱,0.0,3.0,0.0,1.0
龙头,0.0,6.0,0.0,1.0
跟进,0.0,3.0,0.0,1.0
称,0.0,18.0,0.0,1.0
ID,0.0,12.0,0.0,1.0
东欧,0.0,3.0,0.0,1.0
QWqoDuWnF1hugDL879uLxj8Lqia22jjpx4ceHahRDwNhUaL6BC3ey2qIPNiapITqnDADgA,0.0,3.0,0.0,1.0
Formula,0.0,12.0,0.0,1.0
主要,0.0,45.0,0.0,1.0
能,0.0,3.0,0.0,1.0
年摊,0.0,3.0,0.0,1.0
团队,0.0,6.0,0.0,1.0
引,0.0,3.0,0.0,1.0
季度,0.0,6.0,0.0,1.0
00721,0.0,3.0,0.0,1.0
辉煌灿烂,0.0,6.0,0.0,1.0
杂志,0.0,3.0,0.0,1.0
艰辛,0.0,3.0,0.0,1.0
美国市场,0.0,6.0,0.0,1.0
新浪,0.0,15.0,0.0,1.0
公司股票,0.0,6.0,0.0,1.0
点赞,0.0,3.0,0.0,1.0
2018,0.0,27.0,0.0,1.0
收到,0.0,6.0,0.0,1.0
携手,0.0,9.0,0.0,1.0
得益于,0.0,12.0,0.0,1.0
提倡,0.0,6.0,0.0,1.0
成长,0.0,3.0,0.0,1.0
扩展,0.0,3.0,0.0,1.0
对此,0.0,6.0,0.0,1.0
494.18,0.0,3.0,0.0,1.0
亿美元,0.0,9.0,0.0,1.0
走访,0.0,3.0,0.0,1.0
非常,0.0,6.0,0.0,1.0
劲销,0.0,3.0,0.0,1.0
未来,0.0,33.0,0.0,1.0
合计,0.0,21.0,0.0,1.0
锦上添花,0.0,3.0,0.0,1.0
车辆,0.0,6.0,0.0,1.0
投放,0.0,3.0,0.0,1.0
存储,0.0,6.0,0.0,1.0
向着,0.0,3.0,0.0,1.0
0.224358,0.0,3.0,0.0,1.0
国内,0.0,60.0,0.0,1.0
互访,0.0,3.0,0.0,1.0
健康,0.0,6.0,0.0,1.0
业绩,0.0,78.0,0.0,1.0
凶杀,3.0,0.0,1.0,0.0
168.9,0.0,9.0,0.0,1.0
实行,0.0,3.0,0.0,1.0
美誉度,0.0,3.0,0.0,1.0
国内外,0.0,9.0,0.0,1.0
负面,0.0,3.0,0.0,1.0
预期,0.0,21.0,0.0,1.0
国有,0.0,9.0,0.0,1.0
出行,0.0,6.0,0.0,1.0
420,0.0,3.0,0.0,1.0
/,0.0,677.0,0.0,1.0
105.51,0.0,3.0,0.0,1.0
com,0.0,53.0,0.0,1.0
欧系,0.0,3.0,0.0,1.0
青年,1.0,0.0,1.0,0.0
0.78,0.0,3.0,0.0,1.0
墙,0.0,3.0,0.0,1.0
res06,0.0,3.0,0.0,1.0
心里,0.0,3.0,0.0,1.0
0.59,0.0,3.0,0.0,1.0
首,0.0,6.0,0.0,1.0
国有企业,0.0,3.0,0.0,1.0
以后,0.0,3.0,0.0,1.0
盈利,0.0,24.0,0.0,1.0
体系,0.0,3.0,0.0,1.0
利润,0.0,66.0,0.0,1.0
历史性,0.0,3.0,0.0,1.0
产销,0.0,108.0,0.0,1.0
00119,0.0,3.0,0.0,1.0
pic430,0.0,3.0,0.0,1.0
企里,0.0,3.0,0.0,1.0
thsi,0.0,6.0,0.0,1.0
第一,0.0,12.0,0.0,1.0
78.95,0.0,6.0,0.0,1.0
银行业,0.0,15.0,0.0,1.0
其他,0.0,9.0,0.0,1.0
626952,0.0,3.0,0.0,1.0
不多,0.0,3.0,0.0,1.0
原因,0.0,3.0,0.0,1.0
先河,0.0,6.0,0.0,1.0
尚,0.0,3.0,0.0,1.0
CBD,0.0,12.0,0.0,1.0
出路,0.0,3.0,0.0,1.0
33.2,0.0,6.0,0.0,1.0
刘文婷,0.0,3.0,0.0,1.0
核心技术,0.0,6.0,0.0,1.0
给予,0.0,12.0,0.0,1.0
相当,0.0,3.0,0.0,1.0
薄后,0.0,3.0,0.0,1.0
预判,0.0,6.0,0.0,1.0
7.36,0.0,3.0,0.0,1.0
限制性,0.0,6.0,0.0,1.0
举措,0.0,6.0,0.0,1.0
主销,0.0,3.0,0.0,1.0
符合,0.0,6.0,0.0,1.0
前瞻,0.0,9.0,0.0,1.0
万,0.0,12.0,0.0,1.0
稳定增长,0.0,3.0,0.0,1.0
维持,0.0,12.0,0.0,1.0
广州市,0.0,9.0,0.0,1.0
人民币,0.0,21.0,0.0,1.0
冲刺,0.0,3.0,0.0,1.0
高层,0.0,9.0,0.0,1.0
金融,0.0,57.0,0.0,1.0
market,0.0,9.0,0.0,1.0
把,0.0,15.0,0.0,1.0
双,0.0,3.0,0.0,1.0
环比,0.0,6.0,0.0,1.0
主流,0.0,6.0,0.0,1.0
过往,0.0,3.0,0.0,1.0
对广汽,0.0,9.0,0.0,1.0
为己,0.0,3.0,0.0,1.0
企业,0.0,171.0,0.0,1.0
最新,0.0,3.0,0.0,1.0
SK2z5zIhVTVAicId7SJHianCzMJgHFtbYFVbwN7TJobH15ucmiagyA6a9KR06iaeWFlt0Ohxw7bpx3DGpK2QRYyL3w,0.0,3.0,0.0,1.0
孕育,0.0,3.0,0.0,1.0
欧派,6.0,0.0,1.0,0.0
高于,0.0,15.0,0.0,1.0
240,0.0,18.0,0.0,1.0
风华正茂,0.0,6.0,0.0,1.0
特雷,0.0,3.0,0.0,1.0
产业链,0.0,48.0,0.0,1.0
29,0.0,9.0,0.0,1.0
首个,0.0,6.0,0.0,1.0
模拟,0.0,3.0,0.0,1.0
数十个,0.0,3.0,0.0,1.0
状态,0.0,6.0,0.0,1.0
保持良好,0.0,3.0,0.0,1.0
增加,0.0,9.0,0.0,1.0
[,0.0,3.0,0.0,1.0
空间布局,0.0,6.0,0.0,1.0
不俗,0.0,3.0,0.0,1.0
活动,0.0,3.0,0.0,1.0
归属,0.0,6.0,0.0,1.0
早前,0.0,3.0,0.0,1.0
最快,0.0,9.0,0.0,1.0
之一,0.0,15.0,0.0,1.0
全线,0.0,3.0,0.0,1.0
资本金,0.0,3.0,0.0,1.0
非常低,0.0,3.0,0.0,1.0
2238,0.0,21.0,0.0,1.0
扩能,0.0,6.0,0.0,1.0
来源于,0.0,3.0,0.0,1.0
平安,0.0,6.0,0.0,1.0
营收,0.0,21.0,0.0,1.0
于行,0.0,6.0,0.0,1.0
10.2,0.0,3.0,0.0,1.0
第六位,0.0,3.0,0.0,1.0
口号,0.0,36.0,0.0,1.0
观点,0.0,3.0,0.0,1.0
辞去,0.0,3.0,0.0,1.0
财务,0.0,15.0,0.0,1.0
86.3,0.0,3.0,0.0,1.0
结果,0.0,18.0,0.0,1.0
荟萃,0.0,3.0,0.0,1.0
期末,0.0,6.0,0.0,1.0
看来,0.0,6.0,0.0,1.0
31.65,0.0,18.0,0.0,1.0
汽车城,0.0,3.0,0.0,1.0
同月,0.0,3.0,0.0,1.0
位于,0.0,12.0,0.0,1.0
168.8,0.0,6.0,0.0,1.0
\,0.0,3.0,0.0,1.0
专用,0.0,3.0,0.0,1.0
传统,0.0,9.0,0.0,1.0
基金会,0.0,6.0,0.0,1.0
位,0.0,30.0,0.0,1.0
报告,0.0,18.0,0.0,1.0
长假,0.0,3.0,0.0,1.0
信赖,0.0,3.0,0.0,1.0
遇到,0.0,3.0,0.0,1.0
后劲,0.0,3.0,0.0,1.0
三电,0.0,3.0,0.0,1.0
59312859,0.0,12.0,0.0,1.0
中信银行,0.0,3.0,0.0,1.0
车企,0.0,39.0,0.0,1.0
15,0.0,24.0,0.0,1.0
近百名,0.0,3.0,0.0,1.0
GSET4,0.0,3.0,0.0,1.0
国家级,0.0,6.0,0.0,1.0
‘,0.0,30.0,0.0,1.0
长城,0.0,3.0,0.0,1.0
进入,0.0,42.0,0.0,1.0
31046,0.0,3.0,0.0,1.0
售,0.0,3.0,0.0,1.0
该,0.0,48.0,0.0,1.0
bjnews,0.0,3.0,0.0,1.0
长实,0.0,3.0,0.0,1.0
文,0.0,3.0,0.0,1.0
发,0.0,12.0,0.0,1.0
业务量,0.0,3.0,0.0,1.0
建设,0.0,24.0,0.0,1.0
二胎,0.0,3.0,0.0,1.0
中国区,0.0,3.0,0.0,1.0
30.78,0.0,9.0,0.0,1.0
财报,0.0,6.0,0.0,1.0
本次,0.0,9.0,0.0,1.0
出货量,0.0,3.0,0.0,1.0
康达,0.0,3.0,0.0,1.0
幣,0.0,6.0,0.0,1.0
内,0.0,21.0,0.0,1.0
电动,0.0,33.0,0.0,1.0
更,0.0,21.0,0.0,1.0
【,0.0,51.0,0.0,1.0
曼恩,0.0,3.0,0.0,1.0
占据,0.0,3.0,0.0,1.0
马车,0.0,3.0,0.0,1.0
保障,0.0,27.0,0.0,1.0
京能,3.0,0.0,1.0,0.0
审议,0.0,27.0,0.0,1.0
现今,0.0,3.0,0.0,1.0
有序,0.0,12.0,0.0,1.0
董事会,0.0,35.0,0.0,1.0
及腾,0.0,3.0,0.0,1.0
首发,0.0,12.0,0.0,1.0
国产化,0.0,3.0,0.0,1.0
连续,0.0,18.0,0.0,1.0
涨,0.0,18.0,0.0,1.0
科创,0.0,6.0,0.0,1.0
汽车销量,0.0,36.0,0.0,1.0
租赁,0.0,18.0,0.0,1.0
2.5,0.0,3.0,0.0,1.0
佛塑,0.0,3.0,0.0,1.0
本书,3.0,0.0,1.0,0.0
语音,0.0,6.0,0.0,1.0
公告,0.0,47.0,0.0,1.0
三区,0.0,6.0,0.0,1.0
续传祺,0.0,3.0,0.0,1.0
＋,0.0,6.0,0.0,1.0
00553,0.0,6.0,0.0,1.0
做,0.0,3.0,0.0,1.0
开启,0.0,6.0,0.0,1.0
本土,0.0,18.0,0.0,1.0
150517773373600357,0.0,9.0,0.0,1.0
知名品牌,0.0,6.0,0.0,1.0
汇丰,0.0,3.0,0.0,1.0
插电强,0.0,6.0,0.0,1.0
均值,0.0,12.0,0.0,1.0
010,0.0,24.0,0.0,1.0
根据,0.0,20.0,0.0,1.0
时称,0.0,6.0,0.0,1.0
广汽传祺是,0.0,3.0,0.0,1.0
企划,0.0,6.0,0.0,1.0
190350911,0.0,2.0,0.0,1.0
就业人口,0.0,6.0,0.0,1.0
几大,0.0,3.0,0.0,1.0
安全设备,0.0,9.0,0.0,1.0
扩大,0.0,12.0,0.0,1.0
23199,0.0,3.0,0.0,1.0
招商,0.0,15.0,0.0,1.0
全国,0.0,3.0,0.0,1.0
代,0.0,6.0,0.0,1.0
29.98,0.0,6.0,0.0,1.0
完成率,0.0,3.0,0.0,1.0
陆文琳,0.0,3.0,0.0,1.0
佈,0.0,6.0,0.0,1.0
看出,0.0,3.0,0.0,1.0
PHEV,0.0,6.0,0.0,1.0
硬件,0.0,3.0,0.0,1.0
用于,0.0,15.0,0.0,1.0
导入到,0.0,3.0,0.0,1.0
官员,3.0,0.0,1.0,0.0
Q1,0.0,3.0,0.0,1.0
比较,0.0,3.0,0.0,1.0
精心,0.0,3.0,0.0,1.0
齐发,0.0,9.0,0.0,1.0
1430,0.0,3.0,0.0,1.0
获大行,0.0,3.0,0.0,1.0
国际标准,0.0,3.0,0.0,1.0
获悉,0.0,3.0,0.0,1.0
系统,0.0,18.0,0.0,1.0
受广,0.0,3.0,0.0,1.0
完整,0.0,12.0,0.0,1.0
进程,0.0,15.0,0.0,1.0
张青松,0.0,6.0,0.0,1.0
办公,0.0,6.0,0.0,1.0
野村,0.0,6.0,0.0,1.0
精神,0.0,27.0,0.0,1.0
小集团,0.0,3.0,0.0,1.0
制造业,0.0,24.0,0.0,1.0
462,0.0,3.0,0.0,1.0
165.01,0.0,3.0,0.0,1.0
事项,0.0,15.0,0.0,1.0
01798,0.0,6.0,0.0,1.0
规定,0.0,3.0,0.0,1.0
提拔,0.0,3.0,0.0,1.0
问题,0.0,9.0,0.0,1.0
月初,0.0,6.0,0.0,1.0
总体规划,0.0,9.0,0.0,1.0
意见,0.0,3.0,0.0,1.0
污水,0.0,3.0,0.0,1.0
性能,0.0,6.0,0.0,1.0
资料,0.0,6.0,0.0,1.0
10024,0.0,3.0,0.0,1.0
0508A03b004,0.0,3.0,0.0,1.0
环境,0.0,3.0,0.0,1.0
投资者,0.0,3.0,0.0,1.0
合理,0.0,6.0,0.0,1.0
请,0.0,3.0,0.0,1.0
在,9.0,345.0,0.025423728813559324,0.9745762711864406
黑,0.0,3.0,0.0,1.0
101.4,0.0,3.0,0.0,1.0
净利润,0.0,75.0,0.0,1.0
信号,0.0,5.0,0.0,1.0
告知,0.0,3.0,0.0,1.0
透露,0.0,3.0,0.0,1.0
呈现,0.0,3.0,0.0,1.0
这个,0.0,12.0,0.0,1.0
166,0.0,3.0,0.0,1.0
位居,0.0,9.0,0.0,1.0
整合,0.0,9.0,0.0,1.0
整体,0.0,12.0,0.0,1.0
共享,0.0,33.0,0.0,1.0
确保,0.0,3.0,0.0,1.0
B,0.0,3.0,0.0,1.0
供职,0.0,3.0,0.0,1.0
昨日,0.0,15.0,0.0,1.0
铁路,0.0,9.0,0.0,1.0
铜业,0.0,3.0,0.0,1.0
大多数,0.0,6.0,0.0,1.0
细分,0.0,3.0,0.0,1.0
一汽,0.0,12.0,0.0,1.0
190,0.0,15.0,0.0,1.0
全面,0.0,36.0,0.0,1.0
前列,0.0,6.0,0.0,1.0
四,0.0,3.0,0.0,1.0
向上,0.0,21.0,0.0,1.0
年,0.0,393.0,0.0,1.0
具体,0.0,3.0,0.0,1.0
单笔,0.0,3.0,0.0,1.0
只,0.0,3.0,0.0,1.0
回调,0.0,6.0,0.0,1.0
很大,0.0,6.0,0.0,1.0
精益,0.0,3.0,0.0,1.0
CxgPbPn29LRqPzcdrMFP2JuclsXc5kibPPxjWadnXhksi,0.0,3.0,0.0,1.0
保险,0.0,3.0,0.0,1.0
量产,0.0,6.0,0.0,1.0
归属于,0.0,3.0,0.0,1.0
娥,0.0,3.0,0.0,1.0
努力,0.0,15.0,0.0,1.0
累计,0.0,66.0,0.0,1.0
进发,0.0,3.0,0.0,1.0
943cb83fe75222db5ee07d1610fa47df,0.0,3.0,0.0,1.0
22.24,0.0,3.0,0.0,1.0
积累,0.0,9.0,0.0,1.0
开始,0.0,9.0,0.0,1.0
血液,0.0,3.0,0.0,1.0
这是,0.0,6.0,0.0,1.0
首次,0.0,6.0,0.0,1.0
4.46,0.0,3.0,0.0,1.0
王丹,0.0,6.0,0.0,1.0
秋景,0.0,12.0,0.0,1.0
bD2g2DBkaJ8xUOCEEgXaIbSSRicSg,0.0,3.0,0.0,1.0
开工,0.0,12.0,0.0,1.0
大手笔,0.0,6.0,0.0,1.0
面临,0.0,6.0,0.0,1.0
115.83,0.0,3.0,0.0,1.0
美系,0.0,3.0,0.0,1.0
开展业务,0.0,9.0,0.0,1.0
着,0.0,15.0,0.0,1.0
匠,0.0,9.0,0.0,1.0
uoBupWQL0aByQeFDrFia4laicpQOtnfc24wsagE6iaic5H62BvicEgUungHQhoicMbQeXrmWoPKQ,0.0,3.0,0.0,1.0
秉承,0.0,9.0,0.0,1.0
培养,0.0,3.0,0.0,1.0
区区,0.0,3.0,0.0,1.0
www,0.0,21.0,0.0,1.0
IMAGE,0.0,89.0,0.0,1.0
广州市政府,0.0,3.0,0.0,1.0
基础,0.0,21.0,0.0,1.0
港元,0.0,18.0,0.0,1.0
掉,3.0,0.0,1.0,0.0
确定,0.0,3.0,0.0,1.0
效益,0.0,2.0,0.0,1.0
00658,0.0,6.0,0.0,1.0
传来,0.0,6.0,0.0,1.0
车展,0.0,48.0,0.0,1.0
港交所,0.0,3.0,0.0,1.0
背景,0.0,12.0,0.0,1.0
集中,0.0,27.0,0.0,1.0
总会,0.0,6.0,0.0,1.0
经验,0.0,3.0,0.0,1.0
CEO,0.0,9.0,0.0,1.0
行权价,0.0,3.0,0.0,1.0
汽车保险,0.0,15.0,0.0,1.0
1000,0.0,3.0,0.0,1.0
弗,0.0,3.0,0.0,1.0
截止,0.0,12.0,0.0,1.0
招行,0.0,6.0,0.0,1.0
24877.69,0.0,3.0,0.0,1.0
17.97,0.0,3.0,0.0,1.0
收市,0.0,3.0,0.0,1.0
面积,0.0,24.0,0.0,1.0
继峰,0.0,3.0,0.0,1.0
这方面,0.0,3.0,0.0,1.0
01800,0.0,3.0,0.0,1.0
计算,0.0,9.0,0.0,1.0
奠基,0.0,12.0,0.0,1.0
巩固,0.0,3.0,0.0,1.0
人,3.0,3.0,0.5,0.5
致电,0.0,6.0,0.0,1.0
年底,0.0,9.0,0.0,1.0
队长,0.0,3.0,0.0,1.0
发展势头,0.0,9.0,0.0,1.0
前来,0.0,3.0,0.0,1.0
始终,0.0,18.0,0.0,1.0
知名度,0.0,3.0,0.0,1.0
招聘,0.0,12.0,0.0,1.0
高端化,0.0,6.0,0.0,1.0
20.7,0.0,3.0,0.0,1.0
此,0.0,3.0,0.0,1.0
次席,0.0,3.0,0.0,1.0
收盘,0.0,6.0,0.0,1.0
侦探,3.0,0.0,1.0,0.0
涉及,0.0,3.0,0.0,1.0
早,0.0,3.0,0.0,1.0
信心,0.0,6.0,0.0,1.0
将,0.0,210.0,0.0,1.0
认识,0.0,6.0,0.0,1.0
随着,0.0,27.0,0.0,1.0
A股,0.0,24.0,0.0,1.0
迟,0.0,3.0,0.0,1.0
9.73,0.0,3.0,0.0,1.0
技术升级,0.0,15.0,0.0,1.0
中通,0.0,3.0,0.0,1.0
cf8,0.0,3.0,0.0,1.0
y95VgNL3tKEhMibbax3Xet4yV40cOGcK6cXVhB0cEpJHeaOiapn1tPiapOfUSaetsUQzsiadOfA,0.0,3.0,0.0,1.0
决定,0.0,3.0,0.0,1.0
复合,0.0,15.0,0.0,1.0
强烈推荐,0.0,6.0,0.0,1.0
基础设施,0.0,6.0,0.0,1.0
出处,0.0,3.0,0.0,1.0
60.94,0.0,3.0,0.0,1.0
耦合,0.0,6.0,0.0,1.0
青睐,0.0,3.0,0.0,1.0
119,0.0,3.0,0.0,1.0
所,0.0,6.0,0.0,1.0
成,0.0,12.0,0.0,1.0
vivo,0.0,3.0,0.0,1.0
美国硅谷,0.0,3.0,0.0,1.0
广汽,19.0,1867.0,0.01007423117709438,0.9899257688229056
展望,0.0,3.0,0.0,1.0
4.6,0.0,3.0,0.0,1.0
近年来,0.0,6.0,0.0,1.0
智造,0.0,3.0,0.0,1.0
探讨,0.0,24.0,0.0,1.0
上,0.0,81.0,0.0,1.0
一份,0.0,3.0,0.0,1.0
成立,0.0,51.0,0.0,1.0
富维,0.0,3.0,0.0,1.0
投资收益,0.0,3.0,0.0,1.0
优秀,0.0,6.0,0.0,1.0
肩负起,0.0,3.0,0.0,1.0
每股,0.0,9.0,0.0,1.0
证券,0.0,15.0,0.0,1.0
敏锐,0.0,3.0,0.0,1.0
发行,0.0,15.0,0.0,1.0
造好车,0.0,6.0,0.0,1.0
丰田,0.0,6.0,0.0,1.0
通下,0.0,12.0,0.0,1.0
执行,0.0,21.0,0.0,1.0
添,0.0,6.0,0.0,1.0
收盘价,0.0,3.0,0.0,1.0
示范,0.0,6.0,0.0,1.0
07,0.0,8.0,0.0,1.0
控,0.0,3.0,0.0,1.0
设计,0.0,6.0,0.0,1.0
限制,0.0,6.0,0.0,1.0
百万,0.0,3.0,0.0,1.0
等,0.0,231.0,0.0,1.0
容易,0.0,3.0,0.0,1.0
电源,0.0,3.0,0.0,1.0
10.61,0.0,3.0,0.0,1.0
极强,0.0,6.0,0.0,1.0
混合,0.0,27.0,0.0,1.0
传动,0.0,3.0,0.0,1.0
双击,0.0,3.0,0.0,1.0
法宝,0.0,3.0,0.0,1.0
草案,0.0,6.0,0.0,1.0
以广汽,0.0,12.0,0.0,1.0
转变,0.0,3.0,0.0,1.0
－,0.0,6.0,0.0,1.0
300,0.0,15.0,0.0,1.0
滨,0.0,3.0,0.0,1.0
二维码,0.0,3.0,0.0,1.0
国美,0.0,6.0,0.0,1.0
可能性,0.0,9.0,0.0,1.0
利用自身,0.0,3.0,0.0,1.0
暂定名,0.0,6.0,0.0,1.0
赎回,0.0,3.0,0.0,1.0
广汽当,0.0,3.0,0.0,1.0
独家,0.0,9.0,0.0,1.0
出席,0.0,12.0,0.0,1.0
熊焰,0.0,3.0,0.0,1.0
预测,0.0,3.0,0.0,1.0
西证,0.0,3.0,0.0,1.0
股票,0.0,35.0,0.0,1.0
稳居,0.0,3.0,0.0,1.0
台,0.0,3.0,0.0,1.0
店,0.0,3.0,0.0,1.0
基地,0.0,6.0,0.0,1.0
77,0.0,3.0,0.0,1.0
移动,0.0,18.0,0.0,1.0
03888,0.0,3.0,0.0,1.0
01880,0.0,3.0,0.0,1.0
29.80,0.0,3.0,0.0,1.0
物流,0.0,15.0,0.0,1.0
番禺区,0.0,3.0,0.0,1.0
分析师,0.0,6.0,0.0,1.0
证券时报,0.0,15.0,0.0,1.0
UnitWidth,0.0,12.0,0.0,1.0
以,0.0,72.0,0.0,1.0
上调,0.0,15.0,0.0,1.0
33.16,0.0,6.0,0.0,1.0
产量,0.0,15.0,0.0,1.0
去年同期,0.0,9.0,0.0,1.0
知道,0.0,3.0,0.0,1.0
最高级,0.0,3.0,0.0,1.0
四个,0.0,3.0,0.0,1.0
26.96,0.0,3.0,0.0,1.0
集聚,0.0,6.0,0.0,1.0
人群,0.0,3.0,0.0,1.0
会议,0.0,18.0,0.0,1.0
southcn,0.0,3.0,0.0,1.0
卡塔尔,0.0,3.0,0.0,1.0
这些,0.0,6.0,0.0,1.0
110,0.0,3.0,0.0,1.0
01113,0.0,6.0,0.0,1.0
本报,0.0,3.0,0.0,1.0
看好,0.0,3.0,0.0,1.0
10.72,0.0,3.0,0.0,1.0
利税,0.0,21.0,0.0,1.0
集合,0.0,3.0,0.0,1.0
自主,0.0,219.0,0.0,1.0
生产方式,0.0,3.0,0.0,1.0
上涨,0.0,12.0,0.0,1.0
是,0.0,153.0,0.0,1.0
GE3,0.0,3.0,0.0,1.0
自动,0.0,12.0,0.0,1.0
一流,0.0,12.0,0.0,1.0
迎接,0.0,6.0,0.0,1.0
议案,0.0,36.0,0.0,1.0
华泰,0.0,3.0,0.0,1.0
热销,0.0,3.0,0.0,1.0
平顺,0.0,3.0,0.0,1.0
标志,0.0,6.0,0.0,1.0
电动车,0.0,12.0,0.0,1.0
6.17,0.0,6.0,0.0,1.0
>,0.0,131.0,0.0,1.0
美国,0.0,6.0,0.0,1.0
全面落实,0.0,3.0,0.0,1.0
全球,0.0,66.0,0.0,1.0
处于,0.0,12.0,0.0,1.0
轴,0.0,3.0,0.0,1.0
历程,0.0,6.0,0.0,1.0
X,0.0,3.0,0.0,1.0
寄予,0.0,3.0,0.0,1.0
__,0.0,3.0,0.0,1.0
200,0.0,9.0,0.0,1.0
例如,0.0,6.0,0.0,1.0
出现,0.0,9.0,0.0,1.0
03333,0.0,6.0,0.0,1.0
总营业额,0.0,3.0,0.0,1.0
电子商务,0.0,6.0,0.0,1.0
为数不多,0.0,3.0,0.0,1.0
i6,0.0,3.0,0.0,1.0
接近,0.0,6.0,0.0,1.0
行权,0.0,9.0,0.0,1.0
位处,0.0,6.0,0.0,1.0
副总经理,0.0,60.0,0.0,1.0
SRC,0.0,89.0,0.0,1.0
日起,0.0,3.0,0.0,1.0
金龙,0.0,12.0,0.0,1.0
002594,0.0,6.0,0.0,1.0
急升,0.0,3.0,0.0,1.0
间,0.0,3.0,0.0,1.0
愈发,0.0,3.0,0.0,1.0
55.29,0.0,3.0,0.0,1.0
不断完善,0.0,3.0,0.0,1.0
以广,0.0,3.0,0.0,1.0
上扬,0.0,3.0,0.0,1.0
37.64,0.0,12.0,0.0,1.0
上升幅度,0.0,3.0,0.0,1.0
无偿,0.0,3.0,0.0,1.0
　,0.0,802.0,0.0,1.0
期待,0.0,3.0,0.0,1.0
置业,3.0,3.0,0.5,0.5
01,0.0,3.0,0.0,1.0
执委会,0.0,18.0,0.0,1.0
奠定,0.0,6.0,0.0,1.0
08,6.0,26.0,0.1875,0.8125
走,3.0,0.0,1.0,0.0
合资企业,0.0,15.0,0.0,1.0
参与,0.0,3.0,0.0,1.0
预估,0.0,3.0,0.0,1.0
积极,0.0,12.0,0.0,1.0
短期,0.0,9.0,0.0,1.0
首款,0.0,12.0,0.0,1.0
指,0.0,9.0,0.0,1.0
祺,0.0,18.0,0.0,1.0
37.6,0.0,6.0,0.0,1.0
19.3,0.0,3.0,0.0,1.0
100,0.0,9.0,0.0,1.0
产业园,0.0,72.0,0.0,1.0
引进,0.0,6.0,0.0,1.0
驻,0.0,3.0,0.0,1.0
第四届,0.0,18.0,0.0,1.0
强力,0.0,3.0,0.0,1.0
4,0.0,117.0,0.0,1.0
13.7,0.0,3.0,0.0,1.0
知名,0.0,9.0,0.0,1.0
据悉,0.0,9.0,0.0,1.0
记者,0.0,42.0,0.0,1.0
相结合,0.0,6.0,0.0,1.0
说,7.0,6.0,0.5384615384615384,0.46153846153846156
比比皆是,0.0,3.0,0.0,1.0
环节,0.0,3.0,0.0,1.0
等等,0.0,3.0,0.0,1.0
_,0.0,108.0,0.0,1.0
无人,0.0,3.0,0.0,1.0
实力,0.0,6.0,0.0,1.0
00813,0.0,3.0,0.0,1.0
以外,0.0,3.0,0.0,1.0
总裁,0.0,6.0,0.0,1.0
区则,0.0,6.0,0.0,1.0
流通股,0.0,3.0,0.0,1.0
对外,0.0,3.0,0.0,1.0
中东,0.0,6.0,0.0,1.0
01065,0.0,3.0,0.0,1.0
新一轮,0.0,3.0,0.0,1.0
日产,0.0,3.0,0.0,1.0
点,0.0,6.0,0.0,1.0
揭开,0.0,3.0,0.0,1.0
13.2,0.0,3.0,0.0,1.0
吸引,0.0,9.0,0.0,1.0
伴随,0.0,3.0,0.0,1.0
科技,3.0,42.0,0.06666666666666667,0.9333333333333333
仅为,0.0,3.0,0.0,1.0
主体,0.0,3.0,0.0,1.0
机构,0.0,2.0,0.0,1.0
9KY1SzP,0.0,3.0,0.0,1.0
颇,0.0,3.0,0.0,1.0
辞职信,0.0,3.0,0.0,1.0
公开,0.0,15.0,0.0,1.0
平台,0.0,36.0,0.0,1.0
软件,0.0,6.0,0.0,1.0
日后,0.0,15.0,0.0,1.0
摘要,0.0,9.0,0.0,1.0
国际,0.0,117.0,0.0,1.0
牧业,0.0,3.0,0.0,1.0
康美,0.0,3.0,0.0,1.0
首超,0.0,9.0,0.0,1.0
（,0.0,431.0,0.0,1.0
作出,0.0,3.0,0.0,1.0
15.68,0.0,3.0,0.0,1.0
取得,0.0,6.0,0.0,1.0
1,0.0,114.0,0.0,1.0
表示,0.0,87.0,0.0,1.0
维系,0.0,3.0,0.0,1.0
十大,0.0,3.0,0.0,1.0
网通,0.0,6.0,0.0,1.0
以及,0.0,26.0,0.0,1.0
1443.75,0.0,3.0,0.0,1.0
长城汽车,0.0,42.0,0.0,1.0
新华网,0.0,3.0,0.0,1.0
零部,0.0,3.0,0.0,1.0
考虑,0.0,6.0,0.0,1.0
持,0.0,3.0,0.0,1.0
TCL,0.0,6.0,0.0,1.0
全新,0.0,39.0,0.0,1.0
海格,0.0,3.0,0.0,1.0
其所持,0.0,3.0,0.0,1.0
缓解,0.0,3.0,0.0,1.0
三年,0.0,3.0,0.0,1.0
已于,0.0,3.0,0.0,1.0
看,0.0,6.0,0.0,1.0
01117,0.0,3.0,0.0,1.0
振兴,0.0,6.0,0.0,1.0
左右,0.0,3.0,0.0,1.0
优势互补,0.0,12.0,0.0,1.0
一个月,0.0,3.0,0.0,1.0
超出,0.0,6.0,0.0,1.0
tZcD4PyPOOpNgqZmbJ3uCRzXkElGJNw9Z6LIGZWdEJXcVBMJkuYrJ9PZfGuz3BGfg2pMO4RI4ZHqFibOhUC5Licg,0.0,3.0,0.0,1.0
四小,0.0,3.0,0.0,1.0
端的,0.0,12.0,0.0,1.0
不点,0.0,3.0,0.0,1.0
北美,0.0,24.0,0.0,1.0
…,0.0,18.0,0.0,1.0
纸业,0.0,3.0,0.0,1.0
ADAS,0.0,3.0,0.0,1.0
黄金,0.0,3.0,0.0,1.0
十分,0.0,6.0,0.0,1.0
1500,0.0,3.0,0.0,1.0
低估,9.0,0.0,1.0,0.0
概率,0.0,3.0,0.0,1.0
创意,0.0,6.0,0.0,1.0
亿美金,0.0,6.0,0.0,1.0
领导,0.0,3.0,0.0,1.0
A04nR2xl3fvZGqjxkS5ejlPPichy7ydiaE0moiavEkxUjb0VtmSGwWzQ3yfo0QXic2CCdFIPEC9wnTcjParmwfJf4A,0.0,3.0,0.0,1.0
一方面,0.0,3.0,0.0,1.0
激越,0.0,3.0,0.0,1.0
自本,0.0,3.0,0.0,1.0
此次,0.0,12.0,0.0,1.0
环保,0.0,15.0,0.0,1.0
左一,0.0,12.0,0.0,1.0
脱变,0.0,3.0,0.0,1.0
相比之下,0.0,3.0,0.0,1.0
:,0.0,107.0,0.0,1.0
发挥,0.0,3.0,0.0,1.0
复星,0.0,18.0,0.0,1.0
生命不息,0.0,3.0,0.0,1.0
认可,0.0,3.0,0.0,1.0
年销量,0.0,12.0,0.0,1.0
该项,0.0,3.0,0.0,1.0
金发,0.0,3.0,0.0,1.0
比亚迪,0.0,33.0,0.0,1.0
高位,0.0,9.0,0.0,1.0
i0,0.0,2.0,0.0,1.0
展馆,0.0,3.0,0.0,1.0
97.29,0.0,6.0,0.0,1.0
快报,0.0,42.0,0.0,1.0
积分,0.0,18.0,0.0,1.0
1.23,0.0,3.0,0.0,1.0
揭幕,0.0,3.0,0.0,1.0
官方,0.0,12.0,0.0,1.0
大众汽车集团,0.0,9.0,0.0,1.0
工作队,0.0,3.0,0.0,1.0
增持,0.0,3.0,0.0,1.0
52730.62,0.0,3.0,0.0,1.0
忘,0.0,6.0,0.0,1.0
华为,0.0,48.0,0.0,1.0
463.09,0.0,6.0,0.0,1.0
可谓,0.0,3.0,0.0,1.0
10,0.0,36.0,0.0,1.0
品牌形象,0.0,12.0,0.0,1.0
借款,0.0,3.0,0.0,1.0
数个,0.0,3.0,0.0,1.0
0508A21b009,0.0,3.0,0.0,1.0
亿元,0.0,291.0,0.0,1.0
跑,0.0,6.0,0.0,1.0
产品升级,0.0,18.0,0.0,1.0
人工智能,0.0,3.0,0.0,1.0
快,0.0,3.0,0.0,1.0
当月,0.0,3.0,0.0,1.0
5.0,0.0,3.0,0.0,1.0
洛阳玻璃,0.0,3.0,0.0,1.0
用户,0.0,3.0,0.0,1.0
13,0.0,9.0,0.0,1.0
1962.82,0.0,3.0,0.0,1.0
回顾,0.0,6.0,0.0,1.0
上造,0.0,3.0,0.0,1.0
出色,0.0,3.0,0.0,1.0
刚刚开始,0.0,9.0,0.0,1.0
46.94,0.0,12.0,0.0,1.0
联手,0.0,18.0,0.0,1.0
5.6,0.0,3.0,0.0,1.0
华大基因,6.0,0.0,1.0,0.0
要点,0.0,3.0,0.0,1.0
mmbiz,0.0,72.0,0.0,1.0
04,0.0,3.0,0.0,1.0
经过,0.0,9.0,0.0,1.0
销售总额,0.0,3.0,0.0,1.0
1.71,0.0,3.0,0.0,1.0
面试,0.0,6.0,0.0,1.0
期间,0.0,24.0,0.0,1.0
产融,0.0,9.0,0.0,1.0
A21,0.0,3.0,0.0,1.0
还是,0.0,3.0,0.0,1.0
归母,0.0,12.0,0.0,1.0
参加,0.0,12.0,0.0,1.0
促销,0.0,3.0,0.0,1.0
7430a64d33c19e837588c0b232cfd,0.0,3.0,0.0,1.0
441,0.0,3.0,0.0,1.0
兴业,0.0,3.0,0.0,1.0
98.7,0.0,21.0,0.0,1.0
危险,3.0,0.0,1.0,0.0
高性能,0.0,6.0,0.0,1.0
联想,0.0,3.0,0.0,1.0
增速,0.0,33.0,0.0,1.0
农业银行,0.0,3.0,0.0,1.0
发展,0.0,206.0,0.0,1.0
清醒,0.0,6.0,0.0,1.0
从,0.0,99.0,0.0,1.0
50,0.0,24.0,0.0,1.0
阿里巴巴,0.0,6.0,0.0,1.0
▲,0.0,3.0,0.0,1.0
式,0.0,3.0,0.0,1.0
2000,0.0,3.0,0.0,1.0
ICT,0.0,12.0,0.0,1.0
GS4PHEV,0.0,3.0,0.0,1.0
廖靄儿,0.0,6.0,0.0,1.0
专业,0.0,6.0,0.0,1.0
大多,0.0,3.0,0.0,1.0
刷新,0.0,9.0,0.0,1.0
沃尔玛,0.0,3.0,0.0,1.0
基层,0.0,3.0,0.0,1.0
生态,0.0,75.0,0.0,1.0
研究院,0.0,18.0,0.0,1.0
通,0.0,21.0,0.0,1.0
近,0.0,21.0,0.0,1.0
多少,0.0,3.0,0.0,1.0
．,0.0,3.0,0.0,1.0
互动,0.0,15.0,0.0,1.0
营销,0.0,3.0,0.0,1.0
首期,0.0,3.0,0.0,1.0
河里,3.0,0.0,1.0,0.0
至强,0.0,3.0,0.0,1.0
大幕,0.0,12.0,0.0,1.0
辞任,0.0,3.0,0.0,1.0
谢志才,0.0,3.0,0.0,1.0
核,0.0,3.0,0.0,1.0
同比增加,0.0,27.0,0.0,1.0
联络,0.0,3.0,0.0,1.0
三,0.0,3.0,0.0,1.0
机制,0.0,9.0,0.0,1.0
需求,0.0,33.0,0.0,1.0
超,0.0,90.0,0.0,1.0
915,0.0,3.0,0.0,1.0
调研,0.0,3.0,0.0,1.0
企就,0.0,3.0,0.0,1.0
h,0.0,6.0,0.0,1.0
廊道,0.0,6.0,0.0,1.0
3.3,0.0,3.0,0.0,1.0
初步判断,0.0,3.0,0.0,1.0
过程,0.0,3.0,0.0,1.0
互联网,0.0,15.0,0.0,1.0
联已,0.0,3.0,0.0,1.0
特别,0.0,9.0,0.0,1.0
达沃斯,0.0,3.0,0.0,1.0
集团股份,0.0,12.0,0.0,1.0
可期,0.0,3.0,0.0,1.0
跨越式,0.0,12.0,0.0,1.0
177,0.0,3.0,0.0,1.0
產能,0.0,3.0,0.0,1.0
期权,0.0,15.0,0.0,1.0
ECU,0.0,3.0,0.0,1.0
汽车产业,0.0,39.0,0.0,1.0
世界各地,0.0,3.0,0.0,1.0
26.6,0.0,3.0,0.0,1.0
西子湖畔,0.0,3.0,0.0,1.0
78,0.0,3.0,0.0,1.0
铿锵,0.0,3.0,0.0,1.0
部分,0.0,9.0,0.0,1.0
36.53,0.0,3.0,0.0,1.0
刚,0.0,3.0,0.0,1.0
财富,0.0,39.0,0.0,1.0
马,0.0,6.0,0.0,1.0
3725,0.0,3.0,0.0,1.0
》,0.0,87.0,0.0,1.0
不久,0.0,3.0,0.0,1.0
破,0.0,3.0,0.0,1.0
临港,0.0,6.0,0.0,1.0
总额,0.0,3.0,0.0,1.0
会,0.0,9.0,0.0,1.0
覆盖,0.0,3.0,0.0,1.0
83,0.0,3.0,0.0,1.0
意义,0.0,3.0,0.0,1.0
7500,0.0,18.0,0.0,1.0
升广汽,0.0,3.0,0.0,1.0
金融界,0.0,3.0,0.0,1.0
303,0.0,21.0,0.0,1.0
成交量,0.0,3.0,0.0,1.0
17.1,0.0,15.0,0.0,1.0
49,0.0,6.0,0.0,1.0
话题,0.0,6.0,0.0,1.0
珠海,0.0,6.0,0.0,1.0
1Ax8hKx4xhyvkn661W9d7kodZwe5JNdvxXhm9QLBCibjV1wWp5pWRQ,0.0,3.0,0.0,1.0
基本面,0.0,3.0,0.0,1.0
网联,0.0,30.0,0.0,1.0
立即,0.0,3.0,0.0,1.0
造访,0.0,3.0,0.0,1.0
媒体,0.0,3.0,0.0,1.0
相信,0.0,3.0,0.0,1.0
18.89,0.0,3.0,0.0,1.0
频繁,0.0,3.0,0.0,1.0
最先,0.0,6.0,0.0,1.0
稿,0.0,3.0,0.0,1.0
合影,0.0,9.0,0.0,1.0
月,0.0,326.0,0.0,1.0
22,0.0,18.0,0.0,1.0
莲花山,0.0,3.0,0.0,1.0
尽快,0.0,6.0,0.0,1.0
巴林,0.0,3.0,0.0,1.0
头,0.0,6.0,0.0,1.0
王丹拟,0.0,9.0,0.0,1.0
曾,0.0,9.0,0.0,1.0
生态系统,0.0,12.0,0.0,1.0
12,0.0,18.0,0.0,1.0
诊股,0.0,24.0,0.0,1.0
颁奖词,0.0,3.0,0.0,1.0
00042,0.0,3.0,0.0,1.0
汽车行业,0.0,42.0,0.0,1.0
以下,0.0,12.0,0.0,1.0
高度重视,0.0,3.0,0.0,1.0
商用车,0.0,9.0,0.0,1.0
心品,0.0,6.0,0.0,1.0
事件,0.0,6.0,0.0,1.0
ImageType,0.0,12.0,0.0,1.0
第一季度,0.0,18.0,0.0,1.0
高科技股,0.0,3.0,0.0,1.0
方,0.0,3.0,0.0,1.0
62.88,0.0,3.0,0.0,1.0
遥遥领先,0.0,6.0,0.0,1.0
方德港,0.0,3.0,0.0,1.0
优秀人才,0.0,3.0,0.0,1.0
两个,0.0,3.0,0.0,1.0
内部,0.0,6.0,0.0,1.0
负责人,0.0,24.0,0.0,1.0
智能网,0.0,42.0,0.0,1.0
明显,0.0,15.0,0.0,1.0
先生,0.0,3.0,0.0,1.0
有条不紊,0.0,3.0,0.0,1.0
前沿技术,0.0,6.0,0.0,1.0
激励,0.0,18.0,0.0,1.0
重大,0.0,6.0,0.0,1.0
签署,0.0,6.0,0.0,1.0
2019,0.0,6.0,0.0,1.0
14.33,0.0,3.0,0.0,1.0
360,0.0,3.0,0.0,1.0
117,0.0,3.0,0.0,1.0
精选,0.0,6.0,0.0,1.0
本,0.0,15.0,0.0,1.0
建议,0.0,18.0,0.0,1.0
96,0.0,3.0,0.0,1.0
罗裕群,0.0,3.0,0.0,1.0
新品,0.0,9.0,0.0,1.0
掀开,0.0,6.0,0.0,1.0
大型,0.0,18.0,0.0,1.0
850,0.0,3.0,0.0,1.0
占,0.0,24.0,0.0,1.0
04ef3be0,0.0,9.0,0.0,1.0
时,0.0,15.0,0.0,1.0
巨资,0.0,3.0,0.0,1.0
吴保军,0.0,3.0,0.0,1.0
卡斯,0.0,6.0,0.0,1.0
30.97,0.0,9.0,0.0,1.0
并且,0.0,12.0,0.0,1.0
领先,0.0,3.0,0.0,1.0
管理,0.0,6.0,0.0,1.0
宇通,0.0,18.0,0.0,1.0
天,0.0,3.0,0.0,1.0
心,0.0,27.0,0.0,1.0
一位,0.0,3.0,0.0,1.0
03900,0.0,6.0,0.0,1.0
互联,0.0,18.0,0.0,1.0
548,0.0,3.0,0.0,1.0
旗下,0.0,33.0,0.0,1.0
第三名,0.0,3.0,0.0,1.0
大红包,0.0,3.0,0.0,1.0
爆发,0.0,9.0,0.0,1.0
券商,0.0,3.0,0.0,1.0
2196,0.0,3.0,0.0,1.0
SUV,0.0,48.0,0.0,1.0
致辞,0.0,12.0,0.0,1.0
舞台,0.0,3.0,0.0,1.0
重任,0.0,3.0,0.0,1.0
范围,0.0,6.0,0.0,1.0
品于,0.0,27.0,0.0,1.0
68.4,0.0,3.0,0.0,1.0
且,0.0,3.0,0.0,1.0
交易日,0.0,18.0,0.0,1.0
因素,0.0,3.0,0.0,1.0
爆发式,0.0,6.0,0.0,1.0
近日,0.0,6.0,0.0,1.0
OPPO,0.0,3.0,0.0,1.0
％,0.0,12.0,0.0,1.0
化,0.0,60.0,0.0,1.0
区域,0.0,6.0,0.0,1.0
投产,0.0,3.0,0.0,1.0
捉,0.0,3.0,0.0,1.0
制造,0.0,111.0,0.0,1.0
V,6.0,0.0,1.0,0.0
延续,0.0,9.0,0.0,1.0
相继,0.0,3.0,0.0,1.0
小,0.0,3.0,0.0,1.0
电机,0.0,3.0,0.0,1.0
曾升,0.0,3.0,0.0,1.0
维稳,0.0,3.0,0.0,1.0
有所,0.0,3.0,0.0,1.0
：,21.0,314.0,0.0626865671641791,0.9373134328358209
创立,0.0,3.0,0.0,1.0
基数,0.0,3.0,0.0,1.0
硅谷,0.0,3.0,0.0,1.0
密不可分,0.0,3.0,0.0,1.0
行权期,0.0,12.0,0.0,1.0
过百,0.0,3.0,0.0,1.0
捷报频传,0.0,12.0,0.0,1.0
）,0.0,428.0,0.0,1.0
最为,0.0,15.0,0.0,1.0
企,0.0,6.0,0.0,1.0
156.29,0.0,3.0,0.0,1.0
里面,3.0,0.0,1.0,0.0
投资,0.0,111.0,0.0,1.0
钱潮,0.0,3.0,0.0,1.0
最低,0.0,6.0,0.0,1.0
智能,0.0,78.0,0.0,1.0
59312757,0.0,6.0,0.0,1.0
联盟,0.0,3.0,0.0,1.0
皆,0.0,3.0,0.0,1.0
上榜,0.0,3.0,0.0,1.0
102.20,0.0,3.0,0.0,1.0
2005,0.0,9.0,0.0,1.0
信息,0.0,15.0,0.0,1.0
后续,0.0,3.0,0.0,1.0
委员会,0.0,12.0,0.0,1.0
服务业,0.0,24.0,0.0,1.0
日系,0.0,24.0,0.0,1.0
三菱,0.0,48.0,0.0,1.0
增超,0.0,3.0,0.0,1.0
周二,0.0,3.0,0.0,1.0
一直,0.0,3.0,0.0,1.0
云,0.0,3.0,0.0,1.0
终端,0.0,9.0,0.0,1.0
顾问,0.0,3.0,0.0,1.0
拓宽,0.0,3.0,0.0,1.0
注,0.0,3.0,0.0,1.0
四大,0.0,6.0,0.0,1.0
GS4,0.0,6.0,0.0,1.0
显示器,0.0,6.0,0.0,1.0
起,0.0,18.0,0.0,1.0
德克萨斯州,0.0,3.0,0.0,1.0
绝对,0.0,3.0,0.0,1.0
67.3,0.0,3.0,0.0,1.0
雷诺,0.0,3.0,0.0,1.0
股本,0.0,3.0,0.0,1.0
地位,0.0,3.0,0.0,1.0
没有,9.0,9.0,0.5,0.5
625856,0.0,3.0,0.0,1.0
放量,0.0,3.0,0.0,1.0
张帆,0.0,3.0,0.0,1.0
文化,0.0,15.0,0.0,1.0
日晚,0.0,18.0,0.0,1.0
西村,0.0,6.0,0.0,1.0
分享,0.0,9.0,0.0,1.0
趋势,0.0,9.0,0.0,1.0
经纪,0.0,3.0,0.0,1.0
泊车,0.0,6.0,0.0,1.0
实践,0.0,6.0,0.0,1.0
库存,0.0,9.0,0.0,1.0
乘用车,0.0,81.0,0.0,1.0
来看,0.0,15.0,0.0,1.0
冲高,0.0,3.0,0.0,1.0
广汇,0.0,3.0,0.0,1.0
东南亚,0.0,6.0,0.0,1.0
应声,0.0,6.0,0.0,1.0
得到,0.0,12.0,0.0,1.0
无限,0.0,3.0,0.0,1.0
今年以来,0.0,6.0,0.0,1.0
引领,0.0,15.0,0.0,1.0
风暴,0.0,15.0,0.0,1.0
经理,0.0,3.0,0.0,1.0
更趋,0.0,3.0,0.0,1.0
协同效应,0.0,6.0,0.0,1.0
于,0.0,69.0,0.0,1.0
时代,0.0,15.0,0.0,1.0
新星,0.0,3.0,0.0,1.0
工匠,0.0,15.0,0.0,1.0
受传祺,0.0,3.0,0.0,1.0
网站,0.0,3.0,0.0,1.0
技术创新,0.0,6.0,0.0,1.0
医药,0.0,12.0,0.0,1.0
签订,0.0,42.0,0.0,1.0
思科,0.0,3.0,0.0,1.0
结束,0.0,3.0,0.0,1.0
由广汽,0.0,12.0,0.0,1.0
高点,0.0,3.0,0.0,1.0
围绕,0.0,18.0,0.0,1.0
显示,0.0,33.0,0.0,1.0
动工,0.0,12.0,0.0,1.0
水股,0.0,3.0,0.0,1.0
签订协议,0.0,6.0,0.0,1.0
阶段,0.0,18.0,0.0,1.0
为例,0.0,12.0,0.0,1.0
江淮,0.0,9.0,0.0,1.0
留给,0.0,3.0,0.0,1.0
大幅,0.0,18.0,0.0,1.0
职工,0.0,9.0,0.0,1.0
城区,0.0,6.0,0.0,1.0
恒通,0.0,6.0,0.0,1.0
为先,0.0,6.0,0.0,1.0
不超,0.0,21.0,0.0,1.0
10.5,0.0,6.0,0.0,1.0
预警系统,0.0,12.0,0.0,1.0
值得一提的是,0.0,3.0,0.0,1.0
25,0.0,18.0,0.0,1.0
通过,0.0,63.0,0.0,1.0
智联,0.0,60.0,0.0,1.0
16.36,0.0,12.0,0.0,1.0
核心,0.0,39.0,0.0,1.0
业态,0.0,27.0,0.0,1.0
销,0.0,12.0,0.0,1.0
子公司,0.0,33.0,0.0,1.0
应用,0.0,3.0,0.0,1.0
十三,0.0,63.0,0.0,1.0
经济,0.0,6.0,0.0,1.0
保持,0.0,18.0,0.0,1.0
招商银行,0.0,6.0,0.0,1.0
参会,0.0,3.0,0.0,1.0
比例,0.0,6.0,0.0,1.0
识别,0.0,6.0,0.0,1.0
竞争力,0.0,21.0,0.0,1.0
经营层,0.0,2.0,0.0,1.0
fO8NbllziconK,0.0,3.0,0.0,1.0
药业,0.0,3.0,0.0,1.0
纯,0.0,12.0,0.0,1.0
广汽传祺屡,0.0,3.0,0.0,1.0
逐步,0.0,6.0,0.0,1.0
金山,0.0,6.0,0.0,1.0
附属,0.0,6.0,0.0,1.0
哈尔滨,0.0,6.0,0.0,1.0
正在,0.0,9.0,0.0,1.0
最终,0.0,6.0,0.0,1.0
发电,3.0,0.0,1.0,0.0
宣布,0.0,12.0,0.0,1.0
副理事长,0.0,3.0,0.0,1.0
其,0.0,18.0,0.0,1.0
9,0.0,15.0,0.0,1.0
熊猫,0.0,9.0,0.0,1.0
8,0.0,23.0,0.0,1.0
爆表,0.0,3.0,0.0,1.0
20.3,0.0,3.0,0.0,1.0
仍,0.0,3.0,0.0,1.0
注册资本,0.0,6.0,0.0,1.0
63.53,0.0,3.0,0.0,1.0
继承,0.0,3.0,0.0,1.0
该股,0.0,3.0,0.0,1.0
品行,0.0,6.0,0.0,1.0
优化,0.0,3.0,0.0,1.0
便,0.0,3.0,0.0,1.0
本田,0.0,15.0,0.0,1.0
提到,0.0,3.0,0.0,1.0
最近,0.0,3.0,0.0,1.0
全资,0.0,24.0,0.0,1.0
欢迎,0.0,3.0,0.0,1.0
广汽传祺,0.0,72.0,0.0,1.0
前,0.0,48.0,0.0,1.0
认为,0.0,15.0,0.0,1.0
郴,0.0,6.0,0.0,1.0
年产量,0.0,3.0,0.0,1.0
哦,0.0,3.0,0.0,1.0
先进,0.0,6.0,0.0,1.0
越秀,0.0,6.0,0.0,1.0
p,0.0,6.0,0.0,1.0
行,0.0,27.0,0.0,1.0
创新,0.0,81.0,0.0,1.0
600104,0.0,9.0,0.0,1.0
eRX5,0.0,6.0,0.0,1.0
奖,0.0,6.0,0.0,1.0
11,0.0,9.0,0.0,1.0
1211,0.0,3.0,0.0,1.0
精英,0.0,3.0,0.0,1.0
高级别,0.0,6.0,0.0,1.0
周期,0.0,9.0,0.0,1.0
欧美,0.0,12.0,0.0,1.0
体育,0.0,6.0,0.0,1.0
包括,0.0,18.0,0.0,1.0
下半年,0.0,3.0,0.0,1.0
本届,0.0,3.0,0.0,1.0
观众,0.0,3.0,0.0,1.0
<,0.0,89.0,0.0,1.0
正向,0.0,9.0,0.0,1.0
徐伟东,0.0,6.0,0.0,1.0
需要,0.0,14.0,0.0,1.0
内参,0.0,9.0,0.0,1.0
风车云马,0.0,6.0,0.0,1.0
一点,0.0,3.0,0.0,1.0
查阅,0.0,3.0,0.0,1.0
晨报,0.0,12.0,0.0,1.0
产学研,0.0,6.0,0.0,1.0
gif,0.0,3.0,0.0,1.0
qpic,0.0,36.0,0.0,1.0
丰盛,0.0,3.0,0.0,1.0
商贸,0.0,33.0,0.0,1.0
发表,0.0,12.0,0.0,1.0
上海,0.0,45.0,0.0,1.0
attpic,0.0,3.0,0.0,1.0
H股,0.0,24.0,0.0,1.0
促进,0.0,21.0,0.0,1.0
56,0.0,6.0,0.0,1.0
带来,0.0,15.0,0.0,1.0
96.35,0.0,12.0,0.0,1.0
获利,0.0,3.0,0.0,1.0
12.5,0.0,3.0,0.0,1.0
亿营收,0.0,3.0,0.0,1.0
ynet,0.0,3.0,0.0,1.0
B12,0.0,3.0,0.0,1.0
市场竞争,0.0,3.0,0.0,1.0
去年,0.0,6.0,0.0,1.0
qiche,0.0,9.0,0.0,1.0
gzdaily,0.0,9.0,0.0,1.0
手势,0.0,3.0,0.0,1.0
报称,0.0,3.0,0.0,1.0
36.38,0.0,3.0,0.0,1.0
前移,0.0,3.0,0.0,1.0
美的,0.0,9.0,0.0,1.0
101.84,0.0,3.0,0.0,1.0
属下,0.0,3.0,0.0,1.0
局,0.0,3.0,0.0,1.0
推进,0.0,21.0,0.0,1.0
大部分,0.0,3.0,0.0,1.0
共创,0.0,6.0,0.0,1.0
相对,0.0,12.0,0.0,1.0
上市公司,0.0,6.0,0.0,1.0
运营,0.0,2.0,0.0,1.0
发起,0.0,3.0,0.0,1.0
创新性,0.0,3.0,0.0,1.0
作者,0.0,3.0,0.0,1.0
年前,0.0,3.0,0.0,1.0
天津,0.0,6.0,0.0,1.0
双优,0.0,9.0,0.0,1.0
迎来,0.0,3.0,0.0,1.0
内有,0.0,3.0,0.0,1.0
额均,0.0,3.0,0.0,1.0
揭,0.0,3.0,0.0,1.0
车型,0.0,63.0,0.0,1.0
本月,0.0,6.0,0.0,1.0
升幅,0.0,6.0,0.0,1.0
条件,0.0,3.0,0.0,1.0
蜕变,0.0,6.0,0.0,1.0
牵手,0.0,15.0,0.0,1.0
张姝丽,0.0,6.0,0.0,1.0
力争,0.0,15.0,0.0,1.0
精确,0.0,6.0,0.0,1.0
先行一步,0.0,3.0,0.0,1.0
华为公司,0.0,60.0,0.0,1.0
排行榜,0.0,6.0,0.0,1.0
分析,0.0,21.0,0.0,1.0
强广汽,0.0,3.0,0.0,1.0
以往,0.0,3.0,0.0,1.0
安全,0.0,3.0,0.0,1.0
20.69,0.0,3.0,0.0,1.0
标杆,0.0,3.0,0.0,1.0
整车,0.0,105.0,0.0,1.0
核心网,0.0,3.0,0.0,1.0
00998,0.0,6.0,0.0,1.0
.,0.0,396.0,0.0,1.0
／,0.0,3.0,0.0,1.0
新,0.0,33.0,0.0,1.0
传祺,0.0,60.0,0.0,1.0
百分点,0.0,3.0,0.0,1.0
2,0.0,33.0,0.0,1.0
9440.27,0.0,3.0,0.0,1.0
79.25,0.0,3.0,0.0,1.0
适应,0.0,6.0,0.0,1.0
平方公里,0.0,12.0,0.0,1.0
勇夺,0.0,3.0,0.0,1.0
通讯,0.0,3.0,0.0,1.0
转移,0.0,3.0,0.0,1.0
500325,0.0,3.0,0.0,1.0
伙伴,0.0,3.0,0.0,1.0
GS8,0.0,18.0,0.0,1.0
债转股,0.0,6.0,0.0,1.0
责任感,0.0,3.0,0.0,1.0
难舍,3.0,0.0,1.0,0.0
3816,0.0,3.0,0.0,1.0
稳坐,0.0,3.0,0.0,1.0
操作,0.0,6.0,0.0,1.0
电式,0.0,3.0,0.0,1.0
三系,0.0,3.0,0.0,1.0
十多年,0.0,3.0,0.0,1.0
5000,0.0,3.0,0.0,1.0
相互,0.0,3.0,0.0,1.0
stcn,0.0,12.0,0.0,1.0
近年,0.0,6.0,0.0,1.0
车,0.0,57.0,0.0,1.0
首当其冲,0.0,3.0,0.0,1.0
社,0.0,3.0,0.0,1.0
债,0.0,3.0,0.0,1.0
掌握,0.0,3.0,0.0,1.0
sinaimg,0.0,9.0,0.0,1.0
警惕,3.0,0.0,1.0,0.0
跳,0.0,3.0,0.0,1.0
成果,0.0,6.0,0.0,1.0
14.7,0.0,3.0,0.0,1.0
主张,0.0,3.0,0.0,1.0
601238,0.0,117.0,0.0,1.0
旅游,0.0,15.0,0.0,1.0
六年,0.0,3.0,0.0,1.0
06,0.0,6.0,0.0,1.0
一倍,0.0,9.0,0.0,1.0
曙光,0.0,3.0,0.0,1.0
牌,0.0,3.0,0.0,1.0
逾,0.0,12.0,0.0,1.0
於,0.0,6.0,0.0,1.0
轮值,0.0,6.0,0.0,1.0
警示,3.0,0.0,1.0,0.0
电控,0.0,3.0,0.0,1.0
曾庆洪称,0.0,3.0,0.0,1.0
13.67,0.0,24.0,0.0,1.0
与此同时,0.0,9.0,0.0,1.0
一,0.0,21.0,0.0,1.0
公布,0.0,72.0,0.0,1.0
拟自,0.0,3.0,0.0,1.0
书店,3.0,0.0,1.0,0.0
周年,0.0,6.0,0.0,1.0
连州,0.0,3.0,0.0,1.0
发力,0.0,21.0,0.0,1.0
大会,0.0,45.0,0.0,1.0
双丰收,0.0,3.0,0.0,1.0
丰富,0.0,9.0,0.0,1.0
二是,0.0,3.0,0.0,1.0
共迎,0.0,3.0,0.0,1.0
更优越,0.0,3.0,0.0,1.0
智能化,0.0,24.0,0.0,1.0
全部,0.0,3.0,0.0,1.0
剑,0.0,9.0,0.0,1.0
约,0.0,84.0,0.0,1.0
减持,0.0,45.0,0.0,1.0
01288,0.0,3.0,0.0,1.0
创造者,0.0,3.0,0.0,1.0
散户,3.0,0.0,1.0,0.0
达,0.0,42.0,0.0,1.0
袁仲荣,0.0,6.0,0.0,1.0
呈现出,0.0,3.0,0.0,1.0
市值,0.0,42.0,0.0,1.0
成为,0.0,90.0,0.0,1.0
爱情,3.0,0.0,1.0,0.0
今飞凯,0.0,3.0,0.0,1.0
增,0.0,15.0,0.0,1.0
GA5,0.0,3.0,0.0,1.0
上年,0.0,6.0,0.0,1.0
30,0.0,48.0,0.0,1.0
00799,0.0,6.0,0.0,1.0
总工会,0.0,3.0,0.0,1.0
活跃,0.0,3.0,0.0,1.0
98,0.0,3.0,0.0,1.0
代表队,0.0,6.0,0.0,1.0
微宏,0.0,6.0,0.0,1.0
雏形,0.0,3.0,0.0,1.0
第四阶段,0.0,3.0,0.0,1.0
17.50,0.0,3.0,0.0,1.0
数据,0.0,51.0,0.0,1.0
共振,0.0,3.0,0.0,1.0
1090,0.0,3.0,0.0,1.0
东北,0.0,3.0,0.0,1.0
仪式,0.0,15.0,0.0,1.0
时时,3.0,0.0,1.0,0.0
高级,0.0,3.0,0.0,1.0
江西,0.0,3.0,0.0,1.0
认知,0.0,3.0,0.0,1.0
销售,0.0,72.0,0.0,1.0
之年,0.0,6.0,0.0,1.0
漫步,3.0,0.0,1.0,0.0
P77bbuiaeW77QKU00nsYJ3qXgXgXv1t4QHTacguAZlnPXf8cicGxIBXKPSiaXjahwn93SO1XxJFsmtFNuDTkGiao3w,0.0,3.0,0.0,1.0
b,0.0,12.0,0.0,1.0
名单,0.0,6.0,0.0,1.0
发布,0.0,90.0,0.0,1.0
一家独大,0.0,3.0,0.0,1.0
南京,0.0,12.0,0.0,1.0
洞察,0.0,3.0,0.0,1.0
fuNCnjicG81E2rGsTVMIcByiaIZN1xyBsGhEsEFmMgntK3vSlKveP53DY6vThG5Ujw,0.0,3.0,0.0,1.0
曝光,3.0,0.0,1.0,0.0
大,0.0,81.0,0.0,1.0
铁流,12.0,0.0,1.0,0.0
车企在,0.0,3.0,0.0,1.0
喜人,0.0,6.0,0.0,1.0
2de655b21962c935,0.0,3.0,0.0,1.0
目标价,0.0,18.0,0.0,1.0
ww,0.0,3.0,0.0,1.0
后市,0.0,3.0,0.0,1.0
能量,0.0,3.0,0.0,1.0
初步,0.0,3.0,0.0,1.0
28,0.0,6.0,0.0,1.0
排名,0.0,24.0,0.0,1.0
大车,0.0,6.0,0.0,1.0
迅猛,0.0,3.0,0.0,1.0
成本,0.0,12.0,0.0,1.0
brief,0.0,3.0,0.0,1.0
培养人才,0.0,3.0,0.0,1.0
锂离子,0.0,3.0,0.0,1.0
层面,0.0,9.0,0.0,1.0
推荐,0.0,24.0,0.0,1.0
双方,0.0,36.0,0.0,1.0
聚焦,0.0,15.0,0.0,1.0
上文,0.0,3.0,0.0,1.0
从近,0.0,3.0,0.0,1.0
六大,0.0,36.0,0.0,1.0
简单,0.0,3.0,0.0,1.0
机电,0.0,6.0,0.0,1.0
26283.62,0.0,3.0,0.0,1.0
融入,0.0,3.0,0.0,1.0
81150,0.0,3.0,0.0,1.0
有关,0.0,3.0,0.0,1.0
速度,0.0,12.0,0.0,1.0
海珠区,0.0,6.0,0.0,1.0
客户,0.0,12.0,0.0,1.0
SH,0.0,9.0,0.0,1.0
抢眼,0.0,3.0,0.0,1.0
新增,0.0,6.0,0.0,1.0
Value,0.0,3.0,0.0,1.0
两分钟,0.0,3.0,0.0,1.0
378.5,0.0,3.0,0.0,1.0
支撑,0.0,6.0,0.0,1.0
按计划,0.0,3.0,0.0,1.0
延展,0.0,3.0,0.0,1.0
被,9.0,9.0,0.5,0.5
慈善,0.0,6.0,0.0,1.0
生产,0.0,36.0,0.0,1.0
光宇,0.0,6.0,0.0,1.0
召开,0.0,9.0,0.0,1.0
上下游,0.0,3.0,0.0,1.0
中信证券,0.0,3.0,0.0,1.0
应该,0.0,3.0,0.0,1.0
态势,0.0,6.0,0.0,1.0
坐落,0.0,6.0,0.0,1.0
品牌战略,0.0,18.0,0.0,1.0
竞价,0.0,6.0,0.0,1.0
公,0.0,3.0,0.0,1.0
技术,0.0,69.0,0.0,1.0
迎合,0.0,6.0,0.0,1.0
客车,0.0,24.0,0.0,1.0
28.6,0.0,3.0,0.0,1.0
跻身,0.0,6.0,0.0,1.0
13.02,0.0,9.0,0.0,1.0
总结,0.0,21.0,0.0,1.0
氛围,0.0,3.0,0.0,1.0
佛山,0.0,3.0,0.0,1.0
各地,0.0,3.0,0.0,1.0
理想,0.0,6.0,0.0,1.0
展现,0.0,6.0,0.0,1.0
阿特金,0.0,3.0,0.0,1.0
可圈可点,0.0,3.0,0.0,1.0
06136,0.0,6.0,0.0,1.0
除了,0.0,6.0,0.0,1.0
共赢,0.0,3.0,0.0,1.0
比广汽,0.0,3.0,0.0,1.0
破万,0.0,3.0,0.0,1.0
营收劲,0.0,3.0,0.0,1.0
一季度,0.0,81.0,0.0,1.0
西部,0.0,3.0,0.0,1.0
资本,0.0,12.0,0.0,1.0
增幅,0.0,27.0,0.0,1.0
科威特,0.0,3.0,0.0,1.0
超越,0.0,6.0,0.0,1.0
接受,0.0,9.0,0.0,1.0
股东,0.0,27.0,0.0,1.0
16.55,0.0,12.0,0.0,1.0
亮眼,0.0,15.0,0.0,1.0
尽力,0.0,3.0,0.0,1.0
格局,0.0,18.0,0.0,1.0
H,0.0,24.0,0.0,1.0
较,0.0,9.0,0.0,1.0
中国证监会,3.0,0.0,1.0,0.0
菲亚特,0.0,9.0,0.0,1.0
PK,0.0,6.0,0.0,1.0
社会,0.0,15.0,0.0,1.0
企有,0.0,3.0,0.0,1.0
深港,0.0,6.0,0.0,1.0
CxgPbPn29LTmQ5AFwf17qVyiaaXnIFQ16vicicXI7,0.0,3.0,0.0,1.0
最多,0.0,3.0,0.0,1.0
系,0.0,9.0,0.0,1.0
&,0.0,48.0,0.0,1.0
2.227,0.0,3.0,0.0,1.0
472,0.0,3.0,0.0,1.0
到,0.0,108.0,0.0,1.0
换挡,0.0,3.0,0.0,1.0
开发,0.0,21.0,0.0,1.0
邓学,0.0,9.0,0.0,1.0
主,0.0,3.0,0.0,1.0
安凯,0.0,3.0,0.0,1.0
拥有,0.0,45.0,0.0,1.0
37.2,0.0,12.0,0.0,1.0
河边,6.0,0.0,1.0,0.0
估值,0.0,33.0,0.0,1.0
产品品质,0.0,3.0,0.0,1.0
010PictureProducter,0.0,9.0,0.0,1.0
受益,0.0,6.0,0.0,1.0
广汽将,0.0,3.0,0.0,1.0
一带,0.0,3.0,0.0,1.0
uploads,0.0,3.0,0.0,1.0
开放式,0.0,6.0,0.0,1.0
4.99,0.0,3.0,0.0,1.0
相比,0.0,6.0,0.0,1.0
旗舰级,0.0,3.0,0.0,1.0
几款,0.0,3.0,0.0,1.0
首家,0.0,21.0,0.0,1.0
历史,0.0,3.0,0.0,1.0
质量,0.0,5.0,0.0,1.0
小康,0.0,6.0,0.0,1.0
33,0.0,9.0,0.0,1.0
一体化,0.0,6.0,0.0,1.0
创造,0.0,12.0,0.0,1.0
中,0.0,45.0,0.0,1.0
日至,0.0,3.0,0.0,1.0
;,0.0,33.0,0.0,1.0
气,3.0,0.0,1.0,0.0
istocknews,0.0,2.0,0.0,1.0
影响,0.0,3.0,0.0,1.0
稍稍,0.0,3.0,0.0,1.0
华域,0.0,3.0,0.0,1.0
平均利润,0.0,6.0,0.0,1.0
证明,0.0,3.0,0.0,1.0
一大,0.0,3.0,0.0,1.0
持续,0.0,27.0,0.0,1.0
标本,0.0,3.0,0.0,1.0
并驾齐驱,0.0,3.0,0.0,1.0
国泰君安,0.0,3.0,0.0,1.0
体育比赛,0.0,9.0,0.0,1.0
交银,0.0,6.0,0.0,1.0
较晚,0.0,3.0,0.0,1.0
又,0.0,9.0,0.0,1.0
七沙涌,0.0,3.0,0.0,1.0
分别,0.0,72.0,0.0,1.0
里,0.0,3.0,0.0,1.0
商业化,0.0,3.0,0.0,1.0
暗藏杀机,3.0,0.0,1.0,0.0
一定,0.0,9.0,0.0,1.0
总,0.0,42.0,0.0,1.0
意向,0.0,3.0,0.0,1.0
image,0.0,3.0,0.0,1.0
金融服务,0.0,6.0,0.0,1.0
交易,0.0,12.0,0.0,1.0
快速,0.0,9.0,0.0,1.0
地产,0.0,3.0,0.0,1.0
万向,0.0,3.0,0.0,1.0
贡献度,0.0,3.0,0.0,1.0
项目,0.0,93.0,0.0,1.0
达到,0.0,39.0,0.0,1.0
联合,0.0,9.0,0.0,1.0
为准,0.0,3.0,0.0,1.0
topic,0.0,3.0,0.0,1.0
商品,0.0,9.0,0.0,1.0
有限公司,0.0,51.0,0.0,1.0
GS7,0.0,15.0,0.0,1.0
其实,0.0,6.0,0.0,1.0
特性,0.0,3.0,0.0,1.0
产品,0.0,87.0,0.0,1.0
万股,0.0,36.0,0.0,1.0
?,0.0,66.0,0.0,1.0
为,0.0,242.0,0.0,1.0
17.34,0.0,3.0,0.0,1.0
0.6,0.0,3.0,0.0,1.0
板块,0.0,36.0,0.0,1.0
年销,0.0,3.0,0.0,1.0
支柱,0.0,9.0,0.0,1.0
相关,0.0,24.0,0.0,1.0
紧锣密鼓,0.0,3.0,0.0,1.0
之力,0.0,12.0,0.0,1.0
GSE,0.0,3.0,0.0,1.0
res,0.0,9.0,0.0,1.0
配合,0.0,3.0,0.0,1.0
T4,0.0,3.0,0.0,1.0
小觑,0.0,3.0,0.0,1.0
很多,0.0,6.0,0.0,1.0
向,0.0,18.0,0.0,1.0
不能,0.0,3.0,0.0,1.0
ycwb,0.0,12.0,0.0,1.0
主题,0.0,3.0,0.0,1.0
38.29,0.0,27.0,0.0,1.0
关键,0.0,15.0,0.0,1.0
得以,0.0,3.0,0.0,1.0
33.1,0.0,6.0,0.0,1.0
利润率,0.0,3.0,0.0,1.0
38674744,0.0,6.0,0.0,1.0
165505,0.0,3.0,0.0,1.0
座,0.0,3.0,0.0,1.0
基本,0.0,3.0,0.0,1.0
164115,0.0,3.0,0.0,1.0
广东,0.0,12.0,0.0,1.0
跨越,0.0,6.0,0.0,1.0
资源优势,0.0,3.0,0.0,1.0
27,0.0,36.0,0.0,1.0
关系,0.0,18.0,0.0,1.0
援助,0.0,3.0,0.0,1.0
加速,0.0,3.0,0.0,1.0
成交额,0.0,6.0,0.0,1.0
体现,0.0,3.0,0.0,1.0
签约,0.0,12.0,0.0,1.0
有限责任,0.0,3.0,0.0,1.0
值得,0.0,3.0,0.0,1.0
4qEC4F1bQZYeWhttZpI5CBDYZU8tUibhwX3X2gntVib9ibZdYplNg,0.0,3.0,0.0,1.0
46,0.0,3.0,0.0,1.0
自,0.0,18.0,0.0,1.0
HULMt8QVKCBWIwiccgkxvNsoleX5AKPqoCGIJBElmbjWk3Qz92tfnibYtibml9YgribZBcqrHQt69CPv6VgNw6FqpA,0.0,3.0,0.0,1.0
如广汽,0.0,3.0,0.0,1.0
调高,0.0,3.0,0.0,1.0
3665,0.0,9.0,0.0,1.0
汽车集团,0.0,45.0,0.0,1.0
创祺迹,0.0,3.0,0.0,1.0
依托,0.0,12.0,0.0,1.0
预计,0.0,45.0,0.0,1.0
绿城,0.0,3.0,0.0,1.0
整个,0.0,3.0,0.0,1.0
销售收入,0.0,15.0,0.0,1.0
知名企业,0.0,3.0,0.0,1.0
1.37,0.0,3.0,0.0,1.0
371.9,0.0,3.0,0.0,1.0
主任,0.0,30.0,0.0,1.0
),0.0,237.0,0.0,1.0
营业,0.0,39.0,0.0,1.0
地区,0.0,6.0,0.0,1.0
仅仅,0.0,3.0,0.0,1.0
股份制,0.0,3.0,0.0,1.0
国家,0.0,24.0,0.0,1.0
右一,0.0,12.0,0.0,1.0
者,0.0,3.0,0.0,1.0
瑞声,0.0,3.0,0.0,1.0
87,0.0,3.0,0.0,1.0
jpg,0.0,60.0,0.0,1.0
现代,0.0,3.0,0.0,1.0
决心,0.0,6.0,0.0,1.0
升至,0.0,3.0,0.0,1.0
目前,0.0,39.0,0.0,1.0
66.44,0.0,12.0,0.0,1.0
董事,0.0,12.0,0.0,1.0
合作伙伴,0.0,33.0,0.0,1.0
以上,0.0,27.0,0.0,1.0
；,6.0,189.0,0.03076923076923077,0.9692307692307692
尤为,0.0,3.0,0.0,1.0
社稷,0.0,3.0,0.0,1.0
17,0.0,21.0,0.0,1.0
徐直军,0.0,6.0,0.0,1.0
顺利,0.0,9.0,0.0,1.0
23,0.0,3.0,0.0,1.0
四款,0.0,3.0,0.0,1.0
大大,0.0,9.0,0.0,1.0
2020,0.0,18.0,0.0,1.0
消费,0.0,12.0,0.0,1.0
改革,0.0,2.0,0.0,1.0
即将,0.0,3.0,0.0,1.0
家居,6.0,0.0,1.0,0.0
运力,0.0,3.0,0.0,1.0
亏损,0.0,6.0,0.0,1.0
解决方案,0.0,12.0,0.0,1.0
倍,0.0,36.0,0.0,1.0
比,0.0,18.0,0.0,1.0
来源,0.0,3.0,0.0,1.0
万美元,0.0,3.0,0.0,1.0
举行,0.0,24.0,0.0,1.0
1224.22,0.0,3.0,0.0,1.0
五,0.0,63.0,0.0,1.0
麦格纳,0.0,6.0,0.0,1.0
表现出色,0.0,3.0,0.0,1.0
最,0.0,15.0,0.0,1.0
顶尖,0.0,6.0,0.0,1.0
维达,0.0,3.0,0.0,1.0
拉升,0.0,3.0,0.0,1.0
至今,0.0,9.0,0.0,1.0
位列,0.0,6.0,0.0,1.0
很,3.0,18.0,0.14285714285714285,0.8571428571428571
常务,0.0,6.0,0.0,1.0
http,0.0,83.0,0.0,1.0
要求,0.0,9.0,0.0,1.0
暨,0.0,3.0,0.0,1.0
网,0.0,12.0,0.0,1.0
退一步说,0.0,3.0,0.0,1.0
受灾地区,0.0,3.0,0.0,1.0
披露,0.0,3.0,0.0,1.0
申万,6.0,0.0,1.0,0.0
增资,0.0,3.0,0.0,1.0
依,0.0,3.0,0.0,1.0
王炎学,0.0,9.0,0.0,1.0
地,0.0,30.0,0.0,1.0
助力,0.0,3.0,0.0,1.0
冯兴亚,0.0,44.0,0.0,1.0
 ,93.0,764.0,0.10851808634772463,0.8914819136522754
携,0.0,21.0,0.0,1.0
发现,0.0,9.0,0.0,1.0
领域,0.0,69.0,0.0,1.0
电池,0.0,6.0,0.0,1.0
169755,0.0,3.0,0.0,1.0
支持,0.0,9.0,0.0,1.0
海外,0.0,36.0,0.0,1.0
54,0.0,6.0,0.0,1.0
产品线,0.0,15.0,0.0,1.0
算,0.0,3.0,0.0,1.0
居,0.0,3.0,0.0,1.0
负债,0.0,3.0,0.0,1.0
一半,0.0,9.0,0.0,1.0
代表,0.0,6.0,0.0,1.0
永续,0.0,3.0,0.0,1.0
手持,3.0,0.0,1.0,0.0
报,0.0,18.0,0.0,1.0
5.3,0.0,6.0,0.0,1.0
功能,0.0,18.0,0.0,1.0
没多久,0.0,3.0,0.0,1.0
合同,0.0,3.0,0.0,1.0
继续,0.0,24.0,0.0,1.0
造区,0.0,6.0,0.0,1.0
十年,0.0,3.0,0.0,1.0
业内人士,0.0,3.0,0.0,1.0
人民,0.0,9.0,0.0,1.0
风光,0.0,3.0,0.0,1.0
猛攻,0.0,3.0,0.0,1.0
表达,0.0,3.0,0.0,1.0
国君,0.0,18.0,0.0,1.0
产能,0.0,36.0,0.0,1.0
股价,0.0,30.0,0.0,1.0
作为,0.0,36.0,0.0,1.0
捷报,0.0,3.0,0.0,1.0
下同,0.0,3.0,0.0,1.0
积极响应,0.0,6.0,0.0,1.0
竞争,0.0,3.0,0.0,1.0
截至,0.0,15.0,0.0,1.0
难以,0.0,3.0,0.0,1.0
32e8cc279ac8711d,0.0,3.0,0.0,1.0
万辆,0.0,339.0,0.0,1.0
百丽,0.0,15.0,0.0,1.0
11.7,0.0,3.0,0.0,1.0
扶贫,0.0,9.0,0.0,1.0
低碳,0.0,6.0,0.0,1.0
EnSpirit,0.0,12.0,0.0,1.0
14.82,0.0,3.0,0.0,1.0
《,0.0,87.0,0.0,1.0
卡洛斯,0.0,3.0,0.0,1.0
交流,0.0,12.0,0.0,1.0
担负起,0.0,6.0,0.0,1.0
加强,0.0,18.0,0.0,1.0
站,3.0,0.0,1.0,0.0
南华,0.0,3.0,0.0,1.0
面向,0.0,9.0,0.0,1.0
年报,0.0,3.0,0.0,1.0
Type,0.0,12.0,0.0,1.0
开展,0.0,24.0,0.0,1.0
跃升,0.0,3.0,0.0,1.0
其中,0.0,48.0,0.0,1.0
黑马,9.0,3.0,0.75,0.25
专项,0.0,3.0,0.0,1.0
发布会,0.0,15.0,0.0,1.0
将来,0.0,3.0,0.0,1.0
可能,0.0,6.0,0.0,1.0
第二,0.0,15.0,0.0,1.0
2017,3.0,251.0,0.011811023622047244,0.9881889763779528
重申,0.0,3.0,0.0,1.0
单车,0.0,12.0,0.0,1.0
升级,0.0,105.0,0.0,1.0
南美,0.0,3.0,0.0,1.0
长,0.0,6.0,0.0,1.0
了解,0.0,21.0,0.0,1.0
是不是,0.0,3.0,0.0,1.0
形势,0.0,6.0,0.0,1.0
发稿,0.0,12.0,0.0,1.0
01108,0.0,3.0,0.0,1.0
nfdaily,0.0,3.0,0.0,1.0
按照,0.0,6.0,0.0,1.0
新疆,0.0,6.0,0.0,1.0
6c2c3666738c4f2,0.0,3.0,0.0,1.0
9GKFqAHnTG4Z5Mw4Aph2anxps5Q0QFBWEmk7dAZQ16TzD0uyEv0InssJ842WU09STfLicUtCm7uuLqyxlw,0.0,3.0,0.0,1.0
一些,0.0,3.0,0.0,1.0
建广汽,0.0,3.0,0.0,1.0
对决,0.0,6.0,0.0,1.0
晚间,0.0,11.0,0.0,1.0
02238,0.0,141.0,0.0,1.0
涨停,6.0,0.0,1.0,0.0
偏离,0.0,6.0,0.0,1.0
国资委,0.0,6.0,0.0,1.0
过,0.0,3.0,0.0,1.0
值得注意,0.0,3.0,0.0,1.0
副,0.0,33.0,0.0,1.0
A0,0.0,3.0,0.0,1.0
配置,0.0,6.0,0.0,1.0
用心,0.0,3.0,0.0,1.0
全年,0.0,15.0,0.0,1.0
一致,0.0,3.0,0.0,1.0
资源,0.0,30.0,0.0,1.0
最高,0.0,3.0,0.0,1.0
展开,0.0,6.0,0.0,1.0
e,0.0,6.0,0.0,1.0
既,0.0,6.0,0.0,1.0
要,0.0,6.0,0.0,1.0
序幕,0.0,3.0,0.0,1.0
新能源,0.0,306.0,0.0,1.0
万吨,0.0,3.0,0.0,1.0
IN,0.0,3.0,0.0,1.0
配套,0.0,3.0,0.0,1.0
跌幅,0.0,12.0,0.0,1.0
广州地区,0.0,3.0,0.0,1.0
■,0.0,6.0,0.0,1.0
01333,0.0,3.0,0.0,1.0
混,0.0,6.0,0.0,1.0
第三,0.0,9.0,0.0,1.0
B01,0.0,3.0,0.0,1.0
16,0.0,9.0,0.0,1.0
三成,0.0,3.0,0.0,1.0
还,0.0,30.0,0.0,1.0
每天,0.0,3.0,0.0,1.0
aspx,0.0,12.0,0.0,1.0
车运输,0.0,3.0,0.0,1.0
内生,0.0,3.0,0.0,1.0
目标,0.0,57.0,0.0,1.0
靠,0.0,3.0,0.0,1.0
并,0.0,66.0,0.0,1.0
联网,0.0,24.0,0.0,1.0
香港,0.0,3.0,0.0,1.0
1.59,0.0,3.0,0.0,1.0
目标值,0.0,3.0,0.0,1.0
电动汽车,0.0,3.0,0.0,1.0
19,0.0,12.0,0.0,1.0
职责,0.0,2.0,0.0,1.0
|,0.0,27.0,0.0,1.0
深究,0.0,3.0,0.0,1.0
姜微,0.0,3.0,0.0,1.0
户,0.0,3.0,0.0,1.0
汽车品牌,0.0,18.0,0.0,1.0
次,0.0,18.0,0.0,1.0
完美,0.0,9.0,0.0,1.0
下,0.0,21.0,0.0,1.0
迈出,0.0,6.0,0.0,1.0
大增,0.0,15.0,0.0,1.0
研发,0.0,132.0,0.0,1.0
指出,0.0,12.0,0.0,1.0
右二,0.0,9.0,0.0,1.0
38.3,0.0,18.0,0.0,1.0
变,0.0,3.0,0.0,1.0
受到,0.0,3.0,0.0,1.0
广东省,0.0,9.0,0.0,1.0
股数,0.0,3.0,0.0,1.0
深得,0.0,3.0,0.0,1.0
165.96,0.0,3.0,0.0,1.0
亮相,0.0,3.0,0.0,1.0
售后服务,0.0,3.0,0.0,1.0
大唐,0.0,3.0,0.0,1.0
高,0.0,36.0,0.0,1.0
水平,0.0,12.0,0.0,1.0
净流入,0.0,9.0,0.0,1.0
结合,0.0,9.0,0.0,1.0
353451,0.0,3.0,0.0,1.0
1.7,0.0,9.0,0.0,1.0
使得,0.0,3.0,0.0,1.0
831,0.0,3.0,0.0,1.0
中铁,0.0,9.0,0.0,1.0
运行,0.0,3.0,0.0,1.0
hexun,0.0,2.0,0.0,1.0
肯定,0.0,3.0,0.0,1.0
国,0.0,3.0,0.0,1.0
来得,0.0,6.0,0.0,1.0
业内,0.0,3.0,0.0,1.0
此举,0.0,6.0,0.0,1.0
人才,0.0,36.0,0.0,1.0
收官,0.0,3.0,0.0,1.0
湖州,0.0,3.0,0.0,1.0
万分,0.0,3.0,0.0,1.0
4.96,0.0,3.0,0.0,1.0
母公司,0.0,6.0,0.0,1.0
正如,0.0,3.0,0.0,1.0
创业,0.0,18.0,0.0,1.0
1bt5,0.0,3.0,0.0,1.0
纳入,0.0,3.0,0.0,1.0
一家,0.0,9.0,0.0,1.0
五一,0.0,12.0,0.0,1.0
近期,0.0,3.0,0.0,1.0
不足,0.0,6.0,0.0,1.0
05,0.0,42.0,0.0,1.0
降低,0.0,6.0,0.0,1.0
推出,0.0,18.0,0.0,1.0
窗口,0.0,6.0,0.0,1.0
已经,0.0,12.0,0.0,1.0
突围,0.0,6.0,0.0,1.0
买入,0.0,27.0,0.0,1.0
停车场,0.0,3.0,0.0,1.0
厚植,0.0,3.0,0.0,1.0
转,0.0,3.0,0.0,1.0
动力,0.0,45.0,0.0,1.0
华丽,0.0,3.0,0.0,1.0
反转,0.0,6.0,0.0,1.0
北京,0.0,9.0,0.0,1.0
启动,0.0,15.0,0.0,1.0
惠州,0.0,3.0,0.0,1.0
共同,0.0,9.0,0.0,1.0
好,0.0,15.0,0.0,1.0
如需,0.0,3.0,0.0,1.0
讴歌,0.0,9.0,0.0,1.0
培训,0.0,3.0,0.0,1.0
37,0.0,3.0,0.0,1.0
电子电器,0.0,3.0,0.0,1.0
继,0.0,15.0,0.0,1.0
8.2,0.0,3.0,0.0,1.0
标明,0.0,3.0,0.0,1.0
绩,0.0,3.0,0.0,1.0
202,0.0,6.0,0.0,1.0
万宇,0.0,3.0,0.0,1.0
组合,0.0,3.0,0.0,1.0
产城,0.0,3.0,0.0,1.0
加剧,0.0,6.0,0.0,1.0
讯,0.0,38.0,0.0,1.0
过去,3.0,3.0,0.5,0.5
天线,0.0,3.0,0.0,1.0
66,0.0,3.0,0.0,1.0
阵容,0.0,3.0,0.0,1.0
缺货,0.0,3.0,0.0,1.0
具有,0.0,15.0,0.0,1.0
比如,0.0,6.0,0.0,1.0
释放,0.0,3.0,0.0,1.0
方式,0.0,9.0,0.0,1.0
结论,0.0,3.0,0.0,1.0
带动,0.0,33.0,0.0,1.0
168.78,0.0,3.0,0.0,1.0
女士,0.0,3.0,0.0,1.0
下滑,0.0,15.0,0.0,1.0
冯兴亚及,0.0,3.0,0.0,1.0
职能,0.0,6.0,0.0,1.0
四季度,0.0,3.0,0.0,1.0
匠于,0.0,24.0,0.0,1.0
无线电,0.0,3.0,0.0,1.0
实现,0.0,192.0,0.0,1.0
新闻,0.0,9.0,0.0,1.0
2009,0.0,3.0,0.0,1.0
爱护,0.0,3.0,0.0,1.0
107,0.0,6.0,0.0,1.0
21,0.0,18.0,0.0,1.0
捐赠,0.0,9.0,0.0,1.0
(,0.0,234.0,0.0,1.0
对于,0.0,6.0,0.0,1.0
总投资额,0.0,18.0,0.0,1.0
利好,3.0,3.0,0.5,0.5
79.24,0.0,6.0,0.0,1.0
4938,0.0,3.0,0.0,1.0
好看,0.0,3.0,0.0,1.0
咨询服务,0.0,9.0,0.0,1.0
第五位,0.0,3.0,0.0,1.0
不容,0.0,3.0,0.0,1.0
攀升,0.0,3.0,0.0,1.0
现象,0.0,3.0,0.0,1.0
接过,0.0,3.0,0.0,1.0
net,0.0,3.0,0.0,1.0
再度,0.0,12.0,0.0,1.0
dEoO9rcE1Nz6ibRgy95VgNL3tKEhMibbax5f9iaXkUUugiaQGIrAX8RoBZ9CYntlduSgnNAqeic5OqhaHia4752muZQg,0.0,3.0,0.0,1.0
跃居,0.0,6.0,0.0,1.0
纯电,0.0,3.0,0.0,1.0
zhangjie7524,0.0,3.0,0.0,1.0
研究,0.0,12.0,0.0,1.0
112.18,0.0,6.0,0.0,1.0
平均水平,0.0,3.0,0.0,1.0
3.14,0.0,3.0,0.0,1.0
轿车,0.0,21.0,0.0,1.0
急,0.0,3.0,0.0,1.0
保证,0.0,3.0,0.0,1.0
57,0.0,6.0,0.0,1.0
空调,12.0,0.0,1.0,0.0
三大,0.0,21.0,0.0,1.0
6,0.0,162.0,0.0,1.0
加快,0.0,12.0,0.0,1.0
微,0.0,5.0,0.0,1.0
具备,0.0,6.0,0.0,1.0
架构,0.0,3.0,0.0,1.0
棕榈,3.0,0.0,1.0,0.0
6.4,0.0,3.0,0.0,1.0
后移,0.0,3.0,0.0,1.0
中证网,0.0,3.0,0.0,1.0
全面实现,0.0,9.0,0.0,1.0
现场,0.0,18.0,0.0,1.0
应,0.0,9.0,0.0,1.0
瓶颈,0.0,3.0,0.0,1.0
营业额,0.0,3.0,0.0,1.0
升势,0.0,3.0,0.0,1.0
杭州,0.0,3.0,0.0,1.0
承诺,0.0,3.0,0.0,1.0
融资,0.0,18.0,0.0,1.0
天风,0.0,3.0,0.0,1.0
发布公告,0.0,42.0,0.0,1.0
新车,0.0,6.0,0.0,1.0
之前,0.0,3.0,0.0,1.0
00175,0.0,3.0,0.0,1.0
6.87,0.0,6.0,0.0,1.0
均,0.0,15.0,0.0,1.0
市场占有率,0.0,6.0,0.0,1.0
成功,0.0,18.0,0.0,1.0
A,0.0,21.0,0.0,1.0
高端,0.0,24.0,0.0,1.0
后果自负,3.0,0.0,1.0,0.0
美股,0.0,3.0,0.0,1.0
跨界,0.0,3.0,0.0,1.0
道,0.0,3.0,0.0,1.0
落户,0.0,45.0,0.0,1.0
影响力,0.0,12.0,0.0,1.0
五大,0.0,9.0,0.0,1.0
搭建,0.0,6.0,0.0,1.0
作用,0.0,9.0,0.0,1.0
成绩,0.0,3.0,0.0,1.0
匠心,0.0,21.0,0.0,1.0
提供,0.0,42.0,0.0,1.0
董监,0.0,3.0,0.0,1.0
零部件,0.0,36.0,0.0,1.0
有数,0.0,3.0,0.0,1.0
一路,0.0,3.0,0.0,1.0
67,0.0,3.0,0.0,1.0
跨平台,0.0,3.0,0.0,1.0
能力,0.0,12.0,0.0,1.0
财经,0.0,33.0,0.0,1.0
激发,0.0,3.0,0.0,1.0
仅,0.0,9.0,0.0,1.0
articles,0.0,3.0,0.0,1.0
显现,0.0,3.0,0.0,1.0
广州日报,0.0,3.0,0.0,1.0
斥,0.0,3.0,0.0,1.0
湖南,0.0,6.0,0.0,1.0
汽车,0.0,624.0,0.0,1.0
设备,0.0,18.0,0.0,1.0
番禺,0.0,3.0,0.0,1.0
浙江,0.0,6.0,0.0,1.0
强有力,0.0,9.0,0.0,1.0
兴化,12.0,0.0,1.0,0.0
非银,0.0,3.0,0.0,1.0
提出,0.0,30.0,0.0,1.0
完善,0.0,8.0,0.0,1.0
才,0.0,3.0,0.0,1.0
智,0.0,21.0,0.0,1.0
两廊,0.0,6.0,0.0,1.0
进军,0.0,9.0,0.0,1.0
曾庆洪,0.0,81.0,0.0,1.0
唯一,0.0,12.0,0.0,1.0
2010,0.0,9.0,0.0,1.0
灵活性,0.0,3.0,0.0,1.0
K,0.0,12.0,0.0,1.0
稳固,0.0,9.0,0.0,1.0
燃油,0.0,9.0,0.0,1.0
显著,0.0,9.0,0.0,1.0
wx,0.0,54.0,0.0,1.0
居前,0.0,27.0,0.0,1.0
稳健,0.0,9.0,0.0,1.0
d,0.0,9.0,0.0,1.0
明确,0.0,6.0,0.0,1.0
推介,0.0,3.0,0.0,1.0
机会,0.0,12.0,0.0,1.0
强调,0.0,3.0,0.0,1.0
通占,0.0,3.0,0.0,1.0
总经理,0.0,78.0,0.0,1.0
月底,0.0,6.0,0.0,1.0
稳步,0.0,3.0,0.0,1.0
理念,0.0,6.0,0.0,1.0
ycwba020901c2,0.0,3.0,0.0,1.0
变革,0.0,9.0,0.0,1.0
房地产,0.0,3.0,0.0,1.0
13.12,0.0,3.0,0.0,1.0
突出,0.0,12.0,0.0,1.0
Index,0.0,12.0,0.0,1.0
突出表现,0.0,3.0,0.0,1.0
因,0.0,18.0,0.0,1.0
02018,0.0,6.0,0.0,1.0
公司,0.0,177.0,0.0,1.0
会后,0.0,3.0,0.0,1.0
规划,0.0,57.0,0.0,1.0
运营官,0.0,6.0,0.0,1.0
2015,0.0,9.0,0.0,1.0
氢气,0.0,6.0,0.0,1.0
24.5,0.0,3.0,0.0,1.0
融合,0.0,6.0,0.0,1.0
港币,0.0,6.0,0.0,1.0
始终保持,0.0,3.0,0.0,1.0
亿,0.0,21.0,0.0,1.0
时间,0.0,9.0,0.0,1.0
克莱斯勒,0.0,6.0,0.0,1.0
方面,0.0,99.0,0.0,1.0
三个,0.0,6.0,0.0,1.0
更好,0.0,3.0,0.0,1.0
04Z41Q,0.0,3.0,0.0,1.0
15.83,0.0,6.0,0.0,1.0
羽毛球,0.0,3.0,0.0,1.0
100Km,0.0,3.0,0.0,1.0
经营,0.0,3.0,0.0,1.0
90,0.0,3.0,0.0,1.0
上演,0.0,3.0,0.0,1.0
双增长,0.0,3.0,0.0,1.0
·,0.0,30.0,0.0,1.0
更加,0.0,15.0,0.0,1.0
开放,0.0,24.0,0.0,1.0
飞走,0.0,3.0,0.0,1.0
产品类别,0.0,3.0,0.0,1.0
转载,0.0,3.0,0.0,1.0
A18,0.0,9.0,0.0,1.0
实习,0.0,3.0,0.0,1.0
社从,0.0,3.0,0.0,1.0
行业,0.0,36.0,0.0,1.0
千载难逢,0.0,3.0,0.0,1.0
入围,0.0,9.0,0.0,1.0
第三位,0.0,3.0,0.0,1.0
20,0.0,60.0,0.0,1.0
日前,0.0,9.0,0.0,1.0
明星,0.0,3.0,0.0,1.0
重汽,0.0,3.0,0.0,1.0
一是,0.0,3.0,0.0,1.0
改善,0.0,6.0,0.0,1.0
乒乓球,0.0,3.0,0.0,1.0
蛋糕,0.0,3.0,0.0,1.0
别样,0.0,3.0,0.0,1.0
构建,0.0,9.0,0.0,1.0
1362.83,0.0,6.0,0.0,1.0
个,0.0,75.0,0.0,1.0
当属,0.0,3.0,0.0,1.0
独占鳌头,0.0,3.0,0.0,1.0
10.4,0.0,6.0,0.0,1.0
发车,0.0,6.0,0.0,1.0
人机对话,0.0,3.0,0.0,1.0
孵化,0.0,6.0,0.0,1.0
集团,19.0,1792.0,0.010491441192711209,0.9895085588072888
引领者,0.0,3.0,0.0,1.0
一汽集团,0.0,3.0,0.0,1.0
腾跃,0.0,3.0,0.0,1.0
讲,0.0,3.0,0.0,1.0
董事长,0.0,108.0,0.0,1.0
多,0.0,9.0,0.0,1.0
电子,0.0,30.0,0.0,1.0
4.8,0.0,3.0,0.0,1.0
pngdata,0.0,3.0,0.0,1.0
新城,0.0,9.0,0.0,1.0
部件,0.0,3.0,0.0,1.0
缅甸,0.0,3.0,0.0,1.0
广州,0.0,75.0,0.0,1.0
专注,0.0,6.0,0.0,1.0
00607,0.0,6.0,0.0,1.0
郑杰,0.0,3.0,0.0,1.0
路企,0.0,3.0,0.0,1.0
一台,0.0,3.0,0.0,1.0
上周,0.0,6.0,0.0,1.0
2800,0.0,6.0,0.0,1.0
卓越,0.0,12.0,0.0,1.0
达成,0.0,18.0,0.0,1.0
月销,0.0,6.0,0.0,1.0
强势,0.0,3.0,0.0,1.0
之后,0.0,9.0,0.0,1.0
-,6.0,139.0,0.041379310344827586,0.9586206896551724
强化,0.0,8.0,0.0,1.0
着力,0.0,3.0,0.0,1.0
机器人,0.0,3.0,0.0,1.0
个股,3.0,21.0,0.125,0.875
CIO360,0.0,3.0,0.0,1.0
单一,0.0,21.0,0.0,1.0
第一个,0.0,3.0,0.0,1.0
指定,0.0,6.0,0.0,1.0
产销量,0.0,15.0,0.0,1.0
38.11,0.0,3.0,0.0,1.0
证券网,0.0,6.0,0.0,1.0
开创,0.0,9.0,0.0,1.0
双翼,0.0,6.0,0.0,1.0
姐心,0.0,3.0,0.0,1.0
技术储备,0.0,6.0,0.0,1.0
动感,0.0,3.0,0.0,1.0
%,0.0,504.0,0.0,1.0
欲造,0.0,3.0,0.0,1.0
诠释,0.0,6.0,0.0,1.0
特货,0.0,9.0,0.0,1.0
在于,0.0,3.0,0.0,1.0
以来,0.0,3.0,0.0,1.0
分公司,0.0,3.0,0.0,1.0
占去,0.0,3.0,0.0,1.0
144.65,0.0,3.0,0.0,1.0
日以,0.0,3.0,0.0,1.0
供货,0.0,3.0,0.0,1.0
高管,0.0,6.0,0.0,1.0
万台,0.0,12.0,0.0,1.0
临近,0.0,3.0,0.0,1.0
据,0.0,21.0,0.0,1.0
乘以,0.0,3.0,0.0,1.0
多功能,0.0,9.0,0.0,1.0
广摩,0.0,3.0,0.0,1.0
突破,0.0,60.0,0.0,1.0
第,0.0,33.0,0.0,1.0
cn,0.0,63.0,0.0,1.0
n,0.0,9.0,0.0,1.0
合资,0.0,93.0,0.0,1.0
钟宇源,0.0,3.0,0.0,1.0
国产,0.0,3.0,0.0,1.0
任务,0.0,6.0,0.0,1.0
27.7,0.0,12.0,0.0,1.0
能源动力,0.0,6.0,0.0,1.0
排名第,0.0,9.0,0.0,1.0
郁俊,0.0,39.0,0.0,1.0
finance,0.0,9.0,0.0,1.0
生產及,0.0,3.0,0.0,1.0
点评,0.0,30.0,0.0,1.0
汽,0.0,3.0,0.0,1.0
可转,0.0,6.0,0.0,1.0
三度,0.0,3.0,0.0,1.0
01958,0.0,6.0,0.0,1.0
背后,0.0,3.0,0.0,1.0
抗洪救灾,0.0,3.0,0.0,1.0
合作,0.0,171.0,0.0,1.0
协同,0.0,12.0,0.0,1.0
期内,0.0,9.0,0.0,1.0
每日,0.0,9.0,0.0,1.0
12.2,0.0,3.0,0.0,1.0
982,0.0,3.0,0.0,1.0
探索,0.0,3.0,0.0,1.0
图,0.0,3.0,0.0,1.0
G,0.0,3.0,0.0,1.0
