日,6.0,42.0,0.125,0.875
4a592d80,0.0,3.0,0.0,1.0
华帝,0.0,12.0,0.0,1.0
之,3.0,6.0,0.3333333333333333,0.6666666666666666
…,6.0,6.0,0.5,0.5
至,0.0,9.0,0.0,1.0
电建,0.0,3.0,0.0,1.0
Ａ,0.0,3.0,0.0,1.0
AWE,0.0,3.0,0.0,1.0
700,0.0,3.0,0.0,1.0
针对性,0.0,3.0,0.0,1.0
而今,0.0,9.0,0.0,1.0
90,0.0,3.0,0.0,1.0
怒刷,0.0,3.0,0.0,1.0
涂层,0.0,3.0,0.0,1.0
回归,0.0,3.0,0.0,1.0
优芙得,3.0,0.0,1.0,0.0
同比,0.0,48.0,0.0,1.0
领导,3.0,0.0,1.0,0.0
专场,0.0,3.0,0.0,1.0
1499657411348342,0.0,3.0,0.0,1.0
不在话下,3.0,0.0,1.0,0.0
客,0.0,3.0,0.0,1.0
广大,0.0,3.0,0.0,1.0
独家,0.0,3.0,0.0,1.0
此次,0.0,6.0,0.0,1.0
中国,9.0,30.0,0.23076923076923078,0.7692307692307693
竞技,0.0,3.0,0.0,1.0
领队,3.0,0.0,1.0,0.0
1.18,0.0,3.0,0.0,1.0
下属,0.0,3.0,0.0,1.0
:,0.0,24.0,0.0,1.0
持股,0.0,6.0,0.0,1.0
扫货,0.0,3.0,0.0,1.0
2013,0.0,3.0,0.0,1.0
正蓝旗,3.0,0.0,1.0,0.0
认可,0.0,15.0,0.0,1.0
口子,0.0,6.0,0.0,1.0
杰耶夫,6.0,0.0,1.0,0.0
继续,0.0,30.0,0.0,1.0
届时,6.0,0.0,1.0,0.0
推,0.0,3.0,0.0,1.0
增幅,0.0,9.0,0.0,1.0
2481.79,0.0,3.0,0.0,1.0
空白,0.0,3.0,0.0,1.0
一行,0.0,3.0,0.0,1.0
官方,0.0,3.0,0.0,1.0
成,0.0,3.0,0.0,1.0
增持,0.0,6.0,0.0,1.0
960.08,0.0,3.0,0.0,1.0
双,0.0,12.0,0.0,1.0
600837,0.0,3.0,0.0,1.0
梳理,0.0,3.0,0.0,1.0
0.82,0.0,3.0,0.0,1.0
厨电,0.0,9.0,0.0,1.0
10,3.0,15.0,0.16666666666666666,0.8333333333333334
品牌形象,0.0,3.0,0.0,1.0
少年心,0.0,3.0,0.0,1.0
股份,0.0,36.0,0.0,1.0
总经办,3.0,0.0,1.0,0.0
2247,0.0,3.0,0.0,1.0
亿元,0.0,60.0,0.0,1.0
跑,0.0,6.0,0.0,1.0
出,0.0,6.0,0.0,1.0
层,0.0,3.0,0.0,1.0
颁发,0.0,3.0,0.0,1.0
呼应,0.0,3.0,0.0,1.0
任邦珍,3.0,0.0,1.0,0.0
健,3.0,0.0,1.0,0.0
来自,0.0,3.0,0.0,1.0
苏泊尔,0.0,15.0,0.0,1.0
获,0.0,6.0,0.0,1.0
单季,0.0,3.0,0.0,1.0
建成,3.0,0.0,1.0,0.0
插入,3.0,0.0,1.0,0.0
走高,0.0,9.0,0.0,1.0
刷,0.0,6.0,0.0,1.0
逆势上涨,0.0,3.0,0.0,1.0
飘红,0.0,6.0,0.0,1.0
33.98,0.0,3.0,0.0,1.0
芭蕾舞,3.0,0.0,1.0,0.0
夸张,3.0,0.0,1.0,0.0
较,0.0,24.0,0.0,1.0
滚筒,0.0,36.0,0.0,1.0
湖滨,3.0,0.0,1.0,0.0
水源,0.0,6.0,0.0,1.0
格力电器,0.0,27.0,0.0,1.0
见面会,12.0,0.0,1.0,0.0
期间,0.0,9.0,0.0,1.0
png,0.0,15.0,0.0,1.0
hqpick,0.0,6.0,0.0,1.0
7,12.0,21.0,0.36363636363636365,0.6363636363636364
优势,0.0,3.0,0.0,1.0
还是,3.0,3.0,0.5,0.5
艺术化,0.0,3.0,0.0,1.0
还有,0.0,3.0,0.0,1.0
】,0.0,5.0,0.0,1.0
活动,0.0,3.0,0.0,1.0
绿捷,3.0,0.0,1.0,0.0
深,0.0,9.0,0.0,1.0
105.7,0.0,12.0,0.0,1.0
增速,0.0,9.0,0.0,1.0
0a02,0.0,3.0,0.0,1.0
发力,0.0,3.0,0.0,1.0
发展,3.0,0.0,1.0,0.0
成立,0.0,3.0,0.0,1.0
从,0.0,15.0,0.0,1.0
50,0.0,6.0,0.0,1.0
调节,0.0,3.0,0.0,1.0
=,0.0,21.0,0.0,1.0
两大至,0.0,3.0,0.0,1.0
兼修,0.0,3.0,0.0,1.0
式,0.0,6.0,0.0,1.0
大家庭,3.0,0.0,1.0,0.0
新高,0.0,6.0,0.0,1.0
4000,0.0,3.0,0.0,1.0
出手,0.0,3.0,0.0,1.0
其次,0.0,3.0,0.0,1.0
涨幅,0.0,33.0,0.0,1.0
资金,0.0,15.0,0.0,1.0
消息,0.0,3.0,0.0,1.0
撩,0.0,3.0,0.0,1.0
生态,0.0,6.0,0.0,1.0
研究院,0.0,6.0,0.0,1.0
都,6.0,12.0,0.3333333333333333,0.6666666666666666
跌近,0.0,3.0,0.0,1.0
证书,0.0,9.0,0.0,1.0
近,0.0,6.0,0.0,1.0
应,3.0,0.0,1.0,0.0
贾德,0.0,3.0,0.0,1.0
科龙,0.0,3.0,0.0,1.0
互动,0.0,12.0,0.0,1.0
营销,0.0,6.0,0.0,1.0
中快,3.0,0.0,1.0,0.0
加仓,0.0,3.0,0.0,1.0
花,0.0,3.0,0.0,1.0
监管,0.0,3.0,0.0,1.0
创出,0.0,3.0,0.0,1.0
压缩,0.0,3.0,0.0,1.0
价格,0.0,9.0,0.0,1.0
协信,3.0,0.0,1.0,0.0
一批,0.0,3.0,0.0,1.0
超过,0.0,9.0,0.0,1.0
需求,0.0,6.0,0.0,1.0
数一数二,0.0,3.0,0.0,1.0
超,0.0,12.0,0.0,1.0
点赞,0.0,3.0,0.0,1.0
苑,6.0,0.0,1.0,0.0
1.10,0.0,3.0,0.0,1.0
止步,0.0,3.0,0.0,1.0
周岁,3.0,0.0,1.0,0.0
文锦,3.0,0.0,1.0,0.0
起飞,0.0,3.0,0.0,1.0
英雄,0.0,3.0,0.0,1.0
希尔顿,3.0,0.0,1.0,0.0
2799,0.0,3.0,0.0,1.0
特鲁姆,0.0,3.0,0.0,1.0
勤勤恳恳,3.0,0.0,1.0,0.0
强,0.0,3.0,0.0,1.0
特别,1.0,3.0,0.25,0.75
专为,0.0,3.0,0.0,1.0
增长,0.0,75.0,0.0,1.0
借此,0.0,3.0,0.0,1.0
洗涤,0.0,9.0,0.0,1.0
明星,0.0,3.0,0.0,1.0
南门,3.0,0.0,1.0,0.0
展厅,0.0,12.0,0.0,1.0
海底,3.0,0.0,1.0,0.0
婆婆,3.0,0.0,1.0,0.0
外销,0.0,6.0,0.0,1.0
天鹅湖,6.0,0.0,1.0,0.0
状态,0.0,6.0,0.0,1.0
过敏,0.0,12.0,0.0,1.0
img04,0.0,3.0,0.0,1.0
变频,0.0,9.0,0.0,1.0
26.6,0.0,3.0,0.0,1.0
门圈,0.0,3.0,0.0,1.0
7.3,0.0,27.0,0.0,1.0
人气,0.0,3.0,0.0,1.0
调性,0.0,3.0,0.0,1.0
部分,3.0,0.0,1.0,0.0
世界杯,0.0,21.0,0.0,1.0
为期,3.0,0.0,1.0,0.0
马,6.0,0.0,1.0,0.0
》,15.0,0.0,1.0,0.0
出没,0.0,3.0,0.0,1.0
现有,3.0,0.0,1.0,0.0
通,6.0,0.0,1.0,0.0
好感度,0.0,3.0,0.0,1.0
接下来,3.0,0.0,1.0,0.0
会,3.0,9.0,0.25,0.75
拥有,0.0,9.0,0.0,1.0
推动,0.0,3.0,0.0,1.0
设有,3.0,0.0,1.0,0.0
惊喜,0.0,3.0,0.0,1.0
舔,0.0,3.0,0.0,1.0
认证,0.0,15.0,0.0,1.0
imgcdc,0.0,3.0,0.0,1.0
cheari,0.0,9.0,0.0,1.0
外资,0.0,9.0,0.0,1.0
5,0.0,24.0,0.0,1.0
基本面,0.0,9.0,0.0,1.0
高度,0.0,3.0,0.0,1.0
中心,3.0,0.0,1.0,0.0
造型,0.0,3.0,0.0,1.0
由,3.0,12.0,0.2,0.8
作,3.0,0.0,1.0,0.0
6.99,0.0,3.0,0.0,1.0
尖叫,0.0,3.0,0.0,1.0
69,6.0,0.0,1.0,0.0
合影,0.0,6.0,0.0,1.0
外,0.0,3.0,0.0,1.0
0.22,0.0,3.0,0.0,1.0
22,0.0,3.0,0.0,1.0
人,6.0,3.0,0.6666666666666666,0.3333333333333333
高端化,0.0,6.0,0.0,1.0
此,0.0,3.0,0.0,1.0
均,0.0,21.0,0.0,1.0
20170704,0.0,6.0,0.0,1.0
收益,0.0,9.0,0.0,1.0
变小,0.0,3.0,0.0,1.0
宏源,0.0,3.0,0.0,1.0
每股,0.0,6.0,0.0,1.0
陈子仪,0.0,2.0,0.0,1.0
解决,0.0,3.0,0.0,1.0
偶然,0.0,3.0,0.0,1.0
持续增长,0.0,3.0,0.0,1.0
医院,3.0,0.0,1.0,0.0
栋,3.0,0.0,1.0,0.0
开课,3.0,0.0,1.0,0.0
翻红,0.0,3.0,0.0,1.0
意愿,0.0,3.0,0.0,1.0
佳永,0.0,6.0,0.0,1.0
事件,0.0,15.0,0.0,1.0
食品,0.0,6.0,0.0,1.0
提高,0.0,6.0,0.0,1.0
电气,0.0,3.0,0.0,1.0
全球,0.0,9.0,0.0,1.0
在内,0.0,3.0,0.0,1.0
毛利,0.0,3.0,0.0,1.0
+,0.0,66.0,0.0,1.0
拘役,3.0,0.0,1.0,0.0
转发,0.0,3.0,0.0,1.0
内销,0.0,3.0,0.0,1.0
使用寿命,0.0,3.0,0.0,1.0
明显,0.0,3.0,0.0,1.0
选手,0.0,21.0,0.0,1.0
依然,0.0,6.0,0.0,1.0
西路,3.0,0.0,1.0,0.0
过敏原,0.0,12.0,0.0,1.0
2016,6.0,33.0,0.15384615384615385,0.8461538461538461
6.33,0.0,3.0,0.0,1.0
分,0.0,3.0,0.0,1.0
公开,3.0,3.0,0.5,0.5
日后,3.0,0.0,1.0,0.0
854,0.0,3.0,0.0,1.0
考虑,0.0,3.0,0.0,1.0
地向,0.0,3.0,0.0,1.0
再次,0.0,3.0,0.0,1.0
高难度,3.0,0.0,1.0,0.0
男神点,0.0,3.0,0.0,1.0
59,0.0,3.0,0.0,1.0
CP,0.0,3.0,0.0,1.0
本,0.0,3.0,0.0,1.0
市占率,0.0,3.0,0.0,1.0
提升,0.0,54.0,0.0,1.0
焊接,0.0,3.0,0.0,1.0
新品,0.0,36.0,0.0,1.0
显然,0.0,3.0,0.0,1.0
60,0.0,3.0,0.0,1.0
谨防,0.0,3.0,0.0,1.0
齐聚,0.0,6.0,0.0,1.0
俄罗斯,6.0,0.0,1.0,0.0
占,0.0,15.0,0.0,1.0
环境保护,0.0,3.0,0.0,1.0
时,0.0,9.0,0.0,1.0
5.23,0.0,3.0,0.0,1.0
版,3.0,0.0,1.0,0.0
注意,0.0,3.0,0.0,1.0
领先,0.0,12.0,0.0,1.0
管理,3.0,30.0,0.09090909090909091,0.9090909090909091
OEM,0.0,3.0,0.0,1.0
时隔,0.0,3.0,0.0,1.0
images,0.0,9.0,0.0,1.0
天,0.0,3.0,0.0,1.0
天团,0.0,9.0,0.0,1.0
心,3.0,0.0,1.0,0.0
PE,0.0,3.0,0.0,1.0
回应,0.0,3.0,0.0,1.0
调研,0.0,3.0,0.0,1.0
赞,0.0,3.0,0.0,1.0
颜值,0.0,6.0,0.0,1.0
43,0.0,3.0,0.0,1.0
并驾齐驱,0.0,2.0,0.0,1.0
旗下,0.0,3.0,0.0,1.0
竞争对手,0.0,3.0,0.0,1.0
共,3.0,3.0,0.5,0.5
31,0.0,3.0,0.0,1.0
买卖,0.0,3.0,0.0,1.0
忍俊不禁,3.0,0.0,1.0,0.0
线上,0.0,3.0,0.0,1.0
敲定,0.0,3.0,0.0,1.0
每经,0.0,6.0,0.0,1.0
自豪感,3.0,0.0,1.0,0.0
3875.11,0.0,3.0,0.0,1.0
成熟,0.0,3.0,0.0,1.0
夏天,0.0,3.0,0.0,1.0
高冷,0.0,3.0,0.0,1.0
传递,0.0,3.0,0.0,1.0
舞旦,6.0,0.0,1.0,0.0
青岛海尔,0.0,9.0,0.0,1.0
002683,0.0,6.0,0.0,1.0
且,0.0,9.0,0.0,1.0
锡马,0.0,3.0,0.0,1.0
烘干机,0.0,3.0,0.0,1.0
高增,0.0,3.0,0.0,1.0
中央,0.0,3.0,0.0,1.0
流程,3.0,0.0,1.0,0.0
区域,3.0,0.0,1.0,0.0
公司业绩,0.0,3.0,0.0,1.0
引,0.0,3.0,0.0,1.0
投产,0.0,3.0,0.0,1.0
酒店,6.0,0.0,1.0,0.0
启迪,0.0,6.0,0.0,1.0
白马股,0.0,15.0,0.0,1.0
第一名,0.0,3.0,0.0,1.0
制造,0.0,3.0,0.0,1.0
能歌善舞,3.0,0.0,1.0,0.0
爆破,0.0,6.0,0.0,1.0
体验,0.0,3.0,0.0,1.0
餐饮,12.0,48.0,0.2,0.8
入职,3.0,0.0,1.0,0.0
末前,0.0,3.0,0.0,1.0
本周,0.0,3.0,0.0,1.0
洗衣,0.0,6.0,0.0,1.0
朝天门,3.0,0.0,1.0,0.0
中金,0.0,3.0,0.0,1.0
99.99,0.0,3.0,0.0,1.0
偏好,0.0,3.0,0.0,1.0
放下,3.0,0.0,1.0,0.0
：,9.0,83.0,0.09782608695652174,0.9021739130434783
创立,0.0,3.0,0.0,1.0
领悟,3.0,0.0,1.0,0.0
打造,0.0,3.0,0.0,1.0
低迷,0.0,3.0,0.0,1.0
亮点,0.0,3.0,0.0,1.0
倡导,0.0,3.0,0.0,1.0
推广,0.0,3.0,0.0,1.0
BAF,0.0,3.0,0.0,1.0
）,0.0,126.0,0.0,1.0
华生园,3.0,0.0,1.0,0.0
希望,3.0,0.0,1.0,0.0
马乔成,3.0,0.0,1.0,0.0
1.16,0.0,6.0,0.0,1.0
投资,0.0,12.0,0.0,1.0
杀害,1.0,0.0,1.0,0.0
节能,0.0,3.0,0.0,1.0
804,0.0,3.0,0.0,1.0
率先,0.0,3.0,0.0,1.0
8,0.0,30.0,0.0,1.0
形成,0.0,6.0,0.0,1.0
有效,0.0,3.0,0.0,1.0
智能,0.0,3.0,0.0,1.0
赢,0.0,6.0,0.0,1.0
儿童,3.0,0.0,1.0,0.0
价值,3.0,15.0,0.16666666666666666,0.8333333333333334
重点保护,1.0,0.0,1.0,0.0
恒强,0.0,6.0,0.0,1.0
信息,0.0,3.0,0.0,1.0
挑战,0.0,3.0,0.0,1.0
7.32,0.0,3.0,0.0,1.0
协会,0.0,3.0,0.0,1.0
上半年,0.0,33.0,0.0,1.0
考察,0.0,3.0,0.0,1.0
正,0.0,3.0,0.0,1.0
增超,0.0,2.0,0.0,1.0
3875,0.0,3.0,0.0,1.0
五年,0.0,3.0,0.0,1.0
公寓,9.0,0.0,1.0,0.0
亚非拉,0.0,3.0,0.0,1.0
一直,0.0,3.0,0.0,1.0
年轻化,0.0,3.0,0.0,1.0
但,0.0,21.0,0.0,1.0
终端,0.0,3.0,0.0,1.0
精密,0.0,3.0,0.0,1.0
特,0.0,3.0,0.0,1.0
大秦铁路,0.0,6.0,0.0,1.0
日讯继,0.0,3.0,0.0,1.0
款,0.0,3.0,0.0,1.0
吸睛,0.0,9.0,0.0,1.0
蒋洁琼,0.0,3.0,0.0,1.0
四大,6.0,0.0,1.0,0.0
量,0.0,6.0,0.0,1.0
脸,0.0,6.0,0.0,1.0
仅,0.0,6.0,0.0,1.0
打算,0.0,3.0,0.0,1.0
电机,0.0,3.0,0.0,1.0
img0,0.0,3.0,0.0,1.0
公布,0.0,3.0,0.0,1.0
300197,0.0,6.0,0.0,1.0
45.00,0.0,3.0,0.0,1.0
营业部,0.0,3.0,0.0,1.0
完,3.0,3.0,0.5,0.5
精彩演出,3.0,0.0,1.0,0.0
纵览,0.0,3.0,0.0,1.0
到,3.0,21.0,0.125,0.875
地位,0.0,9.0,0.0,1.0
赞助,0.0,6.0,0.0,1.0
全力,0.0,3.0,0.0,1.0
呷,6.0,24.0,0.2,0.8
马拉松,0.0,6.0,0.0,1.0
放量,0.0,3.0,0.0,1.0
刚过,3.0,0.0,1.0,0.0
文化,3.0,0.0,1.0,0.0
32.4,0.0,12.0,0.0,1.0
陆股通,0.0,3.0,0.0,1.0
布局,0.0,3.0,0.0,1.0
当下,0.0,3.0,0.0,1.0
一波,0.0,6.0,0.0,1.0
报到,3.0,0.0,1.0,0.0
日晚,0.0,6.0,0.0,1.0
制作,0.0,3.0,0.0,1.0
趋势,0.0,9.0,0.0,1.0
取暖,0.0,6.0,0.0,1.0
库存,0.0,9.0,0.0,1.0
漂亮,0.0,3.0,0.0,1.0
业务,0.0,9.0,0.0,1.0
幽默,3.0,0.0,1.0,0.0
江北区,3.0,0.0,1.0,0.0
来看,0.0,3.0,0.0,1.0
令,3.0,6.0,0.3333333333333333,0.6666666666666666
风险,0.0,3.0,0.0,1.0
国家,7.0,18.0,0.28,0.72
经过,3.0,6.0,0.3333333333333333,0.6666666666666666
洗获,0.0,3.0,0.0,1.0
得到,3.0,12.0,0.2,0.8
维度,0.0,3.0,0.0,1.0
今年以来,0.0,15.0,0.0,1.0
五月,0.0,3.0,0.0,1.0
口碑,0.0,3.0,0.0,1.0
选中,3.0,0.0,1.0,0.0
端,0.0,3.0,0.0,1.0
当初,0.0,3.0,0.0,1.0
需,0.0,3.0,0.0,1.0
产品,0.0,39.0,0.0,1.0
外观,0.0,6.0,0.0,1.0
获悉,0.0,3.0,0.0,1.0
着重,0.0,3.0,0.0,1.0
甚至,3.0,0.0,1.0,0.0
确定性,0.0,18.0,0.0,1.0
前,0.0,27.0,0.0,1.0
另一方面,0.0,3.0,0.0,1.0
高速,0.0,6.0,0.0,1.0
用户,0.0,3.0,0.0,1.0
无意,0.0,3.0,0.0,1.0
好莱客,0.0,6.0,0.0,1.0
战略,0.0,21.0,0.0,1.0
以上,0.0,12.0,0.0,1.0
签订,0.0,3.0,0.0,1.0
第一幕,3.0,0.0,1.0,0.0
贵州,0.0,15.0,0.0,1.0
持续性,0.0,3.0,0.0,1.0
高点,0.0,3.0,0.0,1.0
显示,0.0,3.0,0.0,1.0
转型,0.0,3.0,0.0,1.0
万人,0.0,6.0,0.0,1.0
化身,3.0,0.0,1.0,0.0
结构,0.0,12.0,0.0,1.0
阶段,0.0,6.0,0.0,1.0
为例,0.0,3.0,0.0,1.0
波轮,0.0,3.0,0.0,1.0
项目,0.0,3.0,0.0,1.0
份额,0.0,9.0,0.0,1.0
36.64,0.0,3.0,0.0,1.0
啤酒,0.0,3.0,0.0,1.0
最高,0.0,6.0,0.0,1.0
有着,0.0,3.0,0.0,1.0
之舞,3.0,0.0,1.0,0.0
已,0.0,3.0,0.0,1.0
体质,0.0,3.0,0.0,1.0
电器,0.0,39.0,0.0,1.0
603589,0.0,3.0,0.0,1.0
分析师,0.0,9.0,0.0,1.0
卡萨帝,0.0,3.0,0.0,1.0
671.72,0.0,3.0,0.0,1.0
冠军,0.0,3.0,0.0,1.0
当,0.0,3.0,0.0,1.0
响应,0.0,3.0,0.0,1.0
值得一提的是,0.0,3.0,0.0,1.0
起步,0.0,3.0,0.0,1.0
我司,3.0,0.0,1.0,0.0
核心,0.0,3.0,0.0,1.0
伊力特,0.0,3.0,0.0,1.0
高,0.0,26.0,0.0,1.0
002242,0.0,3.0,0.0,1.0
建国,0.0,3.0,0.0,1.0
一次次,0.0,3.0,0.0,1.0
进一步,0.0,6.0,0.0,1.0
位居,0.0,6.0,0.0,1.0
105.68,0.0,6.0,0.0,1.0
招商银行,0.0,6.0,0.0,1.0
充满希望,3.0,0.0,1.0,0.0
能力,0.0,12.0,0.0,1.0
比例,0.0,6.0,0.0,1.0
海尔,0.0,15.0,0.0,1.0
击剑队,0.0,15.0,0.0,1.0
年来,0.0,3.0,0.0,1.0
启动,0.0,3.0,0.0,1.0
600690,0.0,3.0,0.0,1.0
逐步,0.0,3.0,0.0,1.0
逸林,3.0,0.0,1.0,0.0
大涨,0.0,3.0,0.0,1.0
最终,0.0,3.0,0.0,1.0
介绍,3.0,6.0,0.3333333333333333,0.6666666666666666
充分,0.0,9.0,0.0,1.0
专注,0.0,6.0,0.0,1.0
防霉,0.0,3.0,0.0,1.0
2.90,0.0,3.0,0.0,1.0
武汉,0.0,6.0,0.0,1.0
芭蕾,21.0,0.0,1.0,0.0
市场潜力,0.0,3.0,0.0,1.0
双眼,3.0,0.0,1.0,0.0
具备,0.0,3.0,0.0,1.0
仍,0.0,9.0,0.0,1.0
报名,0.0,3.0,0.0,1.0
简历,3.0,0.0,1.0,0.0
精彩,3.0,0.0,1.0,0.0
清新,0.0,6.0,0.0,1.0
改管,3.0,0.0,1.0,0.0
最近,0.0,3.0,0.0,1.0
里,0.0,3.0,0.0,1.0
关于,0.0,3.0,0.0,1.0
欢迎,3.0,0.0,1.0,0.0
模式,0.0,3.0,0.0,1.0
月底,0.0,6.0,0.0,1.0
唯一,0.0,9.0,0.0,1.0
认为,0.0,27.0,0.0,1.0
中国队,0.0,3.0,0.0,1.0
中意,0.0,3.0,0.0,1.0
367x0,0.0,3.0,0.0,1.0
线下,0.0,3.0,0.0,1.0
搞笑,6.0,0.0,1.0,0.0
水井坊,0.0,3.0,0.0,1.0
龙,0.0,6.0,0.0,1.0
九阳,0.0,3.0,0.0,1.0
年度,6.0,6.0,0.5,0.5
深入,3.0,0.0,1.0,0.0
判刑,3.0,0.0,1.0,0.0
均价,0.0,21.0,0.0,1.0
相,0.0,3.0,0.0,1.0
西安,9.0,0.0,1.0,0.0
.,0.0,90.0,0.0,1.0
依旧,0.0,3.0,0.0,1.0
此番,0.0,6.0,0.0,1.0
爆棚,0.0,3.0,0.0,1.0
号召力,0.0,3.0,0.0,1.0
周期,0.0,3.0,0.0,1.0
窖,0.0,6.0,0.0,1.0
体育,0.0,12.0,0.0,1.0
包括,0.0,3.0,0.0,1.0
最美,3.0,0.0,1.0,0.0
最高价,0.0,3.0,0.0,1.0
万台,0.0,3.0,0.0,1.0
队,0.0,9.0,0.0,1.0
观众,3.0,0.0,1.0,0.0
季报,0.0,18.0,0.0,1.0
始于,0.0,3.0,0.0,1.0
内外销,0.0,2.0,0.0,1.0
指导,3.0,0.0,1.0,0.0
极为,0.0,3.0,0.0,1.0
快速,3.0,6.0,0.3333333333333333,0.6666666666666666
20170710,0.0,9.0,0.0,1.0
沪,0.0,3.0,0.0,1.0
不禁,0.0,3.0,0.0,1.0
大,0.0,12.0,0.0,1.0
伊美,3.0,0.0,1.0,0.0
股,0.0,30.0,0.0,1.0
办事处,3.0,0.0,1.0,0.0
天际,0.0,3.0,0.0,1.0
1.5,0.0,3.0,0.0,1.0
私人,0.0,3.0,0.0,1.0
保有量,0.0,3.0,0.0,1.0
2702.99,0.0,3.0,0.0,1.0
生活,0.0,3.0,0.0,1.0
Q18,0.0,3.0,0.0,1.0
金额,0.0,3.0,0.0,1.0
称号,0.0,3.0,0.0,1.0
五粮液,0.0,3.0,0.0,1.0
1.6,0.0,3.0,0.0,1.0
归属于,0.0,15.0,0.0,1.0
巴黎,3.0,0.0,1.0,0.0
26.0,0.0,6.0,0.0,1.0
严重,1.0,0.0,1.0,0.0
带来,0.0,9.0,0.0,1.0
3.40,0.0,3.0,0.0,1.0
创下,0.0,9.0,0.0,1.0
定位,0.0,3.0,0.0,1.0
饮,0.0,3.0,0.0,1.0
明确,3.0,0.0,1.0,0.0
优质,0.0,3.0,0.0,1.0
水,0.0,3.0,0.0,1.0
门店,0.0,3.0,0.0,1.0
高贵,0.0,3.0,0.0,1.0
冠名,0.0,12.0,0.0,1.0
送给,0.0,3.0,0.0,1.0
1412.89,0.0,3.0,0.0,1.0
炫酷,0.0,3.0,0.0,1.0
名叫,3.0,0.0,1.0,0.0
第三批,0.0,3.0,0.0,1.0
温度,0.0,3.0,0.0,1.0
进击,0.0,3.0,0.0,1.0
983a6d44,0.0,3.0,0.0,1.0
去年,3.0,15.0,0.16666666666666666,0.8333333333333334
剔除,0.0,3.0,0.0,1.0
宣判,3.0,0.0,1.0,0.0
玛祖卡,3.0,0.0,1.0,0.0
美的,0.0,72.0,0.0,1.0
eastmoney,0.0,6.0,0.0,1.0
鲜明,0.0,3.0,0.0,1.0
更快,3.0,0.0,1.0,0.0
两融,0.0,6.0,0.0,1.0
下,0.0,15.0,0.0,1.0
上市公司,0.0,6.0,0.0,1.0
运营,0.0,15.0,0.0,1.0
发起,0.0,3.0,0.0,1.0
百联,0.0,6.0,0.0,1.0
2012,0.0,9.0,0.0,1.0
限,0.0,6.0,0.0,1.0
选出,0.0,6.0,0.0,1.0
英国,0.0,3.0,0.0,1.0
情况,3.0,3.0,0.5,0.5
嫩绿,0.0,6.0,0.0,1.0
交易市场,0.0,3.0,0.0,1.0
、,97.0,453.0,0.17636363636363636,0.8236363636363636
迎来,0.0,3.0,0.0,1.0
扣,0.0,3.0,0.0,1.0
一个,0.0,3.0,0.0,1.0
气流,0.0,3.0,0.0,1.0
img,0.0,12.0,0.0,1.0
无锡,0.0,3.0,0.0,1.0
智胜,0.0,3.0,0.0,1.0
~,0.0,3.0,0.0,1.0
万元,0.0,45.0,0.0,1.0
条件,3.0,0.0,1.0,0.0
填补,0.0,3.0,0.0,1.0
纷纷,0.0,3.0,0.0,1.0
个点,0.0,3.0,0.0,1.0
49.15,0.0,6.0,0.0,1.0
东来顺,3.0,0.0,1.0,0.0
排,0.0,3.0,0.0,1.0
描述,0.0,3.0,0.0,1.0
不断,0.0,3.0,0.0,1.0
首先,3.0,0.0,1.0,0.0
故事,0.0,3.0,0.0,1.0
莅临,0.0,3.0,0.0,1.0
激动,0.0,3.0,0.0,1.0
逆势,0.0,6.0,0.0,1.0
000826,0.0,6.0,0.0,1.0
街道,3.0,0.0,1.0,0.0
安全,3.0,0.0,1.0,0.0
叠加,0.0,3.0,0.0,1.0
困难,3.0,0.0,1.0,0.0
因新远同,3.0,0.0,1.0,0.0
深度,0.0,3.0,0.0,1.0
行情,0.0,30.0,0.0,1.0
凭借,0.0,3.0,0.0,1.0
方向,3.0,0.0,1.0,0.0
人数,0.0,6.0,0.0,1.0
索菲亚,0.0,3.0,0.0,1.0
助理,3.0,0.0,1.0,0.0
少年,0.0,3.0,0.0,1.0
收割,0.0,3.0,0.0,1.0
17.90,0.0,3.0,0.0,1.0
2,0.0,24.0,0.0,1.0
MINI,3.0,0.0,1.0,0.0
孔子,0.0,3.0,0.0,1.0
模具,0.0,3.0,0.0,1.0
良好,0.0,12.0,0.0,1.0
政策,0.0,6.0,0.0,1.0
20170510,0.0,3.0,0.0,1.0
未改,0.0,9.0,0.0,1.0
勇夺,0.0,6.0,0.0,1.0
稳定,0.0,12.0,0.0,1.0
球迷,0.0,9.0,0.0,1.0
市场,0.0,60.0,0.0,1.0
来到,0.0,3.0,0.0,1.0
3911494398779,0.0,3.0,0.0,1.0
信之尚,3.0,0.0,1.0,0.0
生长,3.0,0.0,1.0,0.0
一次,0.0,3.0,0.0,1.0
元仅,0.0,3.0,0.0,1.0
兴隆,3.0,12.0,0.2,0.8
内蒙古,3.0,0.0,1.0,0.0
举,0.0,3.0,0.0,1.0
追求,0.0,3.0,0.0,1.0
期,0.0,6.0,0.0,1.0
著称,3.0,0.0,1.0,0.0
评级,0.0,6.0,0.0,1.0
属,1.0,0.0,1.0,0.0
相互,3.0,0.0,1.0,0.0
宏大,0.0,3.0,0.0,1.0
hin,0.0,3.0,0.0,1.0
堪称,0.0,3.0,0.0,1.0
拎,0.0,3.0,0.0,1.0
何永智,0.0,3.0,0.0,1.0
大幅度,0.0,6.0,0.0,1.0
技能,3.0,0.0,1.0,0.0
品质,3.0,9.0,0.25,0.75
海螺,0.0,6.0,0.0,1.0
为,0.0,78.0,0.0,1.0
上升,0.0,3.0,0.0,1.0
动作,9.0,0.0,1.0,0.0
六年,0.0,3.0,0.0,1.0
再超,0.0,9.0,0.0,1.0
正式,3.0,6.0,0.3333333333333333,0.6666666666666666
经,0.0,3.0,0.0,1.0
因,0.0,3.0,0.0,1.0
逾,0.0,6.0,0.0,1.0
铠比赫,0.0,3.0,0.0,1.0
偏股,0.0,3.0,0.0,1.0
推行,0.0,3.0,0.0,1.0
2.98,0.0,3.0,0.0,1.0
主要,0.0,3.0,0.0,1.0
称为,0.0,3.0,0.0,1.0
再创新高,0.0,3.0,0.0,1.0
防御,0.0,6.0,0.0,1.0
与此同时,0.0,3.0,0.0,1.0
一,0.0,21.0,0.0,1.0
第四批,0.0,3.0,0.0,1.0
门外,0.0,3.0,0.0,1.0
注重,0.0,3.0,0.0,1.0
市场份额,0.0,24.0,0.0,1.0
卖出,0.0,9.0,0.0,1.0
较为,0.0,9.0,0.0,1.0
重庆,12.0,18.0,0.4,0.6
丁俊晖,0.0,15.0,0.0,1.0
30.24,0.0,3.0,0.0,1.0
全部,0.0,3.0,0.0,1.0
>,0.0,24.0,0.0,1.0
斯诺克,0.0,42.0,0.0,1.0
展馆,0.0,3.0,0.0,1.0
上汽,0.0,9.0,0.0,1.0
stcn,0.0,6.0,0.0,1.0
彤德莱,3.0,12.0,0.2,0.8
负增长,0.0,3.0,0.0,1.0
出口量,0.0,3.0,0.0,1.0
呈现出,3.0,0.0,1.0,0.0
成为,0.0,12.0,0.0,1.0
到来,3.0,0.0,1.0,0.0
成交,0.0,6.0,0.0,1.0
可,0.0,3.0,0.0,1.0
合理,0.0,3.0,0.0,1.0
CN,0.0,6.0,0.0,1.0
增,0.0,9.0,0.0,1.0
海通,0.0,3.0,0.0,1.0
日讯,0.0,6.0,0.0,1.0
男子,3.0,0.0,1.0,0.0
无钉,0.0,3.0,0.0,1.0
25.95,0.0,3.0,0.0,1.0
abc2,0.0,3.0,0.0,1.0
bebe,0.0,3.0,0.0,1.0
马总对,3.0,0.0,1.0,0.0
2.31,0.0,3.0,0.0,1.0
弱市,0.0,3.0,0.0,1.0
牌,0.0,3.0,0.0,1.0
代表队,0.0,15.0,0.0,1.0
技术,0.0,30.0,0.0,1.0
多元化,0.0,9.0,0.0,1.0
照片,0.0,3.0,0.0,1.0
数据,0.0,12.0,0.0,1.0
T,0.0,3.0,0.0,1.0
],0.0,6.0,0.0,1.0
认真,3.0,0.0,1.0,0.0
精雕,0.0,3.0,0.0,1.0
满足,0.0,3.0,0.0,1.0
零售量,0.0,3.0,0.0,1.0
流量,0.0,3.0,0.0,1.0
认知,0.0,3.0,0.0,1.0
销售,0.0,18.0,0.0,1.0
神级,0.0,3.0,0.0,1.0
销量,0.0,3.0,0.0,1.0
强者,0.0,6.0,0.0,1.0
普调,0.0,3.0,0.0,1.0
名单,0.0,6.0,0.0,1.0
发布,0.0,12.0,0.0,1.0
擦,0.0,3.0,0.0,1.0
切入,0.0,3.0,0.0,1.0
仅售,0.0,3.0,0.0,1.0
新娘,3.0,0.0,1.0,0.0
克服困难,3.0,0.0,1.0,0.0
基础知识,3.0,0.0,1.0,0.0
重点,0.0,3.0,0.0,1.0
对标,0.0,3.0,0.0,1.0
TD100,0.0,6.0,0.0,1.0
精湛,3.0,0.0,1.0,0.0
26,0.0,33.0,0.0,1.0
匹配,0.0,3.0,0.0,1.0
20.87,0.0,3.0,0.0,1.0
秒,0.0,6.0,0.0,1.0
火花,0.0,3.0,0.0,1.0
清晰可见,0.0,3.0,0.0,1.0
会议,3.0,0.0,1.0,0.0
开拓,0.0,6.0,0.0,1.0
成本,0.0,9.0,0.0,1.0
毒杀,3.0,0.0,1.0,0.0
推荐,0.0,9.0,0.0,1.0
一时,0.0,3.0,0.0,1.0
48.78,0.0,3.0,0.0,1.0
2017H1,0.0,12.0,0.0,1.0
上周五,0.0,3.0,0.0,1.0
艺术院校,3.0,0.0,1.0,0.0
简单,6.0,0.0,1.0,0.0
1149.77,0.0,3.0,0.0,1.0
融入,3.0,0.0,1.0,0.0
案一审,3.0,0.0,1.0,0.0
同样,0.0,6.0,0.0,1.0
今日,0.0,3.0,0.0,1.0
杀菌,0.0,6.0,0.0,1.0
价齐升,0.0,3.0,0.0,1.0
之女,0.0,3.0,0.0,1.0
二队,0.0,3.0,0.0,1.0
目的,3.0,0.0,1.0,0.0
运作,0.0,9.0,0.0,1.0
让,9.0,6.0,0.6,0.4
看好,0.0,21.0,0.0,1.0
路径,0.0,3.0,0.0,1.0
至此,0.0,3.0,0.0,1.0
新增,0.0,3.0,0.0,1.0
下跌,0.0,6.0,0.0,1.0
最大,0.0,9.0,0.0,1.0
支撑,0.0,3.0,0.0,1.0
1499657372420592,0.0,3.0,0.0,1.0
被,6.0,9.0,0.4,0.6
佳话,0.0,3.0,0.0,1.0
9,0.0,15.0,0.0,1.0
光宇,3.0,0.0,1.0,0.0
召开,3.0,0.0,1.0,0.0
上下游,0.0,6.0,0.0,1.0
A2017,0.0,3.0,0.0,1.0
偏高,0.0,3.0,0.0,1.0
搔首弄姿,3.0,0.0,1.0,0.0
借助,0.0,6.0,0.0,1.0
较大,0.0,15.0,0.0,1.0
态势,0.0,3.0,0.0,1.0
记者,0.0,9.0,0.0,1.0
深交所,0.0,6.0,0.0,1.0
这个,3.0,0.0,1.0,0.0
放出,0.0,3.0,0.0,1.0
深化,0.0,3.0,0.0,1.0
永辉,0.0,3.0,0.0,1.0
系列,0.0,33.0,0.0,1.0
云铝股份,0.0,6.0,0.0,1.0
迷妹,0.0,3.0,0.0,1.0
手续,3.0,0.0,1.0,0.0
研发,0.0,12.0,0.0,1.0
除了,0.0,6.0,0.0,1.0
机身,0.0,3.0,0.0,1.0
整合,0.0,3.0,0.0,1.0
B,3.0,0.0,1.0,0.0
一季度,0.0,12.0,0.0,1.0
赛前,0.0,3.0,0.0,1.0
英皇,3.0,0.0,1.0,0.0
冰点,0.0,3.0,0.0,1.0
股东,0.0,18.0,0.0,1.0
频频,3.0,0.0,1.0,0.0
mini,0.0,3.0,0.0,1.0
昨,0.0,3.0,0.0,1.0
迷弟,0.0,3.0,0.0,1.0
大天鹅,3.0,0.0,1.0,0.0
回顾,0.0,3.0,0.0,1.0
协议,0.0,3.0,0.0,1.0
魏立,0.0,9.0,0.0,1.0
半马,0.0,3.0,0.0,1.0
空间,0.0,9.0,0.0,1.0
出厂价,0.0,3.0,0.0,1.0
琵鹭,1.0,0.0,1.0,0.0
萌娃,0.0,3.0,0.0,1.0
grab,0.0,3.0,0.0,1.0
净利,0.0,12.0,0.0,1.0
展台,0.0,3.0,0.0,1.0
安排,6.0,0.0,1.0,0.0
元,0.0,57.0,0.0,1.0
准时,3.0,0.0,1.0,0.0
圆满,0.0,3.0,0.0,1.0
百分点,0.0,3.0,0.0,1.0
奋达,0.0,3.0,0.0,1.0
家电产品,0.0,3.0,0.0,1.0
月份,0.0,3.0,0.0,1.0
一级,0.0,6.0,0.0,1.0
力,0.0,12.0,0.0,1.0
家博,0.0,3.0,0.0,1.0
主,0.0,3.0,0.0,1.0
检验,3.0,0.0,1.0,0.0
主营业务,0.0,3.0,0.0,1.0
不断加强,0.0,3.0,0.0,1.0
龙头股,0.0,3.0,0.0,1.0
大宗,0.0,3.0,0.0,1.0
三,3.0,6.0,0.3333333333333333,0.6666666666666666
工艺,0.0,3.0,0.0,1.0
充沛,0.0,6.0,0.0,1.0
出战,0.0,3.0,0.0,1.0
龙头,0.0,24.0,0.0,1.0
三日,0.0,3.0,0.0,1.0
逆,3.0,0.0,1.0,0.0
奥运会,0.0,3.0,0.0,1.0
有望,0.0,9.0,0.0,1.0
去除,0.0,3.0,0.0,1.0
阳光,6.0,0.0,1.0,0.0
教导,3.0,0.0,1.0,0.0
生日,3.0,0.0,1.0,0.0
多为,0.0,3.0,0.0,1.0
能,0.0,3.0,0.0,1.0
俘获,0.0,3.0,0.0,1.0
住宿,3.0,0.0,1.0,0.0
团队,0.0,3.0,0.0,1.0
历史,0.0,3.0,0.0,1.0
普,0.0,3.0,0.0,1.0
质量,0.0,6.0,0.0,1.0
48.7,0.0,6.0,0.0,1.0
一体化,0.0,3.0,0.0,1.0
细分,0.0,9.0,0.0,1.0
中,6.0,39.0,0.13333333333333333,0.8666666666666667
闪耀,0.0,3.0,0.0,1.0
上榜,0.0,3.0,0.0,1.0
影响,0.0,6.0,0.0,1.0
DN300,3.0,0.0,1.0,0.0
金证,0.0,3.0,0.0,1.0
高效,0.0,3.0,0.0,1.0
男演员,3.0,0.0,1.0,0.0
第二季度,0.0,3.0,0.0,1.0
tp,0.0,3.0,0.0,1.0
隆基,0.0,6.0,0.0,1.0
洋河,6.0,6.0,0.5,0.5
一大,0.0,6.0,0.0,1.0
002508,0.0,3.0,0.0,1.0
持续,0.0,30.0,0.0,1.0
廖韦佳,0.0,3.0,0.0,1.0
《,15.0,0.0,1.0,0.0
蜀王,3.0,0.0,1.0,0.0
家用电器,0.0,9.0,0.0,1.0
较晚,0.0,3.0,0.0,1.0
1.35,0.0,3.0,0.0,1.0
被告人,1.0,0.0,1.0,0.0
又,0.0,15.0,0.0,1.0
今年,0.0,18.0,0.0,1.0
上证综指,0.0,3.0,0.0,1.0
现金流,0.0,12.0,0.0,1.0
眼前,3.0,0.0,1.0,0.0
20.4,0.0,3.0,0.0,1.0
未来,0.0,15.0,0.0,1.0
jykx,0.0,6.0,0.0,1.0
办理,3.0,0.0,1.0,0.0
此后,0.0,3.0,0.0,1.0
总,6.0,0.0,1.0,0.0
3.34,0.0,3.0,0.0,1.0
<,0.0,21.0,0.0,1.0
冰洗,0.0,3.0,0.0,1.0
交易,0.0,6.0,0.0,1.0
钻石,0.0,3.0,0.0,1.0
猎捕,1.0,0.0,1.0,0.0
000418,0.0,33.0,0.0,1.0
动物,1.0,0.0,1.0,0.0
索迪斯,3.0,0.0,1.0,0.0
很快,3.0,0.0,1.0,0.0
联合,3.0,0.0,1.0,0.0
领军,0.0,6.0,0.0,1.0
EPS,0.0,6.0,0.0,1.0
真功夫,3.0,0.0,1.0,0.0
国内,0.0,6.0,0.0,1.0
全男班,3.0,0.0,1.0,0.0
业绩,0.0,45.0,0.0,1.0
回答,0.0,6.0,0.0,1.0
舞艺,3.0,0.0,1.0,0.0
年记,3.0,12.0,0.2,0.8
牛熊,0.0,6.0,0.0,1.0
无数,0.0,9.0,0.0,1.0
预期,0.0,23.0,0.0,1.0
吸引,0.0,3.0,0.0,1.0
效率,0.0,24.0,0.0,1.0
补,0.0,9.0,0.0,1.0
　,0.0,246.0,0.0,1.0
8pct,0.0,3.0,0.0,1.0
com,0.0,30.0,0.0,1.0
板块,0.0,30.0,0.0,1.0
尝试,0.0,6.0,0.0,1.0
黑龙江省,0.0,6.0,0.0,1.0
马克,0.0,3.0,0.0,1.0
相关,0.0,3.0,0.0,1.0
去除率,0.0,3.0,0.0,1.0
盈利,0.0,27.0,0.0,1.0
快讯,0.0,3.0,0.0,1.0
9345.14,0.0,3.0,0.0,1.0
体系,0.0,3.0,0.0,1.0
利润,0.0,6.0,0.0,1.0
欣赏,3.0,0.0,1.0,0.0
10.81,0.0,3.0,0.0,1.0
非常,0.0,3.0,0.0,1.0
装冷,3.0,0.0,1.0,0.0
双方,0.0,3.0,0.0,1.0
四海,3.0,0.0,1.0,0.0
向,0.0,6.0,0.0,1.0
第一,0.0,6.0,0.0,1.0
消费者,0.0,3.0,0.0,1.0
崖洞,0.0,3.0,0.0,1.0
哺,6.0,24.0,0.2,0.8
跨界,0.0,3.0,0.0,1.0
很,0.0,3.0,0.0,1.0
格局,0.0,3.0,0.0,1.0
时代,0.0,3.0,0.0,1.0
基本,0.0,12.0,0.0,1.0
其他,0.0,9.0,0.0,1.0
夺金,0.0,3.0,0.0,1.0
针对,0.0,9.0,0.0,1.0
总监,3.0,0.0,1.0,0.0
27,0.0,9.0,0.0,1.0
关系,0.0,3.0,0.0,1.0
物流园,3.0,0.0,1.0,0.0
生涯规划,3.0,0.0,1.0,0.0
捞,3.0,0.0,1.0,0.0
大厦,3.0,0.0,1.0,0.0
img3,0.0,3.0,0.0,1.0
有幸,3.0,0.0,1.0,0.0
桑德,0.0,6.0,0.0,1.0
给予,0.0,6.0,0.0,1.0
000651,0.0,3.0,0.0,1.0
同台,0.0,3.0,0.0,1.0
相当,0.0,3.0,0.0,1.0
网,0.0,6.0,0.0,1.0
关注,0.0,9.0,0.0,1.0
西门子,0.0,3.0,0.0,1.0
出入境,3.0,0.0,1.0,0.0
www,0.0,15.0,0.0,1.0
达,0.0,6.0,0.0,1.0
礼物,0.0,3.0,0.0,1.0
预计,0.0,6.0,0.0,1.0
毛利率,0.0,15.0,0.0,1.0
收益率,0.0,6.0,0.0,1.0
前瞻,0.0,3.0,0.0,1.0
基金,0.0,3.0,0.0,1.0
万,0.0,3.0,0.0,1.0
3.01,0.0,3.0,0.0,1.0
维持,0.0,3.0,0.0,1.0
广州市,0.0,6.0,0.0,1.0
享有,0.0,3.0,0.0,1.0
),0.0,93.0,0.0,1.0
营业,0.0,24.0,0.0,1.0
仅仅,0.0,3.0,0.0,1.0
金融,0.0,3.0,0.0,1.0
合计,0.0,9.0,0.0,1.0
环比,0.0,9.0,0.0,1.0
午盘,0.0,3.0,0.0,1.0
盾安,0.0,3.0,0.0,1.0
现金管理,0.0,6.0,0.0,1.0
范式,0.0,3.0,0.0,1.0
在世界上,0.0,3.0,0.0,1.0
41.32,0.0,3.0,0.0,1.0
看到,0.0,3.0,0.0,1.0
企业,3.0,3.0,0.5,0.5
最新,0.0,3.0,0.0,1.0
展出,0.0,3.0,0.0,1.0
自拍,0.0,3.0,0.0,1.0
目前,0.0,12.0,0.0,1.0
威尔士,0.0,3.0,0.0,1.0
风口,0.0,3.0,0.0,1.0
经历,0.0,3.0,0.0,1.0
迪士尼,0.0,15.0,0.0,1.0
2017,15.0,48.0,0.23809523809523808,0.7619047619047619
火锅,3.0,0.0,1.0,0.0
互,0.0,3.0,0.0,1.0
合作伙伴,0.0,6.0,0.0,1.0
表现,0.0,6.0,0.0,1.0
主打,0.0,6.0,0.0,1.0
；,3.0,36.0,0.07692307692307693,0.9230769230769231
无疑,0.0,6.0,0.0,1.0
[,0.0,6.0,0.0,1.0
讨论,3.0,0.0,1.0,0.0
归属,0.0,3.0,0.0,1.0
23,0.0,3.0,0.0,1.0
下挫,0.0,3.0,0.0,1.0
扎下根,3.0,0.0,1.0,0.0
大大,0.0,3.0,0.0,1.0
消费,0.0,3.0,0.0,1.0
额,0.0,3.0,0.0,1.0
降到,0.0,3.0,0.0,1.0
课程,3.0,0.0,1.0,0.0
抗菌,0.0,9.0,0.0,1.0
对应,0.0,6.0,0.0,1.0
回家,0.0,3.0,0.0,1.0
净,0.0,9.0,0.0,1.0
两位数,0.0,3.0,0.0,1.0
两天,3.0,0.0,1.0,0.0
商务,3.0,0.0,1.0,0.0
营收,0.0,3.0,0.0,1.0
演绎,3.0,0.0,1.0,0.0
男神们,0.0,6.0,0.0,1.0
品牌,6.0,54.0,0.1,0.9
培训,6.0,3.0,0.6666666666666666,0.3333333333333333
魅力,0.0,3.0,0.0,1.0
英格兰队,0.0,3.0,0.0,1.0
结果,0.0,6.0,0.0,1.0
母公司,0.0,6.0,0.0,1.0
波段,0.0,3.0,0.0,1.0
2008,0.0,9.0,0.0,1.0
4ba6,0.0,3.0,0.0,1.0
授予,0.0,3.0,0.0,1.0
胶囊,3.0,0.0,1.0,0.0
最,0.0,6.0,0.0,1.0
大盘,0.0,3.0,0.0,1.0
演员,3.0,0.0,1.0,0.0
运动员,0.0,9.0,0.0,1.0
能够,12.0,3.0,0.8,0.2
茅台,0.0,15.0,0.0,1.0
至今,0.0,3.0,0.0,1.0
受益者,0.0,9.0,0.0,1.0
全景网,0.0,6.0,0.0,1.0
http,0.0,21.0,0.0,1.0
暨,6.0,0.0,1.0,0.0
实业,3.0,0.0,1.0,0.0
0004182,0.0,6.0,0.0,1.0
40,0.0,3.0,0.0,1.0
报告,0.0,6.0,0.0,1.0
球员,0.0,3.0,0.0,1.0
亲切,3.0,0.0,1.0,0.0
披露,0.0,12.0,0.0,1.0
今年年初,0.0,3.0,0.0,1.0
jdy,0.0,9.0,0.0,1.0
申万,0.0,9.0,0.0,1.0
亲密,0.0,3.0,0.0,1.0
5c87,0.0,3.0,0.0,1.0
稳固,0.0,3.0,0.0,1.0
7.15,0.0,3.0,0.0,1.0
同时,0.0,12.0,0.0,1.0
蟒佰利,0.0,3.0,0.0,1.0
舞团,3.0,0.0,1.0,0.0
工程,3.0,0.0,1.0,0.0
济济一堂,0.0,3.0,0.0,1.0
15,0.0,3.0,0.0,1.0
通过,3.0,12.0,0.2,0.8
技巧,3.0,0.0,1.0,0.0
utuku,0.0,6.0,0.0,1.0
总经理,3.0,0.0,1.0,0.0
进入,0.0,3.0,0.0,1.0
董事长,0.0,3.0,0.0,1.0
领域,0.0,9.0,0.0,1.0
该,0.0,12.0,0.0,1.0
寡头,0.0,3.0,0.0,1.0
支持,3.0,6.0,0.3333333333333333,0.6666666666666666
海外,0.0,9.0,0.0,1.0
自我介绍,3.0,0.0,1.0,0.0
知名,3.0,0.0,1.0,0.0
职业,3.0,0.0,1.0,0.0
强势,0.0,6.0,0.0,1.0
孩子,3.0,0.0,1.0,0.0
代表,3.0,0.0,1.0,0.0
近期,3.0,3.0,0.5,0.5
以来,0.0,6.0,0.0,1.0
二级,1.0,0.0,1.0,0.0
健坤,3.0,12.0,0.2,0.8
开赛,0.0,6.0,0.0,1.0
分别,0.0,27.0,0.0,1.0
并非,0.0,3.0,0.0,1.0
内,0.0,3.0,0.0,1.0
主导,0.0,3.0,0.0,1.0
一个月,0.0,3.0,0.0,1.0
000166,0.0,3.0,0.0,1.0
各位,3.0,0.0,1.0,0.0
银离子,0.0,3.0,0.0,1.0
【,0.0,5.0,0.0,1.0
jpg,0.0,9.0,0.0,1.0
另外,3.0,6.0,0.3333333333333333,0.6666666666666666
12,0.0,3.0,0.0,1.0
保障,3.0,0.0,1.0,0.0
系列产品,0.0,3.0,0.0,1.0
系,0.0,3.0,0.0,1.0
时尚,0.0,9.0,0.0,1.0
歷史,0.0,3.0,0.0,1.0
门盖,0.0,3.0,0.0,1.0
清淡,0.0,3.0,0.0,1.0
产能,0.0,6.0,0.0,1.0
股价,0.0,12.0,0.0,1.0
作为,0.0,6.0,0.0,1.0
涮,3.0,0.0,1.0,0.0
希金斯,0.0,3.0,0.0,1.0
白马,0.0,3.0,0.0,1.0
九州,6.0,0.0,1.0,0.0
BLDC,0.0,3.0,0.0,1.0
竞争,0.0,3.0,0.0,1.0
轻盈,3.0,0.0,1.0,0.0
26.75,0.0,3.0,0.0,1.0
洪,0.0,3.0,0.0,1.0
变化,0.0,3.0,0.0,1.0
不乏,0.0,3.0,0.0,1.0
技术实力,0.0,9.0,0.0,1.0
已经,0.0,9.0,0.0,1.0
添升宝,0.0,3.0,0.0,1.0
6e5937dc8a79,0.0,3.0,0.0,1.0
大幅,0.0,9.0,0.0,1.0
调整,0.0,12.0,0.0,1.0
2014,0.0,3.0,0.0,1.0
部位,0.0,3.0,0.0,1.0
演出,3.0,0.0,1.0,0.0
多家,0.0,15.0,0.0,1.0
站台,0.0,18.0,0.0,1.0
公告,0.0,3.0,0.0,1.0
世纪,3.0,0.0,1.0,0.0
老窖,0.0,9.0,0.0,1.0
推出,0.0,12.0,0.0,1.0
买入,0.0,33.0,0.0,1.0
亲临,0.0,3.0,0.0,1.0
开启,0.0,3.0,0.0,1.0
年报,0.0,3.0,0.0,1.0
示范,0.0,3.0,0.0,1.0
前有,0.0,3.0,0.0,1.0
其中,0.0,15.0,0.0,1.0
立讯,0.0,3.0,0.0,1.0
原材料,0.0,9.0,0.0,1.0
洪吉然,0.0,3.0,0.0,1.0
第二,0.0,3.0,0.0,1.0
稀缺,0.0,3.0,0.0,1.0
偏向,0.0,6.0,0.0,1.0
k,0.0,6.0,0.0,1.0
根据,0.0,6.0,0.0,1.0
深刻,3.0,0.0,1.0,0.0
升级,0.0,3.0,0.0,1.0
舞蹈,6.0,0.0,1.0,0.0
居于,0.0,3.0,0.0,1.0
重要,0.0,3.0,0.0,1.0
686.55,0.0,3.0,0.0,1.0
了解,3.0,0.0,1.0,0.0
发稿,0.0,3.0,0.0,1.0
苏,0.0,3.0,0.0,1.0
为青,0.0,3.0,0.0,1.0
茶,0.0,9.0,0.0,1.0
于,0.0,9.0,0.0,1.0
近几年,0.0,3.0,0.0,1.0
场景,3.0,0.0,1.0,0.0
300070,0.0,6.0,0.0,1.0
宅,0.0,3.0,0.0,1.0
更新,0.0,3.0,0.0,1.0
000807,0.0,6.0,0.0,1.0
晚间,0.0,6.0,0.0,1.0
肉,3.0,0.0,1.0,0.0
严控,0.0,3.0,0.0,1.0
无论是,3.0,0.0,1.0,0.0
赚钱,0.0,3.0,0.0,1.0
笑出眼泪,6.0,0.0,1.0,0.0
过,0.0,3.0,0.0,1.0
证券网,0.0,3.0,0.0,1.0
冰箱,0.0,3.0,0.0,1.0
漫威,0.0,3.0,0.0,1.0
配置,0.0,3.0,0.0,1.0
西九,3.0,0.0,1.0,0.0
权威,0.0,3.0,0.0,1.0
三连冠,0.0,3.0,0.0,1.0
易上,0.0,3.0,0.0,1.0
中东,0.0,3.0,0.0,1.0
同业,0.0,3.0,0.0,1.0
搭载,0.0,9.0,0.0,1.0
予以,0.0,3.0,0.0,1.0
水准,0.0,3.0,0.0,1.0
4540,0.0,3.0,0.0,1.0
珀尔,0.0,3.0,0.0,1.0
宣传,0.0,3.0,0.0,1.0
投入,0.0,6.0,0.0,1.0
比较,3.0,0.0,1.0,0.0
其多加,0.0,3.0,0.0,1.0
19x,0.0,3.0,0.0,1.0
力源,3.0,0.0,1.0,0.0
10.26,0.0,3.0,0.0,1.0
构造,0.0,3.0,0.0,1.0
A1945,0.0,3.0,0.0,1.0
暗藏,0.0,3.0,0.0,1.0
主动,0.0,3.0,0.0,1.0
估值,0.0,9.0,0.0,1.0
据统计,0.0,3.0,0.0,1.0
pct,0.0,9.0,0.0,1.0
才华,0.0,3.0,0.0,1.0
办公,3.0,0.0,1.0,0.0
销售额,0.0,3.0,0.0,1.0
团餐,3.0,6.0,0.3333333333333333,0.6666666666666666
一哄而上,0.0,3.0,0.0,1.0
16,0.0,6.0,0.0,1.0
好,0.0,3.0,0.0,1.0
有限,0.0,6.0,0.0,1.0
避免,0.0,3.0,0.0,1.0
还,3.0,3.0,0.5,0.5
保持,0.0,12.0,0.0,1.0
问题,3.0,0.0,1.0,0.0
人生,3.0,0.0,1.0,0.0
个股,0.0,15.0,0.0,1.0
高达,0.0,6.0,0.0,1.0
家电业,0.0,3.0,0.0,1.0
目标,3.0,0.0,1.0,0.0
并,6.0,9.0,0.4,0.6
半年度,0.0,3.0,0.0,1.0
北大,3.0,0.0,1.0,0.0
女皇,0.0,3.0,0.0,1.0
环境,3.0,3.0,0.5,0.5
投资者,0.0,18.0,0.0,1.0
阻尼,0.0,3.0,0.0,1.0
43b7fe0f27b8,0.0,3.0,0.0,1.0
自有,0.0,3.0,0.0,1.0
在,6.0,78.0,0.07142857142857142,0.9285714285714286
指定,0.0,3.0,0.0,1.0
界,0.0,3.0,0.0,1.0
定制,0.0,3.0,0.0,1.0
屏,0.0,3.0,0.0,1.0
参赛,0.0,3.0,0.0,1.0
二季度,0.0,12.0,0.0,1.0
净利润,0.0,30.0,0.0,1.0
走出,0.0,3.0,0.0,1.0
|,0.0,3.0,0.0,1.0
大酒店,3.0,0.0,1.0,0.0
杨河,3.0,0.0,1.0,0.0
跌,0.0,9.0,0.0,1.0
艰苦,3.0,0.0,1.0,0.0
透露,0.0,3.0,0.0,1.0
呈现,0.0,3.0,0.0,1.0
GSP,3.0,0.0,1.0,0.0
china,0.0,6.0,0.0,1.0
原有,0.0,3.0,0.0,1.0
指出,3.0,3.0,0.5,0.5
整体,0.0,21.0,0.0,1.0
变,0.0,3.0,0.0,1.0
澳大利亚队,0.0,3.0,0.0,1.0
小区,9.0,0.0,1.0,0.0
000333,0.0,3.0,0.0,1.0
开展,3.0,0.0,1.0,0.0
基础,3.0,0.0,1.0,0.0
下降,0.0,3.0,0.0,1.0
昨日,0.0,9.0,0.0,1.0
32.35,0.0,6.0,0.0,1.0
43.34,0.0,3.0,0.0,1.0
提问,0.0,6.0,0.0,1.0
多只,0.0,3.0,0.0,1.0
水平,0.0,18.0,0.0,1.0
全面,0.0,3.0,0.0,1.0
型基金,0.0,6.0,0.0,1.0
前列,0.0,3.0,0.0,1.0
回落,0.0,12.0,0.0,1.0
四,7.0,0.0,1.0,0.0
即将,0.0,6.0,0.0,1.0
年,3.0,93.0,0.03125,0.96875
周转,0.0,3.0,0.0,1.0
要,3.0,0.0,1.0,0.0
具体,0.0,3.0,0.0,1.0
只,2.0,6.0,0.25,0.75
/,0.0,150.0,0.0,1.0
回调,0.0,6.0,0.0,1.0
一队,0.0,3.0,0.0,1.0
14.27,0.0,3.0,0.0,1.0
免费,3.0,0.0,1.0,0.0
家电,0.0,30.0,0.0,1.0
铁汉,0.0,6.0,0.0,1.0
业内,0.0,3.0,0.0,1.0
周一,0.0,6.0,0.0,1.0
同框,0.0,3.0,0.0,1.0
再,0.0,3.0,0.0,1.0
低,0.0,18.0,0.0,1.0
热烈,3.0,0.0,1.0,0.0
能带,0.0,3.0,0.0,1.0
累计,0.0,6.0,0.0,1.0
们,12.0,3.0,0.8,0.2
半年报,0.0,21.0,0.0,1.0
责任,0.0,6.0,0.0,1.0
榜单,0.0,3.0,0.0,1.0
千喜鹤,3.0,0.0,1.0,0.0
积累,0.0,3.0,0.0,1.0
开始,0.0,6.0,0.0,1.0
白,1.0,0.0,1.0,0.0
餐饮业,6.0,6.0,0.5,0.5
流入,0.0,3.0,0.0,1.0
科技股份,0.0,6.0,0.0,1.0
重仓股,0.0,3.0,0.0,1.0
熬过,0.0,3.0,0.0,1.0
不足,0.0,3.0,0.0,1.0
05,0.0,6.0,0.0,1.0
抗,0.0,9.0,0.0,1.0
09,0.0,3.0,0.0,1.0
首发,0.0,3.0,0.0,1.0
力是,0.0,3.0,0.0,1.0
自身,3.0,0.0,1.0,0.0
平台,0.0,6.0,0.0,1.0
米奇,0.0,3.0,0.0,1.0
对,9.0,15.0,0.375,0.625
600197,0.0,3.0,0.0,1.0
竞争力,0.0,3.0,0.0,1.0
3262.07,0.0,3.0,0.0,1.0
着,0.0,3.0,0.0,1.0
抱团,0.0,6.0,0.0,1.0
位于,0.0,3.0,0.0,1.0
客利,3.0,0.0,1.0,0.0
华丽,0.0,3.0,0.0,1.0
发抖,3.0,0.0,1.0,0.0
吉屋,3.0,0.0,1.0,0.0
北京,0.0,9.0,0.0,1.0
3,0.0,21.0,0.0,1.0
%,0.0,240.0,0.0,1.0
IMAGE,0.0,21.0,0.0,1.0
会上,0.0,3.0,0.0,1.0
沿线,3.0,0.0,1.0,0.0
章泽天,0.0,3.0,0.0,1.0
刘明涛,0.0,3.0,0.0,1.0
37,0.0,3.0,0.0,1.0
低价,0.0,3.0,0.0,1.0
剧院,6.0,0.0,1.0,0.0
身姿,3.0,0.0,1.0,0.0
亲自,3.0,3.0,0.5,0.5
继,0.0,3.0,0.0,1.0
第二名,0.0,3.0,0.0,1.0
老师,3.0,0.0,1.0,0.0
举行,3.0,0.0,1.0,0.0
效应,0.0,6.0,0.0,1.0
面对,3.0,0.0,1.0,0.0
背景,0.0,9.0,0.0,1.0
搬迁,3.0,0.0,1.0,0.0
跟踪,0.0,3.0,0.0,1.0
后勤,3.0,12.0,0.2,0.8
组合,0.0,3.0,0.0,1.0
一口气,0.0,3.0,0.0,1.0
实则,0.0,3.0,0.0,1.0
讯,0.0,9.0,0.0,1.0
三家,0.0,3.0,0.0,1.0
26.09,0.0,3.0,0.0,1.0
阵容,0.0,6.0,0.0,1.0
男神,0.0,21.0,0.0,1.0
财政部,0.0,3.0,0.0,1.0
601012,0.0,6.0,0.0,1.0
满产,0.0,3.0,0.0,1.0
限制,0.0,3.0,0.0,1.0
截止,0.0,3.0,0.0,1.0
方式,3.0,0.0,1.0,0.0
上述,0.0,6.0,0.0,1.0
月,6.0,81.0,0.06896551724137931,0.9310344827586207
有的放矢,0.0,3.0,0.0,1.0
直观,0.0,3.0,0.0,1.0
京东方,0.0,3.0,0.0,1.0
下滑,0.0,6.0,0.0,1.0
抑菌,0.0,3.0,0.0,1.0
素有,0.0,3.0,0.0,1.0
占据,0.0,3.0,0.0,1.0
实现,3.0,39.0,0.07142857142857142,0.9285714285714286
食宿,3.0,0.0,1.0,0.0
看来,0.0,3.0,0.0,1.0
无缝,0.0,3.0,0.0,1.0
21,0.0,3.0,0.0,1.0
华意,0.0,3.0,0.0,1.0
高超,3.0,0.0,1.0,0.0
前五,0.0,3.0,0.0,1.0
加权,0.0,3.0,0.0,1.0
福利,0.0,3.0,0.0,1.0
早,0.0,3.0,0.0,1.0
李立峰,0.0,3.0,0.0,1.0
控股集团,0.0,3.0,0.0,1.0
每个,0.0,3.0,0.0,1.0
其,0.0,18.0,0.0,1.0
一段,0.0,3.0,0.0,1.0
将,3.0,12.0,0.2,0.8
认识,3.0,0.0,1.0,0.0
随着,0.0,6.0,0.0,1.0
周四,0.0,3.0,0.0,1.0
层面,0.0,3.0,0.0,1.0
梁文博,0.0,15.0,0.0,1.0
收于,0.0,3.0,0.0,1.0
烘衣机,0.0,3.0,0.0,1.0
室,0.0,3.0,0.0,1.0
愈加,0.0,3.0,0.0,1.0
生产线,0.0,3.0,0.0,1.0
华工,3.0,12.0,0.2,0.8
290,1.0,0.0,1.0,0.0
青睐,0.0,3.0,0.0,1.0
VDE,0.0,6.0,0.0,1.0
所,0.0,3.0,0.0,1.0
空调,0.0,18.0,0.0,1.0
询问,0.0,9.0,0.0,1.0
标的,0.0,9.0,0.0,1.0
内外,0.0,3.0,0.0,1.0
成长,0.0,18.0,0.0,1.0
快,3.0,0.0,1.0,0.0
一家,0.0,3.0,0.0,1.0
13,0.0,3.0,0.0,1.0
6,3.0,15.0,0.16666666666666666,0.8333333333333334
近年来,0.0,6.0,0.0,1.0
花园,3.0,0.0,1.0,0.0
47.05,0.0,3.0,0.0,1.0
认认真真,3.0,0.0,1.0,0.0
参加,3.0,0.0,1.0,0.0
上,0.0,24.0,0.0,1.0
佛利,0.0,12.0,0.0,1.0
学习,9.0,0.0,1.0,0.0
亲吻,0.0,3.0,0.0,1.0
中证网,0.0,6.0,0.0,1.0
干净,0.0,3.0,0.0,1.0
13x,0.0,3.0,0.0,1.0
海信,0.0,9.0,0.0,1.0
证券,0.0,18.0,0.0,1.0
当前,0.0,3.0,0.0,1.0
做事,3.0,0.0,1.0,0.0
植入,0.0,3.0,0.0,1.0
融资,0.0,18.0,0.0,1.0
1.88,0.0,3.0,0.0,1.0
老板,0.0,27.0,0.0,1.0
北京市,0.0,6.0,0.0,1.0
导向,0.0,3.0,0.0,1.0
位,3.0,3.0,0.5,0.5
收盘价,0.0,3.0,0.0,1.0
喜讯传来,0.0,3.0,0.0,1.0
07,0.0,3.0,0.0,1.0
检疫局,3.0,0.0,1.0,0.0
之前,0.0,3.0,0.0,1.0
设计,0.0,3.0,0.0,1.0
干衣机,0.0,9.0,0.0,1.0
20,0.0,18.0,0.0,1.0
震荡,0.0,6.0,0.0,1.0
诊股,0.0,15.0,0.0,1.0
下行,0.0,3.0,0.0,1.0
并购,0.0,6.0,0.0,1.0
深意,0.0,3.0,0.0,1.0
Midea,0.0,3.0,0.0,1.0
等,9.0,57.0,0.13636363636363635,0.8636363636363636
戈尔,6.0,0.0,1.0,0.0
市场占有率,0.0,3.0,0.0,1.0
成功,0.0,3.0,0.0,1.0
A,0.0,158.0,0.0,1.0
带动,0.0,3.0,0.0,1.0
高端,0.0,15.0,0.0,1.0
天下,0.0,3.0,0.0,1.0
分歧,0.0,6.0,0.0,1.0
956.76,0.0,3.0,0.0,1.0
蓝筹,0.0,3.0,0.0,1.0
叶峰,0.0,3.0,0.0,1.0
影响力,0.0,3.0,0.0,1.0
公斤,0.0,9.0,0.0,1.0
完赛,0.0,3.0,0.0,1.0
最高点,0.0,3.0,0.0,1.0
情节,1.0,0.0,1.0,0.0
300,0.0,3.0,0.0,1.0
耐德,3.0,0.0,1.0,0.0
提供,3.0,0.0,1.0,0.0
碧,0.0,6.0,0.0,1.0
第一阶段,0.0,3.0,0.0,1.0
优化,0.0,3.0,0.0,1.0
低点,0.0,3.0,0.0,1.0
—,6.0,6.0,0.5,0.5
程序,0.0,6.0,0.0,1.0
一路,3.0,0.0,1.0,0.0
29.40,0.0,3.0,0.0,1.0
便,0.0,6.0,0.0,1.0
这位,3.0,0.0,1.0,0.0
暂无,0.0,3.0,0.0,1.0
中怡康,0.0,6.0,0.0,1.0
预测,0.0,3.0,0.0,1.0
尚未,0.0,3.0,0.0,1.0
策略,0.0,9.0,0.0,1.0
德庄,3.0,0.0,1.0,0.0
股票,0.0,9.0,0.0,1.0
6000418,0.0,3.0,0.0,1.0
显现,0.0,3.0,0.0,1.0
教育,6.0,0.0,1.0,0.0
利用,0.0,3.0,0.0,1.0
材料,0.0,3.0,0.0,1.0
10.91,0.0,3.0,0.0,1.0
混血,0.0,3.0,0.0,1.0
ROE,0.0,3.0,0.0,1.0
强有力,3.0,0.0,1.0,0.0
°,0.0,6.0,0.0,1.0
水泥,0.0,6.0,0.0,1.0
证券时报,0.0,6.0,0.0,1.0
以,3.0,9.0,0.25,0.75
各类,0.0,3.0,0.0,1.0
31.58,0.0,3.0,0.0,1.0
产量,0.0,3.0,0.0,1.0
收购,0.0,3.0,0.0,1.0
新生儿,0.0,3.0,0.0,1.0
工作,6.0,3.0,0.6666666666666666,0.3333333333333333
1616WMIDG,0.0,6.0,0.0,1.0
周五,0.0,3.0,0.0,1.0
显著,0.0,3.0,0.0,1.0
人群,0.0,3.0,0.0,1.0
13292.14,0.0,3.0,0.0,1.0
稳健,0.0,21.0,0.0,1.0
601633,0.0,6.0,0.0,1.0
以前,0.0,3.0,0.0,1.0
泸州,0.0,9.0,0.0,1.0
资产,0.0,6.0,0.0,1.0
0.53,0.0,3.0,0.0,1.0
躺,0.0,3.0,0.0,1.0
这些,0.0,12.0,0.0,1.0
机会,0.0,3.0,0.0,1.0
健康,0.0,21.0,0.0,1.0
广泛,0.0,6.0,0.0,1.0
探营,0.0,3.0,0.0,1.0
取得,0.0,6.0,0.0,1.0
新村,3.0,0.0,1.0,0.0
凹,0.0,3.0,0.0,1.0
魔方,0.0,3.0,0.0,1.0
上涨,0.0,18.0,0.0,1.0
是,9.0,24.0,0.2727272727272727,0.7272727272727273
鲜明对比,0.0,3.0,0.0,1.0
钟爱,3.0,0.0,1.0,0.0
助力,0.0,6.0,0.0,1.0
诺贝尔奖,0.0,3.0,0.0,1.0
大街,0.0,3.0,0.0,1.0
疯狂,3.0,6.0,0.3333333333333333,0.6666666666666666
使用,3.0,0.0,1.0,0.0
规模,0.0,3.0,0.0,1.0
压力,0.0,3.0,0.0,1.0
约,0.0,9.0,0.0,1.0
规划,3.0,0.0,1.0,0.0
2015,0.0,3.0,0.0,1.0
职业生涯,6.0,0.0,1.0,0.0
25,0.0,12.0,0.0,1.0
处于,0.0,9.0,0.0,1.0
做出,3.0,0.0,1.0,0.0
产生,3.0,0.0,1.0,0.0
组成,0.0,3.0,0.0,1.0
融合,0.0,3.0,0.0,1.0
或是,3.0,0.0,1.0,0.0
红绿,0.0,3.0,0.0,1.0
 ,291.0,209.0,0.582,0.418
出口,0.0,6.0,0.0,1.0
时间,0.0,3.0,0.0,1.0
200,0.0,3.0,0.0,1.0
届,12.0,0.0,1.0,0.0
方面,0.0,3.0,0.0,1.0
三个,0.0,6.0,0.0,1.0
出现,0.0,12.0,0.0,1.0
收入,0.0,44.0,0.0,1.0
决赛,0.0,3.0,0.0,1.0
经营,0.0,6.0,0.0,1.0
大神,0.0,6.0,0.0,1.0
002601,0.0,3.0,0.0,1.0
55,0.0,3.0,0.0,1.0
接近,0.0,6.0,0.0,1.0
·,0.0,8.0,0.0,1.0
毫不逊色,0.0,3.0,0.0,1.0
SRC,0.0,21.0,0.0,1.0
品类,0.0,3.0,0.0,1.0
产品品质,0.0,3.0,0.0,1.0
地,3.0,9.0,0.25,0.75
行业,0.0,45.0,0.0,1.0
2998,0.0,6.0,0.0,1.0
切工,0.0,3.0,0.0,1.0
关注度,0.0,3.0,0.0,1.0
比,0.0,27.0,0.0,1.0
岁,3.0,0.0,1.0,0.0
地产,0.0,9.0,0.0,1.0
亮瞎小编,3.0,0.0,1.0,0.0
达到,0.0,15.0,0.0,1.0
开,0.0,3.0,0.0,1.0
生产,0.0,9.0,0.0,1.0
有限公司,3.0,42.0,0.06666666666666667,0.9333333333333333
改善,0.0,3.0,0.0,1.0
猛,0.0,3.0,0.0,1.0
顺利开展,6.0,0.0,1.0,0.0
期待,3.0,0.0,1.0,0.0
公募,0.0,3.0,0.0,1.0
苏格兰,0.0,3.0,0.0,1.0
受到,0.0,3.0,0.0,1.0
之外,3.0,0.0,1.0,0.0
大促,0.0,3.0,0.0,1.0
走,0.0,3.0,0.0,1.0
个,0.0,6.0,0.0,1.0
收盘,0.0,6.0,0.0,1.0
环蠡湖,0.0,3.0,0.0,1.0
打闹,3.0,0.0,1.0,0.0
欧元,0.0,3.0,0.0,1.0
地区,0.0,3.0,0.0,1.0
衣物,0.0,3.0,0.0,1.0
短期,0.0,6.0,0.0,1.0
55.05,0.0,3.0,0.0,1.0
集团,0.0,48.0,0.0,1.0
000568,0.0,3.0,0.0,1.0
赞助商,0.0,9.0,0.0,1.0
100,0.0,3.0,0.0,1.0
品种,0.0,3.0,0.0,1.0
桂冠,0.0,3.0,0.0,1.0
位列,0.0,3.0,0.0,1.0
讲,0.0,3.0,0.0,1.0
60.26,0.0,3.0,0.0,1.0
多,0.0,6.0,0.0,1.0
4,0.0,45.0,0.0,1.0
人设,0.0,3.0,0.0,1.0
11,0.0,9.0,0.0,1.0
福耀,0.0,9.0,0.0,1.0
1499657335152934,0.0,3.0,0.0,1.0
这一,0.0,6.0,0.0,1.0
超市,0.0,3.0,0.0,1.0
据悉,0.0,6.0,0.0,1.0
编辑,0.0,3.0,0.0,1.0
更是,0.0,3.0,0.0,1.0
而是,0.0,6.0,0.0,1.0
回复,0.0,6.0,0.0,1.0
上午,0.0,3.0,0.0,1.0
白酒,0.0,3.0,0.0,1.0
纳米,0.0,3.0,0.0,1.0
实力,0.0,3.0,0.0,1.0
以外,0.0,3.0,0.0,1.0
上周,0.0,12.0,0.0,1.0
大连,0.0,6.0,0.0,1.0
炭素,0.0,3.0,0.0,1.0
并列第一,0.0,3.0,0.0,1.0
特征,0.0,6.0,0.0,1.0
资源,0.0,3.0,0.0,1.0
之后,3.0,0.0,1.0,0.0
经典,6.0,0.0,1.0,0.0
录得,0.0,3.0,0.0,1.0
玻璃,0.0,9.0,0.0,1.0
指数,0.0,3.0,0.0,1.0
圈粉,0.0,3.0,0.0,1.0
科技,0.0,3.0,0.0,1.0
0.1,0.0,3.0,0.0,1.0
新辣道,3.0,12.0,0.2,0.8
曾,0.0,3.0,0.0,1.0
江北,3.0,0.0,1.0,0.0
家电行业,0.0,12.0,0.0,1.0
相对,6.0,3.0,0.6666666666666666,0.3333333333333333
机构,0.0,24.0,0.0,1.0
精准,0.0,3.0,0.0,1.0
观音桥,3.0,0.0,1.0,0.0
洗衣机,0.0,93.0,0.0,1.0
长期,0.0,6.0,0.0,1.0
涮坊,3.0,6.0,0.3333333333333333,0.6666666666666666
方大,0.0,3.0,0.0,1.0
培训班,9.0,0.0,1.0,0.0
典雅,0.0,3.0,0.0,1.0
开创,0.0,3.0,0.0,1.0
而且,3.0,0.0,1.0,0.0
甄选,3.0,0.0,1.0,0.0
防,0.0,6.0,0.0,1.0
国金,0.0,12.0,0.0,1.0
更加,3.0,0.0,1.0,0.0
检测,0.0,12.0,0.0,1.0
国际,0.0,6.0,0.0,1.0
席位,0.0,9.0,0.0,1.0
新,3.0,6.0,0.3333333333333333,0.6666666666666666
4.3,0.0,3.0,0.0,1.0
2019,0.0,3.0,0.0,1.0
极致,0.0,3.0,0.0,1.0
复盘,0.0,3.0,0.0,1.0
(,0.0,87.0,0.0,1.0
1636.56,0.0,3.0,0.0,1.0
在于,3.0,0.0,1.0,0.0
（,0.0,123.0,0.0,1.0
作出,0.0,6.0,0.0,1.0
A股,0.0,6.0,0.0,1.0
更,0.0,9.0,0.0,1.0
陷于,0.0,3.0,0.0,1.0
25.97,0.0,3.0,0.0,1.0
未,0.0,3.0,0.0,1.0
1,4.0,27.0,0.12903225806451613,0.8709677419354839
表示,3.0,3.0,0.5,0.5
尾盘,0.0,3.0,0.0,1.0
监测数据,0.0,3.0,0.0,1.0
十大,6.0,15.0,0.2857142857142857,0.7142857142857143
以及,3.0,12.0,0.2,0.8
萌出,0.0,3.0,0.0,1.0
360,0.0,6.0,0.0,1.0
长城汽车,0.0,6.0,0.0,1.0
14,0.0,9.0,0.0,1.0
突破,0.0,6.0,0.0,1.0
15x,0.0,3.0,0.0,1.0
鳄,0.0,6.0,0.0,1.0
本次,6.0,0.0,1.0,0.0
中位数,0.0,3.0,0.0,1.0
居前,0.0,3.0,0.0,1.0
360x0,0.0,3.0,0.0,1.0
罕见,0.0,3.0,0.0,1.0
公司,21.0,95.0,0.1810344827586207,0.8189655172413793
进行,6.0,3.0,0.6666666666666666,0.3333333333333333
排名第,0.0,3.0,0.0,1.0
9.85,0.0,3.0,0.0,1.0
玫瑰,3.0,0.0,1.0,0.0
603898,0.0,6.0,0.0,1.0
世界级,0.0,9.0,0.0,1.0
舞,6.0,0.0,1.0,0.0
有所改善,0.0,3.0,0.0,1.0
小天鹅,70.0,464.0,0.13108614232209737,0.8689138576779026
TCL,0.0,3.0,0.0,1.0
后,6.0,12.0,0.3333333333333333,0.6666666666666666
44.07,0.0,3.0,0.0,1.0
25.6,0.0,9.0,0.0,1.0
上扬,0.0,3.0,0.0,1.0
白电,0.0,9.0,0.0,1.0
-,0.0,63.0,0.0,1.0
三年,0.0,3.0,0.0,1.0
粉丝,0.0,6.0,0.0,1.0
PPP,0.0,3.0,0.0,1.0
创,0.0,3.0,0.0,1.0
合作,0.0,3.0,0.0,1.0
左右,0.0,12.0,0.0,1.0
建议,0.0,6.0,0.0,1.0
督查,0.0,3.0,0.0,1.0
