日,12.0,18.0,0.4,0.6
整合,3.0,3.0,0.5,0.5
商业,0.0,3.0,0.0,1.0
hrSGyL4RdooCPuVv0zcAdOE5jccoT54E2w5,0.0,3.0,0.0,1.0
班,3.0,0.0,1.0,0.0
机,6.0,0.0,1.0,0.0
工农业,0.0,6.0,0.0,1.0
资金,0.0,9.0,0.0,1.0
历程,0.0,3.0,0.0,1.0
编辑,0.0,3.0,0.0,1.0
资本,0.0,3.0,0.0,1.0
至,0.0,15.0,0.0,1.0
住,0.0,1.0,0.0,1.0
秘闻,0.0,9.0,0.0,1.0
Ａ,0.0,6.0,0.0,1.0
蔡,0.0,3.0,0.0,1.0
股东,0.0,12.0,0.0,1.0
电子,0.0,6.0,0.0,1.0
此前,0.0,9.0,0.0,1.0
越大,0.0,3.0,0.0,1.0
完成,0.0,6.0,0.0,1.0
协议,5.0,6.0,0.45454545454545453,0.5454545454545454
拖累,0.0,6.0,0.0,1.0
协定,0.0,3.0,0.0,1.0
实体,0.0,15.0,0.0,1.0
回归,3.0,0.0,1.0,0.0
24.0,0.0,3.0,0.0,1.0
grab,0.0,3.0,0.0,1.0
解,3.0,0.0,1.0,0.0
同比,0.0,18.0,0.0,1.0
材,0.0,12.0,0.0,1.0
招聘网,6.0,0.0,1.0,0.0
元,3.0,1.0,0.75,0.25
纯玩,3.0,0.0,1.0,0.0
电器,0.0,48.0,0.0,1.0
锦橙,0.0,3.0,0.0,1.0
广场,3.0,0.0,1.0,0.0
法,0.0,3.0,0.0,1.0
6rVJknMPibRyzAqS0WWmoV7q3hGm6jsWKvT8K49icznA53OWqKSiaxKBM5wTsUk0pLSn0OxU8ECfsyRNCQ,0.0,3.0,0.0,1.0
表演,3.0,0.0,1.0,0.0
几大,0.0,3.0,0.0,1.0
创新,0.0,6.0,0.0,1.0
此次,3.0,3.0,0.5,0.5
北方地区,3.0,0.0,1.0,0.0
到,9.0,9.0,0.5,0.5
难免,0.0,3.0,0.0,1.0
6.95,0.0,3.0,0.0,1.0
成其,0.0,9.0,0.0,1.0
9.52,0.0,6.0,0.0,1.0
POS,6.0,0.0,1.0,0.0
:,0.0,21.0,0.0,1.0
西部,9.0,6.0,0.6,0.4
小学,0.0,3.0,0.0,1.0
拥有,3.0,12.0,0.2,0.8
利用率,0.0,3.0,0.0,1.0
封,0.0,1.0,0.0,1.0
2013,0.0,3.0,0.0,1.0
日出,61.0,283.0,0.17732558139534885,0.8226744186046512
肯定,0.0,3.0,0.0,1.0
002024,0.0,3.0,0.0,1.0
能源技术,4.0,6.0,0.4,0.6
版块,0.0,3.0,0.0,1.0
刘步尘,0.0,3.0,0.0,1.0
八成,0.0,3.0,0.0,1.0
…,12.0,6.0,0.6666666666666666,0.3333333333333333
12,3.0,0.0,1.0,0.0
柳钢,0.0,12.0,0.0,1.0
余姚,0.0,3.0,0.0,1.0
CONSERVAL,0.0,6.0,0.0,1.0
连云港市,0.0,3.0,0.0,1.0
称,0.0,6.0,0.0,1.0
三日,3.0,0.0,1.0,0.0
文章,3.0,0.0,1.0,0.0
养老院,3.0,0.0,1.0,0.0
案例,0.0,6.0,0.0,1.0
车游,0.0,9.0,0.0,1.0
Carr,5.0,6.0,0.45454545454545453,0.5454545454545454
妙麟,0.0,3.0,0.0,1.0
小幅,0.0,1.0,0.0,1.0
0.06,0.0,3.0,0.0,1.0
自然资源,7.0,12.0,0.3684210526315789,0.631578947368421
能,0.0,6.0,0.0,1.0
语言,3.0,3.0,0.5,0.5
团队,0.0,6.0,0.0,1.0
重要,0.0,3.0,0.0,1.0
称为,2.0,3.0,0.4,0.6
强项,0.0,3.0,0.0,1.0
法律法规,0.0,3.0,0.0,1.0
世界,24.0,9.0,0.7272727272727273,0.2727272727272727
合伙人,0.0,12.0,0.0,1.0
青岛,9.0,0.0,1.0,0.0
中,9.0,30.0,0.23076923076923078,0.7692307692307693
吃货,3.0,0.0,1.0,0.0
;,3.0,0.0,1.0,0.0
清洁,3.0,3.0,0.5,0.5
影响,0.0,3.0,0.0,1.0
10,0.0,3.0,0.0,1.0
80,0.0,12.0,0.0,1.0
加拿大,13.0,18.0,0.41935483870967744,0.5806451612903226
Rosiers,2.0,6.0,0.25,0.75
预计,0.0,6.0,0.0,1.0
股份,2.0,45.0,0.0425531914893617,0.9574468085106383
调整,0.0,1.0,0.0,1.0
★,36.0,0.0,1.0,0.0
亿元,0.0,30.0,0.0,1.0
颁发,0.0,3.0,0.0,1.0
电子签名,0.0,3.0,0.0,1.0
纵向,0.0,3.0,0.0,1.0
7.35,0.0,12.0,0.0,1.0
端,0.0,6.0,0.0,1.0
苏泊尔,0.0,9.0,0.0,1.0
储能,3.0,3.0,0.5,0.5
工作组,0.0,6.0,0.0,1.0
时长,3.0,0.0,1.0,0.0
项目,8.0,18.0,0.3076923076923077,0.6923076923076923
金额,0.0,6.0,0.0,1.0
跌宕起伏,3.0,0.0,1.0,0.0
回顾,3.0,0.0,1.0,0.0
本来,0.0,3.0,0.0,1.0
出色,0.0,3.0,0.0,1.0
几十年,0.0,3.0,0.0,1.0
捐助,0.0,3.0,0.0,1.0
确保,0.0,12.0,0.0,1.0
twGcT83M3n7PcklmXL7wg3lKJCw,0.0,3.0,0.0,1.0
Des,2.0,6.0,0.25,0.75
供热,8.0,30.0,0.21052631578947367,0.7894736842105263
3000,0.0,6.0,0.0,1.0
又,0.0,3.0,0.0,1.0
大规模,6.0,6.0,0.5,0.5
这为,0.0,3.0,0.0,1.0
分别,0.0,33.0,0.0,1.0
近年来,0.0,3.0,0.0,1.0
拟,0.0,9.0,0.0,1.0
经过,0.0,3.0,0.0,1.0
资格,0.0,3.0,0.0,1.0
总,0.0,6.0,0.0,1.0
做,0.0,3.0,0.0,1.0
<,0.0,18.0,0.0,1.0
交易,0.0,15.0,0.0,1.0
快速,0.0,1.0,0.0,1.0
整形,0.0,3.0,0.0,1.0
奥马,0.0,6.0,0.0,1.0
日照,9.0,0.0,1.0,0.0
提升,0.0,3.0,0.0,1.0
季节,8.0,18.0,0.3076923076923077,0.6923076923076923
低至,3.0,0.0,1.0,0.0
下文,2.0,3.0,0.4,0.6
3.3,0.0,3.0,0.0,1.0
生态圈,0.0,6.0,0.0,1.0
png,0.0,12.0,0.0,1.0
hqpick,0.0,3.0,0.0,1.0
效率高,0.0,3.0,0.0,1.0
智慧,0.0,3.0,0.0,1.0
推进,3.0,0.0,1.0,0.0
重磅,0.0,9.0,0.0,1.0
老板,0.0,9.0,0.0,1.0
】,18.0,3.0,0.8571428571428571,0.14285714285714285
上,3.0,12.0,0.2,0.8
业绩,0.0,33.0,0.0,1.0
爱国主义,3.0,0.0,1.0,0.0
深,0.0,6.0,0.0,1.0
多年,3.0,3.0,0.5,0.5
国内外,0.0,3.0,0.0,1.0
热水器,0.0,39.0,0.0,1.0
不到,0.0,3.0,0.0,1.0
发力,3.0,0.0,1.0,0.0
发展,0.0,18.0,0.0,1.0
4D,3.0,0.0,1.0,0.0
博弈,0.0,3.0,0.0,1.0
AAAAA,3.0,0.0,1.0,0.0
长期投资,0.0,3.0,0.0,1.0
?,6.0,12.0,0.3333333333333333,0.6666666666666666
标准,6.0,3.0,0.6666666666666666,0.3333333333333333
所在,0.0,6.0,0.0,1.0
共享,0.0,3.0,0.0,1.0
+,0.0,6.0,0.0,1.0
2000,0.0,9.0,0.0,1.0
板块,0.0,3.0,0.0,1.0
跨,8.0,18.0,0.3076923076923077,0.6923076923076923
报表,0.0,3.0,0.0,1.0
新高,0.0,4.0,0.0,1.0
4000,0.0,3.0,0.0,1.0
带来,0.0,3.0,0.0,1.0
相关,3.0,21.0,0.125,0.875
领导,2.0,3.0,0.4,0.6
盈利,0.0,27.0,0.0,1.0
致函,0.0,6.0,0.0,1.0
仪式,2.0,3.0,0.4,0.6
颓势,0.0,3.0,0.0,1.0
老牌,0.0,3.0,0.0,1.0
投资,0.0,6.0,0.0,1.0
1.44,0.0,3.0,0.0,1.0
说走就走,3.0,0.0,1.0,0.0
都,3.0,6.0,0.3333333333333333,0.6666666666666666
征求意见,3.0,0.0,1.0,0.0
遭遇,0.0,6.0,0.0,1.0
设立,0.0,24.0,0.0,1.0
很多,0.0,3.0,0.0,1.0
8.22,0.0,1.0,0.0,1.0
加强,0.0,3.0,0.0,1.0
造成,0.0,3.0,0.0,1.0
营销,0.0,9.0,0.0,1.0
批准,0.0,6.0,0.0,1.0
进行,3.0,6.0,0.3333333333333333,0.6666666666666666
夫妻店,0.0,3.0,0.0,1.0
主题,3.0,0.0,1.0,0.0
业内人士,0.0,6.0,0.0,1.0
民众,3.0,3.0,0.5,0.5
创出,0.0,1.0,0.0,1.0
政府,3.0,0.0,1.0,0.0
中新网,0.0,3.0,0.0,1.0
家电,0.0,6.0,0.0,1.0
系,0.0,3.0,0.0,1.0
单机,0.0,3.0,0.0,1.0
开发,11.0,18.0,0.3793103448275862,0.6206896551724138
购物,9.0,0.0,1.0,0.0
Robin,2.0,3.0,0.4,0.6
跨越,6.0,6.0,0.5,0.5
超过,0.0,3.0,0.0,1.0
集,0.0,3.0,0.0,1.0
0.35,3.0,0.0,1.0,0.0
五四,3.0,0.0,1.0,0.0
短短,0.0,3.0,0.0,1.0
按,6.0,3.0,0.6666666666666666,0.3333333333333333
保险,3.0,0.0,1.0,0.0
国际化,0.0,3.0,0.0,1.0
游,3.0,0.0,1.0,0.0
一万,0.0,3.0,0.0,1.0
版权所有,3.0,0.0,1.0,0.0
高开,0.0,1.0,0.0,1.0
引流,0.0,3.0,0.0,1.0
反向,0.0,3.0,0.0,1.0
贻误,0.0,3.0,0.0,1.0
目标,3.0,0.0,1.0,0.0
2.5,0.0,3.0,0.0,1.0
互联网,0.0,12.0,0.0,1.0
网,0.0,3.0,0.0,1.0
0.08,0.0,3.0,0.0,1.0
自,0.0,3.0,0.0,1.0
35,3.0,0.0,1.0,0.0
策,3.0,0.0,1.0,0.0
亿平方米,3.0,0.0,1.0,0.0
000591,0.0,3.0,0.0,1.0
总监,2.0,3.0,0.4,0.6
YA8qn54vEEula7z5ybwcT2eDojeK3zrFiaPzA1ydLTdeqgb5L6MpNlia2okIbXdguMWeESQda1nClWh14VdLh1mw,0.0,3.0,0.0,1.0
成交额,0.0,3.0,0.0,1.0
张怡,0.0,1.0,0.0,1.0
太阳雨,9.0,42.0,0.17647058823529413,0.8235294117647058
石化,0.0,12.0,0.0,1.0
同步,0.0,3.0,0.0,1.0
1600,0.0,9.0,0.0,1.0
经验,0.0,3.0,0.0,1.0
中国,9.0,21.0,0.3,0.7
亿,0.0,9.0,0.0,1.0
长沙,0.0,3.0,0.0,1.0
行业龙头,0.0,3.0,0.0,1.0
营业,0.0,15.0,0.0,1.0
双双,0.0,3.0,0.0,1.0
共铸,3.0,0.0,1.0,0.0
稿,3.0,0.0,1.0,0.0
金融,0.0,3.0,0.0,1.0
大型,3.0,0.0,1.0,0.0
认缴,0.0,12.0,0.0,1.0
美好,3.0,0.0,1.0,0.0
贫困,0.0,3.0,0.0,1.0
盾安,0.0,12.0,0.0,1.0
对帅康,0.0,3.0,0.0,1.0
地区,3.0,3.0,0.5,0.5
二日游,9.0,0.0,1.0,0.0
铸造,0.0,3.0,0.0,1.0
0.32,0.0,3.0,0.0,1.0
巨大,3.0,6.0,0.3333333333333333,0.6666666666666666
企业,3.0,6.0,0.3333333333333333,0.6666666666666666
只,3.0,0.0,1.0,0.0
早已,0.0,3.0,0.0,1.0
越高,0.0,3.0,0.0,1.0
imgcdc,0.0,3.0,0.0,1.0
银监局,0.0,6.0,0.0,1.0
SRC,0.0,18.0,0.0,1.0
技术支持,0.0,3.0,0.0,1.0
OUT,3.0,0.0,1.0,0.0
东方集团,0.0,24.0,0.0,1.0
拥抱,0.0,3.0,0.0,1.0
30,3.0,3.0,0.5,0.5
持股,0.0,12.0,0.0,1.0
k,0.0,3.0,0.0,1.0
公益活动,0.0,9.0,0.0,1.0
采集,0.0,3.0,0.0,1.0
采暖,3.0,21.0,0.125,0.875
设计,3.0,0.0,1.0,0.0
3.7,0.0,3.0,0.0,1.0
一种,0.0,9.0,0.0,1.0
水产品,0.0,3.0,0.0,1.0
先后,0.0,3.0,0.0,1.0
专卖店,0.0,3.0,0.0,1.0
独立,0.0,24.0,0.0,1.0
17,0.0,3.0,0.0,1.0
Jim,5.0,6.0,0.45454545454545453,0.5454545454545454
[,9.0,0.0,1.0,0.0
康索沃,0.0,15.0,0.0,1.0
一天,3.0,0.0,1.0,0.0
线上,0.0,6.0,0.0,1.0
归属,0.0,3.0,0.0,1.0
已含,3.0,0.0,1.0,0.0
亏,0.0,3.0,0.0,1.0
庄家,0.0,3.0,0.0,1.0
2020,3.0,0.0,1.0,0.0
反映,0.0,3.0,0.0,1.0
品牌优势,0.0,6.0,0.0,1.0
核发,0.0,3.0,0.0,1.0
地球,3.0,0.0,1.0,0.0
销售量,0.0,3.0,0.0,1.0
5,6.0,3.0,0.6666666666666666,0.3333333333333333
100,0.0,3.0,0.0,1.0
寄语,0.0,6.0,0.0,1.0
不算,3.0,0.0,1.0,0.0
逆境,0.0,3.0,0.0,1.0
遇,0.0,3.0,0.0,1.0
亦,0.0,3.0,0.0,1.0
开始,3.0,0.0,1.0,0.0
0,0.0,12.0,0.0,1.0
关联,0.0,3.0,0.0,1.0
由,0.0,15.0,0.0,1.0
比,0.0,9.0,0.0,1.0
晚餐,3.0,0.0,1.0,0.0
厨电,0.0,33.0,0.0,1.0
围绕,0.0,3.0,0.0,1.0
同时,0.0,15.0,0.0,1.0
频繁,0.0,3.0,0.0,1.0
举行,3.0,0.0,1.0,0.0
完全,0.0,3.0,0.0,1.0
母公司,0.0,3.0,0.0,1.0
明白,0.0,3.0,0.0,1.0
五,6.0,3.0,0.6666666666666666,0.3333333333333333
月,9.0,24.0,0.2727272727272727,0.7272727272727273
特价,3.0,0.0,1.0,0.0
空气,0.0,9.0,0.0,1.0
人,3.0,0.0,1.0,0.0
看来,0.0,6.0,0.0,1.0
筹备,0.0,6.0,0.0,1.0
尚可,0.0,3.0,0.0,1.0
攀升,0.0,3.0,0.0,1.0
赋能,0.0,6.0,0.0,1.0
能够,0.0,3.0,0.0,1.0
音响,0.0,12.0,0.0,1.0
至今,0.0,3.0,0.0,1.0
专家,3.0,3.0,0.5,0.5
103.02,0.0,3.0,0.0,1.0
双,0.0,6.0,0.0,1.0
仍旧,0.0,6.0,0.0,1.0
中证网,0.0,3.0,0.0,1.0
二十周年,3.0,0.0,1.0,0.0
INC,0.0,6.0,0.0,1.0
募资,0.0,3.0,0.0,1.0
解决,0.0,6.0,0.0,1.0
诊股,0.0,9.0,0.0,1.0
报告,3.0,0.0,1.0,0.0
75,0.0,3.0,0.0,1.0
补涨,0.0,9.0,0.0,1.0
二维码,3.0,0.0,1.0,0.0
—,0.0,12.0,0.0,1.0
以下,0.0,6.0,0.0,1.0
家电行业,0.0,6.0,0.0,1.0
多元化,0.0,12.0,0.0,1.0
运用,3.0,0.0,1.0,0.0
大礼包,3.0,0.0,1.0,0.0
想,0.0,6.0,0.0,1.0
招,3.0,0.0,1.0,0.0
一场,3.0,0.0,1.0,0.0
公知,0.0,3.0,0.0,1.0
解读,6.0,6.0,0.5,0.5
工程,0.0,12.0,0.0,1.0
提高,0.0,3.0,0.0,1.0
电气,0.0,15.0,0.0,1.0
15,0.0,6.0,0.0,1.0
 ,641.0,151.0,0.8093434343434344,0.19065656565656566
增长点,0.0,3.0,0.0,1.0
洪仕斌,0.0,3.0,0.0,1.0
从,3.0,3.0,0.5,0.5
收报,0.0,1.0,0.0,1.0
开放,0.0,3.0,0.0,1.0
进入,0.0,3.0,0.0,1.0
http,0.0,18.0,0.0,1.0
略有,0.0,3.0,0.0,1.0
01,3.0,0.0,1.0,0.0
者,0.0,3.0,0.0,1.0
负责人,0.0,3.0,0.0,1.0
欧普,0.0,6.0,0.0,1.0
厨电新,0.0,3.0,0.0,1.0
龙头,0.0,3.0,0.0,1.0
超市,0.0,3.0,0.0,1.0
墙,0.0,18.0,0.0,1.0
强势,0.0,6.0,0.0,1.0
2016,0.0,18.0,0.0,1.0
0.1,0.0,6.0,0.0,1.0
至帅康,0.0,3.0,0.0,1.0
文,0.0,3.0,0.0,1.0
支付,0.0,6.0,0.0,1.0
建设,3.0,9.0,0.25,0.75
详细,0.0,6.0,0.0,1.0
级,3.0,0.0,1.0,0.0
作出,0.0,6.0,0.0,1.0
雾,0.0,6.0,0.0,1.0
个体,0.0,3.0,0.0,1.0
东方,64.0,271.0,0.191044776119403,0.808955223880597
财报,0.0,6.0,0.0,1.0
后,3.0,0.0,1.0,0.0
并非,0.0,3.0,0.0,1.0
规模,0.0,3.0,0.0,1.0
乡镇,0.0,3.0,0.0,1.0
内,0.0,3.0,0.0,1.0
悄然兴起,0.0,3.0,0.0,1.0
城市,0.0,6.0,0.0,1.0
可能,3.0,9.0,0.25,0.75
推手,0.0,3.0,0.0,1.0
产业布局,0.0,3.0,0.0,1.0
产业,3.0,9.0,0.25,0.75
【,15.0,3.0,0.8333333333333334,0.16666666666666666
jpg,0.0,9.0,0.0,1.0
占,0.0,3.0,0.0,1.0
2.2,0.0,3.0,0.0,1.0
说,0.0,3.0,0.0,1.0
篇幅,0.0,3.0,0.0,1.0
局,3.0,0.0,1.0,0.0
形态,0.0,3.0,0.0,1.0
有望,0.0,9.0,0.0,1.0
》,6.0,12.0,0.3333333333333333,0.6666666666666666
地位,0.0,3.0,0.0,1.0
阶段性,0.0,3.0,0.0,1.0
行程,3.0,0.0,1.0,0.0
联姻,0.0,3.0,0.0,1.0
海洋,18.0,0.0,1.0,0.0
张,0.0,3.0,0.0,1.0
股价,0.0,9.0,0.0,1.0
作为,3.0,9.0,0.25,0.75
综合,3.0,0.0,1.0,0.0
几乎,0.0,3.0,0.0,1.0
自身,0.0,3.0,0.0,1.0
包括,0.0,9.0,0.0,1.0
受,0.0,9.0,0.0,1.0
竞争,0.0,3.0,0.0,1.0
截至,0.0,3.0,0.0,1.0
餐饮行业,0.0,3.0,0.0,1.0
目前,0.0,6.0,0.0,1.0
不振,0.0,3.0,0.0,1.0
已经,3.0,6.0,0.3333333333333333,0.6666666666666666
发起人,0.0,3.0,0.0,1.0
上午,0.0,3.0,0.0,1.0
’,0.0,3.0,0.0,1.0
根本,0.0,3.0,0.0,1.0
话语权,3.0,3.0,0.5,0.5
效率,0.0,3.0,0.0,1.0
NouqCzw6rVJ9hZRXOJ6bOSVswP8fL,0.0,3.0,0.0,1.0
经验丰富,0.0,3.0,0.0,1.0
公告,0.0,15.0,0.0,1.0
共,0.0,3.0,0.0,1.0
担心,0.0,3.0,0.0,1.0
买卖,0.0,3.0,0.0,1.0
覆膜,3.0,0.0,1.0,0.0
买入,0.0,12.0,0.0,1.0
9.37,0.0,6.0,0.0,1.0
处在,0.0,3.0,0.0,1.0
加码,0.0,3.0,0.0,1.0
净,0.0,3.0,0.0,1.0
根据,0.0,3.0,0.0,1.0
开启,0.0,3.0,0.0,1.0
不景气,0.0,3.0,0.0,1.0
年报,0.0,6.0,0.0,1.0
债务,0.0,3.0,0.0,1.0
成熟,0.0,3.0,0.0,1.0
分钟,3.0,0.0,1.0,0.0
视频,3.0,0.0,1.0,0.0
□,0.0,1.0,0.0,1.0
支付现金,0.0,3.0,0.0,1.0
往期,3.0,0.0,1.0,0.0
有利于,3.0,3.0,0.5,0.5
企稳,0.0,6.0,0.0,1.0
因素,3.0,0.0,1.0,0.0
然后,0.0,3.0,0.0,1.0
4.9,0.0,3.0,0.0,1.0
局面,0.0,3.0,0.0,1.0
近日,5.0,3.0,0.625,0.375
能源,3.0,6.0,0.3333333333333333,0.6666666666666666
历史,3.0,0.0,1.0,0.0
回应,0.0,6.0,0.0,1.0
升级,6.0,3.0,0.6666666666666666,0.3333333333333333
热泵,0.0,3.0,0.0,1.0
2017,9.0,18.0,0.3333333333333333,0.6666666666666666
商学院,0.0,3.0,0.0,1.0
最佳,3.0,0.0,1.0,0.0
化,0.0,3.0,0.0,1.0
区域,5.0,18.0,0.21739130434782608,0.782608695652174
太阳,0.0,18.0,0.0,1.0
新型,0.0,9.0,0.0,1.0
酒店,8.0,0.0,1.0,0.0
购买,6.0,3.0,0.6666666666666666,0.3333333333333333
服务,6.0,6.0,0.5,0.5
可以,0.0,12.0,0.0,1.0
了解,3.0,6.0,0.3333333333333333,0.6666666666666666
状况,0.0,3.0,0.0,1.0
AAA,6.0,0.0,1.0,0.0
推广,0.0,6.0,0.0,1.0
TX,6.0,0.0,1.0,0.0
延续,0.0,6.0,0.0,1.0
万人次,0.0,3.0,0.0,1.0
本报记者,0.0,1.0,0.0,1.0
以一,0.0,3.0,0.0,1.0
95211493889009,0.0,3.0,0.0,1.0
精华,3.0,0.0,1.0,0.0
神话故事,3.0,0.0,1.0,0.0
3376.43,0.0,3.0,0.0,1.0
账户,0.0,6.0,0.0,1.0
Frank,2.0,6.0,0.25,0.75
两日游,3.0,0.0,1.0,0.0
土特产,3.0,0.0,1.0,0.0
一度,0.0,3.0,0.0,1.0
全国,3.0,0.0,1.0,0.0
晚间,0.0,6.0,0.0,1.0
热情,0.0,3.0,0.0,1.0
徐,5.0,6.0,0.45454545454545453,0.5454545454545454
：,27.0,57.0,0.32142857142857145,0.6785714285714286
过,0.0,3.0,0.0,1.0
打造,0.0,6.0,0.0,1.0
副,2.0,3.0,0.4,0.6
低迷,0.0,3.0,0.0,1.0
手机,3.0,0.0,1.0,0.0
会,0.0,3.0,0.0,1.0
发稿,0.0,3.0,0.0,1.0
财年,0.0,3.0,0.0,1.0
）,18.0,21.0,0.46153846153846156,0.5384615384615384
程,3.0,0.0,1.0,0.0
希望,0.0,3.0,0.0,1.0
予以,0.0,3.0,0.0,1.0
合力,2.0,6.0,0.25,0.75
；,9.0,21.0,0.3,0.7
节能,3.0,21.0,0.125,0.875
渠道,0.0,21.0,0.0,1.0
8,0.0,3.0,0.0,1.0
有效,0.0,3.0,0.0,1.0
北,0.0,12.0,0.0,1.0
智能,6.0,0.0,1.0,0.0
通云,0.0,3.0,0.0,1.0
小,0.0,3.0,0.0,1.0
丹麦,0.0,3.0,0.0,1.0
战场,0.0,3.0,0.0,1.0
辉煌,3.0,0.0,1.0,0.0
价值,0.0,3.0,0.0,1.0
经典,3.0,0.0,1.0,0.0
出席,2.0,3.0,0.4,0.6
独家,3.0,0.0,1.0,0.0
3.4,0.0,3.0,0.0,1.0
点,0.0,15.0,0.0,1.0
促进,3.0,0.0,1.0,0.0
激光,3.0,0.0,1.0,0.0
运行,0.0,3.0,0.0,1.0
餐饮,3.0,0.0,1.0,0.0
系统,5.0,24.0,0.1724137931034483,0.8275862068965517
中方,3.0,3.0,0.5,0.5
有序,0.0,3.0,0.0,1.0
蓄热,3.0,0.0,1.0,0.0
跌幅,0.0,12.0,0.0,1.0
规模化,0.0,6.0,0.0,1.0
前期,0.0,3.0,0.0,1.0
森工,0.0,12.0,0.0,1.0
主业,0.0,12.0,0.0,1.0
志愿者,0.0,9.0,0.0,1.0
复制,0.0,3.0,0.0,1.0
收到,0.0,3.0,0.0,1.0
为了,0.0,3.0,0.0,1.0
实际上,0.0,3.0,0.0,1.0
顺利,0.0,3.0,0.0,1.0
提额,3.0,0.0,1.0,0.0
苏交科,0.0,3.0,0.0,1.0
市场,0.0,21.0,0.0,1.0
注,0.0,3.0,0.0,1.0
问题,0.0,9.0,0.0,1.0
量,0.0,6.0,0.0,1.0
操作,0.0,3.0,0.0,1.0
意见,3.0,0.0,1.0,0.0
看点,0.0,3.0,0.0,1.0
日游,6.0,0.0,1.0,0.0
五金,0.0,3.0,0.0,1.0
性能,0.0,3.0,0.0,1.0
高效,0.0,9.0,0.0,1.0
交易额,0.0,3.0,0.0,1.0
用,3.0,0.0,1.0,0.0
万家,0.0,3.0,0.0,1.0
丰富,0.0,3.0,0.0,1.0
jpeg,0.0,9.0,0.0,1.0
环境,0.0,12.0,0.0,1.0
投资者,0.0,3.0,0.0,1.0
干,0.0,3.0,0.0,1.0
总计,0.0,3.0,0.0,1.0
偿还,0.0,3.0,0.0,1.0
工商,0.0,3.0,0.0,1.0
一个,3.0,18.0,0.14285714285714285,0.8571428571428571
定制,0.0,6.0,0.0,1.0
股本,0.0,3.0,0.0,1.0
CAnmetENERGY,0.0,3.0,0.0,1.0
自主,0.0,3.0,0.0,1.0
全力,0.0,3.0,0.0,1.0
19,3.0,0.0,1.0,0.0
壮观,3.0,0.0,1.0,0.0
民用,3.0,0.0,1.0,0.0
净利润,0.0,18.0,0.0,1.0
农村,3.0,0.0,1.0,0.0
受制于,0.0,3.0,0.0,1.0
|,0.0,3.0,0.0,1.0
用户量,0.0,3.0,0.0,1.0
不变,3.0,0.0,1.0,0.0
文化,3.0,3.0,0.5,0.5
舒适,3.0,0.0,1.0,0.0
布局,0.0,6.0,0.0,1.0
完美,3.0,0.0,1.0,0.0
一直,0.0,3.0,0.0,1.0
霾,0.0,6.0,0.0,1.0
研发,6.0,9.0,0.4,0.6
取暖,9.0,0.0,1.0,0.0
整体,0.0,6.0,0.0,1.0
溢价,0.0,3.0,0.0,1.0
表现手法,3.0,0.0,1.0,0.0
业务,0.0,3.0,0.0,1.0
梯队,0.0,3.0,0.0,1.0
迭代,3.0,3.0,0.5,0.5
部,7.0,9.0,0.4375,0.5625
可谓,0.0,3.0,0.0,1.0
旅行,3.0,0.0,1.0,0.0
区域合作,0.0,3.0,0.0,1.0
令,0.0,3.0,0.0,1.0
昨日,0.0,4.0,0.0,1.0
易,0.0,3.0,0.0,1.0
全程无,3.0,0.0,1.0,0.0
浙系,0.0,3.0,0.0,1.0
其中,0.0,6.0,0.0,1.0
视为,0.0,3.0,0.0,1.0
零排放,0.0,3.0,0.0,1.0
全面,3.0,0.0,1.0,0.0
引领,3.0,3.0,0.5,0.5
发挥,0.0,3.0,0.0,1.0
年,6.0,36.0,0.14285714285714285,0.8571428571428571
领军,3.0,0.0,1.0,0.0
最好,3.0,3.0,0.5,0.5
具体,0.0,3.0,0.0,1.0
产品,3.0,27.0,0.1,0.9
/,3.0,91.0,0.031914893617021274,0.9680851063829787
协同效应,0.0,6.0,0.0,1.0
于,0.0,12.0,0.0,1.0
Sinha,2.0,3.0,0.4,0.6
Sunmark,0.0,3.0,0.0,1.0
中心,7.0,12.0,0.3684210526315789,0.631578947368421
或是,0.0,3.0,0.0,1.0
无数个,0.0,3.0,0.0,1.0
业内,0.0,6.0,0.0,1.0
据悉,0.0,3.0,0.0,1.0
公司,0.0,72.0,0.0,1.0
下跌,0.0,6.0,0.0,1.0
归属于,0.0,12.0,0.0,1.0
20170504,0.0,3.0,0.0,1.0
格力电器,0.0,9.0,0.0,1.0
剩余,0.0,3.0,0.0,1.0
努力,0.0,3.0,0.0,1.0
战略,0.0,9.0,0.0,1.0
持续,0.0,9.0,0.0,1.0
色彩缤纷,3.0,0.0,1.0,0.0
签订,2.0,3.0,0.4,0.6
最终目标,3.0,3.0,0.5,0.5
品牌,0.0,15.0,0.0,1.0
真正,0.0,3.0,0.0,1.0
显示,0.0,12.0,0.0,1.0
难有,0.0,3.0,0.0,1.0
量化,3.0,0.0,1.0,0.0
经营报,0.0,3.0,0.0,1.0
转型,0.0,3.0,0.0,1.0
CanmetENERGY,5.0,3.0,0.625,0.375
爱心,0.0,18.0,0.0,1.0
营收,0.0,3.0,0.0,1.0
阶段,0.0,3.0,0.0,1.0
《,6.0,12.0,0.3333333333333333,0.6666666666666666
人身,3.0,0.0,1.0,0.0
减排,3.0,3.0,0.5,0.5
资质,0.0,3.0,0.0,1.0
首发,6.0,0.0,1.0,0.0
难以,0.0,9.0,0.0,1.0
法律,0.0,3.0,0.0,1.0
突围,0.0,3.0,0.0,1.0
导游,6.0,0.0,1.0,0.0
倍,0.0,3.0,0.0,1.0
已,0.0,6.0,0.0,1.0
担忧,0.0,3.0,0.0,1.0
替代,3.0,0.0,1.0,0.0
简称,0.0,6.0,0.0,1.0
表达形式,3.0,0.0,1.0,0.0
长,3.0,0.0,1.0,0.0
BOT,0.0,3.0,0.0,1.0
无可挽回,0.0,3.0,0.0,1.0
多个,0.0,3.0,0.0,1.0
0.5,0.0,3.0,0.0,1.0
陪护,3.0,0.0,1.0,0.0
以往,0.0,1.0,0.0,1.0
北京,2.0,3.0,0.4,0.6
3,9.0,3.0,0.75,0.25
行业,3.0,30.0,0.09090909090909091,0.9090909090909091
出资,0.0,9.0,0.0,1.0
共同,3.0,12.0,0.2,0.8
详述,0.0,3.0,0.0,1.0
IMAGE,0.0,18.0,0.0,1.0
对于,0.0,12.0,0.0,1.0
会务,0.0,3.0,0.0,1.0
0.0,0.0,18.0,0.0,1.0
5.1,0.0,3.0,0.0,1.0
底部,0.0,9.0,0.0,1.0
核心,0.0,6.0,0.0,1.0
子公司,0.0,15.0,0.0,1.0
高,3.0,6.0,0.3333333333333333,0.6666666666666666
应用,0.0,6.0,0.0,1.0
认购,0.0,3.0,0.0,1.0
前端,0.0,3.0,0.0,1.0
我国,0.0,6.0,0.0,1.0
经济,0.0,3.0,0.0,1.0
603366,0.0,18.0,0.0,1.0
栈桥,3.0,0.0,1.0,0.0
冬季,3.0,3.0,0.5,0.5
识别,3.0,0.0,1.0,0.0
苏宁,0.0,24.0,0.0,1.0
大爱,0.0,12.0,0.0,1.0
40,0.0,3.0,0.0,1.0
逐步,0.0,6.0,0.0,1.0
面对,0.0,3.0,0.0,1.0
不减,0.0,3.0,0.0,1.0
多数,0.0,3.0,0.0,1.0
15.6,0.0,3.0,0.0,1.0
沦为,0.0,3.0,0.0,1.0
景区,18.0,0.0,1.0,0.0
特色,6.0,0.0,1.0,0.0
吸粉,0.0,3.0,0.0,1.0
读,3.0,0.0,1.0,0.0
9.80,0.0,3.0,0.0,1.0
其,0.0,6.0,0.0,1.0
9,0.0,3.0,0.0,1.0
当天,0.0,3.0,0.0,1.0
看似,3.0,0.0,1.0,0.0
网络,0.0,12.0,0.0,1.0
fmt,0.0,12.0,0.0,1.0
全年,0.0,3.0,0.0,1.0
具备,0.0,6.0,0.0,1.0
仍,0.0,3.0,0.0,1.0
cn,0.0,12.0,0.0,1.0
核准,0.0,3.0,0.0,1.0
走势,0.0,3.0,0.0,1.0
最终,0.0,1.0,0.0,1.0
该股,0.0,6.0,0.0,1.0
为什么,0.0,3.0,0.0,1.0
迪贝,0.0,3.0,0.0,1.0
优化,0.0,3.0,0.0,1.0
第一季度,0.0,6.0,0.0,1.0
面积,3.0,0.0,1.0,0.0
吴俊捷,0.0,3.0,0.0,1.0
下滑,0.0,39.0,0.0,1.0
提到,3.0,0.0,1.0,0.0
光热,3.0,3.0,0.5,0.5
关于,3.0,0.0,1.0,0.0
收购,0.0,18.0,0.0,1.0
致电,0.0,6.0,0.0,1.0
模式,0.0,6.0,0.0,1.0
取得,0.0,3.0,0.0,1.0
通知,0.0,3.0,0.0,1.0
认为,0.0,3.0,0.0,1.0
寸,3.0,0.0,1.0,0.0
7.1,0.0,3.0,0.0,1.0
深圳证券交易所,3.0,0.0,1.0,0.0
经常性,0.0,6.0,0.0,1.0
合同法,0.0,3.0,0.0,1.0
部长,7.0,12.0,0.3684210526315789,0.631578947368421
九阳,0.0,9.0,0.0,1.0
超值,3.0,0.0,1.0,0.0
一定,0.0,3.0,0.0,1.0
深入,0.0,3.0,0.0,1.0
赢,0.0,3.0,0.0,1.0
技术培训,3.0,0.0,1.0,0.0
观看,3.0,0.0,1.0,0.0
·,20.0,0.0,1.0,0.0
mmbiz,0.0,24.0,0.0,1.0
早,0.0,3.0,0.0,1.0
.,9.0,45.0,0.16666666666666666,0.8333333333333334
11,0.0,9.0,0.0,1.0
7.80,0.0,3.0,0.0,1.0
全剧,3.0,0.0,1.0,0.0
此番,0.0,3.0,0.0,1.0
康佳,0.0,6.0,0.0,1.0
三四,0.0,9.0,0.0,1.0
任明杰,0.0,3.0,0.0,1.0
奇特,3.0,0.0,1.0,0.0
养卡,3.0,0.0,1.0,0.0
周期,0.0,3.0,0.0,1.0
讯,0.0,3.0,0.0,1.0
30000,0.0,6.0,0.0,1.0
将,6.0,30.0,0.16666666666666666,0.8333333333333334
席位,0.0,3.0,0.0,1.0
商家,0.0,6.0,0.0,1.0
随着,0.0,6.0,0.0,1.0
A股,0.0,3.0,0.0,1.0
不同,0.0,6.0,0.0,1.0
意外险,3.0,0.0,1.0,0.0
据,0.0,12.0,0.0,1.0
季报,0.0,3.0,0.0,1.0
聚隆,0.0,6.0,0.0,1.0
CONSERVALENGINEERINGINC,0.0,6.0,0.0,1.0
联盟,0.0,6.0,0.0,1.0
库存量,0.0,3.0,0.0,1.0
需要,3.0,0.0,1.0,0.0
EottTRMfH49gQaSAn4PiaBc9d1c1z1C1Y9VTcvbWDfPpyxMuohQTRKu72jpQahFEtw9kJaIA,0.0,3.0,0.0,1.0
研究,3.0,3.0,0.5,0.5
损益,0.0,6.0,0.0,1.0
复合,0.0,3.0,0.0,1.0
股,0.0,1.0,0.0,1.0
热力,0.0,6.0,0.0,1.0
浮出,0.0,3.0,0.0,1.0
qpic,0.0,12.0,0.0,1.0
政,3.0,0.0,1.0,0.0
玲玲,0.0,3.0,0.0,1.0
分羹,0.0,3.0,0.0,1.0
首度,0.0,3.0,0.0,1.0
1,0.0,9.0,0.0,1.0
多方,0.0,3.0,0.0,1.0
加快,0.0,3.0,0.0,1.0
AAAA,3.0,0.0,1.0,0.0
合法,0.0,3.0,0.0,1.0
具有,0.0,3.0,0.0,1.0
优势,0.0,9.0,0.0,1.0
热能,3.0,6.0,0.3333333333333333,0.6666666666666666
寻常,3.0,0.0,1.0,0.0
交流会,0.0,3.0,0.0,1.0
贴心,3.0,0.0,1.0,0.0
用以,0.0,3.0,0.0,1.0
Conserval,0.0,3.0,0.0,1.0
是否,0.0,3.0,0.0,1.0
ENGINEERING,0.0,6.0,0.0,1.0
零售,0.0,3.0,0.0,1.0
优秀,6.0,0.0,1.0,0.0
连云港,6.0,0.0,1.0,0.0
瓶颈,0.0,9.0,0.0,1.0
EMC,0.0,3.0,0.0,1.0
极地,18.0,0.0,1.0,0.0
大大,3.0,6.0,0.3333333333333333,0.6666666666666666
披露,0.0,3.0,0.0,1.0
工具,0.0,3.0,0.0,1.0
日电,0.0,3.0,0.0,1.0
2.1,0.0,3.0,0.0,1.0
风景区,3.0,0.0,1.0,0.0
存在,0.0,9.0,0.0,1.0
展厅,0.0,3.0,0.0,1.0
注册资本,0.0,24.0,0.0,1.0
路桥,0.0,12.0,0.0,1.0
江苏,0.0,30.0,0.0,1.0
接到,0.0,3.0,0.0,1.0
建立,0.0,12.0,0.0,1.0
致力于,6.0,9.0,0.4,0.6
自愿,3.0,0.0,1.0,0.0
换手率,0.0,6.0,0.0,1.0
要,0.0,6.0,0.0,1.0
上行,0.0,1.0,0.0,1.0
桃花岛,12.0,0.0,1.0,0.0
),5.0,36.0,0.12195121951219512,0.8780487804878049
并购,0.0,6.0,0.0,1.0
朋友,0.0,3.0,0.0,1.0
7,9.0,0.0,1.0,0.0
二线,0.0,6.0,0.0,1.0
等,5.0,42.0,0.10638297872340426,0.8936170212765957
千家,0.0,3.0,0.0,1.0
市场占有率,3.0,3.0,0.5,0.5
端口,0.0,3.0,0.0,1.0
A,3.0,0.0,1.0,0.0
重组,0.0,3.0,0.0,1.0
高端,3.0,3.0,0.5,0.5
事情,3.0,0.0,1.0,0.0
变更,3.0,0.0,1.0,0.0
北辰,2.0,0.0,1.0,0.0
eastmoney,0.0,3.0,0.0,1.0
第一届,0.0,9.0,0.0,1.0
请加,3.0,0.0,1.0,0.0
利用装置,0.0,3.0,0.0,1.0
上市公司,0.0,18.0,0.0,1.0
运营,0.0,9.0,0.0,1.0
发起,0.0,3.0,0.0,1.0
2012,0.0,3.0,0.0,1.0
二级,0.0,6.0,0.0,1.0
收入,0.0,15.0,0.0,1.0
提供,0.0,6.0,0.0,1.0
同行,0.0,3.0,0.0,1.0
4.2,0.0,3.0,0.0,1.0
成为,0.0,3.0,0.0,1.0
并未,0.0,6.0,0.0,1.0
、,81.0,195.0,0.29347826086956524,0.7065217391304348
信任,0.0,3.0,0.0,1.0
内有,3.0,0.0,1.0,0.0
能力,0.0,12.0,0.0,1.0
浙江,0.0,3.0,0.0,1.0
但,3.0,3.0,0.5,0.5
直飞,3.0,0.0,1.0,0.0
导致,0.0,3.0,0.0,1.0
储热,0.0,3.0,0.0,1.0
照明,0.0,6.0,0.0,1.0
城镇,0.0,3.0,0.0,1.0
费率,3.0,0.0,1.0,0.0
影像,3.0,0.0,1.0,0.0
高标准,3.0,0.0,1.0,0.0
一张,3.0,0.0,1.0,0.0
经销网,0.0,12.0,0.0,1.0
店,3.0,0.0,1.0,0.0
教育,3.0,0.0,1.0,0.0
湖南,0.0,15.0,0.0,1.0
135.88,0.0,3.0,0.0,1.0
利用,3.0,9.0,0.25,0.75
缓升,0.0,1.0,0.0,1.0
突破,0.0,9.0,0.0,1.0
以来,0.0,3.0,0.0,1.0
不断,3.0,6.0,0.3333333333333333,0.6666666666666666
新建,5.0,6.0,0.45454545454545453,0.5454545454545454
300284,0.0,3.0,0.0,1.0
3.83,0.0,3.0,0.0,1.0
分析师,0.0,3.0,0.0,1.0
解决方案,0.0,3.0,0.0,1.0
证券时报,0.0,3.0,0.0,1.0
提出,3.0,0.0,1.0,0.0
完善,0.0,12.0,0.0,1.0
以,3.0,12.0,0.2,0.8
采暖系统,0.0,3.0,0.0,1.0
第三方,0.0,3.0,0.0,1.0
安全,0.0,15.0,0.0,1.0
准四,3.0,0.0,1.0,0.0
再生能源,9.0,0.0,1.0,0.0
进军,0.0,12.0,0.0,1.0
深度,0.0,3.0,0.0,1.0
观察家,0.0,3.0,0.0,1.0
行情,0.0,9.0,0.0,1.0
工作,3.0,0.0,1.0,0.0
工商行政管理局,0.0,3.0,0.0,1.0
6033661,0.0,3.0,0.0,1.0
wx,0.0,12.0,0.0,1.0
让,3.0,3.0,0.5,0.5
2,0.0,6.0,0.0,1.0
微信,3.0,0.0,1.0,0.0
沐歌,17.0,21.0,0.4473684210526316,0.5526315789473685
似,0.0,3.0,0.0,1.0
有限,0.0,3.0,0.0,1.0
这些,3.0,0.0,1.0,0.0
百亿,0.0,9.0,0.0,1.0
良好,0.0,3.0,0.0,1.0
政策,6.0,6.0,0.5,0.5
风情园,3.0,0.0,1.0,0.0
借鉴,0.0,3.0,0.0,1.0
稳定,3.0,3.0,0.5,0.5
其它,0.0,3.0,0.0,1.0
音频,3.0,0.0,1.0,0.0
实现,3.0,24.0,0.1111111111111111,0.8888888888888888
产生,0.0,6.0,0.0,1.0
刘春燕,0.0,3.0,0.0,1.0
一角,0.0,3.0,0.0,1.0
美容,0.0,3.0,0.0,1.0
新,0.0,12.0,0.0,1.0
是,9.0,36.0,0.2,0.8
方面,0.0,9.0,0.0,1.0
海之秀,21.0,0.0,1.0,0.0
一签,0.0,3.0,0.0,1.0
业务收入,0.0,6.0,0.0,1.0
食宿,6.0,0.0,1.0,0.0
纪实,0.0,9.0,0.0,1.0
一项,0.0,3.0,0.0,1.0
全含,6.0,0.0,1.0,0.0
因,3.0,0.0,1.0,0.0
营业执照,0.0,3.0,0.0,1.0
太阳能,16.0,99.0,0.1391304347826087,0.8608695652173913
36.79,0.0,3.0,0.0,1.0
部副,0.0,3.0,0.0,1.0
顺序,3.0,0.0,1.0,0.0
>,0.0,18.0,0.0,1.0
启航,0.0,12.0,0.0,1.0
23.52,0.0,3.0,0.0,1.0
办卡,3.0,0.0,1.0,0.0
烟机,3.0,0.0,1.0,0.0
吉林,0.0,12.0,0.0,1.0
全球,0.0,3.0,0.0,1.0
全程,9.0,0.0,1.0,0.0
技术,3.0,42.0,0.06666666666666667,0.9333333333333333
龙虎榜,0.0,3.0,0.0,1.0
结合,0.0,3.0,0.0,1.0
商业模式,0.0,9.0,0.0,1.0
合同,0.0,6.0,0.0,1.0
通过,0.0,12.0,0.0,1.0
主要,0.0,9.0,0.0,1.0
=,0.0,30.0,0.0,1.0
时间,6.0,3.0,0.6666666666666666,0.3333333333333333
品质,9.0,0.0,1.0,0.0
剧情,3.0,0.0,1.0,0.0
三个,0.0,3.0,0.0,1.0
彩照,3.0,0.0,1.0,0.0
出现,0.0,3.0,0.0,1.0
上港,0.0,9.0,0.0,1.0
庆典活动,3.0,0.0,1.0,0.0
成果,0.0,3.0,0.0,1.0
上升,0.0,6.0,0.0,1.0
旅游,3.0,3.0,0.5,0.5
登记手续,0.0,3.0,0.0,1.0
洲际,2.0,0.0,1.0,0.0
银行,0.0,18.0,0.0,1.0
多方位,0.0,3.0,0.0,1.0
诚信,0.0,3.0,0.0,1.0
com,0.0,6.0,0.0,1.0
400,0.0,3.0,0.0,1.0
并,0.0,9.0,0.0,1.0
南通,3.0,0.0,1.0,0.0
N,0.0,3.0,0.0,1.0
造势,0.0,3.0,0.0,1.0
尾盘,0.0,1.0,0.0,1.0
相比,0.0,3.0,0.0,1.0
三花智控,0.0,3.0,0.0,1.0
坦言,0.0,3.0,0.0,1.0
分析,0.0,3.0,0.0,1.0
该,0.0,3.0,0.0,1.0
散煤,3.0,0.0,1.0,0.0
全景,3.0,0.0,1.0,0.0
一,6.0,15.0,0.2857142857142857,0.7142857142857143
20,0.0,3.0,0.0,1.0
帅康,0.0,48.0,0.0,1.0
一级,0.0,6.0,0.0,1.0
领域,6.0,24.0,0.2,0.8
有限公司,2.0,27.0,0.06896551724137931,0.9310344827586207
改善,0.0,9.0,0.0,1.0
较为,0.0,6.0,0.0,1.0
　,0.0,92.0,0.0,1.0
转让款,0.0,3.0,0.0,1.0
338,3.0,0.0,1.0,0.0
卖场,0.0,3.0,0.0,1.0
年度报告,0.0,3.0,0.0,1.0
构建,0.0,3.0,0.0,1.0
签通,0.0,12.0,0.0,1.0
08,3.0,0.0,1.0,0.0
景点,3.0,0.0,1.0,0.0
原因,0.0,6.0,0.0,1.0
实验,0.0,3.0,0.0,1.0
散户,0.0,6.0,0.0,1.0
商城,0.0,6.0,0.0,1.0
齐全,0.0,3.0,0.0,1.0
达,3.0,0.0,1.0,0.0
卫浴,0.0,3.0,0.0,1.0
参与,0.0,3.0,0.0,1.0
提取,0.0,3.0,0.0,1.0
国家,18.0,6.0,0.75,0.25
飞乐,0.0,12.0,0.0,1.0
6,3.0,21.0,0.125,0.875
指,0.0,3.0,0.0,1.0
给与,0.0,3.0,0.0,1.0
集团,3.0,21.0,0.125,0.875
热水,3.0,3.0,0.5,0.5
扫码,3.0,0.0,1.0,0.0
明显,0.0,6.0,0.0,1.0
可,9.0,18.0,0.3333333333333333,0.6666666666666666
门票,3.0,0.0,1.0,0.0
基于,0.0,3.0,0.0,1.0
新一代,3.0,0.0,1.0,0.0
评估,0.0,3.0,0.0,1.0
62.23,0.0,3.0,0.0,1.0
董事长,5.0,12.0,0.29411764705882354,0.7058823529411765
专业,3.0,9.0,0.25,0.75
4,0.0,6.0,0.0,1.0
更多,3.0,0.0,1.0,0.0
保温,0.0,3.0,0.0,1.0
‘,0.0,3.0,0.0,1.0
4.8,0.0,3.0,0.0,1.0
在,11.0,60.0,0.15492957746478872,0.8450704225352113
活跃,0.0,6.0,0.0,1.0
版图,0.0,3.0,0.0,1.0
开业,0.0,6.0,0.0,1.0
建院,3.0,0.0,1.0,0.0
在城镇,3.0,0.0,1.0,0.0
2.44,0.0,3.0,0.0,1.0
一改,0.0,1.0,0.0,1.0
扩容,0.0,3.0,0.0,1.0
高科技,3.0,0.0,1.0,0.0
带上,3.0,0.0,1.0,0.0
数据,0.0,6.0,0.0,1.0
人会,0.0,3.0,0.0,1.0
],6.0,0.0,1.0,0.0
并肩,0.0,3.0,0.0,1.0
睡眠,3.0,0.0,1.0,0.0
岗位,3.0,0.0,1.0,0.0
_,0.0,24.0,0.0,1.0
热,3.0,12.0,0.2,0.8
集中度,0.0,6.0,0.0,1.0
体系,0.0,3.0,0.0,1.0
25.68,0.0,3.0,0.0,1.0
一些,3.0,3.0,0.5,0.5
0.17,0.0,3.0,0.0,1.0
销售,3.0,9.0,0.25,0.75
转让,0.0,3.0,0.0,1.0
前,0.0,3.0,0.0,1.0
10.0,0.0,6.0,0.0,1.0
之后,0.0,1.0,0.0,1.0
Arcon,0.0,3.0,0.0,1.0
迄今,0.0,3.0,0.0,1.0
工程设计,0.0,3.0,0.0,1.0
较,3.0,6.0,0.3333333333333333,0.6666666666666666
本末倒置,0.0,6.0,0.0,1.0
自然,0.0,3.0,0.0,1.0
发布,3.0,3.0,0.5,0.5
个股,0.0,15.0,0.0,1.0
众所周知,0.0,3.0,0.0,1.0
科技,0.0,9.0,0.0,1.0
24.07,0.0,3.0,0.0,1.0
自转,3.0,0.0,1.0,0.0
主体,3.0,3.0,0.5,0.5
机构,0.0,3.0,0.0,1.0
积极探索,0.0,3.0,0.0,1.0
家庭,0.0,3.0,0.0,1.0
振幅,0.0,12.0,0.0,1.0
大,9.0,12.0,0.42857142857142855,0.5714285714285714
对方,0.0,6.0,0.0,1.0
配合,3.0,0.0,1.0,0.0
为主,0.0,12.0,0.0,1.0
26,3.0,0.0,1.0,0.0
平台,0.0,12.0,0.0,1.0
扣人心弦,3.0,0.0,1.0,0.0
%,0.0,126.0,0.0,1.0
放量,0.0,6.0,0.0,1.0
签署,5.0,9.0,0.35714285714285715,0.6428571428571429
检测,0.0,3.0,0.0,1.0
国际,0.0,3.0,0.0,1.0
海信,0.0,18.0,0.0,1.0
NouqCzw6rVJknMPibRyzAqS0WWmoV7q3hxf,0.0,3.0,0.0,1.0
开拓,0.0,3.0,0.0,1.0
万元,0.0,27.0,0.0,1.0
所,0.0,3.0,0.0,1.0
(,5.0,36.0,0.12195121951219512,0.8780487804878049
生产量,0.0,3.0,0.0,1.0
云商,0.0,6.0,0.0,1.0
旅途,6.0,0.0,1.0,0.0
（,18.0,21.0,0.46153846153846156,0.5384615384615384
考虑,0.0,6.0,0.0,1.0
601099,0.0,3.0,0.0,1.0
近,0.0,1.0,0.0,1.0
推荐,3.0,9.0,0.25,0.75
水面,0.0,3.0,0.0,1.0
标的,0.0,3.0,0.0,1.0
双方,0.0,9.0,0.0,1.0
表示,3.0,9.0,0.25,0.75
下载安装,3.0,0.0,1.0,0.0
赠送,6.0,0.0,1.0,0.0
震荡,0.0,1.0,0.0,1.0
贡献,0.0,3.0,0.0,1.0
以及,0.0,18.0,0.0,1.0
寄望,0.0,3.0,0.0,1.0
线,0.0,9.0,0.0,1.0
左右,6.0,3.0,0.6666666666666666,0.3333333333333333
扣除非,0.0,6.0,0.0,1.0
23.60,0.0,3.0,0.0,1.0
四季,17.0,21.0,0.4473684210526316,0.5526315789473685
基地,3.0,0.0,1.0,0.0
严格,0.0,3.0,0.0,1.0
洗浴,0.0,3.0,0.0,1.0
本次,5.0,9.0,0.35714285714285715,0.6428571428571429
目的,0.0,3.0,0.0,1.0
按照,0.0,3.0,0.0,1.0
合资,0.0,12.0,0.0,1.0
SH,0.0,3.0,0.0,1.0
互动,0.0,3.0,0.0,1.0
优质,0.0,3.0,0.0,1.0
18.45,0.0,3.0,0.0,1.0
股权,0.0,6.0,0.0,1.0
为,6.0,36.0,0.14285714285714285,0.8571428571428571
日晚,0.0,6.0,0.0,1.0
img03,0.0,3.0,0.0,1.0
最大,3.0,6.0,0.3333333333333333,0.6666666666666666
难称,0.0,3.0,0.0,1.0
横向,0.0,3.0,0.0,1.0
支撑,0.0,3.0,0.0,1.0
理财产品,0.0,3.0,0.0,1.0
被,0.0,6.0,0.0,1.0
成立,0.0,3.0,0.0,1.0
生产,0.0,6.0,0.0,1.0
关注,3.0,24.0,0.1111111111111111,0.8888888888888888
召开,0.0,3.0,0.0,1.0
表率,0.0,3.0,0.0,1.0
23.99,0.0,3.0,0.0,1.0
逐渐,0.0,6.0,0.0,1.0
36.33,0.0,3.0,0.0,1.0
验证,0.0,3.0,0.0,1.0
较大,0.0,12.0,0.0,1.0
态势,0.0,4.0,0.0,1.0
记者,0.0,9.0,0.0,1.0
太平洋,3.0,3.0,0.5,0.5
们,0.0,3.0,0.0,1.0
-,6.0,57.0,0.09523809523809523,0.9047619047619048
1.64,0.0,3.0,0.0,1.0
批复,0.0,3.0,0.0,1.0
PPP,0.0,3.0,0.0,1.0
二者,0.0,3.0,0.0,1.0
创,0.0,3.0,0.0,1.0
信用卡,6.0,0.0,1.0,0.0
机械,0.0,12.0,0.0,1.0
合作,11.0,30.0,0.2682926829268293,0.7317073170731707
协同,0.0,3.0,0.0,1.0
img,0.0,3.0,0.0,1.0
涨停板,0.0,1.0,0.0,1.0
建议,3.0,0.0,1.0,0.0
一个月,0.0,1.0,0.0,1.0
各项,0.0,3.0,0.0,1.0
厨卫,0.0,3.0,0.0,1.0
探索,3.0,3.0,0.5,0.5
