购买,9.0,3.0,0.75,0.25
日,85.0,98.0,0.4644808743169399,0.5355191256830601
累积,0.0,3.0,0.0,1.0
宅配,12.0,0.0,1.0,0.0
花市,3.0,0.0,1.0,0.0
广大,3.0,0.0,1.0,0.0
行政,11.0,0.0,1.0,0.0
反馈,3.0,0.0,1.0,0.0
…,24.0,0.0,1.0,0.0
提及,3.0,3.0,0.5,0.5
跟进,3.0,0.0,1.0,0.0
系统对,3.0,0.0,1.0,0.0
具体实施,3.0,0.0,1.0,0.0
探索期,3.0,0.0,1.0,0.0
撤销,0.0,3.0,0.0,1.0
见诸报端,3.0,0.0,1.0,0.0
1500,0.0,9.0,0.0,1.0
完成,18.0,9.0,0.6666666666666666,0.3333333333333333
金属,9.0,0.0,1.0,0.0
书面,6.0,6.0,0.5,0.5
公积金,0.0,3.0,0.0,1.0
iceULGTnZIvD1LkPHxBNcCARdFHHfEjraFHgLrxXFAlt2icZyeoib4P7iczq93x9X4vkN9Q538g,3.0,0.0,1.0,0.0
认购,9.0,45.0,0.16666666666666666,0.8333333333333334
辞职报告,9.0,3.0,0.75,0.25
同比,3.0,15.0,0.16666666666666666,0.8333333333333334
领导,9.0,0.0,1.0,0.0
主题公园,0.0,12.0,0.0,1.0
恶性事件,6.0,0.0,1.0,0.0
副省长,3.0,0.0,1.0,0.0
信托,0.0,24.0,0.0,1.0
规则,0.0,3.0,0.0,1.0
一方面,6.0,0.0,1.0,0.0
玩得,3.0,0.0,1.0,0.0
此次,15.0,21.0,0.4166666666666667,0.5833333333333334
经营范围,3.0,6.0,0.3333333333333333,0.6666666666666666
优先级,0.0,15.0,0.0,1.0
查询,6.0,0.0,1.0,0.0
下属,0.0,6.0,0.0,1.0
月初,3.0,0.0,1.0,0.0
:,30.0,12.0,0.7142857142857143,0.2857142857142857
持股,9.0,15.0,0.375,0.625
神经,3.0,0.0,1.0,0.0
发挥,6.0,0.0,1.0,0.0
会址,3.0,0.0,1.0,0.0
复星,0.0,3.0,0.0,1.0
现任,0.0,3.0,0.0,1.0
邻里,6.0,0.0,1.0,0.0
0,45.0,3.0,0.9375,0.0625
领导小组,3.0,0.0,1.0,0.0
认可,0.0,6.0,0.0,1.0
入股,9.0,3.0,0.75,0.25
重拳,12.0,0.0,1.0,0.0
挂饰,9.0,0.0,1.0,0.0
蜗牛,6.0,0.0,1.0,0.0
继续,12.0,0.0,1.0,0.0
续保,6.0,0.0,1.0,0.0
实际,3.0,15.0,0.16666666666666666,0.8333333333333334
至,12.0,0.0,1.0,0.0
金一,0.0,3.0,0.0,1.0
结算,0.0,3.0,0.0,1.0
*,0.0,6.0,0.0,1.0
SMM,9.0,0.0,1.0,0.0
余繁,45.0,0.0,1.0,0.0
阵痛,21.0,0.0,1.0,0.0
游向,3.0,0.0,1.0,0.0
盈利模式,0.0,3.0,0.0,1.0
改变,12.0,3.0,0.8,0.2
XIHnC9RnsBxniaTwyQ78rTXa6xUTiciat1VeVnRYnCMgpYAOUu66nUQ,3.0,0.0,1.0,0.0
利益,6.0,9.0,0.4,0.6
加码,9.0,3.0,0.75,0.25
官方,3.0,0.0,1.0,0.0
印发,3.0,0.0,1.0,0.0
只要,12.0,0.0,1.0,0.0
坚持,9.0,0.0,1.0,0.0
接受,9.0,3.0,0.75,0.25
账户,0.0,3.0,0.0,1.0
程度,3.0,6.0,0.3333333333333333,0.6666666666666666
发表,0.0,3.0,0.0,1.0
chart,0.0,3.0,0.0,1.0
活力,3.0,0.0,1.0,0.0
简讯,0.0,3.0,0.0,1.0
广州,6.0,0.0,1.0,0.0
劳模,0.0,3.0,0.0,1.0
地方,18.0,15.0,0.5454545454545454,0.45454545454545453
热线,9.0,0.0,1.0,0.0
海口,0.0,6.0,0.0,1.0
10,36.0,12.0,0.75,0.25
80,6.0,0.0,1.0,0.0
ianq03UUWGmIiczC3hp6vx6NPPWgxZGzqkW87,3.0,0.0,1.0,0.0
团委,0.0,9.0,0.0,1.0
内容,0.0,12.0,0.0,1.0
亿元,48.0,45.0,0.5161290322580645,0.4838709677419355
示范,6.0,0.0,1.0,0.0
个案,3.0,0.0,1.0,0.0
kpic,0.0,3.0,0.0,1.0
金红利,0.0,3.0,0.0,1.0
应从,6.0,0.0,1.0,0.0
健,0.0,3.0,0.0,1.0
来自,0.0,3.0,0.0,1.0
获,0.0,3.0,0.0,1.0
越来越,15.0,0.0,1.0,0.0
用户,9.0,0.0,1.0,0.0
立志,0.0,3.0,0.0,1.0
建成,3.0,0.0,1.0,0.0
假日,12.0,0.0,1.0,0.0
抓手,6.0,0.0,1.0,0.0
投诉,9.0,0.0,1.0,0.0
恨,6.0,0.0,1.0,0.0
严厉,3.0,0.0,1.0,0.0
不堪,3.0,0.0,1.0,0.0
谋划,0.0,9.0,0.0,1.0
联手,3.0,0.0,1.0,0.0
步伐,12.0,0.0,1.0,0.0
精品,3.0,0.0,1.0,0.0
在所难免,3.0,3.0,0.5,0.5
mmbiz,60.0,0.0,1.0,0.0
公告,24.0,75.0,0.24242424242424243,0.7575757575757576
04,0.0,3.0,0.0,1.0
高位,3.0,0.0,1.0,0.0
放慢,3.0,0.0,1.0,0.0
瑞丽市,0.0,3.0,0.0,1.0
经过,15.0,3.0,0.8333333333333334,0.16666666666666666
资格,6.0,0.0,1.0,0.0
炼铁厂,0.0,3.0,0.0,1.0
较,6.0,3.0,0.6666666666666666,0.3333333333333333
总部,0.0,12.0,0.0,1.0
综合,30.0,9.0,0.7692307692307693,0.23076923076923078
发出,3.0,9.0,0.25,0.75
事实,0.0,3.0,0.0,1.0
49.52,3.0,15.0,0.16666666666666666,0.8333333333333334
管理,56.0,51.0,0.5233644859813084,0.4766355140186916
期间,21.0,12.0,0.6363636363636364,0.36363636363636365
png,24.0,9.0,0.7272727272727273,0.2727272727272727
张明池,3.0,0.0,1.0,0.0
7,45.0,68.0,0.39823008849557523,0.6017699115044248
铁律,3.0,0.0,1.0,0.0
监管部门,3.0,0.0,1.0,0.0
摩托车,0.0,3.0,0.0,1.0
会上,1.0,0.0,1.0,0.0
白马,9.0,0.0,1.0,0.0
自该,3.0,0.0,1.0,0.0
神州,0.0,3.0,0.0,1.0
还有,6.0,0.0,1.0,0.0
】,42.0,3.0,0.9333333333333333,0.06666666666666667
加速,0.0,6.0,0.0,1.0
单位,9.0,0.0,1.0,0.0
条,18.0,0.0,1.0,0.0
良好形象,3.0,0.0,1.0,0.0
8.77,3.0,6.0,0.3333333333333333,0.6666666666666666
经济网,0.0,3.0,0.0,1.0
接团,9.0,0.0,1.0,0.0
不到,3.0,0.0,1.0,0.0
发展,159.0,102.0,0.6091954022988506,0.39080459770114945
当时,3.0,0.0,1.0,0.0
成立,6.0,0.0,1.0,0.0
放弃,6.0,0.0,1.0,0.0
从,51.0,27.0,0.6538461538461539,0.34615384615384615
50,3.0,3.0,0.5,0.5
工作,40.0,15.0,0.7272727272727273,0.2727272727272727
=,81.0,12.0,0.8709677419354839,0.12903225806451613
6.68,6.0,9.0,0.4,0.6
第六届,0.0,48.0,0.0,1.0
+,24.0,12.0,0.6666666666666666,0.3333333333333333
2000,9.0,15.0,0.375,0.625
xin,3.0,0.0,1.0,0.0
普者黑,3.0,0.0,1.0,0.0
新高,3.0,0.0,1.0,0.0
4000,3.0,9.0,0.25,0.75
带来,12.0,0.0,1.0,0.0
分割,0.0,6.0,0.0,1.0
严整,6.0,0.0,1.0,0.0
1.00,0.0,3.0,0.0,1.0
窄,6.0,0.0,1.0,0.0
资金,12.0,30.0,0.2857142857142857,0.7142857142857143
社服,9.0,0.0,1.0,0.0
国信,0.0,9.0,0.0,1.0
现场,3.0,0.0,1.0,0.0
历时,3.0,0.0,1.0,0.0
生态,6.0,0.0,1.0,0.0
研究院,3.0,0.0,1.0,0.0
都,21.0,9.0,0.7,0.3
统筹,0.0,3.0,0.0,1.0
公厕,3.0,0.0,1.0,0.0
如何,9.0,9.0,0.5,0.5
各自,6.0,0.0,1.0,0.0
治理,18.0,0.0,1.0,0.0
设立,15.0,53.0,0.22058823529411764,0.7794117647058824
快捷,3.0,0.0,1.0,0.0
攻克,0.0,6.0,0.0,1.0
松懈,6.0,0.0,1.0,0.0
世博园,9.0,9.0,0.5,0.5
加强,18.0,3.0,0.8571428571428571,0.14285714285714285
造成,15.0,12.0,0.5555555555555556,0.4444444444444444
73,3.0,0.0,1.0,0.0
发布公告,9.0,17.0,0.34615384615384615,0.6538461538461539
花,30.0,0.0,1.0,0.0
编号,0.0,9.0,0.0,1.0
数均,3.0,0.0,1.0,0.0
公顷,3.0,0.0,1.0,0.0
生态旅游,3.0,3.0,0.5,0.5
政府,21.0,6.0,0.7777777777777778,0.2222222222222222
第三个,9.0,0.0,1.0,0.0
价格,21.0,6.0,0.7777777777777778,0.2222222222222222
发展前景,6.0,0.0,1.0,0.0
工会主席,0.0,6.0,0.0,1.0
采访,6.0,0.0,1.0,0.0
周克军,0.0,3.0,0.0,1.0
碧桂园,12.0,0.0,1.0,0.0
购物,30.0,0.0,1.0,0.0
限时,6.0,0.0,1.0,0.0
超过,6.0,9.0,0.4,0.6
机制,6.0,3.0,0.6666666666666666,0.3333333333333333
大师,0.0,3.0,0.0,1.0
逐鹿,0.0,9.0,0.0,1.0
履行,3.0,0.0,1.0,0.0
国际化,12.0,3.0,0.8,0.2
低于,3.0,0.0,1.0,0.0
不强,9.0,0.0,1.0,0.0
旅游局,3.0,0.0,1.0,0.0
方式,12.0,9.0,0.5714285714285714,0.42857142857142855
美景,3.0,0.0,1.0,0.0
代表,6.0,0.0,1.0,0.0
借鉴,3.0,0.0,1.0,0.0
热闹,3.0,0.0,1.0,0.0
互联网,6.0,3.0,0.6666666666666666,0.3333333333333333
国家,6.0,3.0,0.6666666666666666,0.3333333333333333
特别,3.0,9.0,0.25,0.75
行动,13.0,0.0,1.0,0.0
增长,33.0,6.0,0.8461538461538461,0.15384615384615385
借此,0.0,3.0,0.0,1.0
八次,6.0,3.0,0.6666666666666666,0.3333333333333333
摒弃,3.0,0.0,1.0,0.0
签约,6.0,6.0,0.5,0.5
虾,3.0,0.0,1.0,0.0
经营权,0.0,3.0,0.0,1.0
阮成发,15.0,0.0,1.0,0.0
总金额,3.0,0.0,1.0,0.0
Schm4BUiaT8AvNg,3.0,0.0,1.0,0.0
资料,3.0,9.0,0.25,0.75
双双,3.0,0.0,1.0,0.0
台阶,3.0,0.0,1.0,0.0
上市公司,30.0,24.0,0.5555555555555556,0.4444444444444444
6.96,3.0,0.0,1.0,0.0
旧,3.0,0.0,1.0,0.0
IPO,0.0,3.0,0.0,1.0
再融资,24.0,14.0,0.631578947368421,0.3684210526315789
之类,3.0,0.0,1.0,0.0
投资决策,0.0,3.0,0.0,1.0
至上,3.0,0.0,1.0,0.0
张宇,3.0,0.0,1.0,0.0
意味着,0.0,3.0,0.0,1.0
部分,3.0,0.0,1.0,0.0
标杆,3.0,0.0,1.0,0.0
刚,3.0,0.0,1.0,0.0
独特,9.0,0.0,1.0,0.0
参与者,3.0,0.0,1.0,0.0
优势互补,0.0,3.0,0.0,1.0
主官,6.0,0.0,1.0,0.0
图案,9.0,0.0,1.0,0.0
现有,3.0,3.0,0.5,0.5
首次,0.0,3.0,0.0,1.0
李瑜敏,3.0,0.0,1.0,0.0
破,3.0,0.0,1.0,0.0
申请,0.0,6.0,0.0,1.0
国企,0.0,9.0,0.0,1.0
驴,3.0,0.0,1.0,0.0
踪影,3.0,0.0,1.0,0.0
需求,6.0,0.0,1.0,0.0
强迫,9.0,0.0,1.0,0.0
这名,3.0,0.0,1.0,0.0
幸福感,6.0,0.0,1.0,0.0
总额,9.0,0.0,1.0,0.0
阐述,6.0,0.0,1.0,0.0
会,33.0,0.0,1.0,0.0
守正,9.0,0.0,1.0,0.0
设,3.0,3.0,0.5,0.5
推动,30.0,15.0,0.6666666666666666,0.3333333333333333
先后,6.0,9.0,0.4,0.6
意义,6.0,6.0,0.5,0.5
长远,6.0,0.0,1.0,0.0
songshaohui,3.0,0.0,1.0,0.0
一天,0.0,3.0,0.0,1.0
1.29,3.0,0.0,1.0,0.0
消化,3.0,0.0,1.0,0.0
第一场,0.0,3.0,0.0,1.0
拓展,9.0,18.0,0.3333333333333333,0.6666666666666666
之旅,6.0,0.0,1.0,0.0
天价,3.0,0.0,1.0,0.0
股权,27.0,66.0,0.2903225806451613,0.7096774193548387
话题,6.0,0.0,1.0,0.0
反映,6.0,0.0,1.0,0.0
外资,0.0,3.0,0.0,1.0
杨,0.0,12.0,0.0,1.0
该列,0.0,3.0,0.0,1.0
中心,9.0,6.0,0.6,0.4
根本性,0.0,3.0,0.0,1.0
承认,0.0,6.0,0.0,1.0
立即,0.0,3.0,0.0,1.0
每经,0.0,6.0,0.0,1.0
六成,0.0,3.0,0.0,1.0
开始,24.0,0.0,1.0,0.0
故来,9.0,0.0,1.0,0.0
审判,3.0,0.0,1.0,0.0
关联,3.0,15.0,0.16666666666666666,0.8333333333333334
56.9,3.0,0.0,1.0,0.0
下称,0.0,6.0,0.0,1.0
频繁,3.0,0.0,1.0,0.0
风采,3.0,0.0,1.0,0.0
完全,3.0,0.0,1.0,0.0
指明,6.0,0.0,1.0,0.0
控股集团,3.0,9.0,0.25,0.75
libWXmoluRDFITTE1rymibLDUiaBz8DyLd41eSzibNgW7wIriaBSe0nKOOpibWwAA,3.0,0.0,1.0,0.0
外,3.0,6.0,0.3333333333333333,0.6666666666666666
点击,9.0,0.0,1.0,0.0
警示,0.0,3.0,0.0,1.0
月,100.0,155.0,0.39215686274509803,0.6078431372549019
人,9.0,24.0,0.2727272727272727,0.7272727272727273
整改,6.0,0.0,1.0,0.0
文体部,0.0,3.0,0.0,1.0
高端化,15.0,3.0,0.8333333333333334,0.16666666666666666
国旅,0.0,3.0,0.0,1.0
均,0.0,3.0,0.0,1.0
尽快,3.0,3.0,0.5,0.5
责任人,3.0,0.0,1.0,0.0
△,3.0,0.0,1.0,0.0
目的地,12.0,0.0,1.0,0.0
收益,3.0,3.0,0.5,0.5
报道,0.0,3.0,0.0,1.0
苍山,3.0,0.0,1.0,0.0
相应,3.0,0.0,1.0,0.0
每股,0.0,3.0,0.0,1.0
亿股,3.0,0.0,1.0,0.0
12,21.0,3.0,0.875,0.125
解决,0.0,3.0,0.0,1.0
诊股,0.0,15.0,0.0,1.0
区域性,3.0,0.0,1.0,0.0
截止,0.0,3.0,0.0,1.0
二维码,3.0,0.0,1.0,0.0
—,30.0,30.0,0.5,0.5
王冲,12.0,9.0,0.5714285714285714,0.42857142857142855
冲冲,9.0,0.0,1.0,0.0
101,6.0,0.0,1.0,0.0
高度重视,6.0,0.0,1.0,0.0
组织部,0.0,6.0,0.0,1.0
投诉率,3.0,0.0,1.0,0.0
延长,0.0,3.0,0.0,1.0
本土,0.0,6.0,0.0,1.0
18,6.0,3.0,0.6666666666666666,0.3333333333333333
大批,3.0,0.0,1.0,0.0
事件,3.0,0.0,1.0,0.0
解读,3.0,0.0,1.0,0.0
拟,21.0,38.0,0.3559322033898305,0.6440677966101694
号角,0.0,3.0,0.0,1.0
一带,0.0,3.0,0.0,1.0
控股,9.0,51.0,0.15,0.85
在内,0.0,3.0,0.0,1.0
中是,3.0,0.0,1.0,0.0
更正,3.0,0.0,1.0,0.0
便利,3.0,0.0,1.0,0.0
王胜,1.0,3.0,0.25,0.75
华侨城集团,21.0,54.0,0.28,0.72
两个,6.0,0.0,1.0,0.0
华侨城,75.0,189.0,0.2840909090909091,0.7159090909090909
对团客,3.0,0.0,1.0,0.0
负责人,6.0,0.0,1.0,0.0
步子,0.0,3.0,0.0,1.0
明显,15.0,0.0,1.0,0.0
先生,3.0,6.0,0.3333333333333333,0.6666666666666666
依然,6.0,6.0,0.5,0.5
张家界,0.0,6.0,0.0,1.0
召集人,3.0,0.0,1.0,0.0
9000,6.0,0.0,1.0,0.0
2016,24.0,42.0,0.36363636363636365,0.6363636363636364
项,6.0,0.0,1.0,0.0
有偿,0.0,3.0,0.0,1.0
原文,3.0,0.0,1.0,0.0
重大,21.0,33.0,0.3888888888888889,0.6111111111111112
妈妈,3.0,0.0,1.0,0.0
文化产业,6.0,12.0,0.3333333333333333,0.6666666666666666
考虑,15.0,6.0,0.7142857142857143,0.2857142857142857
持久战,6.0,0.0,1.0,0.0
LP,0.0,3.0,0.0,1.0
增强,0.0,3.0,0.0,1.0
史上,12.0,0.0,1.0,0.0
城,6.0,6.0,0.5,0.5
线路,15.0,0.0,1.0,0.0
大幅,12.0,0.0,1.0,0.0
后,27.0,30.0,0.47368421052631576,0.5263157894736842
规模,0.0,12.0,0.0,1.0
现代,9.0,0.0,1.0,0.0
提升,39.0,18.0,0.6842105263157895,0.3157894736842105
力量,3.0,0.0,1.0,0.0
57.07,3.0,9.0,0.25,0.75
之,9.0,36.0,0.2,0.8
城市,0.0,3.0,0.0,1.0
60,3.0,3.0,0.5,0.5
介入,0.0,3.0,0.0,1.0
产业,126.0,27.0,0.8235294117647058,0.17647058823529413
预告,6.0,0.0,1.0,0.0
占,6.0,18.0,0.25,0.75
局势,3.0,0.0,1.0,0.0
出租车,0.0,9.0,0.0,1.0
赢利,6.0,0.0,1.0,0.0
环境保护,6.0,0.0,1.0,0.0
时,30.0,3.0,0.9090909090909091,0.09090909090909091
找,6.0,0.0,1.0,0.0
挑战,0.0,3.0,0.0,1.0
报告,3.0,0.0,1.0,0.0
22,18.0,3.0,0.8571428571428571,0.14285714285714285
版,6.0,3.0,0.6666666666666666,0.3333333333333333
路径,0.0,9.0,0.0,1.0
最舒服,3.0,0.0,1.0,0.0
大规模,0.0,3.0,0.0,1.0
张,3.0,0.0,1.0,0.0
标准,24.0,0.0,1.0,0.0
最严,15.0,0.0,1.0,0.0
qQ,3.0,0.0,1.0,0.0
受,3.0,0.0,1.0,0.0
lh5WvUejomKQBwu4mw4S37yMMZdvicWFJVgAxw4m9MyjvMlJ,3.0,0.0,1.0,0.0
images,0.0,3.0,0.0,1.0
天,15.0,0.0,1.0,0.0
下,48.0,21.0,0.6956521739130435,0.30434782608695654
对象,12.0,18.0,0.4,0.6
心,3.0,0.0,1.0,0.0
实施方案,3.0,0.0,1.0,0.0
承担,6.0,0.0,1.0,0.0
名称,0.0,3.0,0.0,1.0
总评榜,3.0,0.0,1.0,0.0
检验站,9.0,0.0,1.0,0.0
调研,6.0,0.0,1.0,0.0
光大,0.0,6.0,0.0,1.0
云南省政府,0.0,3.0,0.0,1.0
话语权,3.0,0.0,1.0,0.0
强,3.0,0.0,1.0,0.0
余天,3.0,0.0,1.0,0.0
告诉,3.0,0.0,1.0,0.0
旗下,9.0,12.0,0.42857142857142855,0.5714285714285714
平米,3.0,0.0,1.0,0.0
共,12.0,0.0,1.0,0.0
孤军奋战,0.0,3.0,0.0,1.0
培育出,0.0,3.0,0.0,1.0
使,6.0,0.0,1.0,0.0
专访,12.0,0.0,1.0,0.0
中老,0.0,3.0,0.0,1.0
处在,3.0,0.0,1.0,0.0
法学院,0.0,3.0,0.0,1.0
第二个,9.0,0.0,1.0,0.0
敲定,6.0,3.0,0.6666666666666666,0.3333333333333333
开市,0.0,3.0,0.0,1.0
根据,6.0,9.0,0.4,0.6
含税,0.0,6.0,0.0,1.0
利大于弊,6.0,0.0,1.0,0.0
龙头企业,3.0,0.0,1.0,0.0
区域,6.0,6.0,0.5,0.5
分榜,3.0,0.0,1.0,0.0
抓住,6.0,0.0,1.0,0.0
破则立,3.0,0.0,1.0,0.0
取得实效,3.0,0.0,1.0,0.0
阵地战,3.0,0.0,1.0,0.0
山,3.0,0.0,1.0,0.0
选出,3.0,0.0,1.0,0.0
典型,6.0,0.0,1.0,0.0
因素,9.0,11.0,0.45,0.55
然后,3.0,0.0,1.0,0.0
职务,3.0,9.0,0.25,0.75
一步,3.0,0.0,1.0,0.0
近日,6.0,0.0,1.0,0.0
问询,0.0,3.0,0.0,1.0
筹措,3.0,0.0,1.0,0.0
前后,3.0,0.0,1.0,0.0
化,6.0,3.0,0.6666666666666666,0.3333333333333333
免费,3.0,0.0,1.0,0.0
上半年,6.0,3.0,0.6666666666666666,0.3333333333333333
230,3.0,0.0,1.0,0.0
引,3.0,0.0,1.0,0.0
副州长,0.0,3.0,0.0,1.0
设施,9.0,0.0,1.0,0.0
服务,36.0,15.0,0.7058823529411765,0.29411764705882354
可以,0.0,6.0,0.0,1.0
塑造,0.0,3.0,0.0,1.0
滇,0.0,9.0,0.0,1.0
走老路,9.0,0.0,1.0,0.0
课题组,3.0,0.0,1.0,0.0
登记,0.0,6.0,0.0,1.0
本报记者,0.0,3.0,0.0,1.0
小,24.0,0.0,1.0,0.0
省,0.0,3.0,0.0,1.0
餐饮,0.0,3.0,0.0,1.0
现金,3.0,6.0,0.3333333333333333,0.6666666666666666
所在地,3.0,0.0,1.0,0.0
之际,3.0,0.0,1.0,0.0
新天地,3.0,0.0,1.0,0.0
必要,12.0,3.0,0.8,0.2
转折点,3.0,3.0,0.5,0.5
专项规划,15.0,0.0,1.0,0.0
停车,3.0,0.0,1.0,0.0
出资,21.0,60.0,0.25925925925925924,0.7407407407407407
批示,6.0,0.0,1.0,0.0
人次,6.0,0.0,1.0,0.0
多轮,9.0,15.0,0.375,0.625
更上层楼,6.0,0.0,1.0,0.0
：,141.0,123.0,0.5340909090909091,0.4659090909090909
省政府,33.0,0.0,1.0,0.0
交通运输,3.0,0.0,1.0,0.0
愿不愿意,0.0,6.0,0.0,1.0
合伙人,0.0,3.0,0.0,1.0
部,3.0,0.0,1.0,0.0
涨幅,6.0,0.0,1.0,0.0
期,3.0,3.0,0.5,0.5
真实,3.0,12.0,0.2,0.8
输血,12.0,9.0,0.5714285714285714,0.42857142857142855
不合理,6.0,0.0,1.0,0.0
）,67.0,224.0,0.23024054982817868,0.7697594501718213
管控,0.0,3.0,0.0,1.0
业态,18.0,0.0,1.0,0.0
希望,6.0,3.0,0.6666666666666666,0.3333333333333333
展示,12.0,0.0,1.0,0.0
投资,60.0,186.0,0.24390243902439024,0.7560975609756098
qdOv12jwPI5ia4PibglgbFRT9Q3IHOJXQ,3.0,0.0,1.0,0.0
业,3.0,0.0,1.0,0.0
文旅,6.0,33.0,0.15384615384615385,0.8461538461538461
8,13.0,12.0,0.52,0.48
有效,3.0,0.0,1.0,0.0
大理,9.0,0.0,1.0,0.0
县城,3.0,0.0,1.0,0.0
征文,6.0,0.0,1.0,0.0
体验,15.0,6.0,0.7142857142857143,0.2857142857142857
共计,0.0,15.0,0.0,1.0
执法,12.0,0.0,1.0,0.0
上市,0.0,6.0,0.0,1.0
礼记,3.0,0.0,1.0,0.0
信息,6.0,6.0,0.5,0.5
变相,3.0,0.0,1.0,0.0
收紧,3.0,3.0,0.5,0.5
整治,91.0,0.0,1.0,0.0
三亚,0.0,6.0,0.0,1.0
油工,0.0,6.0,0.0,1.0
普遍认为,0.0,3.0,0.0,1.0
正,15.0,12.0,0.5555555555555556,0.4444444444444444
七次,0.0,6.0,0.0,1.0
落实,18.0,3.0,0.8571428571428571,0.14285714285714285
五年,0.0,3.0,0.0,1.0
普遍,3.0,0.0,1.0,0.0
一直,3.0,0.0,1.0,0.0
其中,3.0,15.0,0.16666666666666666,0.8333333333333334
早班车,6.0,0.0,1.0,0.0
云,0.0,12.0,0.0,1.0
既然,0.0,3.0,0.0,1.0
不管,0.0,6.0,0.0,1.0
多名,3.0,0.0,1.0,0.0
坑,6.0,0.0,1.0,0.0
机关,0.0,3.0,0.0,1.0
收到,6.0,12.0,0.3333333333333333,0.6666666666666666
团已,3.0,0.0,1.0,0.0
事实上,6.0,9.0,0.4,0.6
统计数据,0.0,3.0,0.0,1.0
难觅,3.0,0.0,1.0,0.0
重镇,3.0,0.0,1.0,0.0
市场部,3.0,0.0,1.0,0.0
经济社会,3.0,3.0,0.5,0.5
华侨,0.0,3.0,0.0,1.0
奖项,3.0,0.0,1.0,0.0
操作,0.0,3.0,0.0,1.0
广告,3.0,0.0,1.0,0.0
导致,3.0,0.0,1.0,0.0
网在,3.0,0.0,1.0,0.0
省高院,3.0,0.0,1.0,0.0
曲江,0.0,6.0,0.0,1.0
万达,0.0,6.0,0.0,1.0
公布,6.0,9.0,0.4,0.6
晨会,6.0,0.0,1.0,0.0
完,3.0,0.0,1.0,0.0
送红股,0.0,3.0,0.0,1.0
在,127.0,135.0,0.4847328244274809,0.5152671755725191
股份,24.0,180.0,0.11764705882352941,0.8823529411764706
工商,0.0,21.0,0.0,1.0
时至,3.0,0.0,1.0,0.0
轿子,3.0,3.0,0.5,0.5
九乡,3.0,0.0,1.0,0.0
召开,1.0,27.0,0.03571428571428571,0.9642857142857143
没有,39.0,12.0,0.7647058823529411,0.23529411764705882
澜湄,0.0,3.0,0.0,1.0
联系,3.0,0.0,1.0,0.0
谋求,3.0,0.0,1.0,0.0
漫长,0.0,3.0,0.0,1.0
后市,0.0,3.0,0.0,1.0
股票,12.0,38.0,0.24,0.76
备查,0.0,3.0,0.0,1.0
此前,21.0,6.0,0.7777777777777778,0.2222222222222222
条件,0.0,9.0,0.0,1.0
布局,6.0,27.0,0.18181818181818182,0.8181818181818182
11.3,0.0,6.0,0.0,1.0
年薪,3.0,3.0,0.5,0.5
中庸,3.0,0.0,1.0,0.0
业务,15.0,48.0,0.23809523809523808,0.7619047619047619
力推,6.0,0.0,1.0,0.0
现在,9.0,3.0,0.75,0.25
趋势,3.0,6.0,0.3333333333333333,0.6666666666666666
连年,6.0,0.0,1.0,0.0
话,6.0,0.0,1.0,0.0
在线,6.0,0.0,1.0,0.0
这块,9.0,0.0,1.0,0.0
小而散,0.0,3.0,0.0,1.0
叫停,0.0,3.0,0.0,1.0
店,6.0,0.0,1.0,0.0
换取,3.0,0.0,1.0,0.0
来看,9.0,12.0,0.42857142857142855,0.5714285714285714
控股公司,3.0,3.0,0.5,0.5
28.5710,0.0,6.0,0.0,1.0
养生,9.0,0.0,1.0,0.0
空,3.0,0.0,1.0,0.0
东南亚,3.0,0.0,1.0,0.0
投三大,0.0,6.0,0.0,1.0
山东,3.0,0.0,1.0,0.0
朝着,3.0,0.0,1.0,0.0
得到,9.0,3.0,0.75,0.25
小镇,3.0,0.0,1.0,0.0
市长,0.0,3.0,0.0,1.0
无限,0.0,6.0,0.0,1.0
常态,6.0,0.0,1.0,0.0
变着,9.0,0.0,1.0,0.0
口碑,3.0,0.0,1.0,0.0
辞职,18.0,12.0,0.6,0.4
国家体育总局,3.0,0.0,1.0,0.0
经理,3.0,0.0,1.0,0.0
流产,0.0,3.0,0.0,1.0
不太好,9.0,0.0,1.0,0.0
需,6.0,0.0,1.0,0.0
产品,48.0,3.0,0.9411764705882353,0.058823529411764705
利用,0.0,3.0,0.0,1.0
获悉,1.0,0.0,1.0,0.0
打造,33.0,9.0,0.7857142857142857,0.21428571428571427
表明,3.0,0.0,1.0,0.0
申请材料,0.0,9.0,0.0,1.0
公司业绩,0.0,3.0,0.0,1.0
剧场,6.0,6.0,0.5,0.5
被迫,6.0,0.0,1.0,0.0
力图,3.0,0.0,1.0,0.0
潜规则,3.0,0.0,1.0,0.0
IP,0.0,3.0,0.0,1.0
或者,6.0,15.0,0.2857142857142857,0.7142857142857143
挂,9.0,0.0,1.0,0.0
梯田,3.0,3.0,0.5,0.5
才能,3.0,0.0,1.0,0.0
一年,6.0,0.0,1.0,0.0
债券,0.0,18.0,0.0,1.0
以上,12.0,9.0,0.5714285714285714,0.42857142857142855
新则,3.0,0.0,1.0,0.0
能为,3.0,0.0,1.0,0.0
品牌,9.0,0.0,1.0,0.0
真正,15.0,6.0,0.7142857142857143,0.2857142857142857
显示,18.0,36.0,0.3333333333333333,0.6666666666666666
真是,9.0,0.0,1.0,0.0
力度,6.0,0.0,1.0,0.0
转型,102.0,6.0,0.9444444444444444,0.05555555555555555
康体,3.0,0.0,1.0,0.0
让步,3.0,0.0,1.0,0.0
站牌,3.0,0.0,1.0,0.0
难,3.0,0.0,1.0,0.0
形式,0.0,3.0,0.0,1.0
饼,3.0,0.0,1.0,0.0
文山,3.0,0.0,1.0,0.0
酒托,3.0,0.0,1.0,0.0
项目,63.0,54.0,0.5384615384615384,0.46153846153846156
人事部,0.0,3.0,0.0,1.0
党委书记,0.0,12.0,0.0,1.0
地址,3.0,0.0,1.0,0.0
爱生恨,6.0,0.0,1.0,0.0
千亿元,0.0,3.0,0.0,1.0
交流,6.0,0.0,1.0,0.0
补助,0.0,12.0,0.0,1.0
姜若愚,0.0,3.0,0.0,1.0
集中力量,0.0,3.0,0.0,1.0
听,6.0,0.0,1.0,0.0
市场秩序,25.0,0.0,1.0,0.0
得,6.0,0.0,1.0,0.0
和秀菊,3.0,0.0,1.0,0.0
长,3.0,0.0,1.0,0.0
依靠,0.0,12.0,0.0,1.0
另据,0.0,6.0,0.0,1.0
多个,9.0,0.0,1.0,0.0
或许,6.0,0.0,1.0,0.0
提案,0.0,6.0,0.0,1.0
财务总监,0.0,3.0,0.0,1.0
方案,15.0,36.0,0.29411764705882354,0.7058823529411765
当,0.0,3.0,0.0,1.0
国家旅游局,3.0,0.0,1.0,0.0
18287459103,3.0,0.0,1.0,0.0
贡献,3.0,0.0,1.0,0.0
Xj1mkzO5icHdXuXX9IB7F76XED8FFUwiawVWP6wCib4PN8ThA,3.0,0.0,1.0,0.0
hexun,0.0,3.0,0.0,1.0
实际上,3.0,3.0,0.5,0.5
列入,3.0,0.0,1.0,0.0
辉,0.0,3.0,0.0,1.0
纠纷,6.0,0.0,1.0,0.0
核心,9.0,0.0,1.0,0.0
角度看,3.0,3.0,0.5,0.5
大方向,6.0,0.0,1.0,0.0
仅,12.0,3.0,0.8,0.2
子公司,24.0,48.0,0.3333333333333333,0.6666666666666666
终止,63.0,98.0,0.391304347826087,0.6086956521739131
两,6.0,3.0,0.6666666666666666,0.3333333333333333
完善,3.0,0.0,1.0,0.0
倡议,0.0,3.0,0.0,1.0
十三,3.0,12.0,0.2,0.8
位,0.0,3.0,0.0,1.0
进一步,12.0,6.0,0.6666666666666666,0.3333333333333333
经济,0.0,3.0,0.0,1.0
凡事,3.0,0.0,1.0,0.0
成效显著,0.0,3.0,0.0,1.0
公众,3.0,0.0,1.0,0.0
比例,6.0,12.0,0.3333333333333333,0.6666666666666666
识别,3.0,0.0,1.0,0.0
动力,3.0,0.0,1.0,0.0
集团公司,0.0,6.0,0.0,1.0
6,6.0,15.0,0.2857142857142857,0.7142857142857143
扫进去,6.0,0.0,1.0,0.0
行动计划,6.0,0.0,1.0,0.0
鸣凤,6.0,0.0,1.0,0.0
同日,0.0,6.0,0.0,1.0
完毕,0.0,3.0,0.0,1.0
四化,6.0,3.0,0.6666666666666666,0.3333333333333333
畅快,6.0,0.0,1.0,0.0
正在,6.0,0.0,1.0,0.0
最终,9.0,12.0,0.42857142857142855,0.5714285714285714
大省,3.0,0.0,1.0,0.0
景区,30.0,9.0,0.7692307692307693,0.23076923076923078
特色,12.0,0.0,1.0,0.0
引入,9.0,6.0,0.6,0.4
宣布,18.0,6.0,0.75,0.25
体育局,3.0,0.0,1.0,0.0
其,9.0,15.0,0.375,0.625
进行,39.0,30.0,0.5652173913043478,0.43478260869565216
措施,39.0,0.0,1.0,0.0
 ,521.0,617.0,0.45782073813708263,0.5421792618629174
只会,6.0,0.0,1.0,0.0
姓名,3.0,0.0,1.0,0.0
fmt,51.0,0.0,1.0,0.0
全年,0.0,3.0,0.0,1.0
特别节目,3.0,0.0,1.0,0.0
具备,0.0,3.0,0.0,1.0
仍,9.0,0.0,1.0,0.0
cn,30.0,6.0,0.8333333333333334,0.16666666666666666
抢,0.0,3.0,0.0,1.0
困难,3.0,9.0,0.25,0.75
频出,3.0,0.0,1.0,0.0
整顿,18.0,0.0,1.0,0.0
客服,6.0,0.0,1.0,0.0
兼职,3.0,0.0,1.0,0.0
消解,3.0,0.0,1.0,0.0
优化,15.0,9.0,0.625,0.375
航空,6.0,0.0,1.0,0.0
山地,3.0,0.0,1.0,0.0
全体,3.0,9.0,0.25,0.75
孔垂炼,0.0,3.0,0.0,1.0
深度,6.0,0.0,1.0,0.0
热点,9.0,0.0,1.0,0.0
总公司,0.0,3.0,0.0,1.0
关于,6.0,78.0,0.07142857142857142,0.9285714285714286
全资,0.0,3.0,0.0,1.0
欢迎,3.0,0.0,1.0,0.0
诱导,3.0,0.0,1.0,0.0
模式,6.0,15.0,0.2857142857142857,0.7142857142857143
通知,0.0,6.0,0.0,1.0
获批,0.0,6.0,0.0,1.0
认为,15.0,6.0,0.7142857142857143,0.2857142857142857
中来,3.0,0.0,1.0,0.0
里边,3.0,0.0,1.0,0.0
深圳证券交易所,0.0,3.0,0.0,1.0
市政府,6.0,0.0,1.0,0.0
正是,6.0,3.0,0.6666666666666666,0.3333333333333333
必备,3.0,0.0,1.0,0.0
顶层,6.0,0.0,1.0,0.0
部长,0.0,9.0,0.0,1.0
年度,3.0,3.0,0.5,0.5
效果,3.0,0.0,1.0,0.0
行,3.0,0.0,1.0,0.0
画报,3.0,0.0,1.0,0.0
创新,0.0,9.0,0.0,1.0
研究所,12.0,0.0,1.0,0.0
平庸,6.0,0.0,1.0,0.0
半月,3.0,0.0,1.0,0.0
西安,6.0,0.0,1.0,0.0
多,18.0,24.0,0.42857142857142855,0.5714285714285714
11,6.0,9.0,0.4,0.6
大赛,6.0,0.0,1.0,0.0
比较复杂,0.0,3.0,0.0,1.0
而言,6.0,6.0,0.5,0.5
国人,3.0,0.0,1.0,0.0
下午,0.0,3.0,0.0,1.0
观光,3.0,0.0,1.0,0.0
定制,6.0,0.0,1.0,0.0
划分,0.0,3.0,0.0,1.0
包括,18.0,3.0,0.8571428571428571,0.14285714285714285
现,3.0,0.0,1.0,0.0
闯关,3.0,0.0,1.0,0.0
直接,3.0,3.0,0.5,0.5
风吹,3.0,0.0,1.0,0.0
据,18.0,9.0,0.6666666666666666,0.3333333333333333
季报,0.0,3.0,0.0,1.0
工作人员,9.0,0.0,1.0,0.0
下调,6.0,0.0,1.0,0.0
辆,0.0,3.0,0.0,1.0
VVsyhrvNaMlr3S6rqsPI6j4N4vxYyNY8D71UDHTjj9phd9W92OFlzCd4Y50kWH1GfY6rh860wXj4VXCvum3WNw,3.0,0.0,1.0,0.0
第八次,3.0,9.0,0.25,0.75
71.4275,0.0,3.0,0.0,1.0
28.57,0.0,3.0,0.0,1.0
需要,18.0,9.0,0.6666666666666666,0.3333333333333333
0020592,0.0,3.0,0.0,1.0
禁止,3.0,0.0,1.0,0.0
出奇,9.0,0.0,1.0,0.0
出售,0.0,3.0,0.0,1.0
增收,3.0,0.0,1.0,0.0
七,6.0,0.0,1.0,0.0
股,12.0,21.0,0.36363636363636365,0.6363636363636364
走马观花,3.0,0.0,1.0,0.0
找到,6.0,3.0,0.6666666666666666,0.3333333333333333
gif,24.0,0.0,1.0,0.0
qpic,30.0,0.0,1.0,0.0
流通股,0.0,6.0,0.0,1.0
疲弱,3.0,0.0,1.0,0.0
航空母舰,0.0,3.0,0.0,1.0
世界,3.0,0.0,1.0,0.0
上海,0.0,3.0,0.0,1.0
二楼,0.0,3.0,0.0,1.0
坝,3.0,0.0,1.0,0.0
势必,0.0,3.0,0.0,1.0
纪律检查,1.0,0.0,1.0,0.0
600,0.0,2.0,0.0,1.0
形势,9.0,0.0,1.0,0.0
担任,3.0,9.0,0.25,0.75
差异化,3.0,0.0,1.0,0.0
表决,0.0,6.0,0.0,1.0
妻子,9.0,0.0,1.0,0.0
是否,3.0,3.0,0.5,0.5
拜会,0.0,3.0,0.0,1.0
爱好者,3.0,0.0,1.0,0.0
肖玮,1.0,3.0,0.25,0.75
成效,6.0,0.0,1.0,0.0
以央,0.0,6.0,0.0,1.0
也许,3.0,0.0,1.0,0.0
减少,18.0,0.0,1.0,0.0
169,0.0,3.0,0.0,1.0
定位,3.0,0.0,1.0,0.0
史,3.0,0.0,1.0,0.0
数据,15.0,6.0,0.7142857142857143,0.2857142857142857
明确,24.0,3.0,0.8888888888888888,0.1111111111111111
优质,18.0,9.0,0.6666666666666666,0.3333333333333333
省级,0.0,3.0,0.0,1.0
建立,3.0,0.0,1.0,0.0
托管,0.0,6.0,0.0,1.0
舆论,3.0,0.0,1.0,0.0
张弛,3.0,3.0,0.5,0.5
多次,6.0,6.0,0.5,0.5
波及,3.0,0.0,1.0,0.0
hqpick,0.0,3.0,0.0,1.0
做到,6.0,3.0,0.6666666666666666,0.3333333333333333
去年,12.0,0.0,1.0,0.0
巨大,6.0,0.0,1.0,0.0
法官,3.0,0.0,1.0,0.0
智慧,12.0,6.0,0.6666666666666666,0.3333333333333333
前行,3.0,0.0,1.0,0.0
运作,3.0,0.0,1.0,0.0
450,0.0,3.0,0.0,1.0
回来,3.0,0.0,1.0,0.0
重组,3.0,21.0,0.125,0.875
全国,18.0,0.0,1.0,0.0
数据中心,6.0,3.0,0.6666666666666666,0.3333333333333333
变更,12.0,18.0,0.4,0.6
再次,3.0,0.0,1.0,0.0
000656,0.0,6.0,0.0,1.0
曹玮峰,9.0,0.0,1.0,0.0
进程,0.0,3.0,0.0,1.0
eastmoney,0.0,3.0,0.0,1.0
隆重推出,0.0,3.0,0.0,1.0
万设,6.0,3.0,0.6666666666666666,0.3333333333333333
运动,3.0,0.0,1.0,0.0
31,6.0,6.0,0.5,0.5
斗南,9.0,0.0,1.0,0.0
来说,3.0,3.0,0.5,0.5
运营,0.0,24.0,0.0,1.0
暂时,3.0,0.0,1.0,0.0
修订稿,9.0,6.0,0.6,0.4
涨价,6.0,0.0,1.0,0.0
这场,3.0,0.0,1.0,0.0
关系,3.0,0.0,1.0,0.0
年前,3.0,0.0,1.0,0.0
情况,18.0,21.0,0.46153846153846156,0.5384615384615384
省长,12.0,3.0,0.8,0.2
、,447.0,329.0,0.5760309278350515,0.42396907216494845
中国,18.0,9.0,0.6666666666666666,0.3333333333333333
私家,6.0,0.0,1.0,0.0
迎来,6.0,0.0,1.0,0.0
受低,3.0,3.0,0.5,0.5
一个,42.0,6.0,0.875,0.125
集散地,3.0,0.0,1.0,0.0
组织,0.0,3.0,0.0,1.0
转向,6.0,0.0,1.0,0.0
统计,3.0,0.0,1.0,0.0
但,30.0,21.0,0.5882352941176471,0.4117647058823529
来到,3.0,0.0,1.0,0.0
注入,3.0,0.0,1.0,0.0
无锡,0.0,3.0,0.0,1.0
~,3.0,0.0,1.0,0.0
本月,12.0,0.0,1.0,0.0
万元,33.0,33.0,0.5,0.5
回扣,6.0,0.0,1.0,0.0
欢乐谷,0.0,9.0,0.0,1.0
昆明,63.0,39.0,0.6176470588235294,0.38235294117647056
更长,0.0,3.0,0.0,1.0
脱颖而出,3.0,0.0,1.0,0.0
南方,0.0,6.0,0.0,1.0
修改,3.0,12.0,0.2,0.8
国务院,3.0,12.0,0.2,0.8
必由之路,3.0,0.0,1.0,0.0
责任,9.0,0.0,1.0,0.0
不断,9.0,0.0,1.0,0.0
常委,0.0,6.0,0.0,1.0
一条,9.0,0.0,1.0,0.0
力争,6.0,0.0,1.0,0.0
创建,0.0,3.0,0.0,1.0
000069,0.0,6.0,0.0,1.0
同志,12.0,0.0,1.0,0.0
分析,3.0,3.0,0.5,0.5
70,6.0,0.0,1.0,0.0
有所,3.0,0.0,1.0,0.0
谷,3.0,0.0,1.0,0.0
130,0.0,3.0,0.0,1.0
信息化,18.0,9.0,0.6666666666666666,0.3333333333333333
加大,3.0,0.0,1.0,0.0
u6qdOv12jwPI5ia4PibglgbFRT9Q3IHOJXQ,3.0,0.0,1.0,0.0
武汉,3.0,0.0,1.0,0.0
创造,3.0,0.0,1.0,0.0
观念,3.0,0.0,1.0,0.0
投资人,0.0,3.0,0.0,1.0
之间,0.0,6.0,0.0,1.0
行情,0.0,36.0,0.0,1.0
刚刚,3.0,12.0,0.2,0.8
计划,9.0,21.0,0.3,0.7
.,69.0,54.0,0.5609756097560976,0.43902439024390244
方向,9.0,3.0,0.75,0.25
人数,12.0,0.0,1.0,0.0
数,3.0,0.0,1.0,0.0
个人,6.0,0.0,1.0,0.0
提高,9.0,0.0,1.0,0.0
作出,18.0,0.0,1.0,0.0
增速,0.0,6.0,0.0,1.0
189106913,0.0,3.0,0.0,1.0
湄公河,0.0,3.0,0.0,1.0
2,13.0,21.0,0.38235294117647056,0.6176470588235294
教育处,0.0,3.0,0.0,1.0
钢铁,0.0,3.0,0.0,1.0
锐减,6.0,0.0,1.0,0.0
比达,0.0,3.0,0.0,1.0
良好,6.0,0.0,1.0,0.0
政策,15.0,9.0,0.625,0.375
星级,3.0,0.0,1.0,0.0
全域,6.0,18.0,0.25,0.75
盛典,3.0,0.0,1.0,0.0
稳定,6.0,12.0,0.3333333333333333,0.6666666666666666
还,30.0,9.0,0.7692307692307693,0.23076923076923078
元阳,3.0,3.0,0.5,0.5
已成,0.0,3.0,0.0,1.0
6000,9.0,18.0,0.3333333333333333,0.6666666666666666
一系列,9.0,0.0,1.0,0.0
一次,15.0,0.0,1.0,0.0
党组书记,12.0,0.0,1.0,0.0
新政,3.0,0.0,1.0,0.0
旅,6.0,6.0,0.5,0.5
金融机构,3.0,0.0,1.0,0.0
变动,0.0,3.0,0.0,1.0
看来,0.0,3.0,0.0,1.0
带客,12.0,0.0,1.0,0.0
广播,3.0,0.0,1.0,0.0
房地产,21.0,24.0,0.4666666666666667,0.5333333333333333
特色化,6.0,3.0,0.6666666666666666,0.3333333333333333
星,6.0,0.0,1.0,0.0
网上,6.0,0.0,1.0,0.0
陈豪,6.0,3.0,0.6666666666666666,0.3333333333333333
一项,9.0,0.0,1.0,0.0
议案,0.0,54.0,0.0,1.0
院长,3.0,0.0,1.0,0.0
七彩,3.0,0.0,1.0,0.0
属,0.0,3.0,0.0,1.0
挽回,3.0,0.0,1.0,0.0
stcn,0.0,3.0,0.0,1.0
近年,3.0,0.0,1.0,0.0
查案,3.0,0.0,1.0,0.0
编制工作,3.0,0.0,1.0,0.0
打算,3.0,0.0,1.0,0.0
合计,0.0,6.0,0.0,1.0
攻,0.0,3.0,0.0,1.0
云南省,75.0,24.0,0.7575757575757576,0.24242424242424243
资本运作,0.0,3.0,0.0,1.0
√,0.0,6.0,0.0,1.0
都市,3.0,0.0,1.0,0.0
不用,3.0,0.0,1.0,0.0
突出,27.0,0.0,1.0,0.0
少,6.0,0.0,1.0,0.0
品质,9.0,3.0,0.75,0.25
招商引资,0.0,3.0,0.0,1.0
规定,9.0,3.0,0.75,0.25
数量,21.0,0.0,1.0,0.0
新台阶,3.0,0.0,1.0,0.0
副业,3.0,0.0,1.0,0.0
热议,3.0,0.0,1.0,0.0
旅游,379.0,135.0,0.7373540856031129,0.26264591439688717
动作,3.0,3.0,0.5,0.5
式,3.0,0.0,1.0,0.0
正式,16.0,6.0,0.7272727272727273,0.2727272727272727
一倍,0.0,3.0,0.0,1.0
经,0.0,6.0,0.0,1.0
小团,6.0,0.0,1.0,0.0
很棒,3.0,0.0,1.0,0.0
逾,0.0,6.0,0.0,1.0
云南大学,0.0,3.0,0.0,1.0
想法,0.0,3.0,0.0,1.0
便宜,3.0,0.0,1.0,0.0
推行,6.0,0.0,1.0,0.0
家人,3.0,0.0,1.0,0.0
主要,18.0,9.0,0.6666666666666666,0.3333333333333333
鲜花,3.0,0.0,1.0,0.0
钟奇,9.0,0.0,1.0,0.0
启动,7.0,3.0,0.7,0.3
婚庆,6.0,0.0,1.0,0.0
各大,12.0,0.0,1.0,0.0
起,18.0,18.0,0.5,0.5
今年,27.0,12.0,0.6923076923076923,0.3076923076923077
下关,3.0,0.0,1.0,0.0
满月,3.0,0.0,1.0,0.0
发酵,3.0,0.0,1.0,0.0
卖出,3.0,0.0,1.0,0.0
花艺,3.0,0.0,1.0,0.0
疯狂,3.0,0.0,1.0,0.0
案件,6.0,0.0,1.0,0.0
扭转,3.0,0.0,1.0,0.0
委,3.0,0.0,1.0,0.0
转化率,6.0,0.0,1.0,0.0
jpeg,18.0,0.0,1.0,0.0
约定,0.0,3.0,0.0,1.0
年度报告,0.0,3.0,0.0,1.0
前述,0.0,3.0,0.0,1.0
全部,6.0,9.0,0.4,0.6
约,0.0,6.0,0.0,1.0
减持,6.0,6.0,0.5,0.5
景点,3.0,0.0,1.0,0.0
原因,12.0,12.0,0.5,0.5
油卡,6.0,0.0,1.0,0.0
希,3.0,0.0,1.0,0.0
买,18.0,0.0,1.0,0.0
中青旅,6.0,0.0,1.0,0.0
上线,6.0,0.0,1.0,0.0
万开,0.0,3.0,0.0,1.0
有利于,0.0,3.0,0.0,1.0
撤回,0.0,12.0,0.0,1.0
成为,15.0,6.0,0.7142857142857143,0.2857142857142857
揭秘,0.0,6.0,0.0,1.0
弱者,0.0,3.0,0.0,1.0
1.32,3.0,0.0,1.0,0.0
一段时间,3.0,0.0,1.0,0.0
可,3.0,3.0,0.5,0.5
显,9.0,0.0,1.0,0.0
审,0.0,3.0,0.0,1.0
窗期,3.0,0.0,1.0,0.0
解答,3.0,0.0,1.0,0.0
基于,9.0,0.0,1.0,0.0
增,0.0,6.0,0.0,1.0
海通,18.0,0.0,1.0,0.0
削减,3.0,0.0,1.0,0.0
专业,9.0,3.0,0.75,0.25
同时,12.0,3.0,0.8,0.2
30,0.0,3.0,0.0,1.0
常居,3.0,0.0,1.0,0.0
w,3.0,0.0,1.0,0.0
全程,6.0,0.0,1.0,0.0
减速,9.0,0.0,1.0,0.0
咋样,9.0,0.0,1.0,0.0
主席,0.0,6.0,0.0,1.0
发行人,0.0,3.0,0.0,1.0
时而,3.0,0.0,1.0,0.0
筹划,0.0,3.0,0.0,1.0
货架,3.0,0.0,1.0,0.0
总经理,0.0,3.0,0.0,1.0
多家,3.0,0.0,1.0,0.0
整理,0.0,3.0,0.0,1.0
迈出,0.0,3.0,0.0,1.0
班子,0.0,3.0,0.0,1.0
满足,9.0,6.0,0.6,0.4
一目了然,3.0,0.0,1.0,0.0
发布,33.0,9.0,0.7857142857142857,0.21428571428571427
东北,3.0,0.0,1.0,0.0
0.0914,0.0,3.0,0.0,1.0
围绕,3.0,0.0,1.0,0.0
股本,0.0,3.0,0.0,1.0
高级,0.0,3.0,0.0,1.0
监事,0.0,15.0,0.0,1.0
销售,6.0,3.0,0.6666666666666666,0.3333333333333333
转让,0.0,3.0,0.0,1.0
支柱产业,6.0,0.0,1.0,0.0
结合,3.0,3.0,0.5,0.5
共赢,0.0,6.0,0.0,1.0
消息,3.0,6.0,0.3333333333333333,0.6666666666666666
接听,3.0,0.0,1.0,0.0
强者,0.0,3.0,0.0,1.0
陈述,0.0,12.0,0.0,1.0
待,0.0,3.0,0.0,1.0
手段,12.0,6.0,0.6666666666666666,0.3333333333333333
党工委,0.0,3.0,0.0,1.0
西双版纳,0.0,3.0,0.0,1.0
16,3.0,0.0,1.0,0.0
老路,6.0,0.0,1.0,0.0
栏目,3.0,3.0,0.5,0.5
系统地,6.0,0.0,1.0,0.0
停牌,0.0,30.0,0.0,1.0
兼任,0.0,3.0,0.0,1.0
兴云,3.0,3.0,0.5,0.5
正常,6.0,12.0,0.3333333333333333,0.6666666666666666
重点,15.0,0.0,1.0,0.0
集团化,0.0,3.0,0.0,1.0
职责,3.0,0.0,1.0,0.0
骂人,6.0,0.0,1.0,0.0
大,15.0,18.0,0.45454545454545453,0.5454545454545454
时报,3.0,0.0,1.0,0.0
战略决策,9.0,0.0,1.0,0.0
26,9.0,32.0,0.21951219512195122,0.7804878048780488
美丽,3.0,0.0,1.0,0.0
第八份,3.0,0.0,1.0,0.0
协作,0.0,3.0,0.0,1.0
能量,3.0,0.0,1.0,0.0
200,0.0,9.0,0.0,1.0
28,3.0,0.0,1.0,0.0
密切关系,3.0,0.0,1.0,0.0
增多,6.0,0.0,1.0,0.0
系统,3.0,0.0,1.0,0.0
接连,6.0,0.0,1.0,0.0
乘,3.0,0.0,1.0,0.0
委派,0.0,3.0,0.0,1.0
最近,6.0,6.0,0.5,0.5
大潮,9.0,0.0,1.0,0.0
方面,27.0,6.0,0.8181818181818182,0.18181818181818182
类,3.0,0.0,1.0,0.0
持久,6.0,0.0,1.0,0.0
层面,0.0,3.0,0.0,1.0
资源整合,0.0,15.0,0.0,1.0
误导性,0.0,12.0,0.0,1.0
干事,0.0,3.0,0.0,1.0
龙头,9.0,0.0,1.0,0.0
双方,0.0,3.0,0.0,1.0
位置,3.0,0.0,1.0,0.0
文化,30.0,24.0,0.5555555555555556,0.4444444444444444
这座,0.0,6.0,0.0,1.0
太高兴,6.0,0.0,1.0,0.0
600908,0.0,3.0,0.0,1.0
0.40,0.0,3.0,0.0,1.0
发行股票,6.0,9.0,0.4,0.6
学院,0.0,3.0,0.0,1.0
打,9.0,0.0,1.0,0.0
有助于,0.0,3.0,0.0,1.0
定增,105.0,77.0,0.5769230769230769,0.4230769230769231
nbd,0.0,3.0,0.0,1.0
享受,3.0,0.0,1.0,0.0
痛楚,3.0,0.0,1.0,0.0
今日,0.0,6.0,0.0,1.0
有关,6.0,6.0,0.5,0.5
如下,0.0,6.0,0.0,1.0
．,0.0,9.0,0.0,1.0
欺诈,6.0,0.0,1.0,0.0
按照,12.0,3.0,0.8,0.2
让,12.0,3.0,0.8,0.2
昆明市,0.0,3.0,0.0,1.0
成长型,9.0,0.0,1.0,0.0
尚品,12.0,0.0,1.0,0.0
马燕,0.0,3.0,0.0,1.0
公共服务,12.0,0.0,1.0,0.0
突破口,3.0,0.0,1.0,0.0
日晚,0.0,3.0,0.0,1.0
最大,3.0,0.0,1.0,0.0
不能,15.0,0.0,1.0,0.0
支撑,15.0,0.0,1.0,0.0
制度,3.0,0.0,1.0,0.0
股派,0.0,3.0,0.0,1.0
被,6.0,12.0,0.3333333333333333,0.6666666666666666
9,3.0,9.0,0.25,0.75
赶来,9.0,0.0,1.0,0.0
工商登记,9.0,0.0,1.0,0.0
指,3.0,0.0,1.0,0.0
呈现,3.0,0.0,1.0,0.0
借助,6.0,0.0,1.0,0.0
应该,21.0,0.0,1.0,0.0
这一,9.0,0.0,1.0,0.0
时候,3.0,0.0,1.0,0.0
老君山,3.0,0.0,1.0,0.0
如今,0.0,6.0,0.0,1.0
午间,0.0,15.0,0.0,1.0
深交所,0.0,6.0,0.0,1.0
募集,15.0,0.0,1.0,0.0
复牌,0.0,9.0,0.0,1.0
彻底,0.0,3.0,0.0,1.0
开拓市场,3.0,0.0,1.0,0.0
和尚,0.0,3.0,0.0,1.0
系列,0.0,3.0,0.0,1.0
休闲,3.0,0.0,1.0,0.0
受托人,0.0,9.0,0.0,1.0
客源,3.0,3.0,0.5,0.5
云南旅游,806.0,670.0,0.5460704607046071,0.453929539295393
ofkAsvrrialU5o5IibK6M5cRCPZciaicwaKZtZowibFqWXR7VCyxg6aiaC488tSXvXEgwds8Q6pPq4es2acY3eiaqQusQ,3.0,0.0,1.0,0.0
展现,3.0,0.0,1.0,0.0
500000000,0.0,3.0,0.0,1.0
听众,3.0,0.0,1.0,0.0
手续,0.0,9.0,0.0,1.0
除了,12.0,3.0,0.8,0.2
裂变,0.0,3.0,0.0,1.0
洗牌,0.0,3.0,0.0,1.0
监管,24.0,17.0,0.5853658536585366,0.4146341463414634
樊成,3.0,0.0,1.0,0.0
整合,0.0,15.0,0.0,1.0
住,3.0,0.0,1.0,0.0
选举,0.0,3.0,0.0,1.0
坠,9.0,0.0,1.0,0.0
各种因素,6.0,3.0,0.6666666666666666,0.3333333333333333
一季度,15.0,3.0,0.8333333333333334,0.16666666666666666
有云,3.0,0.0,1.0,0.0
400,3.0,0.0,1.0,0.0
资本,9.0,57.0,0.13636363636363635,0.8636363636363636
外来,0.0,18.0,0.0,1.0
限量,6.0,0.0,1.0,0.0
机遇,3.0,3.0,0.5,0.5
股东,24.0,42.0,0.36363636363636365,0.6363636363636364
P14ic9shqgHhKTd4RFj4ldTTdibrC7acWZO4CvHKqMHYO3nZ0ic4P3My8cNHKIwyIVsDGmUzOvzMZFKibsxzmfqhGA,3.0,0.0,1.0,0.0
不得了,3.0,0.0,1.0,0.0
OTA,3.0,0.0,1.0,0.0
咨询,3.0,0.0,1.0,0.0
协议,12.0,78.0,0.13333333333333333,0.8666666666666667
jrjimg,0.0,3.0,0.0,1.0
旅行社,39.0,0.0,1.0,0.0
样本,3.0,0.0,1.0,0.0
恒丰,9.0,12.0,0.42857142857142855,0.5714285714285714
6680,0.0,3.0,0.0,1.0
利润分配,0.0,3.0,0.0,1.0
净利,0.0,6.0,0.0,1.0
补贴,0.0,12.0,0.0,1.0
云视,3.0,0.0,1.0,0.0
值得注意,0.0,6.0,0.0,1.0
元,21.0,15.0,0.5833333333333334,0.4166666666666667
640,15.0,0.0,1.0,0.0
高铁,9.0,0.0,1.0,0.0
砸,0.0,3.0,0.0,1.0
广场,12.0,6.0,0.6666666666666666,0.3333333333333333
不良现象,3.0,0.0,1.0,0.0
退市,0.0,3.0,0.0,1.0
虚假,0.0,12.0,0.0,1.0
月份,6.0,3.0,0.6666666666666666,0.3333333333333333
合伙,9.0,75.0,0.10714285714285714,0.8928571428571429
一批,3.0,9.0,0.25,0.75
流动资金,6.0,0.0,1.0,0.0
爱,6.0,0.0,1.0,0.0
不少,12.0,0.0,1.0,0.0
张睿,0.0,3.0,0.0,1.0
拥有,9.0,0.0,1.0,0.0
服务业,3.0,0.0,1.0,0.0
主营业务,0.0,3.0,0.0,1.0
获得,3.0,0.0,1.0,0.0
美,3.0,0.0,1.0,0.0
值得,9.0,0.0,1.0,0.0
箭,3.0,0.0,1.0,0.0
户外运动,12.0,0.0,1.0,0.0
4A,0.0,3.0,0.0,1.0
扎眼,6.0,6.0,0.5,0.5
补充,6.0,0.0,1.0,0.0
报上,6.0,0.0,1.0,0.0
去年底,6.0,0.0,1.0,0.0
边界,0.0,3.0,0.0,1.0
风险,0.0,3.0,0.0,1.0
称,12.0,50.0,0.1935483870967742,0.8064516129032258
一则,0.0,3.0,0.0,1.0
散客,3.0,0.0,1.0,0.0
二,0.0,6.0,0.0,1.0
思路,6.0,3.0,0.6666666666666666,0.3333333333333333
所有,3.0,6.0,0.3333333333333333,0.6666666666666666
时限,3.0,0.0,1.0,0.0
党风廉政,1.0,0.0,1.0,0.0
调控,6.0,0.0,1.0,0.0
飞翔,3.0,0.0,1.0,0.0
利润总额,6.0,9.0,0.4,0.6
范围,0.0,3.0,0.0,1.0
能,12.0,6.0,0.6666666666666666,0.3333333333333333
团队,9.0,0.0,1.0,0.0
历史,9.0,0.0,1.0,0.0
行业,42.0,3.0,0.9333333333333333,0.06666666666666667
质量,21.0,0.0,1.0,0.0
一家人,3.0,0.0,1.0,0.0
巡回,6.0,0.0,1.0,0.0
33,0.0,3.0,0.0,1.0
概述,0.0,3.0,0.0,1.0
未能,6.0,0.0,1.0,0.0
青岛,3.0,0.0,1.0,0.0
中,24.0,15.0,0.6153846153846154,0.38461538461538464
日至,3.0,9.0,0.25,0.75
;,3.0,39.0,0.07142857142857142,0.9285714285714286
istocknews,0.0,3.0,0.0,1.0
竟是,18.0,0.0,1.0,0.0
公司股票,0.0,3.0,0.0,1.0
2600,0.0,9.0,0.0,1.0
形象,3.0,0.0,1.0,0.0
辅助,0.0,12.0,0.0,1.0
遨游,6.0,0.0,1.0,0.0
团,15.0,0.0,1.0,0.0
与此同时,0.0,3.0,0.0,1.0
吹响,0.0,3.0,0.0,1.0
教授,0.0,3.0,0.0,1.0
小步,0.0,3.0,0.0,1.0
i5,0.0,3.0,0.0,1.0
pngdata,0.0,3.0,0.0,1.0
回头,3.0,0.0,1.0,0.0
回到,3.0,0.0,1.0,0.0
委员会,21.0,6.0,0.7777777777777778,0.2222222222222222
持续,12.0,12.0,0.5,0.5
投票,0.0,6.0,0.0,1.0
类似,3.0,3.0,0.5,0.5
《,51.0,78.0,0.3953488372093023,0.6046511627906976
游,15.0,0.0,1.0,0.0
对此,3.0,9.0,0.25,0.75
本来,3.0,0.0,1.0,0.0
除,3.0,9.0,0.25,0.75
选择,18.0,0.0,1.0,0.0
姑娘,3.0,0.0,1.0,0.0
改为,3.0,0.0,1.0,0.0
E5wAyNLsAKNurH9dRfiaF8ZEYYFYo5w1T9ryaguZQnQpqVDlhYSjMF60w1PGeF0cxvaIKJzgww,3.0,0.0,1.0,0.0
短期内,6.0,0.0,1.0,0.0
3000,9.0,0.0,1.0,0.0
又,9.0,0.0,1.0,0.0
冲击,6.0,0.0,1.0,0.0
现金流,3.0,0.0,1.0,0.0
非常,3.0,0.0,1.0,0.0
里,3.0,0.0,1.0,0.0
未来,6.0,9.0,0.4,0.6
20,21.0,0.0,1.0,0.0
办理,0.0,9.0,0.0,1.0
监督,3.0,0.0,1.0,0.0
总,6.0,9.0,0.4,0.6
<,33.0,21.0,0.6111111111111112,0.3888888888888889
交易,0.0,12.0,0.0,1.0
快速,0.0,3.0,0.0,1.0
数字,6.0,0.0,1.0,0.0
股东大会,0.0,15.0,0.0,1.0
13.48,3.0,0.0,1.0,0.0
出局,0.0,3.0,0.0,1.0
会议室,0.0,3.0,0.0,1.0
期限,0.0,18.0,0.0,1.0
联合,6.0,6.0,0.5,0.5
推进,27.0,15.0,0.6428571428571429,0.35714285714285715
国内,3.0,3.0,0.5,0.5
角度,6.0,0.0,1.0,0.0
健康,6.0,0.0,1.0,0.0
近,12.0,3.0,0.8,0.2
业绩,12.0,0.0,1.0,0.0
第四个,9.0,0.0,1.0,0.0
206,3.0,0.0,1.0,0.0
BficF4VJdYyoajADxykoS8Npq6JGxHAPN6w8ibiaFNZfbzsVDkpJnme3PpJT2Cl8GKlSiaxicpA,3.0,0.0,1.0,0.0
改善,3.0,0.0,1.0,0.0
负面,6.0,0.0,1.0,0.0
国有,0.0,3.0,0.0,1.0
迅速,0.0,3.0,0.0,1.0
一趟,3.0,0.0,1.0,0.0
出行,3.0,0.0,1.0,0.0
辩证法,3.0,0.0,1.0,0.0
评分,3.0,0.0,1.0,0.0
?,60.0,0.0,1.0,0.0
为,57.0,66.0,0.4634146341463415,0.5365853658536586
生意,15.0,0.0,1.0,0.0
法庭,15.0,0.0,1.0,0.0
com,0.0,12.0,0.0,1.0
板块,6.0,6.0,0.5,0.5
轻轻,3.0,0.0,1.0,0.0
实习,0.0,3.0,0.0,1.0
从根本上,6.0,0.0,1.0,0.0
打歼灭战,0.0,3.0,0.0,1.0
智能化,9.0,0.0,1.0,0.0
电视台,6.0,0.0,1.0,0.0
转增,0.0,3.0,0.0,1.0
相关,21.0,24.0,0.4666666666666667,0.5333333333333333
国有企业,0.0,3.0,0.0,1.0
以后,9.0,0.0,1.0,0.0
盈利,3.0,9.0,0.25,0.75
汇报,0.0,3.0,0.0,1.0
■,3.0,0.0,1.0,0.0
姐告,0.0,3.0,0.0,1.0
体系,3.0,3.0,0.5,0.5
横行,6.0,6.0,0.5,0.5
bdc,0.0,6.0,0.0,1.0
历史性,0.0,3.0,0.0,1.0
丽江市,3.0,0.0,1.0,0.0
优惠,3.0,0.0,1.0,0.0
ST,0.0,6.0,0.0,1.0
蒙睿,3.0,0.0,1.0,0.0
构建,3.0,3.0,0.5,0.5
遭遇,9.0,0.0,1.0,0.0
出品,6.0,0.0,1.0,0.0
pic430,0.0,3.0,0.0,1.0
很多,9.0,0.0,1.0,0.0
向,39.0,9.0,0.8125,0.1875
每人,3.0,0.0,1.0,0.0
1999,0.0,3.0,0.0,1.0
第一,12.0,0.0,1.0,0.0
委员,0.0,3.0,0.0,1.0
赴,9.0,0.0,1.0,0.0
强省,9.0,3.0,0.75,0.25
团费,9.0,0.0,1.0,0.0
毁约,3.0,0.0,1.0,0.0
访谈,6.0,0.0,1.0,0.0
很,6.0,3.0,0.6666666666666666,0.3333333333333333
格局,0.0,6.0,0.0,1.0
重拾,3.0,0.0,1.0,0.0
基本,12.0,9.0,0.5714285714285714,0.42857142857142855
其他,12.0,12.0,0.5,0.5
景洪,0.0,9.0,0.0,1.0
开发,3.0,12.0,0.2,0.8
告之,9.0,0.0,1.0,0.0
针对,18.0,0.0,1.0,0.0
团才,6.0,6.0,0.5,0.5
厕纸,3.0,0.0,1.0,0.0
资源优势,0.0,3.0,0.0,1.0
心中,3.0,0.0,1.0,0.0
个性化,3.0,0.0,1.0,0.0
携程,15.0,0.0,1.0,0.0
78.79,0.0,3.0,0.0,1.0
涌入,0.0,3.0,0.0,1.0
走,18.0,0.0,1.0,0.0
体现,3.0,0.0,1.0,0.0
思创,12.0,0.0,1.0,0.0
一览无余,6.0,3.0,0.6666666666666666,0.3333333333333333
旅债,0.0,9.0,0.0,1.0
迈进,6.0,0.0,1.0,0.0
有限责任,0.0,3.0,0.0,1.0
关花,3.0,0.0,1.0,0.0
给予,0.0,3.0,0.0,1.0
闯关夺隘,3.0,0.0,1.0,0.0
网,6.0,3.0,0.6666666666666666,0.3333333333333333
故事,33.0,15.0,0.6875,0.3125
另一方面,6.0,0.0,1.0,0.0
自,9.0,6.0,0.6,0.4
绝不,9.0,0.0,1.0,0.0
级,0.0,6.0,0.0,1.0
预计,9.0,9.0,0.5,0.5
举措,3.0,0.0,1.0,0.0
打破,3.0,0.0,1.0,0.0
依托,9.0,0.0,1.0,0.0
带,9.0,0.0,1.0,0.0
郊县,3.0,0.0,1.0,0.0
07,3.0,0.0,1.0,0.0
包揽,3.0,0.0,1.0,0.0
基金,9.0,69.0,0.11538461538461539,0.8846153846153846
立,3.0,0.0,1.0,0.0
整个,9.0,0.0,1.0,0.0
深圳华侨城,6.0,27.0,0.18181818181818182,0.8181818181818182
万,12.0,11.0,0.5217391304347826,0.4782608695652174
亿,0.0,9.0,0.0,1.0
黑名单,3.0,0.0,1.0,0.0
驰骋,0.0,9.0,0.0,1.0
名列前茅,0.0,3.0,0.0,1.0
合作伙伴,3.0,6.0,0.3333333333333333,0.6666666666666666
参与,0.0,33.0,0.0,1.0
老化,3.0,0.0,1.0,0.0
主任,30.0,6.0,0.8333333333333334,0.16666666666666666
人民币,0.0,3.0,0.0,1.0
营业,3.0,3.0,0.5,0.5
健全,3.0,0.0,1.0,0.0
金融,9.0,6.0,0.6,0.4
把,18.0,12.0,0.6,0.4
打击,9.0,0.0,1.0,0.0
通报,6.0,0.0,1.0,0.0
云南白药,3.0,6.0,0.3333333333333333,0.6666666666666666
店铺,3.0,0.0,1.0,0.0
聚集,3.0,0.0,1.0,0.0
曾任,0.0,3.0,0.0,1.0
多万元,3.0,0.0,1.0,0.0
鹏,0.0,3.0,0.0,1.0
水上运动,3.0,0.0,1.0,0.0
网站,0.0,15.0,0.0,1.0
文件,6.0,3.0,0.6666666666666666,0.3333333333333333
企业,27.0,51.0,0.34615384615384615,0.6538461538461539
地域,3.0,0.0,1.0,0.0
一等奖,6.0,0.0,1.0,0.0
准确,0.0,12.0,0.0,1.0
目前,15.0,30.0,0.3333333333333333,0.6666666666666666
2014,0.0,3.0,0.0,1.0
厕所,0.0,3.0,0.0,1.0
特定,0.0,6.0,0.0,1.0
房东,3.0,0.0,1.0,0.0
判断,3.0,3.0,0.5,0.5
回购,0.0,3.0,0.0,1.0
经历,9.0,0.0,1.0,0.0
2017,12.0,96.0,0.1111111111111111,0.8888888888888888
很早,3.0,0.0,1.0,0.0
产业链,3.0,3.0,0.5,0.5
17.20,3.0,9.0,0.25,0.75
房子,3.0,0.0,1.0,0.0
战略,21.0,45.0,0.3181818181818182,0.6818181818181818
节点,12.0,0.0,1.0,0.0
跨境,0.0,6.0,0.0,1.0
表现,6.0,0.0,1.0,0.0
；,18.0,24.0,0.42857142857142855,0.5714285714285714
罚款,3.0,0.0,1.0,0.0
定,3.0,0.0,1.0,0.0
独立,0.0,21.0,0.0,1.0
哈尼,0.0,3.0,0.0,1.0
17,3.0,0.0,1.0,0.0
吊销执照,6.0,0.0,1.0,0.0
乘坐,3.0,0.0,1.0,0.0
贾,3.0,0.0,1.0,0.0
签订,0.0,9.0,0.0,1.0
处理,6.0,0.0,1.0,0.0
至少,0.0,3.0,0.0,1.0
貔貅,9.0,0.0,1.0,0.0
消费,15.0,0.0,1.0,0.0
丽江,6.0,3.0,0.6666666666666666,0.3333333333333333
品牌优势,0.0,3.0,0.0,1.0
受到,3.0,0.0,1.0,0.0
改革,3.0,9.0,0.25,0.75
),12.0,54.0,0.18181818181818182,0.8181818181818182
名副其实,3.0,0.0,1.0,0.0
付静萍,3.0,0.0,1.0,0.0
含,0.0,3.0,0.0,1.0
100,3.0,18.0,0.14285714285714285,0.8571428571428571
中午,3.0,0.0,1.0,0.0
低空,15.0,0.0,1.0,0.0
出版,3.0,0.0,1.0,0.0
营收,3.0,0.0,1.0,0.0
政策法规,6.0,11.0,0.35294117647058826,0.6470588235294118
05,0.0,6.0,0.0,1.0
倍,0.0,9.0,0.0,1.0
重新,3.0,9.0,0.25,0.75
来源,3.0,0.0,1.0,0.0
为准,0.0,9.0,0.0,1.0
观点,36.0,3.0,0.9230769230769231,0.07692307692307693
显得,6.0,6.0,0.5,0.5
决议,0.0,6.0,0.0,1.0
路,0.0,3.0,0.0,1.0
群众,3.0,0.0,1.0,0.0
号,0.0,12.0,0.0,1.0
五,3.0,18.0,0.14285714285714285,0.8571428571428571
管理层,0.0,9.0,0.0,1.0
选购,3.0,0.0,1.0,0.0
低价,27.0,6.0,0.8181818181818182,0.18181818181818182
稳,0.0,3.0,0.0,1.0
地点,0.0,3.0,0.0,1.0
缠身,3.0,0.0,1.0,0.0
能够,9.0,9.0,0.5,0.5
加上,6.0,0.0,1.0,0.0
保证,0.0,12.0,0.0,1.0
常务,0.0,3.0,0.0,1.0
http,30.0,12.0,0.7142857142857143,0.2857142857142857
要求,24.0,11.0,0.6857142857142857,0.3142857142857143
暨,1.0,6.0,0.14285714285714285,0.8571428571428571
实业,0.0,3.0,0.0,1.0
40,12.0,3.0,0.8,0.2
稳步,0.0,3.0,0.0,1.0
把握,6.0,0.0,1.0,0.0
打响,0.0,3.0,0.0,1.0
长假,21.0,0.0,1.0,0.0
披露,3.0,21.0,0.125,0.875
今年年初,3.0,0.0,1.0,0.0
任何,0.0,3.0,0.0,1.0
急,9.0,0.0,1.0,0.0
原本,3.0,3.0,0.5,0.5
增资,6.0,3.0,0.6666666666666666,0.3333333333333333
无益,3.0,0.0,1.0,0.0
招,3.0,0.0,1.0,0.0
上年,3.0,3.0,0.5,0.5
情形,3.0,9.0,0.25,0.75
客户,3.0,0.0,1.0,0.0
日讯,9.0,18.0,0.3333333333333333,0.6666666666666666
一场,6.0,0.0,1.0,0.0
趋紧,6.0,6.0,0.5,0.5
助力,12.0,15.0,0.4444444444444444,0.5555555555555556
对,75.0,75.0,0.5,0.5
15,9.0,12.0,0.42857142857142855,0.5714285714285714
今后,3.0,0.0,1.0,0.0
并冀图,3.0,0.0,1.0,0.0
3.18,3.0,0.0,1.0,0.0
更好,6.0,0.0,1.0,0.0
动荡,3.0,0.0,1.0,0.0
党委,0.0,15.0,0.0,1.0
13.7,9.0,0.0,1.0,0.0
兴平,3.0,0.0,1.0,0.0
进入,9.0,0.0,1.0,0.0
200000000,0.0,3.0,0.0,1.0
在职,0.0,3.0,0.0,1.0
涉及,3.0,0.0,1.0,0.0
售,0.0,6.0,0.0,1.0
该,12.0,9.0,0.5714285714285714,0.42857142857142855
标签,0.0,3.0,0.0,1.0
支持,6.0,3.0,0.6666666666666666,0.3333333333333333
零,3.0,0.0,1.0,0.0
女士,6.0,9.0,0.4,0.6
公司,105.0,319.0,0.24764150943396226,0.7523584905660378
份额,0.0,9.0,0.0,1.0
已有,9.0,0.0,1.0,0.0
职业,0.0,3.0,0.0,1.0
17.21,3.0,0.0,1.0,0.0
新鼎,3.0,3.0,0.5,0.5
建设,31.0,15.0,0.6739130434782609,0.32608695652173914
近期,21.0,11.0,0.65625,0.34375
ziadDDQxbCJFDq1MaoNclaJOpElczibia6UXtxCadkIvdKUiaLVkuVnhkx32A3JCM6I4howpH175pChoFaXn9gKSicA,3.0,0.0,1.0,0.0
出资人,0.0,3.0,0.0,1.0
减小,6.0,0.0,1.0,0.0
寄望,3.0,0.0,1.0,0.0
彩云,6.0,0.0,1.0,0.0
000,0.0,6.0,0.0,1.0
更能念,0.0,3.0,0.0,1.0
0.000014,0.0,3.0,0.0,1.0
综合体,0.0,3.0,0.0,1.0
分别,3.0,0.0,1.0,0.0
并非,0.0,3.0,0.0,1.0
要约,6.0,54.0,0.1,0.9
出租汽车,0.0,3.0,0.0,1.0
主导,0.0,3.0,0.0,1.0
翻番,6.0,0.0,1.0,0.0
假期,3.0,0.0,1.0,0.0
不再,3.0,6.0,0.3333333333333333,0.6666666666666666
专列,0.0,3.0,0.0,1.0
连带责任,0.0,6.0,0.0,1.0
【,42.0,3.0,0.9333333333333333,0.06666666666666667
财富网,0.0,6.0,0.0,1.0
另外,6.0,0.0,1.0,0.0
再,12.0,9.0,0.5714285714285714,0.42857142857142855
我省,3.0,0.0,1.0,0.0
体育产业,3.0,0.0,1.0,0.0
攻略,6.0,0.0,1.0,0.0
寻找,3.0,0.0,1.0,0.0
引领,6.0,0.0,1.0,0.0
人民,3.0,0.0,1.0,0.0
20000,3.0,0.0,1.0,0.0
风光,3.0,0.0,1.0,0.0
每月,3.0,0.0,1.0,0.0
生变,0.0,3.0,0.0,1.0
审议,0.0,42.0,0.0,1.0
单一,0.0,9.0,0.0,1.0
服务质量,12.0,0.0,1.0,0.0
企入,0.0,6.0,0.0,1.0
战略规划,0.0,3.0,0.0,1.0
清淡,6.0,0.0,1.0,0.0
入,0.0,3.0,0.0,1.0
作为,3.0,33.0,0.08333333333333333,0.9166666666666666
推出,3.0,0.0,1.0,0.0
旅界,0.0,3.0,0.0,1.0
董事会,9.0,78.0,0.10344827586206896,0.896551724137931
斩断,3.0,0.0,1.0,0.0
榜,3.0,0.0,1.0,0.0
竞争,6.0,9.0,0.4,0.6
截至,0.0,3.0,0.0,1.0
002033,0.0,3.0,0.0,1.0
变化,6.0,14.0,0.3,0.7
081,0.0,3.0,0.0,1.0
去,18.0,3.0,0.8571428571428571,0.14285714285714285
自身,0.0,3.0,0.0,1.0
猜,3.0,0.0,1.0,0.0
持有,3.0,21.0,0.125,0.875
调整,12.0,21.0,0.36363636363636365,0.6363636363636364
IZoGGedNWTyfhBoEhtr0xaibH5vGhYX5q0SaMdtgZUU3EW2nZl86ZEia2gVv5gnzsqeYYx0vxDCW00a3g7RDI5JQ,3.0,0.0,1.0,0.0
不法行为,3.0,0.0,1.0,0.0
从而,3.0,3.0,0.5,0.5
一卡通,0.0,3.0,0.0,1.0
收购人,0.0,18.0,0.0,1.0
游遍,0.0,3.0,0.0,1.0
监事会,0.0,15.0,0.0,1.0
世纪,18.0,0.0,1.0,0.0
影响,24.0,18.0,0.5714285714285714,0.42857142857142855
报告书,3.0,6.0,0.3333333333333333,0.6666666666666666
买入,0.0,21.0,0.0,1.0
及其,9.0,3.0,0.75,0.25
既,9.0,3.0,0.75,0.25
供给,15.0,3.0,0.8333333333333334,0.16666666666666666
做,30.0,3.0,0.9090909090909091,0.09090909090909091
募资,3.0,9.0,0.25,0.75
开启,0.0,3.0,0.0,1.0
面向,3.0,0.0,1.0,0.0
年报,3.0,12.0,0.2,0.8
079,0.0,3.0,0.0,1.0
治,6.0,0.0,1.0,0.0
阅读,6.0,0.0,1.0,0.0
透过,6.0,0.0,1.0,0.0
届满,0.0,15.0,0.0,1.0
恬静,3.0,0.0,1.0,0.0
已,6.0,48.0,0.1111111111111111,0.8888888888888888
边境,0.0,3.0,0.0,1.0
专项,4.0,0.0,1.0,0.0
了央企,0.0,6.0,0.0,1.0
工会,0.0,3.0,0.0,1.0
可能,9.0,3.0,0.75,0.25
有色,9.0,0.0,1.0,0.0
日起,0.0,21.0,0.0,1.0
第二,0.0,12.0,0.0,1.0
简称,9.0,72.0,0.1111111111111111,0.8888888888888888
回应,3.0,0.0,1.0,0.0
k,0.0,3.0,0.0,1.0
最佳,3.0,0.0,1.0,0.0
-,9.0,24.0,0.2727272727272727,0.7272727272727273
修建,3.0,6.0,0.3333333333333333,0.6666666666666666
’,9.0,3.0,0.75,0.25
升级,99.0,21.0,0.825,0.175
重要,12.0,3.0,0.8,0.2
现实,3.0,0.0,1.0,0.0
战斗,0.0,3.0,0.0,1.0
以外,3.0,6.0,0.3333333333333333,0.6666666666666666
百度,6.0,0.0,1.0,0.0
交银,0.0,18.0,0.0,1.0
49.519398,0.0,3.0,0.0,1.0
万人次,3.0,0.0,1.0,0.0
新质品,6.0,0.0,1.0,0.0
首个,3.0,0.0,1.0,0.0
满意,3.0,0.0,1.0,0.0
花卉,3.0,0.0,1.0,0.0
276,3.0,0.0,1.0,0.0
董事,12.0,30.0,0.2857142857142857,0.7142857142857143
书记,6.0,15.0,0.2857142857142857,0.7142857142857143
尤其,3.0,0.0,1.0,0.0
大连,0.0,3.0,0.0,1.0
全力,0.0,3.0,0.0,1.0
晚间,3.0,9.0,0.25,0.75
名,3.0,0.0,1.0,0.0
二十多个,0.0,3.0,0.0,1.0
自家人,3.0,3.0,0.5,0.5
额外,3.0,0.0,1.0,0.0
路子,9.0,0.0,1.0,0.0
函,0.0,3.0,0.0,1.0
国资委,6.0,24.0,0.2,0.8
中小,3.0,9.0,0.25,0.75
过,12.0,9.0,0.5714285714285714,0.42857142857142855
策划,3.0,0.0,1.0,0.0
出于,0.0,3.0,0.0,1.0
副,9.0,18.0,0.3333333333333333,0.6666666666666666
凌乱,3.0,0.0,1.0,0.0
发生,12.0,17.0,0.41379310344827586,0.5862068965517241
增长幅度,3.0,0.0,1.0,0.0
一事,0.0,3.0,0.0,1.0
淑芳,0.0,12.0,0.0,1.0
张晓翊,0.0,3.0,0.0,1.0
同业,0.0,6.0,0.0,1.0
总体而言,0.0,3.0,0.0,1.0
宣传,6.0,3.0,0.6666666666666666,0.3333333333333333
直播,6.0,0.0,1.0,0.0
诸多,6.0,11.0,0.35294117647058826,0.6470588235294118
》,51.0,81.0,0.38636363636363635,0.6136363636363636
投入,9.0,0.0,1.0,0.0
天堂,3.0,0.0,1.0,0.0
世博,60.0,111.0,0.3508771929824561,0.6491228070175439
比较,3.0,0.0,1.0,0.0
控制,9.0,33.0,0.21428571428571427,0.7857142857142857
彷徨,3.0,0.0,1.0,0.0
思维,3.0,0.0,1.0,0.0
一起,3.0,0.0,1.0,0.0
进账,3.0,0.0,1.0,0.0
自洁,10.0,0.0,1.0,0.0
增加,6.0,9.0,0.4,0.6
关键,0.0,3.0,0.0,1.0
品橙,3.0,0.0,1.0,0.0
王晓东,0.0,3.0,0.0,1.0
省委,39.0,0.0,1.0,0.0
野心,0.0,9.0,0.0,1.0
北京,7.0,3.0,0.7,0.3
FM105,6.0,0.0,1.0,0.0
www,0.0,3.0,0.0,1.0
据统计,0.0,3.0,0.0,1.0
到,24.0,3.0,0.8888888888888888,0.1111111111111111
端午,3.0,0.0,1.0,0.0
起来,6.0,0.0,1.0,0.0
完整,0.0,12.0,0.0,1.0
顾问,0.0,3.0,0.0,1.0
团委书记,0.0,3.0,0.0,1.0
承载,6.0,0.0,1.0,0.0
218,3.0,0.0,1.0,0.0
旅客,3.0,0.0,1.0,0.0
共同,18.0,24.0,0.42857142857142855,0.5714285714285714
第二次,3.0,9.0,0.25,0.75
距离,6.0,0.0,1.0,0.0
金科,0.0,9.0,0.0,1.0
事项,15.0,35.0,0.3,0.7
顺利,3.0,3.0,0.5,0.5
IMAGE,30.0,12.0,0.7142857142857143,0.2857142857142857
有限,3.0,39.0,0.07142857142857142,0.9285714285714286
市场,138.0,45.0,0.7540983606557377,0.2459016393442623
金融界,0.0,15.0,0.0,1.0
问题,84.0,6.0,0.9333333333333333,0.06666666666666667
迈向,3.0,0.0,1.0,0.0
东兴,9.0,0.0,1.0,0.0
意见,0.0,9.0,0.0,1.0
推送,3.0,0.0,1.0,0.0
十六,6.0,0.0,1.0,0.0
第十二次,0.0,6.0,0.0,1.0
目标,9.0,9.0,0.5,0.5
靠,3.0,3.0,0.5,0.5
并,21.0,42.0,0.3333333333333333,0.6666666666666666
用,12.0,0.0,1.0,0.0
额度,0.0,3.0,0.0,1.0
时尚化,3.0,0.0,1.0,0.0
环境,9.0,6.0,0.6,0.4
例证,3.0,0.0,1.0,0.0
投资者,3.0,0.0,1.0,0.0
自有,3.0,9.0,0.25,0.75
出,6.0,3.0,0.6666666666666666,0.3333333333333333
五百,0.0,6.0,0.0,1.0
同属,6.0,12.0,0.3333333333333333,0.6666666666666666
强强联合,0.0,3.0,0.0,1.0
恐龙,3.0,0.0,1.0,0.0
净利润,3.0,30.0,0.09090909090909091,0.9090909090909091
走出,9.0,0.0,1.0,0.0
|,18.0,3.0,0.8571428571428571,0.14285714285714285
差距,9.0,0.0,1.0,0.0
信号,0.0,6.0,0.0,1.0
过会,3.0,3.0,0.5,0.5
近两年,6.0,0.0,1.0,0.0
起涉,6.0,0.0,1.0,0.0
次,0.0,3.0,0.0,1.0
原,6.0,0.0,1.0,0.0
请求,0.0,3.0,0.0,1.0
告知,0.0,3.0,0.0,1.0
词,6.0,0.0,1.0,0.0
透露,3.0,0.0,1.0,0.0
新规,6.0,0.0,1.0,0.0
这个,9.0,0.0,1.0,0.0
共创,6.0,0.0,1.0,0.0
指出,9.0,0.0,1.0,0.0
注册资本,9.0,15.0,0.375,0.625
整体,6.0,0.0,1.0,0.0
股权结构,0.0,3.0,0.0,1.0
旅行,3.0,0.0,1.0,0.0
开展,12.0,3.0,0.8,0.2
证券化,0.0,3.0,0.0,1.0
下降,12.0,12.0,0.5,0.5
昨日,0.0,6.0,0.0,1.0
预增,0.0,3.0,0.0,1.0
碳,3.0,3.0,0.5,0.5
集约型,9.0,0.0,1.0,0.0
爱恨交加,6.0,0.0,1.0,0.0
栏目组,3.0,0.0,1.0,0.0
水平,21.0,6.0,0.7777777777777778,0.2222222222222222
全面,21.0,18.0,0.5384615384615384,0.46153846153846156
规范,6.0,0.0,1.0,0.0
服务水平,9.0,0.0,1.0,0.0
座谈会,0.0,3.0,0.0,1.0
亿定,0.0,3.0,0.0,1.0
四,3.0,0.0,1.0,0.0
5,24.0,84.0,0.2222222222222222,0.7777777777777778
年,45.0,138.0,0.2459016393442623,0.7540983606557377
这于,0.0,3.0,0.0,1.0
要,27.0,6.0,0.8181818181818182,0.18181818181818182
具体,3.0,3.0,0.5,0.5
办,0.0,3.0,0.0,1.0
/,189.0,66.0,0.7411764705882353,0.25882352941176473
详情请,3.0,0.0,1.0,0.0
赵庆,0.0,3.0,0.0,1.0
很大,0.0,9.0,0.0,1.0
显然,3.0,0.0,1.0,0.0
‘,9.0,3.0,0.75,0.25
总需求,3.0,0.0,1.0,0.0
缩影,6.0,0.0,1.0,0.0
记载,0.0,12.0,0.0,1.0
当地,0.0,6.0,0.0,1.0
首旅,0.0,6.0,0.0,1.0
一众,0.0,3.0,0.0,1.0
此举,3.0,3.0,0.5,0.5
为名,0.0,6.0,0.0,1.0
大放送,6.0,0.0,1.0,0.0
归属于,3.0,12.0,0.2,0.8
失范,6.0,0.0,1.0,0.0
编制,3.0,0.0,1.0,0.0
当地政府,0.0,3.0,0.0,1.0
扩张,3.0,12.0,0.2,0.8
努力,3.0,0.0,1.0,0.0
游客,81.0,6.0,0.9310344827586207,0.06896551724137931
累计,9.0,0.0,1.0,0.0
乱象,9.0,0.0,1.0,0.0
购物点,6.0,0.0,1.0,0.0
入主,15.0,6.0,0.7142857142857143,0.2857142857142857
相对,9.0,0.0,1.0,0.0
省委书记,6.0,0.0,1.0,0.0
传统,3.0,0.0,1.0,0.0
媒体,15.0,3.0,0.8333333333333334,0.16666666666666666
jpg,9.0,3.0,0.75,0.25
唯破则立,3.0,0.0,1.0,0.0
搞,6.0,0.0,1.0,0.0
条新规,9.0,0.0,1.0,0.0
扩张型,9.0,0.0,1.0,0.0
科技股份,0.0,3.0,0.0,1.0
长麟,9.0,15.0,0.375,0.625
五一,27.0,0.0,1.0,0.0
仍然,12.0,0.0,1.0,0.0
2.00,0.0,3.0,0.0,1.0
兼,0.0,6.0,0.0,1.0
塔山,0.0,9.0,0.0,1.0
一定,21.0,0.0,1.0,0.0
从业者,27.0,0.0,1.0,0.0
停团,3.0,0.0,1.0,0.0
已经,21.0,27.0,0.4375,0.5625
著名,6.0,0.0,1.0,0.0
导游,69.0,0.0,1.0,0.0
过低,9.0,0.0,1.0,0.0
面临,6.0,3.0,0.6666666666666666,0.3333333333333333
医惠,12.0,0.0,1.0,0.0
战略性,3.0,0.0,1.0,0.0
第十三次,0.0,42.0,0.0,1.0
转,18.0,0.0,1.0,0.0
不甘落后,0.0,3.0,0.0,1.0
着,15.0,0.0,1.0,0.0
演艺,6.0,6.0,0.5,0.5
遗漏,0.0,12.0,0.0,1.0
朱伯威,6.0,0.0,1.0,0.0
一,6.0,18.0,0.25,0.75
用于,6.0,9.0,0.4,0.6
云南省公安厅,3.0,0.0,1.0,0.0
培养,0.0,3.0,0.0,1.0
圣亚,0.0,3.0,0.0,1.0
对外,0.0,6.0,0.0,1.0
3,15.0,18.0,0.45454545454545453,0.5454545454545454
某个,6.0,0.0,1.0,0.0
残酷,0.0,3.0,0.0,1.0
价格上涨,3.0,0.0,1.0,0.0
好,21.0,3.0,0.875,0.125
云岭,6.0,0.0,1.0,0.0
主力军,3.0,0.0,1.0,0.0
辞去,0.0,6.0,0.0,1.0
股票代码,0.0,6.0,0.0,1.0
队伍,6.0,0.0,1.0,0.0
活动,3.0,0.0,1.0,0.0
宜通,18.0,0.0,1.0,0.0
高,12.0,3.0,0.8,0.2
视为,3.0,0.0,1.0,0.0
之所以,3.0,0.0,1.0,0.0
关键字,3.0,0.0,1.0,0.0
老,9.0,6.0,0.6,0.4
关门,3.0,0.0,1.0,0.0
常务副,0.0,3.0,0.0,1.0
重大项目,0.0,3.0,0.0,1.0
更加,18.0,6.0,0.75,0.25
高质量,3.0,0.0,1.0,0.0
...,0.0,12.0,0.0,1.0
确定,3.0,6.0,0.3333333333333333,0.6666666666666666
效益,3.0,0.0,1.0,0.0
结果,0.0,12.0,0.0,1.0
千亿,0.0,9.0,0.0,1.0
修订,9.0,3.0,0.75,0.25
大奖,3.0,0.0,1.0,0.0
退出,0.0,15.0,0.0,1.0
原创,3.0,0.0,1.0,0.0
面对,12.0,9.0,0.5714285714285714,0.42857142857142855
背景,6.0,9.0,0.4,0.6
集中,6.0,0.0,1.0,0.0
康养,6.0,0.0,1.0,0.0
女子,6.0,0.0,1.0,0.0
负,0.0,6.0,0.0,1.0
纯玩团,9.0,0.0,1.0,0.0
减,0.0,3.0,0.0,1.0
适合,3.0,0.0,1.0,0.0
间接,6.0,21.0,0.2222222222222222,0.7777777777777778
过去,9.0,12.0,0.42857142857142855,0.5714285714285714
市场需求,9.0,0.0,1.0,0.0
遍布,3.0,0.0,1.0,0.0
002721,0.0,3.0,0.0,1.0
具有,3.0,0.0,1.0,0.0
8000,6.0,0.0,1.0,0.0
1000,12.0,0.0,1.0,0.0
一旦,6.0,0.0,1.0,0.0
平,3.0,0.0,1.0,0.0
地图,6.0,0.0,1.0,0.0
带动,3.0,0.0,1.0,0.0
为什么,9.0,0.0,1.0,0.0
期望值,3.0,0.0,1.0,0.0
了解,12.0,0.0,1.0,0.0
区位,9.0,0.0,1.0,0.0
审核,3.0,0.0,1.0,0.0
下滑,6.0,6.0,0.5,0.5
002059,9.0,77.0,0.10465116279069768,0.8953488372093024
阵痛期,9.0,0.0,1.0,0.0
证件,3.0,0.0,1.0,0.0
介绍,15.0,3.0,0.8333333333333334,0.16666666666666666
提示,0.0,3.0,0.0,1.0
一经,6.0,0.0,1.0,0.0
巩固,0.0,3.0,0.0,1.0
失败,0.0,5.0,0.0,1.0
充分,6.0,0.0,1.0,0.0
年底,3.0,0.0,1.0,0.0
取得,0.0,3.0,0.0,1.0
新闻,6.0,0.0,1.0,0.0
不会,6.0,12.0,0.3333333333333333,0.6666666666666666
培育,3.0,0.0,1.0,0.0
始终,3.0,0.0,1.0,0.0
用途,3.0,0.0,1.0,0.0
21,3.0,0.0,1.0,0.0
禄丰,3.0,0.0,1.0,0.0
风向标,6.0,0.0,1.0,0.0
吊销,6.0,0.0,1.0,0.0
51,9.0,3.0,0.75,0.25
对于,21.0,15.0,0.5833333333333334,0.4166666666666667
全,0.0,3.0,0.0,1.0
出台,15.0,0.0,1.0,0.0
早,6.0,0.0,1.0,0.0
97.62,0.0,6.0,0.0,1.0
领头羊,3.0,0.0,1.0,0.0
编辑,6.0,3.0,0.6666666666666666,0.3333333333333333
最,18.0,0.0,1.0,0.0
2001,0.0,3.0,0.0,1.0
管理人员,0.0,3.0,0.0,1.0
讯,0.0,6.0,0.0,1.0
输出,6.0,0.0,1.0,0.0
惩罚,3.0,0.0,1.0,0.0
检测,9.0,0.0,1.0,0.0
随着,21.0,3.0,0.875,0.125
A股,9.0,26.0,0.2571428571428571,0.7428571428571429
同年,3.0,0.0,1.0,0.0
期限内,0.0,3.0,0.0,1.0
上报,3.0,0.0,1.0,0.0
美食,3.0,0.0,1.0,0.0
链接,3.0,0.0,1.0,0.0
这是,0.0,3.0,0.0,1.0
型,9.0,0.0,1.0,0.0
放在,3.0,0.0,1.0,0.0
出资额,0.0,3.0,0.0,1.0
研究,6.0,3.0,0.6666666666666666,0.3333333333333333
指示,6.0,0.0,1.0,0.0
决定,12.0,11.0,0.5217391304347826,0.4782608695652174
留下来,3.0,0.0,1.0,0.0
基础设施,15.0,0.0,1.0,0.0
人士,3.0,0.0,1.0,0.0
国资,3.0,3.0,0.5,0.5
20170511,9.0,0.0,1.0,0.0
所,0.0,6.0,0.0,1.0
三大,3.0,0.0,1.0,0.0
开弓,3.0,0.0,1.0,0.0
标的,3.0,0.0,1.0,0.0
铁旅,0.0,3.0,0.0,1.0
摄影,6.0,0.0,1.0,0.0
成长,9.0,0.0,1.0,0.0
部署,3.0,0.0,1.0,0.0
13,6.0,0.0,1.0,0.0
加快,30.0,15.0,0.6666666666666666,0.3333333333333333
微,0.0,6.0,0.0,1.0
近年来,3.0,0.0,1.0,0.0
出具,0.0,6.0,0.0,1.0
吉迈斯,0.0,9.0,0.0,1.0
搬进,6.0,0.0,1.0,0.0
优势,18.0,9.0,0.6666666666666666,0.3333333333333333
参加,3.0,0.0,1.0,0.0
上,33.0,24.0,0.5789473684210527,0.42105263157894735
学习,3.0,3.0,0.5,0.5
想起,3.0,0.0,1.0,0.0
先行,3.0,0.0,1.0,0.0
从来不,0.0,3.0,0.0,1.0
一个月,9.0,3.0,0.75,0.25
前面,3.0,0.0,1.0,0.0
优秀,3.0,0.0,1.0,0.0
应,6.0,0.0,1.0,0.0
由,21.0,18.0,0.5384615384615384,0.46153846153846156
曾,15.0,6.0,0.7142857142857143,0.2857142857142857
名牌,3.0,0.0,1.0,0.0
证券,3.0,15.0,0.16666666666666666,0.8333333333333334
路上,3.0,0.0,1.0,0.0
当前,3.0,0.0,1.0,0.0
承诺,0.0,6.0,0.0,1.0
发行,33.0,44.0,0.42857142857142855,0.5714285714285714
融资,3.0,0.0,1.0,0.0
相信,6.0,0.0,1.0,0.0
纪委书记,0.0,3.0,0.0,1.0
银行,9.0,15.0,0.375,0.625
还是,6.0,0.0,1.0,0.0
省外,3.0,6.0,0.3333333333333333,0.6666666666666666
命运,0.0,3.0,0.0,1.0
出没,3.0,0.0,1.0,0.0
元到,6.0,0.0,1.0,0.0
之前,3.0,0.0,1.0,0.0
设计,6.0,0.0,1.0,0.0
银行卡,3.0,0.0,1.0,0.0
Uml4EHxZUk0ogyL,3.0,0.0,1.0,0.0
时机,6.0,0.0,1.0,0.0
身影,6.0,0.0,1.0,0.0
不佳会,3.0,3.0,0.5,0.5
并购,6.0,39.0,0.13333333333333333,0.8666666666666667
再也,3.0,0.0,1.0,0.0
商报讯,1.0,3.0,0.25,0.75
空前,3.0,0.0,1.0,0.0
南财,0.0,3.0,0.0,1.0
等,78.0,56.0,0.582089552238806,0.417910447761194
A,3.0,33.0,0.08333333333333333,0.9166666666666666
代码,0.0,15.0,0.0,1.0
上述,9.0,3.0,0.75,0.25
FFppdbf1lxQVQQqicFml4MhKzBumq8ZicA,3.0,0.0,1.0,0.0
事,3.0,0.0,1.0,0.0
调查,3.0,0.0,1.0,0.0
可不,6.0,0.0,1.0,0.0
同程,12.0,0.0,1.0,0.0
本,0.0,18.0,0.0,1.0
细致,6.0,0.0,1.0,0.0
落户,0.0,3.0,0.0,1.0
6766.8,3.0,9.0,0.25,0.75
影响力,3.0,0.0,1.0,0.0
北部湾,0.0,6.0,0.0,1.0
人民政府,3.0,3.0,0.5,0.5
全额,3.0,3.0,0.5,0.5
漫游,6.0,0.0,1.0,0.0
转变,15.0,3.0,0.8333333333333334,0.16666666666666666
－,3.0,0.0,1.0,0.0
文投,6.0,18.0,0.25,0.75
实在,9.0,0.0,1.0,0.0
提供,3.0,3.0,0.5,0.5
王军,0.0,3.0,0.0,1.0
形容,6.0,0.0,1.0,0.0
合同,3.0,0.0,1.0,0.0
贸易区,0.0,3.0,0.0,1.0
一路,0.0,3.0,0.0,1.0
以下,18.0,42.0,0.3,0.7
临时,0.0,60.0,0.0,1.0
就地解决,3.0,0.0,1.0,0.0
点云视,3.0,0.0,1.0,0.0
渗入,0.0,3.0,0.0,1.0
能力,21.0,6.0,0.7777777777777778,0.2222222222222222
该省,3.0,0.0,1.0,0.0
一减,0.0,3.0,0.0,1.0
尚未,0.0,12.0,0.0,1.0
策略,3.0,3.0,0.5,0.5
城投,6.0,3.0,0.6666666666666666,0.3333333333333333
深入开展,3.0,0.0,1.0,0.0
腾越,0.0,3.0,0.0,1.0
显现,9.0,0.0,1.0,0.0
森林,6.0,0.0,1.0,0.0
一号,0.0,3.0,0.0,1.0
具,3.0,0.0,1.0,0.0
助推,3.0,0.0,1.0,0.0
汽车,0.0,12.0,0.0,1.0
er,0.0,3.0,0.0,1.0
于,18.0,36.0,0.3333333333333333,0.6666666666666666
投向,3.0,0.0,1.0,0.0
立则,3.0,0.0,1.0,0.0
很强,6.0,0.0,1.0,0.0
翡翠,18.0,0.0,1.0,0.0
洱海,3.0,0.0,1.0,0.0
浙江,3.0,0.0,1.0,0.0
制定,6.0,0.0,1.0,0.0
名额,6.0,0.0,1.0,0.0
预受,0.0,6.0,0.0,1.0
10.63,3.0,0.0,1.0,0.0
决不,3.0,0.0,1.0,0.0
对待,6.0,0.0,1.0,0.0
酒店,3.0,6.0,0.3333333333333333,0.6666666666666666
证券时报,0.0,3.0,0.0,1.0
提出,24.0,0.0,1.0,0.0
实施,24.0,3.0,0.8888888888888888,0.1111111111111111
扩股,3.0,3.0,0.5,0.5
以,15.0,48.0,0.23809523809523808,0.7619047619047619
各类,3.0,0.0,1.0,0.0
试图,3.0,0.0,1.0,0.0
电话,3.0,0.0,1.0,0.0
产量,9.0,0.0,1.0,0.0
知道,9.0,0.0,1.0,0.0
收购,12.0,66.0,0.15384615384615385,0.8461538461538461
前,6.0,3.0,0.6666666666666666,0.3333333333333333
考核,3.0,0.0,1.0,0.0
存在,21.0,9.0,0.7,0.3
翡,0.0,3.0,0.0,1.0
工商行政管理局,3.0,0.0,1.0,0.0
四个,9.0,0.0,1.0,0.0
云南,159.0,162.0,0.4953271028037383,0.5046728971962616
wx,51.0,0.0,1.0,0.0
078,0.0,3.0,0.0,1.0
稳健,0.0,6.0,0.0,1.0
会议,0.0,57.0,0.0,1.0
研究生班,0.0,3.0,0.0,1.0
胜算,0.0,6.0,0.0,1.0
以前,3.0,0.0,1.0,0.0
资产,0.0,21.0,0.0,1.0
致电,3.0,0.0,1.0,0.0
折戟,0.0,3.0,0.0,1.0
这些,3.0,3.0,0.5,0.5
市民,27.0,0.0,1.0,0.0
越,12.0,0.0,1.0,0.0
跃进,3.0,3.0,0.5,0.5
实现,18.0,36.0,0.3333333333333333,0.6666666666666666
速递,12.0,0.0,1.0,0.0
挖掘,9.0,0.0,1.0,0.0
新,78.0,35.0,0.6902654867256637,0.30973451327433627
上涨,6.0,0.0,1.0,0.0
是,162.0,84.0,0.6585365853658537,0.34146341463414637
一流,3.0,0.0,1.0,0.0
旅游业,42.0,3.0,0.9333333333333333,0.06666666666666667
应有,3.0,0.0,1.0,0.0
牵动,3.0,0.0,1.0,0.0
不靠,6.0,3.0,0.6666666666666666,0.3333333333333333
认缴,0.0,3.0,0.0,1.0
兰芳,3.0,0.0,1.0,0.0
南亚,3.0,0.0,1.0,0.0
登记注册,0.0,9.0,0.0,1.0
落地,6.0,9.0,0.4,0.6
这本,0.0,3.0,0.0,1.0
因,0.0,8.0,0.0,1.0
旅发委,27.0,3.0,0.9,0.1
观察,6.0,0.0,1.0,0.0
昆钢,0.0,15.0,0.0,1.0
压力,9.0,0.0,1.0,0.0
>,66.0,21.0,0.7586206896551724,0.2413793103448276
进展,6.0,3.0,0.6666666666666666,0.3333333333333333
规划,30.0,3.0,0.9090909090909091,0.09090909090909091
此后,3.0,0.0,1.0,0.0
2015,3.0,0.0,1.0,0.0
25,6.0,36.0,0.14285714285714285,0.8571428571428571
独有,0.0,3.0,0.0,1.0
消费者,9.0,0.0,1.0,0.0
做出,3.0,0.0,1.0,0.0
云南铜业,3.0,3.0,0.5,0.5
数次,0.0,3.0,0.0,1.0
融合,6.0,0.0,1.0,0.0
效益型,9.0,0.0,1.0,0.0
感受,6.0,0.0,1.0,0.0
3500,3.0,0.0,1.0,0.0
通过,48.0,81.0,0.37209302325581395,0.627906976744186
打人,3.0,0.0,1.0,0.0
损害,3.0,9.0,0.25,0.75
时间,12.0,3.0,0.8,0.2
不争,0.0,3.0,0.0,1.0
经报,6.0,6.0,0.5,0.5
百事通,0.0,3.0,0.0,1.0
三个,9.0,3.0,0.75,0.25
例如,3.0,0.0,1.0,0.0
段丕瑜,3.0,0.0,1.0,0.0
出现,9.0,3.0,0.75,0.25
驱动,0.0,3.0,0.0,1.0
墨翠,9.0,0.0,1.0,0.0
几个,3.0,0.0,1.0,0.0
身份证,3.0,0.0,1.0,0.0
收入,6.0,3.0,0.6666666666666666,0.3333333333333333
老乡,3.0,0.0,1.0,0.0
城镇化,0.0,3.0,0.0,1.0
经营,21.0,42.0,0.3333333333333333,0.6666666666666666
第五届,0.0,6.0,0.0,1.0
打勾,0.0,3.0,0.0,1.0
董青枝,0.0,3.0,0.0,1.0
·,30.0,6.0,0.8333333333333334,0.16666666666666666
49.519385,0.0,3.0,0.0,1.0
麟,0.0,3.0,0.0,1.0
经济法,0.0,3.0,0.0,1.0
拒绝,6.0,0.0,1.0,0.0
长久,3.0,0.0,1.0,0.0
副总经理,0.0,3.0,0.0,1.0
SRC,30.0,12.0,0.7142857142857143,0.2857142857142857
南通,27.0,0.0,1.0,0.0
N,3.0,0.0,1.0,0.0
1433.72,3.0,0.0,1.0,0.0
地,18.0,6.0,0.75,0.25
2.4,0.0,3.0,0.0,1.0
相比,3.0,0.0,1.0,0.0
澜沧江,0.0,3.0,0.0,1.0
部门,11.0,0.0,1.0,0.0
人事,0.0,3.0,0.0,1.0
雪山,0.0,3.0,0.0,1.0
从业,3.0,0.0,1.0,0.0
度假,3.0,0.0,1.0,0.0
必然,6.0,0.0,1.0,0.0
日前,6.0,0.0,1.0,0.0
比,3.0,6.0,0.3333333333333333,0.6666666666666666
地产,24.0,30.0,0.4444444444444444,0.5555555555555556
遭,3.0,0.0,1.0,0.0
生产,12.0,24.0,0.3333333333333333,0.6666666666666666
有限公司,33.0,192.0,0.14666666666666667,0.8533333333333334
花样,9.0,0.0,1.0,0.0
　,294.0,1381.0,0.1755223880597015,0.8244776119402986
NbAB3TarYmwib38qiaVljvTfd5crpOrQSicRBI6TibibvzmU8FPXGsnl3yjicV8IeGEgv5sw4w,3.0,0.0,1.0,0.0
蛋糕,0.0,6.0,0.0,1.0
有利,3.0,0.0,1.0,0.0
企,0.0,3.0,0.0,1.0
文化娱乐,3.0,0.0,1.0,0.0
兴泰,15.0,24.0,0.38461538461538464,0.6153846153846154
任,0.0,33.0,0.0,1.0
08,0.0,3.0,0.0,1.0
之外,3.0,0.0,1.0,0.0
启示,3.0,0.0,1.0,0.0
严打,3.0,0.0,1.0,0.0
个,12.0,9.0,0.5714285714285714,0.42857142857142855
参观,6.0,0.0,1.0,0.0
擦边球,3.0,0.0,1.0,0.0
来讲,3.0,0.0,1.0,0.0
改造,3.0,0.0,1.0,0.0
积极,3.0,0.0,1.0,0.0
短期,9.0,0.0,1.0,0.0
这项,18.0,0.0,1.0,0.0
不准,12.0,0.0,1.0,0.0
集团,27.0,84.0,0.24324324324324326,0.7567567567567568
示范区,3.0,0.0,1.0,0.0
一键,6.0,3.0,0.6666666666666666,0.3333333333333333
问责,3.0,0.0,1.0,0.0
吴必虎,6.0,0.0,1.0,0.0
落定,6.0,3.0,0.6666666666666666,0.3333333333333333
新一代,0.0,3.0,0.0,1.0
战役,0.0,6.0,0.0,1.0
董事长,27.0,33.0,0.45,0.55
接待,9.0,0.0,1.0,0.0
政务网,6.0,0.0,1.0,0.0
4,48.0,36.0,0.5714285714285714,0.42857142857142855
服务平台,6.0,3.0,0.6666666666666666,0.3333333333333333
吃,3.0,0.0,1.0,0.0
发现,6.0,3.0,0.6666666666666666,0.3333333333333333
4.5,0.0,6.0,0.0,1.0
知名,0.0,6.0,0.0,1.0
放心,9.0,0.0,1.0,0.0
后续,6.0,3.0,0.6666666666666666,0.3333333333333333
公告日,0.0,3.0,0.0,1.0
庞大,6.0,0.0,1.0,0.0
舒心,3.0,0.0,1.0,0.0
业内人士,12.0,3.0,0.8,0.2
精英,6.0,0.0,1.0,0.0
党委委员,0.0,3.0,0.0,1.0
记者,29.0,12.0,0.7073170731707317,0.2926829268292683
求助,9.0,0.0,1.0,0.0
回复,0.0,6.0,0.0,1.0
说,15.0,0.0,1.0,0.0
递交,0.0,3.0,0.0,1.0
必须,12.0,0.0,1.0,0.0
注意,0.0,3.0,0.0,1.0
_,75.0,6.0,0.9259259259259259,0.07407407407407407
实力,6.0,0.0,1.0,0.0
生效,6.0,0.0,1.0,0.0
抓紧,6.0,3.0,0.6666666666666666,0.3333333333333333
艺术,12.0,6.0,0.6666666666666666,0.3333333333333333
王明,0.0,3.0,0.0,1.0
一些,3.0,3.0,0.5,0.5
抓好,6.0,0.0,1.0,0.0
火爆,3.0,0.0,1.0,0.0
往年,3.0,0.0,1.0,0.0
资源,30.0,33.0,0.47619047619047616,0.5238095238095238
之后,0.0,3.0,0.0,1.0
查看,0.0,3.0,0.0,1.0
新一轮,0.0,6.0,0.0,1.0
街,6.0,6.0,0.5,0.5
点,6.0,0.0,1.0,0.0
必,3.0,0.0,1.0,0.0
自然,6.0,0.0,1.0,0.0
吸附,3.0,0.0,1.0,0.0
壮士断腕,3.0,0.0,1.0,0.0
玻璃,18.0,0.0,1.0,0.0
个股,36.0,3.0,0.9230769230769231,0.07692307692307693
年内,3.0,0.0,1.0,0.0
中均,3.0,3.0,0.5,0.5
科技,12.0,12.0,0.5,0.5
第一个,9.0,0.0,1.0,0.0
指定,0.0,6.0,0.0,1.0
现状,3.0,3.0,0.5,0.5
引导,6.0,0.0,1.0,0.0
严,6.0,3.0,0.6666666666666666,0.3333333333333333
公,0.0,3.0,0.0,1.0
晚,3.0,0.0,1.0,0.0
以破则立,3.0,0.0,1.0,0.0
主体,0.0,6.0,0.0,1.0
全体成员,0.0,12.0,0.0,1.0
机构,15.0,3.0,0.8333333333333334,0.16666666666666666
长期,6.0,0.0,1.0,0.0
投洽会,3.0,0.0,1.0,0.0
孟先生,9.0,0.0,1.0,0.0
为主,3.0,0.0,1.0,0.0
公开,21.0,44.0,0.3230769230769231,0.676923076923077
系统性,3.0,0.0,1.0,0.0
更强,0.0,3.0,0.0,1.0
平台,30.0,42.0,0.4166666666666667,0.5833333333333334
怎样,9.0,0.0,1.0,0.0
朝发夕至,6.0,0.0,1.0,0.0
%,33.0,87.0,0.275,0.725
最新消息,0.0,9.0,0.0,1.0
签署,6.0,36.0,0.14285714285714285,0.8571428571428571
采用,0.0,6.0,0.0,1.0
将,39.0,51.0,0.43333333333333335,0.5666666666666667
全省,15.0,0.0,1.0,0.0
国际,9.0,9.0,0.5,0.5
记忆,3.0,0.0,1.0,0.0
鉴于,6.0,6.0,0.5,0.5
以及,18.0,21.0,0.46153846153846156,0.5384615384615384
(,12.0,54.0,0.18181818181818182,0.8181818181818182
德宏州,0.0,3.0,0.0,1.0
在于,3.0,0.0,1.0,0.0
文本,3.0,0.0,1.0,0.0
（,67.0,224.0,0.23024054982817868,0.7697594501718213
以来,24.0,0.0,1.0,0.0
分公司,0.0,3.0,0.0,1.0
方法,15.0,0.0,1.0,0.0
更,21.0,15.0,0.5833333333333334,0.4166666666666667
标准化,9.0,0.0,1.0,0.0
情怀,6.0,0.0,1.0,0.0
未,3.0,9.0,0.25,0.75
1,18.0,42.0,0.3,0.7
男,1.0,3.0,0.25,0.75
表示,63.0,33.0,0.65625,0.34375
高管,9.0,0.0,1.0,0.0
现场会议,0.0,3.0,0.0,1.0
那种,3.0,0.0,1.0,0.0
事前,0.0,6.0,0.0,1.0
州市,6.0,0.0,1.0,0.0
8icqy0tGwxwmwxmmOophwXB6jTjicBkX55zL4X2V4a15h5rB345QPeibRo0a7NA,3.0,0.0,1.0,0.0
总收入,6.0,0.0,1.0,0.0
SZ,3.0,15.0,0.16666666666666666,0.8333333333333334
作用,6.0,0.0,1.0,0.0
左右,0.0,3.0,0.0,1.0
获取,3.0,3.0,0.5,0.5
600614,0.0,3.0,0.0,1.0
cZV2hRpuAPhQmPPCyMGfbceYAFImOiaofKwTHib,3.0,0.0,1.0,0.0
用史,6.0,0.0,1.0,0.0
鳄,0.0,6.0,0.0,1.0
本次,21.0,32.0,0.39622641509433965,0.6037735849056604
雪映,3.0,0.0,1.0,0.0
任务,3.0,0.0,1.0,0.0
112250,0.0,9.0,0.0,1.0
之下,9.0,0.0,1.0,0.0
颁出,3.0,0.0,1.0,0.0
拟以,3.0,6.0,0.3333333333333333,0.6666666666666666
两会,3.0,0.0,1.0,0.0
风花雪月,6.0,0.0,1.0,0.0
日均,6.0,0.0,1.0,0.0
三轮车,0.0,3.0,0.0,1.0
同期,3.0,3.0,0.5,0.5
龙超,0.0,3.0,0.0,1.0
点评,9.0,0.0,1.0,0.0
是从,3.0,0.0,1.0,0.0
股份公司,0.0,3.0,0.0,1.0
核名,0.0,9.0,0.0,1.0
自由,6.0,0.0,1.0,0.0
乐购,6.0,0.0,1.0,0.0
三年,3.0,0.0,1.0,0.0
回,12.0,0.0,1.0,0.0
来电,3.0,0.0,1.0,0.0
T3eibNLxHvandkRjFPnFQic4ebE129xVOADpwR9TGkktHubERVLQ7bCQCbag,3.0,0.0,1.0,0.0
PPP,0.0,6.0,0.0,1.0
外援,6.0,0.0,1.0,0.0
sY3UoZvTtaraG3k70NAONe7lI6Y8zicTnKAVosLloTamVexOicUZcSfYdkDNt2M4ExdmEjnuSwTHRibBsfIttg,3.0,0.0,1.0,0.0
看,9.0,0.0,1.0,0.0
背后,6.0,0.0,1.0,0.0
金色,9.0,0.0,1.0,0.0
据介绍,3.0,0.0,1.0,0.0
合作,9.0,18.0,0.3333333333333333,0.6666666666666666
美誉,3.0,0.0,1.0,0.0
深圳,6.0,18.0,0.25,0.75
内,12.0,18.0,0.4,0.6
哪个,6.0,0.0,1.0,0.0
马文瑞,0.0,3.0,0.0,1.0
探索,6.0,0.0,1.0,0.0
遏制,6.0,0.0,1.0,0.0
