日,0.0,24.0,0.0,1.0
指出,0.0,3.0,0.0,1.0
商行,0.0,3.0,0.0,1.0
数十家,0.0,3.0,0.0,1.0
技术相结合,0.0,3.0,0.0,1.0
政府,0.0,3.0,0.0,1.0
继大,0.0,3.0,0.0,1.0
历程,0.0,3.0,0.0,1.0
建设项目,0.0,9.0,0.0,1.0
整体,0.0,3.0,0.0,1.0
城市,0.0,15.0,0.0,1.0
机遇,0.0,3.0,0.0,1.0
股东,0.0,24.0,0.0,1.0
700,0.0,6.0,0.0,1.0
伸入,0.0,3.0,0.0,1.0
1500,0.0,3.0,0.0,1.0
30.98,0.0,3.0,0.0,1.0
完成,0.0,6.0,0.0,1.0
jrjimg,0.0,3.0,0.0,1.0
颠覆,0.0,3.0,0.0,1.0
真火,0.0,3.0,0.0,1.0
太光,0.0,3.0,0.0,1.0
以上,0.0,6.0,0.0,1.0
网点,0.0,9.0,0.0,1.0
交易平台,0.0,6.0,0.0,1.0
同比,0.0,9.0,0.0,1.0
用云,0.0,6.0,0.0,1.0
元,0.0,21.0,0.0,1.0
2,0.0,18.0,0.0,1.0
963.43,0.0,6.0,0.0,1.0
一朵,0.0,3.0,0.0,1.0
自本,0.0,3.0,0.0,1.0
创新,0.0,36.0,0.0,1.0
此次,0.0,15.0,0.0,1.0
到,0.0,24.0,0.0,1.0
力,0.0,3.0,0.0,1.0
依托,0.0,3.0,0.0,1.0
日止,0.0,3.0,0.0,1.0
头条,0.0,3.0,0.0,1.0
购物,0.0,3.0,0.0,1.0
:,0.0,6.0,0.0,1.0
最高级别,0.0,3.0,0.0,1.0
拥有,0.0,18.0,0.0,1.0
发挥,0.0,6.0,0.0,1.0
反映,0.0,3.0,0.0,1.0
866,0.0,3.0,0.0,1.0
获得,0.0,6.0,0.0,1.0
各个环节,0.0,6.0,0.0,1.0
《,0.0,15.0,0.0,1.0
神奇,0.0,3.0,0.0,1.0
乡村,0.0,3.0,0.0,1.0
继续,0.0,9.0,0.0,1.0
实际,0.0,6.0,0.0,1.0
方式,0.0,12.0,0.0,1.0
电信,0.0,9.0,0.0,1.0
听取,0.0,3.0,0.0,1.0
龙头,0.0,6.0,0.0,1.0
还,0.0,12.0,0.0,1.0
低值,0.0,3.0,0.0,1.0
案例,0.0,3.0,0.0,1.0
阳光,0.0,3.0,0.0,1.0
土地增值,0.0,6.0,0.0,1.0
数字化,0.0,3.0,0.0,1.0
能,0.0,9.0,0.0,1.0
>,0.0,6.0,0.0,1.0
部门,0.0,3.0,0.0,1.0
原,0.0,6.0,0.0,1.0
时,0.0,3.0,0.0,1.0
副组长,0.0,3.0,0.0,1.0
贡献力量,0.0,3.0,0.0,1.0
青岛,0.0,3.0,0.0,1.0
捷报频传,0.0,3.0,0.0,1.0
;,0.0,21.0,0.0,1.0
里程碑,0.0,3.0,0.0,1.0
38.23,0.0,3.0,0.0,1.0
贯彻执行,0.0,3.0,0.0,1.0
10,0.0,12.0,0.0,1.0
实验室,0.0,3.0,0.0,1.0
高效,0.0,3.0,0.0,1.0
博会,0.0,3.0,0.0,1.0
携手,0.0,3.0,0.0,1.0
得益于,0.0,3.0,0.0,1.0
灵活,0.0,3.0,0.0,1.0
服务商,0.0,9.0,0.0,1.0
出,0.0,9.0,0.0,1.0
股没卖,0.0,3.0,0.0,1.0
才能,0.0,3.0,0.0,1.0
农业,0.0,204.0,0.0,1.0
余个,0.0,6.0,0.0,1.0
一大,0.0,3.0,0.0,1.0
获,0.0,3.0,0.0,1.0
越来越,0.0,6.0,0.0,1.0
变化规律,0.0,3.0,0.0,1.0
持续,0.0,15.0,0.0,1.0
1,0.0,33.0,0.0,1.0
成长,0.0,3.0,0.0,1.0
转变成,0.0,3.0,0.0,1.0
下限,0.0,3.0,0.0,1.0
对此,0.0,3.0,0.0,1.0
形态,0.0,3.0,0.0,1.0
各个,0.0,6.0,0.0,1.0
20170718,0.0,3.0,0.0,1.0
中旬,0.0,6.0,0.0,1.0
过硬,0.0,3.0,0.0,1.0
无论,0.0,6.0,0.0,1.0
年末,0.0,3.0,0.0,1.0
里,0.0,3.0,0.0,1.0
晋中,0.0,6.0,0.0,1.0
合计,0.0,3.0,0.0,1.0
比,0.0,3.0,0.0,1.0
总,0.0,15.0,0.0,1.0
<,0.0,6.0,0.0,1.0
交易,0.0,33.0,0.0,1.0
快速,0.0,3.0,0.0,1.0
参考,0.0,6.0,0.0,1.0
综合,0.0,15.0,0.0,1.0
地理信息,0.0,6.0,0.0,1.0
提升,0.0,12.0,0.0,1.0
关键点,0.0,3.0,0.0,1.0
消失,0.0,3.0,0.0,1.0
生态圈,0.0,12.0,0.0,1.0
png,0.0,6.0,0.0,1.0
7,0.0,9.0,0.0,1.0
智慧,0.0,51.0,0.0,1.0
推进,0.0,12.0,0.0,1.0
还是,0.0,9.0,0.0,1.0
天然,0.0,3.0,0.0,1.0
归母,0.0,3.0,0.0,1.0
神州,0.0,339.0,0.0,1.0
一座,0.0,6.0,0.0,1.0
省市,0.0,9.0,0.0,1.0
走向世界,0.0,6.0,0.0,1.0
差异化,0.0,3.0,0.0,1.0
业绩,0.0,3.0,0.0,1.0
单位,0.0,6.0,0.0,1.0
首家,0.0,6.0,0.0,1.0
多年,0.0,9.0,0.0,1.0
互联网,0.0,21.0,0.0,1.0
操控,0.0,6.0,0.0,1.0
预期,0.0,3.0,0.0,1.0
发力,0.0,6.0,0.0,1.0
发展,0.0,45.0,0.0,1.0
功能,0.0,6.0,0.0,1.0
服务平台,0.0,15.0,0.0,1.0
积极,0.0,6.0,0.0,1.0
决策,0.0,3.0,0.0,1.0
=,0.0,6.0,0.0,1.0
标准,0.0,21.0,0.0,1.0
贵阳,0.0,6.0,0.0,1.0
+,0.0,12.0,0.0,1.0
2000,0.0,12.0,0.0,1.0
板块,0.0,6.0,0.0,1.0
云为,0.0,3.0,0.0,1.0
连续,0.0,12.0,0.0,1.0
chart,0.0,3.0,0.0,1.0
87,0.0,3.0,0.0,1.0
华夏银行,0.0,3.0,0.0,1.0
相关,0.0,9.0,0.0,1.0
专业,0.0,15.0,0.0,1.0
揭晓,0.0,3.0,0.0,1.0
963,0.0,3.0,0.0,1.0
蓝海,0.0,6.0,0.0,1.0
对接,0.0,6.0,0.0,1.0
惠民,0.0,3.0,0.0,1.0
生态,0.0,12.0,0.0,1.0
都,0.0,3.0,0.0,1.0
～,0.0,6.0,0.0,1.0
市,0.0,6.0,0.0,1.0
如何,0.0,9.0,0.0,1.0
近,0.0,18.0,0.0,1.0
农村土地,0.0,9.0,0.0,1.0
pic430,0.0,3.0,0.0,1.0
很多,0.0,3.0,0.0,1.0
活储,0.0,3.0,0.0,1.0
垂直,0.0,6.0,0.0,1.0
资源配置,0.0,3.0,0.0,1.0
19.39,0.0,3.0,0.0,1.0
第一,0.0,15.0,0.0,1.0
具象,0.0,3.0,0.0,1.0
IDC,0.0,3.0,0.0,1.0
品牌化,0.0,6.0,0.0,1.0
符合实际,0.0,3.0,0.0,1.0
很,0.0,3.0,0.0,1.0
价格,0.0,6.0,0.0,1.0
郭为,0.0,6.0,0.0,1.0
领导人,0.0,9.0,0.0,1.0
百余年,0.0,3.0,0.0,1.0
针对,0.0,3.0,0.0,1.0
超过,0.0,21.0,0.0,1.0
整合,0.0,12.0,0.0,1.0
431.28,0.0,3.0,0.0,1.0
需求,0.0,12.0,0.0,1.0
低于,0.0,3.0,0.0,1.0
体现,0.0,9.0,0.0,1.0
建模,0.0,3.0,0.0,1.0
止步,0.0,3.0,0.0,1.0
45,0.0,9.0,0.0,1.0
给予,0.0,3.0,0.0,1.0
主导地位,0.0,6.0,0.0,1.0
承建,0.0,3.0,0.0,1.0
相当,0.0,3.0,0.0,1.0
组建,0.0,9.0,0.0,1.0
值得,0.0,3.0,0.0,1.0
土地,0.0,9.0,0.0,1.0
自,0.0,12.0,0.0,1.0
达,0.0,3.0,0.0,1.0
增长,0.0,3.0,0.0,1.0
服务端,0.0,6.0,0.0,1.0
不再,0.0,6.0,0.0,1.0
整个,0.0,3.0,0.0,1.0
帮助,0.0,9.0,0.0,1.0
中国,0.0,21.0,0.0,1.0
连下,0.0,3.0,0.0,1.0
24,0.0,6.0,0.0,1.0
SRC,0.0,6.0,0.0,1.0
参与,0.0,3.0,0.0,1.0
),0.0,18.0,0.0,1.0
营业,0.0,3.0,0.0,1.0
运维,0.0,9.0,0.0,1.0
金融,0.0,21.0,0.0,1.0
大型,0.0,3.0,0.0,1.0
初,0.0,3.0,0.0,1.0
吃饭,0.0,3.0,0.0,1.0
平安,0.0,3.0,0.0,1.0
者,0.0,3.0,0.0,1.0
价格行情,0.0,3.0,0.0,1.0
php,0.0,3.0,0.0,1.0
触及,0.0,3.0,0.0,1.0
储备,0.0,3.0,0.0,1.0
企业,0.0,27.0,0.0,1.0
参与者,0.0,3.0,0.0,1.0
早已,0.0,3.0,0.0,1.0
新农,0.0,6.0,0.0,1.0
现代化,0.0,12.0,0.0,1.0
目前,0.0,33.0,0.0,1.0
2014,0.0,3.0,0.0,1.0
祥云,0.0,3.0,0.0,1.0
面向,0.0,3.0,0.0,1.0
持股,0.0,3.0,0.0,1.0
2017,0.0,9.0,0.0,1.0
服务体系,0.0,6.0,0.0,1.0
产业链,0.0,9.0,0.0,1.0
采集,0.0,9.0,0.0,1.0
农场主,0.0,3.0,0.0,1.0
会,0.0,3.0,0.0,1.0
中七标,0.0,3.0,0.0,1.0
推动,0.0,6.0,0.0,1.0
尤为,0.0,3.0,0.0,1.0
定,0.0,3.0,0.0,1.0
中关村,0.0,9.0,0.0,1.0
惊喜,0.0,3.0,0.0,1.0
数据库,0.0,6.0,0.0,1.0
顾问,0.0,3.0,0.0,1.0
认证,0.0,3.0,0.0,1.0
顺利,0.0,6.0,0.0,1.0
9.12,0.0,6.0,0.0,1.0
23,0.0,3.0,0.0,1.0
1.09,0.0,3.0,0.0,1.0
创业投资,0.0,6.0,0.0,1.0
消费,0.0,3.0,0.0,1.0
耕者,0.0,3.0,0.0,1.0
之一,0.0,3.0,0.0,1.0
改革,0.0,3.0,0.0,1.0
5,0.0,15.0,0.0,1.0
扎根,0.0,3.0,0.0,1.0
中心,0.0,9.0,0.0,1.0
闭环,0.0,3.0,0.0,1.0
可,0.0,6.0,0.0,1.0
亦,0.0,3.0,0.0,1.0
开始,0.0,12.0,0.0,1.0
相信,0.0,3.0,0.0,1.0
土壤,0.0,3.0,0.0,1.0
宏观,0.0,3.0,0.0,1.0
对,0.0,15.0,0.0,1.0
二孩,0.0,3.0,0.0,1.0
围绕,0.0,3.0,0.0,1.0
同时,0.0,6.0,0.0,1.0
路,0.0,3.0,0.0,1.0
评价,0.0,3.0,0.0,1.0
单品,0.0,6.0,0.0,1.0
股份,0.0,30.0,0.0,1.0
结合,0.0,3.0,0.0,1.0
吴江,0.0,3.0,0.0,1.0
月,0.0,51.0,0.0,1.0
小幅,0.0,3.0,0.0,1.0
看来,0.0,3.0,0.0,1.0
大幅,0.0,3.0,0.0,1.0
最,0.0,9.0,0.0,1.0
位于,0.0,3.0,0.0,1.0
赋能,0.0,3.0,0.0,1.0
各类,0.0,9.0,0.0,1.0
加上,0.0,3.0,0.0,1.0
七家,0.0,6.0,0.0,1.0
专家,0.0,9.0,0.0,1.0
收益,0.0,3.0,0.0,1.0
http,0.0,6.0,0.0,1.0
每股,0.0,3.0,0.0,1.0
要求,0.0,6.0,0.0,1.0
单独,0.0,3.0,0.0,1.0
闷,0.0,3.0,0.0,1.0
要,0.0,3.0,0.0,1.0
报告,0.0,3.0,0.0,1.0
民众,0.0,3.0,0.0,1.0
整省,0.0,6.0,0.0,1.0
等,0.0,39.0,0.0,1.0
一站式,0.0,3.0,0.0,1.0
河北,0.0,3.0,0.0,1.0
门槛,0.0,3.0,0.0,1.0
可行性,0.0,3.0,0.0,1.0
扣非,0.0,3.0,0.0,1.0
运用,0.0,3.0,0.0,1.0
交付,0.0,3.0,0.0,1.0
传统产业,0.0,9.0,0.0,1.0
中信银行,0.0,3.0,0.0,1.0
助力,0.0,18.0,0.0,1.0
成功,0.0,12.0,0.0,1.0
15,0.0,12.0,0.0,1.0
通过,0.0,45.0,0.0,1.0
IaaS,0.0,3.0,0.0,1.0
国家级,0.0,6.0,0.0,1.0
进入,0.0,3.0,0.0,1.0
领先地位,0.0,3.0,0.0,1.0
董事长,0.0,6.0,0.0,1.0
领域,0.0,30.0,0.0,1.0
该,0.0,3.0,0.0,1.0
下面,0.0,3.0,0.0,1.0
支持,0.0,3.0,0.0,1.0
最前沿,0.0,3.0,0.0,1.0
正是,0.0,18.0,0.0,1.0
性后,0.0,3.0,0.0,1.0
pngdata,0.0,3.0,0.0,1.0
赢得,0.0,3.0,0.0,1.0
支付,0.0,3.0,0.0,1.0
且,0.0,6.0,0.0,1.0
建设,0.0,12.0,0.0,1.0
天下,0.0,3.0,0.0,1.0
生产,0.0,36.0,0.0,1.0
展开,0.0,3.0,0.0,1.0
二级,0.0,3.0,0.0,1.0
浦发银行,0.0,3.0,0.0,1.0
多地,0.0,3.0,0.0,1.0
指挥舱,0.0,6.0,0.0,1.0
脉搏,0.0,3.0,0.0,1.0
后,0.0,15.0,0.0,1.0
创业者,0.0,3.0,0.0,1.0
419,0.0,3.0,0.0,1.0
支持者,0.0,3.0,0.0,1.0
内,0.0,18.0,0.0,1.0
近两年,0.0,3.0,0.0,1.0
人口,0.0,15.0,0.0,1.0
之,0.0,6.0,0.0,1.0
显然,0.0,3.0,0.0,1.0
私有,0.0,12.0,0.0,1.0
农民,0.0,9.0,0.0,1.0
产业,0.0,45.0,0.0,1.0
占,0.0,18.0,0.0,1.0
再,0.0,3.0,0.0,1.0
保障,0.0,6.0,0.0,1.0
有望,0.0,6.0,0.0,1.0
上个月,0.0,3.0,0.0,1.0
》,0.0,15.0,0.0,1.0
一举,0.0,3.0,0.0,1.0
963.4,0.0,3.0,0.0,1.0
服务质量,0.0,3.0,0.0,1.0
一网,0.0,12.0,0.0,1.0
16.84,0.0,3.0,0.0,1.0
张,0.0,3.0,0.0,1.0
股价,0.0,15.0,0.0,1.0
作为,0.0,21.0,0.0,1.0
领先,0.0,12.0,0.0,1.0
管理,0.0,36.0,0.0,1.0
大量,0.0,3.0,0.0,1.0
下,0.0,6.0,0.0,1.0
截至,0.0,6.0,0.0,1.0
心,0.0,3.0,0.0,1.0
最受,0.0,3.0,0.0,1.0
国家标准,0.0,3.0,0.0,1.0
现代农业,0.0,3.0,0.0,1.0
自身,0.0,6.0,0.0,1.0
管理水平,0.0,3.0,0.0,1.0
根本,0.0,3.0,0.0,1.0
持有,0.0,15.0,0.0,1.0
调整,0.0,3.0,0.0,1.0
构筑,0.0,3.0,0.0,1.0
懂得,0.0,3.0,0.0,1.0
公告,0.0,18.0,0.0,1.0
31,0.0,18.0,0.0,1.0
使,0.0,3.0,0.0,1.0
亿元,0.0,6.0,0.0,1.0
身,0.0,3.0,0.0,1.0
做,0.0,3.0,0.0,1.0
每经,0.0,6.0,0.0,1.0
ueditor,0.0,3.0,0.0,1.0
采用,0.0,3.0,0.0,1.0
年报,0.0,3.0,0.0,1.0
翅膀,0.0,6.0,0.0,1.0
数十年如一日,0.0,3.0,0.0,1.0
测评,0.0,6.0,0.0,1.0
生金,0.0,3.0,0.0,1.0
个省,0.0,6.0,0.0,1.0
其中,0.0,3.0,0.0,1.0
隆重,0.0,3.0,0.0,1.0
指南,0.0,6.0,0.0,1.0
测绘,0.0,6.0,0.0,1.0
交易日,0.0,9.0,0.0,1.0
发布会,0.0,3.0,0.0,1.0
活用,0.0,3.0,0.0,1.0
可能,0.0,3.0,0.0,1.0
低廉,0.0,3.0,0.0,1.0
头筹,0.0,6.0,0.0,1.0
近日,0.0,3.0,0.0,1.0
减仓,0.0,3.0,0.0,1.0
锄,0.0,3.0,0.0,1.0
简称,0.0,3.0,0.0,1.0
融合,0.0,30.0,0.0,1.0
社会化,0.0,6.0,0.0,1.0
最佳,0.0,3.0,0.0,1.0
化,0.0,6.0,0.0,1.0
三类,0.0,3.0,0.0,1.0
升级,0.0,12.0,0.0,1.0
新型,0.0,9.0,0.0,1.0
313,0.0,3.0,0.0,1.0
服务,0.0,216.0,0.0,1.0
可以,0.0,12.0,0.0,1.0
了解,0.0,6.0,0.0,1.0
深耕,0.0,6.0,0.0,1.0
制造,0.0,3.0,0.0,1.0
推广,0.0,3.0,0.0,1.0
幸福,0.0,3.0,0.0,1.0
体验,0.0,9.0,0.0,1.0
大众,0.0,3.0,0.0,1.0
内含,0.0,3.0,0.0,1.0
ESB,0.0,21.0,0.0,1.0
快车道,0.0,3.0,0.0,1.0
模拟,0.0,3.0,0.0,1.0
一度,0.0,3.0,0.0,1.0
全国,0.0,18.0,0.0,1.0
晚间,0.0,6.0,0.0,1.0
媒体,0.0,3.0,0.0,1.0
您,0.0,3.0,0.0,1.0
：,0.0,39.0,0.0,1.0
下调,0.0,3.0,0.0,1.0
过,0.0,3.0,0.0,1.0
打造,0.0,12.0,0.0,1.0
创造,0.0,3.0,0.0,1.0
深厚,0.0,3.0,0.0,1.0
我国,0.0,18.0,0.0,1.0
组,0.0,3.0,0.0,1.0
数已,0.0,3.0,0.0,1.0
眼中,0.0,3.0,0.0,1.0
中,0.0,66.0,0.0,1.0
）,0.0,21.0,0.0,1.0
同业,0.0,3.0,0.0,1.0
业态,0.0,6.0,0.0,1.0
清晰化,0.0,3.0,0.0,1.0
最高,0.0,15.0,0.0,1.0
展示,0.0,6.0,0.0,1.0
覆盖全国,0.0,3.0,0.0,1.0
溯源,0.0,3.0,0.0,1.0
正在,0.0,3.0,0.0,1.0
项,0.0,6.0,0.0,1.0
创投,0.0,27.0,0.0,1.0
比较,0.0,3.0,0.0,1.0
有效,0.0,12.0,0.0,1.0
连接,0.0,21.0,0.0,1.0
智能,0.0,18.0,0.0,1.0
盆满,0.0,3.0,0.0,1.0
关键,0.0,3.0,0.0,1.0
上云,0.0,3.0,0.0,1.0
价值,0.0,21.0,0.0,1.0
监控,0.0,6.0,0.0,1.0
深网,0.0,45.0,0.0,1.0
点,0.0,6.0,0.0,1.0
信息,0.0,348.0,0.0,1.0
博览会,0.0,3.0,0.0,1.0
www,0.0,3.0,0.0,1.0
运行,0.0,3.0,0.0,1.0
系统,0.0,9.0,0.0,1.0
建立,0.0,21.0,0.0,1.0
做到,0.0,3.0,0.0,1.0
配套,0.0,3.0,0.0,1.0
视角,0.0,3.0,0.0,1.0
规模化,0.0,3.0,0.0,1.0
土地交易,0.0,6.0,0.0,1.0
一直,0.0,6.0,0.0,1.0
统计,0.0,6.0,0.0,1.0
形象,0.0,3.0,0.0,1.0
四城,0.0,3.0,0.0,1.0
第三,0.0,6.0,0.0,1.0
曾经,0.0,3.0,0.0,1.0
80,0.0,3.0,0.0,1.0
云化,0.0,6.0,0.0,1.0
瞩目,0.0,3.0,0.0,1.0
一条,0.0,3.0,0.0,1.0
专业化,0.0,3.0,0.0,1.0
吸睛,0.0,3.0,0.0,1.0
问题,0.0,3.0,0.0,1.0
12,0.0,6.0,0.0,1.0
操作,0.0,3.0,0.0,1.0
异构,0.0,6.0,0.0,1.0
多少,0.0,3.0,0.0,1.0
目标,0.0,6.0,0.0,1.0
靠,0.0,6.0,0.0,1.0
参数,0.0,3.0,0.0,1.0
南京,0.0,3.0,0.0,1.0
用,0.0,6.0,0.0,1.0
801,0.0,3.0,0.0,1.0
起,0.0,9.0,0.0,1.0
丰富,0.0,9.0,0.0,1.0
徘徊,0.0,3.0,0.0,1.0
产物,0.0,3.0,0.0,1.0
在,0.0,141.0,0.0,1.0
997.15,0.0,3.0,0.0,1.0
内容,0.0,3.0,0.0,1.0
一个,0.0,15.0,0.0,1.0
股本,0.0,18.0,0.0,1.0
评审,0.0,3.0,0.0,1.0
自主,0.0,12.0,0.0,1.0
没有,0.0,3.0,0.0,1.0
19,0.0,3.0,0.0,1.0
IT,0.0,39.0,0.0,1.0
眼光,0.0,3.0,0.0,1.0
净利润,0.0,6.0,0.0,1.0
金鼎,0.0,3.0,0.0,1.0
后市,0.0,3.0,0.0,1.0
诊股,0.0,3.0,0.0,1.0
余年,0.0,3.0,0.0,1.0
以此,0.0,6.0,0.0,1.0
布局,0.0,24.0,0.0,1.0
完美,0.0,3.0,0.0,1.0
告知,0.0,3.0,0.0,1.0
kpic,0.0,3.0,0.0,1.0
业务,0.0,33.0,0.0,1.0
呈现,0.0,3.0,0.0,1.0
这个,0.0,3.0,0.0,1.0
趋势,0.0,3.0,0.0,1.0
组组长,0.0,3.0,0.0,1.0
研发,0.0,15.0,0.0,1.0
实践,0.0,9.0,0.0,1.0
日到,0.0,3.0,0.0,1.0
软件应用,0.0,6.0,0.0,1.0
无论是,0.0,3.0,0.0,1.0
指挥,0.0,3.0,0.0,1.0
高温,0.0,3.0,0.0,1.0
多种,0.0,6.0,0.0,1.0
套现,0.0,3.0,0.0,1.0
等级,0.0,6.0,0.0,1.0
泉州,0.0,3.0,0.0,1.0
持,0.0,3.0,0.0,1.0
抛出,0.0,6.0,0.0,1.0
展区,0.0,3.0,0.0,1.0
细分,0.0,6.0,0.0,1.0
全面,0.0,12.0,0.0,1.0
农地,0.0,6.0,0.0,1.0
引领,0.0,3.0,0.0,1.0
长期,0.0,6.0,0.0,1.0
年,0.0,33.0,0.0,1.0
产品,0.0,42.0,0.0,1.0
/,0.0,45.0,0.0,1.0
利用,0.0,9.0,0.0,1.0
民营,0.0,6.0,0.0,1.0
寄语,0.0,6.0,0.0,1.0
时代,0.0,18.0,0.0,1.0
前,0.0,3.0,0.0,1.0
视察,0.0,3.0,0.0,1.0
公司,0.0,45.0,0.0,1.0
服务化,0.0,6.0,0.0,1.0
大,0.0,120.0,0.0,1.0
高度评价,0.0,3.0,0.0,1.0
立即,0.0,3.0,0.0,1.0
用户,0.0,18.0,0.0,1.0
均衡,0.0,3.0,0.0,1.0
供需,0.0,6.0,0.0,1.0
权力,0.0,3.0,0.0,1.0
战略,0.0,24.0,0.0,1.0
表现,0.0,6.0,0.0,1.0
从而,0.0,3.0,0.0,1.0
累计,0.0,9.0,0.0,1.0
解决方案,0.0,3.0,0.0,1.0
品牌,0.0,3.0,0.0,1.0
真正,0.0,6.0,0.0,1.0
显示,0.0,12.0,0.0,1.0
积累,0.0,24.0,0.0,1.0
全行,0.0,6.0,0.0,1.0
传统,0.0,3.0,0.0,1.0
40,0.0,3.0,0.0,1.0
转型,0.0,3.0,0.0,1.0
意识,0.0,3.0,0.0,1.0
信息网络,0.0,6.0,0.0,1.0
海量,0.0,3.0,0.0,1.0
把,0.0,3.0,0.0,1.0
跌破,0.0,6.0,0.0,1.0
二胎,0.0,3.0,0.0,1.0
项目,0.0,6.0,0.0,1.0
政企,0.0,3.0,0.0,1.0
资质,0.0,12.0,0.0,1.0
打通,0.0,3.0,0.0,1.0
实战,0.0,3.0,0.0,1.0
降低,0.0,6.0,0.0,1.0
表明,0.0,6.0,0.0,1.0
已经,0.0,27.0,0.0,1.0
农科,0.0,3.0,0.0,1.0
封装,0.0,3.0,0.0,1.0
由,0.0,3.0,0.0,1.0
行者,0.0,6.0,0.0,1.0
已,0.0,24.0,0.0,1.0
得,0.0,3.0,0.0,1.0
宋思艰,0.0,3.0,0.0,1.0
数据服务,0.0,6.0,0.0,1.0
着,0.0,6.0,0.0,1.0
群体,0.0,6.0,0.0,1.0
多个,0.0,18.0,0.0,1.0
实现,0.0,27.0,0.0,1.0
推出,0.0,3.0,0.0,1.0
不超,0.0,3.0,0.0,1.0
北京,0.0,6.0,0.0,1.0
3,0.0,24.0,0.0,1.0
2013,0.0,3.0,0.0,1.0
25,0.0,3.0,0.0,1.0
IMAGE,0.0,6.0,0.0,1.0
28.86,0.0,3.0,0.0,1.0
核心,0.0,21.0,0.0,1.0
四川,0.0,3.0,0.0,1.0
入口,0.0,3.0,0.0,1.0
典范,0.0,3.0,0.0,1.0
万多个,0.0,6.0,0.0,1.0
基础,0.0,12.0,0.0,1.0
应用,0.0,36.0,0.0,1.0
高,0.0,3.0,0.0,1.0
一库,0.0,18.0,0.0,1.0
经济,0.0,6.0,0.0,1.0
；,0.0,6.0,0.0,1.0
三期,0.0,3.0,0.0,1.0
比例,0.0,9.0,0.0,1.0
谈到,0.0,3.0,0.0,1.0
竞争力,0.0,3.0,0.0,1.0
自带,0.0,3.0,0.0,1.0
投资,0.0,6.0,0.0,1.0
清晰,0.0,6.0,0.0,1.0
逐步,0.0,6.0,0.0,1.0
嘉兴,0.0,3.0,0.0,1.0
集中,0.0,12.0,0.0,1.0
四化,0.0,3.0,0.0,1.0
促进,0.0,12.0,0.0,1.0
二十年,0.0,3.0,0.0,1.0
最终,0.0,9.0,0.0,1.0
介绍,0.0,3.0,0.0,1.0
充分,0.0,6.0,0.0,1.0
宣布,0.0,3.0,0.0,1.0
全,0.0,9.0,0.0,1.0
适合,0.0,3.0,0.0,1.0
其,0.0,24.0,0.0,1.0
9,0.0,6.0,0.0,1.0
过去,0.0,3.0,0.0,1.0
覆盖,0.0,12.0,0.0,1.0
外,0.0,3.0,0.0,1.0
杀,0.0,3.0,0.0,1.0
具有,0.0,3.0,0.0,1.0
吸收,0.0,3.0,0.0,1.0
cn,0.0,3.0,0.0,1.0
聚,0.0,6.0,0.0,1.0
截止,0.0,3.0,0.0,1.0
践,0.0,6.0,0.0,1.0
形成,0.0,21.0,0.0,1.0
为什么,0.0,3.0,0.0,1.0
优化,0.0,3.0,0.0,1.0
便,0.0,3.0,0.0,1.0
金税,0.0,3.0,0.0,1.0
18,0.0,3.0,0.0,1.0
04,0.0,3.0,0.0,1.0
设备,0.0,3.0,0.0,1.0
标杆,0.0,6.0,0.0,1.0
计算,0.0,21.0,0.0,1.0
关于,0.0,3.0,0.0,1.0
巩固,0.0,6.0,0.0,1.0
人,0.0,9.0,0.0,1.0
自治区,0.0,9.0,0.0,1.0
未来,0.0,18.0,0.0,1.0
赚得,0.0,3.0,0.0,1.0
模式,0.0,12.0,0.0,1.0
前瞻性,0.0,6.0,0.0,1.0
新闻,0.0,3.0,0.0,1.0
2009,0.0,3.0,0.0,1.0
不会,0.0,3.0,0.0,1.0
场景,0.0,9.0,0.0,1.0
薛亮,0.0,3.0,0.0,1.0
树立,0.0,6.0,0.0,1.0
浅网,0.0,3.0,0.0,1.0
开拓者,0.0,3.0,0.0,1.0
近年来,0.0,3.0,0.0,1.0
主体,0.0,6.0,0.0,1.0
一定,0.0,12.0,0.0,1.0
深入,0.0,9.0,0.0,1.0
9.44,0.0,3.0,0.0,1.0
收盘,0.0,3.0,0.0,1.0
对于,0.0,3.0,0.0,1.0
相,0.0,3.0,0.0,1.0
早,0.0,3.0,0.0,1.0
.,0.0,18.0,0.0,1.0
不仅,0.0,15.0,0.0,1.0
支持系统,0.0,3.0,0.0,1.0
编辑,0.0,3.0,0.0,1.0
卓越,0.0,6.0,0.0,1.0
商业银行,0.0,3.0,0.0,1.0
聚合,0.0,3.0,0.0,1.0
业界,0.0,3.0,0.0,1.0
定制,0.0,6.0,0.0,1.0
进行,0.0,12.0,0.0,1.0
包括,0.0,3.0,0.0,1.0
将,0.0,27.0,0.0,1.0
随着,0.0,3.0,0.0,1.0
弹性,0.0,3.0,0.0,1.0
不同,0.0,9.0,0.0,1.0
据,0.0,6.0,0.0,1.0
积极参与,0.0,3.0,0.0,1.0
能够,0.0,6.0,0.0,1.0
黄霞,0.0,3.0,0.0,1.0
全方位,0.0,12.0,0.0,1.0
000555,0.0,21.0,0.0,1.0
型,0.0,3.0,0.0,1.0
分布式,0.0,12.0,0.0,1.0
研究,0.0,6.0,0.0,1.0
一点,0.0,3.0,0.0,1.0
upload,0.0,3.0,0.0,1.0
已来,0.0,3.0,0.0,1.0
联网,0.0,3.0,0.0,1.0
稳定,0.0,3.0,0.0,1.0
采购,0.0,3.0,0.0,1.0
股,0.0,9.0,0.0,1.0
共建,0.0,3.0,0.0,1.0
所,0.0,9.0,0.0,1.0
三大,0.0,27.0,0.0,1.0
世界,0.0,3.0,0.0,1.0
上海,0.0,3.0,0.0,1.0
宜宾,0.0,3.0,0.0,1.0
果业,0.0,3.0,0.0,1.0
生活,0.0,3.0,0.0,1.0
25.47,0.0,3.0,0.0,1.0
6,0.0,9.0,0.0,1.0
为农,0.0,3.0,0.0,1.0
成员,0.0,6.0,0.0,1.0
神州数码,0.0,9.0,0.0,1.0
优势,0.0,6.0,0.0,1.0
表示,0.0,3.0,0.0,1.0
上,0.0,24.0,0.0,1.0
一份,0.0,3.0,0.0,1.0
壁垒,0.0,3.0,0.0,1.0
带来,0.0,3.0,0.0,1.0
APP,0.0,6.0,0.0,1.0
前面,0.0,3.0,0.0,1.0
优秀,0.0,3.0,0.0,1.0
实施,0.0,12.0,0.0,1.0
曾,0.0,6.0,0.0,1.0
证券,0.0,3.0,0.0,1.0
当前,0.0,3.0,0.0,1.0
动能,0.0,3.0,0.0,1.0
发行,0.0,3.0,0.0,1.0
遍及,0.0,3.0,0.0,1.0
经验,0.0,6.0,0.0,1.0
(,0.0,18.0,0.0,1.0
位,0.0,3.0,0.0,1.0
示范,0.0,3.0,0.0,1.0
日期,0.0,3.0,0.0,1.0
这些,0.0,6.0,0.0,1.0
业务流程,0.0,3.0,0.0,1.0
副总裁,0.0,3.0,0.0,1.0
温度,0.0,3.0,0.0,1.0
正,0.0,3.0,0.0,1.0
重点,0.0,6.0,0.0,1.0
姜国平,0.0,3.0,0.0,1.0
巨大,0.0,3.0,0.0,1.0
浅,0.0,3.0,0.0,1.0
市场占有率,0.0,12.0,0.0,1.0
提高,0.0,3.0,0.0,1.0
硬件,0.0,6.0,0.0,1.0
霸屏,0.0,3.0,0.0,1.0
食品安全,0.0,3.0,0.0,1.0
占本,0.0,6.0,0.0,1.0
苏州工业园区,0.0,6.0,0.0,1.0
跨界,0.0,6.0,0.0,1.0
飞,0.0,6.0,0.0,1.0
混合,0.0,3.0,0.0,1.0
云时,0.0,3.0,0.0,1.0
全面解决,0.0,3.0,0.0,1.0
陕西,0.0,3.0,0.0,1.0
搭建,0.0,21.0,0.0,1.0
来说,0.0,3.0,0.0,1.0
运营,0.0,6.0,0.0,1.0
作用,0.0,6.0,0.0,1.0
转变,0.0,6.0,0.0,1.0
落地,0.0,3.0,0.0,1.0
收入,0.0,3.0,0.0,1.0
提供,0.0,54.0,0.0,1.0
…,0.0,6.0,0.0,1.0
钵,0.0,3.0,0.0,1.0
情况,0.0,6.0,0.0,1.0
—,0.0,12.0,0.0,1.0
便是,0.0,3.0,0.0,1.0
一路,0.0,3.0,0.0,1.0
迎来,0.0,3.0,0.0,1.0
转身,0.0,3.0,0.0,1.0
可靠,0.0,3.0,0.0,1.0
重塑,0.0,3.0,0.0,1.0
能力,0.0,30.0,0.0,1.0
激活,0.0,6.0,0.0,1.0
考察,0.0,6.0,0.0,1.0
衍生,0.0,3.0,0.0,1.0
预测,0.0,15.0,0.0,1.0
注入,0.0,3.0,0.0,1.0
云,0.0,117.0,0.0,1.0
万元,0.0,9.0,0.0,1.0
稳拔,0.0,6.0,0.0,1.0
股票,0.0,3.0,0.0,1.0
上海银行,0.0,3.0,0.0,1.0
国家,0.0,27.0,0.0,1.0
突破,0.0,3.0,0.0,1.0
红塔,0.0,3.0,0.0,1.0
中标,0.0,3.0,0.0,1.0
云端,0.0,6.0,0.0,1.0
负载,0.0,3.0,0.0,1.0
不断,0.0,3.0,0.0,1.0
制定,0.0,15.0,0.0,1.0
重要,0.0,15.0,0.0,1.0
虹桥,0.0,6.0,0.0,1.0
运营商,0.0,3.0,0.0,1.0
分析师,0.0,3.0,0.0,1.0
好评,0.0,3.0,0.0,1.0
贡献,0.0,3.0,0.0,1.0
操盘手,0.0,3.0,0.0,1.0
才,0.0,3.0,0.0,1.0
以,0.0,27.0,0.0,1.0
更大,0.0,3.0,0.0,1.0
信息化,0.0,9.0,0.0,1.0
寥寥无几,0.0,3.0,0.0,1.0
为,0.0,78.0,0.0,1.0
安全,0.0,3.0,0.0,1.0
实际上,0.0,3.0,0.0,1.0
每日,0.0,3.0,0.0,1.0
管理决策,0.0,6.0,0.0,1.0
深度,0.0,6.0,0.0,1.0
消除,0.0,3.0,0.0,1.0
行情,0.0,3.0,0.0,1.0
计划,0.0,24.0,0.0,1.0
工作,0.0,6.0,0.0,1.0
有着,0.0,3.0,0.0,1.0
凭借,0.0,3.0,0.0,1.0
数,0.0,3.0,0.0,1.0
显著,0.0,3.0,0.0,1.0
统一,0.0,3.0,0.0,1.0
生产方式,0.0,3.0,0.0,1.0
用物,0.0,3.0,0.0,1.0
撰写,0.0,3.0,0.0,1.0
数据交换,0.0,6.0,0.0,1.0
8786.64,0.0,3.0,0.0,1.0
高频,0.0,3.0,0.0,1.0
下降,0.0,6.0,0.0,1.0
政策,0.0,3.0,0.0,1.0
借鉴,0.0,6.0,0.0,1.0
广泛,0.0,6.0,0.0,1.0
@,0.0,12.0,0.0,1.0
Sm,0.0,12.0,0.0,1.0
市场,0.0,18.0,0.0,1.0
税收,0.0,6.0,0.0,1.0
感知,0.0,3.0,0.0,1.0
挖掘,0.0,6.0,0.0,1.0
焦点,0.0,3.0,0.0,1.0
理念,0.0,3.0,0.0,1.0
新,0.0,69.0,0.0,1.0
金融机构,0.0,6.0,0.0,1.0
上涨,0.0,3.0,0.0,1.0
是,0.0,54.0,0.0,1.0
2016,0.0,9.0,0.0,1.0
查看,0.0,3.0,0.0,1.0
拟,0.0,6.0,0.0,1.0
路径,0.0,3.0,0.0,1.0
使用,0.0,6.0,0.0,1.0
深耕细作,0.0,6.0,0.0,1.0
5000,0.0,6.0,0.0,1.0
zhiliangcn,0.0,3.0,0.0,1.0
约,0.0,6.0,0.0,1.0
从,0.0,24.0,0.0,1.0
杨凌农业高新技术产业示范区,0.0,3.0,0.0,1.0
全程,0.0,6.0,0.0,1.0
技术,0.0,21.0,0.0,1.0
模型,0.0,3.0,0.0,1.0
万股,0.0,21.0,0.0,1.0
始终保持,0.0,3.0,0.0,1.0
 ,0.0,66.0,0.0,1.0
长时间,0.0,3.0,0.0,1.0
产权,0.0,12.0,0.0,1.0
增值,0.0,6.0,0.0,1.0
能否,0.0,3.0,0.0,1.0
方面,0.0,9.0,0.0,1.0
所见,0.0,3.0,0.0,1.0
契机,0.0,3.0,0.0,1.0
融信,0.0,9.0,0.0,1.0
驱动,0.0,9.0,0.0,1.0
四家,0.0,3.0,0.0,1.0
插上,0.0,6.0,0.0,1.0
成果,0.0,9.0,0.0,1.0
423,0.0,3.0,0.0,1.0
634,0.0,3.0,0.0,1.0
经营,0.0,9.0,0.0,1.0
理想,0.0,3.0,0.0,1.0
06,0.0,3.0,0.0,1.0
万亩,0.0,6.0,0.0,1.0
银行,0.0,87.0,0.0,1.0
远大,0.0,3.0,0.0,1.0
com,0.0,3.0,0.0,1.0
并,0.0,42.0,0.0,1.0
地,0.0,6.0,0.0,1.0
328.35,0.0,3.0,0.0,1.0
万个,0.0,9.0,0.0,1.0
行业,0.0,72.0,0.0,1.0
分析,0.0,9.0,0.0,1.0
间,0.0,3.0,0.0,1.0
作废,0.0,3.0,0.0,1.0
一,0.0,3.0,0.0,1.0
公布,0.0,3.0,0.0,1.0
20,0.0,3.0,0.0,1.0
阜新,0.0,3.0,0.0,1.0
今年,0.0,6.0,0.0,1.0
十几年,0.0,3.0,0.0,1.0
等级证书,0.0,3.0,0.0,1.0
源自,0.0,3.0,0.0,1.0
有限公司,0.0,12.0,0.0,1.0
改善,0.0,3.0,0.0,1.0
停留,0.0,3.0,0.0,1.0
　,0.0,66.0,0.0,1.0
数据分析,0.0,6.0,0.0,1.0
汇报,0.0,3.0,0.0,1.0
!,0.0,3.0,0.0,1.0
构建,0.0,15.0,0.0,1.0
奠定,0.0,3.0,0.0,1.0
方便快捷,0.0,3.0,0.0,1.0
监测,0.0,3.0,0.0,1.0
总数,0.0,6.0,0.0,1.0
黏性,0.0,3.0,0.0,1.0
个,0.0,45.0,0.0,1.0
县,0.0,18.0,0.0,1.0
流转,0.0,15.0,0.0,1.0
负责人,0.0,6.0,0.0,1.0
呈现出,0.0,3.0,0.0,1.0
有利于,0.0,3.0,0.0,1.0
把握,0.0,6.0,0.0,1.0
市值,0.0,3.0,0.0,1.0
成为,0.0,15.0,0.0,1.0
属于,0.0,3.0,0.0,1.0
到来,0.0,3.0,0.0,1.0
纬度,0.0,3.0,0.0,1.0
标识,0.0,3.0,0.0,1.0
初心,0.0,3.0,0.0,1.0
接连,0.0,3.0,0.0,1.0
引领者,0.0,6.0,0.0,1.0
丹丹,0.0,3.0,0.0,1.0
关口,0.0,3.0,0.0,1.0
确权,0.0,15.0,0.0,1.0
见,0.0,3.0,0.0,1.0
基于,0.0,12.0,0.0,1.0
村组,0.0,9.0,0.0,1.0
评估,0.0,6.0,0.0,1.0
讲,0.0,3.0,0.0,1.0
顶,0.0,3.0,0.0,1.0
荣获,0.0,12.0,0.0,1.0
多,0.0,9.0,0.0,1.0
4,0.0,12.0,0.0,1.0
验证,0.0,9.0,0.0,1.0
30,0.0,9.0,0.0,1.0
发现,0.0,3.0,0.0,1.0
狂奔,0.0,3.0,0.0,1.0
满,0.0,3.0,0.0,1.0
5295.65,0.0,3.0,0.0,1.0
十余年,0.0,3.0,0.0,1.0
据悉,0.0,3.0,0.0,1.0
分析模型,0.0,3.0,0.0,1.0
而是,0.0,3.0,0.0,1.0
数据,0.0,186.0,0.0,1.0
这片,0.0,6.0,0.0,1.0
满足,0.0,6.0,0.0,1.0
实力,0.0,3.0,0.0,1.0
流量,0.0,3.0,0.0,1.0
ITSS,0.0,18.0,0.0,1.0
国内,0.0,12.0,0.0,1.0
image,0.0,3.0,0.0,1.0
资源,0.0,6.0,0.0,1.0
之后,0.0,3.0,0.0,1.0
rtESB,0.0,12.0,0.0,1.0
新一轮,0.0,3.0,0.0,1.0
-,0.0,12.0,0.0,1.0
知天来,0.0,3.0,0.0,1.0
于,0.0,21.0,0.0,1.0
剖析,0.0,3.0,0.0,1.0
发布,0.0,6.0,0.0,1.0
县级,0.0,6.0,0.0,1.0
资料,0.0,3.0,0.0,1.0
科技,0.0,3.0,0.0,1.0
耕耘,0.0,3.0,0.0,1.0
相对,0.0,3.0,0.0,1.0
机构,0.0,3.0,0.0,1.0
精准,0.0,12.0,0.0,1.0
靠天吃饭,0.0,3.0,0.0,1.0
清算,0.0,3.0,0.0,1.0
农村,0.0,36.0,0.0,1.0
不仅仅,0.0,3.0,0.0,1.0
立体,0.0,3.0,0.0,1.0
而且,0.0,3.0,0.0,1.0
平台,0.0,48.0,0.0,1.0
软件,0.0,12.0,0.0,1.0
%,0.0,36.0,0.0,1.0
更加,0.0,3.0,0.0,1.0
减持,0.0,39.0,0.0,1.0
国际,0.0,3.0,0.0,1.0
排名,0.0,3.0,0.0,1.0
发展趋势,0.0,3.0,0.0,1.0
诠释,0.0,3.0,0.0,1.0
服务中心,0.0,3.0,0.0,1.0
总体,0.0,12.0,0.0,1.0
领跑,0.0,3.0,0.0,1.0
成本,0.0,9.0,0.0,1.0
比作,0.0,3.0,0.0,1.0
类,0.0,3.0,0.0,1.0
在于,0.0,3.0,0.0,1.0
（,0.0,21.0,0.0,1.0
更,0.0,18.0,0.0,1.0
标准化,0.0,6.0,0.0,1.0
光大,0.0,3.0,0.0,1.0
1500344654991354,0.0,3.0,0.0,1.0
位置,0.0,3.0,0.0,1.0
架构,0.0,21.0,0.0,1.0
努力实现,0.0,3.0,0.0,1.0
三农,0.0,63.0,0.0,1.0
注意,0.0,3.0,0.0,1.0
以及,0.0,18.0,0.0,1.0
SZ,0.0,3.0,0.0,1.0
概念股,0.0,6.0,0.0,1.0
融入,0.0,3.0,0.0,1.0
效用,0.0,3.0,0.0,1.0
管理效率,0.0,3.0,0.0,1.0
同样,0.0,3.0,0.0,1.0
试点,0.0,3.0,0.0,1.0
努力,0.0,3.0,0.0,1.0
向,0.0,12.0,0.0,1.0
有关,0.0,6.0,0.0,1.0
公开,0.0,3.0,0.0,1.0
强有力,0.0,6.0,0.0,1.0
跨行业,0.0,3.0,0.0,1.0
、,0.0,228.0,0.0,1.0
客户,0.0,18.0,0.0,1.0
让,0.0,27.0,0.0,1.0
优异,0.0,3.0,0.0,1.0
看好,0.0,3.0,0.0,1.0
国产,0.0,3.0,0.0,1.0
农商,0.0,6.0,0.0,1.0
接触,0.0,3.0,0.0,1.0
总理,0.0,3.0,0.0,1.0
下跌,0.0,3.0,0.0,1.0
支撑,0.0,12.0,0.0,1.0
被,0.0,3.0,0.0,1.0
深谙,0.0,6.0,0.0,1.0
伸缩,0.0,3.0,0.0,1.0
199.06,0.0,3.0,0.0,1.0
轮廓,0.0,3.0,0.0,1.0
纯粹,0.0,6.0,0.0,1.0
共享,0.0,6.0,0.0,1.0
之日起,0.0,9.0,0.0,1.0
集成,0.0,6.0,0.0,1.0
借助,0.0,3.0,0.0,1.0
应该,0.0,3.0,0.0,1.0
记者,0.0,6.0,0.0,1.0
环节,0.0,3.0,0.0,1.0
标题,0.0,3.0,0.0,1.0
展会,0.0,3.0,0.0,1.0
合并,0.0,3.0,0.0,1.0
竞价,0.0,12.0,0.0,1.0
指标,0.0,3.0,0.0,1.0
适度,0.0,3.0,0.0,1.0
度,0.0,6.0,0.0,1.0
复杂度,0.0,3.0,0.0,1.0
总结,0.0,3.0,0.0,1.0
源头,0.0,3.0,0.0,1.0
网中,0.0,3.0,0.0,1.0
左右,0.0,3.0,0.0,1.0
展现,0.0,3.0,0.0,1.0
经营者,0.0,3.0,0.0,1.0
建议,0.0,3.0,0.0,1.0
应用领域,0.0,3.0,0.0,1.0
各项,0.0,3.0,0.0,1.0
双手,0.0,3.0,0.0,1.0
探索,0.0,3.0,0.0,1.0
等量,0.0,3.0,0.0,1.0
