日,0.0,1.0,0.0,1.0
业务,0.0,3.0,0.0,1.0
未经,0.0,3.0,0.0,1.0
一季度,0.0,6.0,0.0,1.0
下降,0.0,3.0,0.0,1.0
5459.85,0.0,3.0,0.0,1.0
股东,0.0,10.0,0.0,1.0
入局,0.0,3.0,0.0,1.0
规范,3.0,0.0,1.0,0.0
完成,0.0,3.0,0.0,1.0
会收,0.0,3.0,0.0,1.0
较,0.0,3.0,0.0,1.0
年,0.0,9.0,0.0,1.0
1.7,0.0,3.0,0.0,1.0
占,0.0,1.0,0.0,1.0
0.0000186,0.0,1.0,0.0,1.0
只,2.0,0.0,1.0,0.0
/,0.0,42.0,0.0,1.0
净利,0.0,3.0,0.0,1.0
档,0.0,3.0,0.0,1.0
PDAL40,0.0,3.0,0.0,1.0
运作,0.0,3.0,0.0,1.0
归属于,0.0,3.0,0.0,1.0
股,0.0,5.0,0.0,1.0
拿到,0.0,3.0,0.0,1.0
:,0.0,10.0,0.0,1.0
持股,0.0,5.0,0.0,1.0
以上,0.0,1.0,0.0,1.0
PDAL,0.0,33.0,0.0,1.0
反映,2.0,0.0,1.0,0.0
获得,0.0,6.0,0.0,1.0
真正,2.0,0.0,1.0,0.0
显示,0.0,3.0,0.0,1.0
4,0.0,1.0,0.0,1.0
真实,2.0,0.0,1.0,0.0
传统,2.0,6.0,0.25,0.75
40,0.0,3.0,0.0,1.0
轩辕剑,0.0,3.0,0.0,1.0
从中,2.0,0.0,1.0,0.0
项目,0.0,3.0,0.0,1.0
伏妖,0.0,12.0,0.0,1.0
加大,0.0,3.0,0.0,1.0
员工,3.0,0.0,1.0,0.0
秘书,0.0,3.0,0.0,1.0
电视剧,0.0,15.0,0.0,1.0
简称,0.0,3.0,0.0,1.0
cc624452ac244a4780497545d109b98b,0.0,3.0,0.0,1.0
着,0.0,3.0,0.0,1.0
或许,0.0,3.0,0.0,1.0
领导者,3.0,0.0,1.0,0.0
电影,0.0,21.0,0.0,1.0
影响,2.0,0.0,1.0,0.0
一部,2.0,0.0,1.0,0.0
2018,0.0,3.0,0.0,1.0
IMAGE,0.0,6.0,0.0,1.0
内容,0.0,3.0,0.0,1.0
作品,0.0,3.0,0.0,1.0
亿元,0.0,21.0,0.0,1.0
5537.32,0.0,3.0,0.0,1.0
三个,0.0,3.0,0.0,1.0
基础,0.0,3.0,0.0,1.0
一大,0.0,3.0,0.0,1.0
意义,2.0,0.0,1.0,0.0
《,0.0,36.0,0.0,1.0
赢家,0.0,3.0,0.0,1.0
比例,0.0,6.0,0.0,1.0
无限,0.0,3.0,0.0,1.0
价从,0.0,3.0,0.0,1.0
到底,0.0,3.0,0.0,1.0
逐步,0.0,3.0,0.0,1.0
仔细,0.0,3.0,0.0,1.0
冲击,0.0,3.0,0.0,1.0
upload,0.0,3.0,0.0,1.0
非常,0.0,6.0,0.0,1.0
很长,0.0,3.0,0.0,1.0
未来,0.0,21.0,0.0,1.0
台剧,0.0,3.0,0.0,1.0
一定,0.0,6.0,0.0,1.0
总,0.0,4.0,0.0,1.0
其,0.0,6.0,0.0,1.0
PREMIUM,0.0,3.0,0.0,1.0
宝贵,3.0,0.0,1.0,0.0
<,0.0,6.0,0.0,1.0
 ,8.0,28.0,0.2222222222222222,0.7777777777777778
星爷,0.0,3.0,0.0,1.0
释放,0.0,3.0,0.0,1.0
png,0.0,3.0,0.0,1.0
达到,0.0,3.0,0.0,1.0
联合,0.0,3.0,0.0,1.0
分别,0.0,3.0,0.0,1.0
文学作品,2.0,0.0,1.0,0.0
还有,0.0,3.0,0.0,1.0
看不到,2.0,0.0,1.0,0.0
来算,0.0,3.0,0.0,1.0
实现,0.0,3.0,0.0,1.0
认为,2.0,0.0,1.0,0.0
绑定,0.0,3.0,0.0,1.0
从,0.0,3.0,0.0,1.0
50,0.0,3.0,0.0,1.0
21,0.0,3.0,0.0,1.0
=,0.0,6.0,0.0,1.0
为,0.0,18.0,0.0,1.0
联营企业,0.0,3.0,0.0,1.0
这种,0.0,6.0,0.0,1.0
带来,0.0,12.0,0.0,1.0
尝试,0.0,3.0,0.0,1.0
对于,0.0,3.0,0.0,1.0
全,0.0,3.0,0.0,1.0
相关,0.0,6.0,0.0,1.0
多,0.0,3.0,0.0,1.0
盈利,0.0,3.0,0.0,1.0
每个,3.0,0.0,1.0,0.0
利润,0.0,3.0,0.0,1.0
华人,0.0,3.0,0.0,1.0
梦工厂,0.0,3.0,0.0,1.0
都,3.0,6.0,0.3333333333333333,0.6666666666666666
作为,0.0,9.0,0.0,1.0
包括,0.0,3.0,0.0,1.0
将,0.0,3.0,0.0,1.0
演员,0.0,3.0,0.0,1.0
随着,0.0,3.0,0.0,1.0
近,0.0,3.0,0.0,1.0
双方,0.0,3.0,0.0,1.0
多少,0.0,3.0,0.0,1.0
向,3.0,0.0,1.0,0.0
不能,2.0,0.0,1.0,0.0
进行,0.0,9.0,0.0,1.0
得以,0.0,3.0,0.0,1.0
研究,0.0,3.0,0.0,1.0
很,3.0,0.0,1.0,0.0
一纸,0.0,3.0,0.0,1.0
开发,0.0,6.0,0.0,1.0
回报率,0.0,3.0,0.0,1.0
浮出,0.0,3.0,0.0,1.0
3a8c642d4a924c528aa54692c4753e63,0.0,3.0,0.0,1.0
收益,0.0,3.0,0.0,1.0
国际化,0.0,3.0,0.0,1.0
低于,0.0,3.0,0.0,1.0
1,0.0,6.0,0.0,1.0
市场,0.0,3.0,0.0,1.0
票房,0.0,3.0,0.0,1.0
11892,0.0,3.0,0.0,1.0
审计,0.0,3.0,0.0,1.0
6611.92,0.0,3.0,0.0,1.0
上,2.0,3.0,0.4,0.6
元素,0.0,3.0,0.0,1.0
网,0.0,3.0,0.0,1.0
投资收益,0.0,15.0,0.0,1.0
造成,0.0,3.0,0.0,1.0
参股,0.0,3.0,0.0,1.0
披露,0.0,6.0,0.0,1.0
增长,0.0,3.0,0.0,1.0
承诺,0.0,6.0,0.0,1.0
发行,0.0,3.0,0.0,1.0
回报,0.0,9.0,0.0,1.0
丰禾,0.0,5.0,0.0,1.0
大概,0.0,3.0,0.0,1.0
亿,0.0,6.0,0.0,1.0
1494170084261654,0.0,3.0,0.0,1.0
致力于,0.0,3.0,0.0,1.0
合作伙伴,0.0,6.0,0.0,1.0
副总裁,0.0,3.0,0.0,1.0
消化,0.0,3.0,0.0,1.0
朴实,0.0,5.0,0.0,1.0
把,0.0,6.0,0.0,1.0
等,0.0,6.0,0.0,1.0
西游,0.0,15.0,0.0,1.0
第一季度,0.0,3.0,0.0,1.0
费,0.0,3.0,0.0,1.0
事,0.0,3.0,0.0,1.0
看到,2.0,0.0,1.0,0.0
一套,0.0,3.0,0.0,1.0
道,0.0,3.0,0.0,1.0
最新,0.0,3.0,0.0,1.0
》,0.0,36.0,0.0,1.0
19.82,0.0,3.0,0.0,1.0
搭建,0.0,6.0,0.0,1.0
食神,0.0,3.0,0.0,1.0
SRC,0.0,6.0,0.0,1.0
财务数据,0.0,3.0,0.0,1.0
标配,0.0,3.0,0.0,1.0
春节,0.0,3.0,0.0,1.0
2017,0.0,9.0,0.0,1.0
情况,0.0,3.0,0.0,1.0
产业链,0.0,6.0,0.0,1.0
、,0.0,39.0,0.0,1.0
会,0.0,21.0,0.0,1.0
DATA,0.0,3.0,0.0,1.0
远不止,0.0,6.0,0.0,1.0
；,0.0,6.0,0.0,1.0
2.873,0.0,3.0,0.0,1.0
惊喜,0.0,3.0,0.0,1.0
th,0.0,6.0,0.0,1.0
主创,0.0,6.0,0.0,1.0
收购,0.0,9.0,0.0,1.0
PDAL51,0.0,3.0,0.0,1.0
选秀,0.0,3.0,0.0,1.0
万元,0.0,12.0,0.0,1.0
股权,0.0,6.0,0.0,1.0
itc,0.0,3.0,0.0,1.0
之一,0.0,3.0,0.0,1.0
5,0.0,3.0,0.0,1.0
做,0.0,3.0,0.0,1.0
有关,3.0,0.0,1.0,0.0
开始,0.0,3.0,0.0,1.0
重要,0.0,12.0,0.0,1.0
对,0.0,6.0,0.0,1.0
步步为营,0.0,3.0,0.0,1.0
贡献,0.0,6.0,0.0,1.0
围绕,0.0,9.0,0.0,1.0
同时,0.0,6.0,0.0,1.0
2.21,0.0,3.0,0.0,1.0
试图,0.0,3.0,0.0,1.0
月,0.0,7.0,0.0,1.0
深度,0.0,9.0,0.0,1.0
人,3.0,3.0,0.5,0.5
看来,0.0,3.0,0.0,1.0
到,0.0,6.0,0.0,1.0
.,0.0,27.0,0.0,1.0
13.26,0.0,3.0,0.0,1.0
功夫,0.0,3.0,0.0,1.0
能够,0.0,3.0,0.0,1.0
IP,0.0,12.0,0.0,1.0
LIMITED,0.0,3.0,0.0,1.0
2,0.0,3.0,0.0,1.0
http,0.0,6.0,0.0,1.0
曾,0.0,3.0,0.0,1.0
明确,3.0,0.0,1.0,0.0
近现代史,2.0,0.0,1.0,0.0
要,0.0,3.0,0.0,1.0
报告,0.0,9.0,0.0,1.0
转型,0.0,3.0,0.0,1.0
同期,0.0,3.0,0.0,1.0
—,0.0,6.0,0.0,1.0
以下,0.0,3.0,0.0,1.0
img,0.0,3.0,0.0,1.0
ASSOCIATES,0.0,3.0,0.0,1.0
里面,0.0,3.0,0.0,1.0
周星驰,0.0,36.0,0.0,1.0
计划,0.0,3.0,0.0,1.0
并表,0.0,3.0,0.0,1.0
是,2.0,12.0,0.14285714285714285,0.8571428571428571
五四运动,2.0,0.0,1.0,0.0
美人鱼,0.0,12.0,0.0,1.0
方,0.0,6.0,0.0,1.0
授权,0.0,6.0,0.0,1.0
毛利,0.0,3.0,0.0,1.0
mp,0.0,3.0,0.0,1.0
合营企业,0.0,3.0,0.0,1.0
使用,0.0,3.0,0.0,1.0
必然,0.0,3.0,0.0,1.0
顶级,0.0,6.0,0.0,1.0
过往,0.0,3.0,0.0,1.0
>,0.0,9.0,0.0,1.0
综艺节目,0.0,9.0,0.0,1.0
远远,0.0,3.0,0.0,1.0
衍生品,0.0,3.0,0.0,1.0
艺人,0.0,6.0,0.0,1.0
文化,2.0,0.0,1.0,0.0
结合,0.0,6.0,0.0,1.0
2016,0.0,6.0,0.0,1.0
通过,0.0,3.0,0.0,1.0
时间,6.0,0.0,1.0,0.0
2019,0.0,3.0,0.0,1.0
以来,2.0,0.0,1.0,0.0
20170502,0.0,6.0,0.0,1.0
解释,0.0,3.0,0.0,1.0
内,0.0,3.0,0.0,1.0
数娱,0.0,3.0,0.0,1.0
load,0.0,3.0,0.0,1.0
·,0.0,12.0,0.0,1.0
背靠,0.0,3.0,0.0,1.0
降至,0.0,4.0,0.0,1.0
并,3.0,3.0,0.5,0.5
发现,0.0,3.0,0.0,1.0
新文化,5.0,65.0,0.07142857142857142,0.9285714285714286
再,0.0,3.0,0.0,1.0
寻找,0.0,3.0,0.0,1.0
主要,0.0,3.0,0.0,1.0
有望,0.0,3.0,0.0,1.0
时,0.0,3.0,0.0,1.0
版权,0.0,3.0,0.0,1.0
风光,0.0,3.0,0.0,1.0
与此同时,0.0,3.0,0.0,1.0
一,0.0,3.0,0.0,1.0
20,0.0,6.0,0.0,1.0
日前,0.0,3.0,0.0,1.0
4.9999,0.0,4.0,0.0,1.0
并且,0.0,3.0,0.0,1.0
几乎,2.0,0.0,1.0,0.0
董事会,0.0,3.0,0.0,1.0
友情,0.0,3.0,0.0,1.0
images,0.0,3.0,0.0,1.0
大量,0.0,3.0,0.0,1.0
截至,0.0,3.0,0.0,1.0
一件,0.0,3.0,0.0,1.0
thsi,0.0,3.0,0.0,1.0
减持,0.0,8.0,0.0,1.0
原因,0.0,3.0,0.0,1.0
上市公司,0.0,3.0,0.0,1.0
1.36,0.0,3.0,0.0,1.0
达,0.0,3.0,0.0,1.0
告诉,0.0,3.0,0.0,1.0
参与,0.0,18.0,0.0,1.0
10.4,0.0,6.0,0.0,1.0
公告,0.0,4.0,0.0,1.0
成为,0.0,3.0,0.0,1.0
使,0.0,3.0,0.0,1.0
瞄准,0.0,3.0,0.0,1.0
一段时间,0.0,3.0,0.0,1.0
100,0.0,5.0,0.0,1.0
促使,0.0,3.0,0.0,1.0
先生,0.0,6.0,0.0,1.0
投资方,0.0,6.0,0.0,1.0
上年,0.0,3.0,0.0,1.0
斥资,0.0,3.0,0.0,1.0
其中,0.0,15.0,0.0,1.0
6418.5,0.0,3.0,0.0,1.0
多元化,0.0,3.0,0.0,1.0
相结合,0.0,3.0,0.0,1.0
_,0.0,6.0,0.0,1.0
股本,0.0,1.0,0.0,1.0
一些,0.0,3.0,0.0,1.0
资源,0.0,3.0,0.0,1.0
经典,0.0,6.0,0.0,1.0
发布,0.0,3.0,0.0,1.0
可以,3.0,3.0,0.5,0.5
综艺,0.0,3.0,0.0,1.0
出资,0.0,3.0,0.0,1.0
确认,0.0,3.0,0.0,1.0
日晚,0.0,1.0,0.0,1.0
1PDAL,0.0,3.0,0.0,1.0
大,0.0,3.0,0.0,1.0
可观,0.0,3.0,0.0,1.0
预见,0.0,3.0,0.0,1.0
财年,0.0,12.0,0.0,1.0
）,5.0,13.0,0.2777777777777778,0.7222222222222222
%,0.0,27.0,0.0,1.0
希望,0.0,3.0,0.0,1.0
篇,0.0,12.0,0.0,1.0
展开,0.0,3.0,0.0,1.0
投资,0.0,18.0,0.0,1.0
正在,0.0,3.0,0.0,1.0
投入,0.0,3.0,0.0,1.0
宗法,2.0,0.0,1.0,0.0
（,5.0,13.0,0.2777777777777778,0.7222222222222222
当数,0.0,3.0,0.0,1.0
中华民族,2.0,0.0,1.0,0.0
更,0.0,3.0,0.0,1.0
水面,0.0,3.0,0.0,1.0
i,0.0,6.0,0.0,1.0
出品,0.0,3.0,0.0,1.0
表示,3.0,0.0,1.0,0.0
3,0.0,6.0,0.0,1.0
建立,3.0,0.0,1.0,0.0
完整,0.0,3.0,0.0,1.0
以及,0.0,3.0,0.0,1.0
SZ,0.0,3.0,0.0,1.0
大部分,0.0,3.0,0.0,1.0
作用,2.0,0.0,1.0,0.0
许彬,0.0,6.0,0.0,1.0
一直,0.0,3.0,0.0,1.0
共同,0.0,3.0,0.0,1.0
季报,0.0,6.0,0.0,1.0
之汉之云,0.0,3.0,0.0,1.0
cn,0.0,6.0,0.0,1.0
高达近,0.0,3.0,0.0,1.0
按照,0.0,3.0,0.0,1.0
让,0.0,3.0,0.0,1.0
还,0.0,3.0,0.0,1.0
公司,0.0,12.0,0.0,1.0
最大,0.0,3.0,0.0,1.0
被,0.0,6.0,0.0,1.0
3.617,0.0,3.0,0.0,1.0
起,3.0,0.0,1.0,0.0
9,0.0,3.0,0.0,1.0
jpeg,0.0,6.0,0.0,1.0
300336,5.0,7.0,0.4166666666666667,0.5833333333333334
逐渐,0.0,3.0,0.0,1.0
在,0.0,12.0,0.0,1.0
这一,0.0,3.0,0.0,1.0
如今,0.0,3.0,0.0,1.0
16.56,0.0,3.0,0.0,1.0
-,0.0,3.0,0.0,1.0
净利润,0.0,9.0,0.0,1.0
　,0.0,2.0,0.0,1.0
背后,0.0,3.0,0.0,1.0
此前,0.0,3.0,0.0,1.0
合作,0.0,3.0,0.0,1.0
期内,0.0,6.0,0.0,1.0
制作,0.0,3.0,0.0,1.0
除了,0.0,6.0,0.0,1.0
经纪,0.0,6.0,0.0,1.0
