聘,0.0,3.0,0.0,1.0
名录,0.0,3.0,0.0,1.0
志向,0.0,3.0,0.0,1.0
放缓,0.0,3.0,0.0,1.0
理所当然,0.0,3.0,0.0,1.0
鸟纹,0.0,3.0,0.0,1.0
62,0.0,3.0,0.0,1.0
大面积,0.0,3.0,0.0,1.0
之,0.0,9.0,0.0,1.0
实体店,0.0,3.0,0.0,1.0
至,0.0,24.0,0.0,1.0
知名,0.0,6.0,0.0,1.0
小鸟,0.0,9.0,0.0,1.0
4.28,0.0,3.0,0.0,1.0
管理体系,0.0,3.0,0.0,1.0
外套,0.0,3.0,0.0,1.0
700,0.0,3.0,0.0,1.0
红帘,0.0,3.0,0.0,1.0
区别,0.0,6.0,0.0,1.0
同一,0.0,3.0,0.0,1.0
jrjimg,0.0,3.0,0.0,1.0
空间,0.0,12.0,0.0,1.0
较,0.0,12.0,0.0,1.0
荣誉称号,0.0,3.0,0.0,1.0
上证所,0.0,3.0,0.0,1.0
积极,0.0,3.0,0.0,1.0
纹饰,0.0,3.0,0.0,1.0
事项,0.0,6.0,0.0,1.0
同比,0.0,15.0,0.0,1.0
补贴,0.0,6.0,0.0,1.0
元,0.0,12.0,0.0,1.0
边文,0.0,3.0,0.0,1.0
华统,0.0,3.0,0.0,1.0
微观,0.0,3.0,0.0,1.0
63,0.0,3.0,0.0,1.0
凭,0.0,3.0,0.0,1.0
钟葵,0.0,3.0,0.0,1.0
比,0.0,3.0,0.0,1.0
京城,0.0,3.0,0.0,1.0
贯眼纹,0.0,9.0,0.0,1.0
一季度,0.0,3.0,0.0,1.0
彰显,0.0,3.0,0.0,1.0
多识于,0.0,3.0,0.0,1.0
打好,0.0,3.0,0.0,1.0
IPO,0.0,3.0,0.0,1.0
利丰,0.0,3.0,0.0,1.0
集群,0.0,3.0,0.0,1.0
深圳市,0.0,3.0,0.0,1.0
持股,0.0,3.0,0.0,1.0
上千,0.0,3.0,0.0,1.0
广东,0.0,3.0,0.0,1.0
闭店,0.0,3.0,0.0,1.0
反映,0.0,3.0,0.0,1.0
鸟有,0.0,3.0,0.0,1.0
获得,0.0,3.0,0.0,1.0
渐远,0.0,3.0,0.0,1.0
财政补贴,0.0,9.0,0.0,1.0
消费者,0.0,9.0,0.0,1.0
1996,0.0,3.0,0.0,1.0
e,0.0,3.0,0.0,1.0
4.59,0.0,3.0,0.0,1.0
pH,0.0,3.0,0.0,1.0
五色,0.0,3.0,0.0,1.0
地,0.0,9.0,0.0,1.0
全资,0.0,12.0,0.0,1.0
站立,0.0,6.0,0.0,1.0
网综,0.0,3.0,0.0,1.0
方式,0.0,3.0,0.0,1.0
监事会,0.0,15.0,0.0,1.0
所,0.0,3.0,0.0,1.0
休闲服,0.0,3.0,0.0,1.0
称,0.0,3.0,0.0,1.0
没,0.0,9.0,0.0,1.0
二,0.0,6.0,0.0,1.0
Mini,0.0,9.0,0.0,1.0
对象,0.0,6.0,0.0,1.0
加大,0.0,3.0,0.0,1.0
行情,0.0,12.0,0.0,1.0
中华,0.0,3.0,0.0,1.0
知道,0.0,3.0,0.0,1.0
能,0.0,3.0,0.0,1.0
时才,0.0,3.0,0.0,1.0
团队,0.0,6.0,0.0,1.0
346.67,0.0,3.0,0.0,1.0
部门,0.0,6.0,0.0,1.0
代言人,0.0,6.0,0.0,1.0
假,0.0,3.0,0.0,1.0
冬季,0.0,6.0,0.0,1.0
创立,0.0,6.0,0.0,1.0
股东,0.0,3.0,0.0,1.0
中,0.0,24.0,0.0,1.0
日至,0.0,3.0,0.0,1.0
不到,0.0,3.0,0.0,1.0
比如,0.0,15.0,0.0,1.0
istocknews,0.0,3.0,0.0,1.0
年底,0.0,9.0,0.0,1.0
身体,0.0,3.0,0.0,1.0
5346.67,0.0,3.0,0.0,1.0
成,0.0,3.0,0.0,1.0
2018,0.0,3.0,0.0,1.0
收到,0.0,12.0,0.0,1.0
净利润率,0.0,12.0,0.0,1.0
股份,0.0,51.0,0.0,1.0
由此,0.0,3.0,0.0,1.0
街边,0.0,6.0,0.0,1.0
亿元,0.0,21.0,0.0,1.0
华达,0.0,6.0,0.0,1.0
老牌,0.0,3.0,0.0,1.0
kpic,0.0,3.0,0.0,1.0
证监会,0.0,3.0,0.0,1.0
证明,0.0,3.0,0.0,1.0
快,0.0,9.0,0.0,1.0
（,0.0,42.0,0.0,1.0
法纳贝儿,0.0,3.0,0.0,1.0
来自,0.0,3.0,0.0,1.0
天台,0.0,3.0,0.0,1.0
越来越,0.0,3.0,0.0,1.0
浙江,0.0,12.0,0.0,1.0
仓储,0.0,3.0,0.0,1.0
类似,0.0,3.0,0.0,1.0
成长,0.0,9.0,0.0,1.0
毕现,0.0,3.0,0.0,1.0
年轻,0.0,3.0,0.0,1.0
每日,0.0,3.0,0.0,1.0
对此,0.0,6.0,0.0,1.0
除,0.0,3.0,0.0,1.0
不可否认,0.0,3.0,0.0,1.0
停,0.0,3.0,0.0,1.0
占,0.0,3.0,0.0,1.0
又,0.0,3.0,0.0,1.0
4279,0.0,3.0,0.0,1.0
利尔,0.0,6.0,0.0,1.0
7.06,0.0,3.0,0.0,1.0
分别,0.0,18.0,0.0,1.0
员工,0.0,3.0,0.0,1.0
20.4,0.0,3.0,0.0,1.0
未来,0.0,6.0,0.0,1.0
邀请,0.0,6.0,0.0,1.0
将秀场,0.0,3.0,0.0,1.0
此后,0.0,3.0,0.0,1.0
总,0.0,3.0,0.0,1.0
作为,0.0,18.0,0.0,1.0
交易,0.0,3.0,0.0,1.0
快速,0.0,3.0,0.0,1.0
科学研究,0.0,3.0,0.0,1.0
最低价,0.0,3.0,0.0,1.0
红色,0.0,3.0,0.0,1.0
音乐节,0.0,3.0,0.0,1.0
管理,0.0,6.0,0.0,1.0
期间,0.0,9.0,0.0,1.0
花鸟画家,0.0,3.0,0.0,1.0
出货,0.0,3.0,0.0,1.0
首日,0.0,12.0,0.0,1.0
渐行,0.0,3.0,0.0,1.0
中信,0.0,3.0,0.0,1.0
总数,0.0,6.0,0.0,1.0
花鸟画,0.0,3.0,0.0,1.0
PE,0.0,3.0,0.0,1.0
EPS,0.0,3.0,0.0,1.0
归母,0.0,3.0,0.0,1.0
角度,0.0,3.0,0.0,1.0
转给,0.0,3.0,0.0,1.0
还有,0.0,9.0,0.0,1.0
天上,0.0,6.0,0.0,1.0
新股,0.0,3.0,0.0,1.0
捕捉,0.0,3.0,0.0,1.0
业绩,0.0,9.0,0.0,1.0
单位,0.0,9.0,0.0,1.0
统,0.0,3.0,0.0,1.0
一是,0.0,3.0,0.0,1.0
首家,0.0,3.0,0.0,1.0
实行,0.0,3.0,0.0,1.0
其实,0.0,3.0,0.0,1.0
宁波市,0.0,3.0,0.0,1.0
进口,0.0,3.0,0.0,1.0
天龙,0.0,3.0,0.0,1.0
预期,0.0,6.0,0.0,1.0
画作,0.0,3.0,0.0,1.0
发展,0.0,3.0,0.0,1.0
甚至,0.0,3.0,0.0,1.0
减少,0.0,9.0,0.0,1.0
跟桐,0.0,3.0,0.0,1.0
上交所,0.0,3.0,0.0,1.0
50,0.0,3.0,0.0,1.0
不如说是,0.0,3.0,0.0,1.0
=,0.0,15.0,0.0,1.0
é,0.0,3.0,0.0,1.0
/,0.0,84.0,0.0,1.0
渭,0.0,3.0,0.0,1.0
com,0.0,9.0,0.0,1.0
板块,0.0,3.0,0.0,1.0
连续,0.0,9.0,0.0,1.0
这种,0.0,9.0,0.0,1.0
苑囿,0.0,3.0,0.0,1.0
收盘,0.0,6.0,0.0,1.0
幅度,0.0,3.0,0.0,1.0
抗衰老,0.0,3.0,0.0,1.0
拉夏,0.0,18.0,0.0,1.0
相关,0.0,12.0,0.0,1.0
玩鸟者,0.0,3.0,0.0,1.0
印象,0.0,3.0,0.0,1.0
凤凰,0.0,3.0,0.0,1.0
悬念,0.0,3.0,0.0,1.0
黄色,0.0,6.0,0.0,1.0
体系,0.0,6.0,0.0,1.0
荣华,0.0,3.0,0.0,1.0
童装,0.0,27.0,0.0,1.0
利润,0.0,6.0,0.0,1.0
127.06,0.0,3.0,0.0,1.0
令,0.0,3.0,0.0,1.0
这件,0.0,3.0,0.0,1.0
柔性,0.0,3.0,0.0,1.0
如何,0.0,3.0,0.0,1.0
5000,0.0,3.0,0.0,1.0
余杭,0.0,3.0,0.0,1.0
应,0.0,3.0,0.0,1.0
pic430,0.0,3.0,0.0,1.0
很多,0.0,3.0,0.0,1.0
向,0.0,9.0,0.0,1.0
直营,0.0,3.0,0.0,1.0
觅食,0.0,3.0,0.0,1.0
营销,0.0,9.0,0.0,1.0
天数,0.0,3.0,0.0,1.0
1999,0.0,3.0,0.0,1.0
第一,0.0,6.0,0.0,1.0
43.99,0.0,3.0,0.0,1.0
启源,0.0,3.0,0.0,1.0
休闲,0.0,9.0,0.0,1.0
1626,0.0,3.0,0.0,1.0
入驻,0.0,3.0,0.0,1.0
政府,0.0,6.0,0.0,1.0
者,0.0,3.0,0.0,1.0
很,0.0,6.0,0.0,1.0
价格,0.0,3.0,0.0,1.0
乐,0.0,3.0,0.0,1.0
时代,0.0,6.0,0.0,1.0
基本,0.0,3.0,0.0,1.0
其他,0.0,3.0,0.0,1.0
TTM,0.0,3.0,0.0,1.0
针对,0.0,3.0,0.0,1.0
妮,0.0,3.0,0.0,1.0
超过,0.0,6.0,0.0,1.0
年轻人,0.0,3.0,0.0,1.0
27,0.0,3.0,0.0,1.0
安正,0.0,3.0,0.0,1.0
装饰,0.0,3.0,0.0,1.0
按,0.0,3.0,0.0,1.0
太平,0.0,375.0,0.0,1.0
不错,0.0,3.0,0.0,1.0
低于,0.0,3.0,0.0,1.0
市场,0.0,21.0,0.0,1.0
开通,0.0,3.0,0.0,1.0
色,0.0,9.0,0.0,1.0
相当,0.0,3.0,0.0,1.0
接任,0.0,3.0,0.0,1.0
互联网,0.0,3.0,0.0,1.0
值得,0.0,3.0,0.0,1.0
月,0.0,78.0,0.0,1.0
7,0.0,3.0,0.0,1.0
关闭,0.0,3.0,0.0,1.0
自,0.0,3.0,0.0,1.0
35,0.0,3.0,0.0,1.0
VI,0.0,3.0,0.0,1.0
达,0.0,3.0,0.0,1.0
增长,0.0,27.0,0.0,1.0
限制性,0.0,12.0,0.0,1.0
毛利率,0.0,6.0,0.0,1.0
预计,0.0,9.0,0.0,1.0
鸟乐,0.0,3.0,0.0,1.0
工艺品,0.0,6.0,0.0,1.0
中国,0.0,42.0,0.0,1.0
环保,0.0,6.0,0.0,1.0
冯,0.0,3.0,0.0,1.0
30.67,0.0,3.0,0.0,1.0
证券法,0.0,6.0,0.0,1.0
1.37,0.0,3.0,0.0,1.0
演唱会,0.0,3.0,0.0,1.0
红比,0.0,3.0,0.0,1.0
智创,0.0,3.0,0.0,1.0
事业部,0.0,9.0,0.0,1.0
保护,0.0,3.0,0.0,1.0
桐花凤,0.0,3.0,0.0,1.0
喉,0.0,3.0,0.0,1.0
高层,0.0,3.0,0.0,1.0
大额,0.0,6.0,0.0,1.0
风尚,0.0,9.0,0.0,1.0
只,0.0,6.0,0.0,1.0
跟上,0.0,3.0,0.0,1.0
店铺,0.0,6.0,0.0,1.0
聚集,0.0,3.0,0.0,1.0
刘涛,0.0,3.0,0.0,1.0
曾任,0.0,3.0,0.0,1.0
调性,0.0,3.0,0.0,1.0
不断更新,0.0,3.0,0.0,1.0
部分,0.0,9.0,0.0,1.0
网站,0.0,3.0,0.0,1.0
看到,0.0,6.0,0.0,1.0
后台,0.0,3.0,0.0,1.0
地封,0.0,3.0,0.0,1.0
涨停板,0.0,3.0,0.0,1.0
》,0.0,30.0,0.0,1.0
早已,0.0,3.0,0.0,1.0
厘米,0.0,6.0,0.0,1.0
准,0.0,3.0,0.0,1.0
共有,0.0,3.0,0.0,1.0
目前,0.0,12.0,0.0,1.0
2014,0.0,3.0,0.0,1.0
总经理,0.0,6.0,0.0,1.0
咨询,0.0,3.0,0.0,1.0
至爱,0.0,3.0,0.0,1.0
下落,0.0,3.0,0.0,1.0
经历,0.0,6.0,0.0,1.0
2017,0.0,39.0,0.0,1.0
朱俭勇,0.0,3.0,0.0,1.0
此类,0.0,3.0,0.0,1.0
29,0.0,12.0,0.0,1.0
董事,0.0,3.0,0.0,1.0
衬衣,0.0,3.0,0.0,1.0
会,0.0,3.0,0.0,1.0
拥有,0.0,3.0,0.0,1.0
；,0.0,18.0,0.0,1.0
先后,0.0,6.0,0.0,1.0
体长,0.0,6.0,0.0,1.0
增加,0.0,9.0,0.0,1.0
无疑,0.0,3.0,0.0,1.0
17,0.0,3.0,0.0,1.0
顾问,0.0,3.0,0.0,1.0
民营企业,0.0,3.0,0.0,1.0
189380,0.0,3.0,0.0,1.0
金融界,0.0,3.0,0.0,1.0
行业,0.0,3.0,0.0,1.0
妈咪,0.0,3.0,0.0,1.0
处理,0.0,3.0,0.0,1.0
股权,0.0,3.0,0.0,1.0
2013,0.0,6.0,0.0,1.0
之一,0.0,3.0,0.0,1.0
),0.0,33.0,0.0,1.0
似的,0.0,3.0,0.0,1.0
品牌女装,0.0,3.0,0.0,1.0
含,0.0,6.0,0.0,1.0
玉环,0.0,3.0,0.0,1.0
中心,0.0,3.0,0.0,1.0
一只,0.0,12.0,0.0,1.0
立即,0.0,3.0,0.0,1.0
历史,0.0,3.0,0.0,1.0
开始,0.0,12.0,0.0,1.0
分会,0.0,6.0,0.0,1.0
05,0.0,3.0,0.0,1.0
传说,0.0,3.0,0.0,1.0
由,0.0,3.0,0.0,1.0
002563,0.0,3.0,0.0,1.0
铁,0.0,3.0,0.0,1.0
抄底,0.0,3.0,0.0,1.0
御家汇,0.0,3.0,0.0,1.0
举行,0.0,3.0,0.0,1.0
冬候鸟,0.0,3.0,0.0,1.0
牢度,0.0,9.0,0.0,1.0
外,0.0,3.0,0.0,1.0
脱胎换骨,0.0,3.0,0.0,1.0
期末,0.0,3.0,0.0,1.0
2008,0.0,3.0,0.0,1.0
gogoboi,0.0,3.0,0.0,1.0
70,0.0,3.0,0.0,1.0
授予,0.0,3.0,0.0,1.0
此,0.0,6.0,0.0,1.0
最,0.0,3.0,0.0,1.0
荣晟,0.0,3.0,0.0,1.0
攀升,0.0,6.0,0.0,1.0
建投,0.0,3.0,0.0,1.0
变化,0.0,6.0,0.0,1.0
注册,0.0,3.0,0.0,1.0
两只,0.0,3.0,0.0,1.0
专家,0.0,3.0,0.0,1.0
7m,0.0,3.0,0.0,1.0
保留项目,0.0,3.0,0.0,1.0
http,0.0,15.0,0.0,1.0
潮流,0.0,3.0,0.0,1.0
：,0.0,30.0,0.0,1.0
位,0.0,9.0,0.0,1.0
中百,0.0,3.0,0.0,1.0
报告,0.0,6.0,0.0,1.0
走势,0.0,9.0,0.0,1.0
效率,0.0,3.0,0.0,1.0
爆炒,0.0,6.0,0.0,1.0
等,0.0,57.0,0.0,1.0
花凤,0.0,3.0,0.0,1.0
今年年初,0.0,3.0,0.0,1.0
路线,0.0,3.0,0.0,1.0
分为,0.0,3.0,0.0,1.0
关店,0.0,3.0,0.0,1.0
物流,0.0,15.0,0.0,1.0
争抢,0.0,3.0,0.0,1.0
想,0.0,3.0,0.0,1.0
禽,0.0,3.0,0.0,1.0
总值,0.0,3.0,0.0,1.0
极少数,0.0,3.0,0.0,1.0
总体,0.0,3.0,0.0,1.0
同时,0.0,9.0,0.0,1.0
领导,0.0,3.0,0.0,1.0
500,0.0,3.0,0.0,1.0
十二,0.0,24.0,0.0,1.0
4145,0.0,3.0,0.0,1.0
快鱼,0.0,3.0,0.0,1.0
15,0.0,3.0,0.0,1.0
控股,0.0,3.0,0.0,1.0
 ,0.0,117.0,0.0,1.0
很少,0.0,3.0,0.0,1.0
靠右,0.0,3.0,0.0,1.0
发现,0.0,3.0,0.0,1.0
图中,0.0,3.0,0.0,1.0
进入,0.0,3.0,0.0,1.0
必然,0.0,3.0,0.0,1.0
内部,0.0,3.0,0.0,1.0
纤维,0.0,3.0,0.0,1.0
该,0.0,3.0,0.0,1.0
下面,0.0,3.0,0.0,1.0
雀形目,0.0,3.0,0.0,1.0
金凤凰,0.0,3.0,0.0,1.0
铺子,0.0,3.0,0.0,1.0
明显,0.0,3.0,0.0,1.0
右,0.0,3.0,0.0,1.0
先生,0.0,3.0,0.0,1.0
尚海,0.0,3.0,0.0,1.0
细致入微,0.0,3.0,0.0,1.0
减值,0.0,3.0,0.0,1.0
i3,0.0,3.0,0.0,1.0
幺,0.0,6.0,0.0,1.0
10.0,0.0,3.0,0.0,1.0
pngdata,0.0,3.0,0.0,1.0
激励,0.0,27.0,0.0,1.0
副会长,0.0,3.0,0.0,1.0
文,0.0,3.0,0.0,1.0
宛若,0.0,3.0,0.0,1.0
公开,0.0,3.0,0.0,1.0
费用率,0.0,3.0,0.0,1.0
为此,0.0,3.0,0.0,1.0
考虑,0.0,6.0,0.0,1.0
订单,0.0,3.0,0.0,1.0
杰克,0.0,9.0,0.0,1.0
是从,0.0,3.0,0.0,1.0
LaBAbit,0.0,3.0,0.0,1.0
规模,0.0,3.0,0.0,1.0
现代,0.0,3.0,0.0,1.0
提升,0.0,12.0,0.0,1.0
摩擦,0.0,9.0,0.0,1.0
新品,0.0,3.0,0.0,1.0
不再,0.0,3.0,0.0,1.0
可能,0.0,3.0,0.0,1.0
60,0.0,3.0,0.0,1.0
鸟类,0.0,12.0,0.0,1.0
产业,0.0,3.0,0.0,1.0
3.90,0.0,3.0,0.0,1.0
十二枚,0.0,6.0,0.0,1.0
企业,0.0,30.0,0.0,1.0
灰褐色,0.0,3.0,0.0,1.0
齐跌,0.0,3.0,0.0,1.0
12,0.0,3.0,0.0,1.0
首份,0.0,3.0,0.0,1.0
饲养,0.0,3.0,0.0,1.0
神鸟,0.0,3.0,0.0,1.0
有望,0.0,3.0,0.0,1.0
零售,0.0,6.0,0.0,1.0
时尚,0.0,15.0,0.0,1.0
22,0.0,3.0,0.0,1.0
版,0.0,9.0,0.0,1.0
张,0.0,3.0,0.0,1.0
股价,0.0,9.0,0.0,1.0
鸟种,0.0,3.0,0.0,1.0
标准,0.0,3.0,0.0,1.0
几乎,0.0,3.0,0.0,1.0
拍摄,0.0,3.0,0.0,1.0
受,0.0,6.0,0.0,1.0
images,0.0,3.0,0.0,1.0
天,0.0,6.0,0.0,1.0
s,0.0,3.0,0.0,1.0
截至,0.0,9.0,0.0,1.0
对接,0.0,3.0,0.0,1.0
裤,0.0,3.0,0.0,1.0
去,0.0,3.0,0.0,1.0
潜质,0.0,3.0,0.0,1.0
resfile,0.0,3.0,0.0,1.0
名称,0.0,3.0,0.0,1.0
闺房,0.0,3.0,0.0,1.0
正裕,0.0,3.0,0.0,1.0
大幅,0.0,3.0,0.0,1.0
持有,0.0,3.0,0.0,1.0
各种,0.0,3.0,0.0,1.0
强,0.0,3.0,0.0,1.0
运营,0.0,3.0,0.0,1.0
下达,0.0,3.0,0.0,1.0
Live,0.0,3.0,0.0,1.0
非法,0.0,3.0,0.0,1.0
旗下,0.0,12.0,0.0,1.0
站台,0.0,3.0,0.0,1.0
公告,0.0,12.0,0.0,1.0
共,0.0,3.0,0.0,1.0
2011,0.0,3.0,0.0,1.0
影响,0.0,9.0,0.0,1.0
绝大部分,0.0,3.0,0.0,1.0
几期,0.0,3.0,0.0,1.0
城奇,0.0,3.0,0.0,1.0
补助,0.0,3.0,0.0,1.0
认真,0.0,3.0,0.0,1.0
线上,0.0,3.0,0.0,1.0
做,0.0,9.0,0.0,1.0
直指,0.0,3.0,0.0,1.0
陆续,0.0,3.0,0.0,1.0
年报,0.0,6.0,0.0,1.0
选址,0.0,3.0,0.0,1.0
前提,0.0,3.0,0.0,1.0
扭头,0.0,3.0,0.0,1.0
工厂,0.0,3.0,0.0,1.0
强劲,0.0,3.0,0.0,1.0
其中,0.0,12.0,0.0,1.0
如许,0.0,3.0,0.0,1.0
知名品牌,0.0,3.0,0.0,1.0
日,0.0,69.0,0.0,1.0
淘宝,0.0,9.0,0.0,1.0
发布会,0.0,6.0,0.0,1.0
将来,0.0,3.0,0.0,1.0
强心剂,0.0,3.0,0.0,1.0
因素,0.0,3.0,0.0,1.0
描绘,0.0,3.0,0.0,1.0
近日,0.0,6.0,0.0,1.0
发行价,0.0,3.0,0.0,1.0
创始人,0.0,3.0,0.0,1.0
根据,0.0,12.0,0.0,1.0
官舍,0.0,3.0,0.0,1.0
’,0.0,6.0,0.0,1.0
李宁,0.0,3.0,0.0,1.0
升级,0.0,3.0,0.0,1.0
董秘,0.0,3.0,0.0,1.0
青鸟,0.0,3.0,0.0,1.0
贸易,0.0,3.0,0.0,1.0
可以,0.0,9.0,0.0,1.0
了解,0.0,3.0,0.0,1.0
押注,0.0,3.0,0.0,1.0
至头,0.0,3.0,0.0,1.0
延续,0.0,3.0,0.0,1.0
买入,0.0,6.0,0.0,1.0
小,0.0,18.0,0.0,1.0
大众,0.0,3.0,0.0,1.0
用品,0.0,3.0,0.0,1.0
高级,0.0,3.0,0.0,1.0
提效,0.0,9.0,0.0,1.0
尤其,0.0,3.0,0.0,1.0
差价,0.0,3.0,0.0,1.0
下手,0.0,3.0,0.0,1.0
事情,0.0,3.0,0.0,1.0
全国,0.0,6.0,0.0,1.0
有所,0.0,6.0,0.0,1.0
名,0.0,3.0,0.0,1.0
良品,0.0,3.0,0.0,1.0
此时,0.0,3.0,0.0,1.0
长期以来,0.0,3.0,0.0,1.0
确认,0.0,3.0,0.0,1.0
当年,0.0,6.0,0.0,1.0
赵新庆,0.0,3.0,0.0,1.0
地下,0.0,6.0,0.0,1.0
晚间,0.0,9.0,0.0,1.0
登,0.0,3.0,0.0,1.0
后悔,0.0,3.0,0.0,1.0
亮点,0.0,3.0,0.0,1.0
我国,0.0,18.0,0.0,1.0
牛仔裤,0.0,12.0,0.0,1.0
特征,0.0,9.0,0.0,1.0
张亮,0.0,9.0,0.0,1.0
财年,0.0,3.0,0.0,1.0
chart,0.0,3.0,0.0,1.0
）,0.0,36.0,0.0,1.0
耐干色,0.0,3.0,0.0,1.0
希望,0.0,3.0,0.0,1.0
最高,0.0,6.0,0.0,1.0
投资,0.0,12.0,0.0,1.0
离职,0.0,3.0,0.0,1.0
盛开,0.0,3.0,0.0,1.0
百货,0.0,6.0,0.0,1.0
渠道,0.0,6.0,0.0,1.0
8,0.0,12.0,0.0,1.0
上海证券交易所,0.0,3.0,0.0,1.0
比较,0.0,6.0,0.0,1.0
日金,0.0,3.0,0.0,1.0
巨沃,0.0,3.0,0.0,1.0
延伸,0.0,3.0,0.0,1.0
儿童,0.0,3.0,0.0,1.0
直接,0.0,6.0,0.0,1.0
价值,0.0,3.0,0.0,1.0
能力,0.0,6.0,0.0,1.0
画家,0.0,3.0,0.0,1.0
上市,0.0,45.0,0.0,1.0
名为,0.0,3.0,0.0,1.0
41.6,0.0,3.0,0.0,1.0
服务业,0.0,3.0,0.0,1.0
建立,0.0,3.0,0.0,1.0
鸟,0.0,360.0,0.0,1.0
7463.35,0.0,3.0,0.0,1.0
扶持,0.0,3.0,0.0,1.0
配套,0.0,3.0,0.0,1.0
工笔,0.0,3.0,0.0,1.0
与其说是,0.0,3.0,0.0,1.0
批次,0.0,3.0,0.0,1.0
销售额,0.0,3.0,0.0,1.0
一字板,0.0,9.0,0.0,1.0
抽查,0.0,6.0,0.0,1.0
Stage,0.0,3.0,0.0,1.0
形象,0.0,12.0,0.0,1.0
[,0.0,3.0,0.0,1.0
终端,0.0,6.0,0.0,1.0
为了,0.0,3.0,0.0,1.0
数量,0.0,6.0,0.0,1.0
事实上,0.0,3.0,0.0,1.0
从而,0.0,3.0,0.0,1.0
好,0.0,3.0,0.0,1.0
养鸟,0.0,6.0,0.0,1.0
开板,0.0,18.0,0.0,1.0
还,0.0,15.0,0.0,1.0
问题,0.0,15.0,0.0,1.0
量,0.0,3.0,0.0,1.0
见到,0.0,9.0,0.0,1.0
制,0.0,3.0,0.0,1.0
这类,0.0,6.0,0.0,1.0
江东,0.0,3.0,0.0,1.0
婴童,0.0,3.0,0.0,1.0
目标,0.0,3.0,0.0,1.0
魏洲,0.0,3.0,0.0,1.0
并,0.0,21.0,0.0,1.0
5,0.0,21.0,0.0,1.0
On,0.0,3.0,0.0,1.0
公布,0.0,6.0,0.0,1.0
在,0.0,153.0,0.0,1.0
38,0.0,3.0,0.0,1.0
每股,0.0,3.0,0.0,1.0
专业,0.0,3.0,0.0,1.0
有益,0.0,3.0,0.0,1.0
登陆,0.0,3.0,0.0,1.0
内容,0.0,6.0,0.0,1.0
指,0.0,3.0,0.0,1.0
工商,0.0,3.0,0.0,1.0
一个,0.0,6.0,0.0,1.0
两处,0.0,3.0,0.0,1.0
到,0.0,33.0,0.0,1.0
白纹,0.0,3.0,0.0,1.0
19,0.0,6.0,0.0,1.0
追捧,0.0,3.0,0.0,1.0
境内,0.0,6.0,0.0,1.0
后市,0.0,3.0,0.0,1.0
故,0.0,3.0,0.0,1.0
　,0.0,114.0,0.0,1.0
羽冠,0.0,3.0,0.0,1.0
近两年,0.0,3.0,0.0,1.0
此前,0.0,6.0,0.0,1.0
绘出,0.0,3.0,0.0,1.0
布局,0.0,12.0,0.0,1.0
大江南北,0.0,3.0,0.0,1.0
日晚,0.0,3.0,0.0,1.0
告知,0.0,3.0,0.0,1.0
出,0.0,3.0,0.0,1.0
205,0.0,3.0,0.0,1.0
呈现,0.0,3.0,0.0,1.0
现在,0.0,6.0,0.0,1.0
这个,0.0,6.0,0.0,1.0
趋势,0.0,3.0,0.0,1.0
凡,0.0,3.0,0.0,1.0
原有,0.0,3.0,0.0,1.0
工业,0.0,3.0,0.0,1.0
库存,0.0,3.0,0.0,1.0
整体,0.0,9.0,0.0,1.0
从,0.0,27.0,0.0,1.0
宁波,0.0,30.0,0.0,1.0
业务,0.0,3.0,0.0,1.0
梯队,0.0,6.0,0.0,1.0
来看,0.0,12.0,0.0,1.0
可谓,0.0,6.0,0.0,1.0
设计师,0.0,3.0,0.0,1.0
随着,0.0,3.0,0.0,1.0
基础,0.0,6.0,0.0,1.0
下降,0.0,6.0,0.0,1.0
多元性,0.0,3.0,0.0,1.0
初创,0.0,3.0,0.0,1.0
特别,0.0,3.0,0.0,1.0
连雀,0.0,3.0,0.0,1.0
应声,0.0,3.0,0.0,1.0
浙系,0.0,3.0,0.0,1.0
属于,0.0,3.0,0.0,1.0
地球,0.0,3.0,0.0,1.0
造成,0.0,3.0,0.0,1.0
工商部门,0.0,3.0,0.0,1.0
军会,0.0,3.0,0.0,1.0
鸟于,0.0,3.0,0.0,1.0
VS,0.0,3.0,0.0,1.0
对应,0.0,3.0,0.0,1.0
年,0.0,87.0,0.0,1.0
自网,0.0,3.0,0.0,1.0
领军,0.0,3.0,0.0,1.0
要,0.0,3.0,0.0,1.0
当初,0.0,6.0,0.0,1.0
办,0.0,3.0,0.0,1.0
产品,0.0,18.0,0.0,1.0
过,0.0,3.0,0.0,1.0
好消息,0.0,3.0,0.0,1.0
回调,0.0,3.0,0.0,1.0
存货,0.0,9.0,0.0,1.0
hexun,0.0,3.0,0.0,1.0
打造,0.0,3.0,0.0,1.0
‘,0.0,3.0,0.0,1.0
鸟报,0.0,3.0,0.0,1.0
郑念辉,0.0,3.0,0.0,1.0
两翅,0.0,3.0,0.0,1.0
共和国,0.0,3.0,0.0,1.0
港,0.0,6.0,0.0,1.0
较大,0.0,6.0,0.0,1.0
来源于,0.0,6.0,0.0,1.0
平湖,0.0,3.0,0.0,1.0
再,0.0,6.0,0.0,1.0
高效化,0.0,3.0,0.0,1.0
大,0.0,21.0,0.0,1.0
曝光,0.0,6.0,0.0,1.0
或者,0.0,3.0,0.0,1.0
经济,0.0,9.0,0.0,1.0
耐干,0.0,3.0,0.0,1.0
当地政府,0.0,6.0,0.0,1.0
扩张,0.0,9.0,0.0,1.0
努力,0.0,3.0,0.0,1.0
战略,0.0,3.0,0.0,1.0
进为,0.0,3.0,0.0,1.0
回复,0.0,3.0,0.0,1.0
Zara,0.0,3.0,0.0,1.0
10,0.0,15.0,0.0,1.0
品牌,0.0,60.0,0.0,1.0
榜单,0.0,3.0,0.0,1.0
宫廷,0.0,6.0,0.0,1.0
传统,0.0,9.0,0.0,1.0
40,0.0,6.0,0.0,1.0
转型,0.0,9.0,0.0,1.0
万人,0.0,3.0,0.0,1.0
居中,0.0,3.0,0.0,1.0
森马,0.0,6.0,0.0,1.0
重要,0.0,6.0,0.0,1.0
形式,0.0,3.0,0.0,1.0
科技股份,0.0,3.0,0.0,1.0
凤冠,0.0,3.0,0.0,1.0
《,0.0,36.0,0.0,1.0
通体,0.0,3.0,0.0,1.0
意见,0.0,9.0,0.0,1.0
几天,0.0,6.0,0.0,1.0
一定,0.0,9.0,0.0,1.0
表明,0.0,3.0,0.0,1.0
两种,0.0,6.0,0.0,1.0
禾乐,0.0,9.0,0.0,1.0
已经,0.0,9.0,0.0,1.0
受宠,0.0,3.0,0.0,1.0
著名,0.0,3.0,0.0,1.0
对,0.0,18.0,0.0,1.0
已,0.0,12.0,0.0,1.0
表示,0.0,6.0,0.0,1.0
得,0.0,3.0,0.0,1.0
简称,0.0,9.0,0.0,1.0
qushi,0.0,3.0,0.0,1.0
着,0.0,3.0,0.0,1.0
海曙天,0.0,3.0,0.0,1.0
耐湿,0.0,3.0,0.0,1.0
因涉嫌,0.0,3.0,0.0,1.0
红遍,0.0,3.0,0.0,1.0
春风,0.0,3.0,0.0,1.0
宽敞明亮,0.0,3.0,0.0,1.0
熟悉,0.0,6.0,0.0,1.0
北京,0.0,6.0,0.0,1.0
3,0.0,21.0,0.0,1.0
6.50,0.0,3.0,0.0,1.0
29.92,0.0,3.0,0.0,1.0
共同,0.0,6.0,0.0,1.0
IMAGE,0.0,15.0,0.0,1.0
通过,0.0,6.0,0.0,1.0
贝尔,0.0,18.0,0.0,1.0
列入,0.0,3.0,0.0,1.0
中档,0.0,6.0,0.0,1.0
imgs,0.0,3.0,0.0,1.0
等到,0.0,3.0,0.0,1.0
原型,0.0,3.0,0.0,1.0
供应链,0.0,9.0,0.0,1.0
纯,0.0,6.0,0.0,1.0
子公司,0.0,12.0,0.0,1.0
高,0.0,3.0,0.0,1.0
视为,0.0,6.0,0.0,1.0
远成,0.0,3.0,0.0,1.0
许吉锭,0.0,3.0,0.0,1.0
模式,0.0,3.0,0.0,1.0
报表,0.0,3.0,0.0,1.0
从单,0.0,3.0,0.0,1.0
逐步,0.0,3.0,0.0,1.0
保持,0.0,6.0,0.0,1.0
珍禽,0.0,3.0,0.0,1.0
带给,0.0,3.0,0.0,1.0
201705082325421970098167,0.0,3.0,0.0,1.0
路,0.0,6.0,0.0,1.0
离开,0.0,3.0,0.0,1.0
6,0.0,21.0,0.0,1.0
头部,0.0,3.0,0.0,1.0
主板,0.0,3.0,0.0,1.0
背景,0.0,3.0,0.0,1.0
一种,0.0,9.0,0.0,1.0
十分,0.0,3.0,0.0,1.0
国家,0.0,3.0,0.0,1.0
女子,0.0,3.0,0.0,1.0
可见,0.0,6.0,0.0,1.0
宋代,0.0,3.0,0.0,1.0
介绍,0.0,6.0,0.0,1.0
绯红色,0.0,3.0,0.0,1.0
抢,0.0,3.0,0.0,1.0
全,0.0,3.0,0.0,1.0
其,0.0,15.0,0.0,1.0
1185,0.0,3.0,0.0,1.0
8.52,0.0,3.0,0.0,1.0
服装品牌,0.0,9.0,0.0,1.0
72.42,0.0,3.0,0.0,1.0
年初,0.0,3.0,0.0,1.0
毫无疑问,0.0,3.0,0.0,1.0
调整,0.0,6.0,0.0,1.0
具有,0.0,3.0,0.0,1.0
出发,0.0,3.0,0.0,1.0
8000,0.0,3.0,0.0,1.0
颏,0.0,3.0,0.0,1.0
仍,0.0,3.0,0.0,1.0
cn,0.0,9.0,0.0,1.0
赵立,0.0,3.0,0.0,1.0
预订,0.0,3.0,0.0,1.0
截止,0.0,3.0,0.0,1.0
双百,0.0,3.0,0.0,1.0
物种,0.0,3.0,0.0,1.0
湿色,0.0,3.0,0.0,1.0
眼前,0.0,3.0,0.0,1.0
便,0.0,3.0,0.0,1.0
审核,0.0,6.0,0.0,1.0
下滑,0.0,3.0,0.0,1.0
红,0.0,12.0,0.0,1.0
张家港,0.0,6.0,0.0,1.0
0.97,0.0,3.0,0.0,1.0
热点,0.0,6.0,0.0,1.0
很长,0.0,3.0,0.0,1.0
Puella,0.0,3.0,0.0,1.0
关于,0.0,9.0,0.0,1.0
多位,0.0,3.0,0.0,1.0
人,0.0,9.0,0.0,1.0
研报,0.0,3.0,0.0,1.0
驰名商标,0.0,3.0,0.0,1.0
有点,0.0,3.0,0.0,1.0
儿童服装,0.0,3.0,0.0,1.0
邮件,0.0,3.0,0.0,1.0
社交,0.0,6.0,0.0,1.0
宋,0.0,3.0,0.0,1.0
企稳后,0.0,3.0,0.0,1.0
东莞,0.0,3.0,0.0,1.0
松鼠,0.0,3.0,0.0,1.0
合计,0.0,6.0,0.0,1.0
核心,0.0,3.0,0.0,1.0
俨然,0.0,3.0,0.0,1.0
服装,0.0,18.0,0.0,1.0
(,0.0,33.0,0.0,1.0
1196,0.0,3.0,0.0,1.0
常有,0.0,3.0,0.0,1.0
行,0.0,6.0,0.0,1.0
宁海,0.0,3.0,0.0,1.0
老,0.0,3.0,0.0,1.0
创新,0.0,3.0,0.0,1.0
对于,0.0,9.0,0.0,1.0
类,0.0,3.0,0.0,1.0
男模,0.0,3.0,0.0,1.0
信心,0.0,3.0,0.0,1.0
11,0.0,3.0,0.0,1.0
日张,0.0,3.0,0.0,1.0
而言,0.0,3.0,0.0,1.0
一千多年,0.0,3.0,0.0,1.0
6.8,0.0,3.0,0.0,1.0
小批量,0.0,3.0,0.0,1.0
21.3,0.0,3.0,0.0,1.0
人工,0.0,3.0,0.0,1.0
管理人员,0.0,3.0,0.0,1.0
进行,0.0,9.0,0.0,1.0
包括,0.0,9.0,0.0,1.0
检测,0.0,3.0,0.0,1.0
明初,0.0,3.0,0.0,1.0
过去,0.0,6.0,0.0,1.0
A股,0.0,9.0,0.0,1.0
只能,0.0,3.0,0.0,1.0
鸟悦尚,0.0,3.0,0.0,1.0
<,0.0,15.0,0.0,1.0
裂帛,0.0,3.0,0.0,1.0
CAndie,0.0,3.0,0.0,1.0
能够,0.0,3.0,0.0,1.0
算是,0.0,3.0,0.0,1.0
一职,0.0,3.0,0.0,1.0
损失,0.0,3.0,0.0,1.0
走红,0.0,3.0,0.0,1.0
旅鸟,0.0,3.0,0.0,1.0
第五,0.0,3.0,0.0,1.0
一贯,0.0,3.0,0.0,1.0
许多,0.0,3.0,0.0,1.0
1198,0.0,3.0,0.0,1.0
矩阵,0.0,3.0,0.0,1.0
之中,0.0,6.0,0.0,1.0
购物中心,0.0,12.0,0.0,1.0
人士,0.0,3.0,0.0,1.0
管理费用,0.0,3.0,0.0,1.0
股,0.0,3.0,0.0,1.0
Peace,0.0,9.0,0.0,1.0
第二批,0.0,3.0,0.0,1.0
不仅,0.0,3.0,0.0,1.0
仅,0.0,6.0,0.0,1.0
办事处,0.0,3.0,0.0,1.0
女装,0.0,12.0,0.0,1.0
可惜,0.0,3.0,0.0,1.0
町,0.0,6.0,0.0,1.0
上海,0.0,12.0,0.0,1.0
189107841,0.0,3.0,0.0,1.0
摄影,0.0,3.0,0.0,1.0
歌手,0.0,3.0,0.0,1.0
专做,0.0,3.0,0.0,1.0
14.6,0.0,3.0,0.0,1.0
微,0.0,3.0,0.0,1.0
几年,0.0,3.0,0.0,1.0
精,0.0,3.0,0.0,1.0
担任,0.0,3.0,0.0,1.0
上,0.0,42.0,0.0,1.0
福利,0.0,3.0,0.0,1.0
Chapelle,0.0,3.0,0.0,1.0
那个,0.0,3.0,0.0,1.0
黄,0.0,9.0,0.0,1.0
带来,0.0,3.0,0.0,1.0
因耐,0.0,3.0,0.0,1.0
大多,0.0,3.0,0.0,1.0
爱好者,0.0,3.0,0.0,1.0
优秀,0.0,3.0,0.0,1.0
售卖,0.0,3.0,0.0,1.0
Euromonitor,0.0,3.0,0.0,1.0
资产,0.0,3.0,0.0,1.0
上调,0.0,3.0,0.0,1.0
名牌,0.0,3.0,0.0,1.0
零售额,0.0,6.0,0.0,1.0
创下,0.0,3.0,0.0,1.0
定位,0.0,3.0,0.0,1.0
杭州,0.0,3.0,0.0,1.0
三个,0.0,6.0,0.0,1.0
存在,0.0,12.0,0.0,1.0
胡,0.0,3.0,0.0,1.0
艺术品,0.0,9.0,0.0,1.0
有重,0.0,3.0,0.0,1.0
长裤,0.0,3.0,0.0,1.0
门店,0.0,30.0,0.0,1.0
绕过,0.0,3.0,0.0,1.0
时尚服饰,0.0,15.0,0.0,1.0
之前,0.0,3.0,0.0,1.0
设计,0.0,9.0,0.0,1.0
png,0.0,6.0,0.0,1.0
服饰,0.0,24.0,0.0,1.0
资讯,0.0,3.0,0.0,1.0
宇宏,0.0,3.0,0.0,1.0
诊股,0.0,3.0,0.0,1.0
:,0.0,21.0,0.0,1.0
颇受,0.0,3.0,0.0,1.0
31,0.0,3.0,0.0,1.0
并购,0.0,3.0,0.0,1.0
去年,0.0,3.0,0.0,1.0
新开,0.0,6.0,0.0,1.0
28.99,0.0,3.0,0.0,1.0
时装,0.0,3.0,0.0,1.0
写生,0.0,3.0,0.0,1.0
gzdaily,0.0,3.0,0.0,1.0
计,0.0,3.0,0.0,1.0
市场占有率,0.0,3.0,0.0,1.0
成功,0.0,3.0,0.0,1.0
带动,0.0,3.0,0.0,1.0
电商,0.0,12.0,0.0,1.0
事,0.0,3.0,0.0,1.0
起家,0.0,3.0,0.0,1.0
明,0.0,3.0,0.0,1.0
专注,0.0,3.0,0.0,1.0
dayoo,0.0,3.0,0.0,1.0
多个,0.0,6.0,0.0,1.0
7.4,0.0,3.0,0.0,1.0
下,0.0,9.0,0.0,1.0
上市公司,0.0,6.0,0.0,1.0
向来,0.0,3.0,0.0,1.0
转变,0.0,3.0,0.0,1.0
收入,0.0,6.0,0.0,1.0
椒江,0.0,3.0,0.0,1.0
情况,0.0,18.0,0.0,1.0
外延,0.0,6.0,0.0,1.0
一直,0.0,15.0,0.0,1.0
—,0.0,12.0,0.0,1.0
、,0.0,234.0,0.0,1.0
年轻化,0.0,12.0,0.0,1.0
以下,0.0,9.0,0.0,1.0
生产,0.0,9.0,0.0,1.0
次新股,0.0,9.0,0.0,1.0
出席,0.0,3.0,0.0,1.0
一道,0.0,3.0,0.0,1.0
组织,0.0,3.0,0.0,1.0
公司法,0.0,6.0,0.0,1.0
但,0.0,12.0,0.0,1.0
注入,0.0,3.0,0.0,1.0
导致,0.0,3.0,0.0,1.0
男装,0.0,21.0,0.0,1.0
邦,0.0,3.0,0.0,1.0
挂牌,0.0,3.0,0.0,1.0
营业,0.0,3.0,0.0,1.0
股票,0.0,18.0,0.0,1.0
持平,0.0,3.0,0.0,1.0
中华人民共和国,0.0,3.0,0.0,1.0
店,0.0,18.0,0.0,1.0
高速,0.0,3.0,0.0,1.0
有意识,0.0,3.0,0.0,1.0
助推,0.0,3.0,0.0,1.0
英氏,0.0,12.0,0.0,1.0
头戴,0.0,6.0,0.0,1.0
于,0.0,9.0,0.0,1.0
A23,0.0,3.0,0.0,1.0
La,0.0,3.0,0.0,1.0
只有,0.0,6.0,0.0,1.0
18,0.0,6.0,0.0,1.0
讯,0.0,9.0,0.0,1.0
不断,0.0,3.0,0.0,1.0
>,0.0,21.0,0.0,1.0
美特斯,0.0,3.0,0.0,1.0
特步,0.0,15.0,0.0,1.0
耳熟能详,0.0,3.0,0.0,1.0
多重,0.0,3.0,0.0,1.0
长期,0.0,3.0,0.0,1.0
25,0.0,6.0,0.0,1.0
注意,0.0,3.0,0.0,1.0
才,0.0,3.0,0.0,1.0
以,0.0,15.0,0.0,1.0
各类,0.0,6.0,0.0,1.0
本次,0.0,12.0,0.0,1.0
毫无,0.0,3.0,0.0,1.0
街道,0.0,3.0,0.0,1.0
丽人,0.0,3.0,0.0,1.0
武汉,0.0,3.0,0.0,1.0
核查,0.0,6.0,0.0,1.0
16,0.0,6.0,0.0,1.0
陆生,0.0,3.0,0.0,1.0
之间,0.0,3.0,0.0,1.0
前,0.0,15.0,0.0,1.0
集合,0.0,3.0,0.0,1.0
工作,0.0,3.0,0.0,1.0
603877,0.0,18.0,0.0,1.0
.,0.0,63.0,0.0,1.0
先见之明,0.0,3.0,0.0,1.0
数,0.0,6.0,0.0,1.0
刻画,0.0,3.0,0.0,1.0
稳健,0.0,3.0,0.0,1.0
会议,0.0,3.0,0.0,1.0
600,0.0,6.0,0.0,1.0
古代,0.0,21.0,0.0,1.0
鸟属,0.0,3.0,0.0,1.0
购买,0.0,3.0,0.0,1.0
致电,0.0,3.0,0.0,1.0
积极性,0.0,3.0,0.0,1.0
这些,0.0,3.0,0.0,1.0
是,0.0,57.0,0.0,1.0
出资,0.0,3.0,0.0,1.0
乐町,0.0,6.0,0.0,1.0
越,0.0,3.0,0.0,1.0
德创,0.0,3.0,0.0,1.0
跌价,0.0,3.0,0.0,1.0
img,0.0,3.0,0.0,1.0
了如指掌,0.0,3.0,0.0,1.0
实现,0.0,3.0,0.0,1.0
纤毫,0.0,3.0,0.0,1.0
产生,0.0,6.0,0.0,1.0
常务理事,0.0,3.0,0.0,1.0
锐捷,0.0,3.0,0.0,1.0
计划,0.0,18.0,0.0,1.0
新,0.0,9.0,0.0,1.0
江平,0.0,6.0,0.0,1.0
上涨,0.0,6.0,0.0,1.0
博主,0.0,3.0,0.0,1.0
变革,0.0,3.0,0.0,1.0
2016,0.0,24.0,0.0,1.0
查看,0.0,3.0,0.0,1.0
义乌,0.0,3.0,0.0,1.0
喜爱,0.0,3.0,0.0,1.0
评级,0.0,3.0,0.0,1.0
网上,0.0,3.0,0.0,1.0
操作,0.0,3.0,0.0,1.0
披露,0.0,3.0,0.0,1.0
营运,0.0,3.0,0.0,1.0
疯狂,0.0,6.0,0.0,1.0
因,0.0,3.0,0.0,1.0
透露,0.0,3.0,0.0,1.0
市盈率,0.0,3.0,0.0,1.0
观察,0.0,3.0,0.0,1.0
尾羽,0.0,15.0,0.0,1.0
申亚欣,0.0,3.0,0.0,1.0
约,0.0,15.0,0.0,1.0
其余,0.0,3.0,0.0,1.0
近年,0.0,3.0,0.0,1.0
威,0.0,3.0,0.0,1.0
2015,0.0,12.0,0.0,1.0
童装店,0.0,3.0,0.0,1.0
ZARA,0.0,15.0,0.0,1.0
孙,0.0,3.0,0.0,1.0
新材,0.0,3.0,0.0,1.0
故又名,0.0,6.0,0.0,1.0
2007,0.0,3.0,0.0,1.0
21,0.0,6.0,0.0,1.0
时尚品牌,0.0,3.0,0.0,1.0
亿,0.0,9.0,0.0,1.0
十月,0.0,3.0,0.0,1.0
颜色,0.0,3.0,0.0,1.0
时间,0.0,6.0,0.0,1.0
体形,0.0,3.0,0.0,1.0
如此,0.0,3.0,0.0,1.0
汪永琪,0.0,3.0,0.0,1.0
为,0.0,45.0,0.0,1.0
最初,0.0,3.0,0.0,1.0
出现,0.0,18.0,0.0,1.0
法娜,0.0,3.0,0.0,1.0
jpg,0.0,12.0,0.0,1.0
均,0.0,9.0,0.0,1.0
上升,0.0,3.0,0.0,1.0
经营,0.0,3.0,0.0,1.0
山鸟,0.0,3.0,0.0,1.0
6eba3b59c414781f,0.0,3.0,0.0,1.0
06,0.0,3.0,0.0,1.0
正式,0.0,3.0,0.0,1.0
好转,0.0,3.0,0.0,1.0
几种,0.0,3.0,0.0,1.0
最多,0.0,3.0,0.0,1.0
734,0.0,3.0,0.0,1.0
副总经理,0.0,3.0,0.0,1.0
被,0.0,24.0,0.0,1.0
品类,0.0,6.0,0.0,1.0
搬进,0.0,3.0,0.0,1.0
主要用途,0.0,3.0,0.0,1.0
为主,0.0,3.0,0.0,1.0
2,0.0,12.0,0.0,1.0
华正,0.0,3.0,0.0,1.0
主要,0.0,6.0,0.0,1.0
称为,0.0,3.0,0.0,1.0
涨停,0.0,9.0,0.0,1.0
越开,0.0,3.0,0.0,1.0
一,0.0,3.0,0.0,1.0
周黑,0.0,3.0,0.0,1.0
20,0.0,6.0,0.0,1.0
两个,0.0,3.0,0.0,1.0
今年,0.0,15.0,0.0,1.0
明星,0.0,3.0,0.0,1.0
岁,0.0,3.0,0.0,1.0
野生动物,0.0,3.0,0.0,1.0
5539,0.0,3.0,0.0,1.0
达到,0.0,9.0,0.0,1.0
确实,0.0,3.0,0.0,1.0
有限公司,0.0,72.0,0.0,1.0
二是,0.0,3.0,0.0,1.0
野外,0.0,3.0,0.0,1.0
半年,0.0,6.0,0.0,1.0
场近,0.0,3.0,0.0,1.0
125,0.0,3.0,0.0,1.0
种群,0.0,3.0,0.0,1.0
Veromoda,0.0,3.0,0.0,1.0
而百禽,0.0,3.0,0.0,1.0
猛越,0.0,3.0,0.0,1.0
thsi,0.0,3.0,0.0,1.0
08,0.0,3.0,0.0,1.0
之外,0.0,3.0,0.0,1.0
尝试,0.0,3.0,0.0,1.0
对比,0.0,3.0,0.0,1.0
举办,0.0,3.0,0.0,1.0
走,0.0,3.0,0.0,1.0
个,0.0,15.0,0.0,1.0
预,0.0,3.0,0.0,1.0
草木,0.0,3.0,0.0,1.0
买,0.0,3.0,0.0,1.0
瑞泰信,0.0,3.0,0.0,1.0
冠羽,0.0,3.0,0.0,1.0
斜贯,0.0,3.0,0.0,1.0
市值,0.0,3.0,0.0,1.0
成为,0.0,27.0,0.0,1.0
判断,0.0,3.0,0.0,1.0
集团,0.0,3.0,0.0,1.0
牢,0.0,6.0,0.0,1.0
100,0.0,3.0,0.0,1.0
可,0.0,6.0,0.0,1.0
绿毛,0.0,6.0,0.0,1.0
所致,0.0,3.0,0.0,1.0
早,0.0,12.0,0.0,1.0
位列,0.0,6.0,0.0,1.0
树枝,0.0,3.0,0.0,1.0
上年,0.0,3.0,0.0,1.0
4,0.0,15.0,0.0,1.0
平均年龄,0.0,3.0,0.0,1.0
大红大紫,0.0,3.0,0.0,1.0
质检,0.0,3.0,0.0,1.0
凤,0.0,6.0,0.0,1.0
应该,0.0,3.0,0.0,1.0
是因为,0.0,3.0,0.0,1.0
黑色,0.0,9.0,0.0,1.0
犹如,0.0,3.0,0.0,1.0
0.89,0.0,3.0,0.0,1.0
吉祥,0.0,6.0,0.0,1.0
新兴,0.0,6.0,0.0,1.0
服装行业,0.0,3.0,0.0,1.0
说,0.0,6.0,0.0,1.0
数据,0.0,9.0,0.0,1.0
],0.0,3.0,0.0,1.0
等等,0.0,3.0,0.0,1.0
都市,0.0,3.0,0.0,1.0
末端,0.0,15.0,0.0,1.0
认为,0.0,6.0,0.0,1.0
公司,0.0,78.0,0.0,1.0
资金,0.0,12.0,0.0,1.0
是不是,0.0,3.0,0.0,1.0
艺术,0.0,3.0,0.0,1.0
上周,0.0,3.0,0.0,1.0
松枝,0.0,3.0,0.0,1.0
国内,0.0,6.0,0.0,1.0
珍稀,0.0,9.0,0.0,1.0
销售,0.0,15.0,0.0,1.0
单店,0.0,6.0,0.0,1.0
开店,0.0,3.0,0.0,1.0
之后,0.0,6.0,0.0,1.0
消息,0.0,3.0,0.0,1.0
当时,0.0,6.0,0.0,1.0
待,0.0,3.0,0.0,1.0
名单,0.0,6.0,0.0,1.0
发布,0.0,3.0,0.0,1.0
个股,0.0,3.0,0.0,1.0
三线,0.0,3.0,0.0,1.0
倍,0.0,3.0,0.0,1.0
科技,0.0,18.0,0.0,1.0
第一个,0.0,3.0,0.0,1.0
值,0.0,3.0,0.0,1.0
雀,0.0,3.0,0.0,1.0
游资,0.0,6.0,0.0,1.0
曾,0.0,3.0,0.0,1.0
位居,0.0,3.0,0.0,1.0
多,0.0,18.0,0.0,1.0
相对,0.0,3.0,0.0,1.0
正常,0.0,3.0,0.0,1.0
涨幅,0.0,3.0,0.0,1.0
净利润,0.0,9.0,0.0,1.0
证券网,0.0,3.0,0.0,1.0
都,0.0,12.0,0.0,1.0
潜移默化,0.0,3.0,0.0,1.0
26,0.0,3.0,0.0,1.0
而且,0.0,3.0,0.0,1.0
平台,0.0,9.0,0.0,1.0
美丽,0.0,3.0,0.0,1.0
左上方,0.0,6.0,0.0,1.0
唐坤,0.0,3.0,0.0,1.0
好像,0.0,3.0,0.0,1.0
%,0.0,51.0,0.0,1.0
冯杰,0.0,3.0,0.0,1.0
代言,0.0,3.0,0.0,1.0
合格,0.0,33.0,0.0,1.0
销售收入,0.0,3.0,0.0,1.0
将,0.0,12.0,0.0,1.0
28,0.0,3.0,0.0,1.0
排名,0.0,3.0,0.0,1.0
3734,0.0,6.0,0.0,1.0
作者,0.0,6.0,0.0,1.0
之形,0.0,3.0,0.0,1.0
信号,0.0,3.0,0.0,1.0
4.3,0.0,3.0,0.0,1.0
慈溪,0.0,6.0,0.0,1.0
漂亮,0.0,3.0,0.0,1.0
万元,0.0,21.0,0.0,1.0
严翔,0.0,6.0,0.0,1.0
系列,0.0,3.0,0.0,1.0
方面,0.0,6.0,0.0,1.0
198,0.0,3.0,0.0,1.0
63.2,0.0,3.0,0.0,1.0
好看,0.0,3.0,0.0,1.0
出耐湿,0.0,3.0,0.0,1.0
层面,0.0,6.0,0.0,1.0
以来,0.0,6.0,0.0,1.0
年度,0.0,3.0,0.0,1.0
更,0.0,9.0,0.0,1.0
1,0.0,48.0,0.0,1.0
聚焦,0.0,3.0,0.0,1.0
秋冬,0.0,3.0,0.0,1.0
0620A23b009,0.0,3.0,0.0,1.0
很火,0.0,3.0,0.0,1.0
净增,0.0,3.0,0.0,1.0
仍会,0.0,3.0,0.0,1.0
以及,0.0,9.0,0.0,1.0
享受,0.0,3.0,0.0,1.0
同样,0.0,12.0,0.0,1.0
桃花,0.0,6.0,0.0,1.0
14,0.0,6.0,0.0,1.0
突破,0.0,3.0,0.0,1.0
这两项,0.0,3.0,0.0,1.0
直营店,0.0,18.0,0.0,1.0
新闻,0.0,3.0,0.0,1.0
鄞州区,0.0,3.0,0.0,1.0
目的,0.0,3.0,0.0,1.0
不多见,0.0,3.0,0.0,1.0
让,0.0,3.0,0.0,1.0
看着,0.0,3.0,0.0,1.0
快速增长,0.0,3.0,0.0,1.0
看好,0.0,3.0,0.0,1.0
比如说,0.0,3.0,0.0,1.0
禽鸟,0.0,9.0,0.0,1.0
下跌,0.0,6.0,0.0,1.0
最大,0.0,3.0,0.0,1.0
横向,0.0,3.0,0.0,1.0
海,0.0,6.0,0.0,1.0
一如既往,0.0,3.0,0.0,1.0
SRC,0.0,15.0,0.0,1.0
抽检,0.0,18.0,0.0,1.0
成立,0.0,6.0,0.0,1.0
含量,0.0,3.0,0.0,1.0
9,0.0,18.0,0.0,1.0
哪个,0.0,6.0,0.0,1.0
后,0.0,21.0,0.0,1.0
栖息,0.0,3.0,0.0,1.0
集成,0.0,3.0,0.0,1.0
新疆阿勒泰地区,0.0,3.0,0.0,1.0
准确,0.0,3.0,0.0,1.0
记者,0.0,15.0,0.0,1.0
环节,0.0,6.0,0.0,1.0
如今,0.0,3.0,0.0,1.0
款,0.0,3.0,0.0,1.0
-,0.0,21.0,0.0,1.0
募集,0.0,3.0,0.0,1.0
拜访,0.0,3.0,0.0,1.0
民间,0.0,3.0,0.0,1.0
笼养,0.0,3.0,0.0,1.0
度,0.0,3.0,0.0,1.0
匆匆,0.0,6.0,0.0,1.0
看,0.0,6.0,0.0,1.0
机械,0.0,3.0,0.0,1.0
鸭,0.0,3.0,0.0,1.0
拨付,0.0,6.0,0.0,1.0
合作,0.0,3.0,0.0,1.0
左右,0.0,3.0,0.0,1.0
深圳,0.0,6.0,0.0,1.0
展现,0.0,3.0,0.0,1.0
见于,0.0,3.0,0.0,1.0
79.68,0.0,3.0,0.0,1.0
内,0.0,3.0,0.0,1.0
架构,0.0,3.0,0.0,1.0
鸟兽,0.0,3.0,0.0,1.0
在线,0.0,3.0,0.0,1.0
除了,0.0,3.0,0.0,1.0
签下来,0.0,3.0,0.0,1.0
图,0.0,9.0,0.0,1.0
三只,0.0,3.0,0.0,1.0
