日,0.0,81.0,0.0,1.0
进店,0.0,3.0,0.0,1.0
欧神诺拟,0.0,3.0,0.0,1.0
自此,0.0,3.0,0.0,1.0
历程,0.0,3.0,0.0,1.0
反馈,0.0,12.0,0.0,1.0
98.39,0.0,24.0,0.0,1.0
至,0.0,3.0,0.0,1.0
一切,0.0,3.0,0.0,1.0
经销商,0.0,6.0,0.0,1.0
着力,0.0,3.0,0.0,1.0
里程碑式,0.0,3.0,0.0,1.0
完成,0.0,12.0,0.0,1.0
创意,0.0,3.0,0.0,1.0
意想不到,0.0,3.0,0.0,1.0
同比,0.0,30.0,0.0,1.0
涨幅,0.0,3.0,0.0,1.0
限时,0.0,3.0,0.0,1.0
此次,0.0,15.0,0.0,1.0
大肆,0.0,3.0,0.0,1.0
环保,0.0,3.0,0.0,1.0
4953,0.0,3.0,0.0,1.0
祝福,0.0,3.0,0.0,1.0
拿到,0.0,6.0,0.0,1.0
:,0.0,21.0,0.0,1.0
持股,0.0,3.0,0.0,1.0
提示,0.0,6.0,0.0,1.0
发挥,0.0,3.0,0.0,1.0
叕,0.0,3.0,0.0,1.0
133,0.0,3.0,0.0,1.0
认可,0.0,3.0,0.0,1.0
交谈,0.0,3.0,0.0,1.0
再,0.0,6.0,0.0,1.0
实际,0.0,18.0,0.0,1.0
方式,0.0,6.0,0.0,1.0
展馆,0.0,12.0,0.0,1.0
感恩,0.0,9.0,0.0,1.0
不懈努力,0.0,3.0,0.0,1.0
标准,0.0,3.0,0.0,1.0
4.27,0.0,6.0,0.0,1.0
激情,0.0,3.0,0.0,1.0
一波三折,0.0,3.0,0.0,1.0
及其,0.0,6.0,0.0,1.0
16.98,0.0,6.0,0.0,1.0
官方,0.0,3.0,0.0,1.0
语言,0.0,3.0,0.0,1.0
增持,0.0,33.0,0.0,1.0
康曦,0.0,3.0,0.0,1.0
坚持,0.0,9.0,0.0,1.0
0.45,0.0,3.0,0.0,1.0
chart,0.0,3.0,0.0,1.0
大于,0.0,3.0,0.0,1.0
10,0.0,15.0,0.0,1.0
股份,0.0,129.0,0.0,1.0
内容,0.0,12.0,0.0,1.0
萎靡不振,0.0,3.0,0.0,1.0
亿元,0.0,57.0,0.0,1.0
出,0.0,3.0,0.0,1.0
呼应,0.0,3.0,0.0,1.0
用户,0.0,12.0,0.0,1.0
立志,0.0,3.0,0.0,1.0
13,0.0,3.0,0.0,1.0
大政方针,0.0,3.0,0.0,1.0
出色,0.0,3.0,0.0,1.0
协议,0.0,3.0,0.0,1.0
敲响,0.0,3.0,0.0,1.0
过硬,0.0,3.0,0.0,1.0
大亮,0.0,3.0,0.0,1.0
获批,0.0,6.0,0.0,1.0
新色,0.0,6.0,0.0,1.0
股价,0.0,42.0,0.0,1.0
96.62,0.0,3.0,0.0,1.0
胜出,0.0,3.0,0.0,1.0
有关,0.0,3.0,0.0,1.0
期间,0.0,6.0,0.0,1.0
反弹,0.0,3.0,0.0,1.0
png,0.0,3.0,0.0,1.0
7,0.0,36.0,0.0,1.0
坚韧,0.0,3.0,0.0,1.0
时光,0.0,3.0,0.0,1.0
还有,0.0,6.0,0.0,1.0
】,0.0,3.0,0.0,1.0
南方,0.0,6.0,0.0,1.0
陶瓷,0.0,21.0,0.0,1.0
转板,0.0,3.0,0.0,1.0
发展,0.0,27.0,0.0,1.0
当时,0.0,6.0,0.0,1.0
放弃,0.0,3.0,0.0,1.0
从,0.0,24.0,0.0,1.0
以下,0.0,21.0,0.0,1.0
images,0.0,3.0,0.0,1.0
=,0.0,9.0,0.0,1.0
首届,0.0,3.0,0.0,1.0
大胆,0.0,3.0,0.0,1.0
利润分配,0.0,9.0,0.0,1.0
+,0.0,6.0,0.0,1.0
复,0.0,3.0,0.0,1.0
别具匠心,0.0,3.0,0.0,1.0
2.30,0.0,3.0,0.0,1.0
启动,0.0,3.0,0.0,1.0
带来,0.0,6.0,0.0,1.0
出手,0.0,6.0,0.0,1.0
副董事长,0.0,3.0,0.0,1.0
增近,0.0,3.0,0.0,1.0
美酒,0.0,3.0,0.0,1.0
布置,0.0,3.0,0.0,1.0
资金,0.0,24.0,0.0,1.0
现场,0.0,3.0,0.0,1.0
都,0.0,3.0,0.0,1.0
扩充,0.0,6.0,0.0,1.0
展,0.0,6.0,0.0,1.0
并表后,0.0,3.0,0.0,1.0
除权,0.0,3.0,0.0,1.0
入场,0.0,3.0,0.0,1.0
咖,0.0,3.0,0.0,1.0
二十三年,0.0,3.0,0.0,1.0
编号,0.0,3.0,0.0,1.0
机遇,0.0,3.0,0.0,1.0
价格,0.0,27.0,0.0,1.0
1.21,0.0,3.0,0.0,1.0
弱势,0.0,3.0,0.0,1.0
收远超,0.0,3.0,0.0,1.0
超过,0.0,33.0,0.0,1.0
超,0.0,3.0,0.0,1.0
技能,0.0,3.0,0.0,1.0
国际化,0.0,3.0,0.0,1.0
低于,0.0,9.0,0.0,1.0
色,0.0,9.0,0.0,1.0
勤勤恳恳,0.0,3.0,0.0,1.0
行动,0.0,3.0,0.0,1.0
增长,0.0,15.0,0.0,1.0
道路,0.0,3.0,0.0,1.0
中国,0.0,24.0,0.0,1.0
38.48,0.0,12.0,0.0,1.0
6.86,0.0,3.0,0.0,1.0
1.63,0.0,3.0,0.0,1.0
科学,0.0,3.0,0.0,1.0
再到,0.0,3.0,0.0,1.0
资料,0.0,3.0,0.0,1.0
西南地区,0.0,3.0,0.0,1.0
会计师,0.0,9.0,0.0,1.0
坚定,0.0,6.0,0.0,1.0
所向披靡,0.0,3.0,0.0,1.0
鸿基,0.0,3.0,0.0,1.0
思考,0.0,3.0,0.0,1.0
至上,0.0,3.0,0.0,1.0
部分,0.0,3.0,0.0,1.0
审计工作,0.0,3.0,0.0,1.0
独特,0.0,3.0,0.0,1.0
》,0.0,9.0,0.0,1.0
报告书,0.0,6.0,0.0,1.0
奉送,0.0,3.0,0.0,1.0
特质,0.0,3.0,0.0,1.0
三段,0.0,3.0,0.0,1.0
升,0.0,3.0,0.0,1.0
总额,0.0,3.0,0.0,1.0
会,0.0,12.0,0.0,1.0
馆,0.0,3.0,0.0,1.0
惊喜,0.0,3.0,0.0,1.0
顾问,0.0,3.0,0.0,1.0
认证,0.0,3.0,0.0,1.0
金融界,0.0,3.0,0.0,1.0
出众,0.0,3.0,0.0,1.0
res05,0.0,3.0,0.0,1.0
拓展,0.0,3.0,0.0,1.0
地看,0.0,3.0,0.0,1.0
股权,0.0,33.0,0.0,1.0
反映,0.0,3.0,0.0,1.0
始创,0.0,3.0,0.0,1.0
陈细,0.0,3.0,0.0,1.0
一下,0.0,3.0,0.0,1.0
5,0.0,30.0,0.0,1.0
高度,0.0,3.0,0.0,1.0
一只,0.0,3.0,0.0,1.0
立即,0.0,3.0,0.0,1.0
六成,0.0,6.0,0.0,1.0
开始,0.0,15.0,0.0,1.0
相信,0.0,3.0,0.0,1.0
关联,0.0,15.0,0.0,1.0
38.9,0.0,3.0,0.0,1.0
对,0.0,21.0,0.0,1.0
各取所需,0.0,3.0,0.0,1.0
外,0.0,3.0,0.0,1.0
月,0.0,114.0,0.0,1.0
列,0.0,3.0,0.0,1.0
人,0.0,24.0,0.0,1.0
44.27,0.0,6.0,0.0,1.0
尽快,0.0,3.0,0.0,1.0
46.62,0.0,3.0,0.0,1.0
庞少,0.0,3.0,0.0,1.0
每股,0.0,3.0,0.0,1.0
深入人心,0.0,3.0,0.0,1.0
诊股,0.0,15.0,0.0,1.0
—,0.0,18.0,0.0,1.0
亮相,0.0,3.0,0.0,1.0
无条件,0.0,6.0,0.0,1.0
日程,0.0,3.0,0.0,1.0
精益求精,0.0,3.0,0.0,1.0
并表,0.0,3.0,0.0,1.0
知悉,0.0,3.0,0.0,1.0
500,0.0,3.0,0.0,1.0
三,0.0,9.0,0.0,1.0
一番,0.0,3.0,0.0,1.0
控股,0.0,27.0,0.0,1.0
吴志雄于,0.0,6.0,0.0,1.0
大屏,0.0,3.0,0.0,1.0
中喊,0.0,3.0,0.0,1.0
所有人,0.0,3.0,0.0,1.0
其中,0.0,12.0,0.0,1.0
两个,0.0,3.0,0.0,1.0
内部,0.0,3.0,0.0,1.0
下面,0.0,3.0,0.0,1.0
遥望,0.0,3.0,0.0,1.0
商务部,0.0,3.0,0.0,1.0
明显,0.0,6.0,0.0,1.0
高端,0.0,9.0,0.0,1.0
先生,0.0,3.0,0.0,1.0
依然,0.0,3.0,0.0,1.0
事务,0.0,3.0,0.0,1.0
光景,0.0,3.0,0.0,1.0
2016,0.0,39.0,0.0,1.0
力挽狂澜,0.0,6.0,0.0,1.0
分,0.0,3.0,0.0,1.0
重大,0.0,12.0,0.0,1.0
95,0.0,3.0,0.0,1.0
获得,0.0,9.0,0.0,1.0
增强,0.0,3.0,0.0,1.0
函字,0.0,3.0,0.0,1.0
2.23,0.0,6.0,0.0,1.0
股票价格,0.0,6.0,0.0,1.0
本,0.0,12.0,0.0,1.0
建议,0.0,6.0,0.0,1.0
力量,0.0,3.0,0.0,1.0
之,0.0,9.0,0.0,1.0
显然,0.0,3.0,0.0,1.0
产业,0.0,6.0,0.0,1.0
预告,0.0,3.0,0.0,1.0
占,0.0,21.0,0.0,1.0
2017Q4,0.0,3.0,0.0,1.0
新工艺,0.0,3.0,0.0,1.0
时,0.0,12.0,0.0,1.0
影响力,0.0,3.0,0.0,1.0
一部分,0.0,6.0,0.0,1.0
二十四,0.0,3.0,0.0,1.0
璀夜,0.0,3.0,0.0,1.0
22,0.0,3.0,0.0,1.0
严厉,0.0,3.0,0.0,1.0
19.68,0.0,9.0,0.0,1.0
管理,0.0,3.0,0.0,1.0
大量,0.0,3.0,0.0,1.0
对象,0.0,3.0,0.0,1.0
开场,0.0,3.0,0.0,1.0
国家标准,0.0,3.0,0.0,1.0
真心,0.0,3.0,0.0,1.0
调研,0.0,12.0,0.0,1.0
欧神诺,0.0,135.0,0.0,1.0
商品,0.0,6.0,0.0,1.0
共,0.0,3.0,0.0,1.0
旗舰店,0.0,3.0,0.0,1.0
使,0.0,3.0,0.0,1.0
利益,0.0,3.0,0.0,1.0
线上,0.0,3.0,0.0,1.0
开市,0.0,9.0,0.0,1.0
求证,0.0,3.0,0.0,1.0
件,0.0,3.0,0.0,1.0
有力,0.0,6.0,0.0,1.0
亮出,0.0,3.0,0.0,1.0
惊艳,0.0,3.0,0.0,1.0
智彩,0.0,6.0,0.0,1.0
且,0.0,15.0,0.0,1.0
提供,0.0,3.0,0.0,1.0
团队,0.0,3.0,0.0,1.0
一步,0.0,3.0,0.0,1.0
近日,0.0,9.0,0.0,1.0
答复,0.0,6.0,0.0,1.0
高增,0.0,3.0,0.0,1.0
化,0.0,6.0,0.0,1.0
情况,0.0,6.0,0.0,1.0
服务,0.0,24.0,0.0,1.0
可以,0.0,3.0,0.0,1.0
主营,0.0,3.0,0.0,1.0
制造,0.0,9.0,0.0,1.0
传播,0.0,3.0,0.0,1.0
本报记者,0.0,3.0,0.0,1.0
小,0.0,6.0,0.0,1.0
愿景,0.0,3.0,0.0,1.0
差别,0.0,3.0,0.0,1.0
日复牌,0.0,3.0,0.0,1.0
交易价格,0.0,3.0,0.0,1.0
之际,0.0,12.0,0.0,1.0
、,0.0,210.0,0.0,1.0
彩,0.0,3.0,0.0,1.0
白马股,0.0,3.0,0.0,1.0
：,0.0,69.0,0.0,1.0
风雨,0.0,3.0,0.0,1.0
打造,0.0,3.0,0.0,1.0
老客户,0.0,3.0,0.0,1.0
剩余,0.0,3.0,0.0,1.0
定期,0.0,3.0,0.0,1.0
真实,0.0,12.0,0.0,1.0
两家,0.0,3.0,0.0,1.0
百搭,0.0,3.0,0.0,1.0
）,0.0,75.0,0.0,1.0
企,0.0,3.0,0.0,1.0
终止,0.0,3.0,0.0,1.0
展示,0.0,3.0,0.0,1.0
投资,0.0,12.0,0.0,1.0
旨在,0.0,3.0,0.0,1.0
渠道,0.0,33.0,0.0,1.0
率先,0.0,3.0,0.0,1.0
8,0.0,12.0,0.0,1.0
形成,0.0,6.0,0.0,1.0
智能,0.0,3.0,0.0,1.0
赢,0.0,3.0,0.0,1.0
体验,0.0,6.0,0.0,1.0
正,0.0,3.0,0.0,1.0
价值,0.0,12.0,0.0,1.0
满意,0.0,3.0,0.0,1.0
能力,0.0,6.0,0.0,1.0
事宜,0.0,9.0,0.0,1.0
枕,0.0,3.0,0.0,1.0
上市,0.0,42.0,0.0,1.0
信息,0.0,6.0,0.0,1.0
后续,0.0,3.0,0.0,1.0
委员会,0.0,6.0,0.0,1.0
影响,0.0,3.0,0.0,1.0
协会,0.0,3.0,0.0,1.0
上半年,0.0,15.0,0.0,1.0
建立,0.0,3.0,0.0,1.0
无不,0.0,3.0,0.0,1.0
做到,0.0,3.0,0.0,1.0
落实,0.0,3.0,0.0,1.0
五年,0.0,3.0,0.0,1.0
一直,0.0,9.0,0.0,1.0
配件,0.0,3.0,0.0,1.0
三板,0.0,9.0,0.0,1.0
国民,0.0,3.0,0.0,1.0
不折不扣,0.0,3.0,0.0,1.0
操作,0.0,3.0,0.0,1.0
坐落于,0.0,3.0,0.0,1.0
五金,0.0,3.0,0.0,1.0
epaper,0.0,3.0,0.0,1.0
出彩,0.0,6.0,0.0,1.0
起,0.0,6.0,0.0,1.0
盛,0.0,3.0,0.0,1.0
精研,0.0,3.0,0.0,1.0
一个,0.0,12.0,0.0,1.0
挂牌,0.0,3.0,0.0,1.0
股本,0.0,24.0,0.0,1.0
om,0.0,3.0,0.0,1.0
没有,0.0,27.0,0.0,1.0
联系,0.0,3.0,0.0,1.0
增价,0.0,6.0,0.0,1.0
漫长,0.0,3.0,0.0,1.0
后市,0.0,3.0,0.0,1.0
摸索,0.0,3.0,0.0,1.0
热情,0.0,3.0,0.0,1.0
文化,0.0,6.0,0.0,1.0
赠送,0.0,6.0,0.0,1.0
晚宴,0.0,3.0,0.0,1.0
220.3,0.0,3.0,0.0,1.0
日晚,0.0,9.0,0.0,1.0
kpic,0.0,3.0,0.0,1.0
现在,0.0,3.0,0.0,1.0
趋势,0.0,3.0,0.0,1.0
凡,0.0,3.0,0.0,1.0
信誉,0.0,3.0,0.0,1.0
业务,0.0,15.0,0.0,1.0
来看,0.0,6.0,0.0,1.0
礼凡,0.0,3.0,0.0,1.0
site1,0.0,3.0,0.0,1.0
属于,0.0,3.0,0.0,1.0
饕餮,0.0,3.0,0.0,1.0
常态,0.0,3.0,0.0,1.0
诚信为本,0.0,3.0,0.0,1.0
产品,0.0,36.0,0.0,1.0
协同效应,0.0,3.0,0.0,1.0
利用,0.0,3.0,0.0,1.0
..,0.0,3.0,0.0,1.0
房地产商,0.0,3.0,0.0,1.0
时代,0.0,3.0,0.0,1.0
新星,0.0,3.0,0.0,1.0
或者,0.0,6.0,0.0,1.0
网站,0.0,3.0,0.0,1.0
近来,0.0,3.0,0.0,1.0
表现,0.0,12.0,0.0,1.0
签订,0.0,3.0,0.0,1.0
品牌,0.0,30.0,0.0,1.0
围绕,0.0,6.0,0.0,1.0
显示,0.0,18.0,0.0,1.0
材质,0.0,3.0,0.0,1.0
礼,0.0,3.0,0.0,1.0
经营报,0.0,3.0,0.0,1.0
签订协议,0.0,3.0,0.0,1.0
精致,0.0,6.0,0.0,1.0
无畏,0.0,3.0,0.0,1.0
跌破,0.0,6.0,0.0,1.0
成长,0.0,3.0,0.0,1.0
佳绩,0.0,3.0,0.0,1.0
之风,0.0,3.0,0.0,1.0
E,0.0,3.0,0.0,1.0
大幅,0.0,3.0,0.0,1.0
交流,0.0,9.0,0.0,1.0
起复牌,0.0,3.0,0.0,1.0
简称,0.0,33.0,0.0,1.0
富家女,0.0,3.0,0.0,1.0
正值,0.0,6.0,0.0,1.0
早间,0.0,3.0,0.0,1.0
征程,0.0,3.0,0.0,1.0
换股,0.0,3.0,0.0,1.0
方案,0.0,15.0,0.0,1.0
响应,0.0,3.0,0.0,1.0
25,0.0,12.0,0.0,1.0
通过,0.0,18.0,0.0,1.0
实际上,0.0,3.0,0.0,1.0
核心,0.0,3.0,0.0,1.0
四川,0.0,33.0,0.0,1.0
应用,0.0,3.0,0.0,1.0
高,0.0,3.0,0.0,1.0
目睹,0.0,3.0,0.0,1.0
进一步,0.0,6.0,0.0,1.0
说明,0.0,6.0,0.0,1.0
比例,0.0,6.0,0.0,1.0
年来,0.0,3.0,0.0,1.0
天生,0.0,3.0,0.0,1.0
6,0.0,42.0,0.0,1.0
97.88,0.0,3.0,0.0,1.0
佼佼者,0.0,3.0,0.0,1.0
四化,0.0,6.0,0.0,1.0
又,0.0,6.0,0.0,1.0
调配,0.0,3.0,0.0,1.0
宣布,0.0,6.0,0.0,1.0
全,0.0,3.0,0.0,1.0
精装,0.0,9.0,0.0,1.0
其,0.0,30.0,0.0,1.0
进行,0.0,15.0,0.0,1.0
98.94,0.0,6.0,0.0,1.0
建材装饰,0.0,3.0,0.0,1.0
点缀,0.0,3.0,0.0,1.0
假设,0.0,3.0,0.0,1.0
发布公告,0.0,3.0,0.0,1.0
流落,0.0,3.0,0.0,1.0
强强,0.0,3.0,0.0,1.0
分别,0.0,24.0,0.0,1.0
精彩,0.0,6.0,0.0,1.0
便,0.0,6.0,0.0,1.0
好礼,0.0,3.0,0.0,1.0
逝去,0.0,3.0,0.0,1.0
41.09,0.0,3.0,0.0,1.0
关于,0.0,18.0,0.0,1.0
临,0.0,3.0,0.0,1.0
欢迎,0.0,3.0,0.0,1.0
模式,0.0,3.0,0.0,1.0
前,0.0,3.0,0.0,1.0
认为,0.0,6.0,0.0,1.0
问答,0.0,6.0,0.0,1.0
年度,0.0,12.0,0.0,1.0
深入,0.0,3.0,0.0,1.0
拟向,0.0,6.0,0.0,1.0
相,0.0,3.0,0.0,1.0
多,0.0,3.0,0.0,1.0
11,0.0,3.0,0.0,1.0
精英,0.0,3.0,0.0,1.0
此番,0.0,6.0,0.0,1.0
倾心,0.0,3.0,0.0,1.0
查看,0.0,3.0,0.0,1.0
业界,0.0,3.0,0.0,1.0
定制,0.0,3.0,0.0,1.0
包括,0.0,12.0,0.0,1.0
9,0.0,12.0,0.0,1.0
1c14,0.0,3.0,0.0,1.0
据,0.0,6.0,0.0,1.0
开盘价,0.0,6.0,0.0,1.0
极为,0.0,3.0,0.0,1.0
8691,0.0,3.0,0.0,1.0
门类,0.0,6.0,0.0,1.0
股,0.0,30.0,0.0,1.0
备受,0.0,3.0,0.0,1.0
办法,0.0,3.0,0.0,1.0
上海,0.0,15.0,0.0,1.0
attpic,0.0,3.0,0.0,1.0
裁员,0.0,6.0,0.0,1.0
生活,0.0,18.0,0.0,1.0
力出,0.0,3.0,0.0,1.0
成员,0.0,6.0,0.0,1.0
合法,0.0,3.0,0.0,1.0
差异化,0.0,3.0,0.0,1.0
福利,0.0,3.0,0.0,1.0
沟通,0.0,3.0,0.0,1.0
誓要,0.0,3.0,0.0,1.0
是否,0.0,6.0,0.0,1.0
事务所,0.0,9.0,0.0,1.0
实施,0.0,12.0,0.0,1.0
资产,0.0,27.0,0.0,1.0
.,0.0,57.0,0.0,1.0
数据,0.0,6.0,0.0,1.0
胡,0.0,3.0,0.0,1.0
国泰君安,0.0,3.0,0.0,1.0
时至今日,0.0,3.0,0.0,1.0
0eb791,0.0,3.0,0.0,1.0
门店,0.0,3.0,0.0,1.0
所料,0.0,3.0,0.0,1.0
不停,0.0,3.0,0.0,1.0
长足进步,0.0,3.0,0.0,1.0
23cb90c1,0.0,3.0,0.0,1.0
缤纷,0.0,3.0,0.0,1.0
去年,0.0,12.0,0.0,1.0
颇为,0.0,3.0,0.0,1.0
前行,0.0,6.0,0.0,1.0
提高,0.0,3.0,0.0,1.0
重组,0.0,9.0,0.0,1.0
再次,0.0,9.0,0.0,1.0
建筑,0.0,9.0,0.0,1.0
宋清辉,0.0,3.0,0.0,1.0
鲜明,0.0,3.0,0.0,1.0
下,0.0,6.0,0.0,1.0
上市公司,0.0,18.0,0.0,1.0
带入,0.0,3.0,0.0,1.0
收入,0.0,6.0,0.0,1.0
马上,0.0,3.0,0.0,1.0
一生,0.0,3.0,0.0,1.0
便是,0.0,3.0,0.0,1.0
当天,0.0,3.0,0.0,1.0
迎娶,0.0,3.0,0.0,1.0
但,0.0,3.0,0.0,1.0
注入,0.0,3.0,0.0,1.0
8556.47,0.0,3.0,0.0,1.0
cfae34e72c2d,0.0,3.0,0.0,1.0
中国证券监督管理委员会,0.0,3.0,0.0,1.0
条件,0.0,3.0,0.0,1.0
蜕变,0.0,3.0,0.0,1.0
卡片,0.0,3.0,0.0,1.0
责任,0.0,3.0,0.0,1.0
不断,0.0,6.0,0.0,1.0
重要,0.0,6.0,0.0,1.0
坚守,0.0,3.0,0.0,1.0
分散,0.0,3.0,0.0,1.0
更加,0.0,3.0,0.0,1.0
分析,0.0,3.0,0.0,1.0
依照,0.0,3.0,0.0,1.0
董事长,0.0,6.0,0.0,1.0
16,0.0,6.0,0.0,1.0
欧神诺均,0.0,3.0,0.0,1.0
行情,0.0,15.0,0.0,1.0
img0,0.0,3.0,0.0,1.0
新,0.0,30.0,0.0,1.0
统一,0.0,6.0,0.0,1.0
至少,0.0,3.0,0.0,1.0
2,0.0,33.0,0.0,1.0
12.55,0.0,3.0,0.0,1.0
特权,0.0,6.0,0.0,1.0
2265.19,0.0,3.0,0.0,1.0
诚意,0.0,3.0,0.0,1.0
稳定,0.0,3.0,0.0,1.0
领导层,0.0,3.0,0.0,1.0
还,0.0,24.0,0.0,1.0
极具,0.0,3.0,0.0,1.0
430707,0.0,3.0,0.0,1.0
甚远,0.0,3.0,0.0,1.0
异动,0.0,3.0,0.0,1.0
焦点,0.0,3.0,0.0,1.0
计划,0.0,15.0,0.0,1.0
之路,0.0,6.0,0.0,1.0
杰出,0.0,3.0,0.0,1.0
酒品,0.0,3.0,0.0,1.0
评级,0.0,3.0,0.0,1.0
达标,0.0,6.0,0.0,1.0
一周年,0.0,18.0,0.0,1.0
紧密,0.0,3.0,0.0,1.0
顶级,0.0,3.0,0.0,1.0
T229,0.0,3.0,0.0,1.0
挽回,0.0,3.0,0.0,1.0
stcn,0.0,3.0,0.0,1.0
铺就,0.0,3.0,0.0,1.0
成交,0.0,3.0,0.0,1.0
敬请,0.0,3.0,0.0,1.0
牌,0.0,3.0,0.0,1.0
50,0.0,3.0,0.0,1.0
帝造,0.0,3.0,0.0,1.0
万股,0.0,15.0,0.0,1.0
登台,0.0,3.0,0.0,1.0
龙头企业,0.0,15.0,0.0,1.0
苏启桃,0.0,3.0,0.0,1.0
品质,0.0,3.0,0.0,1.0
同意,0.0,9.0,0.0,1.0
消费,0.0,3.0,0.0,1.0
发自内心,0.0,3.0,0.0,1.0
新台阶,0.0,3.0,0.0,1.0
上升,0.0,3.0,0.0,1.0
正式,0.0,9.0,0.0,1.0
经,0.0,6.0,0.0,1.0
愿意,0.0,6.0,0.0,1.0
因,0.0,3.0,0.0,1.0
com,0.0,9.0,0.0,1.0
合伙,0.0,6.0,0.0,1.0
5063,0.0,3.0,0.0,1.0
想法,0.0,6.0,0.0,1.0
主要,0.0,3.0,0.0,1.0
参照,0.0,3.0,0.0,1.0
一,0.0,3.0,0.0,1.0
公布,0.0,18.0,0.0,1.0
成绩,0.0,3.0,0.0,1.0
今年,0.0,6.0,0.0,1.0
注重,0.0,6.0,0.0,1.0
大会,0.0,3.0,0.0,1.0
规模,0.0,3.0,0.0,1.0
低位,0.0,3.0,0.0,1.0
半年,0.0,3.0,0.0,1.0
立信,0.0,6.0,0.0,1.0
52.29,0.0,3.0,0.0,1.0
减持,0.0,15.0,0.0,1.0
碰撞,0.0,6.0,0.0,1.0
齐全,0.0,6.0,0.0,1.0
款款,0.0,3.0,0.0,1.0
卫浴,0.0,63.0,0.0,1.0
呈现出,0.0,3.0,0.0,1.0
市值,0.0,3.0,0.0,1.0
缺失,0.0,3.0,0.0,1.0
一孔,0.0,3.0,0.0,1.0
判断,0.0,3.0,0.0,1.0
之神,0.0,3.0,0.0,1.0
知识,0.0,3.0,0.0,1.0
大业,0.0,3.0,0.0,1.0
可,0.0,6.0,0.0,1.0
蜂巢,0.0,3.0,0.0,1.0
基于,0.0,3.0,0.0,1.0
此前,0.0,3.0,0.0,1.0
增,0.0,15.0,0.0,1.0
专业,0.0,3.0,0.0,1.0
日讯,0.0,3.0,0.0,1.0
30,0.0,9.0,0.0,1.0
过来,0.0,3.0,0.0,1.0
满,0.0,6.0,0.0,1.0
全程,0.0,3.0,0.0,1.0
星期四,0.0,6.0,0.0,1.0
资本运作,0.0,3.0,0.0,1.0
系列产品,0.0,15.0,0.0,1.0
总经理,0.0,9.0,0.0,1.0
],0.0,9.0,0.0,1.0
问题,0.0,12.0,0.0,1.0
整场,0.0,3.0,0.0,1.0
深刻,0.0,3.0,0.0,1.0
三季度,0.0,3.0,0.0,1.0
会师,0.0,3.0,0.0,1.0
销售,0.0,3.0,0.0,1.0
转让,0.0,9.0,0.0,1.0
融合,0.0,12.0,0.0,1.0
陈述,0.0,6.0,0.0,1.0
发布,0.0,21.0,0.0,1.0
切入,0.0,6.0,0.0,1.0
拐点,0.0,3.0,0.0,1.0
散落,0.0,3.0,0.0,1.0
系统地,0.0,3.0,0.0,1.0
太大,0.0,3.0,0.0,1.0
以智,0.0,3.0,0.0,1.0
重点,0.0,3.0,0.0,1.0
净利润,0.0,24.0,0.0,1.0
大,0.0,9.0,0.0,1.0
建起,0.0,9.0,0.0,1.0
浴缸,0.0,3.0,0.0,1.0
感谢,0.0,6.0,0.0,1.0
值得,0.0,3.0,0.0,1.0
时间,0.0,9.0,0.0,1.0
回馈,0.0,9.0,0.0,1.0
上届,0.0,3.0,0.0,1.0
四成,0.0,3.0,0.0,1.0
增多,0.0,3.0,0.0,1.0
清楚,0.0,3.0,0.0,1.0
总体,0.0,3.0,0.0,1.0
20x,0.0,3.0,0.0,1.0
brief,0.0,3.0,0.0,1.0
资源整合,0.0,3.0,0.0,1.0
误导性,0.0,3.0,0.0,1.0
推荐,0.0,6.0,0.0,1.0
全体,0.0,6.0,0.0,1.0
舒适,0.0,3.0,0.0,1.0
发行股票,0.0,3.0,0.0,1.0
定增,0.0,3.0,0.0,1.0
773.89,0.0,3.0,0.0,1.0
盛会,0.0,3.0,0.0,1.0
无忧,0.0,3.0,0.0,1.0
洗浴,0.0,6.0,0.0,1.0
如下,0.0,6.0,0.0,1.0
运作,0.0,3.0,0.0,1.0
让,0.0,12.0,0.0,1.0
心机,0.0,3.0,0.0,1.0
抢眼,0.0,3.0,0.0,1.0
下跌,0.0,6.0,0.0,1.0
最大,0.0,3.0,0.0,1.0
累积,0.0,6.0,0.0,1.0
被,0.0,12.0,0.0,1.0
后,0.0,36.0,0.0,1.0
生产,0.0,3.0,0.0,1.0
关注,0.0,3.0,0.0,1.0
呈现,0.0,3.0,0.0,1.0
借助,0.0,6.0,0.0,1.0
多彩,0.0,3.0,0.0,1.0
这一,0.0,3.0,0.0,1.0
记者,0.0,12.0,0.0,1.0
环节,0.0,3.0,0.0,1.0
如今,0.0,6.0,0.0,1.0
最具,0.0,3.0,0.0,1.0
募集,0.0,21.0,0.0,1.0
复牌,0.0,6.0,0.0,1.0
佛山,0.0,3.0,0.0,1.0
格调,0.0,3.0,0.0,1.0
与会,0.0,3.0,0.0,1.0
97.28,0.0,6.0,0.0,1.0
研发,0.0,9.0,0.0,1.0
除了,0.0,6.0,0.0,1.0
指出,0.0,6.0,0.0,1.0
联姻,0.0,3.0,0.0,1.0
资本,0.0,9.0,0.0,1.0
漂亮,0.0,3.0,0.0,1.0
接受,0.0,6.0,0.0,1.0
股东,0.0,54.0,0.0,1.0
已超,0.0,3.0,0.0,1.0
各自,0.0,3.0,0.0,1.0
回顾,0.0,9.0,0.0,1.0
武装,0.0,3.0,0.0,1.0
jrjimg,0.0,3.0,0.0,1.0
空间,0.0,3.0,0.0,1.0
较,0.0,9.0,0.0,1.0
叒,0.0,3.0,0.0,1.0
196,0.0,3.0,0.0,1.0
证券,0.0,27.0,0.0,1.0
批文,0.0,6.0,0.0,1.0
净利,0.0,6.0,0.0,1.0
展台,0.0,3.0,0.0,1.0
值得注意,0.0,6.0,0.0,1.0
元,0.0,42.0,0.0,1.0
之牌,0.0,3.0,0.0,1.0
成就,0.0,3.0,0.0,1.0
采访,0.0,3.0,0.0,1.0
259.1,0.0,3.0,0.0,1.0
神诺,0.0,6.0,0.0,1.0
月份,0.0,9.0,0.0,1.0
月亮,0.0,3.0,0.0,1.0
到,0.0,24.0,0.0,1.0
开发,0.0,3.0,0.0,1.0
IPO,0.0,9.0,0.0,1.0
1.07,0.0,3.0,0.0,1.0
拥有,0.0,3.0,0.0,1.0
安逸,0.0,3.0,0.0,1.0
不久前,0.0,3.0,0.0,1.0
十足,0.0,3.0,0.0,1.0
元后,0.0,3.0,0.0,1.0
举办,0.0,6.0,0.0,1.0
受益,0.0,6.0,0.0,1.0
较远,0.0,3.0,0.0,1.0
去年底,0.0,3.0,0.0,1.0
龙头,0.0,9.0,0.0,1.0
称,0.0,12.0,0.0,1.0
实习,0.0,3.0,0.0,1.0
具体,0.0,6.0,0.0,1.0
二,0.0,3.0,0.0,1.0
鲍杰军,0.0,15.0,0.0,1.0
利于,0.0,3.0,0.0,1.0
能,0.0,6.0,0.0,1.0
彩绘,0.0,12.0,0.0,1.0
6.18,0.0,9.0,0.0,1.0
申请,0.0,9.0,0.0,1.0
中,0.0,30.0,0.0,1.0
日至,0.0,6.0,0.0,1.0
;,0.0,6.0,0.0,1.0
公司股票,0.0,3.0,0.0,1.0
2018,0.0,6.0,0.0,1.0
收到,0.0,3.0,0.0,1.0
高效,0.0,3.0,0.0,1.0
携手,0.0,9.0,0.0,1.0
评审,0.0,6.0,0.0,1.0
百分百,0.0,3.0,0.0,1.0
证监会,0.0,12.0,0.0,1.0
0fe689be4893,0.0,3.0,0.0,1.0
48.50,0.0,3.0,0.0,1.0
3.38,0.0,3.0,0.0,1.0
坐便器,0.0,3.0,0.0,1.0
历经,0.0,6.0,0.0,1.0
持续,0.0,9.0,0.0,1.0
中大促,0.0,15.0,0.0,1.0
《,0.0,9.0,0.0,1.0
5.86,0.0,3.0,0.0,1.0
对此,0.0,6.0,0.0,1.0
引人注目,0.0,3.0,0.0,1.0
41.55,0.0,3.0,0.0,1.0
3000,0.0,3.0,0.0,1.0
体量,0.0,3.0,0.0,1.0
四重,0.0,3.0,0.0,1.0
眼前,0.0,3.0,0.0,1.0
048,0.0,3.0,0.0,1.0
未来,0.0,42.0,0.0,1.0
jykx,0.0,6.0,0.0,1.0
合计,0.0,15.0,0.0,1.0
总,0.0,21.0,0.0,1.0
<,0.0,6.0,0.0,1.0
交易,0.0,21.0,0.0,1.0
快速,0.0,3.0,0.0,1.0
年,0.0,78.0,0.0,1.0
来临,0.0,3.0,0.0,1.0
精美,0.0,3.0,0.0,1.0
生态圈,0.0,3.0,0.0,1.0
帝王,0.0,489.0,0.0,1.0
达到,0.0,3.0,0.0,1.0
凸显,0.0,3.0,0.0,1.0
EPS,0.0,3.0,0.0,1.0
国内,0.0,12.0,0.0,1.0
业绩,0.0,18.0,0.0,1.0
回答,0.0,3.0,0.0,1.0
多年,0.0,3.0,0.0,1.0
到访,0.0,3.0,0.0,1.0
bd18,0.0,3.0,0.0,1.0
跌落,0.0,3.0,0.0,1.0
颜色,0.0,3.0,0.0,1.0
为,0.0,81.0,0.0,1.0
中介机构,0.0,3.0,0.0,1.0
逾,0.0,6.0,0.0,1.0
板块,0.0,9.0,0.0,1.0
周年,0.0,3.0,0.0,1.0
智能化,0.0,3.0,0.0,1.0
相关,0.0,12.0,0.0,1.0
不上,0.0,3.0,0.0,1.0
坐在,0.0,6.0,0.0,1.0
盈利,0.0,3.0,0.0,1.0
■,0.0,3.0,0.0,1.0
喊出,0.0,3.0,0.0,1.0
体系,0.0,12.0,0.0,1.0
称奇,0.0,3.0,0.0,1.0
现,0.0,3.0,0.0,1.0
两用,0.0,3.0,0.0,1.0
赞赏,0.0,3.0,0.0,1.0
双方,0.0,21.0,0.0,1.0
pic430,0.0,3.0,0.0,1.0
向,0.0,30.0,0.0,1.0
逐渐,0.0,9.0,0.0,1.0
消费者,0.0,9.0,0.0,1.0
主题,0.0,12.0,0.0,1.0
LED,0.0,3.0,0.0,1.0
业内人士,0.0,3.0,0.0,1.0
得以,0.0,3.0,0.0,1.0
申请材料,0.0,6.0,0.0,1.0
浴室,0.0,3.0,0.0,1.0
随后,0.0,3.0,0.0,1.0
针对,0.0,3.0,0.0,1.0
跨越,0.0,3.0,0.0,1.0
尚,0.0,3.0,0.0,1.0
在外,0.0,3.0,0.0,1.0
20170626,0.0,6.0,0.0,1.0
陈伟,0.0,21.0,0.0,1.0
给予,0.0,3.0,0.0,1.0
所涉,0.0,3.0,0.0,1.0
002798,0.0,51.0,0.0,1.0
自,0.0,6.0,0.0,1.0
4.70,0.0,3.0,0.0,1.0
洁具,0.0,480.0,0.0,1.0
07,0.0,3.0,0.0,1.0
带,0.0,3.0,0.0,1.0
符合,0.0,3.0,0.0,1.0
预计,0.0,12.0,0.0,1.0
基金,0.0,3.0,0.0,1.0
整个,0.0,6.0,0.0,1.0
24,0.0,6.0,0.0,1.0
维持,0.0,3.0,0.0,1.0
袭,0.0,3.0,0.0,1.0
),0.0,27.0,0.0,1.0
全方位,0.0,3.0,0.0,1.0
国家,0.0,6.0,0.0,1.0
满载,0.0,3.0,0.0,1.0
浴室柜,0.0,3.0,0.0,1.0
成为,0.0,9.0,0.0,1.0
看到,0.0,3.0,0.0,1.0
文件,0.0,3.0,0.0,1.0
企业,0.0,54.0,0.0,1.0
最新,0.0,6.0,0.0,1.0
准确,0.0,9.0,0.0,1.0
目前,0.0,18.0,0.0,1.0
2.78,0.0,3.0,0.0,1.0
特定,0.0,9.0,0.0,1.0
贯彻落实,0.0,3.0,0.0,1.0
2017,0.0,69.0,0.0,1.0
29,0.0,9.0,0.0,1.0
战略,0.0,15.0,0.0,1.0
自筹资金,0.0,3.0,0.0,1.0
以上,0.0,6.0,0.0,1.0
差错,0.0,3.0,0.0,1.0
；,0.0,18.0,0.0,1.0
定,0.0,6.0,0.0,1.0
盛行,0.0,3.0,0.0,1.0
44.40,0.0,3.0,0.0,1.0
感觉,0.0,3.0,0.0,1.0
[,0.0,9.0,0.0,1.0
顺利,0.0,3.0,0.0,1.0
不俗,0.0,3.0,0.0,1.0
23,0.0,12.0,0.0,1.0
下挫,0.0,6.0,0.0,1.0
8.04,0.0,3.0,0.0,1.0
大大,0.0,3.0,0.0,1.0
五成,0.0,9.0,0.0,1.0
china,0.0,3.0,0.0,1.0
之一,0.0,9.0,0.0,1.0
行业龙头,0.0,3.0,0.0,1.0
对应,0.0,3.0,0.0,1.0
家居,0.0,9.0,0.0,1.0
营收,0.0,9.0,0.0,1.0
05,0.0,6.0,0.0,1.0
口号,0.0,6.0,0.0,1.0
早盘,0.0,3.0,0.0,1.0
观点,0.0,3.0,0.0,1.0
朗斯,0.0,3.0,0.0,1.0
炒作,0.0,3.0,0.0,1.0
路,0.0,3.0,0.0,1.0
新低,0.0,3.0,0.0,1.0
评价,0.0,9.0,0.0,1.0
资产重组,0.0,6.0,0.0,1.0
期末,0.0,3.0,0.0,1.0
房,0.0,9.0,0.0,1.0
建材,0.0,3.0,0.0,1.0
看来,0.0,3.0,0.0,1.0
欲,0.0,3.0,0.0,1.0
筹备,0.0,3.0,0.0,1.0
最,0.0,15.0,0.0,1.0
大盘,0.0,3.0,0.0,1.0
顶尖,0.0,3.0,0.0,1.0
能够,0.0,3.0,0.0,1.0
保证,0.0,12.0,0.0,1.0
咂舌,0.0,3.0,0.0,1.0
仍旧,0.0,3.0,0.0,1.0
中证网,0.0,3.0,0.0,1.0
要求,0.0,3.0,0.0,1.0
暨,0.0,12.0,0.0,1.0
位,0.0,12.0,0.0,1.0
诚挚,0.0,3.0,0.0,1.0
bjsb,0.0,3.0,0.0,1.0
报告,0.0,3.0,0.0,1.0
直击,0.0,3.0,0.0,1.0
所处,0.0,3.0,0.0,1.0
祝,0.0,3.0,0.0,1.0
下嫁,0.0,3.0,0.0,1.0
打出,0.0,3.0,0.0,1.0
同时,0.0,15.0,0.0,1.0
一场,0.0,9.0,0.0,1.0
今后,0.0,3.0,0.0,1.0
亿,0.0,9.0,0.0,1.0
utuku,0.0,3.0,0.0,1.0
26,0.0,3.0,0.0,1.0
携,0.0,3.0,0.0,1.0
进入,0.0,9.0,0.0,1.0
必然,0.0,6.0,0.0,1.0
领域,0.0,12.0,0.0,1.0
该,0.0,6.0,0.0,1.0
风息,0.0,3.0,0.0,1.0
四新,0.0,6.0,0.0,1.0
4.5,0.0,3.0,0.0,1.0
触底,0.0,3.0,0.0,1.0
崭新,0.0,3.0,0.0,1.0
锋芒,0.0,3.0,0.0,1.0
代表,0.0,3.0,0.0,1.0
普通,0.0,6.0,0.0,1.0
以来,0.0,9.0,0.0,1.0
二级,0.0,3.0,0.0,1.0
大露,0.0,3.0,0.0,1.0
功能,0.0,3.0,0.0,1.0
内,0.0,6.0,0.0,1.0
上下一心,0.0,3.0,0.0,1.0
令人惊叹,0.0,3.0,0.0,1.0
打造出,0.0,6.0,0.0,1.0
【,0.0,3.0,0.0,1.0
jpg,0.0,12.0,0.0,1.0
12,0.0,9.0,0.0,1.0
嘉宾,0.0,6.0,0.0,1.0
有望,0.0,9.0,0.0,1.0
咖共话,0.0,3.0,0.0,1.0
时尚,0.0,3.0,0.0,1.0
备考,0.0,3.0,0.0,1.0
作为,0.0,18.0,0.0,1.0
实控,0.0,6.0,0.0,1.0
董事会,0.0,15.0,0.0,1.0
竞争,0.0,3.0,0.0,1.0
连续,0.0,3.0,0.0,1.0
截至,0.0,6.0,0.0,1.0
变化,0.0,3.0,0.0,1.0
已经,0.0,9.0,0.0,1.0
持有,0.0,18.0,0.0,1.0
调整,0.0,9.0,0.0,1.0
懂得,0.0,3.0,0.0,1.0
公告,0.0,33.0,0.0,1.0
秉承,0.0,3.0,0.0,1.0
推出,0.0,3.0,0.0,1.0
求真务实,0.0,3.0,0.0,1.0
壮大,0.0,3.0,0.0,1.0
募资,0.0,3.0,0.0,1.0
站,0.0,3.0,0.0,1.0
开启,0.0,3.0,0.0,1.0
采用,0.0,6.0,0.0,1.0
发放,0.0,3.0,0.0,1.0
品牌意识,0.0,3.0,0.0,1.0
支付现金,0.0,24.0,0.0,1.0
已,0.0,6.0,0.0,1.0
知名品牌,0.0,3.0,0.0,1.0
发布会,0.0,15.0,0.0,1.0
哀伤,0.0,3.0,0.0,1.0
可能,0.0,3.0,0.0,1.0
性,0.0,12.0,0.0,1.0
厨卫,0.0,3.0,0.0,1.0
香薰,0.0,6.0,0.0,1.0
回应,0.0,3.0,0.0,1.0
来袭,0.0,3.0,0.0,1.0
根据,0.0,15.0,0.0,1.0
集中度,0.0,3.0,0.0,1.0
升级,0.0,3.0,0.0,1.0
着,0.0,6.0,0.0,1.0
了解,0.0,6.0,0.0,1.0
状况,0.0,3.0,0.0,1.0
2.55,0.0,3.0,0.0,1.0
委托,0.0,3.0,0.0,1.0
年收入,0.0,3.0,0.0,1.0
大众,0.0,3.0,0.0,1.0
花卉,0.0,3.0,0.0,1.0
尤其,0.0,9.0,0.0,1.0
全国,0.0,12.0,0.0,1.0
晚间,0.0,12.0,0.0,1.0
名,0.0,24.0,0.0,1.0
敲钟,0.0,3.0,0.0,1.0
遗漏,0.0,6.0,0.0,1.0
订金,0.0,6.0,0.0,1.0
用心,0.0,3.0,0.0,1.0
自然人,0.0,3.0,0.0,1.0
一致,0.0,9.0,0.0,1.0
最高,0.0,3.0,0.0,1.0
为何,0.0,3.0,0.0,1.0
曲线,0.0,3.0,0.0,1.0
比较,0.0,3.0,0.0,1.0
E1,0.0,3.0,0.0,1.0
中来,0.0,3.0,0.0,1.0
一起,0.0,15.0,0.0,1.0
0.88,0.0,3.0,0.0,1.0
增加,0.0,3.0,0.0,1.0
缅怀,0.0,3.0,0.0,1.0
十大,0.0,9.0,0.0,1.0
黄,0.0,9.0,0.0,1.0
www,0.0,3.0,0.0,1.0
运行,0.0,3.0,0.0,1.0
系统,0.0,3.0,0.0,1.0
更多更好,0.0,3.0,0.0,1.0
配套,0.0,24.0,0.0,1.0
跌幅,0.0,6.0,0.0,1.0
批次,0.0,3.0,0.0,1.0
难题,0.0,3.0,0.0,1.0
~,0.0,6.0,0.0,1.0
距离,0.0,6.0,0.0,1.0
坐不住,0.0,3.0,0.0,1.0
事项,0.0,15.0,0.0,1.0
亚克力,0.0,21.0,0.0,1.0
规定,0.0,9.0,0.0,1.0
卫生洁具,0.0,12.0,0.0,1.0
市场,0.0,21.0,0.0,1.0
督察,0.0,3.0,0.0,1.0
革新,0.0,3.0,0.0,1.0
意见,0.0,9.0,0.0,1.0
宝钟,0.0,3.0,0.0,1.0
强国,0.0,3.0,0.0,1.0
bjbusiness,0.0,3.0,0.0,1.0
并,0.0,27.0,0.0,1.0
半年度,0.0,3.0,0.0,1.0
经济学家,0.0,3.0,0.0,1.0
投资者,0.0,9.0,0.0,1.0
登陆,0.0,3.0,0.0,1.0
在,0.0,114.0,0.0,1.0
处处,0.0,3.0,0.0,1.0
在内,0.0,9.0,0.0,1.0
新品,0.0,3.0,0.0,1.0
19,0.0,6.0,0.0,1.0
永乐,0.0,6.0,0.0,1.0
匹配,0.0,3.0,0.0,1.0
五星级,0.0,3.0,0.0,1.0
信号,0.0,3.0,0.0,1.0
53x,0.0,3.0,0.0,1.0
过会,0.0,6.0,0.0,1.0
户,0.0,6.0,0.0,1.0
完美,0.0,3.0,0.0,1.0
告知,0.0,3.0,0.0,1.0
词,0.0,3.0,0.0,1.0
迈出,0.0,3.0,0.0,1.0
仅为,0.0,6.0,0.0,1.0
36,0.0,3.0,0.0,1.0
宣贯,0.0,3.0,0.0,1.0
孕育出,0.0,3.0,0.0,1.0
整合,0.0,15.0,0.0,1.0
整体,0.0,6.0,0.0,1.0
贵会,0.0,3.0,0.0,1.0
乘风破浪,0.0,3.0,0.0,1.0
开展,0.0,3.0,0.0,1.0
令人,0.0,3.0,0.0,1.0
不仅,0.0,6.0,0.0,1.0
文景,0.0,6.0,0.0,1.0
两,0.0,3.0,0.0,1.0
细分,0.0,6.0,0.0,1.0
售后服务,0.0,9.0,0.0,1.0
提,0.0,3.0,0.0,1.0
一浪接,0.0,3.0,0.0,1.0
水平,0.0,3.0,0.0,1.0
净爽,0.0,3.0,0.0,1.0
强强联合,0.0,6.0,0.0,1.0
误导,0.0,3.0,0.0,1.0
中小,0.0,3.0,0.0,1.0
川企,0.0,3.0,0.0,1.0
/,0.0,111.0,0.0,1.0
辅以,0.0,3.0,0.0,1.0
记载,0.0,9.0,0.0,1.0
国,0.0,3.0,0.0,1.0
业内,0.0,3.0,0.0,1.0
精彩纷呈,0.0,3.0,0.0,1.0
扩张,0.0,3.0,0.0,1.0
们,0.0,3.0,0.0,1.0
半年报,0.0,9.0,0.0,1.0
积累,0.0,3.0,0.0,1.0
荣登,0.0,3.0,0.0,1.0
40,0.0,6.0,0.0,1.0
布局,0.0,12.0,0.0,1.0
一家,0.0,3.0,0.0,1.0
首次,0.0,6.0,0.0,1.0
演绎,0.0,3.0,0.0,1.0
09,0.0,3.0,0.0,1.0
像是,0.0,3.0,0.0,1.0
自身,0.0,6.0,0.0,1.0
著名,0.0,3.0,0.0,1.0
买入,0.0,3.0,0.0,1.0
小型,0.0,3.0,0.0,1.0
色彩,0.0,42.0,0.0,1.0
串联,0.0,3.0,0.0,1.0
1.92,0.0,3.0,0.0,1.0
此时,0.0,3.0,0.0,1.0
已现,0.0,3.0,0.0,1.0
北京,0.0,3.0,0.0,1.0
3,0.0,6.0,0.0,1.0
共同,0.0,9.0,0.0,1.0
好,0.0,3.0,0.0,1.0
诶,0.0,3.0,0.0,1.0
最新消息,0.0,9.0,0.0,1.0
惟一,0.0,3.0,0.0,1.0
5.1,0.0,3.0,0.0,1.0
作品,0.0,3.0,0.0,1.0
活动,0.0,6.0,0.0,1.0
磨砺,0.0,3.0,0.0,1.0
见证,0.0,9.0,0.0,1.0
摘要,0.0,3.0,0.0,1.0
客户,0.0,15.0,0.0,1.0
举行,0.0,3.0,0.0,1.0
扁平化,0.0,3.0,0.0,1.0
国际,0.0,9.0,0.0,1.0
集中,0.0,3.0,0.0,1.0
d83c8bdb,0.0,3.0,0.0,1.0
蛇吞象,0.0,3.0,0.0,1.0
控制,0.0,18.0,0.0,1.0
前瞻性,0.0,3.0,0.0,1.0
一位,0.0,3.0,0.0,1.0
跌下来,0.0,3.0,0.0,1.0
帮助,0.0,3.0,0.0,1.0
具有,0.0,3.0,0.0,1.0
1000,0.0,3.0,0.0,1.0
核准,0.0,6.0,0.0,1.0
60,0.0,3.0,0.0,1.0
瓷砖,0.0,9.0,0.0,1.0
净资产,0.0,3.0,0.0,1.0
为什么,0.0,3.0,0.0,1.0
审核,0.0,3.0,0.0,1.0
下滑,0.0,3.0,0.0,1.0
介绍,0.0,3.0,0.0,1.0
巩固,0.0,3.0,0.0,1.0
手环,0.0,3.0,0.0,1.0
年底,0.0,6.0,0.0,1.0
取得,0.0,6.0,0.0,1.0
展上,0.0,3.0,0.0,1.0
始终,0.0,6.0,0.0,1.0
将会,0.0,3.0,0.0,1.0
马克杯,0.0,3.0,0.0,1.0
尽可能,0.0,3.0,0.0,1.0
!,0.0,27.0,0.0,1.0
盛惠,0.0,6.0,0.0,1.0
收盘,0.0,3.0,0.0,1.0
对于,0.0,12.0,0.0,1.0
涉及,0.0,6.0,0.0,1.0
早,0.0,6.0,0.0,1.0
信心,0.0,3.0,0.0,1.0
4.55,0.0,3.0,0.0,1.0
逐项,0.0,3.0,0.0,1.0
一浪,0.0,3.0,0.0,1.0
IMAGE,0.0,6.0,0.0,1.0
讯,0.0,12.0,0.0,1.0
（,0.0,78.0,0.0,1.0
将,0.0,42.0,0.0,1.0
之情,0.0,3.0,0.0,1.0
随着,0.0,3.0,0.0,1.0
A股,0.0,3.0,0.0,1.0
赌场,0.0,3.0,0.0,1.0
研究,0.0,3.0,0.0,1.0
财富网,0.0,6.0,0.0,1.0
会同,0.0,3.0,0.0,1.0
所,0.0,3.0,0.0,1.0
荣膺,0.0,3.0,0.0,1.0
微,0.0,3.0,0.0,1.0
近年来,0.0,3.0,0.0,1.0
智造,0.0,12.0,0.0,1.0
秉持着,0.0,3.0,0.0,1.0
6581.9,0.0,3.0,0.0,1.0
优势,0.0,3.0,0.0,1.0
上,0.0,24.0,0.0,1.0
http,0.0,9.0,0.0,1.0
零售,0.0,3.0,0.0,1.0
由,0.0,9.0,0.0,1.0
披露,0.0,18.0,0.0,1.0
51.99,0.0,3.0,0.0,1.0
承诺,0.0,6.0,0.0,1.0
发行,0.0,66.0,0.0,1.0
特别,0.0,6.0,0.0,1.0
老板,0.0,3.0,0.0,1.0
cn,0.0,6.0,0.0,1.0
收盘价,0.0,6.0,0.0,1.0
含光,0.0,6.0,0.0,1.0
再创,0.0,3.0,0.0,1.0
设计,0.0,6.0,0.0,1.0
独树一帜,0.0,3.0,0.0,1.0
日趋,0.0,3.0,0.0,1.0
并购,0.0,33.0,0.0,1.0
均,0.0,12.0,0.0,1.0
等,0.0,42.0,0.0,1.0
成功,0.0,6.0,0.0,1.0
D15,0.0,3.0,0.0,1.0
代码,0.0,9.0,0.0,1.0
修订稿,0.0,3.0,0.0,1.0
有些,0.0,3.0,0.0,1.0
尽享,0.0,3.0,0.0,1.0
专注,0.0,6.0,0.0,1.0
步步,0.0,3.0,0.0,1.0
陈家,0.0,3.0,0.0,1.0
宗旨,0.0,3.0,0.0,1.0
淋浴房,0.0,6.0,0.0,1.0
8803.38,0.0,3.0,0.0,1.0
最高点,0.0,9.0,0.0,1.0
－,0.0,3.0,0.0,1.0
实在,0.0,3.0,0.0,1.0
因素,0.0,3.0,0.0,1.0
更为,0.0,3.0,0.0,1.0
一路,0.0,3.0,0.0,1.0
套,0.0,3.0,0.0,1.0
皆,0.0,3.0,0.0,1.0
同花顺,0.0,3.0,0.0,1.0
经营效果,0.0,6.0,0.0,1.0
尚未,0.0,3.0,0.0,1.0
18.13,0.0,3.0,0.0,1.0
战略目标,0.0,3.0,0.0,1.0
股票,0.0,3.0,0.0,1.0
分享,0.0,3.0,0.0,1.0
店,0.0,3.0,0.0,1.0
刘进,0.0,21.0,0.0,1.0
于,0.0,21.0,0.0,1.0
材料,0.0,6.0,0.0,1.0
一年,0.0,9.0,0.0,1.0
制定,0.0,3.0,0.0,1.0
友好,0.0,3.0,0.0,1.0
能否,0.0,3.0,0.0,1.0
借欧,0.0,3.0,0.0,1.0
视野,0.0,3.0,0.0,1.0
完善,0.0,3.0,0.0,1.0
以,0.0,30.0,0.0,1.0
本次,0.0,21.0,0.0,1.0
巧合,0.0,3.0,0.0,1.0
收购,0.0,33.0,0.0,1.0
39.19,0.0,3.0,0.0,1.0
营,0.0,3.0,0.0,1.0
九鼎,0.0,18.0,0.0,1.0
7249.84,0.0,3.0,0.0,1.0
诺安,0.0,3.0,0.0,1.0
PE,0.0,3.0,0.0,1.0
购买,0.0,57.0,0.0,1.0
这些,0.0,3.0,0.0,1.0
惠来,0.0,3.0,0.0,1.0
扬新帆,0.0,3.0,0.0,1.0
法律,0.0,6.0,0.0,1.0
实现,0.0,36.0,0.0,1.0
综合,0.0,3.0,0.0,1.0
理念,0.0,9.0,0.0,1.0
魔方,0.0,3.0,0.0,1.0
上涨,0.0,3.0,0.0,1.0
是,0.0,66.0,0.0,1.0
变革,0.0,3.0,0.0,1.0
房地产,0.0,3.0,0.0,1.0
喜爱,0.0,3.0,0.0,1.0
拟,0.0,12.0,0.0,1.0
ZD020,0.0,3.0,0.0,1.0
人拟,0.0,3.0,0.0,1.0
演变史,0.0,3.0,0.0,1.0
必将,0.0,3.0,0.0,1.0
标志,0.0,3.0,0.0,1.0
52,0.0,9.0,0.0,1.0
>,0.0,21.0,0.0,1.0
家装,0.0,3.0,0.0,1.0
规划,0.0,3.0,0.0,1.0
原欧,0.0,3.0,0.0,1.0
远远,0.0,3.0,0.0,1.0
天猫,0.0,3.0,0.0,1.0
处于,0.0,3.0,0.0,1.0
结合,0.0,3.0,0.0,1.0
百分之百,0.0,3.0,0.0,1.0
 ,0.0,147.0,0.0,1.0
深圳证券交易所,0.0,3.0,0.0,1.0
会计,0.0,6.0,0.0,1.0
届,0.0,3.0,0.0,1.0
方面,0.0,21.0,0.0,1.0
网,0.0,3.0,0.0,1.0
出现,0.0,3.0,0.0,1.0
更正,0.0,6.0,0.0,1.0
诉求,0.0,3.0,0.0,1.0
eb79,0.0,3.0,0.0,1.0
经营,0.0,9.0,0.0,1.0
付款,0.0,3.0,0.0,1.0
尽力,0.0,3.0,0.0,1.0
·,0.0,9.0,0.0,1.0
大礼,0.0,3.0,0.0,1.0
SRC,0.0,9.0,0.0,1.0
品类,0.0,3.0,0.0,1.0
地,0.0,6.0,0.0,1.0
相比,0.0,3.0,0.0,1.0
行业,0.0,18.0,0.0,1.0
完整,0.0,12.0,0.0,1.0
20,0.0,27.0,0.0,1.0
比,0.0,3.0,0.0,1.0
虚假,0.0,9.0,0.0,1.0
中信,0.0,3.0,0.0,1.0
有限公司,0.0,39.0,0.0,1.0
　,0.0,105.0,0.0,1.0
期待,0.0,6.0,0.0,1.0
抱,0.0,3.0,0.0,1.0
1.77,0.0,3.0,0.0,1.0
4ec1,0.0,3.0,0.0,1.0
王牌,0.0,3.0,0.0,1.0
之外,0.0,3.0,0.0,1.0
元及,0.0,3.0,0.0,1.0
吴志雄,0.0,21.0,0.0,1.0
个,0.0,6.0,0.0,1.0
独具匠心,0.0,3.0,0.0,1.0
预,0.0,3.0,0.0,1.0
参与,0.0,6.0,0.0,1.0
全新,0.0,6.0,0.0,1.0
积极,0.0,3.0,0.0,1.0
真诚,0.0,6.0,0.0,1.0
扫码,0.0,3.0,0.0,1.0
100,0.0,6.0,0.0,1.0
秘书长,0.0,3.0,0.0,1.0
展览,0.0,3.0,0.0,1.0
折服,0.0,3.0,0.0,1.0
2526.55,0.0,3.0,0.0,1.0
接待,0.0,3.0,0.0,1.0
刘凯,0.0,9.0,0.0,1.0
pngdata,0.0,3.0,0.0,1.0
公告日,0.0,3.0,0.0,1.0
特殊,0.0,6.0,0.0,1.0
憧憬,0.0,3.0,0.0,1.0
回复,0.0,3.0,0.0,1.0
万元,0.0,33.0,0.0,1.0
洞悉,0.0,3.0,0.0,1.0
_,0.0,12.0,0.0,1.0
实力,0.0,6.0,0.0,1.0
色之夜,0.0,3.0,0.0,1.0
达成,0.0,3.0,0.0,1.0
资源,0.0,18.0,0.0,1.0
之后,0.0,9.0,0.0,1.0
监督管理,0.0,3.0,0.0,1.0
展会,0.0,9.0,0.0,1.0
强化,0.0,3.0,0.0,1.0
激动人心,0.0,3.0,0.0,1.0
砥砺,0.0,6.0,0.0,1.0
个股,0.0,6.0,0.0,1.0
业内外,0.0,3.0,0.0,1.0
科技,0.0,9.0,0.0,1.0
指定,0.0,3.0,0.0,1.0
加持,0.0,3.0,0.0,1.0
2413,0.0,6.0,0.0,1.0
相对,0.0,3.0,0.0,1.0
全体成员,0.0,3.0,0.0,1.0
机构,0.0,18.0,0.0,1.0
证券网,0.0,6.0,0.0,1.0
跌去,0.0,6.0,0.0,1.0
理由,0.0,3.0,0.0,1.0
为主,0.0,3.0,0.0,1.0
公开,0.0,3.0,0.0,1.0
平台,0.0,3.0,0.0,1.0
旺,0.0,3.0,0.0,1.0
%,0.0,132.0,0.0,1.0
国金,0.0,3.0,0.0,1.0
亿总,0.0,3.0,0.0,1.0
毫无疑问,0.0,3.0,0.0,1.0
放送,0.0,3.0,0.0,1.0
1.61,0.0,3.0,0.0,1.0
诠释,0.0,3.0,0.0,1.0
尾巴,0.0,3.0,0.0,1.0
(,0.0,27.0,0.0,1.0
剩下,0.0,3.0,0.0,1.0
在于,0.0,3.0,0.0,1.0
刘凯称,0.0,3.0,0.0,1.0
更,0.0,15.0,0.0,1.0
如何,0.0,21.0,0.0,1.0
1.15,0.0,12.0,0.0,1.0
未,0.0,12.0,0.0,1.0
1,0.0,36.0,0.0,1.0
表示,0.0,12.0,0.0,1.0
信,0.0,3.0,0.0,1.0
传达,0.0,9.0,0.0,1.0
南财,0.0,3.0,0.0,1.0
以及,0.0,18.0,0.0,1.0
SZ,0.0,3.0,0.0,1.0
552x0,0.0,6.0,0.0,1.0
法规,0.0,6.0,0.0,1.0
申报,0.0,3.0,0.0,1.0
比近,0.0,3.0,0.0,1.0
14,0.0,3.0,0.0,1.0
感,0.0,3.0,0.0,1.0
0.56,0.0,3.0,0.0,1.0
第,0.0,6.0,0.0,1.0
数量,0.0,3.0,0.0,1.0
证,0.0,3.0,0.0,1.0
小时,0.0,3.0,0.0,1.0
证券时报,0.0,6.0,0.0,1.0
公司,0.0,111.0,0.0,1.0
实效,0.0,3.0,0.0,1.0
拟以,0.0,12.0,0.0,1.0
川派,0.0,6.0,0.0,1.0
借此机会,0.0,3.0,0.0,1.0
号,0.0,3.0,0.0,1.0
亦,0.0,3.0,0.0,1.0
5.26,0.0,3.0,0.0,1.0
-,0.0,45.0,0.0,1.0
合并,0.0,3.0,0.0,1.0
导购,0.0,3.0,0.0,1.0
创,0.0,6.0,0.0,1.0
看,0.0,3.0,0.0,1.0
合作,0.0,12.0,0.0,1.0
协同,0.0,18.0,0.0,1.0
提升,0.0,6.0,0.0,1.0
参展,0.0,6.0,0.0,1.0
探索,0.0,3.0,0.0,1.0
