之上,0.0,3.0,0.0,1.0
触及,0.0,6.0,0.0,1.0
累积,0.0,6.0,0.0,1.0
停下,0.0,3.0,0.0,1.0
问世,0.0,3.0,0.0,1.0
广大,0.0,3.0,0.0,1.0
买下来,0.0,3.0,0.0,1.0
假期,0.0,24.0,0.0,1.0
…,3.0,0.0,1.0,0.0
预警线,0.0,18.0,0.0,1.0
值钱,0.0,3.0,0.0,1.0
及其,0.0,3.0,0.0,1.0
意欲何为,0.0,3.0,0.0,1.0
14.45,0.0,6.0,0.0,1.0
购物单,0.0,3.0,0.0,1.0
完成,0.0,51.0,0.0,1.0
招来,0.0,3.0,0.0,1.0
创意,0.0,48.0,0.0,1.0
而来,0.0,3.0,0.0,1.0
诸暨,0.0,183.0,0.0,1.0
取决于,0.0,3.0,0.0,1.0
16.52,0.0,3.0,0.0,1.0
同比,0.0,39.0,0.0,1.0
控制权,0.0,3.0,0.0,1.0
赵锐,0.0,33.0,0.0,1.0
凭,0.0,3.0,0.0,1.0
法,0.0,3.0,0.0,1.0
玩得,0.0,3.0,0.0,1.0
不久前,0.0,3.0,0.0,1.0
【,0.0,6.0,0.0,1.0
除却,0.0,6.0,0.0,1.0
商业区,0.0,6.0,0.0,1.0
此次,0.0,120.0,0.0,1.0
一向,0.0,6.0,0.0,1.0
中国,0.0,6.0,0.0,1.0
查询,0.0,6.0,0.0,1.0
余份,0.0,6.0,0.0,1.0
:,0.0,51.0,0.0,1.0
持股,0.0,48.0,0.0,1.0
提示,0.0,6.0,0.0,1.0
发挥,0.0,3.0,0.0,1.0
刊发,0.0,6.0,0.0,1.0
现金交易,0.0,9.0,0.0,1.0
2013,0.0,6.0,0.0,1.0
保养,0.0,6.0,0.0,1.0
消费者,0.0,3.0,0.0,1.0
春之声,0.0,24.0,0.0,1.0
资本,0.0,15.0,0.0,1.0
继续,0.0,15.0,0.0,1.0
实际,0.0,24.0,0.0,1.0
至,0.0,21.0,0.0,1.0
监事会,0.0,6.0,0.0,1.0
综合性,0.0,3.0,0.0,1.0
为此,0.0,6.0,0.0,1.0
感叹,0.0,3.0,0.0,1.0
顾长卫,0.0,21.0,0.0,1.0
承压,0.0,6.0,0.0,1.0
文章,0.0,12.0,0.0,1.0
标准,0.0,6.0,0.0,1.0
对象,0.0,6.0,0.0,1.0
÷,0.0,3.0,0.0,1.0
浮亏,0.0,6.0,0.0,1.0
利益,0.0,12.0,0.0,1.0
加码,0.0,3.0,0.0,1.0
孙志华,0.0,6.0,0.0,1.0
成,0.0,6.0,0.0,1.0
增持,0.0,108.0,0.0,1.0
人来,0.0,3.0,0.0,1.0
收益权,0.0,6.0,0.0,1.0
侃侃而谈,0.0,3.0,0.0,1.0
程度,0.0,3.0,0.0,1.0
表述,0.0,12.0,0.0,1.0
目的地,0.0,3.0,0.0,1.0
214.9,0.0,3.0,0.0,1.0
地方,1.0,0.0,1.0,0.0
10,3.0,33.0,0.08333333333333333,0.9166666666666666
80,0.0,6.0,0.0,1.0
65,0.0,3.0,0.0,1.0
摄影,3.0,3.0,0.5,0.5
场地,0.0,12.0,0.0,1.0
股份,0.0,156.0,0.0,1.0
由此,0.0,3.0,0.0,1.0
亿元,0.0,230.0,0.0,1.0
实质,0.0,12.0,0.0,1.0
出,0.0,6.0,0.0,1.0
单薄,0.0,3.0,0.0,1.0
当月,0.0,3.0,0.0,1.0
来自,0.0,15.0,0.0,1.0
D02,0.0,3.0,0.0,1.0
获,0.0,6.0,0.0,1.0
建成,4.0,0.0,1.0,0.0
90,0.0,12.0,0.0,1.0
形式,0.0,9.0,0.0,1.0
会涨,0.0,3.0,0.0,1.0
财产,0.0,6.0,0.0,1.0
金额,0.0,6.0,0.0,1.0
fileupload,0.0,18.0,0.0,1.0
费用,0.0,3.0,0.0,1.0
84.54,0.0,6.0,0.0,1.0
不远处,0.0,3.0,0.0,1.0
电视剧,0.0,30.0,0.0,1.0
精品,0.0,6.0,0.0,1.0
现金支付,0.0,6.0,0.0,1.0
年末,0.0,3.0,0.0,1.0
经过,0.0,12.0,0.0,1.0
住宿服务,0.0,3.0,0.0,1.0
总金额,0.0,12.0,0.0,1.0
较,0.0,24.0,0.0,1.0
播出,0.0,3.0,0.0,1.0
梦幻岛,3.0,0.0,1.0,0.0
直属,0.0,3.0,0.0,1.0
发出,0.0,12.0,0.0,1.0
影视城,14.0,159.0,0.08092485549132948,0.9190751445086706
月底,0.0,6.0,0.0,1.0
反哺,0.0,3.0,0.0,1.0
期间,0.0,21.0,0.0,1.0
5.97,0.0,3.0,0.0,1.0
png,0.0,12.0,0.0,1.0
7,21.0,27.0,0.4375,0.5625
四海一家,0.0,24.0,0.0,1.0
全体,0.0,21.0,0.0,1.0
还是,0.0,18.0,0.0,1.0
归母,0.0,9.0,0.0,1.0
影视文化,0.0,9.0,0.0,1.0
还有,0.0,18.0,0.0,1.0
】,0.0,6.0,0.0,1.0
室内外,3.0,0.0,1.0,0.0
买进,0.0,3.0,0.0,1.0
条,0.0,9.0,0.0,1.0
对以,0.0,6.0,0.0,1.0
探访,0.0,18.0,0.0,1.0
不到,0.0,12.0,0.0,1.0
59.35,0.0,6.0,0.0,1.0
发展,0.0,81.0,0.0,1.0
两起,0.0,3.0,0.0,1.0
内核,0.0,3.0,0.0,1.0
从,3.0,45.0,0.0625,0.9375
50,0.0,18.0,0.0,1.0
大量,0.0,12.0,0.0,1.0
=,0.0,48.0,0.0,1.0
骆王琴,0.0,6.0,0.0,1.0
46f2b16c7bc4f9d0f3bef858de427989,0.0,3.0,0.0,1.0
式,0.0,3.0,0.0,1.0
+,0.0,3.0,0.0,1.0
目的,0.0,24.0,0.0,1.0
1000,0.0,6.0,0.0,1.0
进展,0.0,6.0,0.0,1.0
押宝,0.0,9.0,0.0,1.0
送客,0.0,9.0,0.0,1.0
身上,0.0,3.0,0.0,1.0
倡议书,0.0,18.0,0.0,1.0
幅度,0.0,6.0,0.0,1.0
方对,0.0,6.0,0.0,1.0
总资产,0.0,9.0,0.0,1.0
担保,0.0,3.0,0.0,1.0
随后,0.0,12.0,0.0,1.0
20170620,0.0,6.0,0.0,1.0
资金,0.0,33.0,0.0,1.0
消息,0.0,9.0,0.0,1.0
现场,0.0,18.0,0.0,1.0
东方龙,0.0,15.0,0.0,1.0
研究院,0.0,3.0,0.0,1.0
都,0.0,15.0,0.0,1.0
1.83,0.0,6.0,0.0,1.0
解锁,0.0,6.0,0.0,1.0
如何,0.0,6.0,0.0,1.0
承担,0.0,6.0,0.0,1.0
近,0.0,12.0,0.0,1.0
设立,0.0,3.0,0.0,1.0
脚步,0.0,3.0,0.0,1.0
多少,0.0,3.0,0.0,1.0
较近,0.0,3.0,0.0,1.0
加强,0.0,6.0,0.0,1.0
互动,0.0,6.0,0.0,1.0
营销,0.0,21.0,0.0,1.0
首期,0.0,3.0,0.0,1.0
颓势,0.0,3.0,0.0,1.0
花,0.0,9.0,0.0,1.0
为准,0.0,6.0,0.0,1.0
u,0.0,18.0,0.0,1.0
旅行社,0.0,342.0,0.0,1.0
采访,0.0,15.0,0.0,1.0
一批,3.0,0.0,1.0,0.0
水上,6.0,0.0,1.0,0.0
超过,0.0,59.0,0.0,1.0
是否,0.0,30.0,0.0,1.0
一方面,0.0,6.0,0.0,1.0
外延,0.0,3.0,0.0,1.0
超,0.0,9.0,0.0,1.0
按,0.0,6.0,0.0,1.0
账面,0.0,3.0,0.0,1.0
低于,0.0,39.0,0.0,1.0
给出,0.0,3.0,0.0,1.0
租赁,0.0,3.0,0.0,1.0
方式,0.0,51.0,0.0,1.0
代表,0.0,9.0,0.0,1.0
英雄,0.0,6.0,0.0,1.0
比仅,0.0,3.0,0.0,1.0
借壳上市,0.0,21.0,0.0,1.0
率,0.0,15.0,0.0,1.0
当期,0.0,6.0,0.0,1.0
公示,0.0,6.0,0.0,1.0
融资,0.0,3.0,0.0,1.0
行动,0.0,3.0,0.0,1.0
增长,0.0,24.0,0.0,1.0
往往,0.0,6.0,0.0,1.0
两成,0.0,3.0,0.0,1.0
fb01db39d5c2460b55e9398c76d45d4e,0.0,3.0,0.0,1.0
韩伟,0.0,3.0,0.0,1.0
北京大学,0.0,3.0,0.0,1.0
早就,0.0,3.0,0.0,1.0
蒙上,0.0,6.0,0.0,1.0
 ,31.0,456.0,0.06365503080082136,0.9363449691991786
提交,0.0,3.0,0.0,1.0
KONG,0.0,6.0,0.0,1.0
承载,0.0,3.0,0.0,1.0
资料,0.0,3.0,0.0,1.0
范畴,0.0,3.0,0.0,1.0
会计师,0.0,3.0,0.0,1.0
保护,3.0,0.0,1.0,0.0
显得,0.0,3.0,0.0,1.0
世茂有,0.0,6.0,0.0,1.0
2871,0.0,3.0,0.0,1.0
之类,0.0,3.0,0.0,1.0
投资决策,0.0,6.0,0.0,1.0
周满华,0.0,6.0,0.0,1.0
部分,0.0,69.0,0.0,1.0
_,0.0,15.0,0.0,1.0
先前,0.0,3.0,0.0,1.0
m,0.0,9.0,0.0,1.0
开门,3.0,0.0,1.0,0.0
6023.41,0.0,3.0,0.0,1.0
买股,0.0,3.0,0.0,1.0
》,0.0,114.0,0.0,1.0
节奏,0.0,3.0,0.0,1.0
拍摄,0.0,18.0,0.0,1.0
共有,0.0,3.0,0.0,1.0
现有,0.0,3.0,0.0,1.0
6.56,0.0,6.0,0.0,1.0
诸多方面,0.0,3.0,0.0,1.0
~,0.0,48.0,0.0,1.0
报告书,0.0,3.0,0.0,1.0
缺少,0.0,6.0,0.0,1.0
资产重组,0.0,15.0,0.0,1.0
3448,0.0,6.0,0.0,1.0
日报,1.0,6.0,0.14285714285714285,0.8571428571428571
定好,0.0,3.0,0.0,1.0
接下来,0.0,3.0,0.0,1.0
总额,0.0,9.0,0.0,1.0
不停,0.0,3.0,0.0,1.0
会,0.0,45.0,0.0,1.0
拥有,0.0,9.0,0.0,1.0
设,0.0,6.0,0.0,1.0
推动,0.0,3.0,0.0,1.0
先后,0.0,3.0,0.0,1.0
沈,0.0,3.0,0.0,1.0
主动,0.0,6.0,0.0,1.0
又,0.0,27.0,0.0,1.0
八大,0.0,3.0,0.0,1.0
拓展,3.0,27.0,0.1,0.9
估算,0.0,12.0,0.0,1.0
股权,0.0,281.0,0.0,1.0
宏宝后,0.0,3.0,0.0,1.0
反映,0.0,3.0,0.0,1.0
5,0.0,87.0,0.0,1.0
基本面,0.0,3.0,0.0,1.0
差异性,0.0,3.0,0.0,1.0
baeaa56c6940f448,0.0,3.0,0.0,1.0
收支,0.0,3.0,0.0,1.0
300291,0.0,3.0,0.0,1.0
加入,0.0,6.0,0.0,1.0
150,0.0,6.0,0.0,1.0
开始,0.0,15.0,0.0,1.0
d0a3a1e0f8e2174a,0.0,3.0,0.0,1.0
关联,0.0,54.0,0.0,1.0
5.45,0.0,3.0,0.0,1.0
对,0.0,81.0,0.0,1.0
1.1342,0.0,6.0,0.0,1.0
故,0.0,9.0,0.0,1.0
完全,0.0,6.0,0.0,1.0
长达,0.0,3.0,0.0,1.0
外,0.0,33.0,0.0,1.0
月,27.0,327.0,0.07627118644067797,0.923728813559322
款项,0.0,3.0,0.0,1.0
人,1.0,69.0,0.014285714285714285,0.9857142857142858
商报讯,0.0,3.0,0.0,1.0
两次,0.0,6.0,0.0,1.0
此,0.0,3.0,0.0,1.0
国旅,0.0,18.0,0.0,1.0
看起来,0.0,6.0,0.0,1.0
顾桂新,0.0,6.0,0.0,1.0
影视剧,0.0,21.0,0.0,1.0
收益,0.0,9.0,0.0,1.0
报道,0.0,21.0,0.0,1.0
相应,0.0,6.0,0.0,1.0
曾,0.0,30.0,0.0,1.0
洪丽媛,0.0,6.0,0.0,1.0
亿股,0.0,12.0,0.0,1.0
12,0.0,66.0,0.0,1.0
热门,0.0,9.0,0.0,1.0
诊股,0.0,9.0,0.0,1.0
75,0.0,6.0,0.0,1.0
实景,0.0,129.0,0.0,1.0
持续增长,0.0,3.0,0.0,1.0
—,0.0,6.0,0.0,1.0
以下,0.0,39.0,0.0,1.0
河北,0.0,21.0,0.0,1.0
靠拢,0.0,3.0,0.0,1.0
分为,0.0,3.0,0.0,1.0
99.45,0.0,12.0,0.0,1.0
想,0.0,9.0,0.0,1.0
18,0.0,9.0,0.0,1.0
宓强,0.0,6.0,0.0,1.0
若因,0.0,6.0,0.0,1.0
总营,0.0,3.0,0.0,1.0
解读,0.0,6.0,0.0,1.0
拟,0.0,48.0,0.0,1.0
提高,0.0,27.0,0.0,1.0
种种,0.0,6.0,0.0,1.0
控股,0.0,42.0,0.0,1.0
在内,0.0,6.0,0.0,1.0
增长点,0.0,3.0,0.0,1.0
aperdata,0.0,3.0,0.0,1.0
很少,0.0,6.0,0.0,1.0
其中,0.0,39.0,0.0,1.0
堪忧,0.0,6.0,0.0,1.0
两个,0.0,12.0,0.0,1.0
有何,0.0,3.0,0.0,1.0
着实,0.0,6.0,0.0,1.0
01,0.0,3.0,0.0,1.0
待,0.0,12.0,0.0,1.0
正是,0.0,3.0,0.0,1.0
先生,0.0,3.0,0.0,1.0
17040.24,0.0,6.0,0.0,1.0
风,0.0,3.0,0.0,1.0
事务,0.0,6.0,0.0,1.0
几率,0.0,3.0,0.0,1.0
缺乏,0.0,12.0,0.0,1.0
2016,0.0,165.0,0.0,1.0
刚满,0.0,3.0,0.0,1.0
支付,0.0,15.0,0.0,1.0
重大,0.0,18.0,0.0,1.0
日后,0.0,3.0,0.0,1.0
签署,0.0,6.0,0.0,1.0
刺激,0.0,3.0,0.0,1.0
考虑,0.0,6.0,0.0,1.0
做好,0.0,3.0,0.0,1.0
有没有,0.0,6.0,0.0,1.0
作价,0.0,3.0,0.0,1.0
增强,0.0,15.0,0.0,1.0
VGVjaFdlYgtsaytsay,0.0,3.0,0.0,1.0
城,6.0,9.0,0.4,0.6
3.4025,0.0,6.0,0.0,1.0
很小,0.0,6.0,0.0,1.0
夸大,0.0,3.0,0.0,1.0
跨界,0.0,3.0,0.0,1.0
办法,0.0,3.0,0.0,1.0
1.82,0.0,6.0,0.0,1.0
之,0.0,6.0,0.0,1.0
显然,0.0,6.0,0.0,1.0
农民,0.0,6.0,0.0,1.0
以定,0.0,6.0,0.0,1.0
28.07,0.0,6.0,0.0,1.0
产业,0.0,18.0,0.0,1.0
2.94,0.0,9.0,0.0,1.0
占,0.0,48.0,0.0,1.0
2.2,0.0,3.0,0.0,1.0
7.17,0.0,3.0,0.0,1.0
玖,0.0,9.0,0.0,1.0
看重,0.0,3.0,0.0,1.0
时,0.0,33.0,0.0,1.0
短板,0.0,9.0,0.0,1.0
查,0.0,6.0,0.0,1.0
版,0.0,3.0,0.0,1.0
连发,0.0,6.0,0.0,1.0
张,0.0,6.0,0.0,1.0
并且,0.0,6.0,0.0,1.0
几乎,0.0,3.0,0.0,1.0
问询,0.0,3.0,0.0,1.0
受,0.0,6.0,0.0,1.0
意思,0.0,3.0,0.0,1.0
images,0.0,6.0,0.0,1.0
收获,0.0,3.0,0.0,1.0
下,1.0,21.0,0.045454545454545456,0.9545454545454546
充分,3.0,0.0,1.0,0.0
超车,0.0,3.0,0.0,1.0
搭建,0.0,3.0,0.0,1.0
当时,0.0,3.0,0.0,1.0
履行义务,0.0,6.0,0.0,1.0
名称,0.0,3.0,0.0,1.0
’,0.0,3.0,0.0,1.0
发行,0.0,63.0,0.0,1.0
横店,0.0,15.0,0.0,1.0
该地,0.0,6.0,0.0,1.0
各种,0.0,3.0,0.0,1.0
明及,0.0,3.0,0.0,1.0
员工,0.0,129.0,0.0,1.0
告诉,0.0,9.0,0.0,1.0
旗下,0.0,27.0,0.0,1.0
小编,0.0,3.0,0.0,1.0
共,0.0,18.0,0.0,1.0
2011,0.0,6.0,0.0,1.0
使,0.0,3.0,0.0,1.0
尚且,0.0,6.0,0.0,1.0
处在,0.0,3.0,0.0,1.0
方在,0.0,3.0,0.0,1.0
每经,0.0,48.0,0.0,1.0
求证,0.0,3.0,0.0,1.0
频繁,0.0,3.0,0.0,1.0
空气,0.0,3.0,0.0,1.0
龙头企业,0.0,6.0,0.0,1.0
总价,0.0,6.0,0.0,1.0
首家,0.0,9.0,0.0,1.0
之弟,0.0,6.0,0.0,1.0
饱受,0.0,3.0,0.0,1.0
打下,0.0,3.0,0.0,1.0
且,0.0,24.0,0.0,1.0
双轮,0.0,3.0,0.0,1.0
35,0.0,6.0,0.0,1.0
无可厚非,0.0,3.0,0.0,1.0
3.24,0.0,9.0,0.0,1.0
近日,0.0,36.0,0.0,1.0
多方面,0.0,6.0,0.0,1.0
鼓励,0.0,6.0,0.0,1.0
绿化,3.0,0.0,1.0,0.0
情况,0.0,26.0,0.0,1.0
正好,0.0,6.0,0.0,1.0
酒店,0.0,6.0,0.0,1.0
12.3,0.0,12.0,0.0,1.0
服务,0.0,39.0,0.0,1.0
可以,0.0,9.0,0.0,1.0
主营,0.0,3.0,0.0,1.0
明细,0.0,6.0,0.0,1.0
传播,0.0,3.0,0.0,1.0
延续,0.0,3.0,0.0,1.0
相继,3.0,6.0,0.3333333333333333,0.6666666666666666
小,0.0,9.0,0.0,1.0
现金,0.0,9.0,0.0,1.0
2.3,0.0,9.0,0.0,1.0
原,0.0,24.0,0.0,1.0
安徽,0.0,42.0,0.0,1.0
便是,0.0,3.0,0.0,1.0
梳理,0.0,6.0,0.0,1.0
出资,0.0,33.0,0.0,1.0
中影,0.0,54.0,0.0,1.0
应向,0.0,6.0,0.0,1.0
确认,0.0,9.0,0.0,1.0
嗨,0.0,3.0,0.0,1.0
打造,3.0,15.0,0.16666666666666666,0.8333333333333334
一路,0.0,3.0,0.0,1.0
剩余,0.0,9.0,0.0,1.0
当然,0.0,3.0,0.0,1.0
期,0.0,3.0,0.0,1.0
资产负债率,0.0,15.0,0.0,1.0
输血,0.0,3.0,0.0,1.0
法律,0.0,3.0,0.0,1.0
要说,0.0,3.0,0.0,1.0
）,0.0,158.0,0.0,1.0
账款,0.0,30.0,0.0,1.0
策划,0.0,3.0,0.0,1.0
希望,0.0,3.0,0.0,1.0
遥远,0.0,3.0,0.0,1.0
展示,6.0,0.0,1.0,0.0
投资,0.0,63.0,0.0,1.0
正在,3.0,3.0,0.5,0.5
最低,0.0,6.0,0.0,1.0
项,0.0,6.0,0.0,1.0
专攻,0.0,3.0,0.0,1.0
形成,0.0,9.0,0.0,1.0
限额,0.0,12.0,0.0,1.0
第五家,0.0,3.0,0.0,1.0
延伸,0.0,33.0,0.0,1.0
大于,0.0,9.0,0.0,1.0
体验,3.0,0.0,1.0,0.0
儿童,13.0,0.0,1.0,0.0
价值,0.0,12.0,0.0,1.0
规前,0.0,6.0,0.0,1.0
皆,0.0,3.0,0.0,1.0
上市,0.0,15.0,0.0,1.0
信息,0.0,9.0,0.0,1.0
挑战,0.0,3.0,0.0,1.0
影响,0.0,30.0,0.0,1.0
公开,0.0,12.0,0.0,1.0
D01,0.0,6.0,0.0,1.0
上半年,0.0,3.0,0.0,1.0
建立,0.0,3.0,0.0,1.0
在,0.0,375.0,0.0,1.0
2.32,0.0,9.0,0.0,1.0
赔钱,0.0,3.0,0.0,1.0
此处,0.0,6.0,0.0,1.0
大部分,0.0,3.0,0.0,1.0
特别,0.0,9.0,0.0,1.0
前期,0.0,9.0,0.0,1.0
影视制作,0.0,3.0,0.0,1.0
2018,0.0,5.0,0.0,1.0
鹏宏,0.0,24.0,0.0,1.0
不管,0.0,3.0,0.0,1.0
多名,0.0,12.0,0.0,1.0
终端,0.0,3.0,0.0,1.0
事实上,0.0,12.0,0.0,1.0
高价,0.0,3.0,0.0,1.0
现金流量,0.0,3.0,0.0,1.0
质押,0.0,84.0,0.0,1.0
圈地,0.0,6.0,0.0,1.0
广告,0.0,82.0,0.0,1.0
仅,0.0,30.0,0.0,1.0
象山,0.0,3.0,0.0,1.0
epaper,0.0,6.0,0.0,1.0
图片,0.0,3.0,0.0,1.0
今晚,0.0,3.0,0.0,1.0
丰富,0.0,3.0,0.0,1.0
jpeg,0.0,15.0,0.0,1.0
第一次,0.0,3.0,0.0,1.0
背负着,0.0,3.0,0.0,1.0
基本,0.0,3.0,0.0,1.0
何在,0.0,3.0,0.0,1.0
内容,0.0,87.0,0.0,1.0
工商,0.0,6.0,0.0,1.0
一个,0.0,30.0,0.0,1.0
附上,0.0,3.0,0.0,1.0
没有,0.0,12.0,0.0,1.0
不合理性,0.0,3.0,0.0,1.0
鲍,0.0,6.0,0.0,1.0
一层,0.0,6.0,0.0,1.0
价款,0.0,3.0,0.0,1.0
此前,0.0,27.0,0.0,1.0
2.18,0.0,6.0,0.0,1.0
明确,0.0,3.0,0.0,1.0
布局,0.0,51.0,0.0,1.0
一波,0.0,3.0,0.0,1.0
今天,0.0,3.0,0.0,1.0
现在,0.0,3.0,0.0,1.0
凡,0.0,6.0,0.0,1.0
经纪,0.0,3.0,0.0,1.0
近三年,0.0,9.0,0.0,1.0
惊人,0.0,3.0,0.0,1.0
上下,0.0,3.0,0.0,1.0
任意,0.0,3.0,0.0,1.0
溢价,0.0,33.0,0.0,1.0
业务,0.0,168.0,0.0,1.0
来看,0.0,18.0,0.0,1.0
契合,0.0,6.0,0.0,1.0
令,0.0,18.0,0.0,1.0
风险,0.0,33.0,0.0,1.0
半壁江山,0.0,3.0,0.0,1.0
一体,0.0,9.0,0.0,1.0
仅仅,0.0,6.0,0.0,1.0
：,0.0,45.0,0.0,1.0
规矩,0.0,3.0,0.0,1.0
环球,7.0,0.0,1.0,0.0
小镇,0.0,6.0,0.0,1.0
浙江省,0.0,6.0,0.0,1.0
今年以来,0.0,6.0,0.0,1.0
辞职,0.0,3.0,0.0,1.0
产品,0.0,3.0,0.0,1.0
这次,0.0,12.0,0.0,1.0
协同效应,0.0,18.0,0.0,1.0
于,0.0,42.0,0.0,1.0
贴,0.0,9.0,0.0,1.0
财,0.0,3.0,0.0,1.0
主题,12.0,6.0,0.6666666666666666,0.3333333333333333
时代,0.0,72.0,0.0,1.0
甚至,0.0,3.0,0.0,1.0
公司业绩,0.0,6.0,0.0,1.0
总和,0.0,3.0,0.0,1.0
另一方面,0.0,3.0,0.0,1.0
类型,0.0,3.0,0.0,1.0
自建房,0.0,6.0,0.0,1.0
挂,0.0,9.0,0.0,1.0
211.59,0.0,6.0,0.0,1.0
战略,0.0,15.0,0.0,1.0
以上,0.0,18.0,0.0,1.0
原本,0.0,6.0,0.0,1.0
签订,0.0,3.0,0.0,1.0
结束,0.0,3.0,0.0,1.0
www,0.0,6.0,0.0,1.0
品牌,0.0,15.0,0.0,1.0
真正,0.0,9.0,0.0,1.0
显示,0.0,66.0,0.0,1.0
电视,0.0,15.0,0.0,1.0
第四,0.0,6.0,0.0,1.0
高及,0.0,12.0,0.0,1.0
经营报,0.0,3.0,0.0,1.0
首映,0.0,63.0,0.0,1.0
重要,0.0,21.0,0.0,1.0
阶段,0.0,6.0,0.0,1.0
为例,0.0,3.0,0.0,1.0
跌破,0.0,6.0,0.0,1.0
群,0.0,3.0,0.0,1.0
《,0.0,114.0,0.0,1.0
抢眼,0.0,3.0,0.0,1.0
8783,0.0,3.0,0.0,1.0
上要,0.0,3.0,0.0,1.0
上市公司,0.0,30.0,0.0,1.0
E,0.0,6.0,0.0,1.0
大幅,0.0,3.0,0.0,1.0
但若论,0.0,3.0,0.0,1.0
comment,0.0,3.0,0.0,1.0
15.48,0.0,6.0,0.0,1.0
号称,0.0,3.0,0.0,1.0
得,0.0,3.0,0.0,1.0
简称,0.0,54.0,0.0,1.0
对此,0.0,12.0,0.0,1.0
区间,0.0,6.0,0.0,1.0
多个,4.0,6.0,0.4,0.6
或许,0.0,15.0,0.0,1.0
并购,0.0,36.0,0.0,1.0
玩味,0.0,6.0,0.0,1.0
方案,0.0,21.0,0.0,1.0
当,0.0,3.0,0.0,1.0
响应,0.0,15.0,0.0,1.0
值得一提的是,0.0,30.0,0.0,1.0
分析,0.0,21.0,0.0,1.0
维护,0.0,15.0,0.0,1.0
辉,0.0,12.0,0.0,1.0
核心,0.0,24.0,0.0,1.0
拉来,0.0,3.0,0.0,1.0
应收,0.0,30.0,0.0,1.0
子公司,0.0,47.0,0.0,1.0
终止,0.0,6.0,0.0,1.0
两,0.0,9.0,0.0,1.0
迎客,7.0,0.0,1.0,0.0
倡议,0.0,24.0,0.0,1.0
函中,0.0,6.0,0.0,1.0
予以,0.0,6.0,0.0,1.0
一处,0.0,6.0,0.0,1.0
进一步,0.0,39.0,0.0,1.0
经济,0.0,72.0,0.0,1.0
之下,0.0,6.0,0.0,1.0
言之过早,0.0,3.0,0.0,1.0
公众,0.0,12.0,0.0,1.0
完,0.0,3.0,0.0,1.0
比例,0.0,39.0,0.0,1.0
竞争力,0.0,3.0,0.0,1.0
究竟,0.0,3.0,0.0,1.0
35.43,0.0,3.0,0.0,1.0
逐步,0.0,3.0,0.0,1.0
引人关注,0.0,6.0,0.0,1.0
太和殿,0.0,6.0,0.0,1.0
附属,0.0,3.0,0.0,1.0
6.6,0.0,6.0,0.0,1.0
平仓,0.0,36.0,0.0,1.0
9.53,0.0,3.0,0.0,1.0
景区,0.0,3.0,0.0,1.0
研报,0.0,6.0,0.0,1.0
想想,0.0,3.0,0.0,1.0
成败,0.0,3.0,0.0,1.0
宣布,0.0,24.0,0.0,1.0
全,0.0,36.0,0.0,1.0
渠道,0.0,24.0,0.0,1.0
其,0.0,114.0,0.0,1.0
进行,0.0,51.0,0.0,1.0
会计年度,0.0,12.0,0.0,1.0
46.1,0.0,6.0,0.0,1.0
年初,0.0,3.0,0.0,1.0
平台,0.0,30.0,0.0,1.0
8,3.0,38.0,0.07317073170731707,0.926829268292683
顺势,0.0,3.0,0.0,1.0
飞速发展,0.0,3.0,0.0,1.0
当年度,0.0,6.0,0.0,1.0
cn,0.0,42.0,0.0,1.0
发布公告,0.0,32.0,0.0,1.0
湿地,6.0,0.0,1.0,0.0
74116278a853aa9fad5f2c6b2b415282,0.0,3.0,0.0,1.0
从业者,0.0,3.0,0.0,1.0
优化,0.0,3.0,0.0,1.0
出炉,0.0,3.0,0.0,1.0
文化遗产,3.0,6.0,0.3333333333333333,0.6666666666666666
掏出,0.0,3.0,0.0,1.0
影视广告,0.0,3.0,0.0,1.0
提到,0.0,3.0,0.0,1.0
0.54,0.0,3.0,0.0,1.0
里,0.0,15.0,0.0,1.0
日,24.0,160.0,0.13043478260869565,0.8695652173913043
关于,0.0,6.0,0.0,1.0
全资,0.0,38.0,0.0,1.0
进驻,0.0,3.0,0.0,1.0
模式,0.0,15.0,0.0,1.0
总会,0.0,3.0,0.0,1.0
重视,0.0,3.0,0.0,1.0
陈少峰,0.0,3.0,0.0,1.0
旅游业,0.0,3.0,0.0,1.0
认为,0.0,12.0,0.0,1.0
先行者,0.0,3.0,0.0,1.0
12.30,0.0,3.0,0.0,1.0
公司员工,0.0,3.0,0.0,1.0
游乐园,0.0,3.0,0.0,1.0
线下,0.0,3.0,0.0,1.0
计提,0.0,3.0,0.0,1.0
龙,0.0,3.0,0.0,1.0
年度,0.0,10.0,0.0,1.0
年均,0.0,3.0,0.0,1.0
一定,0.0,6.0,0.0,1.0
均价,0.0,21.0,0.0,1.0
原则,0.0,6.0,0.0,1.0
拟向,0.0,3.0,0.0,1.0
相,0.0,3.0,0.0,1.0
场馆,0.0,6.0,0.0,1.0
从而,0.0,9.0,0.0,1.0
11,3.0,6.0,0.3333333333333333,0.6666666666666666
庞大,0.0,3.0,0.0,1.0
法人代表,0.0,12.0,0.0,1.0
而言,0.0,3.0,0.0,1.0
娱乐,0.0,150.0,0.0,1.0
中介,0.0,3.0,0.0,1.0
年内,0.0,9.0,0.0,1.0
业界,0.0,3.0,0.0,1.0
包括,0.0,24.0,0.0,1.0
出让方,0.0,6.0,0.0,1.0
商家,0.0,6.0,0.0,1.0
浮现,0.0,3.0,0.0,1.0
摸不着头脑,0.0,3.0,0.0,1.0
不同,0.0,6.0,0.0,1.0
据,0.0,75.0,0.0,1.0
季报,0.0,9.0,0.0,1.0
共计,0.0,9.0,0.0,1.0
沈伟,0.0,3.0,0.0,1.0
玩,1.0,0.0,1.0,0.0
联盟,0.0,3.0,0.0,1.0
616,0.0,6.0,0.0,1.0
需要,0.0,9.0,0.0,1.0
许多,1.0,0.0,1.0,0.0
结合部,0.0,6.0,0.0,1.0
一点,0.0,3.0,0.0,1.0
财务数据,0.0,15.0,0.0,1.0
成人,0.0,6.0,0.0,1.0
天目,0.0,15.0,0.0,1.0
1233.09,0.0,3.0,0.0,1.0
股,0.0,108.0,0.0,1.0
盈利模式,0.0,15.0,0.0,1.0
本版,0.0,3.0,0.0,1.0
7.76,0.0,6.0,0.0,1.0
偏重于,0.0,3.0,0.0,1.0
上海,0.0,75.0,0.0,1.0
自身,0.0,15.0,0.0,1.0
多方,0.0,3.0,0.0,1.0
几年,0.0,3.0,0.0,1.0
担任,0.0,6.0,0.0,1.0
带来,0.0,24.0,0.0,1.0
APP,0.0,3.0,0.0,1.0
获利,0.0,6.0,0.0,1.0
收近,0.0,3.0,0.0,1.0
资产,0.0,12.0,0.0,1.0
陶芳芳,0.0,6.0,0.0,1.0
减少,0.0,12.0,0.0,1.0
定位,0.0,3.0,0.0,1.0
服装,0.0,3.0,0.0,1.0
负责,0.0,3.0,0.0,1.0
殿内,0.0,6.0,0.0,1.0
经验,0.0,6.0,0.0,1.0
成长性,0.0,6.0,0.0,1.0
鄢银婵,0.0,21.0,0.0,1.0
江苏,0.0,33.0,0.0,1.0
大小,0.0,3.0,0.0,1.0
致力于,0.0,3.0,0.0,1.0
出价,0.0,3.0,0.0,1.0
广告公司,0.0,9.0,0.0,1.0
同城,0.0,3.0,0.0,1.0
卢扬,0.0,6.0,0.0,1.0
筹划,0.0,6.0,0.0,1.0
市场竞争,0.0,3.0,0.0,1.0
去年,0.0,9.0,0.0,1.0
2.07,0.0,9.0,0.0,1.0
那谈,0.0,3.0,0.0,1.0
重组,0.0,21.0,0.0,1.0
资金来源,0.0,9.0,0.0,1.0
拼图,0.0,3.0,0.0,1.0
变更,0.0,3.0,0.0,1.0
再次,0.0,3.0,0.0,1.0
明,0.0,6.0,0.0,1.0
周边,0.0,12.0,0.0,1.0
落实,0.0,6.0,0.0,1.0
赌,0.0,9.0,0.0,1.0
从事,0.0,9.0,0.0,1.0
31,3.0,6.0,0.3333333333333333,0.6666666666666666
5.61,0.0,6.0,0.0,1.0
来说,0.0,3.0,0.0,1.0
运营,0.0,18.0,0.0,1.0
发起,0.0,6.0,0.0,1.0
落地,0.0,3.0,0.0,1.0
另一家,0.0,3.0,0.0,1.0
收入,0.0,75.0,0.0,1.0
着急,0.0,3.0,0.0,1.0
媒体广告,0.0,3.0,0.0,1.0
一直,0.0,6.0,0.0,1.0
、,61.0,671.0,0.08333333333333333,0.9166666666666666
应对,0.0,3.0,0.0,1.0
达成,0.0,3.0,0.0,1.0
年轻,0.0,3.0,0.0,1.0
重,0.0,3.0,0.0,1.0
0cb39db3e21a6f664b7ac1de7c93904c,0.0,3.0,0.0,1.0
衍生,0.0,30.0,0.0,1.0
但,0.0,87.0,0.0,1.0
来到,0.0,6.0,0.0,1.0
陈俊杰,0.0,12.0,0.0,1.0
wangyzh7687,0.0,3.0,0.0,1.0
本月,4.0,0.0,1.0,0.0
万元,0.0,51.0,0.0,1.0
既然,0.0,3.0,0.0,1.0
一张,0.0,3.0,0.0,1.0
溦,0.0,3.0,0.0,1.0
17.46,0.0,12.0,0.0,1.0
囊中,0.0,9.0,0.0,1.0
主力,0.0,3.0,0.0,1.0
13,3.0,21.0,0.125,0.875
疑云,0.0,21.0,0.0,1.0
只有,0.0,3.0,0.0,1.0
坚实基础,0.0,3.0,0.0,1.0
不断,0.0,15.0,0.0,1.0
交易日,0.0,12.0,0.0,1.0
一系列,0.0,3.0,0.0,1.0
德纳,0.0,39.0,0.0,1.0
胜盟,0.0,15.0,0.0,1.0
韩伟及,0.0,6.0,0.0,1.0
海鑫,0.0,24.0,0.0,1.0
一次,0.0,3.0,0.0,1.0
概念,0.0,3.0,0.0,1.0
4185,0.0,6.0,0.0,1.0
130,0.0,6.0,0.0,1.0
为了,0.0,3.0,0.0,1.0
街道,0.0,6.0,0.0,1.0
董事长,0.0,42.0,0.0,1.0
喊话,0.0,6.0,0.0,1.0
16,0.0,3.0,0.0,1.0
之间,0.0,33.0,0.0,1.0
行情,0.0,9.0,0.0,1.0
出租,0.0,12.0,0.0,1.0
手段,0.0,6.0,0.0,1.0
.,0.0,153.0,0.0,1.0
综合化,0.0,9.0,0.0,1.0
数,0.0,9.0,0.0,1.0
挑选,0.0,6.0,0.0,1.0
太子,0.0,3.0,0.0,1.0
动漫,3.0,48.0,0.058823529411764705,0.9411764705882353
跑马,0.0,6.0,0.0,1.0
2.7,0.0,6.0,0.0,1.0
实控人,0.0,12.0,0.0,1.0
至少,0.0,3.0,0.0,1.0
不如意,0.0,3.0,0.0,1.0
2,0.0,42.0,0.0,1.0
兜,0.0,3.0,0.0,1.0
良好,0.0,6.0,0.0,1.0
政策,0.0,3.0,0.0,1.0
诚意,0.0,3.0,0.0,1.0
真的,0.0,3.0,0.0,1.0
稳定,0.0,3.0,0.0,1.0
138,0.0,6.0,0.0,1.0
9.11,0.0,6.0,0.0,1.0
还,0.0,51.0,0.0,1.0
img,0.0,15.0,0.0,1.0
出名,0.0,3.0,0.0,1.0
首先,0.0,3.0,0.0,1.0
跃入,0.0,3.0,0.0,1.0
焦点,0.0,6.0,0.0,1.0
就算,0.0,9.0,0.0,1.0
问题,0.0,18.0,0.0,1.0
金融机构,0.0,3.0,0.0,1.0
3.49,0.0,6.0,0.0,1.0
助理,0.0,3.0,0.0,1.0
竞争,0.0,12.0,0.0,1.0
23.92,0.0,3.0,0.0,1.0
4df7a9ad3b5b9e58bc7a3a2878bf6162,0.0,3.0,0.0,1.0
这种,0.0,3.0,0.0,1.0
一项,0.0,3.0,0.0,1.0
院长,0.0,3.0,0.0,1.0
反而,0.0,6.0,0.0,1.0
提振,0.0,24.0,0.0,1.0
5000,0.0,6.0,0.0,1.0
相互,0.0,3.0,0.0,1.0
数据,0.0,15.0,0.0,1.0
欠缺,0.0,6.0,0.0,1.0
播放,0.0,3.0,0.0,1.0
生意,0.0,3.0,0.0,1.0
敬请,0.0,3.0,0.0,1.0
各个,0.0,3.0,0.0,1.0
二级,0.0,24.0,0.0,1.0
资本运作,0.0,3.0,0.0,1.0
光线,0.0,15.0,0.0,1.0
业务收入,0.0,6.0,0.0,1.0
体验型,0.0,3.0,0.0,1.0
该定,0.0,6.0,0.0,1.0
不用,1.0,0.0,1.0,0.0
网上,0.0,6.0,0.0,1.0
本应,0.0,3.0,0.0,1.0
退居二线,0.0,6.0,0.0,1.0
如此,0.0,15.0,0.0,1.0
为,12.0,276.0,0.041666666666666664,0.9583333333333334
sourcepic,0.0,3.0,0.0,1.0
较大,0.0,9.0,0.0,1.0
旅游,16.0,51.0,0.23880597014925373,0.7611940298507462
动作,0.0,9.0,0.0,1.0
填满,0.0,3.0,0.0,1.0
智通,0.0,3.0,0.0,1.0
06,0.0,6.0,0.0,1.0
正式,0.0,12.0,0.0,1.0
万达,0.0,3.0,0.0,1.0
对比,0.0,3.0,0.0,1.0
使用,0.0,3.0,0.0,1.0
在职员工,0.0,6.0,0.0,1.0
到,3.0,39.0,0.07142857142857142,0.9285714285714286
合伙,0.0,60.0,0.0,1.0
并,0.0,54.0,0.0,1.0
大致,0.0,3.0,0.0,1.0
历年来,0.0,6.0,0.0,1.0
全球,0.0,6.0,0.0,1.0
第六代,0.0,3.0,0.0,1.0
筹集,0.0,3.0,0.0,1.0
主要,0.0,54.0,0.0,1.0
称为,0.0,3.0,0.0,1.0
如果说,0.0,3.0,0.0,1.0
一,0.0,24.0,0.0,1.0
起,0.0,3.0,0.0,1.0
今年,1.0,15.0,0.0625,0.9375
此后,0.0,6.0,0.0,1.0
可买,0.0,3.0,0.0,1.0
大会,0.0,3.0,0.0,1.0
卖出,0.0,3.0,0.0,1.0
订立,0.0,3.0,0.0,1.0
较为,0.0,3.0,0.0,1.0
稿件,0.0,3.0,0.0,1.0
富润,0.0,3.0,0.0,1.0
转让款,0.0,12.0,0.0,1.0
拍,0.0,3.0,0.0,1.0
全员,0.0,12.0,0.0,1.0
VR,3.0,0.0,1.0,0.0
全部,0.0,9.0,0.0,1.0
thsi,0.0,33.0,0.0,1.0
约,0.0,48.0,0.0,1.0
总数,0.0,12.0,0.0,1.0
构成,0.0,36.0,0.0,1.0
原因,0.0,36.0,0.0,1.0
修复,3.0,0.0,1.0,0.0
蒋雯丽,0.0,6.0,0.0,1.0
达,0.0,12.0,0.0,1.0
买,0.0,42.0,0.0,1.0
模块,0.0,6.0,0.0,1.0
交给,0.0,3.0,0.0,1.0
choice,0.0,6.0,0.0,1.0
有利于,0.0,15.0,0.0,1.0
引发,0.0,3.0,0.0,1.0
号,0.0,12.0,0.0,1.0
成为,3.0,51.0,0.05555555555555555,0.9444444444444444
近几年,0.0,3.0,0.0,1.0
东,0.0,9.0,0.0,1.0
10.115,0.0,6.0,0.0,1.0
判断,0.0,6.0,0.0,1.0
13.50,0.0,3.0,0.0,1.0
11.99,0.0,3.0,0.0,1.0
拿下,0.0,3.0,0.0,1.0
一段时间,0.0,3.0,0.0,1.0
华策,0.0,3.0,0.0,1.0
可,1.0,24.0,0.04,0.96
线,0.0,18.0,0.0,1.0
门票,0.0,18.0,0.0,1.0
覆盖面广,0.0,3.0,0.0,1.0
基于,0.0,9.0,0.0,1.0
前,0.0,12.0,0.0,1.0
增,0.0,18.0,0.0,1.0
并未,0.0,45.0,0.0,1.0
二次,0.0,3.0,0.0,1.0
遇到,0.0,3.0,0.0,1.0
专业,0.0,6.0,0.0,1.0
同时,0.0,36.0,0.0,1.0
东阳,0.0,20.0,0.0,1.0
30,3.0,33.0,0.08333333333333333,0.9166666666666666
‘,0.0,3.0,0.0,1.0
002071,0.0,56.0,0.0,1.0
上接,0.0,3.0,0.0,1.0
活跃,0.0,6.0,0.0,1.0
×,0.0,3.0,0.0,1.0
开业,0.0,9.0,0.0,1.0
对价,0.0,11.0,0.0,1.0
处于,0.0,6.0,0.0,1.0
主席,0.0,6.0,0.0,1.0
一则,0.0,6.0,0.0,1.0
贷款,0.0,3.0,0.0,1.0
行为,0.0,6.0,0.0,1.0
颇为,0.0,12.0,0.0,1.0
多家,0.0,21.0,0.0,1.0
],0.0,3.0,0.0,1.0
36.46,0.0,3.0,0.0,1.0
发布,0.0,63.0,0.0,1.0
末尾,0.0,3.0,0.0,1.0
流量,0.0,3.0,0.0,1.0
股本,0.0,27.0,0.0,1.0
园区,0.0,18.0,0.0,1.0
监事,0.0,12.0,0.0,1.0
转让,0.0,24.0,0.0,1.0
甘肃,1.0,6.0,0.14285714285714285,0.8571428571428571
谈判,0.0,3.0,0.0,1.0
比重,0.0,6.0,0.0,1.0
b,0.0,6.0,0.0,1.0
事项,0.0,12.0,0.0,1.0
履行,0.0,6.0,0.0,1.0
难显,0.0,6.0,0.0,1.0
年营,0.0,3.0,0.0,1.0
利润,0.0,9.0,0.0,1.0
恐龙,20.0,0.0,1.0,0.0
秦王,3.0,0.0,1.0,0.0
60,0.0,12.0,0.0,1.0
灰尘,0.0,6.0,0.0,1.0
黎明,0.0,6.0,0.0,1.0
大,0.0,36.0,0.0,1.0
团体,0.0,9.0,0.0,1.0
26,0.0,6.0,0.0,1.0
暴增,0.0,3.0,0.0,1.0
凤凰,0.0,24.0,0.0,1.0
时间,0.0,18.0,0.0,1.0
兑现,0.0,9.0,0.0,1.0
留神,0.0,3.0,0.0,1.0
28,0.0,3.0,0.0,1.0
着,0.0,3.0,0.0,1.0
市场需求,0.0,3.0,0.0,1.0
道具,0.0,3.0,0.0,1.0
清楚,0.0,3.0,0.0,1.0
成本,0.0,6.0,0.0,1.0
方面,0.0,51.0,0.0,1.0
傻,0.0,3.0,0.0,1.0
业内人士,0.0,12.0,0.0,1.0
资源整合,0.0,6.0,0.0,1.0
工资,0.0,3.0,0.0,1.0
标的,0.0,51.0,0.0,1.0
仅以,0.0,6.0,0.0,1.0
聚焦,0.0,3.0,0.0,1.0
文化,22.0,18.0,0.55,0.45
f7c3a4a3e9857fae,0.0,3.0,0.0,1.0
发行股票,0.0,6.0,0.0,1.0
打,0.0,6.0,0.0,1.0
贡献,0.0,6.0,0.0,1.0
胡晓芳,0.0,6.0,0.0,1.0
00524,0.0,3.0,0.0,1.0
81.6,0.0,6.0,0.0,1.0
同样,0.0,3.0,0.0,1.0
今日,0.0,3.0,0.0,1.0
鹏涛,0.0,18.0,0.0,1.0
要,0.0,21.0,0.0,1.0
基地,12.0,78.0,0.13333333333333333,0.8666666666666667
有关,0.0,27.0,0.0,1.0
天前,0.0,12.0,0.0,1.0
战略规划,0.0,6.0,0.0,1.0
在此之前,0.0,3.0,0.0,1.0
不难看出,0.0,6.0,0.0,1.0
按照,0.0,18.0,0.0,1.0
让,0.0,24.0,0.0,1.0
富集,3.0,0.0,1.0,0.0
成名,0.0,3.0,0.0,1.0
看好,0.0,3.0,0.0,1.0
下跌,0.0,18.0,0.0,1.0
最大,3.0,12.0,0.2,0.8
野心,0.0,3.0,0.0,1.0
支撑,0.0,3.0,0.0,1.0
月工资,0.0,6.0,0.0,1.0
称拟,0.0,6.0,0.0,1.0
被,0.0,54.0,0.0,1.0
末,0.0,3.0,0.0,1.0
城等,4.0,6.0,0.4,0.6
9,0.0,159.0,0.0,1.0
官网,0.0,6.0,0.0,1.0
制作,3.0,48.0,0.058823529411764705,0.9411764705882353
升高,0.0,3.0,0.0,1.0
上下游,0.0,3.0,0.0,1.0
45f43cf25150a3c2,0.0,3.0,0.0,1.0
第一,0.0,6.0,0.0,1.0
借助,0.0,12.0,0.0,1.0
博览,3.0,12.0,0.2,0.8
这一,0.0,3.0,0.0,1.0
时候,0.0,3.0,0.0,1.0
环节,0.0,3.0,0.0,1.0
盘活,0.0,3.0,0.0,1.0
总共,0.0,6.0,0.0,1.0
标题,1.0,6.0,0.14285714285714285,0.8571428571428571
募集,0.0,27.0,0.0,1.0
文化产业,0.0,3.0,0.0,1.0
35.91,0.0,6.0,0.0,1.0
深交所,0.0,6.0,0.0,1.0
北,0.0,3.0,0.0,1.0
二者,0.0,6.0,0.0,1.0
飞起,0.0,3.0,0.0,1.0
家族,0.0,3.0,0.0,1.0
系列,3.0,6.0,0.3333333333333333,0.6666666666666666
客源,0.0,12.0,0.0,1.0
一不小心,0.0,3.0,0.0,1.0
关键,0.0,9.0,0.0,1.0
广电,0.0,6.0,0.0,1.0
除了,0.0,39.0,0.0,1.0
新手,0.0,3.0,0.0,1.0
影后,0.0,3.0,0.0,1.0
整合,0.0,9.0,0.0,1.0
住,0.0,3.0,0.0,1.0
绝佳,0.0,3.0,0.0,1.0
审计报告,0.0,9.0,0.0,1.0
进军,0.0,3.0,0.0,1.0
二大,0.0,6.0,0.0,1.0
应先,0.0,3.0,0.0,1.0
一季度,0.0,9.0,0.0,1.0
时间段,0.0,6.0,0.0,1.0
西部,20.0,6.0,0.7692307692307693,0.23076923076923078
玖明,0.0,16.0,0.0,1.0
增幅,0.0,12.0,0.0,1.0
接受,0.0,6.0,0.0,1.0
股东,0.0,135.0,0.0,1.0
4.51,0.0,3.0,0.0,1.0
频频,0.0,3.0,0.0,1.0
亏损,0.0,21.0,0.0,1.0
协议,0.0,18.0,0.0,1.0
2.8,0.0,3.0,0.0,1.0
价格,0.0,57.0,0.0,1.0
管理,0.0,15.0,0.0,1.0
良性,0.0,6.0,0.0,1.0
34,0.0,3.0,0.0,1.0
66.51,0.0,6.0,0.0,1.0
安排,0.0,3.0,0.0,1.0
值得注意,0.0,6.0,0.0,1.0
元,0.0,126.0,0.0,1.0
其他,0.0,30.0,0.0,1.0
蒋文丽,0.0,6.0,0.0,1.0
过程,0.0,6.0,0.0,1.0
有待,0.0,6.0,0.0,1.0
月份,0.0,6.0,0.0,1.0
充分利用,0.0,9.0,0.0,1.0
嘉年华,7.0,0.0,1.0,0.0
武威,0.0,18.0,0.0,1.0
34.85,0.0,6.0,0.0,1.0
关联方,0.0,6.0,0.0,1.0
薪酬,0.0,30.0,0.0,1.0
检验,0.0,3.0,0.0,1.0
例行,0.0,6.0,0.0,1.0
主营业务,0.0,6.0,0.0,1.0
获得,0.0,18.0,0.0,1.0
值得,0.0,24.0,0.0,1.0
举办,3.0,0.0,1.0,0.0
王培火,0.0,6.0,0.0,1.0
受益,0.0,6.0,0.0,1.0
补充,0.0,6.0,0.0,1.0
20.13,0.0,6.0,0.0,1.0
建议,0.0,3.0,0.0,1.0
龙头,0.0,3.0,0.0,1.0
购入,0.0,3.0,0.0,1.0
称,0.0,42.0,0.0,1.0
本文,0.0,3.0,0.0,1.0
没,0.0,6.0,0.0,1.0
27,0.0,15.0,0.0,1.0
紧接着,0.0,6.0,0.0,1.0
所有,0.0,6.0,0.0,1.0
2197.43,0.0,3.0,0.0,1.0
旭曼,0.0,24.0,0.0,1.0
新区,19.0,0.0,1.0,0.0
能,0.0,15.0,0.0,1.0
一档子,0.0,3.0,0.0,1.0
团队,0.0,12.0,0.0,1.0
发行价,0.0,6.0,0.0,1.0
季度,0.0,6.0,0.0,1.0
别,0.0,3.0,0.0,1.0
合伙人,0.0,18.0,0.0,1.0
仍,0.0,21.0,0.0,1.0
中,0.0,120.0,0.0,1.0
日至,0.0,6.0,0.0,1.0
不利,0.0,3.0,0.0,1.0
而据,0.0,12.0,0.0,1.0
电影,0.0,48.0,0.0,1.0
公司股票,0.0,24.0,0.0,1.0
形象,0.0,3.0,0.0,1.0
收到,0.0,3.0,0.0,1.0
个人,0.0,15.0,0.0,1.0
院线,0.0,3.0,0.0,1.0
备忘录,0.0,3.0,0.0,1.0
转交,0.0,6.0,0.0,1.0
提醒,0.0,3.0,0.0,1.0
望,0.0,3.0,0.0,1.0
余家,0.0,18.0,0.0,1.0
证监会,0.0,9.0,0.0,1.0
证明,0.0,6.0,0.0,1.0
中有,0.0,6.0,0.0,1.0
揽,0.0,3.0,0.0,1.0
一大,0.0,6.0,0.0,1.0
四折,0.0,6.0,0.0,1.0
持续,0.0,24.0,0.0,1.0
符谙,0.0,6.0,0.0,1.0
项目,22.0,15.0,0.5945945945945946,0.40540540540540543
扩展,0.0,3.0,0.0,1.0
股票投资,0.0,3.0,0.0,1.0
剧,0.0,3.0,0.0,1.0
充满信心,0.0,3.0,0.0,1.0
除,0.0,6.0,0.0,1.0
陷,0.0,6.0,0.0,1.0
选择,0.0,12.0,0.0,1.0
订单,0.0,6.0,0.0,1.0
特点,0.0,3.0,0.0,1.0
3000,0.0,6.0,0.0,1.0
体量,0.0,6.0,0.0,1.0
66.18,0.0,3.0,0.0,1.0
最全,3.0,0.0,1.0,0.0
分别,3.0,110.0,0.02654867256637168,0.9734513274336283
兰州,17.0,0.0,1.0,0.0
很长,0.0,6.0,0.0,1.0
未来,0.0,33.0,0.0,1.0
摆放,0.0,6.0,0.0,1.0
合计,0.0,45.0,0.0,1.0
放掉,0.0,3.0,0.0,1.0
明星,0.0,12.0,0.0,1.0
总,0.0,39.0,0.0,1.0
<,0.0,48.0,0.0,1.0
份,0.0,6.0,0.0,1.0
交易,0.0,113.0,0.0,1.0
快速,1.0,0.0,1.0,0.0
数字,0.0,3.0,0.0,1.0
接手,0.0,3.0,0.0,1.0
设施,3.0,9.0,0.25,0.75
珂,0.0,6.0,0.0,1.0
据称,0.0,3.0,0.0,1.0
亏了,0.0,3.0,0.0,1.0
出让,0.0,9.0,0.0,1.0
联合,0.0,3.0,0.0,1.0
推进,0.0,3.0,0.0,1.0
呼吁,0.0,9.0,0.0,1.0
国内,0.0,6.0,0.0,1.0
看看,0.0,6.0,0.0,1.0
业绩,0.0,84.0,0.0,1.0
回收,0.0,3.0,0.0,1.0
年间,0.0,3.0,0.0,1.0
多年,0.0,6.0,0.0,1.0
其实,0.0,9.0,0.0,1.0
20170714,0.0,3.0,0.0,1.0
预期,0.0,3.0,0.0,1.0
办,0.0,6.0,0.0,1.0
迅速,0.0,3.0,0.0,1.0
押注,0.0,3.0,0.0,1.0
积极,0.0,15.0,0.0,1.0
万股,0.0,27.0,0.0,1.0
?,0.0,30.0,0.0,1.0
当务之急,0.0,3.0,0.0,1.0
所在,0.0,3.0,0.0,1.0
不愿,0.0,3.0,0.0,1.0
中称,0.0,9.0,0.0,1.0
com,0.0,15.0,0.0,1.0
板块,0.0,66.0,0.0,1.0
周年,0.0,3.0,0.0,1.0
相继问世,0.0,3.0,0.0,1.0
电视台,0.0,3.0,0.0,1.0
约定,0.0,3.0,0.0,1.0
首,0.0,6.0,0.0,1.0
生命力,0.0,3.0,0.0,1.0
盈利,0.0,60.0,0.0,1.0
「,1.0,0.0,1.0,0.0
登陆,0.0,6.0,0.0,1.0
24.82,0.0,6.0,0.0,1.0
下文,0.0,3.0,0.0,1.0
5.63,0.0,15.0,0.0,1.0
自,3.0,30.0,0.09090909090909091,0.9090909090909091
文化娱乐,0.0,3.0,0.0,1.0
遭遇,0.0,3.0,0.0,1.0
丰满,0.0,3.0,0.0,1.0
个人所有,0.0,6.0,0.0,1.0
很多,0.0,3.0,0.0,1.0
向,0.0,27.0,0.0,1.0
108e2f859027b99698bd5a01e201d8ff,0.0,3.0,0.0,1.0
不能,0.0,9.0,0.0,1.0
逐渐,0.0,3.0,0.0,1.0
少数,0.0,6.0,0.0,1.0
青少年,3.0,0.0,1.0,0.0
往来,0.0,6.0,0.0,1.0
前提,0.0,3.0,0.0,1.0
东方财富,0.0,6.0,0.0,1.0
很,0.0,9.0,0.0,1.0
系,0.0,9.0,0.0,1.0
借壳,0.0,3.0,0.0,1.0
开发,0.0,3.0,0.0,1.0
难度,0.0,3.0,0.0,1.0
收购案,0.0,9.0,0.0,1.0
关系,0.0,36.0,0.0,1.0
信披,0.0,6.0,0.0,1.0
最后,0.0,3.0,0.0,1.0
体现,0.0,3.0,0.0,1.0
大名鼎鼎,0.0,3.0,0.0,1.0
65.63,0.0,3.0,0.0,1.0
有限责任,0.0,3.0,0.0,1.0
给予,0.0,3.0,0.0,1.0
素质,3.0,0.0,1.0,0.0
手中,0.0,6.0,0.0,1.0
所涉,0.0,6.0,0.0,1.0
决策权,0.0,6.0,0.0,1.0
皮,0.0,3.0,0.0,1.0
包含,0.0,3.0,0.0,1.0
服务收入,0.0,3.0,0.0,1.0
毛利率,0.0,3.0,0.0,1.0
收益率,0.0,18.0,0.0,1.0
带,0.0,3.0,0.0,1.0
符合,0.0,3.0,0.0,1.0
及时,0.0,3.0,0.0,1.0
基金,0.0,240.0,0.0,1.0
内涵,3.0,0.0,1.0,0.0
销售收入,0.0,3.0,0.0,1.0
退出,0.0,6.0,0.0,1.0
24,0.0,11.0,0.0,1.0
本是,0.0,3.0,0.0,1.0
电视广告,0.0,3.0,0.0,1.0
远征,0.0,3.0,0.0,1.0
民营企业,0.0,3.0,0.0,1.0
享有,0.0,6.0,0.0,1.0
人民币,0.0,6.0,0.0,1.0
营业,0.0,18.0,0.0,1.0
领,0.0,3.0,0.0,1.0
40.99,0.0,6.0,0.0,1.0
3348,0.0,3.0,0.0,1.0
把,0.0,15.0,0.0,1.0
万,0.0,6.0,0.0,1.0
期内,0.0,12.0,0.0,1.0
市值,0.0,3.0,0.0,1.0
曾任,0.0,6.0,0.0,1.0
武略,0.0,126.0,0.0,1.0
者,0.0,3.0,0.0,1.0
加以,0.0,3.0,0.0,1.0
受让,0.0,3.0,0.0,1.0
看到,0.0,6.0,0.0,1.0
企业,0.0,69.0,0.0,1.0
最新,0.0,3.0,0.0,1.0
11.96,0.0,6.0,0.0,1.0
10.8,0.0,3.0,0.0,1.0
目前,3.0,78.0,0.037037037037037035,0.9629629629629629
播放权,0.0,3.0,0.0,1.0
风口,0.0,3.0,0.0,1.0
特定,0.0,3.0,0.0,1.0
想必,0.0,3.0,0.0,1.0
迪士尼,0.0,3.0,0.0,1.0
2017,0.0,92.0,0.0,1.0
产业链,0.0,48.0,0.0,1.0
29,0.0,3.0,0.0,1.0
新疆,0.0,3.0,0.0,1.0
董事,0.0,24.0,0.0,1.0
自筹资金,0.0,3.0,0.0,1.0
实地,0.0,6.0,0.0,1.0
不务正业,0.0,6.0,0.0,1.0
；,9.0,45.0,0.16666666666666666,0.8333333333333334
各年,0.0,3.0,0.0,1.0
开工,0.0,3.0,0.0,1.0
增加,0.0,12.0,0.0,1.0
无疑,0.0,6.0,0.0,1.0
17,0.0,6.0,0.0,1.0
与此同时,0.0,12.0,0.0,1.0
难题,0.0,3.0,0.0,1.0
[,0.0,3.0,0.0,1.0
游客,0.0,36.0,0.0,1.0
归属,0.0,3.0,0.0,1.0
23,0.0,6.0,0.0,1.0
野马,0.0,15.0,0.0,1.0
早前,0.0,3.0,0.0,1.0
额,0.0,6.0,0.0,1.0
之一,0.0,12.0,0.0,1.0
),12.0,81.0,0.12903225806451613,0.8709677419354839
93.52,0.0,6.0,0.0,1.0
满地,0.0,6.0,0.0,1.0
净,0.0,12.0,0.0,1.0
实质性,0.0,6.0,0.0,1.0
遇,0.0,6.0,0.0,1.0
营收,0.0,30.0,0.0,1.0
倍,0.0,9.0,0.0,1.0
重新,0.0,3.0,0.0,1.0
3283.47,0.0,3.0,0.0,1.0
191,0.0,6.0,0.0,1.0
培训,0.0,9.0,0.0,1.0
决议,0.0,6.0,0.0,1.0
路,0.0,3.0,0.0,1.0
拟收,0.0,3.0,0.0,1.0
放置,0.0,6.0,0.0,1.0
离职,0.0,3.0,0.0,1.0
切入,0.0,3.0,0.0,1.0
净资产,0.0,24.0,0.0,1.0
4079,0.0,6.0,0.0,1.0
前脚,0.0,3.0,0.0,1.0
看来,0.0,6.0,0.0,1.0
真是,0.0,3.0,0.0,1.0
欲,0.0,18.0,0.0,1.0
最,3.0,18.0,0.14285714285714285,0.8571428571428571
位于,3.0,9.0,0.25,0.75
能够,0.0,9.0,0.0,1.0
定价,0.0,6.0,0.0,1.0
随着,0.0,9.0,0.0,1.0
保证,0.0,6.0,0.0,1.0
评估,0.0,9.0,0.0,1.0
容易,0.0,3.0,0.0,1.0
http,0.0,48.0,0.0,1.0
要求,0.0,21.0,0.0,1.0
暨,0.0,3.0,0.0,1.0
相距,0.0,3.0,0.0,1.0
40,0.0,6.0,0.0,1.0
报告,0.0,18.0,0.0,1.0
公布,0.0,6.0,0.0,1.0
川,3.0,0.0,1.0,0.0
碰上,0.0,3.0,0.0,1.0
方将,0.0,6.0,0.0,1.0
披露,0.0,66.0,0.0,1.0
任何,0.0,9.0,0.0,1.0
增资,0.0,3.0,0.0,1.0
一墙之隔,0.0,6.0,0.0,1.0
上年,0.0,9.0,0.0,1.0
情形,0.0,6.0,0.0,1.0
本人,0.0,9.0,0.0,1.0
客户,0.0,9.0,0.0,1.0
章正丰,0.0,18.0,0.0,1.0
数额,0.0,6.0,0.0,1.0
38.15,0.0,6.0,0.0,1.0
工程,0.0,3.0,0.0,1.0
仍为,0.0,3.0,0.0,1.0
王琳,0.0,9.0,0.0,1.0
今后,0.0,3.0,0.0,1.0
亿,0.0,33.0,0.0,1.0
了解,3.0,15.0,0.16666666666666666,0.8333333333333334
总经理,0.0,18.0,0.0,1.0
长城,17.0,1528.0,0.011003236245954692,0.9889967637540453
进入,0.0,6.0,0.0,1.0
领域,0.0,24.0,0.0,1.0
涉及,0.0,6.0,0.0,1.0
造血,0.0,3.0,0.0,1.0
该,0.0,30.0,0.0,1.0
标签,0.0,9.0,0.0,1.0
支持,0.0,3.0,0.0,1.0
bjnews,0.0,6.0,0.0,1.0
因素,0.0,3.0,0.0,1.0
多样化,0.0,3.0,0.0,1.0
面前,0.0,3.0,0.0,1.0
份额,0.0,3.0,0.0,1.0
已有,0.0,3.0,0.0,1.0
文娱,0.0,3.0,0.0,1.0
金榜,0.0,27.0,0.0,1.0
45.27,0.0,6.0,0.0,1.0
300059,0.0,3.0,0.0,1.0
一半,0.0,3.0,0.0,1.0
建设,3.0,33.0,0.08333333333333333,0.9166666666666666
风格,0.0,3.0,0.0,1.0
以来,3.0,21.0,0.125,0.875
8.4,0.0,3.0,0.0,1.0
法规,0.0,3.0,0.0,1.0
南三大,0.0,3.0,0.0,1.0
方正,0.0,6.0,0.0,1.0
剧组,0.0,3.0,0.0,1.0
财报,0.0,9.0,0.0,1.0
功能,0.0,3.0,0.0,1.0
两年,0.0,12.0,0.0,1.0
内,0.0,27.0,0.0,1.0
未有,0.0,3.0,0.0,1.0
童,0.0,6.0,0.0,1.0
6.42,0.0,3.0,0.0,1.0
不再,0.0,3.0,0.0,1.0
一名,0.0,6.0,0.0,1.0
后者,0.0,6.0,0.0,1.0
900,0.0,12.0,0.0,1.0
jpg,0.0,15.0,0.0,1.0
另外,0.0,3.0,0.0,1.0
占据,0.0,3.0,0.0,1.0
有望,0.0,3.0,0.0,1.0
影音,0.0,3.0,0.0,1.0
一举,0.0,18.0,0.0,1.0
天眼,0.0,6.0,0.0,1.0
才能,0.0,6.0,0.0,1.0
一买一卖,0.0,6.0,0.0,1.0
98,0.0,3.0,0.0,1.0
73.37,0.0,3.0,0.0,1.0
丝毫,0.0,6.0,0.0,1.0
股价,0.0,60.0,0.0,1.0
作为,0.0,12.0,0.0,1.0
综合,0.0,6.0,0.0,1.0
3776,0.0,3.0,0.0,1.0
董事会,0.0,12.0,0.0,1.0
方芳,0.0,3.0,0.0,1.0
GROUP,0.0,6.0,0.0,1.0
积极响应,0.0,3.0,0.0,1.0
注册,0.0,3.0,0.0,1.0
两家,0.0,42.0,0.0,1.0
连续,0.0,9.0,0.0,1.0
截至,0.0,33.0,0.0,1.0
189.79,0.0,6.0,0.0,1.0
一翼,0.0,3.0,0.0,1.0
变化,0.0,6.0,0.0,1.0
不乏,0.0,3.0,0.0,1.0
人员,0.0,33.0,0.0,1.0
查阅,0.0,9.0,0.0,1.0
已经,0.0,33.0,0.0,1.0
双重,0.0,6.0,0.0,1.0
手,0.0,9.0,0.0,1.0
持有,0.0,126.0,0.0,1.0
调整,0.0,8.0,0.0,1.0
2014,3.0,75.0,0.038461538461538464,0.9615384615384616
谈及,0.0,3.0,0.0,1.0
这部分,0.0,3.0,0.0,1.0
公告,0.0,162.0,0.0,1.0
世纪,0.0,3.0,0.0,1.0
测算,0.0,24.0,0.0,1.0
买入,0.0,39.0,0.0,1.0
涵盖,0.0,3.0,0.0,1.0
做,0.0,9.0,0.0,1.0
募资,0.0,3.0,0.0,1.0
开启,0.0,3.0,0.0,1.0
采用,0.0,3.0,0.0,1.0
年报,0.0,24.0,0.0,1.0
之疑,0.0,3.0,0.0,1.0
买到,0.0,3.0,0.0,1.0
马笑涛,0.0,6.0,0.0,1.0
斥资,0.0,21.0,0.0,1.0
支付现金,0.0,36.0,0.0,1.0
已,0.0,93.0,0.0,1.0
余下,0.0,3.0,0.0,1.0
现阶段,0.0,3.0,0.0,1.0
发布会,3.0,0.0,1.0,0.0
将来,0.0,3.0,0.0,1.0
可能,0.0,27.0,0.0,1.0
性,0.0,12.0,0.0,1.0
18.46,0.0,6.0,0.0,1.0
豪购,0.0,3.0,0.0,1.0
华录,0.0,3.0,0.0,1.0
第二,0.0,12.0,0.0,1.0
回应,0.0,3.0,0.0,1.0
根据,0.0,41.0,0.0,1.0
多元,0.0,3.0,0.0,1.0
升级,0.0,3.0,0.0,1.0
祝政,0.0,3.0,0.0,1.0
现实,0.0,3.0,0.0,1.0
2.6,0.0,9.0,0.0,1.0
状况,0.0,3.0,0.0,1.0
商业地产,0.0,3.0,0.0,1.0
推广,15.0,3.0,0.8333333333333334,0.16666666666666666
摄制组,0.0,6.0,0.0,1.0
万人次,0.0,15.0,0.0,1.0
宏宝,0.0,24.0,0.0,1.0
慕名,0.0,6.0,0.0,1.0
尤其,0.0,3.0,0.0,1.0
暂定为,0.0,3.0,0.0,1.0
放映,0.0,3.0,0.0,1.0
招商,0.0,36.0,0.0,1.0
全国,0.0,3.0,0.0,1.0
晚间,0.0,26.0,0.0,1.0
名,0.0,51.0,0.0,1.0
f4891e6cd72109ae228614beaa2ada0e,0.0,3.0,0.0,1.0
隋唐,0.0,6.0,0.0,1.0
非轻,0.0,3.0,0.0,1.0
当年,0.0,9.0,0.0,1.0
过,0.0,12.0,0.0,1.0
疑惑,0.0,3.0,0.0,1.0
IP,0.0,42.0,0.0,1.0
副,0.0,3.0,0.0,1.0
火爆,0.0,3.0,0.0,1.0
输送,0.0,30.0,0.0,1.0
赵锐勇,0.0,48.0,0.0,1.0
自然人,0.0,6.0,0.0,1.0
训练,6.0,0.0,1.0,0.0
马思纯,0.0,3.0,0.0,1.0
一致,0.0,3.0,0.0,1.0
供应,0.0,6.0,0.0,1.0
拟定,0.0,6.0,0.0,1.0
10jqka,0.0,3.0,0.0,1.0
最高,0.0,24.0,0.0,1.0
之后,0.0,3.0,0.0,1.0
墙壁,0.0,6.0,0.0,1.0
e,0.0,15.0,0.0,1.0
投入,0.0,12.0,0.0,1.0
充当,0.0,3.0,0.0,1.0
比较,0.0,6.0,0.0,1.0
当日,0.0,9.0,0.0,1.0
百纳,0.0,3.0,0.0,1.0
一起,0.0,3.0,0.0,1.0
刘琴,0.0,3.0,0.0,1.0
排在,0.0,3.0,0.0,1.0
直接,0.0,9.0,0.0,1.0
开店,0.0,6.0,0.0,1.0
乐园,6.0,0.0,1.0,0.0
间接,0.0,42.0,0.0,1.0
水,3.0,0.0,1.0,0.0
应收款,0.0,18.0,0.0,1.0
10.5,0.0,6.0,0.0,1.0
点,0.0,6.0,0.0,1.0
估值,0.0,12.0,0.0,1.0
配套,0.0,27.0,0.0,1.0
上峰,0.0,3.0,0.0,1.0
统计,0.0,27.0,0.0,1.0
共同,0.0,9.0,0.0,1.0
莲花,0.0,15.0,0.0,1.0
第三,0.0,6.0,0.0,1.0
自家,0.0,15.0,0.0,1.0
发票,0.0,3.0,0.0,1.0
数量,0.0,12.0,0.0,1.0
规定,0.0,18.0,0.0,1.0
有限,0.0,42.0,0.0,1.0
市场,0.0,63.0,0.0,1.0
依旧,0.0,3.0,0.0,1.0
隐现,0.0,12.0,0.0,1.0
相关,0.0,48.0,0.0,1.0
意见,0.0,6.0,0.0,1.0
高达,0.0,12.0,0.0,1.0
内生,0.0,3.0,0.0,1.0
52.12,0.0,3.0,0.0,1.0
目标,0.0,9.0,0.0,1.0
买买,0.0,9.0,0.0,1.0
南京,0.0,48.0,0.0,1.0
用,0.0,3.0,0.0,1.0
财务经理,0.0,6.0,0.0,1.0
旅游景点,0.0,9.0,0.0,1.0
投资者,0.0,15.0,0.0,1.0
合理,0.0,3.0,0.0,1.0
自有,0.0,3.0,0.0,1.0
询价,0.0,9.0,0.0,1.0
去,0.0,3.0,0.0,1.0
之旅,0.0,36.0,0.0,1.0
或存,0.0,6.0,0.0,1.0
19,0.0,18.0,0.0,1.0
意在,0.0,12.0,0.0,1.0
净利润,0.0,74.0,0.0,1.0
走出,0.0,3.0,0.0,1.0
49,0.0,21.0,0.0,1.0
记者,3.0,156.0,0.018867924528301886,0.9811320754716981
停牌,0.0,9.0,0.0,1.0
出去,0.0,6.0,0.0,1.0
7.514,0.0,6.0,0.0,1.0
透露,0.0,21.0,0.0,1.0
呈现,0.0,6.0,0.0,1.0
这个,0.0,3.0,0.0,1.0
讨到,0.0,6.0,0.0,1.0
指出,0.0,3.0,0.0,1.0
若干个,0.0,6.0,0.0,1.0
整体,0.0,9.0,0.0,1.0
已超,0.0,3.0,0.0,1.0
601901,0.0,3.0,0.0,1.0
正常,0.0,3.0,0.0,1.0
开展,0.0,3.0,0.0,1.0
基础,0.0,6.0,0.0,1.0
下降,0.0,15.0,0.0,1.0
影视,3.0,1502.0,0.0019933554817275745,0.9980066445182725
倒挂,0.0,6.0,0.0,1.0
郑蕊,0.0,6.0,0.0,1.0
实施细则,0.0,6.0,0.0,1.0
搞搞,0.0,3.0,0.0,1.0
导演,0.0,6.0,0.0,1.0
水平,0.0,6.0,0.0,1.0
前列,0.0,3.0,0.0,1.0
年,3.0,402.0,0.007407407407407408,0.9925925925925926
周转,0.0,3.0,0.0,1.0
1.7,0.0,9.0,0.0,1.0
具体,0.0,12.0,0.0,1.0
春雷,0.0,6.0,0.0,1.0
打脸,0.0,3.0,0.0,1.0
/,0.0,390.0,0.0,1.0
狂购,0.0,3.0,0.0,1.0
很大,0.0,6.0,0.0,1.0
肯定,0.0,3.0,0.0,1.0
10.015,0.0,6.0,0.0,1.0
50.21,0.0,6.0,0.0,1.0
暑假,1.0,0.0,1.0,0.0
一众,0.0,3.0,0.0,1.0
35.59,0.0,6.0,0.0,1.0
归属于,0.0,3.0,0.0,1.0
扩张,0.0,12.0,0.0,1.0
4.37,0.0,6.0,0.0,1.0
全额,0.0,6.0,0.0,1.0
累计,0.0,26.0,0.0,1.0
亦,0.0,6.0,0.0,1.0
一篇,0.0,12.0,0.0,1.0
入主,0.0,3.0,0.0,1.0
丝绸之路,3.0,6.0,0.3333333333333333,0.6666666666666666
团购,0.0,3.0,0.0,1.0
传统,0.0,3.0,0.0,1.0
媒体,0.0,6.0,0.0,1.0
意识,0.0,6.0,0.0,1.0
9363.6,0.0,6.0,0.0,1.0
一家,0.0,21.0,0.0,1.0
近期,0.0,27.0,0.0,1.0
93.79,0.0,6.0,0.0,1.0
不足,0.0,9.0,0.0,1.0
兼,0.0,6.0,0.0,1.0
9.56,0.0,12.0,0.0,1.0
推出,0.0,3.0,0.0,1.0
低价位,0.0,6.0,0.0,1.0
勇,0.0,21.0,0.0,1.0
令人担忧,0.0,3.0,0.0,1.0
突围,0.0,6.0,0.0,1.0
略显,0.0,3.0,0.0,1.0
由,0.0,27.0,0.0,1.0
订票,0.0,6.0,0.0,1.0
游览,3.0,0.0,1.0,0.0
购买力,0.0,3.0,0.0,1.0
影业,0.0,39.0,0.0,1.0
控股权,0.0,9.0,0.0,1.0
推向,0.0,3.0,0.0,1.0
来源,0.0,9.0,0.0,1.0
人向,0.0,3.0,0.0,1.0
设定,0.0,3.0,0.0,1.0
用于,0.0,3.0,0.0,1.0
诸多,0.0,6.0,0.0,1.0
不确定性,0.0,6.0,0.0,1.0
北京,0.0,15.0,0.0,1.0
3,0.0,27.0,0.0,1.0
起来,0.0,3.0,0.0,1.0
董秘,0.0,18.0,0.0,1.0
不了,0.0,3.0,0.0,1.0
好,0.0,3.0,0.0,1.0
药业,0.0,15.0,0.0,1.0
谅解,0.0,3.0,0.0,1.0
0.31,0.0,6.0,0.0,1.0
不算,0.0,6.0,0.0,1.0
致命伤,0.0,3.0,0.0,1.0
作品,0.0,18.0,0.0,1.0
合占,0.0,3.0,0.0,1.0
＝,0.0,3.0,0.0,1.0
财务,0.0,6.0,0.0,1.0
19071,0.0,6.0,0.0,1.0
活动,3.0,0.0,1.0,0.0
高,0.0,84.0,0.0,1.0
依赖,0.0,3.0,0.0,1.0
之所以,0.0,9.0,0.0,1.0
快字,0.0,3.0,0.0,1.0
主角,0.0,6.0,0.0,1.0
如今,0.0,6.0,0.0,1.0
...,1.0,0.0,1.0,0.0
面临,0.0,30.0,0.0,1.0
结果,0.0,6.0,0.0,1.0
修订,0.0,15.0,0.0,1.0
陈旧,0.0,6.0,0.0,1.0
主板,0.0,3.0,0.0,1.0
面对,0.0,9.0,0.0,1.0
背景,0.0,3.0,0.0,1.0
集中,3.0,6.0,0.3333333333333333,0.6666666666666666
促进,0.0,18.0,0.0,1.0
时报讯,0.0,3.0,0.0,1.0
18.95,0.0,15.0,0.0,1.0
一口气,0.0,3.0,0.0,1.0
顶风,0.0,3.0,0.0,1.0
不论是,0.0,9.0,0.0,1.0
绑定,0.0,3.0,0.0,1.0
控制,0.0,36.0,0.0,1.0
讯,0.0,3.0,0.0,1.0
过去,0.0,9.0,0.0,1.0
f9e97fbf2858e4d2,0.0,3.0,0.0,1.0
花费,0.0,3.0,0.0,1.0
帮助,0.0,3.0,0.0,1.0
弯道,0.0,3.0,0.0,1.0
具有,0.0,12.0,0.0,1.0
收为,0.0,3.0,0.0,1.0
比如,0.0,21.0,0.0,1.0
IMAGE,0.0,48.0,0.0,1.0
平均,0.0,33.0,0.0,1.0
一些,0.0,3.0,0.0,1.0
走势,0.0,6.0,0.0,1.0
骨感,0.0,3.0,0.0,1.0
上述,0.0,63.0,0.0,1.0
逼近,0.0,3.0,0.0,1.0
期末,0.0,6.0,0.0,1.0
3.81,0.0,3.0,0.0,1.0
人才流失,0.0,3.0,0.0,1.0
下滑,0.0,6.0,0.0,1.0
逐一,4.0,0.0,1.0,0.0
294.24,0.0,6.0,0.0,1.0
不得不,0.0,6.0,0.0,1.0
计算,0.0,9.0,0.0,1.0
对手,0.0,3.0,0.0,1.0
一把,0.0,3.0,0.0,1.0
特色,0.0,6.0,0.0,1.0
年底,0.0,3.0,0.0,1.0
实现,0.0,56.0,0.0,1.0
新闻,3.0,72.0,0.04,0.96
发展势头,0.0,3.0,0.0,1.0
非凡,0.0,21.0,0.0,1.0
不会,0.0,15.0,0.0,1.0
前来,0.0,6.0,0.0,1.0
影视娱乐,0.0,9.0,0.0,1.0
知名度,0.0,15.0,0.0,1.0
切换,0.0,3.0,0.0,1.0
优质,0.0,3.0,0.0,1.0
每年,0.0,15.0,0.0,1.0
51,0.0,69.0,0.0,1.0
收盘,0.0,6.0,0.0,1.0
对于,0.0,33.0,0.0,1.0
错综复杂,0.0,6.0,0.0,1.0
早,0.0,6.0,0.0,1.0
信心,0.0,12.0,0.0,1.0
传媒,0.0,36.0,0.0,1.0
版图,0.0,3.0,0.0,1.0
编辑,0.0,24.0,0.0,1.0
19.52,0.0,6.0,0.0,1.0
大力,0.0,3.0,0.0,1.0
后来,0.0,6.0,0.0,1.0
wangyzh7697,0.0,3.0,0.0,1.0
0.862,0.0,6.0,0.0,1.0
将,7.0,128.0,0.05185185185185185,0.9481481481481482
现象,0.0,3.0,0.0,1.0
A股,0.0,15.0,0.0,1.0
同年,0.0,3.0,0.0,1.0
期限内,0.0,3.0,0.0,1.0
总营收,0.0,3.0,0.0,1.0
这是,0.0,6.0,0.0,1.0
结局,0.0,3.0,0.0,1.0
决定,0.0,3.0,0.0,1.0
同行业,0.0,3.0,0.0,1.0
10.28,0.0,6.0,0.0,1.0
人士,0.0,12.0,0.0,1.0
外地,0.0,3.0,0.0,1.0
质疑,0.0,3.0,0.0,1.0
出远门,1.0,0.0,1.0,0.0
所,0.0,45.0,0.0,1.0
三大,0.0,6.0,0.0,1.0
其前,0.0,6.0,0.0,1.0
产业基地,0.0,3.0,0.0,1.0
成长,0.0,3.0,0.0,1.0
交易价格,0.0,6.0,0.0,1.0
赵瑞勇,0.0,6.0,0.0,1.0
6,0.0,135.0,0.0,1.0
Input,0.0,18.0,0.0,1.0
近年来,0.0,9.0,0.0,1.0
出具,0.0,3.0,0.0,1.0
小白,0.0,6.0,0.0,1.0
优势,0.0,15.0,0.0,1.0
上,3.0,45.0,0.0625,0.9375
一份,0.0,15.0,0.0,1.0
成立,0.0,15.0,0.0,1.0
3f24e2bec0f6b19fac738f3374ab19aa,0.0,3.0,0.0,1.0
投资收益,0.0,6.0,0.0,1.0
金马奖,0.0,3.0,0.0,1.0
大多,0.0,3.0,0.0,1.0
前面,0.0,6.0,0.0,1.0
应,0.0,3.0,0.0,1.0
每股,0.0,6.0,0.0,1.0
39.58,0.0,3.0,0.0,1.0
远高于,0.0,3.0,0.0,1.0
证券,0.0,12.0,0.0,1.0
杭州,0.0,192.0,0.0,1.0
承诺,0.0,90.0,0.0,1.0
特效,0.0,3.0,0.0,1.0
425a2cf80ffb335dcee4b1568abbe2b9,0.0,3.0,0.0,1.0
总价值,0.0,3.0,0.0,1.0
老板,0.0,3.0,0.0,1.0
双方,0.0,9.0,0.0,1.0
执行,0.0,6.0,0.0,1.0
微距,0.0,6.0,0.0,1.0
收盘价,0.0,21.0,0.0,1.0
世茂,0.0,27.0,0.0,1.0
解决,0.0,3.0,0.0,1.0
设计,0.0,9.0,0.0,1.0
地理位置,0.0,3.0,0.0,1.0
连锁,0.0,3.0,0.0,1.0
身影,0.0,12.0,0.0,1.0
77.8,0.0,6.0,0.0,1.0
下行,0.0,6.0,0.0,1.0
19.96,0.0,3.0,0.0,1.0
及实,0.0,6.0,0.0,1.0
点击,1.0,0.0,1.0,0.0
大屏幕,0.0,3.0,0.0,1.0
均,0.0,27.0,0.0,1.0
一环,0.0,6.0,0.0,1.0
猛增,0.0,6.0,0.0,1.0
等,15.0,108.0,0.12195121951219512,0.8780487804878049
33.82,0.0,6.0,0.0,1.0
成功,0.0,3.0,0.0,1.0
f05c9e1abc75cc9a7c43c119fead6658,0.0,3.0,0.0,1.0
为集,0.0,6.0,0.0,1.0
修订稿,0.0,3.0,0.0,1.0
定增,0.0,18.0,0.0,1.0
事,0.0,3.0,0.0,1.0
调查,0.0,30.0,0.0,1.0
具名,0.0,3.0,0.0,1.0
24.88,0.0,12.0,0.0,1.0
本,0.0,3.0,0.0,1.0
SZ,0.0,21.0,0.0,1.0
创作,3.0,0.0,1.0,0.0
影响力,0.0,15.0,0.0,1.0
控人,0.0,12.0,0.0,1.0
规章制度,0.0,3.0,0.0,1.0
拿出,0.0,3.0,0.0,1.0
草案,0.0,12.0,0.0,1.0
9.33,0.0,6.0,0.0,1.0
买单,0.0,3.0,0.0,1.0
转变,0.0,3.0,0.0,1.0
－,0.0,12.0,0.0,1.0
300,0.0,3.0,0.0,1.0
广告业务,0.0,24.0,0.0,1.0
实在,0.0,3.0,0.0,1.0
提供,0.0,12.0,0.0,1.0
几家,0.0,6.0,0.0,1.0
董监,0.0,54.0,0.0,1.0
基数,0.0,6.0,0.0,1.0
跑道,0.0,3.0,0.0,1.0
8.37,0.0,6.0,0.0,1.0
便,0.0,6.0,0.0,1.0
重塑,0.0,3.0,0.0,1.0
能力,0.0,66.0,0.0,1.0
诸暨市,0.0,9.0,0.0,1.0
实习生,0.0,6.0,0.0,1.0
预测,0.0,6.0,0.0,1.0
商报,0.0,9.0,0.0,1.0
尚未,0.0,6.0,0.0,1.0
试问,0.0,3.0,0.0,1.0
股票,0.0,105.0,0.0,1.0
教育,0.0,9.0,0.0,1.0
」,1.0,0.0,1.0,0.0
利用,0.0,3.0,0.0,1.0
前辈,0.0,3.0,0.0,1.0
data,0.0,18.0,0.0,1.0
一年,0.0,15.0,0.0,1.0
浙江,0.0,87.0,0.0,1.0
另有,0.0,3.0,0.0,1.0
些,0.0,3.0,0.0,1.0
分析师,0.0,6.0,0.0,1.0
能否,0.0,9.0,0.0,1.0
25,0.0,3.0,0.0,1.0
提出,0.0,3.0,0.0,1.0
城东,0.0,6.0,0.0,1.0
完善,0.0,9.0,0.0,1.0
以,15.0,90.0,0.14285714285714285,0.8571428571428571
各类,0.0,3.0,0.0,1.0
大举,0.0,3.0,0.0,1.0
毫无,0.0,3.0,0.0,1.0
试图,0.0,6.0,0.0,1.0
1.71,0.0,2.0,0.0,1.0
去年同期,0.0,3.0,0.0,1.0
知道,0.0,3.0,0.0,1.0
收购,0.0,401.0,0.0,1.0
唯一,0.0,3.0,0.0,1.0
418,0.0,9.0,0.0,1.0
34.68,0.0,6.0,0.0,1.0
存在,0.0,48.0,0.0,1.0
60.45,0.0,3.0,0.0,1.0
K,0.0,3.0,0.0,1.0
10.52,0.0,3.0,0.0,1.0
不少,0.0,9.0,0.0,1.0
山南,0.0,6.0,0.0,1.0
54.43,0.0,12.0,0.0,1.0
结构,0.0,6.0,0.0,1.0
胜算,0.0,3.0,0.0,1.0
微信,0.0,6.0,0.0,1.0
购买,0.0,36.0,0.0,1.0
想要,0.0,6.0,0.0,1.0
55.91,0.0,6.0,0.0,1.0
这些,0.0,3.0,0.0,1.0
机会,0.0,3.0,0.0,1.0
广泛,0.0,3.0,0.0,1.0
宝中,0.0,36.0,0.0,1.0
大头,0.0,6.0,0.0,1.0
送,0.0,3.0,0.0,1.0
浣,0.0,6.0,0.0,1.0
陈设,0.0,6.0,0.0,1.0
本身,0.0,6.0,0.0,1.0
mrjjxw,0.0,15.0,0.0,1.0
10.50,0.0,3.0,0.0,1.0
集合,0.0,3.0,0.0,1.0
新,3.0,27.0,0.1,0.9
是,0.0,153.0,0.0,1.0
冲出,0.0,3.0,0.0,1.0
号召,0.0,6.0,0.0,1.0
议案,0.0,3.0,0.0,1.0
凸显,0.0,3.0,0.0,1.0
助力,0.0,3.0,0.0,1.0
顺应,0.0,9.0,0.0,1.0
因,0.0,9.0,0.0,1.0
观察,0.0,6.0,0.0,1.0
规模,3.0,6.0,0.3333333333333333,0.6666666666666666
压力,0.0,27.0,0.0,1.0
>,0.0,57.0,0.0,1.0
规划,0.0,24.0,0.0,1.0
商铺,0.0,12.0,0.0,1.0
2015,0.0,111.0,0.0,1.0
甜头,0.0,6.0,0.0,1.0
大减,0.0,6.0,0.0,1.0
艺人,0.0,3.0,0.0,1.0
产生,0.0,42.0,0.0,1.0
西藏,0.0,6.0,0.0,1.0
结合,0.0,3.0,0.0,1.0
21,3.0,3.0,0.5,0.5
合同,0.0,3.0,0.0,1.0
通过,0.0,75.0,0.0,1.0
乐意,0.0,12.0,0.0,1.0
王,0.0,3.0,0.0,1.0
城乡,0.0,6.0,0.0,1.0
逐年,0.0,3.0,0.0,1.0
提升,0.0,24.0,0.0,1.0
140,0.0,6.0,0.0,1.0
2.16,0.0,27.0,0.0,1.0
平衡,0.0,3.0,0.0,1.0
出现,0.0,9.0,0.0,1.0
陈向明,0.0,6.0,0.0,1.0
档案,0.0,6.0,0.0,1.0
景点,0.0,6.0,0.0,1.0
经营,0.0,18.0,0.0,1.0
什么样,0.0,3.0,0.0,1.0
理想,0.0,3.0,0.0,1.0
出品,0.0,9.0,0.0,1.0
接近,0.0,3.0,0.0,1.0
副总经理,0.0,30.0,0.0,1.0
SRC,0.0,48.0,0.0,1.0
品类,3.0,0.0,1.0,0.0
日起,0.0,6.0,0.0,1.0
地,3.0,6.0,0.3333333333333333,0.6666666666666666
客户关系,0.0,3.0,0.0,1.0
实习,0.0,6.0,0.0,1.0
公园,3.0,0.0,1.0,0.0
行业,0.0,36.0,0.0,1.0
间,0.0,6.0,0.0,1.0
股票交易,0.0,6.0,0.0,1.0
3.35,0.0,15.0,0.0,1.0
20,3.0,36.0,0.07692307692307693,0.9230769230769231
复制,0.0,3.0,0.0,1.0
日前,0.0,24.0,0.0,1.0
比,0.0,15.0,0.0,1.0
在职,0.0,6.0,0.0,1.0
达到,0.0,18.0,0.0,1.0
难以达到,0.0,3.0,0.0,1.0
有限公司,0.0,60.0,0.0,1.0
改善,0.0,6.0,0.0,1.0
　,0.0,441.0,0.0,1.0
关注,1.0,21.0,0.045454545454545456,0.9545454545454546
15.71,0.0,6.0,0.0,1.0
兜底,0.0,69.0,0.0,1.0
构建,0.0,6.0,0.0,1.0
减,0.0,6.0,0.0,1.0
之外,0.0,3.0,0.0,1.0
乌苏市,0.0,3.0,0.0,1.0
走,0.0,6.0,0.0,1.0
个,0.0,33.0,0.0,1.0
园于,0.0,3.0,0.0,1.0
秘史,0.0,3.0,0.0,1.0
地区,3.0,0.0,1.0,0.0
国家,0.0,3.0,0.0,1.0
相隔,0.0,3.0,0.0,1.0
集团,0.0,135.0,0.0,1.0
线图,0.0,3.0,0.0,1.0
2.56,0.0,12.0,0.0,1.0
100,0.0,54.0,0.0,1.0
归,0.0,6.0,0.0,1.0
引进,3.0,0.0,1.0,0.0
一连串,0.0,3.0,0.0,1.0
账龄,0.0,3.0,0.0,1.0
远,0.0,3.0,0.0,1.0
多,3.0,12.0,0.2,0.8
4,0.0,24.0,0.0,1.0
发现,0.0,69.0,0.0,1.0
不仅,0.0,6.0,0.0,1.0
知名,0.0,3.0,0.0,1.0
后续,0.0,6.0,0.0,1.0
近半年,0.0,3.0,0.0,1.0
周,12.0,3.0,0.8,0.2
延后,0.0,3.0,0.0,1.0
武则天,0.0,3.0,0.0,1.0
财经,0.0,15.0,0.0,1.0
相结合,0.0,9.0,0.0,1.0
回复,0.0,6.0,0.0,1.0
说,0.0,3.0,0.0,1.0
专注,0.0,9.0,0.0,1.0
尴尬,0.0,9.0,0.0,1.0
算,0.0,3.0,0.0,1.0
踩点,0.0,6.0,0.0,1.0
13.56,0.0,6.0,0.0,1.0
园,17.0,39.0,0.30357142857142855,0.6964285714285714
补偿,0.0,48.0,0.0,1.0
蓝天,10.0,0.0,1.0,0.0
发行期,0.0,6.0,0.0,1.0
2800,0.0,9.0,0.0,1.0
23c19d6f8b0f529728775e92e80061f1,0.0,3.0,0.0,1.0
对外,0.0,9.0,0.0,1.0
很难说,0.0,3.0,0.0,1.0
资源,3.0,6.0,0.3333333333333333,0.6666666666666666
由此可见,0.0,3.0,0.0,1.0
增持期,0.0,6.0,0.0,1.0
强化,0.0,6.0,0.0,1.0
档期,0.0,3.0,0.0,1.0
自然,0.0,3.0,0.0,1.0
吸引,0.0,12.0,0.0,1.0
借款,0.0,3.0,0.0,1.0
警戒线,0.0,3.0,0.0,1.0
仔细观察,0.0,3.0,0.0,1.0
现状,0.0,6.0,0.0,1.0
杵,0.0,3.0,0.0,1.0
京报,0.0,6.0,0.0,1.0
仅为,0.0,3.0,0.0,1.0
令人,0.0,3.0,0.0,1.0
机构,0.0,3.0,0.0,1.0
精准,0.0,6.0,0.0,1.0
滑水,3.0,0.0,1.0,0.0
64.39,0.0,6.0,0.0,1.0
计划,0.0,24.0,0.0,1.0
不仅仅,0.0,3.0,0.0,1.0
13.5,0.0,12.0,0.0,1.0
paperdata,0.0,6.0,0.0,1.0
3.95,0.0,3.0,0.0,1.0
300133,0.0,3.0,0.0,1.0
%,0.0,548.0,0.0,1.0
疑问,0.0,3.0,0.0,1.0
358.6,0.0,3.0,0.0,1.0
国际,0.0,66.0,0.0,1.0
发展趋势,0.0,12.0,0.0,1.0
突然,0.0,6.0,0.0,1.0
娱乐节目,0.0,3.0,0.0,1.0
大程度,0.0,3.0,0.0,1.0
理解,0.0,3.0,0.0,1.0
这家,0.0,3.0,0.0,1.0
有点,0.0,3.0,0.0,1.0
(,12.0,81.0,0.12903225806451613,0.8709677419354839
剩下,0.0,3.0,0.0,1.0
在于,0.0,27.0,0.0,1.0
反正,0.0,6.0,0.0,1.0
（,0.0,158.0,0.0,1.0
清空,0.0,12.0,0.0,1.0
更,0.0,24.0,0.0,1.0
文韬,0.0,90.0,0.0,1.0
未,0.0,24.0,0.0,1.0
1,3.0,80.0,0.03614457831325301,0.963855421686747
事儿,0.0,3.0,0.0,1.0
表示,0.0,105.0,0.0,1.0
多万元,0.0,6.0,0.0,1.0
注意,0.0,3.0,0.0,1.0
120,0.0,6.0,0.0,1.0
以及,0.0,45.0,0.0,1.0
直到,0.0,3.0,0.0,1.0
42.7,0.0,3.0,0.0,1.0
作用,0.0,3.0,0.0,1.0
客流量,0.0,3.0,0.0,1.0
左右,0.0,6.0,0.0,1.0
获取,0.0,6.0,0.0,1.0
解释,0.0,9.0,0.0,1.0
14,0.0,21.0,0.0,1.0
狂人,0.0,3.0,0.0,1.0
本次,3.0,45.0,0.0625,0.9375
尚缺,0.0,3.0,0.0,1.0
变现,0.0,24.0,0.0,1.0
●,0.0,6.0,0.0,1.0
70,0.0,3.0,0.0,1.0
文化传媒,0.0,3.0,0.0,1.0
任务,0.0,3.0,0.0,1.0
公司,0.0,359.0,0.0,1.0
影院,0.0,6.0,0.0,1.0
军师,0.0,3.0,0.0,1.0
拟以,0.0,53.0,0.0,1.0
办称,0.0,6.0,0.0,1.0
优势互补,0.0,3.0,0.0,1.0
增值率,0.0,3.0,0.0,1.0
同期,0.0,12.0,0.0,1.0
困境,0.0,3.0,0.0,1.0
10.93,0.0,6.0,0.0,1.0
后,0.0,60.0,0.0,1.0
周报,0.0,6.0,0.0,1.0
自由,0.0,3.0,0.0,1.0
开,0.0,3.0,0.0,1.0
其所持,0.0,3.0,0.0,1.0
买下,0.0,3.0,0.0,1.0
们,0.0,6.0,0.0,1.0
设想,0.0,3.0,0.0,1.0
-,12.0,51.0,0.19047619047619047,0.8095238095238095
三年,0.0,9.0,0.0,1.0
姚治宇,0.0,9.0,0.0,1.0
微小,0.0,3.0,0.0,1.0
已于,0.0,3.0,0.0,1.0
看,0.0,3.0,0.0,1.0
背后,0.0,9.0,0.0,1.0
合作,0.0,33.0,0.0,1.0
协同,0.0,18.0,0.0,1.0
本地人,0.0,3.0,0.0,1.0
每日,0.0,69.0,0.0,1.0
补,0.0,3.0,0.0,1.0
虚拟现实,3.0,0.0,1.0,0.0
图,0.0,6.0,0.0,1.0
翻阅,0.0,6.0,0.0,1.0
