日,2.0,49.0,0.0392156862745098,0.9607843137254902
12,0.0,7.0,0.0,1.0
整体,0.0,6.0,0.0,1.0
业务,0.0,6.0,0.0,1.0
来看,0.0,3.0,0.0,1.0
至,0.0,4.0,0.0,1.0
风险,0.0,3.0,0.0,1.0
及其,0.0,12.0,0.0,1.0
：,0.0,36.0,0.0,1.0
股东,0.0,10.0,0.0,1.0
预告,0.0,3.0,0.0,1.0
2017,0.0,45.0,0.0,1.0
陈,0.0,3.0,0.0,1.0
书面,0.0,3.0,0.0,1.0
格局,0.0,3.0,0.0,1.0
汽车,0.0,9.0,0.0,1.0
年,0.0,55.0,0.0,1.0
供应商,0.0,3.0,0.0,1.0
300478,0.0,33.0,0.0,1.0
具体,0.0,3.0,0.0,1.0
万至,0.0,3.0,0.0,1.0
/,0.0,12.0,0.0,1.0
同比,0.0,3.0,0.0,1.0
文化,2.0,0.0,1.0,0.0
元,0.0,3.0,0.0,1.0
达到,0.0,3.0,0.0,1.0
公司股票,0.0,9.0,0.0,1.0
记载,0.0,3.0,0.0,1.0
规则,0.0,3.0,0.0,1.0
不利,0.0,6.0,0.0,1.0
此次,0.0,33.0,0.0,1.0
炜,0.0,3.0,0.0,1.0
环保,0.0,3.0,0.0,1.0
大,0.0,3.0,0.0,1.0
329,0.0,3.0,0.0,1.0
网站,0.0,6.0,0.0,1.0
常见,0.0,1.0,0.0,1.0
:,0.0,6.0,0.0,1.0
见习,0.0,3.0,0.0,1.0
战略,0.0,3.0,0.0,1.0
提示,0.0,3.0,0.0,1.0
跳水,0.0,6.0,0.0,1.0
不久前,2.0,0.0,1.0,0.0
估值,0.0,6.0,0.0,1.0
显示,0.0,3.0,0.0,1.0
61.09,0.0,3.0,0.0,1.0
意识,0.0,3.0,0.0,1.0
5.2,0.0,3.0,0.0,1.0
*,0.0,3.0,0.0,1.0
封,0.0,3.0,0.0,1.0
称,0.0,9.0,0.0,1.0
一定,0.0,3.0,0.0,1.0
降低,0.0,3.0,0.0,1.0
09,0.0,3.0,0.0,1.0
首发,2.0,0.0,1.0,0.0
4.4,0.0,3.0,0.0,1.0
大幅,0.0,3.0,0.0,1.0
对,0.0,12.0,0.0,1.0
许可,0.0,3.0,0.0,1.0
已,0.0,6.0,0.0,1.0
简称,0.0,15.0,0.0,1.0
行业,0.0,6.0,0.0,1.0
孙云友,0.0,3.0,0.0,1.0
20.00,0.0,3.0,0.0,1.0
遗漏,0.0,3.0,0.0,1.0
发生,2.0,0.0,1.0,0.0
中,0.0,18.0,0.0,1.0
;,0.0,3.0,0.0,1.0
新能源,0.0,12.0,0.0,1.0
影响,0.0,9.0,0.0,1.0
2018,0.0,6.0,0.0,1.0
收到,0.0,3.0,0.0,1.0
橡塑,0.0,15.0,0.0,1.0
通过,0.0,6.0,0.0,1.0
股份,0.0,30.0,0.0,1.0
内容,0.0,3.0,0.0,1.0
亿元,0.0,19.0,0.0,1.0
出,0.0,3.0,0.0,1.0
局者,0.0,3.0,0.0,1.0
增值税,0.0,3.0,0.0,1.0
低价,0.0,1.0,0.0,1.0
注意,0.0,3.0,0.0,1.0
化工行业,0.0,3.0,0.0,1.0
双轮,0.0,3.0,0.0,1.0
5778.20,0.0,3.0,0.0,1.0
经济,0.0,6.0,0.0,1.0
较,0.0,9.0,0.0,1.0
《,2.0,21.0,0.08695652173913043,0.9130434782608695
确定,0.0,6.0,0.0,1.0
作价,0.0,12.0,0.0,1.0
6,0.0,27.0,0.0,1.0
改为,0.0,3.0,0.0,1.0
5.6,0.0,22.0,0.0,1.0
税后,0.0,3.0,0.0,1.0
第二十一次,0.0,3.0,0.0,1.0
3004782,0.0,3.0,0.0,1.0
介绍,0.0,3.0,0.0,1.0
经过,0.0,3.0,0.0,1.0
股价,0.0,12.0,0.0,1.0
3.4,0.0,9.0,0.0,1.0
其,0.0,15.0,0.0,1.0
9,0.0,1.0,0.0,1.0
当天,3.0,0.0,1.0,0.0
<,0.0,6.0,0.0,1.0
交易,0.0,28.0,0.0,1.0
中国证监会,0.0,3.0,0.0,1.0
审计,0.0,9.0,0.0,1.0
事实,0.0,6.0,0.0,1.0
3955,0.0,3.0,0.0,1.0
期间,0.0,9.0,0.0,1.0
发布公告,0.0,6.0,0.0,1.0
png,0.0,3.0,0.0,1.0
截止,0.0,3.0,0.0,1.0
方式,0.0,4.0,0.0,1.0
3,0.0,21.0,0.0,1.0
上述,0.0,9.0,0.0,1.0
新兴产业,0.0,3.0,0.0,1.0
任晓忠,0.0,3.0,0.0,1.0
国内,0.0,3.0,0.0,1.0
过渡,0.0,3.0,0.0,1.0
每次,0.0,2.0,0.0,1.0
上,0.0,6.0,0.0,1.0
业绩,0.0,12.0,0.0,1.0
计算,0.0,3.0,0.0,1.0
关于,0.0,9.0,0.0,1.0
傍晚,0.0,3.0,0.0,1.0
致电,0.0,3.0,0.0,1.0
实现,0.0,6.0,0.0,1.0
新闻,0.0,6.0,0.0,1.0
当时,0.0,3.0,0.0,1.0
21,0.0,3.0,0.0,1.0
?,0.0,3.0,0.0,1.0
为,0.0,30.0,0.0,1.0
1205.80,0.0,3.0,0.0,1.0
所在,0.0,3.0,0.0,1.0
经常性,0.0,3.0,0.0,1.0
com,0.0,3.0,0.0,1.0
此,0.0,3.0,0.0,1.0
资格,0.0,6.0,0.0,1.0
4000,0.0,3.0,0.0,1.0
后续,0.0,1.0,0.0,1.0
对于,0.0,6.0,0.0,1.0
约定,0.0,1.0,0.0,1.0
相关,0.0,6.0,0.0,1.0
归,0.0,3.0,0.0,1.0
多,0.0,3.0,0.0,1.0
11,0.0,3.0,0.0,1.0
义务,0.0,6.0,0.0,1.0
产业,0.0,3.0,0.0,1.0
每个,0.0,3.0,0.0,1.0
13.71,0.0,3.0,0.0,1.0
进行,0.0,6.0,0.0,1.0
ST,0.0,3.0,0.0,1.0
将,2.0,19.0,0.09523809523809523,0.9047619047619048
0.00,0.0,3.0,0.0,1.0
近,0.0,6.0,0.0,1.0
不同,0.0,6.0,0.0,1.0
向,0.0,3.0,0.0,1.0
工作人员,0.0,3.0,0.0,1.0
造成,0.0,12.0,0.0,1.0
4284,0.0,3.0,0.0,1.0
编号,0.0,3.0,0.0,1.0
跌停,0.0,6.0,0.0,1.0
股自,0.0,3.0,0.0,1.0
误导性,0.0,3.0,0.0,1.0
损益,0.0,9.0,0.0,1.0
提及,0.0,3.0,0.0,1.0
具有,0.0,6.0,0.0,1.0
价格,0.0,10.0,0.0,1.0
其他,0.0,6.0,0.0,1.0
虚假,0.0,3.0,0.0,1.0
证券,0.0,12.0,0.0,1.0
不断,0.0,3.0,0.0,1.0
超过,0.0,3.0,0.0,1.0
于,0.0,12.0,0.0,1.0
短短,0.0,3.0,0.0,1.0
一幕,2.0,0.0,1.0,0.0
账面,0.0,3.0,0.0,1.0
获益,0.0,6.0,0.0,1.0
低于,0.0,3.0,0.0,1.0
1,0.0,3.0,0.0,1.0
13,0.0,6.0,0.0,1.0
多方,0.0,3.0,0.0,1.0
丰元,0.0,6.0,0.0,1.0
微,0.0,3.0,0.0,1.0
借此,0.0,3.0,0.0,1.0
2020,0.0,1.0,0.0,1.0
设施,0.0,3.0,0.0,1.0
3.3,0.0,3.0,0.0,1.0
发行,0.0,6.0,0.0,1.0
分别,0.0,15.0,0.0,1.0
国家,0.0,3.0,0.0,1.0
事务所,0.0,6.0,0.0,1.0
自,0.0,6.0,0.0,1.0
包含,0.0,3.0,0.0,1.0
除权,0.0,3.0,0.0,1.0
曾,0.0,4.0,0.0,1.0
未,0.0,3.0,0.0,1.0
披露,0.0,25.0,0.0,1.0
预计,0.0,3.0,0.0,1.0
杭州,5.0,153.0,0.03164556962025317,0.9683544303797469
承诺,0.0,12.0,0.0,1.0
1000,0.0,3.0,0.0,1.0
特别,0.0,3.0,0.0,1.0
07,0.0,3.0,0.0,1.0
及时,0.0,6.0,0.0,1.0
我省,2.0,0.0,1.0,0.0
万,0.0,9.0,0.0,1.0
亿,0.0,6.0,0.0,1.0
这些,0.0,3.0,0.0,1.0
川金诺,0.0,3.0,0.0,1.0
人民币,0.0,3.0,0.0,1.0
会计师,0.0,6.0,0.0,1.0
hqpick,0.0,3.0,0.0,1.0
大篷车,3.0,0.0,1.0,0.0
并购,0.0,15.0,0.0,1.0
奥能,0.0,68.0,0.0,1.0
7,0.0,12.0,0.0,1.0
把,3.0,0.0,1.0,0.0
因拟,0.0,3.0,0.0,1.0
等,0.0,3.0,0.0,1.0
号,0.0,3.0,0.0,1.0
提高,0.0,3.0,0.0,1.0
重组,0.0,10.0,0.0,1.0
中医药,7.0,0.0,1.0,0.0
事,0.0,3.0,0.0,1.0
证券期货,0.0,6.0,0.0,1.0
本,0.0,3.0,0.0,1.0
eastmoney,0.0,3.0,0.0,1.0
财富网,0.0,6.0,0.0,1.0
》,2.0,21.0,0.08695652173913043,0.9130434782608695
股封,0.0,3.0,0.0,1.0
准确,0.0,3.0,0.0,1.0
商讨,0.0,3.0,0.0,1.0
31,0.0,4.0,0.0,1.0
草案,0.0,12.0,0.0,1.0
上市公司,0.0,6.0,0.0,1.0
活跃,0.0,3.0,0.0,1.0
报告书,0.0,3.0,0.0,1.0
修订稿,0.0,3.0,0.0,1.0
资产重组,0.0,9.0,0.0,1.0
因素,0.0,3.0,0.0,1.0
能源,0.0,3.0,0.0,1.0
k,0.0,3.0,0.0,1.0
情况,0.0,6.0,0.0,1.0
南方,0.0,6.0,0.0,1.0
之前,0.0,3.0,0.0,1.0
、,0.0,48.0,0.0,1.0
购股,0.0,1.0,0.0,1.0
会,0.0,3.0,0.0,1.0
因该,0.0,3.0,0.0,1.0
；,0.0,10.0,0.0,1.0
50.04,0.0,3.0,0.0,1.0
增加,0.0,3.0,0.0,1.0
知悉,0.0,6.0,0.0,1.0
1507.25,0.0,3.0,0.0,1.0
[,0.0,3.0,0.0,1.0
金融界,0.0,3.0,0.0,1.0
归属,0.0,3.0,0.0,1.0
程度,0.0,3.0,0.0,1.0
处理,0.0,3.0,0.0,1.0
】,0.0,3.0,0.0,1.0
股票,0.0,7.0,0.0,1.0
条件,0.0,6.0,0.0,1.0
主营业务,0.0,3.0,0.0,1.0
向日葵,0.0,15.0,0.0,1.0
课程,2.0,0.0,1.0,0.0
牵手,0.0,3.0,0.0,1.0
),0.0,33.0,0.0,1.0
换手率,0.0,3.0,0.0,1.0
对应,0.0,6.0,0.0,1.0
化工,0.0,3.0,0.0,1.0
修改,0.0,3.0,0.0,1.0
有关,0.0,9.0,0.0,1.0
一年,0.0,3.0,0.0,1.0
讯,0.0,3.0,0.0,1.0
浙江,3.0,0.0,1.0,0.0
产生,0.0,3.0,0.0,1.0
小学,2.0,0.0,1.0,0.0
倍,0.0,3.0,0.0,1.0
早盘,0.0,9.0,0.0,1.0
桩,0.0,3.0,0.0,1.0
完善,0.0,3.0,0.0,1.0
不断扩大,0.0,3.0,0.0,1.0
结果,0.0,9.0,0.0,1.0
新低,0.0,9.0,0.0,1.0
诊股,0.0,3.0,0.0,1.0
月,2.0,62.0,0.03125,0.96875
收购,0.0,41.0,0.0,1.0
行情,0.0,3.0,0.0,1.0
本次,0.0,9.0,0.0,1.0
存在,0.0,9.0,0.0,1.0
.,0.0,18.0,0.0,1.0
代码,0.0,6.0,0.0,1.0
加上,0.0,1.0,0.0,1.0
保证,0.0,3.0,0.0,1.0
会议,0.0,3.0,0.0,1.0
600,0.0,3.0,0.0,1.0
规定,0.0,3.0,0.0,1.0
2,0.0,6.0,0.0,1.0
http,0.0,3.0,0.0,1.0
购买,0.0,19.0,0.0,1.0
权益,0.0,3.0,0.0,1.0
增值率,0.0,3.0,0.0,1.0
要,0.0,6.0,0.0,1.0
政策,0.0,3.0,0.0,1.0
健康,2.0,0.0,1.0,0.0
3600,0.0,3.0,0.0,1.0
—,4.0,0.0,1.0,0.0
以下,0.0,6.0,0.0,1.0
任何,0.0,6.0,0.0,1.0
0.8,0.0,3.0,0.0,1.0
异动,0.0,3.0,0.0,1.0
平均,0.0,3.0,0.0,1.0
新,0.0,3.0,0.0,1.0
变动,0.0,3.0,0.0,1.0
事件,0.0,9.0,0.0,1.0
500,0.0,6.0,0.0,1.0
拟,0.0,16.0,0.0,1.0
议案,0.0,9.0,0.0,1.0
差异,0.0,3.0,0.0,1.0
前次,0.0,3.0,0.0,1.0
创业板,0.0,9.0,0.0,1.0
本报,0.0,3.0,0.0,1.0
市场,0.0,1.0,0.0,1.0
特种,0.0,3.0,0.0,1.0
合成,0.0,3.0,0.0,1.0
略有,0.0,3.0,0.0,1.0
5000,0.0,3.0,0.0,1.0
>,0.0,6.0,0.0,1.0
聘请,0.0,6.0,0.0,1.0
实验学校,5.0,0.0,1.0,0.0
正是,0.0,3.0,0.0,1.0
一家,0.0,3.0,0.0,1.0
起复牌,0.0,3.0,0.0,1.0
高新,5.0,153.0,0.03164556962025317,0.9683544303797469
临时,0.0,3.0,0.0,1.0
10.0,0.0,12.0,0.0,1.0
2016,0.0,6.0,0.0,1.0
所有者,0.0,3.0,0.0,1.0
 ,20.0,51.0,0.28169014084507044,0.7183098591549296
分,0.0,3.0,0.0,1.0
重大,0.0,27.0,0.0,1.0
时间,0.0,6.0,0.0,1.0
200,0.0,3.0,0.0,1.0
增值,0.0,3.0,0.0,1.0
这是,2.0,0.0,1.0,0.0
退税,0.0,3.0,0.0,1.0
同意,0.0,3.0,0.0,1.0
提供商,0.0,3.0,0.0,1.0
报,0.0,3.0,0.0,1.0
二级,0.0,1.0,0.0,1.0
出现,0.0,3.0,0.0,1.0
驱动,0.0,3.0,0.0,1.0
000,0.0,3.0,0.0,1.0
后,0.0,10.0,0.0,1.0
较大,0.0,6.0,0.0,1.0
绯闻,0.0,3.0,0.0,1.0
规模,0.0,3.0,0.0,1.0
照,0.0,3.0,0.0,1.0
内,0.0,1.0,0.0,1.0
爱富,0.0,3.0,0.0,1.0
市场需求,0.0,3.0,0.0,1.0
未经,0.0,3.0,0.0,1.0
经,0.0,6.0,0.0,1.0
中介机构,0.0,6.0,0.0,1.0
【,0.0,3.0,0.0,1.0
900,0.0,3.0,0.0,1.0
被,0.0,9.0,0.0,1.0
另外,0.0,3.0,0.0,1.0
继续,0.0,3.0,0.0,1.0
用,0.0,3.0,0.0,1.0
双龙,0.0,3.0,0.0,1.0
坦言,0.0,6.0,0.0,1.0
时,0.0,7.0,0.0,1.0
该,0.0,6.0,0.0,1.0
审议,0.0,3.0,0.0,1.0
公布,0.0,6.0,0.0,1.0
20,0.0,10.0,0.0,1.0
入,0.0,3.0,0.0,1.0
比,0.0,3.0,0.0,1.0
领域,0.0,3.0,0.0,1.0
董事会,0.0,9.0,0.0,1.0
开,3.0,0.0,1.0,0.0
有限公司,0.0,15.0,0.0,1.0
是,0.0,9.0,0.0,1.0
较为,0.0,3.0,0.0,1.0
增大,0.0,3.0,0.0,1.0
下,0.0,4.0,0.0,1.0
截至,0.0,3.0,0.0,1.0
对象,0.0,6.0,0.0,1.0
变化,0.0,6.0,0.0,1.0
08,0.0,3.0,0.0,1.0
跌停板,0.0,3.0,0.0,1.0
构成,0.0,3.0,0.0,1.0
原因,0.0,3.0,0.0,1.0
教材,2.0,0.0,1.0,0.0
个,0.0,1.0,0.0,1.0
持有,0.0,3.0,0.0,1.0
0.3,0.0,6.0,0.0,1.0
星期一,0.0,3.0,0.0,1.0
采取,0.0,1.0,0.0,1.0
线缆,0.0,6.0,0.0,1.0
公告,0.0,9.0,0.0,1.0
成为,2.0,0.0,1.0,0.0
关,0.0,3.0,0.0,1.0
中小学,2.0,0.0,1.0,0.0
100,0.0,13.0,0.0,1.0
开市,0.0,12.0,0.0,1.0
可能,0.0,12.0,0.0,1.0
全体,0.0,3.0,0.0,1.0
评估,0.0,3.0,0.0,1.0
证券部,0.0,3.0,0.0,1.0
4,0.0,3.0,0.0,1.0
30,0.0,3.0,0.0,1.0
发现,0.0,6.0,0.0,1.0
在,0.0,26.0,0.0,1.0
且,0.0,3.0,0.0,1.0
分配利润,0.0,3.0,0.0,1.0
有意思,0.0,3.0,0.0,1.0
记者,0.0,15.0,0.0,1.0
相结合,0.0,1.0,0.0,1.0
870,0.0,3.0,0.0,1.0
■,0.0,3.0,0.0,1.0
],0.0,3.0,0.0,1.0
根据,0.0,17.0,0.0,1.0
低,0.0,6.0,0.0,1.0
009,0.0,3.0,0.0,1.0
证券日报,0.0,3.0,0.0,1.0
申请,0.0,3.0,0.0,1.0
分离式,0.0,1.0,0.0,1.0
问询,0.0,12.0,0.0,1.0
销售,0.0,3.0,0.0,1.0
转让,0.0,10.0,0.0,1.0
发稿,0.0,3.0,0.0,1.0
方面,0.0,3.0,0.0,1.0
电源,0.0,65.0,0.0,1.0
陈述,0.0,3.0,0.0,1.0
日复牌,0.0,3.0,0.0,1.0
现金,0.0,19.0,0.0,1.0
随之,0.0,3.0,0.0,1.0
事项,0.0,6.0,0.0,1.0
个股,0.0,3.0,0.0,1.0
充电,0.0,6.0,0.0,1.0
复牌,0.0,24.0,0.0,1.0
第一个,2.0,0.0,1.0,0.0
指定,0.0,3.0,0.0,1.0
全国,2.0,0.0,1.0,0.0
晚间,0.0,9.0,0.0,1.0
停牌,0.0,12.0,0.0,1.0
开盘,0.0,3.0,0.0,1.0
函,0.0,6.0,0.0,1.0
全体成员,0.0,3.0,0.0,1.0
下调,0.0,3.0,0.0,1.0
过,0.0,3.0,0.0,1.0
标的,0.0,6.0,0.0,1.0
支付,0.0,2.0,0.0,1.0
对方,0.0,9.0,0.0,1.0
真实,0.0,3.0,0.0,1.0
增长率,0.0,3.0,0.0,1.0
）,0.0,9.0,0.0,1.0
%,0.0,56.0,0.0,1.0
中医药大学,3.0,0.0,1.0,0.0
书面通知,0.0,6.0,0.0,1.0
摘要,0.0,3.0,0.0,1.0
高分子,0.0,3.0,0.0,1.0
28,0.0,6.0,0.0,1.0
前女友,0.0,3.0,0.0,1.0
投入,0.0,3.0,0.0,1.0
8,0.0,15.0,0.0,1.0
深圳证券交易所,0.0,6.0,0.0,1.0
2019,0.0,3.0,0.0,1.0
省份,2.0,0.0,1.0,0.0
(,0.0,33.0,0.0,1.0
　,0.0,84.0,0.0,1.0
类,0.0,3.0,0.0,1.0
不得,0.0,6.0,0.0,1.0
（,0.0,9.0,0.0,1.0
价值,0.0,6.0,0.0,1.0
年度,0.0,3.0,0.0,1.0
方法,0.0,3.0,0.0,1.0
锁定,0.0,1.0,0.0,1.0
方案,0.0,16.0,0.0,1.0
上市,0.0,3.0,0.0,1.0
点,0.0,3.0,0.0,1.0
信息,0.0,9.0,0.0,1.0
表示,0.0,6.0,0.0,1.0
地方,2.0,0.0,1.0,0.0
SRC,0.0,3.0,0.0,1.0
完整,0.0,3.0,0.0,1.0
南财,0.0,3.0,0.0,1.0
配套,0.0,3.0,0.0,1.0
以及,0.0,3.0,0.0,1.0
跌幅,0.0,6.0,0.0,1.0
人们,0.0,3.0,0.0,1.0
今日,0.0,3.0,0.0,1.0
解释,0.0,3.0,0.0,1.0
具,0.0,3.0,0.0,1.0
材料,0.0,24.0,0.0,1.0
第,0.0,3.0,0.0,1.0
如下,0.0,3.0,0.0,1.0
发布,0.0,6.0,0.0,1.0
目的,0.0,3.0,0.0,1.0
资产,0.0,6.0,0.0,1.0
IMAGE,0.0,3.0,0.0,1.0
还,3.0,3.0,0.5,0.5
问题,0.0,3.0,0.0,1.0
原始,0.0,3.0,0.0,1.0
公司,0.0,55.0,0.0,1.0
下跌,0.0,6.0,0.0,1.0
纳入,2.0,0.0,1.0,0.0
拟以,0.0,13.0,0.0,1.0
并,0.0,4.0,0.0,1.0
5,4.0,3.0,0.5714285714285714,0.42857142857142855
起,0.0,9.0,0.0,1.0
生产,0.0,3.0,0.0,1.0
召开,0.0,3.0,0.0,1.0
=,0.0,3.0,0.0,1.0
股票代码,0.0,3.0,0.0,1.0
时候,0.0,9.0,0.0,1.0
万元,0.0,36.0,0.0,1.0
到,3.0,3.0,0.5,0.5
深交所,0.0,3.0,0.0,1.0
-,0.0,15.0,0.0,1.0
没有,0.0,3.0,0.0,1.0
19,0.0,6.0,0.0,1.0
净利润,0.0,12.0,0.0,1.0
金额,0.0,1.0,0.0,1.0
创,0.0,9.0,0.0,1.0
信号,0.0,3.0,0.0,1.0
价款,0.0,1.0,0.0,1.0
此前,0.0,4.0,0.0,1.0
股权,0.0,19.0,0.0,1.0
布局,0.0,3.0,0.0,1.0
分配,0.0,3.0,0.0,1.0
第二届,0.0,3.0,0.0,1.0
每日,0.0,6.0,0.0,1.0
董,0.0,3.0,0.0,1.0
研发,0.0,3.0,0.0,1.0
