产能,0.0,9.0,0.0,1.0
12,0.0,39.0,0.0,1.0
一片,7.0,0.0,1.0,0.0
问世,0.0,3.0,0.0,1.0
600900,0.0,3.0,0.0,1.0
色彩,0.0,3.0,0.0,1.0
新品,0.0,3.0,0.0,1.0
上能,0.0,3.0,0.0,1.0
任何人,0.0,3.0,0.0,1.0
基金会,0.0,3.0,0.0,1.0
食药监,0.0,12.0,0.0,1.0
千方,0.0,3.0,0.0,1.0
0005386,0.0,3.0,0.0,1.0
适于,0.0,3.0,0.0,1.0
撤销,0.0,3.0,0.0,1.0
从即日起,0.0,3.0,0.0,1.0
陈,0.0,3.0,0.0,1.0
完成,0.0,39.0,0.0,1.0
书面,0.0,9.0,0.0,1.0
烦心事,0.0,3.0,0.0,1.0
邀请,0.0,6.0,0.0,1.0
创意,0.0,3.0,0.0,1.0
年花,0.0,3.0,0.0,1.0
内大,0.0,3.0,0.0,1.0
绷紧,0.0,3.0,0.0,1.0
同比,0.0,21.0,0.0,1.0
领导,0.0,6.0,0.0,1.0
人士,0.0,6.0,0.0,1.0
产业,0.0,33.0,0.0,1.0
一方面,0.0,3.0,0.0,1.0
不久前,0.0,3.0,0.0,1.0
对手,0.0,3.0,0.0,1.0
此次,0.0,39.0,0.0,1.0
一季度,0.0,3.0,0.0,1.0
中国,0.0,39.0,0.0,1.0
体制,0.0,9.0,0.0,1.0
药物,0.0,3.0,0.0,1.0
纠缠,0.0,3.0,0.0,1.0
下属,0.0,3.0,0.0,1.0
拿到,0.0,3.0,0.0,1.0
集群,0.0,9.0,0.0,1.0
:,0.0,33.0,0.0,1.0
持股,0.0,30.0,0.0,1.0
提示,0.0,2.0,0.0,1.0
发挥,0.0,9.0,0.0,1.0
环卫工人,0.0,6.0,0.0,1.0
现任,0.0,15.0,0.0,1.0
致力,0.0,3.0,0.0,1.0
认可,0.0,9.0,0.0,1.0
入股,0.0,27.0,0.0,1.0
看起来,0.0,3.0,0.0,1.0
获准,0.0,3.0,0.0,1.0
…,0.0,6.0,0.0,1.0
尚,0.0,6.0,0.0,1.0
消肿,0.0,3.0,0.0,1.0
届时,0.0,3.0,0.0,1.0
实际,0.0,63.0,0.0,1.0
至,0.0,9.0,0.0,1.0
监事会,0.0,9.0,0.0,1.0
得手,0.0,8.0,0.0,1.0
多斤,3.0,0.0,1.0,0.0
示范作用,0.0,6.0,0.0,1.0
指北针,3.0,0.0,1.0,0.0
悉心,0.0,3.0,0.0,1.0
耗资,0.0,3.0,0.0,1.0
依然,0.0,15.0,0.0,1.0
朔,0.0,3.0,0.0,1.0
向管,0.0,3.0,0.0,1.0
标准,0.0,3.0,0.0,1.0
案例,0.0,9.0,0.0,1.0
年,0.0,207.0,0.0,1.0
改变,0.0,9.0,0.0,1.0
员工,0.0,3.0,0.0,1.0
及其,0.0,9.0,0.0,1.0
考验,0.0,3.0,0.0,1.0
使用,0.0,9.0,0.0,1.0
板蓝根,0.0,6.0,0.0,1.0
有望,0.0,12.0,0.0,1.0
最后,0.0,3.0,0.0,1.0
部队,0.0,3.0,0.0,1.0
坚持,0.0,6.0,0.0,1.0
接受,0.0,15.0,0.0,1.0
原,0.0,6.0,0.0,1.0
程度,0.0,3.0,0.0,1.0
成都,0.0,3.0,0.0,1.0
股东,0.0,218.0,0.0,1.0
chart,0.0,6.0,0.0,1.0
儿,0.0,3.0,0.0,1.0
地方,0.0,6.0,0.0,1.0
10,3.0,39.0,0.07142857142857142,0.9285714285714286
股份,0.0,120.0,0.0,1.0
内容,0.0,6.0,0.0,1.0
亿元,0.0,188.0,0.0,1.0
跑,0.0,27.0,0.0,1.0
出,0.0,12.0,0.0,1.0
专门,0.0,3.0,0.0,1.0
宏,0.0,3.0,0.0,1.0
来自,0.0,3.0,0.0,1.0
获,0.0,3.0,0.0,1.0
透皮,0.0,3.0,0.0,1.0
执业,0.0,3.0,0.0,1.0
000538,0.0,71.0,0.0,1.0
培育,0.0,3.0,0.0,1.0
小儿,0.0,6.0,0.0,1.0
控股,0.0,507.0,0.0,1.0
各界,0.0,3.0,0.0,1.0
上去,0.0,3.0,0.0,1.0
魄力,0.0,3.0,0.0,1.0
作出,0.0,3.0,0.0,1.0
紫金,0.0,6.0,0.0,1.0
享有,0.0,3.0,0.0,1.0
成员,0.0,3.0,0.0,1.0
逾,0.0,6.0,0.0,1.0
年末,0.0,6.0,0.0,1.0
1040,0.0,3.0,0.0,1.0
中华,0.0,3.0,0.0,1.0
拟分,0.0,3.0,0.0,1.0
浙贝,0.0,6.0,0.0,1.0
恢复,0.0,3.0,0.0,1.0
实控,0.0,6.0,0.0,1.0
发出,0.0,6.0,0.0,1.0
转折,0.0,6.0,0.0,1.0
格力电器,0.0,6.0,0.0,1.0
赛事,0.0,3.0,0.0,1.0
南京站,0.0,6.0,0.0,1.0
备忘,0.0,3.0,0.0,1.0
png,0.0,15.0,0.0,1.0
皇帝,0.0,3.0,0.0,1.0
7,0.0,21.0,0.0,1.0
坚韧,0.0,3.0,0.0,1.0
优势,0.0,6.0,0.0,1.0
赛服,0.0,3.0,0.0,1.0
还是,0.0,6.0,0.0,1.0
杨勇,0.0,9.0,0.0,1.0
留下,0.0,3.0,0.0,1.0
还有,10.0,9.0,0.5263157894736842,0.47368421052631576
】,0.0,3.0,0.0,1.0
加速,0.0,3.0,0.0,1.0
性状,0.0,9.0,0.0,1.0
值得注意,0.0,6.0,0.0,1.0
起手,0.0,6.0,0.0,1.0
增约,0.0,3.0,0.0,1.0
经济网,0.0,6.0,0.0,1.0
高峰论坛,0.0,3.0,0.0,1.0
发展,0.0,69.0,0.0,1.0
成立,0.0,3.0,0.0,1.0
放弃,0.0,3.0,0.0,1.0
返还,0.0,6.0,0.0,1.0
50,0.0,45.0,0.0,1.0
速读,0.0,2.0,0.0,1.0
=,0.0,21.0,0.0,1.0
一举,0.0,5.0,0.0,1.0
大胆,0.0,6.0,0.0,1.0
交集,0.0,3.0,0.0,1.0
两家,0.0,3.0,0.0,1.0
人事安排,0.0,3.0,0.0,1.0
急救,3.0,0.0,1.0,0.0
新高,0.0,27.0,0.0,1.0
联通,0.0,3.0,0.0,1.0
是否,0.0,3.0,0.0,1.0
海南,0.0,3.0,0.0,1.0
幅度,0.0,3.0,0.0,1.0
列表,0.0,3.0,0.0,1.0
副董事长,0.0,3.0,0.0,1.0
14.28,0.0,6.0,0.0,1.0
南北,0.0,3.0,0.0,1.0
公司公告,0.0,3.0,0.0,1.0
担保,0.0,3.0,0.0,1.0
造成,0.0,3.0,0.0,1.0
刷新,0.0,3.0,0.0,1.0
资金,0.0,15.0,0.0,1.0
宣读,0.0,6.0,0.0,1.0
无,0.0,36.0,0.0,1.0
杂货店,0.0,3.0,0.0,1.0
药企,0.0,6.0,0.0,1.0
601318,0.0,6.0,0.0,1.0
都,0.0,237.0,0.0,1.0
下,0.0,9.0,0.0,1.0
实用新型,0.0,3.0,0.0,1.0
国企改革,0.0,6.0,0.0,1.0
如何,0.0,12.0,0.0,1.0
各自,0.0,3.0,0.0,1.0
治理,0.0,9.0,0.0,1.0
jrjimg,0.0,6.0,0.0,1.0
换领,0.0,6.0,0.0,1.0
喝酒,0.0,3.0,0.0,1.0
四年级,0.0,3.0,0.0,1.0
．,0.0,2.0,0.0,1.0
本金,0.0,3.0,0.0,1.0
官网,0.0,12.0,0.0,1.0
结义,0.0,3.0,0.0,1.0
任昆钢,0.0,3.0,0.0,1.0
穿梭,0.0,3.0,0.0,1.0
政府,0.0,3.0,0.0,1.0
价格,0.0,15.0,0.0,1.0
武定县,0.0,3.0,0.0,1.0
采访,0.0,12.0,0.0,1.0
披露,0.0,18.0,0.0,1.0
受益,0.0,3.0,0.0,1.0
超过,0.0,20.0,0.0,1.0
反垄断法,0.0,3.0,0.0,1.0
机制,0.0,15.0,0.0,1.0
需求,0.0,9.0,0.0,1.0
推至,0.0,3.0,0.0,1.0
’,0.0,3.0,0.0,1.0
超,0.0,6.0,0.0,1.0
大刀阔斧,0.0,3.0,0.0,1.0
点赞,0.0,3.0,0.0,1.0
恒瑞医药,0.0,3.0,0.0,1.0
不错,0.0,3.0,0.0,1.0
低于,0.0,3.0,0.0,1.0
学历,0.0,3.0,0.0,1.0
仍为,0.0,15.0,0.0,1.0
存续期,0.0,3.0,0.0,1.0
方式,0.0,45.0,0.0,1.0
45,0.0,47.0,0.0,1.0
广西,0.0,3.0,0.0,1.0
效率,0.0,3.0,0.0,1.0
互联网,0.0,3.0,0.0,1.0
快讯,0.0,3.0,0.0,1.0
土地,0.0,3.0,0.0,1.0
药冠南,0.0,3.0,0.0,1.0
饮片,0.0,9.0,0.0,1.0
i7,0.0,3.0,0.0,1.0
消费品,0.0,3.0,0.0,1.0
增长,0.0,15.0,0.0,1.0
往往,0.0,3.0,0.0,1.0
恐难,0.0,3.0,0.0,1.0
集团股份,0.0,69.0,0.0,1.0
签约,0.0,3.0,0.0,1.0
 ,27.0,191.0,0.12385321100917432,0.8761467889908257
提交,0.0,9.0,0.0,1.0
协调,0.0,3.0,0.0,1.0
创出,0.0,3.0,0.0,1.0
0.84,0.0,3.0,0.0,1.0
状态,0.0,3.0,0.0,1.0
与益,0.0,3.0,0.0,1.0
真的,0.0,3.0,0.0,1.0
度远超,0.0,3.0,0.0,1.0
真,0.0,3.0,0.0,1.0
意味着,0.0,18.0,0.0,1.0
部分,0.0,6.0,0.0,1.0
标杆,0.0,9.0,0.0,1.0
刚,0.0,3.0,0.0,1.0
财富,0.0,3.0,0.0,1.0
烟草,0.0,3.0,0.0,1.0
》,0.0,96.0,0.0,1.0
提名,0.0,9.0,0.0,1.0
现代化,0.0,3.0,0.0,1.0
事情,0.0,6.0,0.0,1.0
现有,0.0,3.0,0.0,1.0
食,0.0,3.0,0.0,1.0
报告书,0.0,12.0,0.0,1.0
涵盖,0.0,6.0,0.0,1.0
及大,0.0,9.0,0.0,1.0
国企,0.0,30.0,0.0,1.0
民族,0.0,6.0,0.0,1.0
青菜,7.0,0.0,1.0,0.0
搬运工,0.0,3.0,0.0,1.0
标示,0.0,12.0,0.0,1.0
总额,0.0,3.0,0.0,1.0
会,0.0,12.0,0.0,1.0
拥有,0.0,12.0,0.0,1.0
推动,0.0,3.0,0.0,1.0
先后,0.0,9.0,0.0,1.0
83,0.0,3.0,0.0,1.0
顾问,0.0,6.0,0.0,1.0
长远,0.0,3.0,0.0,1.0
处在,0.0,3.0,0.0,1.0
拓展,0.0,3.0,0.0,1.0
本期,0.0,3.0,0.0,1.0
股权,0.0,182.0,0.0,1.0
主营业务,0.0,3.0,0.0,1.0
向日葵,7.0,0.0,1.0,0.0
制剂,0.0,3.0,0.0,1.0
国有资产,0.0,27.0,0.0,1.0
5,0.0,75.0,0.0,1.0
水分,0.0,6.0,0.0,1.0
土鳖虫,0.0,9.0,0.0,1.0
364,0.0,6.0,0.0,1.0
建工,0.0,3.0,0.0,1.0
开始,0.0,12.0,0.0,1.0
句号,0.0,3.0,0.0,1.0
小学,0.0,9.0,0.0,1.0
黑榜,0.0,6.0,0.0,1.0
由,0.0,33.0,0.0,1.0
康华,0.0,3.0,0.0,1.0
下称,0.0,27.0,0.0,1.0
金字招牌,0.0,3.0,0.0,1.0
关系,0.0,15.0,0.0,1.0
完全,0.0,3.0,0.0,1.0
以为,0.0,6.0,0.0,1.0
致使,0.0,3.0,0.0,1.0
也就是说,0.0,6.0,0.0,1.0
月,0.0,174.0,0.0,1.0
人,0.0,63.0,0.0,1.0
去年,0.0,9.0,0.0,1.0
消食片,0.0,3.0,0.0,1.0
推高,0.0,6.0,0.0,1.0
此,0.0,6.0,0.0,1.0
均,0.0,39.0,0.0,1.0
重拳,0.0,6.0,0.0,1.0
云天化,0.0,3.0,0.0,1.0
级别,0.0,6.0,0.0,1.0
首席,0.0,3.0,0.0,1.0
主要,0.0,3.0,0.0,1.0
收益,0.0,9.0,0.0,1.0
报道,0.0,12.0,0.0,1.0
反而,0.0,3.0,0.0,1.0
相应,0.0,6.0,0.0,1.0
每股,0.0,6.0,0.0,1.0
协同,0.0,6.0,0.0,1.0
太坤,0.0,3.0,0.0,1.0
传出,0.0,3.0,0.0,1.0
解决,0.0,9.0,0.0,1.0
诊股,0.0,33.0,0.0,1.0
民众,0.0,6.0,0.0,1.0
光明,0.0,6.0,0.0,1.0
亿买,0.0,3.0,0.0,1.0
亮相,0.0,3.0,0.0,1.0
无条件,0.0,3.0,0.0,1.0
中同华,0.0,3.0,0.0,1.0
身价,0.0,5.0,0.0,1.0
中华人民共和国,0.0,6.0,0.0,1.0
证券报,0.0,3.0,0.0,1.0
争抢,0.0,3.0,0.0,1.0
票面,0.0,6.0,0.0,1.0
18,0.0,12.0,0.0,1.0
陈发树要,0.0,3.0,0.0,1.0
十户,0.0,3.0,0.0,1.0
事件,0.0,3.0,0.0,1.0
500,0.0,3.0,0.0,1.0
食品,0.0,6.0,0.0,1.0
拟,0.0,45.0,0.0,1.0
通知,0.0,21.0,0.0,1.0
时间表,0.0,3.0,0.0,1.0
担保人,0.0,9.0,0.0,1.0
方,0.0,3.0,0.0,1.0
平衡,0.0,3.0,0.0,1.0
豪华,0.0,3.0,0.0,1.0
扣押,0.0,3.0,0.0,1.0
两个,0.0,9.0,0.0,1.0
之大,0.0,3.0,0.0,1.0
01,0.0,12.0,0.0,1.0
陪,0.0,3.0,0.0,1.0
负责人,0.0,18.0,0.0,1.0
步子,0.0,3.0,0.0,1.0
退回,0.0,3.0,0.0,1.0
干部,0.0,6.0,0.0,1.0
先生,0.0,15.0,0.0,1.0
41.52,0.0,27.0,0.0,1.0
梦成,0.0,3.0,0.0,1.0
事务,0.0,6.0,0.0,1.0
联动,0.0,3.0,0.0,1.0
放在,0.0,3.0,0.0,1.0
多项,0.0,3.0,0.0,1.0
制得,0.0,3.0,0.0,1.0
支付,0.0,9.0,0.0,1.0
重大,0.0,36.0,0.0,1.0
企业家,0.0,3.0,0.0,1.0
调查,0.0,3.0,0.0,1.0
称,0.0,72.0,0.0,1.0
终于,0.0,12.0,0.0,1.0
获得,0.0,12.0,0.0,1.0
美的,0.0,9.0,0.0,1.0
谢幕,0.0,3.0,0.0,1.0
天南地北,0.0,3.0,0.0,1.0
第二位,0.0,3.0,0.0,1.0
增强,0.0,6.0,0.0,1.0
传统医学,0.0,3.0,0.0,1.0
600519,0.0,3.0,0.0,1.0
药膏,0.0,3.0,0.0,1.0
后,0.0,78.0,0.0,1.0
现代,0.0,9.0,0.0,1.0
提升,0.0,6.0,0.0,1.0
落地,0.0,6.0,0.0,1.0
之,0.0,9.0,0.0,1.0
快乐,0.0,3.0,0.0,1.0
产业布局,0.0,9.0,0.0,1.0
彝族,0.0,3.0,0.0,1.0
大型,0.0,6.0,0.0,1.0
频率,0.0,3.0,0.0,1.0
占,0.0,12.0,0.0,1.0
每位,0.0,3.0,0.0,1.0
配送,0.0,15.0,0.0,1.0
至今,0.0,3.0,0.0,1.0
时,0.0,33.0,0.0,1.0
巨资,0.0,8.0,0.0,1.0
22,0.0,36.0,0.0,1.0
张,0.0,3.0,0.0,1.0
并且,0.0,6.0,0.0,1.0
药监,0.0,3.0,0.0,1.0
几乎,0.0,6.0,0.0,1.0
办公室,0.0,6.0,0.0,1.0
时隔,0.0,3.0,0.0,1.0
images,0.0,6.0,0.0,1.0
天,0.0,6.0,0.0,1.0
圣药,0.0,3.0,0.0,1.0
保护,0.0,3.0,0.0,1.0
充分,0.0,6.0,0.0,1.0
别人,7.0,0.0,1.0,0.0
来说,0.0,9.0,0.0,1.0
发行,0.0,15.0,0.0,1.0
601899,0.0,3.0,0.0,1.0
云南省政府,0.0,3.0,0.0,1.0
话语权,0.0,6.0,0.0,1.0
强,0.0,12.0,0.0,1.0
慰问,0.0,3.0,0.0,1.0
装备,6.0,0.0,1.0,0.0
告诉,0.0,3.0,0.0,1.0
旗下,0.0,27.0,0.0,1.0
共,0.0,3.0,0.0,1.0
步入,0.0,3.0,0.0,1.0
使,0.0,6.0,0.0,1.0
券商,0.0,3.0,0.0,1.0
巨量,0.0,3.0,0.0,1.0
法院,0.0,3.0,0.0,1.0
20170701,0.0,3.0,0.0,1.0
敲定,0.0,6.0,0.0,1.0
求证,0.0,3.0,0.0,1.0
精力,7.0,0.0,1.0,0.0
许可,0.0,3.0,0.0,1.0
低,0.0,3.0,0.0,1.0
300,0.0,6.0,0.0,1.0
工厂,7.0,0.0,1.0,0.0
批次,0.0,15.0,0.0,1.0
传递,0.0,3.0,0.0,1.0
59.09,0.0,6.0,0.0,1.0
摊上,0.0,3.0,0.0,1.0
交易日,0.0,3.0,0.0,1.0
中等水平,0.0,9.0,0.0,1.0
候选人,0.0,3.0,0.0,1.0
因素,0.0,3.0,0.0,1.0
中药饮片,0.0,45.0,0.0,1.0
一步,0.0,3.0,0.0,1.0
近日,0.0,3.0,0.0,1.0
年前,0.0,3.0,0.0,1.0
答复,0.0,6.0,0.0,1.0
赶紧,0.0,3.0,0.0,1.0
伤科,0.0,3.0,0.0,1.0
辛勤工作,0.0,3.0,0.0,1.0
化,0.0,3.0,0.0,1.0
第八届,0.0,12.0,0.0,1.0
改革方案,0.0,3.0,0.0,1.0
四川,0.0,9.0,0.0,1.0
服务,0.0,12.0,0.0,1.0
可以,0.0,27.0,0.0,1.0
白马股,0.0,15.0,0.0,1.0
三人,0.0,3.0,0.0,1.0
滇,0.0,3.0,0.0,1.0
关心,0.0,3.0,0.0,1.0
登记,0.0,12.0,0.0,1.0
本报记者,0.0,3.0,0.0,1.0
利率,0.0,6.0,0.0,1.0
现金,0.0,6.0,0.0,1.0
既往,0.0,3.0,0.0,1.0
交易价格,0.0,9.0,0.0,1.0
医药企业,0.0,6.0,0.0,1.0
之际,0.0,3.0,0.0,1.0
梳理,0.0,3.0,0.0,1.0
主营,0.0,3.0,0.0,1.0
21.94,0.0,3.0,0.0,1.0
长江,0.0,3.0,0.0,1.0
您,0.0,3.0,0.0,1.0
制衡,0.0,6.0,0.0,1.0
尺度,0.0,3.0,0.0,1.0
：,3.0,102.0,0.02857142857142857,0.9714285714285714
行业龙头,0.0,12.0,0.0,1.0
打造,0.0,12.0,0.0,1.0
老子,0.0,3.0,0.0,1.0
讲座,0.0,3.0,0.0,1.0
购置,3.0,0.0,1.0,0.0
当然,0.0,3.0,0.0,1.0
第四,0.0,3.0,0.0,1.0
倡导,0.0,3.0,0.0,1.0
中,3.0,60.0,0.047619047619047616,0.9523809523809523
）,0.0,199.0,0.0,1.0
鱼跃,0.0,153.0,0.0,1.0
000858,0.0,3.0,0.0,1.0
希望,0.0,9.0,0.0,1.0
保持,0.0,9.0,0.0,1.0
投资,0.0,15.0,0.0,1.0
正在,0.0,9.0,0.0,1.0
渠道,0.0,15.0,0.0,1.0
项,0.0,9.0,0.0,1.0
8,0.0,21.0,0.0,1.0
形成,0.0,3.0,0.0,1.0
万股,0.0,3.0,0.0,1.0
洗发,0.0,3.0,0.0,1.0
完,0.0,3.0,0.0,1.0
主席,0.0,6.0,0.0,1.0
九康,0.0,3.0,0.0,1.0
呵护,0.0,6.0,0.0,1.0
恩怨,0.0,3.0,0.0,1.0
价值,0.0,12.0,0.0,1.0
满意,0.0,3.0,0.0,1.0
花坛,7.0,0.0,1.0,0.0
出席,0.0,6.0,0.0,1.0
事宜,0.0,9.0,0.0,1.0
上榜,0.0,3.0,0.0,1.0
上市,0.0,15.0,0.0,1.0
信息,0.0,12.0,0.0,1.0
挑战,0.0,3.0,0.0,1.0
委员会,0.0,18.0,0.0,1.0
身体,0.0,3.0,0.0,1.0
参赛者,0.0,6.0,0.0,1.0
上半年,0.0,3.0,0.0,1.0
建立,0.0,9.0,0.0,1.0
正,0.0,3.0,0.0,1.0
两年,0.0,3.0,0.0,1.0
选聘,0.0,6.0,0.0,1.0
与益丰,0.0,3.0,0.0,1.0
覆盖范围,0.0,6.0,0.0,1.0
一直,0.0,15.0,0.0,1.0
制药,0.0,12.0,0.0,1.0
附近,0.0,3.0,0.0,1.0
复制,0.0,6.0,0.0,1.0
终端,0.0,3.0,0.0,1.0
生物医药,0.0,6.0,0.0,1.0
精密,0.0,3.0,0.0,1.0
事实上,0.0,12.0,0.0,1.0
高价,0.0,6.0,0.0,1.0
期望,0.0,9.0,0.0,1.0
质押,0.0,3.0,0.0,1.0
人选,0.0,3.0,0.0,1.0
脸,0.0,3.0,0.0,1.0
广告,0.0,3.0,0.0,1.0
仅,0.0,18.0,0.0,1.0
打算,0.0,3.0,0.0,1.0
类,0.0,9.0,0.0,1.0
转让金,0.0,6.0,0.0,1.0
号码,0.0,3.0,0.0,1.0
epaper,0.0,6.0,0.0,1.0
图片,0.0,3.0,0.0,1.0
公布,0.0,12.0,0.0,1.0
丰富,0.0,6.0,0.0,1.0
情有独钟,0.0,3.0,0.0,1.0
本页,0.0,6.0,0.0,1.0
工商,0.0,18.0,0.0,1.0
一个,0.0,18.0,0.0,1.0
万元,0.0,3.0,0.0,1.0
到,0.0,30.0,0.0,1.0
地位,0.0,6.0,0.0,1.0
最高人民法院,0.0,12.0,0.0,1.0
没有,0.0,33.0,0.0,1.0
陈发树会,0.0,3.0,0.0,1.0
借力,0.0,3.0,0.0,1.0
漫长,0.0,3.0,0.0,1.0
后市,0.0,6.0,0.0,1.0
股票,0.0,9.0,0.0,1.0
名,0.0,9.0,0.0,1.0
此前,0.0,12.0,0.0,1.0
榜首,0.0,3.0,0.0,1.0
395.7,0.0,3.0,0.0,1.0
水果,7.0,0.0,1.0,0.0
日晚,0.0,15.0,0.0,1.0
天然,0.0,3.0,0.0,1.0
kpic,0.0,6.0,0.0,1.0
今天,0.0,3.0,0.0,1.0
书,0.0,3.0,0.0,1.0
亿吃下,0.0,3.0,0.0,1.0
发乳,0.0,3.0,0.0,1.0
亿入资,0.0,3.0,0.0,1.0
金胺,0.0,3.0,0.0,1.0
漂亮,0.0,3.0,0.0,1.0
507.4,0.0,3.0,0.0,1.0
打工,0.0,3.0,0.0,1.0
业务,0.0,24.0,0.0,1.0
来看,0.0,3.0,0.0,1.0
多种,0.0,6.0,0.0,1.0
令,0.0,3.0,0.0,1.0
帷幕,0.0,3.0,0.0,1.0
养生,0.0,6.0,0.0,1.0
存在,0.0,9.0,0.0,1.0
538,0.0,18.0,0.0,1.0
属于,0.0,9.0,0.0,1.0
起,0.0,3.0,0.0,1.0
富豪,0.0,3.0,0.0,1.0
毛利,0.0,6.0,0.0,1.0
最低,0.0,3.0,0.0,1.0
得到,0.0,15.0,0.0,1.0
利息,0.0,9.0,0.0,1.0
辞职,0.0,6.0,0.0,1.0
需,0.0,3.0,0.0,1.0
产品,0.0,102.0,0.0,1.0
这次,0.0,3.0,0.0,1.0
协同效应,0.0,6.0,0.0,1.0
贴,0.0,3.0,0.0,1.0
民营,0.0,12.0,0.0,1.0
..,0.0,3.0,0.0,1.0
433,0.0,3.0,0.0,1.0
甚至,4.0,5.0,0.4444444444444444,0.5555555555555556
122,0.0,6.0,0.0,1.0
福建,0.0,6.0,0.0,1.0
另一方面,0.0,6.0,0.0,1.0
高速,0.0,3.0,0.0,1.0
或者,0.0,3.0,0.0,1.0
闯入,0.0,3.0,0.0,1.0
不可,0.0,3.0,0.0,1.0
债券,0.0,18.0,0.0,1.0
表现,0.0,9.0,0.0,1.0
医药,0.0,57.0,0.0,1.0
签订,0.0,9.0,0.0,1.0
市值,0.0,21.0,0.0,1.0
测定,0.0,3.0,0.0,1.0
咨询中心,0.0,3.0,0.0,1.0
品牌,0.0,27.0,0.0,1.0
真正,0.0,15.0,0.0,1.0
显示,0.0,15.0,0.0,1.0
力度,0.0,12.0,0.0,1.0
转型,0.0,9.0,0.0,1.0
巨额,0.0,6.0,0.0,1.0
首批,0.0,3.0,0.0,1.0
千亩,0.0,3.0,0.0,1.0
难,0.0,3.0,0.0,1.0
阶段,0.0,3.0,0.0,1.0
胡润,0.0,6.0,0.0,1.0
项目,0.0,6.0,0.0,1.0
501.06,0.0,6.0,0.0,1.0
表明,0.0,6.0,0.0,1.0
榜样,0.0,3.0,0.0,1.0
难以,0.0,3.0,0.0,1.0
名次,0.0,3.0,0.0,1.0
已,0.0,27.0,0.0,1.0
面值,0.0,3.0,0.0,1.0
简称,0.0,59.0,0.0,1.0
经理人,0.0,9.0,0.0,1.0
253.7,0.0,14.0,0.0,1.0
从不,0.0,3.0,0.0,1.0
埋,0.0,3.0,0.0,1.0
自身,0.0,3.0,0.0,1.0
发生,0.0,18.0,0.0,1.0
一新,0.0,3.0,0.0,1.0
5.5,0.0,6.0,0.0,1.0
能否,0.0,9.0,0.0,1.0
方案,0.0,12.0,0.0,1.0
当,0.0,3.0,0.0,1.0
院,0.0,3.0,0.0,1.0
包扎,7.0,0.0,1.0,0.0
分析,0.0,6.0,0.0,1.0
眼镜,3.0,0.0,1.0,0.0
253,0.0,3.0,0.0,1.0
辉,0.0,3.0,0.0,1.0
核心,0.0,15.0,0.0,1.0
各种,7.0,0.0,1.0,0.0
干脆,0.0,6.0,0.0,1.0
子公司,0.0,6.0,0.0,1.0
终止,0.0,3.0,0.0,1.0
高,0.0,18.0,0.0,1.0
互相,0.0,3.0,0.0,1.0
王坤,0.0,3.0,0.0,1.0
进一步,0.0,18.0,0.0,1.0
经济,0.0,3.0,0.0,1.0
之下,0.0,3.0,0.0,1.0
历任,0.0,3.0,0.0,1.0
说明,0.0,3.0,0.0,1.0
深水,0.0,6.0,0.0,1.0
改为,0.0,3.0,0.0,1.0
带给,0.0,3.0,0.0,1.0
比例,0.0,27.0,0.0,1.0
动力,0.0,3.0,0.0,1.0
神农,0.0,3.0,0.0,1.0
启动,0.0,12.0,0.0,1.0
药业,0.0,30.0,0.0,1.0
过,7.0,6.0,0.5384615384615384,0.46153846153846156
40,0.0,3.0,0.0,1.0
res11,0.0,3.0,0.0,1.0
同日,0.0,3.0,0.0,1.0
完毕,0.0,3.0,0.0,1.0
大涨,0.0,9.0,0.0,1.0
成都市,0.0,3.0,0.0,1.0
钱,0.0,6.0,0.0,1.0
最终,0.0,12.0,0.0,1.0
又,3.0,21.0,0.125,0.875
介绍,0.0,6.0,0.0,1.0
特色,0.0,3.0,0.0,1.0
引入,0.0,63.0,0.0,1.0
宣布,0.0,12.0,0.0,1.0
产品质量,0.0,3.0,0.0,1.0
存疑,0.0,3.0,0.0,1.0
其,0.0,78.0,0.0,1.0
进行,0.0,12.0,0.0,1.0
当天,0.0,6.0,0.0,1.0
新进展,0.0,3.0,0.0,1.0
平台,0.0,6.0,0.0,1.0
杀,0.0,3.0,0.0,1.0
吸收,0.0,6.0,0.0,1.0
cn,0.0,12.0,0.0,1.0
发布公告,0.0,30.0,0.0,1.0
投资人,0.0,3.0,0.0,1.0
得知,0.0,3.0,0.0,1.0
报名,0.0,6.0,0.0,1.0
史立臣,0.0,6.0,0.0,1.0
从业者,0.0,3.0,0.0,1.0
优化,0.0,6.0,0.0,1.0
航空,0.0,6.0,0.0,1.0
去年同期,0.0,3.0,0.0,1.0
幸运,0.0,3.0,0.0,1.0
每次,0.0,6.0,0.0,1.0
深度,0.0,3.0,0.0,1.0
最近,0.0,3.0,0.0,1.0
青海,0.0,6.0,0.0,1.0
日,0.0,102.0,0.0,1.0
关于,0.0,30.0,0.0,1.0
全资,0.0,3.0,0.0,1.0
云南,0.0,48.0,0.0,1.0
驰名商标,0.0,3.0,0.0,1.0
模式,0.0,3.0,0.0,1.0
月底,0.0,6.0,0.0,1.0
前,0.0,6.0,0.0,1.0
赛程,0.0,3.0,0.0,1.0
认为,0.0,18.0,0.0,1.0
公益,0.0,9.0,0.0,1.0
神助,0.0,3.0,0.0,1.0
机场,0.0,6.0,0.0,1.0
73.32,0.0,3.0,0.0,1.0
符合规定,0.0,3.0,0.0,1.0
审查,0.0,9.0,0.0,1.0
增补,0.0,9.0,0.0,1.0
部长,0.0,6.0,0.0,1.0
首位,0.0,3.0,0.0,1.0
剂型,0.0,3.0,0.0,1.0
遭,0.0,3.0,0.0,1.0
老,0.0,3.0,0.0,1.0
重重的,0.0,3.0,0.0,1.0
创新,0.0,9.0,0.0,1.0
原则,0.0,3.0,0.0,1.0
袋,3.0,0.0,1.0,0.0
拟向,0.0,9.0,0.0,1.0
西安,0.0,3.0,0.0,1.0
奖,0.0,3.0,0.0,1.0
11,0.0,3.0,0.0,1.0
GMP,0.0,3.0,0.0,1.0
此番,0.0,9.0,0.0,1.0
景程,0.0,3.0,0.0,1.0
国人,0.0,3.0,0.0,1.0
中西药,0.0,3.0,0.0,1.0
细分,0.0,3.0,0.0,1.0
业界,0.0,9.0,0.0,1.0
通报,0.0,9.0,0.0,1.0
包括,0.0,3.0,0.0,1.0
创可贴,3.0,6.0,0.3333333333333333,0.6666666666666666
不同,0.0,6.0,0.0,1.0
薰衣草,0.0,3.0,0.0,1.0
据,0.0,21.0,0.0,1.0
季报,0.0,3.0,0.0,1.0
厂商,0.0,3.0,0.0,1.0
再创,0.0,9.0,0.0,1.0
算是,0.0,3.0,0.0,1.0
国资委,0.0,81.0,0.0,1.0
个人,0.0,12.0,0.0,1.0
第五,0.0,3.0,0.0,1.0
八年,0.0,6.0,0.0,1.0
尹品耀,0.0,3.0,0.0,1.0
助理,0.0,3.0,0.0,1.0
卫生巾,0.0,6.0,0.0,1.0
儿子,0.0,3.0,0.0,1.0
股,0.0,24.0,0.0,1.0
盖章,0.0,3.0,0.0,1.0
流通,0.0,3.0,0.0,1.0
找到,0.0,3.0,0.0,1.0
备受,0.0,6.0,0.0,1.0
再现,0.0,3.0,0.0,1.0
上海,0.0,6.0,0.0,1.0
attpic,0.0,3.0,0.0,1.0
势必,0.0,3.0,0.0,1.0
生活,0.0,6.0,0.0,1.0
金额,0.0,9.0,0.0,1.0
药用植物,0.0,3.0,0.0,1.0
创制,0.0,3.0,0.0,1.0
五粮液,0.0,9.0,0.0,1.0
韬略,0.0,3.0,0.0,1.0
56,0.0,12.0,0.0,1.0
担任,0.0,6.0,0.0,1.0
2,0.0,12.0,0.0,1.0
既有,0.0,6.0,0.0,1.0
带来,0.0,6.0,0.0,1.0
泸州,0.0,3.0,0.0,1.0
实施,0.0,12.0,0.0,1.0
购买,0.0,6.0,0.0,1.0
相比之下,0.0,3.0,0.0,1.0
改进,0.0,3.0,0.0,1.0
工具,0.0,3.0,0.0,1.0
定位,0.0,3.0,0.0,1.0
日电,0.0,3.0,0.0,1.0
医药行业,0.0,9.0,0.0,1.0
高粱,7.0,0.0,1.0,0.0
养元青,0.0,12.0,0.0,1.0
优质,0.0,6.0,0.0,1.0
时至今日,0.0,3.0,0.0,1.0
确定,0.0,12.0,0.0,1.0
无分,0.0,3.0,0.0,1.0
调整期,0.0,6.0,0.0,1.0
江苏,0.0,126.0,0.0,1.0
止血,0.0,3.0,0.0,1.0
接到,0.0,15.0,0.0,1.0
质地,0.0,3.0,0.0,1.0
公益活动,0.0,3.0,0.0,1.0
出价,0.0,6.0,0.0,1.0
多次,0.0,3.0,0.0,1.0
抽验,0.0,3.0,0.0,1.0
hqpick,0.0,3.0,0.0,1.0
原实控,0.0,6.0,0.0,1.0
市场竞争,0.0,6.0,0.0,1.0
忙活,0.0,3.0,0.0,1.0
剔除,0.0,3.0,0.0,1.0
号文,0.0,3.0,0.0,1.0
看望,0.0,3.0,0.0,1.0
挑,7.0,0.0,1.0,0.0
王维,0.0,3.0,0.0,1.0
6088.75,0.0,3.0,0.0,1.0
变更,0.0,72.0,0.0,1.0
再次,0.0,12.0,0.0,1.0
-,0.0,24.0,0.0,1.0
一颗,0.0,3.0,0.0,1.0
eastmoney,0.0,3.0,0.0,1.0
种,7.0,3.0,0.7,0.3
局,0.0,3.0,0.0,1.0
张杰,0.0,3.0,0.0,1.0
全面解决,0.0,3.0,0.0,1.0
91.88,0.0,6.0,0.0,1.0
运动,0.0,6.0,0.0,1.0
31,0.0,3.0,0.0,1.0
既然如此,0.0,3.0,0.0,1.0
上市公司,0.0,48.0,0.0,1.0
运营,0.0,6.0,0.0,1.0
发起,0.0,6.0,0.0,1.0
—,0.0,52.0,0.0,1.0
2012,0.0,3.0,0.0,1.0
半年,0.0,3.0,0.0,1.0
翻身仗,0.0,3.0,0.0,1.0
收入,0.0,12.0,0.0,1.0
作者,0.0,3.0,0.0,1.0
总数,0.0,3.0,0.0,1.0
情况,0.0,15.0,0.0,1.0
羚锐,0.0,3.0,0.0,1.0
不太,0.0,3.0,0.0,1.0
、,28.0,537.0,0.049557522123893805,0.9504424778761061
干粮,3.0,0.0,1.0,0.0
迎来,0.0,3.0,0.0,1.0
扣,3.0,0.0,1.0,0.0
达成,0.0,12.0,0.0,1.0
激活,0.0,6.0,0.0,1.0
参会者,0.0,3.0,0.0,1.0
受托,0.0,9.0,0.0,1.0
但,0.0,51.0,0.0,1.0
恐怕,0.0,3.0,0.0,1.0
不但,0.0,3.0,0.0,1.0
大成,0.0,3.0,0.0,1.0
云,0.0,6.0,0.0,1.0
邦,0.0,3.0,0.0,1.0
再也不会,0.0,3.0,0.0,1.0
中国证券监督管理委员会,0.0,3.0,0.0,1.0
就算,0.0,3.0,0.0,1.0
104.52,0.0,3.0,0.0,1.0
文明,0.0,6.0,0.0,1.0
南方,0.0,9.0,0.0,1.0
主力,0.0,3.0,0.0,1.0
受伤,7.0,0.0,1.0,0.0
第三,0.0,3.0,0.0,1.0
首先,0.0,6.0,0.0,1.0
力争,0.0,3.0,0.0,1.0
口罩,0.0,3.0,0.0,1.0
两种,0.0,6.0,0.0,1.0
成效,0.0,6.0,0.0,1.0
一次,0.0,21.0,0.0,1.0
概念,0.0,3.0,0.0,1.0
安全,3.0,0.0,1.0,0.0
16,0.0,15.0,0.0,1.0
困难,0.0,3.0,0.0,1.0
之间,0.0,6.0,0.0,1.0
行情,0.0,66.0,0.0,1.0
理念,0.0,6.0,0.0,1.0
函,0.0,3.0,0.0,1.0
.,0.0,83.0,0.0,1.0
方向,0.0,3.0,0.0,1.0
33.33,0.0,6.0,0.0,1.0
伙伴,0.0,3.0,0.0,1.0
联想,0.0,3.0,0.0,1.0
管理,0.0,27.0,0.0,1.0
4.152,0.0,3.0,0.0,1.0
投资者,0.0,51.0,0.0,1.0
送上,0.0,3.0,0.0,1.0
补肾,0.0,6.0,0.0,1.0
GB3150,0.0,3.0,0.0,1.0
一应俱全,3.0,0.0,1.0,0.0
创口,0.0,3.0,0.0,1.0
权益,0.0,6.0,0.0,1.0
良好,0.0,3.0,0.0,1.0
近,0.0,9.0,0.0,1.0
92,0.0,3.0,0.0,1.0
稳定,0.0,3.0,0.0,1.0
预期,0.0,21.0,0.0,1.0
答案,0.0,3.0,0.0,1.0
还,7.0,27.0,0.20588235294117646,0.7941176470588235
img,0.0,3.0,0.0,1.0
排,0.0,3.0,0.0,1.0
一系列,0.0,3.0,0.0,1.0
华润,0.0,9.0,0.0,1.0
计划,0.0,12.0,0.0,1.0
跑团,0.0,3.0,0.0,1.0
护理产品,0.0,3.0,0.0,1.0
朱姝,0.0,3.0,0.0,1.0
夏日,0.0,3.0,0.0,1.0
微商,0.0,3.0,0.0,1.0
出较,0.0,3.0,0.0,1.0
分至,0.0,3.0,0.0,1.0
操作,0.0,6.0,0.0,1.0
00519,0.0,3.0,0.0,1.0
正处级,0.0,6.0,0.0,1.0
队员,3.0,0.0,1.0,0.0
多样,0.0,3.0,0.0,1.0
属,0.0,3.0,0.0,1.0
全称,0.0,3.0,0.0,1.0
看点,0.0,12.0,0.0,1.0
张晓晖,0.0,3.0,0.0,1.0
从,0.0,27.0,0.0,1.0
直至,0.0,6.0,0.0,1.0
二级,0.0,9.0,0.0,1.0
迈,0.0,3.0,0.0,1.0
掌握,0.0,3.0,0.0,1.0
决策,0.0,9.0,0.0,1.0
头皮,0.0,6.0,0.0,1.0
sinaimg,0.0,3.0,0.0,1.0
饮用水,3.0,0.0,1.0,0.0
霾,0.0,3.0,0.0,1.0
从未,0.0,6.0,0.0,1.0
如此,0.0,9.0,0.0,1.0
商标,0.0,3.0,0.0,1.0
不便,0.0,3.0,0.0,1.0
224.11,0.0,3.0,0.0,1.0
基因,0.0,9.0,0.0,1.0
展现出,0.0,3.0,0.0,1.0
人为,0.0,6.0,0.0,1.0
主张,0.0,6.0,0.0,1.0
唐骏,0.0,3.0,0.0,1.0
百强,0.0,3.0,0.0,1.0
动作,0.0,6.0,0.0,1.0
否定,0.0,3.0,0.0,1.0
正式,0.0,9.0,0.0,1.0
经,0.0,24.0,0.0,1.0
云政复,0.0,3.0,0.0,1.0
对比,0.0,3.0,0.0,1.0
停产,0.0,3.0,0.0,1.0
200,0.0,3.0,0.0,1.0
Q,0.0,3.0,0.0,1.0
败诉,0.0,9.0,0.0,1.0
举例,0.0,3.0,0.0,1.0
营业执照,0.0,6.0,0.0,1.0
大幅提高,0.0,3.0,0.0,1.0
推行,0.0,3.0,0.0,1.0
免职,0.0,6.0,0.0,1.0
雄心,0.0,3.0,0.0,1.0
完全符合,0.0,3.0,0.0,1.0
远超,0.0,9.0,0.0,1.0
华,0.0,3.0,0.0,1.0
一,0.0,15.0,0.0,1.0
人武部,0.0,3.0,0.0,1.0
精油,0.0,6.0,0.0,1.0
股均,0.0,3.0,0.0,1.0
今年,0.0,48.0,0.0,1.0
此后,0.0,6.0,0.0,1.0
港股,0.0,3.0,0.0,1.0
卖出,0.0,3.0,0.0,1.0
牙膏,0.0,39.0,0.0,1.0
代价,0.0,9.0,0.0,1.0
二是,0.0,3.0,0.0,1.0
0.09,0.0,3.0,0.0,1.0
查看,0.0,6.0,0.0,1.0
约定,0.0,3.0,0.0,1.0
着墨,0.0,3.0,0.0,1.0
母亲节,0.0,3.0,0.0,1.0
全部,6.0,14.0,0.3,0.7
thsi,0.0,3.0,0.0,1.0
约,0.0,24.0,0.0,1.0
始终,0.0,3.0,0.0,1.0
原因,0.0,3.0,0.0,1.0
嘉辉,0.0,3.0,0.0,1.0
过滤,0.0,3.0,0.0,1.0
国药,0.0,18.0,0.0,1.0
达,0.0,3.0,0.0,1.0
买,7.0,9.0,0.4375,0.5625
聘任,0.0,3.0,0.0,1.0
有利于,0.0,6.0,0.0,1.0
号,0.0,9.0,0.0,1.0
成为,0.0,33.0,0.0,1.0
名医,0.0,3.0,0.0,1.0
骑行,0.0,3.0,0.0,1.0
拿下,0.0,3.0,0.0,1.0
一段时间,0.0,3.0,0.0,1.0
可能性,0.0,3.0,0.0,1.0
增,0.0,9.0,0.0,1.0
中药,0.0,36.0,0.0,1.0
回,0.0,3.0,0.0,1.0
总资产,0.0,3.0,0.0,1.0
同时,0.0,30.0,0.0,1.0
砸锅卖铁,0.0,6.0,0.0,1.0
30,0.0,9.0,0.0,1.0
桃园,0.0,3.0,0.0,1.0
反垄断,0.0,3.0,0.0,1.0
白药,0.0,281.0,0.0,1.0
云南省,0.0,102.0,0.0,1.0
是因为,0.0,9.0,0.0,1.0
后者,0.0,6.0,0.0,1.0
处于,0.0,3.0,0.0,1.0
曲焕章,0.0,3.0,0.0,1.0
昔日,0.0,3.0,0.0,1.0
页,0.0,3.0,0.0,1.0
筹划,0.0,6.0,0.0,1.0
行为,0.0,3.0,0.0,1.0
总经理,0.0,15.0,0.0,1.0
多家,0.0,6.0,0.0,1.0
],0.0,24.0,0.0,1.0
迈出,0.0,3.0,0.0,1.0
离奇,0.0,6.0,0.0,1.0
路红东,0.0,9.0,0.0,1.0
发布,0.0,27.0,0.0,1.0
赛包,0.0,3.0,0.0,1.0
深刻,0.0,3.0,0.0,1.0
围绕,0.0,6.0,0.0,1.0
两大,0.0,9.0,0.0,1.0
高级,0.0,6.0,0.0,1.0
监事,0.0,15.0,0.0,1.0
销售,0.0,9.0,0.0,1.0
转让,0.0,27.0,0.0,1.0
收场,0.0,3.0,0.0,1.0
44.18,0.0,3.0,0.0,1.0
消息,0.0,9.0,0.0,1.0
接听,0.0,6.0,0.0,1.0
如愿以偿,0.0,3.0,0.0,1.0
名单,0.0,12.0,0.0,1.0
事项,0.0,27.0,0.0,1.0
之前,0.0,9.0,0.0,1.0
南京,0.0,6.0,0.0,1.0
擅自,0.0,3.0,0.0,1.0
参赛,0.0,3.0,0.0,1.0
利润,0.0,9.0,0.0,1.0
停牌,0.0,21.0,0.0,1.0
这一,0.0,9.0,0.0,1.0
正常,0.0,3.0,0.0,1.0
吴,0.0,6.0,0.0,1.0
研究院,0.0,3.0,0.0,1.0
大,0.0,99.0,0.0,1.0
185,0.0,3.0,0.0,1.0
广药,0.0,3.0,0.0,1.0
26,0.0,15.0,0.0,1.0
编者按,0.0,3.0,0.0,1.0
会计,0.0,3.0,0.0,1.0
常规,0.0,3.0,0.0,1.0
协作,0.0,3.0,0.0,1.0
回馈,0.0,6.0,0.0,1.0
合格,0.0,42.0,0.0,1.0
区,0.0,6.0,0.0,1.0
漏税,0.0,3.0,0.0,1.0
热毒,0.0,3.0,0.0,1.0
排名,0.0,9.0,0.0,1.0
结构,0.0,12.0,0.0,1.0
市场需求,0.0,6.0,0.0,1.0
三中全会,0.0,3.0,0.0,1.0
理由,0.0,3.0,0.0,1.0
brief,0.0,3.0,0.0,1.0
证明,0.0,3.0,0.0,1.0
不得,0.0,3.0,0.0,1.0
层面,0.0,18.0,0.0,1.0
最好,0.0,3.0,0.0,1.0
年度,0.0,15.0,0.0,1.0
余年,0.0,3.0,0.0,1.0
原生,0.0,3.0,0.0,1.0
养老,0.0,6.0,0.0,1.0
设立,0.0,3.0,0.0,1.0
聚焦,0.0,9.0,0.0,1.0
正气水,0.0,3.0,0.0,1.0
查出,0.0,3.0,0.0,1.0
上药,0.0,9.0,0.0,1.0
SRC,0.0,21.0,0.0,1.0
打,0.0,3.0,0.0,1.0
有助于,0.0,3.0,0.0,1.0
定增,0.0,3.0,0.0,1.0
次,0.0,12.0,0.0,1.0
融入,0.0,3.0,0.0,1.0
很多,7.0,3.0,0.7,0.3
管理效率,0.0,3.0,0.0,1.0
布局,0.0,15.0,0.0,1.0
中证注,0.0,3.0,0.0,1.0
要,0.0,9.0,0.0,1.0
有关,0.0,3.0,0.0,1.0
速度,0.0,9.0,0.0,1.0
中高层,0.0,3.0,0.0,1.0
神秘,0.0,3.0,0.0,1.0
目的,0.0,9.0,0.0,1.0
按照,0.0,6.0,0.0,1.0
让,0.0,18.0,0.0,1.0
痴情,0.0,3.0,0.0,1.0
红塔集团,0.0,45.0,0.0,1.0
看好,0.0,9.0,0.0,1.0
12.32,0.0,9.0,0.0,1.0
突破口,0.0,3.0,0.0,1.0
至此,0.0,6.0,0.0,1.0
涨,0.0,3.0,0.0,1.0
下跌,0.0,3.0,0.0,1.0
最大,0.0,12.0,0.0,1.0
骑,0.0,6.0,0.0,1.0
王鹏花,7.0,0.0,1.0,0.0
支撑,0.0,3.0,0.0,1.0
设置,0.0,3.0,0.0,1.0
一定,0.0,18.0,0.0,1.0
被,0.0,84.0,0.0,1.0
创富圈,0.0,3.0,0.0,1.0
慈善,0.0,6.0,0.0,1.0
生产,0.0,48.0,0.0,1.0
关注,0.0,15.0,0.0,1.0
保健品,0.0,3.0,0.0,1.0
发生变化,0.0,3.0,0.0,1.0
指,0.0,3.0,0.0,1.0
之日起,0.0,3.0,0.0,1.0
借助,0.0,6.0,0.0,1.0
应该,0.0,9.0,0.0,1.0
态势,0.0,3.0,0.0,1.0
财经,0.0,6.0,0.0,1.0
和睦,0.0,3.0,0.0,1.0
现在,0.0,6.0,0.0,1.0
通告,0.0,9.0,0.0,1.0
标题,0.0,3.0,0.0,1.0
竞价,0.0,3.0,0.0,1.0
批复,0.0,9.0,0.0,1.0
600660,0.0,3.0,0.0,1.0
二者,0.0,3.0,0.0,1.0
春花,0.0,3.0,0.0,1.0
系列,0.0,9.0,0.0,1.0
以后,0.0,3.0,0.0,1.0
单方面,0.0,21.0,0.0,1.0
彼时,0.0,3.0,0.0,1.0
254,0.0,42.0,0.0,1.0
豪掷,0.0,3.0,0.0,1.0
抽检,0.0,3.0,0.0,1.0
比上,0.0,3.0,0.0,1.0
评为,0.0,3.0,0.0,1.0
除了,0.0,18.0,0.0,1.0
军区,0.0,3.0,0.0,1.0
触及,0.0,6.0,0.0,1.0
多亿,0.0,6.0,0.0,1.0
商业,0.0,9.0,0.0,1.0
选举,0.0,3.0,0.0,1.0
灰分,0.0,3.0,0.0,1.0
辞职报告,0.0,9.0,0.0,1.0
专业人才,0.0,3.0,0.0,1.0
62,0.0,6.0,0.0,1.0
代码,0.0,6.0,0.0,1.0
逆袭,0.0,3.0,0.0,1.0
人寿保险,0.0,3.0,0.0,1.0
有价证券,0.0,3.0,0.0,1.0
资本,0.0,39.0,0.0,1.0
加大,0.0,3.0,0.0,1.0
增幅,0.0,3.0,0.0,1.0
很,0.0,3.0,0.0,1.0
旗帜,0.0,3.0,0.0,1.0
医疗界,0.0,3.0,0.0,1.0
冤家,0.0,3.0,0.0,1.0
附第,0.0,6.0,0.0,1.0
协议,0.0,36.0,0.0,1.0
落下,0.0,3.0,0.0,1.0
空间,0.0,3.0,0.0,1.0
较,0.0,9.0,0.0,1.0
实体,0.0,3.0,0.0,1.0
社会,0.0,6.0,0.0,1.0
而成,0.0,6.0,0.0,1.0
安排,0.0,6.0,0.0,1.0
总局,0.0,15.0,0.0,1.0
元,0.0,30.0,0.0,1.0
圆满,0.0,3.0,0.0,1.0
要命,0.0,3.0,0.0,1.0
比,0.0,15.0,0.0,1.0
过程,3.0,0.0,1.0,0.0
月份,0.0,9.0,0.0,1.0
调味品,0.0,3.0,0.0,1.0
享受,0.0,3.0,0.0,1.0
71,0.0,6.0,0.0,1.0
关联方,0.0,3.0,0.0,1.0
主,0.0,3.0,0.0,1.0
检验,0.0,15.0,0.0,1.0
湛江市,0.0,3.0,0.0,1.0
产销,0.0,3.0,0.0,1.0
头灯,3.0,0.0,1.0,0.0
取消,0.0,3.0,0.0,1.0
yzwb,0.0,6.0,0.0,1.0
大宗,0.0,3.0,0.0,1.0
协商,0.0,3.0,0.0,1.0
撑起,0.0,3.0,0.0,1.0
民资,0.0,3.0,0.0,1.0
谋求,0.0,3.0,0.0,1.0
15.24,0.0,6.0,0.0,1.0
科科长,0.0,3.0,0.0,1.0
礼包,0.0,3.0,0.0,1.0
龙头,0.0,12.0,0.0,1.0
劳动,0.0,3.0,0.0,1.0
扔,0.0,3.0,0.0,1.0
没,0.0,6.0,0.0,1.0
皓脉,0.0,3.0,0.0,1.0
二,0.0,6.0,0.0,1.0
16.73,0.0,3.0,0.0,1.0
紧接着,0.0,3.0,0.0,1.0
所有,3.0,9.0,0.25,0.75
天士力,0.0,3.0,0.0,1.0
能,0.0,15.0,0.0,1.0
十八,0.0,3.0,0.0,1.0
历史,0.0,24.0,0.0,1.0
行业,0.0,3.0,0.0,1.0
质量,0.0,18.0,0.0,1.0
申请,0.0,3.0,0.0,1.0
登上,0.0,6.0,0.0,1.0
用品,3.0,0.0,1.0,0.0
33,0.0,3.0,0.0,1.0
杂志,0.0,3.0,0.0,1.0
仍,0.0,12.0,0.0,1.0
争议,0.0,3.0,0.0,1.0
;,0.0,9.0,0.0,1.0
istocknews,0.0,3.0,0.0,1.0
新浪,0.0,3.0,0.0,1.0
影响,0.0,9.0,0.0,1.0
简式,0.0,3.0,0.0,1.0
收到,0.0,6.0,0.0,1.0
公益事业,0.0,3.0,0.0,1.0
树上,0.0,6.0,0.0,1.0
气雾剂,0.0,3.0,0.0,1.0
携手,0.0,3.0,0.0,1.0
医药界,0.0,3.0,0.0,1.0
朝着,0.0,3.0,0.0,1.0
入选,0.0,9.0,0.0,1.0
个性化,0.0,6.0,0.0,1.0
余个,0.0,3.0,0.0,1.0
历经,0.0,3.0,0.0,1.0
持续,0.0,12.0,0.0,1.0
贵州,0.0,6.0,0.0,1.0
6.94,0.0,6.0,0.0,1.0
用来,0.0,6.0,0.0,1.0
《,0.0,96.0,0.0,1.0
公司债券,0.0,33.0,0.0,1.0
除,0.0,6.0,0.0,1.0
选择,0.0,9.0,0.0,1.0
吃药,0.0,3.0,0.0,1.0
分红,0.0,12.0,0.0,1.0
中旬,0.0,6.0,0.0,1.0
体量,0.0,3.0,0.0,1.0
三国,0.0,3.0,0.0,1.0
母亲,0.0,6.0,0.0,1.0
奖金,0.0,3.0,0.0,1.0
分别,0.0,24.0,0.0,1.0
里,0.0,6.0,0.0,1.0
未来,0.0,39.0,0.0,1.0
早就,0.0,3.0,0.0,1.0
办理,0.0,18.0,0.0,1.0
俯首称臣,0.0,3.0,0.0,1.0
总,0.0,15.0,0.0,1.0
同行业,0.0,6.0,0.0,1.0
从中,0.0,6.0,0.0,1.0
改超,0.0,3.0,0.0,1.0
<,0.0,21.0,0.0,1.0
交易,0.0,42.0,0.0,1.0
台前,0.0,3.0,0.0,1.0
数字,0.0,5.0,0.0,1.0
宝泰康,0.0,6.0,0.0,1.0
大会,0.0,6.0,0.0,1.0
股东大会,0.0,15.0,0.0,1.0
所有制,0.0,36.0,0.0,1.0
很快,0.0,3.0,0.0,1.0
均告,0.0,3.0,0.0,1.0
按,0.0,3.0,0.0,1.0
推进,0.0,30.0,0.0,1.0
湖北,0.0,3.0,0.0,1.0
国内,0.0,21.0,0.0,1.0
fyhskrp9564371,0.0,3.0,0.0,1.0
健康,0.0,117.0,0.0,1.0
视线,0.0,3.0,0.0,1.0
业绩,0.0,15.0,0.0,1.0
具体,0.0,3.0,0.0,1.0
即将来临,0.0,3.0,0.0,1.0
其实,0.0,6.0,0.0,1.0
猛涨,0.0,3.0,0.0,1.0
百位,0.0,3.0,0.0,1.0
相当,0.0,6.0,0.0,1.0
公开,0.0,6.0,0.0,1.0
一是,0.0,6.0,0.0,1.0
布外,0.0,3.0,0.0,1.0
海康,0.0,3.0,0.0,1.0
改画,0.0,3.0,0.0,1.0
外观设计,0.0,3.0,0.0,1.0
?,0.0,3.0,0.0,1.0
为,0.0,192.0,0.0,1.0
/,0.0,141.0,0.0,1.0
法庭,0.0,3.0,0.0,1.0
com,0.0,6.0,0.0,1.0
板块,0.0,9.0,0.0,1.0
从根本上,0.0,3.0,0.0,1.0
全民,0.0,3.0,0.0,1.0
包,0.0,3.0,0.0,1.0
尝试,0.0,9.0,0.0,1.0
逼,0.0,3.0,0.0,1.0
如今,0.0,3.0,0.0,1.0
国有企业,0.0,9.0,0.0,1.0
上层,0.0,3.0,0.0,1.0
盈利,0.0,3.0,0.0,1.0
悬念,0.0,3.0,0.0,1.0
■,0.0,3.0,0.0,1.0
搞不定,0.0,3.0,0.0,1.0
体系,0.0,3.0,0.0,1.0
雄厚,0.0,3.0,0.0,1.0
res,0.0,3.0,0.0,1.0
国瑞堂,0.0,3.0,0.0,1.0
18.684,0.0,3.0,0.0,1.0
遭遇,0.0,3.0,0.0,1.0
pic430,0.0,6.0,0.0,1.0
案庭审,0.0,3.0,0.0,1.0
向,0.0,54.0,0.0,1.0
扬子江,0.0,9.0,0.0,1.0
线索,0.0,3.0,0.0,1.0
第一,0.0,30.0,0.0,1.0
消费者,0.0,6.0,0.0,1.0
创富,0.0,3.0,0.0,1.0
产品销售,0.0,3.0,0.0,1.0
行动,0.0,9.0,0.0,1.0
民企,0.0,3.0,0.0,1.0
格局,0.0,9.0,0.0,1.0
支配,0.0,3.0,0.0,1.0
基本,0.0,6.0,0.0,1.0
其他,0.0,18.0,0.0,1.0
程晓兵,0.0,3.0,0.0,1.0
随后,0.0,6.0,0.0,1.0
百余年,0.0,3.0,0.0,1.0
初步,0.0,6.0,0.0,1.0
整合,0.0,12.0,0.0,1.0
OTC,0.0,3.0,0.0,1.0
27,0.0,6.0,0.0,1.0
几个,0.0,6.0,0.0,1.0
种下,0.0,6.0,0.0,1.0
榜上有名,0.0,3.0,0.0,1.0
盯上,0.0,3.0,0.0,1.0
214.74,0.0,3.0,0.0,1.0
体现,0.0,3.0,0.0,1.0
低调,0.0,3.0,0.0,1.0
绝处逢生,0.0,3.0,0.0,1.0
打破,0.0,3.0,0.0,1.0
卷土重来,0.0,3.0,0.0,1.0
有限责任,0.0,9.0,0.0,1.0
给予,0.0,3.0,0.0,1.0
花叶,0.0,3.0,0.0,1.0
回到,0.0,3.0,0.0,1.0
手中,0.0,6.0,0.0,1.0
组建,0.0,3.0,0.0,1.0
网,0.0,3.0,0.0,1.0
矿业,0.0,6.0,0.0,1.0
46,0.0,3.0,0.0,1.0
自,0.0,12.0,0.0,1.0
级,0.0,15.0,0.0,1.0
链,0.0,3.0,0.0,1.0
举措,0.0,3.0,0.0,1.0
威视,0.0,3.0,0.0,1.0
权之争,0.0,3.0,0.0,1.0
查封,0.0,3.0,0.0,1.0
基金,0.0,6.0,0.0,1.0
数据,0.0,6.0,0.0,1.0
万,0.0,3.0,0.0,1.0
销售收入,0.0,6.0,0.0,1.0
行为准则,0.0,3.0,0.0,1.0
24,0.0,3.0,0.0,1.0
n,0.0,3.0,0.0,1.0
合作伙伴,0.0,3.0,0.0,1.0
采取,0.0,3.0,0.0,1.0
颗粒,0.0,9.0,0.0,1.0
人民币,0.0,15.0,0.0,1.0
营业,0.0,12.0,0.0,1.0
地区,0.0,9.0,0.0,1.0
陈发树争,0.0,3.0,0.0,1.0
64.98,0.0,9.0,0.0,1.0
把,0.0,6.0,0.0,1.0
合计,0.0,3.0,0.0,1.0
云南白药,10.0,1210.0,0.00819672131147541,0.9918032786885246
死心,0.0,3.0,0.0,1.0
者,0.0,6.0,0.0,1.0
黑名单,0.0,3.0,0.0,1.0
002415,0.0,3.0,0.0,1.0
医疗,0.0,48.0,0.0,1.0
文件,0.0,9.0,0.0,1.0
留有,0.0,3.0,0.0,1.0
最新,0.0,9.0,0.0,1.0
步骤,0.0,3.0,0.0,1.0
改后,0.0,6.0,0.0,1.0
升至,0.0,6.0,0.0,1.0
毕业,0.0,3.0,0.0,1.0
目前,0.0,27.0,0.0,1.0
2014,0.0,24.0,0.0,1.0
一半,0.0,9.0,0.0,1.0
康复,0.0,3.0,0.0,1.0
经历,0.0,3.0,0.0,1.0
2017,0.0,45.0,0.0,1.0
产业链,0.0,6.0,0.0,1.0
29,0.0,6.0,0.0,1.0
112229,0.0,3.0,0.0,1.0
后均,0.0,3.0,0.0,1.0
四处张望,0.0,3.0,0.0,1.0
16.6,0.0,3.0,0.0,1.0
议论,0.0,3.0,0.0,1.0
经常,7.0,0.0,1.0,0.0
独立,0.0,6.0,0.0,1.0
急救箱,3.0,0.0,1.0,0.0
难题,0.0,3.0,0.0,1.0
[,0.0,24.0,0.0,1.0
顺利,0.0,3.0,0.0,1.0
23,0.0,6.0,0.0,1.0
处理,0.0,3.0,0.0,1.0
整整,0.0,3.0,0.0,1.0
主任,0.0,3.0,0.0,1.0
消费,0.0,9.0,0.0,1.0
36,0.0,3.0,0.0,1.0
年期,0.0,6.0,0.0,1.0
之一,0.0,9.0,0.0,1.0
股东会,0.0,9.0,0.0,1.0
),0.0,120.0,0.0,1.0
片仔癀,0.0,3.0,0.0,1.0
100,0.0,9.0,0.0,1.0
因祸得福,0.0,3.0,0.0,1.0
回家,0.0,6.0,0.0,1.0
实质性,0.0,3.0,0.0,1.0
平安,0.0,9.0,0.0,1.0
先同,0.0,3.0,0.0,1.0
营收,0.0,9.0,0.0,1.0
05,0.0,12.0,0.0,1.0
来源,0.0,18.0,0.0,1.0
延迟,0.0,3.0,0.0,1.0
早盘,0.0,3.0,0.0,1.0
辞去,0.0,3.0,0.0,1.0
决议,0.0,3.0,0.0,1.0
品种,0.0,6.0,0.0,1.0
举行,0.0,12.0,0.0,1.0
丈夫,7.0,0.0,1.0,0.0
clq,0.0,3.0,0.0,1.0
三上,0.0,3.0,0.0,1.0
高层,0.0,6.0,0.0,1.0
净资产,0.0,6.0,0.0,1.0
2008,0.0,6.0,0.0,1.0
尘埃落定,0.0,3.0,0.0,1.0
逐利,0.0,3.0,0.0,1.0
金融,0.0,3.0,0.0,1.0
看来,0.0,3.0,0.0,1.0
胶囊,0.0,6.0,0.0,1.0
证监,0.0,3.0,0.0,1.0
最,0.0,12.0,0.0,1.0
媒体报道,0.0,3.0,0.0,1.0
net,0.0,6.0,0.0,1.0
能够,0.0,12.0,0.0,1.0
加上,0.0,3.0,0.0,1.0
茅台,0.0,6.0,0.0,1.0
人力资源,0.0,3.0,0.0,1.0
评估,0.0,12.0,0.0,1.0
全景网,0.0,9.0,0.0,1.0
创业,0.0,3.0,0.0,1.0
22.934,0.0,3.0,0.0,1.0
要求,0.0,3.0,0.0,1.0
暨,0.0,6.0,0.0,1.0
位,0.0,9.0,0.0,1.0
冲着,0.0,3.0,0.0,1.0
报告,0.0,15.0,0.0,1.0
直击,0.0,3.0,0.0,1.0
反悔,0.0,6.0,0.0,1.0
任何,0.0,12.0,0.0,1.0
增资,0.0,102.0,0.0,1.0
搞,0.0,3.0,0.0,1.0
陈发树诉,0.0,3.0,0.0,1.0
打出,0.0,3.0,0.0,1.0
做法,0.0,3.0,0.0,1.0
日讯,0.0,12.0,0.0,1.0
一场,0.0,3.0,0.0,1.0
助力,0.0,3.0,0.0,1.0
上升期,0.0,3.0,0.0,1.0
国税,0.0,3.0,0.0,1.0
15,0.0,3.0,0.0,1.0
2007,0.0,3.0,0.0,1.0
通过,0.0,63.0,0.0,1.0
剥离,0.0,3.0,0.0,1.0
‘,0.0,3.0,0.0,1.0
189165851,0.0,3.0,0.0,1.0
进入,0.0,24.0,0.0,1.0
必然,0.0,3.0,0.0,1.0
O,0.0,3.0,0.0,1.0
该,0.0,12.0,0.0,1.0
军分区,0.0,3.0,0.0,1.0
国联,0.0,3.0,0.0,1.0
海外,0.0,3.0,0.0,1.0
厂,0.0,3.0,0.0,1.0
面前,0.0,3.0,0.0,1.0
知名,0.0,9.0,0.0,1.0
0.86,0.0,3.0,0.0,1.0
崭新,0.0,3.0,0.0,1.0
职业,0.0,9.0,0.0,1.0
扣非,0.0,6.0,0.0,1.0
随着,0.0,9.0,0.0,1.0
pngdata,0.0,6.0,0.0,1.0
到手,0.0,3.0,0.0,1.0
一桩,0.0,6.0,0.0,1.0
发,0.0,3.0,0.0,1.0
盘中,0.0,15.0,0.0,1.0
建设,0.0,3.0,0.0,1.0
管,0.0,3.0,0.0,1.0
近期,0.0,3.0,0.0,1.0
以来,0.0,12.0,0.0,1.0
益诚,0.0,3.0,0.0,1.0
屡屡,0.0,3.0,0.0,1.0
雾,0.0,3.0,0.0,1.0
02318,0.0,3.0,0.0,1.0
股创,0.0,3.0,0.0,1.0
财报,0.0,3.0,0.0,1.0
A16,0.0,6.0,0.0,1.0
1902,0.0,3.0,0.0,1.0
20.76,0.0,9.0,0.0,1.0
要约,0.0,30.0,0.0,1.0
内,0.0,9.0,0.0,1.0
上破,0.0,3.0,0.0,1.0
不再,0.0,3.0,0.0,1.0
连带责任,0.0,3.0,0.0,1.0
悠久,0.0,3.0,0.0,1.0
喂,7.0,0.0,1.0,0.0
【,0.0,3.0,0.0,1.0
900,0.0,3.0,0.0,1.0
企业,0.0,123.0,0.0,1.0
另外,0.0,9.0,0.0,1.0
再,0.0,18.0,0.0,1.0
多元化,0.0,6.0,0.0,1.0
人民,0.0,9.0,0.0,1.0
左右,0.0,3.0,0.0,1.0
集体,0.0,3.0,0.0,1.0
审议,0.0,6.0,0.0,1.0
安徽省,0.0,3.0,0.0,1.0
促进,0.0,3.0,0.0,1.0
党委委员,0.0,3.0,0.0,1.0
养好,7.0,0.0,1.0,0.0
股价,0.0,15.0,0.0,1.0
作为,0.0,33.0,0.0,1.0
颇为,0.0,3.0,0.0,1.0
酷暑,0.0,3.0,0.0,1.0
董事会,0.0,18.0,0.0,1.0
39,0.0,3.0,0.0,1.0
如有,0.0,3.0,0.0,1.0
榜,0.0,3.0,0.0,1.0
竞争,0.0,3.0,0.0,1.0
截至,0.0,18.0,0.0,1.0
224,0.0,6.0,0.0,1.0
变化,0.0,9.0,0.0,1.0
温暖,0.0,3.0,0.0,1.0
去,7.0,0.0,1.0,0.0
云南省人民政府,0.0,18.0,0.0,1.0
提议,0.0,3.0,0.0,1.0
国资,0.0,9.0,0.0,1.0
总似,0.0,3.0,0.0,1.0
倍受,0.0,3.0,0.0,1.0
持有,0.0,84.0,0.0,1.0
调整,0.0,27.0,0.0,1.0
记录表,0.0,9.0,0.0,1.0
国信,0.0,12.0,0.0,1.0
公告,0.0,63.0,0.0,1.0
电力,0.0,3.0,0.0,1.0
药,0.0,6.0,0.0,1.0
老窖,0.0,3.0,0.0,1.0
复星,0.0,6.0,0.0,1.0
护理,0.0,9.0,0.0,1.0
大手笔,0.0,3.0,0.0,1.0
超市,7.0,0.0,1.0,0.0
亲临,0.0,3.0,0.0,1.0
做,0.0,12.0,0.0,1.0
开启,0.0,3.0,0.0,1.0
年报,0.0,9.0,0.0,1.0
诸如,0.0,6.0,0.0,1.0
分钟,0.0,2.0,0.0,1.0
大约,0.0,6.0,0.0,1.0
161,0.0,3.0,0.0,1.0
透过,0.0,3.0,0.0,1.0
斥资,0.0,3.0,0.0,1.0
其中,0.0,12.0,0.0,1.0
广发,0.0,6.0,0.0,1.0
上诉,0.0,3.0,0.0,1.0
专项,0.0,3.0,0.0,1.0
等待,0.0,3.0,0.0,1.0
立讯,0.0,3.0,0.0,1.0
可能,0.0,9.0,0.0,1.0
性,0.0,3.0,0.0,1.0
第二,0.0,6.0,0.0,1.0
开胸,0.0,3.0,0.0,1.0
负,0.0,3.0,0.0,1.0
品规,0.0,3.0,0.0,1.0
玉米,7.0,0.0,1.0,0.0
配备,0.0,6.0,0.0,1.0
根据,0.0,12.0,0.0,1.0
单车,0.0,9.0,0.0,1.0
升级,0.0,3.0,0.0,1.0
益丰,0.0,3.0,0.0,1.0
实业集团,0.0,30.0,0.0,1.0
现实,0.0,3.0,0.0,1.0
了解,0.0,12.0,0.0,1.0
状况,0.0,3.0,0.0,1.0
京报,0.0,15.0,0.0,1.0
不高,0.0,3.0,0.0,1.0
发稿,0.0,9.0,0.0,1.0
委托,0.0,6.0,0.0,1.0
买入,0.0,33.0,0.0,1.0
大众,0.0,6.0,0.0,1.0
洗,0.0,3.0,0.0,1.0
以,0.0,57.0,0.0,1.0
近几年,0.0,6.0,0.0,1.0
董事,0.0,48.0,0.0,1.0
书记,0.0,3.0,0.0,1.0
尤其,0.0,3.0,0.0,1.0
应急,0.0,3.0,0.0,1.0
食品药品,0.0,9.0,0.0,1.0
一度,0.0,3.0,0.0,1.0
全国,0.0,9.0,0.0,1.0
晚间,0.0,15.0,0.0,1.0
热情,0.0,3.0,0.0,1.0
主办方,0.0,3.0,0.0,1.0
陈发,0.0,6.0,0.0,1.0
当年,0.0,3.0,0.0,1.0
三次,0.0,3.0,0.0,1.0
防护,0.0,3.0,0.0,1.0
或许,0.0,3.0,0.0,1.0
副,0.0,12.0,0.0,1.0
可观,0.0,6.0,0.0,1.0
依据,0.0,12.0,0.0,1.0
红利,0.0,3.0,0.0,1.0
自然人,0.0,3.0,0.0,1.0
恒泰大,0.0,3.0,0.0,1.0
行政级别,0.0,6.0,0.0,1.0
一致,0.0,6.0,0.0,1.0
仁济,0.0,3.0,0.0,1.0
供应,0.0,3.0,0.0,1.0
京,0.0,3.0,0.0,1.0
国家一级,0.0,3.0,0.0,1.0
最高,0.0,30.0,0.0,1.0
展开,0.0,3.0,0.0,1.0
；,0.0,54.0,0.0,1.0
e,0.0,3.0,0.0,1.0
投入,0.0,12.0,0.0,1.0
曲线,0.0,3.0,0.0,1.0
比较,0.0,3.0,0.0,1.0
一朝,0.0,3.0,0.0,1.0
当日,0.0,3.0,0.0,1.0
一起,0.0,6.0,0.0,1.0
诉至,0.0,6.0,0.0,1.0
直接,0.0,21.0,0.0,1.0
间接,0.0,21.0,0.0,1.0
无疑,0.0,3.0,0.0,1.0
对外,0.0,3.0,0.0,1.0
老字号,0.0,3.0,0.0,1.0
3,0.0,30.0,0.0,1.0
系统,0.0,3.0,0.0,1.0
进程,0.0,6.0,0.0,1.0
地雷,0.0,3.0,0.0,1.0
执行官,0.0,3.0,0.0,1.0
主业,0.0,9.0,0.0,1.0
源于,0.0,3.0,0.0,1.0
共同,0.0,6.0,0.0,1.0
第二次,0.0,3.0,0.0,1.0
加工,0.0,9.0,0.0,1.0
为了,7.0,3.0,0.7,0.3
实际上,0.0,3.0,0.0,1.0
规定,0.0,6.0,0.0,1.0
有限,0.0,3.0,0.0,1.0
避免,0.0,3.0,0.0,1.0
市场,0.0,42.0,0.0,1.0
问题,0.0,39.0,0.0,1.0
相关,0.0,48.0,0.0,1.0
人生,0.0,3.0,0.0,1.0
意见,0.0,3.0,0.0,1.0
准备,0.0,3.0,0.0,1.0
高达,0.0,6.0,0.0,1.0
实现,0.0,42.0,0.0,1.0
常州,0.0,3.0,0.0,1.0
理顺,0.0,3.0,0.0,1.0
目标,0.0,18.0,0.0,1.0
并,0.0,66.0,0.0,1.0
用,7.0,6.0,0.5384615384615384,0.46153846153846156
藿香,0.0,3.0,0.0,1.0
并非,0.0,9.0,0.0,1.0
混,0.0,18.0,0.0,1.0
香港,0.0,3.0,0.0,1.0
这笔,0.0,9.0,0.0,1.0
在,3.0,198.0,0.014925373134328358,0.9850746268656716
宣威市,0.0,3.0,0.0,1.0
界,0.0,3.0,0.0,1.0
添加剂,0.0,3.0,0.0,1.0
721,0.0,6.0,0.0,1.0
19,0.0,15.0,0.0,1.0
进军,0.0,6.0,0.0,1.0
净利润,0.0,18.0,0.0,1.0
随机,0.0,3.0,0.0,1.0
信号,0.0,3.0,0.0,1.0
值为,0.0,3.0,0.0,1.0
扩大,0.0,9.0,0.0,1.0
排除,0.0,6.0,0.0,1.0
79,0.0,3.0,0.0,1.0
药材,0.0,3.0,0.0,1.0
昆药,0.0,3.0,0.0,1.0
告知,0.0,6.0,0.0,1.0
透露,0.0,9.0,0.0,1.0
600096,0.0,3.0,0.0,1.0
这个,0.0,11.0,0.0,1.0
研发,0.0,30.0,0.0,1.0
指出,0.0,3.0,0.0,1.0
注册资本,0.0,6.0,0.0,1.0
整体,0.0,3.0,0.0,1.0
股权结构,0.0,24.0,0.0,1.0
散剂,0.0,3.0,0.0,1.0
共享,0.0,24.0,0.0,1.0
000333,0.0,3.0,0.0,1.0
爱,0.0,18.0,0.0,1.0
套现,0.0,3.0,0.0,1.0
开展,0.0,3.0,0.0,1.0
出力,3.0,0.0,1.0,0.0
上海市,0.0,3.0,0.0,1.0
泉州人,0.0,3.0,0.0,1.0
提问,0.0,3.0,0.0,1.0
按程序,0.0,3.0,0.0,1.0
入局,0.0,9.0,0.0,1.0
水平,0.0,6.0,0.0,1.0
全面,0.0,9.0,0.0,1.0
规范,0.0,6.0,0.0,1.0
净流入,0.0,3.0,0.0,1.0
中小,0.0,3.0,0.0,1.0
从此,0.0,3.0,0.0,1.0
低估,0.0,3.0,0.0,1.0
家庭,0.0,3.0,0.0,1.0
四川省,0.0,3.0,0.0,1.0
回答,0.0,9.0,0.0,1.0
使得,0.0,3.0,0.0,1.0
只,0.0,3.0,0.0,1.0
诉讼,0.0,6.0,0.0,1.0
56.38,0.0,18.0,0.0,1.0
hexun,0.0,3.0,0.0,1.0
两步,0.0,3.0,0.0,1.0
日常,0.0,3.0,0.0,1.0
肯定,0.0,6.0,0.0,1.0
免费,0.0,3.0,0.0,1.0
寻求,0.0,3.0,0.0,1.0
来得,0.0,3.0,0.0,1.0
保险,0.0,3.0,0.0,1.0
异常,0.0,3.0,0.0,1.0
此举,0.0,9.0,0.0,1.0
陈德贤,0.0,12.0,0.0,1.0
人才,0.0,3.0,0.0,1.0
原有,0.0,3.0,0.0,1.0
曝光,0.0,3.0,0.0,1.0
立即,0.0,6.0,0.0,1.0
装有,3.0,0.0,1.0,0.0
药中,0.0,3.0,0.0,1.0
均衡,0.0,9.0,0.0,1.0
对方,0.0,3.0,0.0,1.0
扩张,0.0,3.0,0.0,1.0
全额,0.0,3.0,0.0,1.0
们,0.0,3.0,0.0,1.0
进发,0.0,6.0,0.0,1.0
半年报,0.0,3.0,0.0,1.0
入主,0.0,15.0,0.0,1.0
招商银行,0.0,3.0,0.0,1.0
传统,0.0,12.0,0.0,1.0
媒体,0.0,21.0,0.0,1.0
13.88,0.0,3.0,0.0,1.0
白,0.0,6.0,0.0,1.0
创新型,0.0,3.0,0.0,1.0
一家,0.0,3.0,0.0,1.0
仍然,0.0,6.0,0.0,1.0
公众,0.0,6.0,0.0,1.0
首次,0.0,3.0,0.0,1.0
兼,0.0,6.0,0.0,1.0
植物药,0.0,3.0,0.0,1.0
综上所述,0.0,3.0,0.0,1.0
人物,0.0,3.0,0.0,1.0
推出,0.0,9.0,0.0,1.0
像是,0.0,3.0,0.0,1.0
已经,0.0,24.0,0.0,1.0
直捣黄龙,0.0,3.0,0.0,1.0
002475,0.0,3.0,0.0,1.0
对,0.0,54.0,0.0,1.0
效益,0.0,3.0,0.0,1.0
竞赛奖,0.0,3.0,0.0,1.0
好,0.0,3.0,0.0,1.0
后面,0.0,3.0,0.0,1.0
战略,0.0,21.0,0.0,1.0
着,0.0,6.0,0.0,1.0
鼎臣,0.0,3.0,0.0,1.0
千亿,0.0,39.0,0.0,1.0
出钱,3.0,0.0,1.0,0.0
用于,0.0,6.0,0.0,1.0
诸多,0.0,3.0,0.0,1.0
600036,0.0,3.0,0.0,1.0
北京,0.0,15.0,0.0,1.0
估值,0.0,9.0,0.0,1.0
喻为,0.0,3.0,0.0,1.0
不了,0.0,3.0,0.0,1.0
IMAGE,0.0,21.0,0.0,1.0
晚上,7.0,0.0,1.0,0.0
检查,0.0,6.0,0.0,1.0
活动,0.0,21.0,0.0,1.0
互补性,0.0,3.0,0.0,1.0
兑现,0.0,3.0,0.0,1.0
重要,0.0,9.0,0.0,1.0
念完,0.0,3.0,0.0,1.0
之所以,0.0,6.0,0.0,1.0
世人,0.0,3.0,0.0,1.0
赵逸虹,0.0,3.0,0.0,1.0
淘米水,0.0,6.0,0.0,1.0
案,0.0,3.0,0.0,1.0
邱晓华,0.0,15.0,0.0,1.0
冰袋,3.0,3.0,0.5,0.5
第二名,0.0,3.0,0.0,1.0
...,0.0,3.0,0.0,1.0
丰厚,0.0,3.0,0.0,1.0
面临,0.0,3.0,0.0,1.0
结果,0.0,6.0,0.0,1.0
济川,0.0,3.0,0.0,1.0
28,0.0,24.0,0.0,1.0
发行人,0.0,21.0,0.0,1.0
发明专利,0.0,3.0,0.0,1.0
国际,0.0,3.0,0.0,1.0
集中,0.0,9.0,0.0,1.0
放缓,0.0,6.0,0.0,1.0
身家,0.0,3.0,0.0,1.0
系,0.0,3.0,0.0,1.0
适合,0.0,6.0,0.0,1.0
讯,0.0,6.0,0.0,1.0
k,0.0,3.0,0.0,1.0
药监局,0.0,3.0,0.0,1.0
外,0.0,6.0,0.0,1.0
沙龙,0.0,3.0,0.0,1.0
没买,0.0,3.0,0.0,1.0
帮助,0.0,3.0,0.0,1.0
450.80,0.0,3.0,0.0,1.0
菊花,0.0,3.0,0.0,1.0
光谱,0.0,3.0,0.0,1.0
走势,0.0,3.0,0.0,1.0
神秘感,0.0,3.0,0.0,1.0
上述,0.0,18.0,0.0,1.0
恒瑞,0.0,6.0,0.0,1.0
身份,0.0,3.0,0.0,1.0
补给站,0.0,3.0,0.0,1.0
002223,0.0,12.0,0.0,1.0
益丰大,0.0,3.0,0.0,1.0
信任,0.0,3.0,0.0,1.0
上调,0.0,6.0,0.0,1.0
选择权,0.0,12.0,0.0,1.0
失败,0.0,6.0,0.0,1.0
002264,0.0,15.0,0.0,1.0
研报,0.0,9.0,0.0,1.0
占据,0.0,3.0,0.0,1.0
年底,0.0,6.0,0.0,1.0
并不大,0.0,3.0,0.0,1.0
管理层,0.0,9.0,0.0,1.0
2009,0.0,30.0,0.0,1.0
充足,0.0,3.0,0.0,1.0
改革,0.0,75.0,0.0,1.0
平安保险,0.0,3.0,0.0,1.0
陈发树白,0.0,3.0,0.0,1.0
21,0.0,3.0,0.0,1.0
捐赠,0.0,12.0,0.0,1.0
两次,0.0,6.0,0.0,1.0
(,0.0,117.0,0.0,1.0
亳州,0.0,3.0,0.0,1.0
对于,0.0,21.0,0.0,1.0
历史纪录,0.0,3.0,0.0,1.0
利好,0.0,6.0,0.0,1.0
出台,0.0,3.0,0.0,1.0
早,0.0,3.0,0.0,1.0
信心,0.0,3.0,0.0,1.0
控制,0.0,66.0,0.0,1.0
控股集团,0.0,3.0,0.0,1.0
垄,0.0,3.0,0.0,1.0
东阿,0.0,9.0,0.0,1.0
141.96,0.0,3.0,0.0,1.0
管理人员,0.0,6.0,0.0,1.0
走强,0.0,3.0,0.0,1.0
拿,0.0,6.0,0.0,1.0
检测,0.0,15.0,0.0,1.0
无实,0.0,15.0,0.0,1.0
双降,0.0,3.0,0.0,1.0
A股,0.0,3.0,0.0,1.0
背上,3.0,0.0,1.0,0.0
顶尖,0.0,3.0,0.0,1.0
咋,0.0,3.0,0.0,1.0
这是,0.0,3.0,0.0,1.0
资源整合,0.0,6.0,0.0,1.0
型,0.0,3.0,0.0,1.0
一贯,0.0,3.0,0.0,1.0
第二十五条,0.0,3.0,0.0,1.0
拉升,0.0,3.0,0.0,1.0
决定,0.0,6.0,0.0,1.0
名人,0.0,3.0,0.0,1.0
更,0.0,18.0,0.0,1.0
硫磺,0.0,15.0,0.0,1.0
transform,0.0,3.0,0.0,1.0
质疑,0.0,3.0,0.0,1.0
保证,0.0,3.0,0.0,1.0
青睐,0.0,3.0,0.0,1.0
笔者,0.0,3.0,0.0,1.0
所,0.0,6.0,0.0,1.0
专家,0.0,3.0,0.0,1.0
a8843cd83207140e,0.0,3.0,0.0,1.0
快,0.0,3.0,0.0,1.0
部署,0.0,3.0,0.0,1.0
6,0.0,84.0,0.0,1.0
加快,0.0,3.0,0.0,1.0
微,0.0,3.0,0.0,1.0
近年来,0.0,3.0,0.0,1.0
出具,0.0,3.0,0.0,1.0
具有,0.0,6.0,0.0,1.0
商战,0.0,3.0,0.0,1.0
参加,0.0,3.0,0.0,1.0
上,0.0,24.0,0.0,1.0
一份,0.0,3.0,0.0,1.0
中药材,0.0,15.0,0.0,1.0
投资收益,0.0,6.0,0.0,1.0
http,0.0,24.0,0.0,1.0
现场,0.0,15.0,0.0,1.0
买贵,0.0,3.0,0.0,1.0
青神,0.0,3.0,0.0,1.0
瓶颈,0.0,9.0,0.0,1.0
花,0.0,3.0,0.0,1.0
黄连,0.0,3.0,0.0,1.0
证券,0.0,18.0,0.0,1.0
首富,0.0,15.0,0.0,1.0
当前,0.0,3.0,0.0,1.0
承诺,0.0,3.0,0.0,1.0
大华,0.0,3.0,0.0,1.0
特别,0.0,6.0,0.0,1.0
诊断,0.0,6.0,0.0,1.0
钱江晚报,0.0,3.0,0.0,1.0
药品,0.0,42.0,0.0,1.0
模板,0.0,3.0,0.0,1.0
实业,0.0,3.0,0.0,1.0
减持,0.0,12.0,0.0,1.0
核准,0.0,6.0,0.0,1.0
宏皓,0.0,3.0,0.0,1.0
身影,0.0,6.0,0.0,1.0
举办,0.0,9.0,0.0,1.0
60,0.0,6.0,0.0,1.0
期满,0.0,6.0,0.0,1.0
重点,0.0,9.0,0.0,1.0
人物周刊,0.0,3.0,0.0,1.0
药房,0.0,21.0,0.0,1.0
75,0.0,3.0,0.0,1.0
等,9.0,117.0,0.07142857142857142,0.9285714285714286
直面,0.0,3.0,0.0,1.0
市场占有率,0.0,3.0,0.0,1.0
成功,0.0,18.0,0.0,1.0
A,0.0,3.0,0.0,1.0
提纯,0.0,3.0,0.0,1.0
中医药,0.0,3.0,0.0,1.0
高端,0.0,3.0,0.0,1.0
相当于,0.0,3.0,0.0,1.0
事,0.0,3.0,0.0,1.0
起家,0.0,3.0,0.0,1.0
玉溪,0.0,3.0,0.0,1.0
本,0.0,3.0,0.0,1.0
SZ,0.0,17.0,0.0,1.0
道,0.0,3.0,0.0,1.0
混合,0.0,36.0,0.0,1.0
控人,0.0,15.0,0.0,1.0
五大,0.0,3.0,0.0,1.0
拿出,0.0,6.0,0.0,1.0
锡业,0.0,3.0,0.0,1.0
转变,0.0,3.0,0.0,1.0
闹,0.0,3.0,0.0,1.0
诚恳,0.0,3.0,0.0,1.0
提供,0.0,3.0,0.0,1.0
称新,0.0,3.0,0.0,1.0
董监,0.0,6.0,0.0,1.0
佳沃,0.0,3.0,0.0,1.0
程序,0.0,3.0,0.0,1.0
检验所,0.0,3.0,0.0,1.0
远征,0.0,3.0,0.0,1.0
新华,0.0,204.0,0.0,1.0
任盼,7.0,0.0,1.0,0.0
临时,0.0,9.0,0.0,1.0
8.06,0.0,3.0,0.0,1.0
这位,0.0,3.0,0.0,1.0
抽取,0.0,3.0,0.0,1.0
皆,0.0,3.0,0.0,1.0
一道,0.0,3.0,0.0,1.0
有缘,0.0,3.0,0.0,1.0
今日,0.0,3.0,0.0,1.0
一条,0.0,3.0,0.0,1.0
检出,0.0,3.0,0.0,1.0
尚未,0.0,3.0,0.0,1.0
成品,0.0,3.0,0.0,1.0
发布会,0.0,6.0,0.0,1.0
影像,0.0,3.0,0.0,1.0
位置,0.0,3.0,0.0,1.0
分享,0.0,6.0,0.0,1.0
广州日报,3.0,0.0,1.0,0.0
股改,0.0,3.0,0.0,1.0
突破,0.0,15.0,0.0,1.0
贵港市,0.0,3.0,0.0,1.0
助推,0.0,3.0,0.0,1.0
于,0.0,12.0,0.0,1.0
一年,0.0,3.0,0.0,1.0
运用,0.0,3.0,0.0,1.0
陈发树,0.0,186.0,0.0,1.0
巨头,0.0,3.0,0.0,1.0
原料,0.0,9.0,0.0,1.0
一笔,0.0,6.0,0.0,1.0
其以,0.0,3.0,0.0,1.0
证券时报,0.0,3.0,0.0,1.0
提出,0.0,6.0,0.0,1.0
控制措施,0.0,3.0,0.0,1.0
想,0.0,3.0,0.0,1.0
才,0.0,3.0,0.0,1.0
能力,0.0,12.0,0.0,1.0
铩羽而归,0.0,3.0,0.0,1.0
第三方,0.0,21.0,0.0,1.0
电话,0.0,9.0,0.0,1.0
百富榜,0.0,3.0,0.0,1.0
昆明,0.0,3.0,0.0,1.0
收购,0.0,45.0,0.0,1.0
3.39,0.0,3.0,0.0,1.0
工作,0.0,9.0,0.0,1.0
2010,0.0,3.0,0.0,1.0
公关部,0.0,3.0,0.0,1.0
人员,0.0,6.0,0.0,1.0
现,0.0,3.0,0.0,1.0
人群,0.0,6.0,0.0,1.0
转让方,0.0,3.0,0.0,1.0
付出,0.0,3.0,0.0,1.0
以前,0.0,3.0,0.0,1.0
验资,0.0,3.0,0.0,1.0
资产,0.0,27.0,0.0,1.0
致电,0.0,12.0,0.0,1.0
宝贝,0.0,3.0,0.0,1.0
市场化,0.0,33.0,0.0,1.0
关爱,0.0,3.0,0.0,1.0
强调,0.0,3.0,0.0,1.0
同期,0.0,3.0,0.0,1.0
取得,0.0,30.0,0.0,1.0
抢眼,0.0,6.0,0.0,1.0
新闻,0.0,3.0,0.0,1.0
无正文,0.0,6.0,0.0,1.0
112364,0.0,3.0,0.0,1.0
002236,0.0,3.0,0.0,1.0
是,0.0,147.0,0.0,1.0
抢走,0.0,3.0,0.0,1.0
变革,0.0,6.0,0.0,1.0
2016,0.0,81.0,0.0,1.0
易,0.0,3.0,0.0,1.0
喜爱,0.0,3.0,0.0,1.0
爱心,0.0,6.0,0.0,1.0
不会,0.0,6.0,0.0,1.0
共用,0.0,3.0,0.0,1.0
高管层,0.0,6.0,0.0,1.0
不明朗,0.0,3.0,0.0,1.0
因,0.0,6.0,0.0,1.0
标志,0.0,3.0,0.0,1.0
包中,0.0,3.0,0.0,1.0
规模,0.0,3.0,0.0,1.0
>,0.0,21.0,0.0,1.0
进展,0.0,3.0,0.0,1.0
规划,0.0,3.0,0.0,1.0
2015,0.0,9.0,0.0,1.0
25,0.0,6.0,0.0,1.0
技术,0.0,3.0,0.0,1.0
引起,0.0,6.0,0.0,1.0
做出,0.0,3.0,0.0,1.0
产生,0.0,6.0,0.0,1.0
混改,0.0,168.0,0.0,1.0
结合,0.0,3.0,0.0,1.0
0005382,0.0,3.0,0.0,1.0
合同,0.0,3.0,0.0,1.0
亿,0.0,42.0,0.0,1.0
王,0.0,3.0,0.0,1.0
时间,0.0,9.0,0.0,1.0
63,0.0,3.0,0.0,1.0
届,0.0,3.0,0.0,1.0
方面,0.0,30.0,0.0,1.0
三个,0.0,3.0,0.0,1.0
例如,0.0,6.0,0.0,1.0
更好,0.0,3.0,0.0,1.0
出现,0.0,6.0,0.0,1.0
陈发树以,0.0,11.0,0.0,1.0
各方,0.0,6.0,0.0,1.0
jpg,0.0,3.0,0.0,1.0
更进一步,0.0,3.0,0.0,1.0
制度,0.0,12.0,0.0,1.0
经营,0.0,12.0,0.0,1.0
什么样,0.0,3.0,0.0,1.0
90,0.0,6.0,0.0,1.0
新添,0.0,3.0,0.0,1.0
接近,0.0,3.0,0.0,1.0
只用,0.0,3.0,0.0,1.0
之上,0.0,6.0,0.0,1.0
银行,0.0,3.0,0.0,1.0
遍地开花,0.0,3.0,0.0,1.0
600566,0.0,3.0,0.0,1.0
副总经理,0.0,3.0,0.0,1.0
大街小巷,0.0,3.0,0.0,1.0
日起,0.0,3.0,0.0,1.0
地,0.0,9.0,0.0,1.0
性格,0.0,3.0,0.0,1.0
诞生,0.0,3.0,0.0,1.0
部门,0.0,3.0,0.0,1.0
人事,0.0,3.0,0.0,1.0
职务,0.0,6.0,0.0,1.0
超值,0.0,3.0,0.0,1.0
困扰,0.0,3.0,0.0,1.0
20,0.0,9.0,0.0,1.0
以下,0.0,53.0,0.0,1.0
明星,0.0,12.0,0.0,1.0
岁,0.0,3.0,0.0,1.0
领域,0.0,18.0,0.0,1.0
达到,0.0,12.0,0.0,1.0
版本,0.0,3.0,0.0,1.0
有限公司,0.0,278.0,0.0,1.0
改善,0.0,3.0,0.0,1.0
隐患,0.0,9.0,0.0,1.0
王建华,0.0,9.0,0.0,1.0
品牌价值,0.0,3.0,0.0,1.0
抱,0.0,3.0,0.0,1.0
受到,0.0,3.0,0.0,1.0
前景,0.0,3.0,0.0,1.0
之外,0.0,6.0,0.0,1.0
召开,0.0,9.0,0.0,1.0
走,0.0,3.0,0.0,1.0
个,0.0,27.0,0.0,1.0
参与,0.0,9.0,0.0,1.0
无回,0.0,6.0,0.0,1.0
审批,0.0,3.0,0.0,1.0
国家,0.0,18.0,0.0,1.0
赌赢,0.0,3.0,0.0,1.0
首款,0.0,3.0,0.0,1.0
商务部,0.0,6.0,0.0,1.0
集团,0.0,69.0,0.0,1.0
000568,0.0,3.0,0.0,1.0
波,0.0,3.0,0.0,1.0
再度,0.0,12.0,0.0,1.0
曝出,0.0,3.0,0.0,1.0
涉及,0.0,9.0,0.0,1.0
产业园,0.0,3.0,0.0,1.0
徘徊,0.0,3.0,0.0,1.0
女士,0.0,3.0,0.0,1.0
引进,0.0,27.0,0.0,1.0
出任,0.0,6.0,0.0,1.0
位列,0.0,3.0,0.0,1.0
染色,0.0,3.0,0.0,1.0
董事长,0.0,18.0,0.0,1.0
多,0.0,30.0,0.0,1.0
4,0.0,39.0,0.0,1.0
衔接,0.0,3.0,0.0,1.0
同仁堂,0.0,6.0,0.0,1.0
发现,3.0,12.0,0.2,0.8
不仅,0.0,3.0,0.0,1.0
福耀,0.0,3.0,0.0,1.0
前贵,0.0,6.0,0.0,1.0
后续,0.0,3.0,0.0,1.0
第三次,0.0,3.0,0.0,1.0
近半年,0.0,3.0,0.0,1.0
焦点人物,0.0,3.0,0.0,1.0
老祖宗,0.0,3.0,0.0,1.0
雅戈尔,0.0,6.0,0.0,1.0
云白,0.0,6.0,0.0,1.0
记者,3.0,39.0,0.07142857142857142,0.9285714285714286
新兴,0.0,3.0,0.0,1.0
回复,0.0,3.0,0.0,1.0
说,7.0,12.0,0.3684210526315789,0.631578947368421
白酒,0.0,3.0,0.0,1.0
必须,0.0,3.0,0.0,1.0
判决,0.0,3.0,0.0,1.0
医疗器械,0.0,3.0,0.0,1.0
_,0.0,9.0,0.0,1.0
无人,0.0,6.0,0.0,1.0
丰大,0.0,3.0,0.0,1.0
总裁,0.0,6.0,0.0,1.0
王明,0.0,3.0,0.0,1.0
一些,0.0,3.0,0.0,1.0
第一期,0.0,24.0,0.0,1.0
1222.06,0.0,6.0,0.0,1.0
资源,0.0,15.0,0.0,1.0
之后,0.0,21.0,0.0,1.0
监督管理,0.0,21.0,0.0,1.0
226,0.0,3.0,0.0,1.0
违规,0.0,3.0,0.0,1.0
鲸吞,0.0,3.0,0.0,1.0
鹦鹉,14.0,0.0,1.0,0.0
相告,0.0,3.0,0.0,1.0
玻璃,0.0,3.0,0.0,1.0
侧目,0.0,3.0,0.0,1.0
伴随,0.0,3.0,0.0,1.0
科技,0.0,36.0,0.0,1.0
激励,0.0,3.0,0.0,1.0
重合,0.0,6.0,0.0,1.0
过节,0.0,3.0,0.0,1.0
曾,0.0,15.0,0.0,1.0
田七,0.0,3.0,0.0,1.0
可谓,0.0,3.0,0.0,1.0
主体,0.0,6.0,0.0,1.0
弊端,0.0,3.0,0.0,1.0
精准,0.0,9.0,0.0,1.0
另有,0.0,3.0,0.0,1.0
陈发树成,0.0,3.0,0.0,1.0
证券网,0.0,3.0,0.0,1.0
颇,0.0,12.0,0.0,1.0
为主,0.0,3.0,0.0,1.0
不仅仅,0.0,3.0,0.0,1.0
参考资料,0.0,3.0,0.0,1.0
而且,0.0,6.0,0.0,1.0
搜救,6.0,0.0,1.0,0.0
怎样,0.0,3.0,0.0,1.0
深化改革,0.0,3.0,0.0,1.0
代表,0.0,3.0,0.0,1.0
%,0.0,254.0,0.0,1.0
最新消息,0.0,6.0,0.0,1.0
签署,0.0,15.0,0.0,1.0
更加,0.0,3.0,0.0,1.0
将,0.0,69.0,0.0,1.0
创,0.0,12.0,0.0,1.0
外界,0.0,3.0,0.0,1.0
专职,0.0,6.0,0.0,1.0
新,0.0,39.0,0.0,1.0
屡现,0.0,3.0,0.0,1.0
碘酒,3.0,0.0,1.0,0.0
熏蒸,0.0,6.0,0.0,1.0
康美,0.0,3.0,0.0,1.0
　,0.0,292.0,0.0,1.0
剩下,7.0,0.0,1.0,0.0
在于,0.0,3.0,0.0,1.0
（,0.0,205.0,0.0,1.0
只能,0.0,6.0,0.0,1.0
分公司,0.0,27.0,0.0,1.0
小组,0.0,6.0,0.0,1.0
锁定,0.0,3.0,0.0,1.0
未,0.0,3.0,0.0,1.0
1,0.0,19.0,0.0,1.0
事儿,0.0,3.0,0.0,1.0
表示,0.0,45.0,0.0,1.0
订单,0.0,6.0,0.0,1.0
高管,0.0,3.0,0.0,1.0
注意,0.0,3.0,0.0,1.0
报,0.0,15.0,0.0,1.0
规避,0.0,6.0,0.0,1.0
以及,0.0,21.0,0.0,1.0
相比,0.0,6.0,0.0,1.0
搞定,0.0,6.0,0.0,1.0
作用,0.0,3.0,0.0,1.0
人们,0.0,6.0,0.0,1.0
初审,0.0,3.0,0.0,1.0
股本,0.0,3.0,0.0,1.0
试点,0.0,3.0,0.0,1.0
14,0.0,15.0,0.0,1.0
画出,0.0,3.0,0.0,1.0
新华网,0.0,6.0,0.0,1.0
第,0.0,9.0,0.0,1.0
本次,0.0,30.0,0.0,1.0
工作人员,0.0,3.0,0.0,1.0
适用,0.0,3.0,0.0,1.0
9.36,0.0,3.0,0.0,1.0
廉价,7.0,0.0,1.0,0.0
商反,0.0,3.0,0.0,1.0
接触,0.0,3.0,0.0,1.0
公司,0.0,144.0,0.0,1.0
进,0.0,6.0,0.0,1.0
拟以,0.0,3.0,0.0,1.0
玫瑰,0.0,3.0,0.0,1.0
据悉,0.0,3.0,0.0,1.0
finance,0.0,3.0,0.0,1.0
考虑,0.0,3.0,0.0,1.0
含量,0.0,6.0,0.0,1.0
篡改,0.0,3.0,0.0,1.0
盼,7.0,0.0,1.0,0.0
失之交臂,0.0,3.0,0.0,1.0
华商,0.0,3.0,0.0,1.0
树立,0.0,3.0,0.0,1.0
回售,0.0,6.0,0.0,1.0
缓解,0.0,3.0,0.0,1.0
合并,0.0,9.0,0.0,1.0
阿胶,0.0,9.0,0.0,1.0
终审判决,0.0,6.0,0.0,1.0
工业,0.0,12.0,0.0,1.0
恒泰,0.0,9.0,0.0,1.0
推,0.0,3.0,0.0,1.0
背后,0.0,3.0,0.0,1.0
清片,0.0,3.0,0.0,1.0
合作,0.0,21.0,0.0,1.0
美誉,0.0,3.0,0.0,1.0
全,0.0,3.0,0.0,1.0
棋局,0.0,3.0,0.0,1.0
办法,0.0,3.0,0.0,1.0
改制,0.0,3.0,0.0,1.0
换算,0.0,3.0,0.0,1.0
探索,0.0,9.0,0.0,1.0
埋下,0.0,3.0,0.0,1.0
