日,0.0,30.0,0.0,1.0
玩得,0.0,3.0,0.0,1.0
亿系,0.0,3.0,0.0,1.0
周世,0.0,3.0,0.0,1.0
至,0.0,30.0,0.0,1.0
何时,0.0,6.0,0.0,1.0
经销商,0.0,6.0,0.0,1.0
节奏,0.0,3.0,0.0,1.0
90,0.0,9.0,0.0,1.0
完成,0.0,12.0,0.0,1.0
买,0.0,3.0,0.0,1.0
宣传,1.0,0.0,1.0,0.0
鸟界头,0.0,3.0,0.0,1.0
弘智,0.0,3.0,0.0,1.0
产业布局,0.0,6.0,0.0,1.0
nvbBcyKaDW4UpXM6egwwZuoMv4etyWbdAj4Uia7EKAyqog,0.0,3.0,0.0,1.0
球队,0.0,6.0,0.0,1.0
同比,0.0,36.0,0.0,1.0
3.8,0.0,3.0,0.0,1.0
绒子,0.0,3.0,0.0,1.0
规则,0.0,3.0,0.0,1.0
一方面,0.0,6.0,0.0,1.0
天益,0.0,3.0,0.0,1.0
【,6.0,3.0,0.6666666666666666,0.3333333333333333
此次,0.0,15.0,0.0,1.0
支,0.0,3.0,0.0,1.0
中国,0.0,27.0,0.0,1.0
股,0.0,3.0,0.0,1.0
相比之下,0.0,3.0,0.0,1.0
深圳市,0.0,3.0,0.0,1.0
提示,1.0,0.0,1.0,0.0
2013,0.0,15.0,0.0,1.0
0,0.0,60.0,0.0,1.0
计入,0.0,3.0,0.0,1.0
啥,0.0,6.0,0.0,1.0
消费者,0.0,15.0,0.0,1.0
入股,0.0,9.0,0.0,1.0
懂,0.0,3.0,0.0,1.0
继续,0.0,39.0,0.0,1.0
实际,0.0,9.0,0.0,1.0
一线,0.0,3.0,0.0,1.0
多月,0.0,3.0,0.0,1.0
服线,0.0,12.0,0.0,1.0
窘境,0.0,3.0,0.0,1.0
文章,3.0,0.0,1.0,0.0
标准,0.0,3.0,0.0,1.0
激情,0.0,3.0,0.0,1.0
光大,0.0,6.0,0.0,1.0
秘书,0.0,6.0,0.0,1.0
克禧乔,0.0,3.0,0.0,1.0
最后,0.0,3.0,0.0,1.0
加入,0.0,3.0,0.0,1.0
福建省,0.0,3.0,0.0,1.0
原,0.0,3.0,0.0,1.0
0.45,0.0,3.0,0.0,1.0
允许,0.0,3.0,0.0,1.0
iaInqoTy5aj8NWT6mIjucrmE6kiaKa2DhajibTC56oRT301Bs80WhJ4Aw79S2ymchMrBMScVdZhJQ,0.0,3.0,0.0,1.0
侧面,0.0,3.0,0.0,1.0
比过,0.0,3.0,0.0,1.0
股份,0.0,39.0,0.0,1.0
内容,0.0,3.0,0.0,1.0
之道,0.0,3.0,0.0,1.0
亿元,0.0,177.0,0.0,1.0
跑,0.0,3.0,0.0,1.0
金红利,0.0,6.0,0.0,1.0
来自,0.0,6.0,0.0,1.0
兼并,0.0,6.0,0.0,1.0
无须,0.0,3.0,0.0,1.0
过期,1.0,0.0,1.0,0.0
亚瑟,0.0,3.0,0.0,1.0
库似,0.0,3.0,0.0,1.0
引以为傲,0.0,3.0,0.0,1.0
担心,0.0,3.0,0.0,1.0
形态,0.0,18.0,0.0,1.0
步伐,0.0,3.0,0.0,1.0
0.13,0.0,3.0,0.0,1.0
46.5,0.0,3.0,0.0,1.0
mmbiz,0.0,78.0,0.0,1.0
年末,0.0,3.0,0.0,1.0
游戏,0.0,12.0,0.0,1.0
经过,0.0,3.0,0.0,1.0
真实有效,1.0,0.0,1.0,0.0
11.81,0.0,3.0,0.0,1.0
榜上,0.0,3.0,0.0,1.0
网友,10.0,0.0,1.0,0.0
施工,0.0,3.0,0.0,1.0
丢失,3.0,0.0,1.0,0.0
png,0.0,18.0,0.0,1.0
7,0.0,12.0,0.0,1.0
智慧,0.0,6.0,0.0,1.0
总数,0.0,3.0,0.0,1.0
晋江,0.0,6.0,0.0,1.0
还是,0.0,6.0,0.0,1.0
罗格,0.0,6.0,0.0,1.0
分行,0.0,3.0,0.0,1.0
还有,3.0,0.0,1.0,0.0
可持续性,0.0,3.0,0.0,1.0
】,7.0,3.0,0.7,0.3
故事,0.0,6.0,0.0,1.0
尚需,0.0,3.0,0.0,1.0
C882612,0.0,3.0,0.0,1.0
2006,0.0,3.0,0.0,1.0
发展,0.0,60.0,0.0,1.0
准考证,3.0,0.0,1.0,0.0
成立,0.0,21.0,0.0,1.0
从,0.0,30.0,0.0,1.0
=,0.0,108.0,0.0,1.0
民生银行,0.0,3.0,0.0,1.0
+,0.0,12.0,0.0,1.0
2000,0.0,3.0,0.0,1.0
细节,0.0,3.0,0.0,1.0
进展,0.0,3.0,0.0,1.0
4000,0.0,3.0,0.0,1.0
带来,0.0,6.0,0.0,1.0
幅度,0.0,3.0,0.0,1.0
2012,0.0,6.0,0.0,1.0
思等,0.0,3.0,0.0,1.0
研究员,0.0,3.0,0.0,1.0
总资产,0.0,3.0,0.0,1.0
大多,0.0,3.0,0.0,1.0
资金,0.0,3.0,0.0,1.0
业务水平,0.0,3.0,0.0,1.0
消息,0.0,6.0,0.0,1.0
后备,0.0,3.0,0.0,1.0
看中,0.0,3.0,0.0,1.0
扩充,0.0,3.0,0.0,1.0
务必,1.0,0.0,1.0,0.0
如何,0.0,3.0,0.0,1.0
近,0.0,3.0,0.0,1.0
设立,0.0,24.0,0.0,1.0
640,0.0,15.0,0.0,1.0
加强,0.0,9.0,0.0,1.0
快速增长,0.0,6.0,0.0,1.0
营销,0.0,9.0,0.0,1.0
称杰,0.0,3.0,0.0,1.0
休闲,0.0,12.0,0.0,1.0
监管,0.0,6.0,0.0,1.0
政府,0.0,3.0,0.0,1.0
价格,0.0,3.0,0.0,1.0
采访,0.0,18.0,0.0,1.0
一批,0.0,3.0,0.0,1.0
DAHONGYING,0.0,3.0,0.0,1.0
三,0.0,21.0,0.0,1.0
拟将,0.0,3.0,0.0,1.0
鱼,0.0,6.0,0.0,1.0
按,0.0,6.0,0.0,1.0
不错,0.0,3.0,0.0,1.0
低于,0.0,9.0,0.0,1.0
深受,0.0,3.0,0.0,1.0
交易方式,0.0,6.0,0.0,1.0
无法,0.0,3.0,0.0,1.0
1.10,0.0,3.0,0.0,1.0
高瞻远瞩,0.0,3.0,0.0,1.0
成熟度,0.0,3.0,0.0,1.0
比仅,0.0,3.0,0.0,1.0
互联网,0.0,6.0,0.0,1.0
服装,0.0,15.0,0.0,1.0
85.99,0.0,3.0,0.0,1.0
高风险,0.0,3.0,0.0,1.0
增长,0.0,48.0,0.0,1.0
补上,0.0,3.0,0.0,1.0
YcicmFCh2Q7FMoChwncibD5sFXrxlaNTqHEVusjSKDI52TZYkmMHicoeQo5uyJkJXibeMRJbxkiciaBTR4IEf3tqTThA,0.0,3.0,0.0,1.0
日才,0.0,3.0,0.0,1.0
一线品牌,0.0,9.0,0.0,1.0
淘汰,0.0,3.0,0.0,1.0
告诉,0.0,3.0,0.0,1.0
协调,0.0,18.0,0.0,1.0
0.84,0.0,3.0,0.0,1.0
体育事业,0.0,3.0,0.0,1.0
范畴,0.0,3.0,0.0,1.0
库原,0.0,3.0,0.0,1.0
仍存,0.0,6.0,0.0,1.0
市场营销,0.0,3.0,0.0,1.0
跟上,0.0,3.0,0.0,1.0
19.8,0.0,3.0,0.0,1.0
这些,0.0,6.0,0.0,1.0
意味着,0.0,3.0,0.0,1.0
部分,0.0,12.0,0.0,1.0
21.48,0.0,3.0,0.0,1.0
运动队,0.0,3.0,0.0,1.0
勇为,0.0,3.0,0.0,1.0
确定,0.0,6.0,0.0,1.0
628602143,0.0,3.0,0.0,1.0
咨询,0.0,3.0,0.0,1.0
涵盖,0.0,3.0,0.0,1.0
资产重组,0.0,6.0,0.0,1.0
特质,0.0,3.0,0.0,1.0
拥抱,0.0,3.0,0.0,1.0
民族,0.0,3.0,0.0,1.0
AND1,0.0,3.0,0.0,1.0
拥有,0.0,3.0,0.0,1.0
推动,0.0,36.0,0.0,1.0
先后,0.0,12.0,0.0,1.0
专卖店,0.0,24.0,0.0,1.0
进步,0.0,3.0,0.0,1.0
昆仑,0.0,3.0,0.0,1.0
意义,0.0,3.0,0.0,1.0
副总裁,0.0,6.0,0.0,1.0
一天,0.0,3.0,0.0,1.0
流通领域,0.0,3.0,0.0,1.0
纳入,0.0,12.0,0.0,1.0
拓展,0.0,6.0,0.0,1.0
6.09,0.0,3.0,0.0,1.0
1T6woZWveg5hFnlq,0.0,3.0,0.0,1.0
股权,0.0,33.0,0.0,1.0
日子,0.0,3.0,0.0,1.0
成名,0.0,9.0,0.0,1.0
5,10.0,3.0,0.7692307692307693,0.23076923076923078
中游,0.0,3.0,0.0,1.0
舞台,0.0,3.0,0.0,1.0
开始,0.0,18.0,0.0,1.0
获得,0.0,3.0,0.0,1.0
关联,0.0,3.0,0.0,1.0
由,0.0,30.0,0.0,1.0
厦门,0.0,6.0,0.0,1.0
下称,0.0,3.0,0.0,1.0
陆续,0.0,3.0,0.0,1.0
客服,3.0,0.0,1.0,0.0
dy8TK8RCSrj4ibsBNUvHicibWoGX5YpoS82Yx2LGgk5uYPaJ3G31BZ3vXqdxXLxBDbUAGGUak0OlMYowBA,0.0,3.0,0.0,1.0
周刊,0.0,21.0,0.0,1.0
年报,0.0,9.0,0.0,1.0
外,0.0,21.0,0.0,1.0
起始,0.0,3.0,0.0,1.0
月,10.0,69.0,0.12658227848101267,0.8734177215189873
款项,0.0,3.0,0.0,1.0
人,0.0,6.0,0.0,1.0
此,0.0,3.0,0.0,1.0
龙头企业,0.0,3.0,0.0,1.0
背景,0.0,6.0,0.0,1.0
525,0.0,3.0,0.0,1.0
收益,0.0,6.0,0.0,1.0
报道,0.0,9.0,0.0,1.0
曾,0.0,9.0,0.0,1.0
12,0.0,6.0,0.0,1.0
热门,0.0,3.0,0.0,1.0
库,0.0,99.0,0.0,1.0
陈列,0.0,3.0,0.0,1.0
二维码,0.0,3.0,0.0,1.0
—,0.0,42.0,0.0,1.0
以下,0.0,30.0,0.0,1.0
换届,0.0,3.0,0.0,1.0
就此,0.0,6.0,0.0,1.0
延长,0.0,3.0,0.0,1.0
明明,0.0,9.0,0.0,1.0
18,0.0,9.0,0.0,1.0
并表,0.0,18.0,0.0,1.0
邦尼,0.0,6.0,0.0,1.0
市场占有率,0.0,6.0,0.0,1.0
15.35,0.0,3.0,0.0,1.0
拟,0.0,6.0,0.0,1.0
名鞋,0.0,105.0,0.0,1.0
控股,0.0,27.0,0.0,1.0
在内,0.0,3.0,0.0,1.0
增长点,0.0,3.0,0.0,1.0
http,0.0,39.0,0.0,1.0
S,0.0,3.0,0.0,1.0
负责人,0.0,3.0,0.0,1.0
商务部,0.0,3.0,0.0,1.0
正是,0.0,3.0,0.0,1.0
依然,0.0,6.0,0.0,1.0
粗放式,0.0,3.0,0.0,1.0
缺乏,0.0,3.0,0.0,1.0
2016,0.0,78.0,0.0,1.0
物品,3.0,0.0,1.0,0.0
分,10.0,3.0,0.7692307692307693,0.23076923076923078
重大,0.0,6.0,0.0,1.0
终于,0.0,3.0,0.0,1.0
LP,0.0,3.0,0.0,1.0
等价物,0.0,3.0,0.0,1.0
杰克,0.0,3.0,0.0,1.0
后,0.0,36.0,0.0,1.0
跨界,0.0,6.0,0.0,1.0
办法,0.0,3.0,0.0,1.0
罗平,0.0,14.0,0.0,1.0
之,0.0,6.0,0.0,1.0
城市,0.0,21.0,0.0,1.0
周世勇,0.0,6.0,0.0,1.0
EuuQenRAB0iakZHXOjYPR6qdfzsHB2stFTiaiaPL0RhrVrGiaUA,0.0,3.0,0.0,1.0
产业,0.0,9.0,0.0,1.0
占,0.0,39.0,0.0,1.0
事业,0.0,6.0,0.0,1.0
时,0.0,12.0,0.0,1.0
厉害,0.0,6.0,0.0,1.0
层,0.0,3.0,0.0,1.0
版,0.0,3.0,0.0,1.0
大规模,0.0,6.0,0.0,1.0
生产商,0.0,3.0,0.0,1.0
鞋库,0.0,27.0,0.0,1.0
几乎,0.0,3.0,0.0,1.0
梅山,0.0,3.0,0.0,1.0
获取,0.0,6.0,0.0,1.0
寥寥,0.0,3.0,0.0,1.0
承担,1.0,0.0,1.0,0.0
名称,0.0,3.0,0.0,1.0
上市公司,0.0,18.0,0.0,1.0
调研,0.0,3.0,0.0,1.0
话语权,0.0,3.0,0.0,1.0
关闭,0.0,3.0,0.0,1.0
装备,0.0,12.0,0.0,1.0
提交,0.0,6.0,0.0,1.0
旗下,0.0,18.0,0.0,1.0
共,0.0,3.0,0.0,1.0
2011,0.0,3.0,0.0,1.0
享安,0.0,3.0,0.0,1.0
RpibUAJSRu6Aexhg6nTOaiaiaPIiaGwHEEV2hdyGgmnC4icYOHeuDPspkFlshJCUfiaYyBZBpjnPVPibTd9cZXCWRzKDw,0.0,3.0,0.0,1.0
线上,0.0,15.0,0.0,1.0
创业投资,0.0,6.0,0.0,1.0
第二个,0.0,3.0,0.0,1.0
劵,0.0,3.0,0.0,1.0
含税,0.0,3.0,0.0,1.0
频繁,0.0,3.0,0.0,1.0
寻,6.0,0.0,1.0,0.0
总价,0.0,3.0,0.0,1.0
选址,0.0,3.0,0.0,1.0
批次,0.0,12.0,0.0,1.0
个省,0.0,3.0,0.0,1.0
且,0.0,3.0,0.0,1.0
职务,0.0,3.0,0.0,1.0
一步,0.0,3.0,0.0,1.0
19.68,0.0,3.0,0.0,1.0
问询,0.0,15.0,0.0,1.0
包,3.0,0.0,1.0,0.0
10.20,0.0,3.0,0.0,1.0
出去,0.0,6.0,0.0,1.0
低,0.0,3.0,0.0,1.0
看,0.0,6.0,0.0,1.0
22.79,0.0,6.0,0.0,1.0
质量,0.0,3.0,0.0,1.0
运动场,0.0,6.0,0.0,1.0
服务,1.0,12.0,0.07692307692307693,0.9230769230769231
可以,0.0,24.0,0.0,1.0
主营,0.0,3.0,0.0,1.0
制造,0.0,18.0,0.0,1.0
传播,0.0,3.0,0.0,1.0
小,0.0,3.0,0.0,1.0
国际品牌,0.0,3.0,0.0,1.0
经营业,0.0,6.0,0.0,1.0
期末,0.0,3.0,0.0,1.0
现金,0.0,12.0,0.0,1.0
一笔,0.0,6.0,0.0,1.0
交易价格,0.0,3.0,0.0,1.0
适度,0.0,3.0,0.0,1.0
漫长,0.0,9.0,0.0,1.0
：,10.0,66.0,0.13157894736842105,0.868421052631579
不过关,0.0,3.0,0.0,1.0
晚间,0.0,9.0,0.0,1.0
一路,0.0,6.0,0.0,1.0
鞋服,0.0,18.0,0.0,1.0
合伙人,0.0,27.0,0.0,1.0
剩余,0.0,6.0,0.0,1.0
溜,0.0,3.0,0.0,1.0
手机,0.0,3.0,0.0,1.0
推广,0.0,3.0,0.0,1.0
）,3.0,81.0,0.03571428571428571,0.9642857142857143
西班牙,0.0,9.0,0.0,1.0
里面,3.0,0.0,1.0,0.0
投资,0.0,141.0,0.0,1.0
同增,0.0,3.0,0.0,1.0
正在,0.0,3.0,0.0,1.0
旨在,0.0,3.0,0.0,1.0
渠道,0.0,42.0,0.0,1.0
8,0.0,21.0,0.0,1.0
形成,0.0,3.0,0.0,1.0
鱼塘,0.0,3.0,0.0,1.0
虎,0.0,36.0,0.0,1.0
考试,3.0,0.0,1.0,0.0
体育运动,0.0,6.0,0.0,1.0
智能,0.0,15.0,0.0,1.0
雅鹿,0.0,3.0,0.0,1.0
体验,0.0,3.0,0.0,1.0
上台,0.0,3.0,0.0,1.0
6.28,0.0,3.0,0.0,1.0
辉煌,0.0,6.0,0.0,1.0
共计,0.0,6.0,0.0,1.0
经营者,0.0,3.0,0.0,1.0
上市,0.0,39.0,0.0,1.0
信息,3.0,3.0,0.5,0.5
挑战,0.0,9.0,0.0,1.0
服务业,0.0,6.0,0.0,1.0
企图,0.0,3.0,0.0,1.0
上半年,0.0,12.0,0.0,1.0
鸟,10.0,755.0,0.013071895424836602,0.9869281045751634
正,0.0,6.0,0.0,1.0
0.12,0.0,3.0,0.0,1.0
大部分,0.0,3.0,0.0,1.0
603555,0.0,6.0,0.0,1.0
前期,0.0,3.0,0.0,1.0
4.81,0.0,6.0,0.0,1.0
认领,1.0,0.0,1.0,0.0
VELLEITA,0.0,3.0,0.0,1.0
未能,0.0,9.0,0.0,1.0
不管,0.0,3.0,0.0,1.0
曾经,0.0,3.0,0.0,1.0
相约,0.0,3.0,0.0,1.0
首席,0.0,3.0,0.0,1.0
校园,0.0,12.0,0.0,1.0
现金流量,0.0,3.0,0.0,1.0
质押,0.0,3.0,0.0,1.0
显赫,0.0,3.0,0.0,1.0
导致,0.0,3.0,0.0,1.0
第二期,0.0,15.0,0.0,1.0
39.6040,0.0,6.0,0.0,1.0
多有,0.0,3.0,0.0,1.0
统称,0.0,3.0,0.0,1.0
起,0.0,9.0,0.0,1.0
jpeg,0.0,48.0,0.0,1.0
第一次,0.0,3.0,0.0,1.0
绝对,0.0,3.0,0.0,1.0
运动鞋,0.0,66.0,0.0,1.0
更换,0.0,3.0,0.0,1.0
10,0.0,15.0,0.0,1.0
一个,13.0,24.0,0.35135135135135137,0.6486486486486487
到,0.0,21.0,0.0,1.0
地位,0.0,6.0,0.0,1.0
赞助,0.0,3.0,0.0,1.0
没有,0.0,3.0,0.0,1.0
联系,8.0,0.0,1.0,0.0
微软,0.0,6.0,0.0,1.0
Sports,0.0,3.0,0.0,1.0
此前,0.0,6.0,0.0,1.0
舒适,0.0,3.0,0.0,1.0
布局,0.0,84.0,0.0,1.0
63.73,0.0,3.0,0.0,1.0
今天,3.0,12.0,0.2,0.8
现在,0.0,6.0,0.0,1.0
橙色,10.0,0.0,1.0,0.0
在线,0.0,9.0,0.0,1.0
宁波,0.0,3.0,0.0,1.0
业务,0.0,24.0,0.0,1.0
965.14,0.0,3.0,0.0,1.0
来看,0.0,6.0,0.0,1.0
多种,0.0,18.0,0.0,1.0
泉州,0.0,15.0,0.0,1.0
太狐,0.0,3.0,0.0,1.0
存在,0.0,6.0,0.0,1.0
属于,0.0,3.0,0.0,1.0
朝着,0.0,3.0,0.0,1.0
出资,0.0,60.0,0.0,1.0
蓝字,0.0,3.0,0.0,1.0
ZEEP,0.0,3.0,0.0,1.0
鲃,0.0,12.0,0.0,1.0
鞋业,0.0,6.0,0.0,1.0
不太好,0.0,3.0,0.0,1.0
盘点,0.0,6.0,0.0,1.0
这次,0.0,15.0,0.0,1.0
2.89,0.0,6.0,0.0,1.0
打造,0.0,3.0,0.0,1.0
成本增加,0.0,3.0,0.0,1.0
诚聘,0.0,3.0,0.0,1.0
时代,0.0,6.0,0.0,1.0
李佳超,0.0,6.0,0.0,1.0
回到,0.0,3.0,0.0,1.0
另一方面,0.0,6.0,0.0,1.0
高速,0.0,3.0,0.0,1.0
晋江市,0.0,3.0,0.0,1.0
3.675,0.0,3.0,0.0,1.0
业,0.0,3.0,0.0,1.0
销售权,0.0,9.0,0.0,1.0
战略,0.0,45.0,0.0,1.0
已经,0.0,21.0,0.0,1.0
结束,0.0,3.0,0.0,1.0
景林,0.0,6.0,0.0,1.0
品牌,0.0,111.0,0.0,1.0
围绕,0.0,12.0,0.0,1.0
显示,0.0,30.0,0.0,1.0
羽绒服,0.0,15.0,0.0,1.0
转型,0.0,48.0,0.0,1.0
/,0.0,249.0,0.0,1.0
阶段,0.0,3.0,0.0,1.0
53.47,0.0,6.0,0.0,1.0
鸟称,0.0,6.0,0.0,1.0
项目,0.0,12.0,0.0,1.0
体育赛事,0.0,9.0,0.0,1.0
扩大,0.0,18.0,0.0,1.0
哥哥,0.0,3.0,0.0,1.0
差不多,0.0,3.0,0.0,1.0
仍为,0.0,3.0,0.0,1.0
有着,0.0,3.0,0.0,1.0
ZrwI7jSe4L3LUlQwIIJEBYv0GhgZa8Uz7iaW3dcv0W4350U0T6xGg0wTjSMHmeZibicIib93Iia140iaW29TKc2lEsjw,0.0,3.0,0.0,1.0
3.83,0.0,6.0,0.0,1.0
已,0.0,30.0,0.0,1.0
担忧,0.0,3.0,0.0,1.0
得,0.0,3.0,0.0,1.0
简称,0.0,24.0,0.0,1.0
竟然,0.0,3.0,0.0,1.0
长,0.0,3.0,0.0,1.0
tianlunmarket,0.0,3.0,0.0,1.0
多个,0.0,21.0,0.0,1.0
或许,0.0,3.0,0.0,1.0
发生,0.0,3.0,0.0,1.0
中超联赛,0.0,3.0,0.0,1.0
腾冲,0.0,12.0,0.0,1.0
ldzQTl6C8B9JiaItZQCL1OzjxncOaXnodyVZXGTiajibx0GRlLewhLDSbItiaD2wqg,0.0,3.0,0.0,1.0
其线,0.0,3.0,0.0,1.0
近日,0.0,15.0,0.0,1.0
贡献,0.0,15.0,0.0,1.0
核心,0.0,3.0,0.0,1.0
尽,0.0,9.0,0.0,1.0
You,0.0,3.0,0.0,1.0
子公司,0.0,24.0,0.0,1.0
日渐式微,0.0,3.0,0.0,1.0
高,0.0,9.0,0.0,1.0
1.49,0.0,3.0,0.0,1.0
精细化,0.0,3.0,0.0,1.0
进一步,0.0,27.0,0.0,1.0
披露,0.0,9.0,0.0,1.0
经济,0.0,3.0,0.0,1.0
MIfCT55J0uHdAWMJV1ibiazfLLlMlhTJUib9f0NOicxic3Yp0vW4ypllVK4nOvqONuYI5zA379l8kUGp4FfEurLbzZg,0.0,3.0,0.0,1.0
说明,0.0,3.0,0.0,1.0
公众,0.0,6.0,0.0,1.0
lWGd17JLszibdK2c5Xc3MtJ,0.0,3.0,0.0,1.0
O2O,0.0,12.0,0.0,1.0
动力,0.0,3.0,0.0,1.0
6,10.0,15.0,0.4,0.6
晚上,10.0,0.0,1.0,0.0
匹克,0.0,15.0,0.0,1.0
ORWPEvQPa,0.0,3.0,0.0,1.0
确立,0.0,6.0,0.0,1.0
为何,0.0,12.0,0.0,1.0
十分,0.0,3.0,0.0,1.0
交易中心,0.0,6.0,0.0,1.0
5.28,0.0,3.0,0.0,1.0
最终,0.0,3.0,0.0,1.0
介绍,0.0,3.0,0.0,1.0
引入,0.0,12.0,0.0,1.0
宣布,0.0,9.0,0.0,1.0
全,0.0,9.0,0.0,1.0
其,0.0,33.0,0.0,1.0
9,0.0,15.0,0.0,1.0
Best,0.0,3.0,0.0,1.0
年初,0.0,3.0,0.0,1.0
网络,3.0,15.0,0.16666666666666666,0.8333333333333334
fmt,0.0,69.0,0.0,1.0
42,0.0,3.0,0.0,1.0
会见,0.0,6.0,0.0,1.0
对内,0.0,3.0,0.0,1.0
仍,0.0,12.0,0.0,1.0
cn,0.0,39.0,0.0,1.0
发布公告,0.0,12.0,0.0,1.0
银行卡,3.0,0.0,1.0,0.0
体育精神,0.0,3.0,0.0,1.0
4027,0.0,3.0,0.0,1.0
新兴产业,0.0,6.0,0.0,1.0
优化,0.0,3.0,0.0,1.0
起来,0.0,3.0,0.0,1.0
便,0.0,3.0,0.0,1.0
港区,0.0,3.0,0.0,1.0
04,0.0,3.0,0.0,1.0
设备,0.0,12.0,0.0,1.0
提到,0.0,3.0,0.0,1.0
热点,0.0,3.0,0.0,1.0
总公司,0.0,3.0,0.0,1.0
关于,0.0,6.0,0.0,1.0
全资,0.0,9.0,0.0,1.0
欢迎,0.0,3.0,0.0,1.0
似有,0.0,3.0,0.0,1.0
未来,0.0,15.0,0.0,1.0
模式,0.0,9.0,0.0,1.0
前,0.0,12.0,0.0,1.0
认为,0.0,21.0,0.0,1.0
延伸,0.0,3.0,0.0,1.0
线下,0.0,9.0,0.0,1.0
审查,0.0,9.0,0.0,1.0
精彩内容,0.0,3.0,0.0,1.0
年度,0.0,18.0,0.0,1.0
管理中心,0.0,6.0,0.0,1.0
一定,0.0,3.0,0.0,1.0
深入,0.0,6.0,0.0,1.0
均价,0.0,3.0,0.0,1.0
美丽陷阱,0.0,3.0,0.0,1.0
5560,0.0,6.0,0.0,1.0
多,0.0,69.0,0.0,1.0
11,0.0,9.0,0.0,1.0
精英,0.0,3.0,0.0,1.0
此番,0.0,3.0,0.0,1.0
而言,0.0,3.0,0.0,1.0
年内,0.0,3.0,0.0,1.0
周期,0.0,6.0,0.0,1.0
战绩,0.0,3.0,0.0,1.0
体育,0.0,207.0,0.0,1.0
2.39,0.0,6.0,0.0,1.0
这家,0.0,3.0,0.0,1.0
不同,0.0,6.0,0.0,1.0
队,0.0,6.0,0.0,1.0
据,0.0,6.0,0.0,1.0
工作人员,4.0,0.0,1.0,0.0
白色,3.0,0.0,1.0,0.0
抢占市场,0.0,3.0,0.0,1.0
涉足,0.0,3.0,0.0,1.0
困境,0.0,21.0,0.0,1.0
天花板,0.0,3.0,0.0,1.0
社区,0.0,12.0,0.0,1.0
增加额,0.0,3.0,0.0,1.0
许多,0.0,3.0,0.0,1.0
下游,0.0,15.0,0.0,1.0
深耕,0.0,3.0,0.0,1.0
配图,3.0,0.0,1.0,0.0
店效,0.0,3.0,0.0,1.0
gif,0.0,9.0,0.0,1.0
qpic,0.0,39.0,0.0,1.0
The,0.0,3.0,0.0,1.0
1.5,0.0,3.0,0.0,1.0
上海,0.0,12.0,0.0,1.0
生活,0.0,3.0,0.0,1.0
金额,0.0,3.0,0.0,1.0
跨进,0.0,3.0,0.0,1.0
审计,0.0,3.0,0.0,1.0
看见,0.0,3.0,0.0,1.0
担任,0.0,3.0,0.0,1.0
28.55,0.0,3.0,0.0,1.0
是否,0.0,6.0,0.0,1.0
0874,0.0,3.0,0.0,1.0
实施,0.0,12.0,0.0,1.0
减少,0.0,3.0,0.0,1.0
人林,0.0,3.0,0.0,1.0
定位,0.0,3.0,0.0,1.0
PFx2Z7e4YicP5SSMzj6m7xXc5ah3EaibblicHBt6Wvx25AGVP5ZzCib6icGrf3JEAGWqvTzMUAYoU7A,0.0,3.0,0.0,1.0
不如说,0.0,3.0,0.0,1.0
优质,0.0,9.0,0.0,1.0
成长性,0.0,9.0,0.0,1.0
门店,0.0,42.0,0.0,1.0
权益,0.0,6.0,0.0,1.0
咸鱼,0.0,9.0,0.0,1.0
日报,0.0,6.0,0.0,1.0
期初,0.0,3.0,0.0,1.0
8fbA6bMTCeLib6GuYQxv8LSEXPH5a3uF9B9R9b3hkTRpbEiarnKZvEfRicZLnS1abg6iakLfnVIxRqmxDmicdFkgJlQ,0.0,3.0,0.0,1.0
多次,0.0,6.0,0.0,1.0
:,0.0,51.0,0.0,1.0
颇受,0.0,3.0,0.0,1.0
两期,0.0,3.0,0.0,1.0
去年,0.0,21.0,0.0,1.0
更难,0.0,3.0,0.0,1.0
二线,0.0,3.0,0.0,1.0
卸任,0.0,3.0,0.0,1.0
74,0.0,3.0,0.0,1.0
天伦,0.0,6.0,0.0,1.0
提高,0.0,6.0,0.0,1.0
重组,0.0,3.0,0.0,1.0
变更,0.0,15.0,0.0,1.0
鸟营收,0.0,3.0,0.0,1.0
19.7,0.0,3.0,0.0,1.0
赌,0.0,3.0,0.0,1.0
从事,0.0,3.0,0.0,1.0
近期,0.0,3.0,0.0,1.0
运动,0.0,45.0,0.0,1.0
下,0.0,21.0,0.0,1.0
相对,0.0,9.0,0.0,1.0
来说,0.0,6.0,0.0,1.0
运营,0.0,30.0,0.0,1.0
发起,0.0,3.0,0.0,1.0
落地,0.0,3.0,0.0,1.0
赶快,0.0,3.0,0.0,1.0
收入,0.0,84.0,0.0,1.0
情况,0.0,3.0,0.0,1.0
2.22,0.0,3.0,0.0,1.0
并未,0.0,6.0,0.0,1.0
代理,0.0,6.0,0.0,1.0
、,0.0,354.0,0.0,1.0
不可避免,0.0,3.0,0.0,1.0
抽查,0.0,3.0,0.0,1.0
服装业,0.0,3.0,0.0,1.0
启事,10.0,0.0,1.0,0.0
1621,0.0,3.0,0.0,1.0
2092,0.0,3.0,0.0,1.0
缓慢,0.0,3.0,0.0,1.0
但,0.0,30.0,0.0,1.0
邦,0.0,9.0,0.0,1.0
万元,0.0,12.0,0.0,1.0
既然,0.0,3.0,0.0,1.0
纷纷,0.0,3.0,0.0,1.0
牵手,0.0,3.0,0.0,1.0
足协,0.0,6.0,0.0,1.0
交接,1.0,0.0,1.0,0.0
初见成效,0.0,6.0,0.0,1.0
责任,1.0,0.0,1.0,0.0
不断,0.0,12.0,0.0,1.0
重要,3.0,3.0,0.5,0.5
终端,0.0,39.0,0.0,1.0
分散,0.0,3.0,0.0,1.0
长期,0.0,3.0,0.0,1.0
分析,0.0,3.0,0.0,1.0
注意,0.0,8.0,0.0,1.0
概念,0.0,3.0,0.0,1.0
同号,0.0,3.0,0.0,1.0
董事长,0.0,6.0,0.0,1.0
预案,0.0,3.0,0.0,1.0
创业,0.0,18.0,0.0,1.0
深度,0.0,3.0,0.0,1.0
事实上,0.0,3.0,0.0,1.0
自并表,0.0,3.0,0.0,1.0
.,0.0,87.0,0.0,1.0
方向,0.0,3.0,0.0,1.0
个人,0.0,12.0,0.0,1.0
统一,0.0,6.0,0.0,1.0
投资者,0.0,21.0,0.0,1.0
2.7,0.0,6.0,0.0,1.0
2,0.0,30.0,0.0,1.0
威康,0.0,21.0,0.0,1.0
有限,0.0,39.0,0.0,1.0
经营规模,0.0,3.0,0.0,1.0
市场,0.0,33.0,0.0,1.0
首先,0.0,3.0,0.0,1.0
周报,0.0,6.0,0.0,1.0
计划,0.0,9.0,0.0,1.0
举,0.0,3.0,0.0,1.0
发展壮大,0.0,3.0,0.0,1.0
直辖市,0.0,3.0,0.0,1.0
追求,0.0,3.0,0.0,1.0
49oZfUSPzIUIDaD0h60MHRVicEicKnM8yAGpJyhINsQY6smkh6fNViazV8RTPj2gjCrKcYX6Z8GA,0.0,3.0,0.0,1.0
一项,0.0,3.0,0.0,1.0
看好,0.0,3.0,0.0,1.0
单店,0.0,3.0,0.0,1.0
反而,0.0,3.0,0.0,1.0
3.66,0.0,12.0,0.0,1.0
5000,0.0,3.0,0.0,1.0
息息相关,0.0,3.0,0.0,1.0
准备,0.0,6.0,0.0,1.0
晟,0.0,12.0,0.0,1.0
电三轮,10.0,0.0,1.0,0.0
决,0.0,3.0,0.0,1.0
无奈,0.0,3.0,0.0,1.0
资本运作,0.0,6.0,0.0,1.0
文化,0.0,3.0,0.0,1.0
掌握,0.0,9.0,0.0,1.0
商业模式,0.0,3.0,0.0,1.0
’,0.0,3.0,0.0,1.0
?,0.0,78.0,0.0,1.0
人文,0.0,6.0,0.0,1.0
高调,0.0,3.0,0.0,1.0
商标,0.0,9.0,0.0,1.0
张庆,0.0,15.0,0.0,1.0
人为,0.0,3.0,0.0,1.0
父亲,0.0,3.0,0.0,1.0
上升,0.0,3.0,0.0,1.0
sh,0.0,3.0,0.0,1.0
起航,0.0,18.0,0.0,1.0
土豪,0.0,3.0,0.0,1.0
经,0.0,3.0,0.0,1.0
私下,1.0,0.0,1.0,0.0
有效性,1.0,0.0,1.0,0.0
400,0.0,9.0,0.0,1.0
2055126,0.0,3.0,0.0,1.0
刘铭,0.0,3.0,0.0,1.0
保险经纪,0.0,3.0,0.0,1.0
一半左右,0.0,3.0,0.0,1.0
QTicfFT0hiblqH8pA,0.0,3.0,0.0,1.0
主要,0.0,18.0,0.0,1.0
复,0.0,3.0,0.0,1.0
敢,0.0,3.0,0.0,1.0
一,10.0,0.0,1.0,0.0
公布,0.0,6.0,0.0,1.0
19.69,0.0,3.0,0.0,1.0
好心人,3.0,0.0,1.0,0.0
GHYOgyib06klsicOITW6PDTAKIiaZV2um7gN4v0DHz9YiaeZmqrLopX9u2hyJA96icIBmrQ,0.0,3.0,0.0,1.0
湖北,0.0,6.0,0.0,1.0
较为,0.0,6.0,0.0,1.0
这种,0.0,6.0,0.0,1.0
恒,0.0,3.0,0.0,1.0
年度报告,0.0,3.0,0.0,1.0
全部,0.0,12.0,0.0,1.0
士,0.0,3.0,0.0,1.0
约,0.0,18.0,0.0,1.0
减持,0.0,6.0,0.0,1.0
构成,0.0,6.0,0.0,1.0
原因,0.0,6.0,0.0,1.0
困扰,0.0,6.0,0.0,1.0
达,0.0,9.0,0.0,1.0
唐昕野,0.0,3.0,0.0,1.0
上线,0.0,6.0,0.0,1.0
聘任,0.0,9.0,0.0,1.0
有利于,0.0,6.0,0.0,1.0
号,0.0,6.0,0.0,1.0
威,0.0,6.0,0.0,1.0
判断,0.0,6.0,0.0,1.0
受挫,0.0,3.0,0.0,1.0
可能性,0.0,3.0,0.0,1.0
想象,0.0,3.0,0.0,1.0
线,0.0,6.0,0.0,1.0
上年,0.0,9.0,0.0,1.0
独自,0.0,3.0,0.0,1.0
30,10.0,0.0,1.0,0.0
‘,0.0,3.0,0.0,1.0
盈利,0.0,15.0,0.0,1.0
诟病,0.0,6.0,0.0,1.0
婉拒,0.0,3.0,0.0,1.0
2500,0.0,3.0,0.0,1.0
后者,0.0,3.0,0.0,1.0
处于,0.0,9.0,0.0,1.0
局长,0.0,6.0,0.0,1.0
贷款,0.0,3.0,0.0,1.0
数据,0.0,12.0,0.0,1.0
137.83,0.0,3.0,0.0,1.0
发布,2.0,12.0,0.14285714285714285,0.8571428571428571
集中度,0.0,3.0,0.0,1.0
股本,0.0,6.0,0.0,1.0
销售,0.0,30.0,0.0,1.0
转让,0.0,9.0,0.0,1.0
批发,0.0,3.0,0.0,1.0
数量,0.0,21.0,0.0,1.0
资料,0.0,12.0,0.0,1.0
年营,0.0,3.0,0.0,1.0
零售商,0.0,6.0,0.0,1.0
文创,0.0,3.0,0.0,1.0
正常,0.0,3.0,0.0,1.0
重点,0.0,6.0,0.0,1.0
集团化,0.0,15.0,0.0,1.0
大,0.0,21.0,0.0,1.0
对方,0.0,3.0,0.0,1.0
保龄球,0.0,3.0,0.0,1.0
彪马,0.0,9.0,0.0,1.0
1657.57,0.0,3.0,0.0,1.0
失守,0.0,12.0,0.0,1.0
合格,0.0,15.0,0.0,1.0
天崖,0.0,6.0,0.0,1.0
28,0.0,3.0,0.0,1.0
四成,0.0,6.0,0.0,1.0
2135,0.0,3.0,0.0,1.0
282870964.35,0.0,3.0,0.0,1.0
步调,0.0,3.0,0.0,1.0
成本,0.0,3.0,0.0,1.0
懂球帝,0.0,9.0,0.0,1.0
资源整合,0.0,3.0,0.0,1.0
推荐,3.0,0.0,1.0,0.0
着手,0.0,3.0,0.0,1.0
全体,0.0,3.0,0.0,1.0
股为,0.0,3.0,0.0,1.0
财务,0.0,15.0,0.0,1.0
不止,0.0,3.0,0.0,1.0
做大,0.0,3.0,0.0,1.0
南瓜,0.0,3.0,0.0,1.0
鸟仅,0.0,3.0,0.0,1.0
产业化,0.0,15.0,0.0,1.0
四季,0.0,3.0,0.0,1.0
向,0.0,42.0,0.0,1.0
有关,0.0,3.0,0.0,1.0
子,0.0,6.0,0.0,1.0
发起人,1.0,0.0,1.0,0.0
在此之前,0.0,3.0,0.0,1.0
电话,0.0,3.0,0.0,1.0
不难看出,0.0,3.0,0.0,1.0
按照,0.0,3.0,0.0,1.0
中投,0.0,3.0,0.0,1.0
电脑系统,0.0,3.0,0.0,1.0
全能,0.0,3.0,0.0,1.0
新增,0.0,12.0,0.0,1.0
最大,0.0,6.0,0.0,1.0
不能,0.0,3.0,0.0,1.0
支撑,0.0,6.0,0.0,1.0
被,0.0,21.0,0.0,1.0
生产,0.0,3.0,0.0,1.0
关注,0.0,12.0,0.0,1.0
主张,0.0,3.0,0.0,1.0
第一,0.0,15.0,0.0,1.0
应该,0.0,3.0,0.0,1.0
态势,0.0,3.0,0.0,1.0
记者,0.0,66.0,0.0,1.0
环节,0.0,6.0,0.0,1.0
品牌战略,0.0,6.0,0.0,1.0
日渐,0.0,3.0,0.0,1.0
丁丁,0.0,3.0,0.0,1.0
显而易见,0.0,3.0,0.0,1.0
彼时,0.0,3.0,0.0,1.0
下发,0.0,6.0,0.0,1.0
F534248,0.0,3.0,0.0,1.0
关键,0.0,3.0,0.0,1.0
加盟店,0.0,3.0,0.0,1.0
经纪,0.0,15.0,0.0,1.0
朱庆骅,0.0,3.0,0.0,1.0
原有,0.0,6.0,0.0,1.0
早已,0.0,3.0,0.0,1.0
陷入,0.0,6.0,0.0,1.0
聘,0.0,6.0,0.0,1.0
多亿,0.0,6.0,0.0,1.0
选举,0.0,3.0,0.0,1.0
健身,0.0,60.0,0.0,1.0
一季度,0.0,12.0,0.0,1.0
图纸,0.0,3.0,0.0,1.0
资本,0.0,57.0,0.0,1.0
增幅,0.0,6.0,0.0,1.0
整体,0.0,9.0,0.0,1.0
日益壮大,0.0,3.0,0.0,1.0
接受,0.0,3.0,0.0,1.0
股东,0.0,48.0,0.0,1.0
已超,0.0,6.0,0.0,1.0
落下,0.0,3.0,0.0,1.0
空间,0.0,3.0,0.0,1.0
较,0.0,24.0,0.0,1.0
中国证监会,0.0,3.0,0.0,1.0
实体,0.0,3.0,0.0,1.0
萎缩,0.0,6.0,0.0,1.0
并不认为,0.0,3.0,0.0,1.0
▲,0.0,3.0,0.0,1.0
净利,0.0,3.0,0.0,1.0
补贴,0.0,3.0,0.0,1.0
值得注意,0.0,6.0,0.0,1.0
元,0.0,9.0,0.0,1.0
充绒量,0.0,3.0,0.0,1.0
林,0.0,3.0,0.0,1.0
1422,0.0,3.0,0.0,1.0
其他,0.0,9.0,0.0,1.0
寻物,11.0,0.0,1.0,0.0
过程,0.0,9.0,0.0,1.0
有待,0.0,3.0,0.0,1.0
月份,0.0,3.0,0.0,1.0
收获期,0.0,3.0,0.0,1.0
充分利用,0.0,3.0,0.0,1.0
闪现,0.0,12.0,0.0,1.0
竞争力,0.0,3.0,0.0,1.0
关联方,0.0,3.0,0.0,1.0
主,0.0,9.0,0.0,1.0
检验,0.0,3.0,0.0,1.0
主营业务,0.0,3.0,0.0,1.0
取消,0.0,6.0,0.0,1.0
大宗,0.0,3.0,0.0,1.0
日起,0.0,6.0,0.0,1.0
超过,0.0,6.0,0.0,1.0
地,0.0,9.0,0.0,1.0
龙头,0.0,15.0,0.0,1.0
称,0.0,30.0,0.0,1.0
一则,0.0,9.0,0.0,1.0
收购案,0.0,3.0,0.0,1.0
ID,0.0,6.0,0.0,1.0
贵人,10.0,800.0,0.012345679012345678,0.9876543209876543
融一,0.0,3.0,0.0,1.0
范围,0.0,12.0,0.0,1.0
团队,0.0,3.0,0.0,1.0
会员,0.0,3.0,0.0,1.0
部门,0.0,3.0,0.0,1.0
引,0.0,3.0,0.0,1.0
用品,0.0,18.0,0.0,1.0
对,0.0,87.0,0.0,1.0
样品,0.0,6.0,0.0,1.0
创立,0.0,3.0,0.0,1.0
杂志,0.0,3.0,0.0,1.0
中,0.0,39.0,0.0,1.0
日至,0.0,3.0,0.0,1.0
;,0.0,6.0,0.0,1.0
影响,0.0,6.0,0.0,1.0
形象,0.0,9.0,0.0,1.0
收到,0.0,3.0,0.0,1.0
团,0.0,3.0,0.0,1.0
得益于,0.0,3.0,0.0,1.0
市界头,0.0,3.0,0.0,1.0
最早,0.0,3.0,0.0,1.0
多方位,0.0,3.0,0.0,1.0
3.67,0.0,9.0,0.0,1.0
回头,0.0,3.0,0.0,1.0
余个,0.0,9.0,0.0,1.0
福建,0.0,6.0,0.0,1.0
bonwe,0.0,3.0,0.0,1.0
持续,0.0,18.0,0.0,1.0
《,0.0,39.0,0.0,1.0
扩展,0.0,6.0,0.0,1.0
对此,0.0,9.0,0.0,1.0
安康,0.0,3.0,0.0,1.0
需急,1.0,0.0,1.0,0.0
除,0.0,6.0,0.0,1.0
陷,0.0,6.0,0.0,1.0
选择,0.0,12.0,0.0,1.0
分红,0.0,21.0,0.0,1.0
又,0.0,21.0,0.0,1.0
今年,0.0,12.0,0.0,1.0
派,0.0,6.0,0.0,1.0
分别,0.0,6.0,0.0,1.0
里,0.0,3.0,0.0,1.0
迈进,0.0,3.0,0.0,1.0
3PQ0u88nS7ic6Tw202mcjU4eDqPPjtGuz4odnzahLcZld15ib8zBruWaLCwbMGOKzRltAQ,0.0,3.0,0.0,1.0
此后,0.0,3.0,0.0,1.0
总,0.0,30.0,0.0,1.0
卖身,0.0,12.0,0.0,1.0
<,0.0,39.0,0.0,1.0
交易,0.0,15.0,0.0,1.0
mmbizgif,0.0,3.0,0.0,1.0
股东大会,0.0,3.0,0.0,1.0
仅次于,0.0,6.0,0.0,1.0
推进,0.0,15.0,0.0,1.0
含绒量,0.0,3.0,0.0,1.0
国内,0.0,30.0,0.0,1.0
并表后,0.0,3.0,0.0,1.0
业绩,0.0,57.0,0.0,1.0
热爱生活,0.0,3.0,0.0,1.0
乐观,0.0,3.0,0.0,1.0
店面,0.0,3.0,0.0,1.0
预期,0.0,6.0,0.0,1.0
迅速,0.0,9.0,0.0,1.0
产品,0.0,9.0,0.0,1.0
万股,0.0,3.0,0.0,1.0
一鼓作气,0.0,3.0,0.0,1.0
为,1.0,99.0,0.01,0.99
3014.7,0.0,3.0,0.0,1.0
所在,0.0,3.0,0.0,1.0
中称,0.0,3.0,0.0,1.0
某些,0.0,3.0,0.0,1.0
全民,0.0,3.0,0.0,1.0
U5yUbh4jlibnJWmNVUR,0.0,3.0,0.0,1.0
尝试,0.0,6.0,0.0,1.0
相关,3.0,9.0,0.25,0.75
普沃,0.0,3.0,0.0,1.0
欧元,0.0,3.0,0.0,1.0
5.99,0.0,3.0,0.0,1.0
利润,0.0,3.0,0.0,1.0
优惠,0.0,5.0,0.0,1.0
之意,0.0,6.0,0.0,1.0
双方,0.0,3.0,0.0,1.0
拉长,0.0,3.0,0.0,1.0
很多,3.0,0.0,1.0,0.0
印证,0.0,3.0,0.0,1.0
端,0.0,3.0,0.0,1.0
5.82,0.0,3.0,0.0,1.0
加之,0.0,3.0,0.0,1.0
逐渐,0.0,3.0,0.0,1.0
少数,0.0,3.0,0.0,1.0
中国国家体育总局,0.0,3.0,0.0,1.0
参股,0.0,3.0,0.0,1.0
TheBestOfYouSports,0.0,3.0,0.0,1.0
很,0.0,3.0,0.0,1.0
6.3,0.0,3.0,0.0,1.0
基本,0.0,6.0,0.0,1.0
1.57,0.0,3.0,0.0,1.0
随后,0.0,3.0,0.0,1.0
针对,0.0,3.0,0.0,1.0
尚,0.0,3.0,0.0,1.0
27,0.0,6.0,0.0,1.0
关系,0.0,6.0,0.0,1.0
独享,0.0,3.0,0.0,1.0
标称,0.0,9.0,0.0,1.0
体现,0.0,3.0,0.0,1.0
10.18,0.0,3.0,0.0,1.0
四线,0.0,21.0,0.0,1.0
提纲,0.0,3.0,0.0,1.0
更名,0.0,18.0,0.0,1.0
2.83,0.0,6.0,0.0,1.0
界头,0.0,9.0,0.0,1.0
见表,0.0,6.0,0.0,1.0
自,0.0,12.0,0.0,1.0
预判,0.0,3.0,0.0,1.0
此间,0.0,3.0,0.0,1.0
习惯,0.0,3.0,0.0,1.0
举措,0.0,3.0,0.0,1.0
擅长,0.0,3.0,0.0,1.0
4313,0.0,6.0,0.0,1.0
预计,0.0,15.0,0.0,1.0
及时,4.0,0.0,1.0,0.0
基金,0.0,78.0,0.0,1.0
万,0.0,6.0,0.0,1.0
亿,0.0,54.0,0.0,1.0
S4ibLTOkESEUNtHO97QQlzia3zia2Ey0u56pOjqtoV1icuJAanYDFQ1NlG9N1FTOy8gDqnK9r8CA,0.0,3.0,0.0,1.0
合作伙伴,0.0,6.0,0.0,1.0
657.57,0.0,3.0,0.0,1.0
享有,0.0,3.0,0.0,1.0
人民币,0.0,6.0,0.0,1.0
营业,0.0,48.0,0.0,1.0
把,0.0,9.0,0.0,1.0
2.57,0.0,3.0,0.0,1.0
背后,0.0,9.0,0.0,1.0
方便,0.0,3.0,0.0,1.0
国家,0.0,24.0,0.0,1.0
48.31,0.0,9.0,0.0,1.0
多万元,0.0,3.0,0.0,1.0
成为,0.0,36.0,0.0,1.0
与其说,0.0,3.0,0.0,1.0
暴涨,0.0,9.0,0.0,1.0
之内,0.0,3.0,0.0,1.0
企业,0.0,39.0,0.0,1.0
只,0.0,3.0,0.0,1.0
目前,0.0,18.0,0.0,1.0
威尔士,0.0,9.0,0.0,1.0
普华永道,0.0,6.0,0.0,1.0
3.825,0.0,9.0,0.0,1.0
2017,0.0,36.0,0.0,1.0
产业链,0.0,9.0,0.0,1.0
董事,0.0,6.0,0.0,1.0
自筹资金,0.0,3.0,0.0,1.0
全年,0.0,6.0,0.0,1.0
；,1.0,27.0,0.03571428571428571,0.9642857142857143
保税,0.0,3.0,0.0,1.0
增加,0.0,12.0,0.0,1.0
无疑,0.0,3.0,0.0,1.0
许松茂,0.0,6.0,0.0,1.0
17,0.0,6.0,0.0,1.0
难题,0.0,3.0,0.0,1.0
归属,0.0,9.0,0.0,1.0
23,0.0,6.0,0.0,1.0
累计,0.0,15.0,0.0,1.0
处理,1.0,0.0,1.0,0.0
意在,0.0,6.0,0.0,1.0
星友,0.0,3.0,0.0,1.0
年期,0.0,3.0,0.0,1.0
之一,0.0,3.0,0.0,1.0
股东会,0.0,3.0,0.0,1.0
苟仲文,0.0,6.0,0.0,1.0
对应,0.0,3.0,0.0,1.0
100,0.0,3.0,0.0,1.0
净,0.0,3.0,0.0,1.0
遇,0.0,9.0,0.0,1.0
作出,0.0,3.0,0.0,1.0
除林,0.0,3.0,0.0,1.0
营收,0.0,27.0,0.0,1.0
比,0.0,9.0,0.0,1.0
来源,0.0,12.0,0.0,1.0
szibdK2c5Xc3MtJlos4njyEC7PjzsSZNWjSrIM5fVSURq4jXzNBAOL6Bh9sAC7Ykia7iaCHNHXgIn7mrA,0.0,3.0,0.0,1.0
培训,0.0,12.0,0.0,1.0
决议,0.0,3.0,0.0,1.0
结果,0.0,6.0,0.0,1.0
速度,3.0,0.0,1.0,0.0
切入,0.0,6.0,0.0,1.0
陈奕,0.0,6.0,0.0,1.0
2.59,0.0,6.0,0.0,1.0
看来,0.0,3.0,0.0,1.0
发送,0.0,3.0,0.0,1.0
最,0.0,3.0,0.0,1.0
位于,0.0,3.0,0.0,1.0
能够,0.0,12.0,0.0,1.0
定价,0.0,3.0,0.0,1.0
加上,0.0,6.0,0.0,1.0
保证,2.0,3.0,0.4,0.6
美好,0.0,3.0,0.0,1.0
为动,0.0,3.0,0.0,1.0
潮流,0.0,3.0,0.0,1.0
要求,0.0,3.0,0.0,1.0
要,3.0,15.0,0.16666666666666666,0.8333333333333334
翼,0.0,12.0,0.0,1.0
女,0.0,3.0,0.0,1.0
BO,0.0,3.0,0.0,1.0
任何,2.0,3.0,0.4,0.6
注重,0.0,3.0,0.0,1.0
增资,0.0,15.0,0.0,1.0
卡,3.0,0.0,1.0,0.0
做法,0.0,9.0,0.0,1.0
本人,3.0,0.0,1.0,0.0
意识,0.0,3.0,0.0,1.0
同时,0.0,27.0,0.0,1.0
仰仗,0.0,6.0,0.0,1.0
9.90,0.0,3.0,0.0,1.0
小球,0.0,3.0,0.0,1.0
50.01,0.0,3.0,0.0,1.0
2007,0.0,3.0,0.0,1.0
 ,72.0,264.0,0.21428571428571427,0.7857142857142857
功课,0.0,3.0,0.0,1.0
意外,0.0,3.0,0.0,1.0
进入,0.0,9.0,0.0,1.0
领域,0.0,57.0,0.0,1.0
纤维,0.0,3.0,0.0,1.0
该,0.0,9.0,0.0,1.0
支持,0.0,3.0,0.0,1.0
零,0.0,12.0,0.0,1.0
提前,0.0,3.0,0.0,1.0
难道,0.0,3.0,0.0,1.0
份额,0.0,3.0,0.0,1.0
受让,0.0,3.0,0.0,1.0
管理,0.0,21.0,0.0,1.0
嘉动,0.0,3.0,0.0,1.0
为匹克,0.0,3.0,0.0,1.0
普通,0.0,3.0,0.0,1.0
15.74,0.0,6.0,0.0,1.0
报,0.0,6.0,0.0,1.0
财报,0.0,9.0,0.0,1.0
平均收入,0.0,3.0,0.0,1.0
两年,0.0,6.0,0.0,1.0
不再,0.0,18.0,0.0,1.0
针对性,0.0,3.0,0.0,1.0
3.32,0.0,3.0,0.0,1.0
以鞋,0.0,3.0,0.0,1.0
相结合,0.0,3.0,0.0,1.0
地址,0.0,6.0,0.0,1.0
再,0.0,9.0,0.0,1.0
体育产业,0.0,204.0,0.0,1.0
寻找,0.0,3.0,0.0,1.0
业内人士,0.0,6.0,0.0,1.0
》,0.0,42.0,0.0,1.0
审议,0.0,6.0,0.0,1.0
单一,0.0,3.0,0.0,1.0
娃娃,0.0,3.0,0.0,1.0
表达,0.0,6.0,0.0,1.0
圈,0.0,18.0,0.0,1.0
股价,0.0,3.0,0.0,1.0
作为,0.0,30.0,0.0,1.0
实控,0.0,3.0,0.0,1.0
李婕,0.0,15.0,0.0,1.0
注册,0.0,3.0,0.0,1.0
搏击,0.0,3.0,0.0,1.0
截至,0.0,12.0,0.0,1.0
拟于,0.0,3.0,0.0,1.0
人员,0.0,3.0,0.0,1.0
查阅,0.0,3.0,0.0,1.0
11.7,0.0,3.0,0.0,1.0
分派,0.0,3.0,0.0,1.0
进度,0.0,3.0,0.0,1.0
外延,0.0,3.0,0.0,1.0
盛翔,0.0,9.0,0.0,1.0
持有,0.0,15.0,0.0,1.0
调整,0.0,21.0,0.0,1.0
GS0IeS53VU3SS8XMoJBdO0Nso3qjQArKfUuCdiaHI9ibpdwvic8wyD0s07lrMvAPtHnU5yaBrnicPvg,0.0,3.0,0.0,1.0
2014,0.0,27.0,0.0,1.0
谈及,0.0,3.0,0.0,1.0
公告,0.0,48.0,0.0,1.0
及其,0.0,3.0,0.0,1.0
装修,0.0,9.0,0.0,1.0
家数,0.0,3.0,0.0,1.0
做,0.0,36.0,0.0,1.0
至多,0.0,3.0,0.0,1.0
面向,0.0,3.0,0.0,1.0
邮报,0.0,3.0,0.0,1.0
纺织网,0.0,6.0,0.0,1.0
7.68,0.0,3.0,0.0,1.0
本土,0.0,12.0,0.0,1.0
支付现金,0.0,3.0,0.0,1.0
其中,0.0,18.0,0.0,1.0
发布会,0.0,3.0,0.0,1.0
将来,0.0,3.0,0.0,1.0
竞等,0.0,3.0,0.0,1.0
8250400,0.0,3.0,0.0,1.0
可挡,0.0,3.0,0.0,1.0
即便如此,0.0,3.0,0.0,1.0
79.04,0.0,3.0,0.0,1.0
2.93,0.0,6.0,0.0,1.0
交易所,0.0,3.0,0.0,1.0
回应,0.0,3.0,0.0,1.0
根据,0.0,6.0,0.0,1.0
过猛,0.0,3.0,0.0,1.0
多元,0.0,3.0,0.0,1.0
升级,0.0,24.0,0.0,1.0
此事,0.0,3.0,0.0,1.0
着,0.0,3.0,0.0,1.0
了解,0.0,6.0,0.0,1.0
状况,0.0,3.0,0.0,1.0
发稿,0.0,6.0,0.0,1.0
OUTBACKRIDER,0.0,3.0,0.0,1.0
回溯到,0.0,3.0,0.0,1.0
于,0.0,21.0,0.0,1.0
DaD0h60iccBicVk7rRwAduTBv49euIzLRu02wgjPJBfPcnXLCcpZ2W0ib9Ppw2XA,0.0,3.0,0.0,1.0
尤其,0.0,3.0,0.0,1.0
上方,0.0,3.0,0.0,1.0
全国,0.0,3.0,0.0,1.0
趣,0.0,3.0,0.0,1.0
名,0.0,9.0,0.0,1.0
大幅,0.0,3.0,0.0,1.0
开会,0.0,3.0,0.0,1.0
函,0.0,6.0,0.0,1.0
当年,0.0,3.0,0.0,1.0
完善,0.0,12.0,0.0,1.0
过,0.0,3.0,0.0,1.0
MIfCT55J0uHZUWhk7mCialwicuxqMnU5X,0.0,3.0,0.0,1.0
用力,0.0,3.0,0.0,1.0
一种,0.0,6.0,0.0,1.0
动辄,0.0,6.0,0.0,1.0
紧跟,0.0,3.0,0.0,1.0
难点,0.0,3.0,0.0,1.0
覆盖全国,0.0,3.0,0.0,1.0
chinafashion99,0.0,3.0,0.0,1.0
投入,0.0,3.0,0.0,1.0
学生,3.0,0.0,1.0,0.0
创投,0.0,15.0,0.0,1.0
比较,0.0,6.0,0.0,1.0
敢不敢,0.0,6.0,0.0,1.0
既,0.0,3.0,0.0,1.0
btsu38yJECnsD5PKJEibsbYuTwsjqcpbHeicJknPwDLbTfHBgLCVoxgLIKt0zA,0.0,3.0,0.0,1.0
直接,0.0,3.0,0.0,1.0
5875350,0.0,3.0,0.0,1.0
独立,0.0,9.0,0.0,1.0
野心,0.0,3.0,0.0,1.0
方案,0.0,12.0,0.0,1.0
主动,0.0,3.0,0.0,1.0
黄,0.0,3.0,0.0,1.0
措辞,0.0,3.0,0.0,1.0
而林,0.0,3.0,0.0,1.0
上游,0.0,9.0,0.0,1.0
时装,0.0,3.0,0.0,1.0
顾问,0.0,3.0,0.0,1.0
衰落,0.0,3.0,0.0,1.0
执行官,0.0,3.0,0.0,1.0
惋惜,0.0,3.0,0.0,1.0
主业,0.0,36.0,0.0,1.0
共同,0.0,15.0,0.0,1.0
制造业,0.0,6.0,0.0,1.0
距离,0.0,3.0,0.0,1.0
专稿,0.0,3.0,0.0,1.0
事项,0.0,9.0,0.0,1.0
同步增长,0.0,3.0,0.0,1.0
规定,0.0,3.0,0.0,1.0
专业化,0.0,3.0,0.0,1.0
还,0.0,6.0,0.0,1.0
很着急,3.0,0.0,1.0,0.0
问题,1.0,0.0,1.0,0.0
月初,0.0,3.0,0.0,1.0
并拟,0.0,3.0,0.0,1.0
这类,0.0,3.0,0.0,1.0
目标,0.0,3.0,0.0,1.0
并,0.0,42.0,0.0,1.0
净额,0.0,3.0,0.0,1.0
环境,0.0,3.0,0.0,1.0
慧动域,0.0,6.0,0.0,1.0
香港,0.0,6.0,0.0,1.0
每股,0.0,3.0,0.0,1.0
专业,0.0,15.0,0.0,1.0
请,6.0,0.0,1.0,0.0
在,10.0,201.0,0.04739336492890995,0.95260663507109
饭卡,3.0,0.0,1.0,0.0
19,0.0,15.0,0.0,1.0
净利润,0.0,45.0,0.0,1.0
|,0.0,12.0,0.0,1.0
篮球,0.0,6.0,0.0,1.0
信号,0.0,3.0,0.0,1.0
轻松,0.0,6.0,0.0,1.0
鸟培蒙,0.0,9.0,0.0,1.0
49,0.0,6.0,0.0,1.0
次,0.0,3.0,0.0,1.0
国家队,0.0,9.0,0.0,1.0
体协,0.0,3.0,0.0,1.0
高额,0.0,3.0,0.0,1.0
消费,0.0,9.0,0.0,1.0
网络科技,0.0,6.0,0.0,1.0
收高达,0.0,3.0,0.0,1.0
这个,0.0,6.0,0.0,1.0
大增,0.0,3.0,0.0,1.0
研发,0.0,3.0,0.0,1.0
整合,0.0,6.0,0.0,1.0
谈到,0.0,3.0,0.0,1.0
反观,0.0,3.0,0.0,1.0
知情者,3.0,0.0,1.0,0.0
寻人,1.0,0.0,1.0,0.0
隐情,0.0,3.0,0.0,1.0
服,0.0,57.0,0.0,1.0
7.55,0.0,12.0,0.0,1.0
书包,10.0,0.0,1.0,0.0
下降,0.0,12.0,0.0,1.0
昨日,0.0,6.0,0.0,1.0
其主,0.0,3.0,0.0,1.0
创事纪,0.0,3.0,0.0,1.0
细分,0.0,21.0,0.0,1.0
实操,0.0,3.0,0.0,1.0
水平,0.0,3.0,0.0,1.0
全面,0.0,3.0,0.0,1.0
33.80,0.0,9.0,0.0,1.0
成本费用,0.0,9.0,0.0,1.0
年,0.0,177.0,0.0,1.0
四川省,0.0,6.0,0.0,1.0
具体,0.0,6.0,0.0,1.0
办,0.0,3.0,0.0,1.0
上交所,0.0,6.0,0.0,1.0
2.70,0.0,12.0,0.0,1.0
中心,0.0,3.0,0.0,1.0
免费,1.0,0.0,1.0,0.0
保险,0.0,15.0,0.0,1.0
补课,0.0,3.0,0.0,1.0
此举,0.0,3.0,0.0,1.0
较大,0.0,3.0,0.0,1.0
归属于,0.0,3.0,0.0,1.0
多渠道,0.0,15.0,0.0,1.0
一切,0.0,3.0,0.0,1.0
扩张,0.0,18.0,0.0,1.0
努力,0.0,6.0,0.0,1.0
从而,0.0,3.0,0.0,1.0
估值,0.0,6.0,0.0,1.0
们,0.0,3.0,0.0,1.0
半年报,0.0,6.0,0.0,1.0
母公司,0.0,3.0,0.0,1.0
MIfCT55J0uHV9CbA5JvGB70fceibtsu38CXVZmxV6w7etEAkcE5ibt5EDQg1TtlYgmnNfFK4iczyoqJP4bAfOd4yw,0.0,3.0,0.0,1.0
传统,0.0,42.0,0.0,1.0
媒体,0.0,3.0,0.0,1.0
jpg,0.0,21.0,0.0,1.0
看衰,0.0,6.0,0.0,1.0
俱乐部,0.0,6.0,0.0,1.0
总面积,0.0,3.0,0.0,1.0
一家,0.0,3.0,0.0,1.0
仍然,0.0,6.0,0.0,1.0
BOY,0.0,15.0,0.0,1.0
兼,0.0,3.0,0.0,1.0
降低,0.0,3.0,0.0,1.0
自身,0.0,3.0,0.0,1.0
平台,5.0,24.0,0.1724137931034483,0.8275862068965517
大手笔,0.0,15.0,0.0,1.0
怎样,0.0,3.0,0.0,1.0
替代,0.0,3.0,0.0,1.0
易界网,0.0,3.0,0.0,1.0
商人,0.0,3.0,0.0,1.0
控股权,0.0,6.0,0.0,1.0
合伙,0.0,21.0,0.0,1.0
拾,3.0,0.0,1.0,0.0
失主,3.0,0.0,1.0,0.0
培养,0.0,3.0,0.0,1.0
对外,0.0,12.0,0.0,1.0
3,0.0,15.0,0.0,1.0
明显,0.0,6.0,0.0,1.0
%,0.0,123.0,0.0,1.0
董秘,0.0,9.0,0.0,1.0
身处,0.0,3.0,0.0,1.0
IMAGE,0.0,39.0,0.0,1.0
对于,0.0,21.0,0.0,1.0
惟一,0.0,3.0,0.0,1.0
酬金,1.0,0.0,1.0,0.0
活动,0.0,3.0,0.0,1.0
基础,0.0,18.0,0.0,1.0
依赖,0.0,3.0,0.0,1.0
初步,0.0,3.0,0.0,1.0
报表,0.0,21.0,0.0,1.0
掉,10.0,0.0,1.0,0.0
逐步,0.0,3.0,0.0,1.0
展开,0.0,3.0,0.0,1.0
冬季,0.0,3.0,0.0,1.0
面临,0.0,15.0,0.0,1.0
乌龙,0.0,3.0,0.0,1.0
适应,0.0,3.0,0.0,1.0
增厚,0.0,3.0,0.0,1.0
清晰,0.0,3.0,0.0,1.0
朋友,0.0,3.0,0.0,1.0
面对,0.0,3.0,0.0,1.0
联系电话,0.0,3.0,0.0,1.0
集中,0.0,6.0,0.0,1.0
多数,0.0,3.0,0.0,1.0
贝,0.0,6.0,0.0,1.0
关注度,0.0,3.0,0.0,1.0
加剧,0.0,3.0,0.0,1.0
控制,0.0,6.0,0.0,1.0
讯,0.0,3.0,0.0,1.0
过去,0.0,12.0,0.0,1.0
钱,0.0,6.0,0.0,1.0
三家,0.0,6.0,0.0,1.0
帮助,0.0,6.0,0.0,1.0
具有,0.0,3.0,0.0,1.0
核准,0.0,3.0,0.0,1.0
方式,0.0,15.0,0.0,1.0
工商局,0.0,3.0,0.0,1.0
上述,0.0,3.0,0.0,1.0
8300,0.0,3.0,0.0,1.0
身份,0.0,6.0,0.0,1.0
足球,0.0,12.0,0.0,1.0
牌价,0.0,3.0,0.0,1.0
下滑,0.0,33.0,0.0,1.0
红,0.0,21.0,0.0,1.0
证件,3.0,0.0,1.0,0.0
总体,0.0,3.0,0.0,1.0
rWTEZN9fm54BxpqERxB7nPiaeKuBwo1QbCkYS3gektUI6KbozpKiaClQH1jwcwtLeuDsLWgs7SpKag,0.0,3.0,0.0,1.0
致电,0.0,6.0,0.0,1.0
占据,0.0,6.0,0.0,1.0
年底,0.0,12.0,0.0,1.0
实现,0.0,69.0,0.0,1.0
martin,0.0,3.0,0.0,1.0
充足,0.0,3.0,0.0,1.0
不会,0.0,3.0,0.0,1.0
网络媒体,0.0,12.0,0.0,1.0
董事会,0.0,15.0,0.0,1.0
21,10.0,0.0,1.0,0.0
28.21,0.0,3.0,0.0,1.0
plaric,0.0,12.0,0.0,1.0
杰之行,0.0,39.0,0.0,1.0
转会,0.0,3.0,0.0,1.0
高尔夫球,0.0,3.0,0.0,1.0
51,0.0,15.0,0.0,1.0
),0.0,54.0,0.0,1.0
及电,0.0,3.0,0.0,1.0
涉及,0.0,12.0,0.0,1.0
早,0.0,3.0,0.0,1.0
适合,0.0,3.0,0.0,1.0
求变,0.0,3.0,0.0,1.0
代替,0.0,3.0,0.0,1.0
进行,0.0,33.0,0.0,1.0
出资额,0.0,3.0,0.0,1.0
将,0.0,69.0,0.0,1.0
体育竞赛,0.0,6.0,0.0,1.0
随着,0.0,6.0,0.0,1.0
同年,0.0,3.0,0.0,1.0
积极参与,0.0,3.0,0.0,1.0
这是,0.0,3.0,0.0,1.0
b00juHoyl,0.0,3.0,0.0,1.0
端的,0.0,3.0,0.0,1.0
蓬松度,0.0,3.0,0.0,1.0
人士,0.0,3.0,0.0,1.0
国资,0.0,9.0,0.0,1.0
至今,0.0,3.0,0.0,1.0
明智,0.0,3.0,0.0,1.0
…,0.0,6.0,0.0,1.0
仅,0.0,12.0,0.0,1.0
开辟,0.0,3.0,0.0,1.0
三大,0.0,6.0,0.0,1.0
成,0.0,3.0,0.0,1.0
标的,0.0,30.0,0.0,1.0
宜宾,6.0,0.0,1.0,0.0
成长,0.0,3.0,0.0,1.0
快,0.0,3.0,0.0,1.0
加快,0.0,3.0,0.0,1.0
微,0.0,3.0,0.0,1.0
近年来,0.0,3.0,0.0,1.0
优势,0.0,3.0,0.0,1.0
28.30,0.0,9.0,0.0,1.0
上,10.0,42.0,0.19230769230769232,0.8076923076923077
学习,0.0,3.0,0.0,1.0
投资收益,0.0,3.0,0.0,1.0
洪再春,0.0,3.0,0.0,1.0
动域,0.0,27.0,0.0,1.0
零售,0.0,45.0,0.0,1.0
瓶颈,0.0,3.0,0.0,1.0
花,0.0,6.0,0.0,1.0
名牌,0.0,3.0,0.0,1.0
证券,0.0,9.0,0.0,1.0
22.890,0.0,3.0,0.0,1.0
当前,0.0,6.0,0.0,1.0
承诺,1.0,6.0,0.14285714285714285,0.8571428571428571
发行,0.0,6.0,0.0,1.0
融资,0.0,3.0,0.0,1.0
城市居民,0.0,3.0,0.0,1.0
Of,0.0,3.0,0.0,1.0
敏感度,0.0,3.0,0.0,1.0
虽,0.0,6.0,0.0,1.0
eibtsu38gpqeO9ibTNURuqssiaKviackSRkKozib315ia0RbMGQ9LVYbiaibkWNmmnwQQ,0.0,3.0,0.0,1.0
之前,0.0,3.0,0.0,1.0
设计,0.0,3.0,0.0,1.0
服饰,0.0,21.0,0.0,1.0
一步步,0.0,3.0,0.0,1.0
身影,0.0,9.0,0.0,1.0
下行,0.0,3.0,0.0,1.0
31,0.0,3.0,0.0,1.0
并购,0.0,36.0,0.0,1.0
报告,0.0,6.0,0.0,1.0
图片,3.0,0.0,1.0,0.0
猛增,0.0,3.0,0.0,1.0
等,0.0,90.0,0.0,1.0
跑步,0.0,3.0,0.0,1.0
容易,0.0,3.0,0.0,1.0
泉晟,0.0,6.0,0.0,1.0
成功,0.0,3.0,0.0,1.0
A,0.0,6.0,0.0,1.0
带动,0.0,3.0,0.0,1.0
高端,0.0,6.0,0.0,1.0
电商,0.0,18.0,0.0,1.0
事,0.0,3.0,0.0,1.0
起家,0.0,3.0,0.0,1.0
本,1.0,3.0,0.25,0.75
道,0.0,3.0,0.0,1.0
1.3,0.0,6.0,0.0,1.0
影响力,0.0,9.0,0.0,1.0
却是,0.0,3.0,0.0,1.0
纺织,0.0,3.0,0.0,1.0
动用,0.0,6.0,0.0,1.0
草案,0.0,3.0,0.0,1.0
转变,0.0,3.0,0.0,1.0
充电器,3.0,0.0,1.0,0.0
300,0.0,9.0,0.0,1.0
真实性,0.0,3.0,0.0,1.0
例外,0.0,3.0,0.0,1.0
提供,1.0,9.0,0.1,0.9
更为,0.0,3.0,0.0,1.0
到手,3.0,0.0,1.0,0.0
电,0.0,3.0,0.0,1.0
苏州市,0.0,3.0,0.0,1.0
基数,0.0,3.0,0.0,1.0
转身,0.0,9.0,0.0,1.0
温馨,1.0,0.0,1.0,0.0
同样,0.0,3.0,0.0,1.0
19.79,0.0,3.0,0.0,1.0
同花顺,0.0,3.0,0.0,1.0
尚未,0.0,6.0,0.0,1.0
一脚,0.0,3.0,0.0,1.0
康湃,0.0,3.0,0.0,1.0
定,0.0,3.0,0.0,1.0
列为,0.0,3.0,0.0,1.0
台,0.0,3.0,0.0,1.0
日前,0.0,6.0,0.0,1.0
有意识,0.0,3.0,0.0,1.0
助推,1.0,0.0,1.0,0.0
77,0.0,3.0,0.0,1.0
投向,0.0,3.0,0.0,1.0
声势,0.0,3.0,0.0,1.0
一年,0.0,3.0,0.0,1.0
第三届,0.0,3.0,0.0,1.0
不但,0.0,3.0,0.0,1.0
灵机一动,0.0,3.0,0.0,1.0
运营商,0.0,3.0,0.0,1.0
分析师,0.0,9.0,0.0,1.0
其以,0.0,3.0,0.0,1.0
25,0.0,6.0,0.0,1.0
提出,0.0,3.0,0.0,1.0
想,0.0,18.0,0.0,1.0
以,0.0,57.0,0.0,1.0
大举,0.0,9.0,0.0,1.0
最近,0.0,3.0,0.0,1.0
进军,0.0,3.0,0.0,1.0
收购,0.0,90.0,0.0,1.0
唯一,0.0,27.0,0.0,1.0
鸟自,0.0,9.0,0.0,1.0
工作,0.0,3.0,0.0,1.0
鸟于,0.0,3.0,0.0,1.0
工商行政管理局,0.0,3.0,0.0,1.0
显著,0.0,3.0,0.0,1.0
wx,0.0,69.0,0.0,1.0
让,0.0,3.0,0.0,1.0
盈利模式,0.0,3.0,0.0,1.0
会议,0.0,3.0,0.0,1.0
自治区,0.0,3.0,0.0,1.0
微信,0.0,9.0,0.0,1.0
资产,0.0,12.0,0.0,1.0
0.53,0.0,3.0,0.0,1.0
成长型,0.0,6.0,0.0,1.0
高级顾问,0.0,3.0,0.0,1.0
机会,0.0,3.0,0.0,1.0
健康,0.0,9.0,0.0,1.0
总经理,0.0,3.0,0.0,1.0
CAITHEIY,0.0,3.0,0.0,1.0
本身,0.0,3.0,0.0,1.0
美特斯,0.0,6.0,0.0,1.0
变为,0.0,6.0,0.0,1.0
理念,0.0,3.0,0.0,1.0
新,0.0,6.0,0.0,1.0
是,0.0,99.0,0.0,1.0
对面,0.0,3.0,0.0,1.0
议案,0.0,9.0,0.0,1.0
商代,0.0,3.0,0.0,1.0
认缴,0.0,21.0,0.0,1.0
0875,0.0,6.0,0.0,1.0
授权,0.0,6.0,0.0,1.0
webtex,0.0,3.0,0.0,1.0
因,0.0,9.0,0.0,1.0
自下而上,0.0,6.0,0.0,1.0
规模,0.0,15.0,0.0,1.0
>,0.0,72.0,0.0,1.0
2015,0.0,18.0,0.0,1.0
天福,0.0,6.0,0.0,1.0
产生,0.0,3.0,0.0,1.0
交给,0.0,3.0,0.0,1.0
结合,0.0,3.0,0.0,1.0
通过,0.0,45.0,0.0,1.0
知名度,0.0,3.0,0.0,1.0
时间,0.0,15.0,0.0,1.0
技术水平,0.0,3.0,0.0,1.0
方面,0.0,18.0,0.0,1.0
例如,0.0,3.0,0.0,1.0
较易,0.0,3.0,0.0,1.0
出现,1.0,3.0,0.25,0.75
驱动,0.0,9.0,0.0,1.0
更进一步,0.0,3.0,0.0,1.0
经营,0.0,33.0,0.0,1.0
扑,0.0,36.0,0.0,1.0
出卖,0.0,3.0,0.0,1.0
meters,0.0,3.0,0.0,1.0
最多,0.0,3.0,0.0,1.0
长久,0.0,3.0,0.0,1.0
副总经理,0.0,3.0,0.0,1.0
SRC,0.0,39.0,0.0,1.0
不好,0.0,3.0,0.0,1.0
扬帆,0.0,12.0,0.0,1.0
谋求,0.0,3.0,0.0,1.0
相比,0.0,6.0,0.0,1.0
行业,0.0,51.0,0.0,1.0
万平方米,0.0,6.0,0.0,1.0
自我,0.0,3.0,0.0,1.0
雄狮,0.0,3.0,0.0,1.0
林思恩,0.0,3.0,0.0,1.0
相似,0.0,3.0,0.0,1.0
内部,0.0,6.0,0.0,1.0
达到,0.0,9.0,0.0,1.0
有限公司,0.0,60.0,0.0,1.0
　,0.0,528.0,0.0,1.0
条款,0.0,3.0,0.0,1.0
长度,0.0,3.0,0.0,1.0
一件,0.0,3.0,0.0,1.0
构建,0.0,3.0,0.0,1.0
08,0.0,3.0,0.0,1.0
个,0.0,39.0,0.0,1.0
流转,0.0,3.0,0.0,1.0
参与,0.0,6.0,0.0,1.0
全新,0.0,3.0,0.0,1.0
积极,0.0,6.0,0.0,1.0
不佳,0.0,3.0,0.0,1.0
集团,0.0,24.0,0.0,1.0
赞助商,0.0,3.0,0.0,1.0
再度,0.0,3.0,0.0,1.0
中金启元,0.0,24.0,0.0,1.0
南溪,10.0,0.0,1.0,0.0
现时,0.0,6.0,0.0,1.0
引进,0.0,6.0,0.0,1.0
自由,0.0,3.0,0.0,1.0
讲,0.0,6.0,0.0,1.0
比例,0.0,12.0,0.0,1.0
4,0.0,18.0,0.0,1.0
悦,0.0,3.0,0.0,1.0
发现,0.0,15.0,0.0,1.0
4.8,0.0,9.0,0.0,1.0
知名,0.0,9.0,0.0,1.0
柯国笠,0.0,3.0,0.0,1.0
后续,0.0,3.0,0.0,1.0
4.21,0.0,3.0,0.0,1.0
据悉,0.0,3.0,0.0,1.0
鸟向,0.0,3.0,0.0,1.0
投稿,1.0,0.0,1.0,0.0
A6adNNvTlVic94sLDvyu6nIV7B,0.0,3.0,0.0,1.0
回复,0.0,3.0,0.0,1.0
说,0.0,6.0,0.0,1.0
15094242022,0.0,3.0,0.0,1.0
插足,0.0,3.0,0.0,1.0
好景,0.0,3.0,0.0,1.0
对名,0.0,6.0,0.0,1.0
_,0.0,96.0,0.0,1.0
无人,0.0,3.0,0.0,1.0
总裁,0.0,3.0,0.0,1.0
一些,0.0,3.0,0.0,1.0
国家体育总局,0.0,6.0,0.0,1.0
达成,0.0,3.0,0.0,1.0
商品质量,0.0,3.0,0.0,1.0
资源,0.0,15.0,0.0,1.0
之后,0.0,15.0,0.0,1.0
镇,0.0,3.0,0.0,1.0
街,0.0,3.0,0.0,1.0
强化,0.0,3.0,0.0,1.0
点,0.0,3.0,0.0,1.0
自然,0.0,3.0,0.0,1.0
合并,0.0,18.0,0.0,1.0
利润分配,0.0,3.0,0.0,1.0
借款,0.0,6.0,0.0,1.0
倡导,0.0,3.0,0.0,1.0
科技,0.0,3.0,0.0,1.0
之行,0.0,3.0,0.0,1.0
趋严,0.0,3.0,0.0,1.0
引导,0.0,6.0,0.0,1.0
仅为,0.0,6.0,0.0,1.0
4032,0.0,3.0,0.0,1.0
回落,0.0,3.0,0.0,1.0
竞动域,0.0,57.0,0.0,1.0
颇,0.0,6.0,0.0,1.0
为主,0.0,6.0,0.0,1.0
公开,0.0,3.0,0.0,1.0
y8ShKolA5XjyckRY7ToCTC36HIKJ2Xibr3pj0H6wVUQmmV1K2zTkxcAuLxRQ5w5hCliapXqO3L4ZPicNA,0.0,3.0,0.0,1.0
134,0.0,3.0,0.0,1.0
2.295,0.0,3.0,0.0,1.0
6374,0.0,3.0,0.0,1.0
培蒙,0.0,9.0,0.0,1.0
包括,0.0,9.0,0.0,1.0
更加,0.0,3.0,0.0,1.0
国际,0.0,3.0,0.0,1.0
外界,0.0,3.0,0.0,1.0
盟友,0.0,3.0,0.0,1.0
诠释,0.0,3.0,0.0,1.0
风格,0.0,3.0,0.0,1.0
BOY30,0.0,3.0,0.0,1.0
鸟算,0.0,3.0,0.0,1.0
(,0.0,60.0,0.0,1.0
将名,0.0,3.0,0.0,1.0
148,0.0,3.0,0.0,1.0
（,3.0,78.0,0.037037037037037035,0.9629629629629629
以来,0.0,15.0,0.0,1.0
更,0.0,15.0,0.0,1.0
1,0.0,27.0,0.0,1.0
表示,0.0,33.0,0.0,1.0
2010,0.0,9.0,0.0,1.0
冬装,0.0,3.0,0.0,1.0
投融资,0.0,3.0,0.0,1.0
以及,0.0,6.0,0.0,1.0
盲目,0.0,6.0,0.0,1.0
搞定,0.0,9.0,0.0,1.0
申报,0.0,6.0,0.0,1.0
协同,0.0,3.0,0.0,1.0
解释,0.0,6.0,0.0,1.0
14,0.0,3.0,0.0,1.0
新华网,0.0,3.0,0.0,1.0
严格,0.0,6.0,0.0,1.0
巨头,0.0,3.0,0.0,1.0
直营店,0.0,6.0,0.0,1.0
本次,0.0,24.0,0.0,1.0
初级,0.0,3.0,0.0,1.0
艾莎,0.0,3.0,0.0,1.0
变现,0.0,3.0,0.0,1.0
●,0.0,15.0,0.0,1.0
新兴,0.0,3.0,0.0,1.0
证,0.0,3.0,0.0,1.0
公司,0.0,165.0,0.0,1.0
拟以,0.0,6.0,0.0,1.0
策略,0.0,3.0,0.0,1.0
体育用品,0.0,39.0,0.0,1.0
含量,0.0,6.0,0.0,1.0
数据分析,0.0,3.0,0.0,1.0
20,0.0,24.0,0.0,1.0
-,0.0,36.0,0.0,1.0
三年,0.0,3.0,0.0,1.0
属性,0.0,3.0,0.0,1.0
除了,0.0,3.0,0.0,1.0
一事,0.0,6.0,0.0,1.0
振兴,0.0,3.0,0.0,1.0
寻请,1.0,0.0,1.0,0.0
合作,0.0,18.0,0.0,1.0
左右,10.0,3.0,0.7692307692307693,0.23076923076923078
提升,0.0,6.0,0.0,1.0
探索,0.0,3.0,0.0,1.0
翻阅,0.0,3.0,0.0,1.0
