日,12.0,120.0,0.09090909090909091,0.9090909090909091
等,1.0,30.0,0.03225806451612903,0.967741935483871
网址,3.0,0.0,1.0,0.0
广大,0.0,3.0,0.0,1.0
思想,0.0,9.0,0.0,1.0
历程,0.0,12.0,0.0,1.0
副经理,0.0,6.0,0.0,1.0
…,0.0,6.0,0.0,1.0
提及,0.0,6.0,0.0,1.0
一切,0.0,3.0,0.0,1.0
值钱,0.0,6.0,0.0,1.0
及其,0.0,6.0,0.0,1.0
聚焦,12.0,0.0,1.0,0.0
90,0.0,9.0,0.0,1.0
书面,0.0,3.0,0.0,1.0
救济,0.0,6.0,0.0,1.0
有些,0.0,6.0,0.0,1.0
过去,0.0,12.0,0.0,1.0
李克强,9.0,0.0,1.0,0.0
同比,0.0,30.0,0.0,1.0
控制权,0.0,6.0,0.0,1.0
西安高新技术产业开发区,0.0,3.0,0.0,1.0
规则,0.0,3.0,0.0,1.0
【,15.0,12.0,0.5555555555555556,0.4444444444444444
此次,0.0,15.0,0.0,1.0
i2,0.0,3.0,0.0,1.0
:,6.0,24.0,0.2,0.8
联姻,0.0,6.0,0.0,1.0
半个,0.0,6.0,0.0,1.0
广告公司,0.0,32.0,0.0,1.0
0,0.0,9.0,0.0,1.0
认可,0.0,15.0,0.0,1.0
再,0.0,15.0,0.0,1.0
实际,0.0,33.0,0.0,1.0
当地,0.0,3.0,0.0,1.0
待,0.0,3.0,0.0,1.0
为此,0.0,3.0,0.0,1.0
三驾,0.0,12.0,0.0,1.0
别人,3.0,0.0,1.0,0.0
改变,0.0,9.0,0.0,1.0
利益,0.0,6.0,0.0,1.0
增持,0.0,6.0,0.0,1.0
监察部,0.0,3.0,0.0,1.0
只要,3.0,0.0,1.0,0.0
坚持,0.0,3.0,0.0,1.0
梳理,0.0,3.0,0.0,1.0
地方,0.0,18.0,0.0,1.0
10,6.0,18.0,0.25,0.75
曲江,1.0,36.0,0.02702702702702703,0.972972972972973
股份,0.0,54.0,0.0,1.0
内容,0.0,9.0,0.0,1.0
亿元,0.0,45.0,0.0,1.0
出,0.0,12.0,0.0,1.0
西华,0.0,6.0,0.0,1.0
举过,0.0,3.0,0.0,1.0
来自,0.0,6.0,0.0,1.0
越来越,6.0,9.0,0.4,0.6
形式,0.0,3.0,0.0,1.0
金额,0.0,6.0,0.0,1.0
费用,0.0,9.0,0.0,1.0
酒店业,0.0,9.0,0.0,1.0
397,3.0,0.0,1.0,0.0
广告业,0.0,12.0,0.0,1.0
mmbiz,0.0,12.0,0.0,1.0
慰问,0.0,12.0,0.0,1.0
04,3.0,0.0,1.0,0.0
框架,0.0,3.0,0.0,1.0
经过,0.0,6.0,0.0,1.0
资格,0.0,3.0,0.0,1.0
样本,0.0,6.0,0.0,1.0
日因,0.0,6.0,0.0,1.0
播出,3.0,0.0,1.0,0.0
起点,0.0,3.0,0.0,1.0
实控,0.0,3.0,0.0,1.0
480,3.0,0.0,1.0,0.0
防止,9.0,0.0,1.0,0.0
节目,3.0,0.0,1.0,0.0
管理,0.0,3.0,0.0,1.0
期间,0.0,6.0,0.0,1.0
png,0.0,15.0,0.0,1.0
sanqinfortune,0.0,3.0,0.0,1.0
7,0.0,93.0,0.0,1.0
还是,3.0,6.0,0.3333333333333333,0.6666666666666666
每条,3.0,0.0,1.0,0.0
问政,9.0,0.0,1.0,0.0
仍显,0.0,3.0,0.0,1.0
】,15.0,12.0,0.5555555555555556,0.4444444444444444
南方,0.0,9.0,0.0,1.0
单位,0.0,6.0,0.0,1.0
故事,0.0,6.0,0.0,1.0
危险,0.0,6.0,0.0,1.0
京津冀,0.0,3.0,0.0,1.0
不到,0.0,6.0,0.0,1.0
发展,3.0,66.0,0.043478260869565216,0.9565217391304348
表决,0.0,3.0,0.0,1.0
从,0.0,18.0,0.0,1.0
=,0.0,24.0,0.0,1.0
任职,0.0,3.0,0.0,1.0
+,0.0,15.0,0.0,1.0
2000,0.0,18.0,0.0,1.0
壳,0.0,3.0,0.0,1.0
进展,0.0,3.0,0.0,1.0
祝愿,3.0,0.0,1.0,0.0
600706,0.0,3.0,0.0,1.0
双管齐下,0.0,6.0,0.0,1.0
出手,0.0,6.0,0.0,1.0
副董事长,0.0,6.0,0.0,1.0
作风,0.0,9.0,0.0,1.0
专业,0.0,6.0,0.0,1.0
资金,0.0,54.0,0.0,1.0
消息,0.0,12.0,0.0,1.0
lvyou114,3.0,0.0,1.0,0.0
都,3.0,24.0,0.1111111111111111,0.8888888888888888
如何,3.0,3.0,0.5,0.5
不算,0.0,6.0,0.0,1.0
肖玮,0.0,3.0,0.0,1.0
想象,0.0,12.0,0.0,1.0
小蚂蚁,1.0,0.0,1.0,0.0
营销,0.0,3.0,0.0,1.0
局面,1.0,6.0,0.14285714285714285,0.8571428571428571
官网,0.0,15.0,0.0,1.0
休闲,3.0,0.0,1.0,0.0
预亏,0.0,3.0,0.0,1.0
陷入,0.0,6.0,0.0,1.0
政府,0.0,15.0,0.0,1.0
3,0.0,18.0,0.0,1.0
机遇,0.0,6.0,0.0,1.0
价格,3.0,0.0,1.0,0.0
虚假,0.0,3.0,0.0,1.0
同比增加,0.0,3.0,0.0,1.0
购物,3.0,0.0,1.0,0.0
受益,0.0,6.0,0.0,1.0
316.13,0.0,12.0,0.0,1.0
超过,0.0,6.0,0.0,1.0
整理出来,3.0,0.0,1.0,0.0
集,0.0,3.0,0.0,1.0
技能,12.0,0.0,1.0,0.0
大学城,1.0,0.0,1.0,0.0
旅游局,0.0,12.0,0.0,1.0
无法,0.0,6.0,0.0,1.0
大雁塔,3.0,0.0,1.0,0.0
互联网,0.0,9.0,0.0,1.0
客栈,0.0,9.0,0.0,1.0
土地,0.0,12.0,0.0,1.0
行动,0.0,6.0,0.0,1.0
金字招牌,0.0,18.0,0.0,1.0
增长,0.0,6.0,0.0,1.0
如此,0.0,2.0,0.0,1.0
收,0.0,6.0,0.0,1.0
怨,0.0,6.0,0.0,1.0
集团股份,0.0,9.0,0.0,1.0
符合,0.0,3.0,0.0,1.0
同步,0.0,3.0,0.0,1.0
新近,0.0,3.0,0.0,1.0
经营权,0.0,3.0,0.0,1.0
商场,0.0,6.0,0.0,1.0
状态,0.0,12.0,0.0,1.0
双双,0.0,3.0,0.0,1.0
显得,0.0,3.0,0.0,1.0
竞争对手,0.0,12.0,0.0,1.0
这块,0.0,6.0,0.0,1.0
真,0.0,12.0,0.0,1.0
财富,0.0,3.0,0.0,1.0
怪,0.0,6.0,0.0,1.0
》,15.0,21.0,0.4166666666666667,0.5833333333333334
提名,0.0,9.0,0.0,1.0
180,3.0,0.0,1.0,0.0
资产重组,0.0,111.0,0.0,1.0
终南山,0.0,3.0,0.0,1.0
旺盛,3.0,0.0,1.0,0.0
准三,3.0,0.0,1.0,0.0
货员,0.0,6.0,0.0,1.0
接下来,0.0,3.0,0.0,1.0
复员,0.0,9.0,0.0,1.0
拥有,0.0,15.0,0.0,1.0
推动,0.0,3.0,0.0,1.0
先后,0.0,12.0,0.0,1.0
坐火车,3.0,0.0,1.0,0.0
说好,0.0,3.0,0.0,1.0
纪委,0.0,15.0,0.0,1.0
C0O7TFJYJCH6yIfaKRT2IXs2WFF4uFnvePyXBQ06dMc2QfYhsFOxYia0icYI9VbW6mcEuzOwFRguX4F9g,0.0,3.0,0.0,1.0
工人,0.0,6.0,0.0,1.0
股权,0.0,21.0,0.0,1.0
2013,0.0,6.0,0.0,1.0
西安市,1.0,54.0,0.01818181818181818,0.9818181818181818
营运,0.0,6.0,0.0,1.0
5,3.0,39.0,0.07142857142857142,0.9285714285714286
第十届,12.0,0.0,1.0,0.0
卖地,0.0,9.0,0.0,1.0
开市,0.0,12.0,0.0,1.0
亦,0.0,6.0,0.0,1.0
单体,0.0,9.0,0.0,1.0
媒体,0.0,3.0,0.0,1.0
政治,0.0,6.0,0.0,1.0
由,0.0,6.0,0.0,1.0
自行,0.0,3.0,0.0,1.0
完全,0.0,6.0,0.0,1.0
荣光,0.0,3.0,0.0,1.0
外,0.0,6.0,0.0,1.0
也就是说,0.0,3.0,0.0,1.0
月,12.0,234.0,0.04878048780487805,0.9512195121951219
款项,0.0,3.0,0.0,1.0
失败,0.0,75.0,0.0,1.0
两次,0.0,41.0,0.0,1.0
此,0.0,12.0,0.0,1.0
国旅,0.0,9.0,0.0,1.0
数月,0.0,6.0,0.0,1.0
△,0.0,3.0,0.0,1.0
专家,0.0,3.0,0.0,1.0
收益,0.0,33.0,0.0,1.0
风吹草动,0.0,6.0,0.0,1.0
曾,0.0,18.0,0.0,1.0
重建,0.0,6.0,0.0,1.0
解决,0.0,3.0,0.0,1.0
诊股,0.0,9.0,0.0,1.0
大跌,0.0,9.0,0.0,1.0
—,0.0,18.0,0.0,1.0
以下,0.0,18.0,0.0,1.0
就此,0.0,3.0,0.0,1.0
战略目标,0.0,6.0,0.0,1.0
18,3.0,0.0,1.0,0.0
发布,6.0,42.0,0.125,0.875
天天,3.0,0.0,1.0,0.0
拟,0.0,3.0,0.0,1.0
一带,0.0,9.0,0.0,1.0
控股,0.0,12.0,0.0,1.0
87619466,3.0,0.0,1.0,0.0
增长点,0.0,2.0,0.0,1.0
经向,0.0,3.0,0.0,1.0
重组,0.0,84.0,0.0,1.0
华侨城集团,0.0,12.0,0.0,1.0
两个,0.0,27.0,0.0,1.0
老旧,0.0,6.0,0.0,1.0
华侨城,0.0,6.0,0.0,1.0
负责人,0.0,3.0,0.0,1.0
干部,0.0,9.0,0.0,1.0
先生,0.0,12.0,0.0,1.0
解之题,0.0,3.0,0.0,1.0
2016,0.0,117.0,0.0,1.0
重大,0.0,132.0,0.0,1.0
签署,0.0,9.0,0.0,1.0
文化产业,0.0,6.0,0.0,1.0
作出,9.0,0.0,1.0,0.0
增强,0.0,3.0,0.0,1.0
370.15,0.0,12.0,0.0,1.0
股票价格,0.0,3.0,0.0,1.0
拿来,0.0,3.0,0.0,1.0
之,0.0,6.0,0.0,1.0
显然,0.0,6.0,0.0,1.0
独资,0.0,9.0,0.0,1.0
大型,3.0,9.0,0.25,0.75
预告,0.0,15.0,0.0,1.0
螳螂,0.0,6.0,0.0,1.0
时,3.0,6.0,0.3333333333333333,0.6666666666666666
一部分,0.0,6.0,0.0,1.0
党组织,0.0,3.0,0.0,1.0
报告,0.0,6.0,0.0,1.0
22,0.0,30.0,0.0,1.0
并且,0.0,3.0,0.0,1.0
几乎,0.0,9.0,0.0,1.0
办公室,0.0,3.0,0.0,1.0
时隔,0.0,3.0,0.0,1.0
帽子,0.0,15.0,0.0,1.0
押宝,0.0,3.0,0.0,1.0
↗,3.0,0.0,1.0,0.0
两购,0.0,3.0,0.0,1.0
上市公司,0.0,99.0,0.0,1.0
加大,0.0,6.0,0.0,1.0
UJT8dqCHtdoq6qX4cAfFfVcsgJ53bRWVzoebmUI7J6C5WHK9LNj0oT2mibyRHw4ux0ZZ9g0SBhNZgM5RDlicm5ow,0.0,3.0,0.0,1.0
民宿,0.0,9.0,0.0,1.0
告诉,0.0,3.0,0.0,1.0
旗下,0.0,30.0,0.0,1.0
暂时,0.0,15.0,0.0,1.0
任钢,0.0,3.0,0.0,1.0
2011,0.0,24.0,0.0,1.0
步入,0.0,9.0,0.0,1.0
主席,0.0,3.0,0.0,1.0
强于,0.0,6.0,0.0,1.0
新区,1.0,0.0,1.0,0.0
每经,0.0,6.0,0.0,1.0
hexun,0.0,3.0,0.0,1.0
收入,0.0,27.0,0.0,1.0
且,0.0,9.0,0.0,1.0
交易日,0.0,6.0,0.0,1.0
对比,0.0,12.0,0.0,1.0
职务,0.0,6.0,0.0,1.0
一步,0.0,3.0,0.0,1.0
历史,0.0,3.0,0.0,1.0
赶紧,0.0,6.0,0.0,1.0
中央,0.0,3.0,0.0,1.0
第八届,0.0,12.0,0.0,1.0
情况,0.0,9.0,0.0,1.0
酒店,3.0,57.0,0.05,0.95
服务,0.0,21.0,0.0,1.0
可以,0.0,9.0,0.0,1.0
主营,0.0,3.0,0.0,1.0
当然,0.0,9.0,0.0,1.0
文旅,0.0,33.0,0.0,1.0
本报记者,0.0,3.0,0.0,1.0
小,0.0,9.0,0.0,1.0
餐饮,0.0,3.0,0.0,1.0
之际,0.0,3.0,0.0,1.0
迫切,0.0,9.0,0.0,1.0
、,22.0,216.0,0.09243697478991597,0.907563025210084
两广,3.0,0.0,1.0,0.0
1986.09,0.0,6.0,0.0,1.0
：,27.0,63.0,0.3,0.7
1082.49,0.0,6.0,0.0,1.0
业,0.0,9.0,0.0,1.0
连锁化,0.0,6.0,0.0,1.0
真实,0.0,9.0,0.0,1.0
增长率,0.0,6.0,0.0,1.0
）,12.0,81.0,0.12903225806451613,0.8709677419354839
时刻,9.0,0.0,1.0,0.0
希望,0.0,3.0,0.0,1.0
保持,3.0,0.0,1.0,0.0
展示,0.0,3.0,0.0,1.0
投资,0.0,30.0,0.0,1.0
正在,0.0,24.0,0.0,1.0
59,3.0,0.0,1.0,0.0
8,21.0,21.0,0.5,0.5
收中,0.0,3.0,0.0,1.0
关怀,0.0,6.0,0.0,1.0
开盘价,0.0,3.0,0.0,1.0
上市,0.0,59.0,0.0,1.0
市委,0.0,3.0,0.0,1.0
信息,0.0,6.0,0.0,1.0
委员会,0.0,6.0,0.0,1.0
member,3.0,0.0,1.0,0.0
上半年,0.0,12.0,0.0,1.0
组织,0.0,30.0,0.0,1.0
上当受骗,6.0,0.0,1.0,0.0
规模化,0.0,6.0,0.0,1.0
一直,0.0,6.0,0.0,1.0
退伍军人,0.0,9.0,0.0,1.0
不管,12.0,6.0,0.6666666666666666,0.3333333333333333
曾经,0.0,6.0,0.0,1.0
Gofun,2.0,0.0,1.0,0.0
事实上,0.0,3.0,0.0,1.0
保,0.0,6.0,0.0,1.0
三板,0.0,15.0,0.0,1.0
校园,0.0,33.0,0.0,1.0
扩大,1.0,0.0,1.0,0.0
拓宽,0.0,12.0,0.0,1.0
老陕,0.0,3.0,0.0,1.0
平均,0.0,6.0,0.0,1.0
广告,0.0,111.0,0.0,1.0
仅,0.0,9.0,0.0,1.0
李大有,0.0,33.0,0.0,1.0
拟用,0.0,6.0,0.0,1.0
土豪,0.0,6.0,0.0,1.0
起,0.0,12.0,0.0,1.0
jpeg,0.0,3.0,0.0,1.0
第一次,0.0,3.0,0.0,1.0
泥沼,0.0,6.0,0.0,1.0
错失,0.0,6.0,0.0,1.0
起码,0.0,6.0,0.0,1.0
卸去,0.0,6.0,0.0,1.0
一个,3.0,33.0,0.08333333333333333,0.9166666666666666
万元,0.0,156.0,0.0,1.0
还值,0.0,6.0,0.0,1.0
饮鸩止渴,0.0,6.0,0.0,1.0
没有,0.0,21.0,0.0,1.0
市委常委,0.0,3.0,0.0,1.0
卖壳,0.0,6.0,0.0,1.0
错过,0.0,9.0,0.0,1.0
此前,0.0,21.0,0.0,1.0
变换,0.0,6.0,0.0,1.0
布局,0.0,6.0,0.0,1.0
13152181581,3.0,0.0,1.0,0.0
怀揣,0.0,6.0,0.0,1.0
大批,1.0,0.0,1.0,0.0
现在,0.0,9.0,0.0,1.0
匆匆,0.0,6.0,0.0,1.0
在线,0.0,3.0,0.0,1.0
另计,3.0,0.0,1.0,0.0
业务,0.0,30.0,0.0,1.0
来看,0.0,6.0,0.0,1.0
挤压,0.0,9.0,0.0,1.0
风险,0.0,9.0,0.0,1.0
一体,0.0,3.0,0.0,1.0
刘斯会,0.0,3.0,0.0,1.0
金桥,3.0,0.0,1.0,0.0
属于,3.0,0.0,1.0,0.0
小镇,0.0,18.0,0.0,1.0
枯竭,0.0,6.0,0.0,1.0
电视直播,3.0,0.0,1.0,0.0
辞职,0.0,3.0,0.0,1.0
经理,0.0,6.0,0.0,1.0
为保,0.0,6.0,0.0,1.0
独苗,0.0,6.0,0.0,1.0
需,0.0,6.0,0.0,1.0
兵马俑,3.0,0.0,1.0,0.0
这次,0.0,12.0,0.0,1.0
协同效应,0.0,3.0,0.0,1.0
利用,0.0,6.0,0.0,1.0
1.38,0.0,3.0,0.0,1.0
漫卷,0.0,3.0,0.0,1.0
甚至,0.0,18.0,0.0,1.0
公司业绩,0.0,3.0,0.0,1.0
交杂,3.0,0.0,1.0,0.0
公司,3.0,204.0,0.014492753623188406,0.9855072463768116
463.42,0.0,6.0,0.0,1.0
理财,0.0,69.0,0.0,1.0
或者,0.0,3.0,0.0,1.0
网站,0.0,3.0,0.0,1.0
董事长,0.0,39.0,0.0,1.0
而且,0.0,12.0,0.0,1.0
战略,0.0,21.0,0.0,1.0
以上,3.0,0.0,1.0,0.0
能为,0.0,3.0,0.0,1.0
结束,0.0,6.0,0.0,1.0
闲置,0.0,18.0,0.0,1.0
围绕,0.0,6.0,0.0,1.0
显示,0.0,48.0,0.0,1.0
诗梦,6.0,0.0,1.0,0.0
转型,0.0,120.0,0.0,1.0
巨额,0.0,6.0,0.0,1.0
颐养,0.0,3.0,0.0,1.0
重要,0.0,27.0,0.0,1.0
阶段,0.0,12.0,0.0,1.0
为例,0.0,3.0,0.0,1.0
接送,3.0,0.0,1.0,0.0
项目,0.0,24.0,0.0,1.0
景中店,3.0,0.0,1.0,0.0
党委书记,0.0,30.0,0.0,1.0
一大块,0.0,6.0,0.0,1.0
认定,0.0,3.0,0.0,1.0
起复牌,0.0,3.0,0.0,1.0
要强,0.0,6.0,0.0,1.0
得,0.0,6.0,0.0,1.0
简称,0.0,30.0,0.0,1.0
大地,0.0,6.0,0.0,1.0
依靠,0.0,15.0,0.0,1.0
黄雀,0.0,6.0,0.0,1.0
埋,0.0,9.0,0.0,1.0
财务总监,0.0,3.0,0.0,1.0
方案,0.0,6.0,0.0,1.0
惠群,0.0,21.0,0.0,1.0
通过,0.0,33.0,0.0,1.0
维护,0.0,6.0,0.0,1.0
15332358219,3.0,0.0,1.0,0.0
愈演愈烈,0.0,3.0,0.0,1.0
业态,0.0,12.0,0.0,1.0
终止,0.0,66.0,0.0,1.0
卖,0.0,6.0,0.0,1.0
国资,0.0,6.0,0.0,1.0
披露,0.0,21.0,0.0,1.0
经济,0.0,12.0,0.0,1.0
较,0.0,6.0,0.0,1.0
之下,0.0,12.0,0.0,1.0
2400,3.0,9.0,0.25,0.75
展开,0.0,6.0,0.0,1.0
竞争力,0.0,3.0,0.0,1.0
集团公司,0.0,18.0,0.0,1.0
6,3.0,36.0,0.07692307692307693,0.9230769230769231
花彩,0.0,6.0,0.0,1.0
钱,0.0,12.0,0.0,1.0
心跳,0.0,6.0,0.0,1.0
最终,0.0,21.0,0.0,1.0
本社,3.0,0.0,1.0,0.0
绍兴,9.0,0.0,1.0,0.0
029,3.0,0.0,1.0,0.0
充分,0.0,3.0,0.0,1.0
宣布,0.0,42.0,0.0,1.0
各直属,0.0,3.0,0.0,1.0
进行,0.0,27.0,0.0,1.0
 ,360.0,171.0,0.6779661016949152,0.3220338983050847
网络,0.0,9.0,0.0,1.0
fmt,0.0,9.0,0.0,1.0
仍,0.0,12.0,0.0,1.0
cn,0.0,9.0,0.0,1.0
发布公告,0.0,21.0,0.0,1.0
巧合,0.0,9.0,0.0,1.0
671.5,6.0,0.0,1.0,0.0
协商,0.0,9.0,0.0,1.0
便,0.0,6.0,0.0,1.0
去年同期,0.0,3.0,0.0,1.0
提到,3.0,0.0,1.0,0.0
26.81,0.0,3.0,0.0,1.0
关于,0.0,9.0,0.0,1.0
保育院,3.0,0.0,1.0,0.0
五十年,0.0,3.0,0.0,1.0
模式,0.0,6.0,0.0,1.0
行情,0.0,21.0,0.0,1.0
旅游业,3.0,36.0,0.07692307692307693,0.9230769230769231
认为,0.0,3.0,0.0,1.0
如周,0.0,3.0,0.0,1.0
深圳证券交易所,0.0,6.0,0.0,1.0
审查,0.0,18.0,0.0,1.0
一日游,3.0,0.0,1.0,0.0
年度,0.0,3.0,0.0,1.0
遭,0.0,3.0,0.0,1.0
西安,95.0,1031.0,0.08436944937833037,0.9156305506216696
凭借,0.0,6.0,0.0,1.0
11,3.0,36.0,0.07692307692307693,0.9230769230769231
大赛,12.0,0.0,1.0,0.0
法人代表,0.0,3.0,0.0,1.0
园,0.0,9.0,0.0,1.0
ss0917,3.0,0.0,1.0,0.0
包括,0.0,9.0,0.0,1.0
戴,0.0,3.0,0.0,1.0
介绍,0.0,6.0,0.0,1.0
保卫战,3.0,0.0,1.0,0.0
据,0.0,27.0,0.0,1.0
工作人员,0.0,3.0,0.0,1.0
异常,1.0,3.0,0.25,0.75
算是,0.0,6.0,0.0,1.0
玩,3.0,9.0,0.25,0.75
需要,0.0,15.0,0.0,1.0
投放,1.0,0.0,1.0,0.0
许多,0.0,6.0,0.0,1.0
奇瑞,1.0,0.0,1.0,0.0
股,0.0,3.0,0.0,1.0
真爱,0.0,3.0,0.0,1.0
qpic,0.0,6.0,0.0,1.0
疲弱,0.0,3.0,0.0,1.0
商贸,0.0,6.0,0.0,1.0
世界,0.0,3.0,0.0,1.0
坐,3.0,0.0,1.0,0.0
违纪,0.0,15.0,0.0,1.0
拆迁,0.0,24.0,0.0,1.0
各联点,0.0,3.0,0.0,1.0
公平性,0.0,3.0,0.0,1.0
担任,0.0,12.0,0.0,1.0
本科,0.0,6.0,0.0,1.0
严重,0.0,21.0,0.0,1.0
是否,0.0,3.0,0.0,1.0
微信,0.0,3.0,0.0,1.0
眼看,0.0,6.0,0.0,1.0
实施,0.0,6.0,0.0,1.0
老资格,0.0,6.0,0.0,1.0
也许,0.0,6.0,0.0,1.0
难求,1.0,0.0,1.0,0.0
减少,0.0,9.0,0.0,1.0
日电,0.0,3.0,0.0,1.0
吃不了兜着走,3.0,0.0,1.0,0.0
存在,0.0,9.0,0.0,1.0
畅达,0.0,102.0,0.0,1.0
班子成员,0.0,3.0,0.0,1.0
日期,0.0,3.0,0.0,1.0
第三批,0.0,3.0,0.0,1.0
多次,0.0,6.0,0.0,1.0
0.38,0.0,3.0,0.0,1.0
hqpick,0.0,3.0,0.0,1.0
正,0.0,15.0,0.0,1.0
市场竞争,0.0,9.0,0.0,1.0
去年,0.0,3.0,0.0,1.0
被动,0.0,9.0,0.0,1.0
期限,0.0,3.0,0.0,1.0
提高,0.0,6.0,0.0,1.0
王胜,0.0,9.0,0.0,1.0
过于,0.0,6.0,0.0,1.0
再次,0.0,18.0,0.0,1.0
40.88,0.0,6.0,0.0,1.0
eastmoney,0.0,3.0,0.0,1.0
从事,0.0,3.0,0.0,1.0
截图,0.0,3.0,0.0,1.0
一定,15.0,0.0,1.0,0.0
31,0.0,3.0,0.0,1.0
来说,0.0,42.0,0.0,1.0
运营,0.0,12.0,0.0,1.0
发起,0.0,2.0,0.0,1.0
另一家,0.0,6.0,0.0,1.0
来保,0.0,6.0,0.0,1.0
动物园,0.0,3.0,0.0,1.0
媒体广告,0.0,3.0,0.0,1.0
u,0.0,3.0,0.0,1.0
便是,0.0,6.0,0.0,1.0
应对,0.0,6.0,0.0,1.0
2017.01,0.0,3.0,0.0,1.0
候选人,0.0,3.0,0.0,1.0
扣,0.0,6.0,0.0,1.0
征收,0.0,18.0,0.0,1.0
还有,0.0,12.0,0.0,1.0
但,0.0,69.0,0.0,1.0
恐怕,0.0,18.0,0.0,1.0
挂牌,0.0,3.0,0.0,1.0
年头,0.0,9.0,0.0,1.0
皮货,0.0,6.0,0.0,1.0
党支部,0.0,12.0,0.0,1.0
业绩,0.0,95.0,0.0,1.0
17.01,0.0,3.0,0.0,1.0
一条,0.0,6.0,0.0,1.0
蝉,0.0,6.0,0.0,1.0
长期,0.0,15.0,0.0,1.0
分析,0.0,3.0,0.0,1.0
eQ1,1.0,0.0,1.0,0.0
注意,3.0,9.0,0.25,0.75
概念,0.0,6.0,0.0,1.0
更大,0.0,6.0,0.0,1.0
以往,0.0,9.0,0.0,1.0
八一,0.0,9.0,0.0,1.0
比卖,0.0,6.0,0.0,1.0
安全,3.0,0.0,1.0,0.0
16,3.0,6.0,0.3333333333333333,0.6666666666666666
困难,0.0,6.0,0.0,1.0
任期,0.0,3.0,0.0,1.0
股市,0.0,3.0,0.0,1.0
刚刚,0.0,12.0,0.0,1.0
4.85,0.0,6.0,0.0,1.0
.,15.0,42.0,0.2631578947368421,0.7368421052631579
利润表,0.0,12.0,0.0,1.0
扭亏,0.0,6.0,0.0,1.0
抓住机会,0.0,6.0,0.0,1.0
自费,3.0,0.0,1.0,0.0
600,0.0,15.0,0.0,1.0
自贸区,0.0,3.0,0.0,1.0
2,6.0,3.0,0.6666666666666666,0.3333333333333333
突破,0.0,6.0,0.0,1.0
选定,0.0,6.0,0.0,1.0
巨大,0.0,12.0,0.0,1.0
诚意,0.0,6.0,0.0,1.0
变成,0.0,3.0,0.0,1.0
近,1.0,6.0,0.14285714285714285,0.8571428571428571
着急,0.0,6.0,0.0,1.0
款,0.0,12.0,0.0,1.0
来到,3.0,0.0,1.0,0.0
惊出,0.0,6.0,0.0,1.0
渭水,0.0,9.0,0.0,1.0
计划,0.0,24.0,0.0,1.0
之路,0.0,12.0,0.0,1.0
变动,0.0,12.0,0.0,1.0
广播,3.0,0.0,1.0,0.0
太,0.0,6.0,0.0,1.0
星,3.0,0.0,1.0,0.0
市场,6.0,33.0,0.15384615384615385,0.8461538461538461
未捕,0.0,6.0,0.0,1.0
段伟,0.0,9.0,0.0,1.0
近年,0.0,3.0,0.0,1.0
牌,0.0,3.0,0.0,1.0
资本运作,0.0,15.0,0.0,1.0
文化,0.0,9.0,0.0,1.0
738.8,0.0,3.0,0.0,1.0
6805,3.0,0.0,1.0,0.0
从未,0.0,5.0,0.0,1.0
品质,3.0,0.0,1.0,0.0
4113.74,0.0,12.0,0.0,1.0
资深,0.0,3.0,0.0,1.0
同意,0.0,6.0,0.0,1.0
81046309,3.0,0.0,1.0,0.0
人为,0.0,9.0,0.0,1.0
0006102,0.0,3.0,0.0,1.0
一块,0.0,15.0,0.0,1.0
旅游,73.0,995.0,0.06835205992509363,0.9316479400749064
动作,0.0,9.0,0.0,1.0
必去,3.0,0.0,1.0,0.0
经,0.0,6.0,0.0,1.0
使用,9.0,12.0,0.42857142857142855,0.5714285714285714
发现,0.0,9.0,0.0,1.0
九十年,0.0,6.0,0.0,1.0
主要,0.0,36.0,0.0,1.0
启动,0.0,15.0,0.0,1.0
一,0.0,12.0,0.0,1.0
公布,0.0,18.0,0.0,1.0
今年,3.0,0.0,1.0,0.0
此后,0.0,6.0,0.0,1.0
生存空间,0.0,9.0,0.0,1.0
全包价,6.0,0.0,1.0,0.0
1082,0.0,12.0,0.0,1.0
半年,0.0,3.0,0.0,1.0
全部,0.0,6.0,0.0,1.0
thsi,0.0,3.0,0.0,1.0
华清池,3.0,0.0,1.0,0.0
构成,0.0,3.0,0.0,1.0
原因,0.0,36.0,0.0,1.0
达,0.0,3.0,0.0,1.0
买,0.0,12.0,0.0,1.0
星期一,0.0,3.0,0.0,1.0
有利于,0.0,6.0,0.0,1.0
防骗,9.0,0.0,1.0,0.0
成为,0.0,24.0,0.0,1.0
发团,3.0,0.0,1.0,0.0
揭秘,0.0,6.0,0.0,1.0
判断,0.0,3.0,0.0,1.0
拿下,0.0,6.0,0.0,1.0
周文芳,0.0,3.0,0.0,1.0
可,3.0,6.0,0.3333333333333333,0.6666666666666666
央企,0.0,12.0,0.0,1.0
门票,3.0,0.0,1.0,0.0
应当,0.0,3.0,0.0,1.0
条款,0.0,24.0,0.0,1.0
车导,3.0,0.0,1.0,0.0
自有,0.0,6.0,0.0,1.0
并未,0.0,6.0,0.0,1.0
二次,0.0,3.0,0.0,1.0
上年,0.0,15.0,0.0,1.0
同时,0.0,15.0,0.0,1.0
30,6.0,3.0,0.6666666666666666,0.3333333333333333
不予,0.0,12.0,0.0,1.0
野生,0.0,3.0,0.0,1.0
UJ,0.0,3.0,0.0,1.0
对价,0.0,3.0,0.0,1.0
多元化,0.0,3.0,0.0,1.0
目的地,0.0,12.0,0.0,1.0
行为,0.0,3.0,0.0,1.0
数据,3.0,6.0,0.3333333333333333,0.6666666666666666
攻防,0.0,6.0,0.0,1.0
走路,3.0,0.0,1.0,0.0
张静,0.0,3.0,0.0,1.0
后,0.0,27.0,0.0,1.0
建军,0.0,9.0,0.0,1.0
1.03,0.0,6.0,0.0,1.0
冠以,0.0,6.0,0.0,1.0
反映,0.0,6.0,0.0,1.0
老牌,0.0,3.0,0.0,1.0
接听,0.0,3.0,0.0,1.0
陈述,0.0,3.0,0.0,1.0
地质公园,0.0,3.0,0.0,1.0
事项,0.0,66.0,0.0,1.0
魏育,3.0,0.0,1.0,0.0
资料,0.0,3.0,0.0,1.0
11.620,0.0,3.0,0.0,1.0
停牌,0.0,66.0,0.0,1.0
兼任,0.0,3.0,0.0,1.0
失利,0.0,6.0,0.0,1.0
门,0.0,6.0,0.0,1.0
大,3.0,6.0,0.3333333333333333,0.6666666666666666
对方,0.0,18.0,0.0,1.0
催化作用,0.0,3.0,0.0,1.0
其间,0.0,6.0,0.0,1.0
～,0.0,12.0,0.0,1.0
初步,0.0,6.0,0.0,1.0
441.99,0.0,3.0,0.0,1.0
线路,18.0,0.0,1.0,0.0
履历,0.0,3.0,0.0,1.0
涌入,1.0,0.0,1.0,0.0
承办,0.0,3.0,0.0,1.0
类,0.0,9.0,0.0,1.0
蓝城,0.0,6.0,0.0,1.0
延安,6.0,0.0,1.0,0.0
闪电,0.0,6.0,0.0,1.0
对,9.0,57.0,0.13636363636363635,0.8636363636363636
误导性,0.0,3.0,0.0,1.0
命苦,0.0,12.0,0.0,1.0
标的,0.0,32.0,0.0,1.0
景点,6.0,9.0,0.4,0.6
190160862,0.0,3.0,0.0,1.0
全体,0.0,6.0,0.0,1.0
迷途,0.0,3.0,0.0,1.0
停滞不前,0.0,6.0,0.0,1.0
可能性,0.0,6.0,0.0,1.0
同样,1.0,3.0,0.25,0.75
职业中专,9.0,0.0,1.0,0.0
心想,0.0,6.0,0.0,1.0
如下,0.0,6.0,0.0,1.0
电话,3.0,3.0,0.5,0.5
客户,0.0,12.0,0.0,1.0
一城,3.0,0.0,1.0,0.0
文多,0.0,3.0,0.0,1.0
突破口,0.0,3.0,0.0,1.0
职业生涯,0.0,6.0,0.0,1.0
最大,0.0,6.0,0.0,1.0
支撑,0.0,27.0,0.0,1.0
被,3.0,51.0,0.05555555555555555,0.9444444444444444
分赴,0.0,3.0,0.0,1.0
关注,0.0,6.0,0.0,1.0
召开,0.0,6.0,0.0,1.0
之日起,0.0,3.0,0.0,1.0
展览,0.0,3.0,0.0,1.0
时候,6.0,9.0,0.4,0.6
如今,0.0,3.0,0.0,1.0
补偿,0.0,21.0,0.0,1.0
募集,0.0,36.0,0.0,1.0
复牌,0.0,24.0,0.0,1.0
指标,0.0,6.0,0.0,1.0
双飞,3.0,0.0,1.0,0.0
尚存,0.0,3.0,0.0,1.0
5800,0.0,12.0,0.0,1.0
微降,0.0,6.0,0.0,1.0
关键,0.0,12.0,0.0,1.0
第八期,3.0,0.0,1.0,0.0
2947.84,0.0,6.0,0.0,1.0
4170.97,0.0,6.0,0.0,1.0
鲜,0.0,3.0,0.0,1.0
商业,0.0,6.0,0.0,1.0
选举,0.0,3.0,0.0,1.0
辞职报告,0.0,3.0,0.0,1.0
一季度,0.0,9.0,0.0,1.0
西部,0.0,6.0,0.0,1.0
资本,0.0,39.0,0.0,1.0
止步不前,0.0,6.0,0.0,1.0
接受,0.0,18.0,0.0,1.0
股东,0.0,21.0,0.0,1.0
亮眼,0.0,6.0,0.0,1.0
协议,0.0,9.0,0.0,1.0
旅行社,3.0,21.0,0.125,0.875
空间,0.0,12.0,0.0,1.0
千辆,1.0,0.0,1.0,0.0
文芳,0.0,3.0,0.0,1.0
网点,1.0,0.0,1.0,0.0
党组,0.0,6.0,0.0,1.0
人民网,0.0,3.0,0.0,1.0
净利,0.0,21.0,0.0,1.0
安排,12.0,0.0,1.0,0.0
值得注意,0.0,6.0,0.0,1.0
元,3.0,3.0,0.5,0.5
亿金,0.0,9.0,0.0,1.0
高铁,3.0,54.0,0.05263157894736842,0.9473684210526315
广场,6.0,0.0,1.0,0.0
懵,0.0,6.0,0.0,1.0
路在何方,0.0,3.0,0.0,1.0
月份,0.0,3.0,0.0,1.0
到,7.0,24.0,0.22580645161290322,0.7741935483870968
开发,0.0,15.0,0.0,1.0
日止,0.0,3.0,0.0,1.0
地铁,0.0,6.0,0.0,1.0
检验,0.0,3.0,0.0,1.0
服务业,0.0,3.0,0.0,1.0
中央纪委,0.0,3.0,0.0,1.0
一下,0.0,6.0,0.0,1.0
获得,0.0,30.0,0.0,1.0
气氛,0.0,6.0,0.0,1.0
大腿,0.0,12.0,0.0,1.0
地,1.0,9.0,0.1,0.9
一旁,0.0,6.0,0.0,1.0
补充,0.0,6.0,0.0,1.0
冷落,0.0,6.0,0.0,1.0
称,0.0,45.0,0.0,1.0
明城墙,3.0,0.0,1.0,0.0
没,0.0,3.0,0.0,1.0
二,0.0,9.0,0.0,1.0
飞机,3.0,0.0,1.0,0.0
思路,0.0,15.0,0.0,1.0
ID,0.0,3.0,0.0,1.0
赛石,0.0,30.0,0.0,1.0
曝光率,0.0,12.0,0.0,1.0
团队,0.0,3.0,0.0,1.0
社科,0.0,6.0,0.0,1.0
申请,0.0,6.0,0.0,1.0
多忙,9.0,0.0,1.0,0.0
未能,0.0,6.0,0.0,1.0
争议,0.0,9.0,0.0,1.0
;,6.0,0.0,1.0,0.0
istocknews,0.0,3.0,0.0,1.0
公司股票,0.0,9.0,0.0,1.0
收到,0.0,9.0,0.0,1.0
与此同时,0.0,3.0,0.0,1.0
持续,0.0,6.0,0.0,1.0
弃,0.0,6.0,0.0,1.0
《,15.0,21.0,0.4166666666666667,0.5833333333333334
传,0.0,3.0,0.0,1.0
对此,0.0,3.0,0.0,1.0
除,0.0,6.0,0.0,1.0
选择,0.0,18.0,0.0,1.0
中旬,0.0,6.0,0.0,1.0
又,0.0,6.0,0.0,1.0
走访,0.0,12.0,0.0,1.0
现金流,0.0,12.0,0.0,1.0
非常,0.0,6.0,0.0,1.0
未来,0.0,15.0,0.0,1.0
暂定,3.0,0.0,1.0,0.0
成风,0.0,6.0,0.0,1.0
咱别,0.0,6.0,0.0,1.0
<,0.0,15.0,0.0,1.0
交易,0.0,39.0,0.0,1.0
快速,0.0,8.0,0.0,1.0
数字,0.0,3.0,0.0,1.0
股东大会,0.0,3.0,0.0,1.0
来临,1.0,0.0,1.0,0.0
很快,0.0,6.0,0.0,1.0
路霞,0.0,3.0,0.0,1.0
联合,0.0,9.0,0.0,1.0
中视,0.0,6.0,0.0,1.0
为准,0.0,3.0,0.0,1.0
因该,0.0,3.0,0.0,1.0
原拟,0.0,15.0,0.0,1.0
多年,0.0,15.0,0.0,1.0
其实,0.0,12.0,0.0,1.0
延缓,0.0,6.0,0.0,1.0
保值,0.0,6.0,0.0,1.0
国有,0.0,12.0,0.0,1.0
出行,2.0,0.0,1.0,0.0
产品,0.0,3.0,0.0,1.0
万股,0.0,3.0,0.0,1.0
?,0.0,15.0,0.0,1.0
为,0.0,110.0,0.0,1.0
不难,0.0,3.0,0.0,1.0
中称,0.0,9.0,0.0,1.0
com,6.0,6.0,0.5,0.5
某些,0.0,12.0,0.0,1.0
周年,0.0,9.0,0.0,1.0
这种,0.0,6.0,0.0,1.0
尝试,0.0,15.0,0.0,1.0
电视台,3.0,0.0,1.0,0.0
支柱,0.0,6.0,0.0,1.0
值此,0.0,3.0,0.0,1.0
盈利,0.0,9.0,0.0,1.0
■,0.0,3.0,0.0,1.0
地皮,0.0,12.0,0.0,1.0
追加,1.0,0.0,1.0,0.0
利润,0.0,5.0,0.0,1.0
偏爱,0.0,6.0,0.0,1.0
ST,0.0,27.0,0.0,1.0
合作开发,0.0,6.0,0.0,1.0
遭遇,0.0,9.0,0.0,1.0
双方,0.0,15.0,0.0,1.0
向,0.0,9.0,0.0,1.0
政协,0.0,6.0,0.0,1.0
不能,0.0,15.0,0.0,1.0
跟不上,0.0,6.0,0.0,1.0
曾多次,0.0,9.0,0.0,1.0
路演,0.0,3.0,0.0,1.0
让出,0.0,12.0,0.0,1.0
再遇,0.0,3.0,0.0,1.0
很,0.0,6.0,0.0,1.0
格局,0.0,18.0,0.0,1.0
基本,0.0,3.0,0.0,1.0
其他,0.0,6.0,0.0,1.0
随后,0.0,6.0,0.0,1.0
3382.81,0.0,6.0,0.0,1.0
胜利,0.0,15.0,0.0,1.0
有限责任,3.0,0.0,1.0,0.0
1701.33,0.0,6.0,0.0,1.0
组建,0.0,3.0,0.0,1.0
值得,0.0,3.0,0.0,1.0
步饶,0.0,6.0,0.0,1.0
自,0.0,29.0,0.0,1.0
07,0.0,3.0,0.0,1.0
预计,0.0,18.0,0.0,1.0
万,0.0,21.0,0.0,1.0
三石,0.0,6.0,0.0,1.0
24,0.0,15.0,0.0,1.0
冷汗,0.0,6.0,0.0,1.0
),1.0,54.0,0.01818181818181818,0.9818181818181818
营业,0.0,12.0,0.0,1.0
仅仅,0.0,6.0,0.0,1.0
1071,0.0,18.0,0.0,1.0
把,0.0,3.0,0.0,1.0
红旗,0.0,3.0,0.0,1.0
情理之中,0.0,6.0,0.0,1.0
曾任,0.0,6.0,0.0,1.0
导入,0.0,6.0,0.0,1.0
企业,0.0,36.0,0.0,1.0
决心,0.0,3.0,0.0,1.0
目前,0.0,15.0,0.0,1.0
2014,0.0,21.0,0.0,1.0
一身,0.0,6.0,0.0,1.0
风口,0.0,6.0,0.0,1.0
汤匙,0.0,9.0,0.0,1.0
k,0.0,3.0,0.0,1.0
傍上,0.0,6.0,0.0,1.0
告终,0.0,9.0,0.0,1.0
节点,0.0,3.0,0.0,1.0
否决,0.0,12.0,0.0,1.0
；,6.0,54.0,0.1,0.9
增加,0.0,6.0,0.0,1.0
难题,0.0,3.0,0.0,1.0
[,0.0,3.0,0.0,1.0
顺利,0.0,6.0,0.0,1.0
心态,0.0,9.0,0.0,1.0
归属,0.0,3.0,0.0,1.0
23,0.0,27.0,0.0,1.0
社会,3.0,0.0,1.0,0.0
累计,0.0,6.0,0.0,1.0
意在,0.0,3.0,0.0,1.0
36,3.0,0.0,1.0,0.0
产业,0.0,12.0,0.0,1.0
受到,0.0,6.0,0.0,1.0
含,3.0,0.0,1.0,0.0
再度,0.0,3.0,0.0,1.0
亏损,0.0,69.0,0.0,1.0
因工,0.0,3.0,0.0,1.0
大明宫,3.0,0.0,1.0,0.0
营收,0.0,9.0,0.0,1.0
举行,3.0,0.0,1.0,0.0
800,0.0,21.0,0.0,1.0
陕股,0.0,3.0,0.0,1.0
军转,0.0,9.0,0.0,1.0
2008,0.0,6.0,0.0,1.0
管理层,0.0,6.0,0.0,1.0
看来,0.0,3.0,0.0,1.0
最,0.0,9.0,0.0,1.0
开幕式,3.0,0.0,1.0,0.0
能够,0.0,8.0,0.0,1.0
保证,3.0,6.0,0.3333333333333333,0.6666666666666666
常务,0.0,6.0,0.0,1.0
中证网,0.0,3.0,0.0,1.0
要求,0.0,3.0,0.0,1.0
40,3.0,0.0,1.0,0.0
这才,0.0,6.0,0.0,1.0
陌生人,3.0,0.0,1.0,0.0
04BestRiches,0.0,3.0,0.0,1.0
要犯,0.0,6.0,0.0,1.0
拟以,0.0,21.0,0.0,1.0
data,0.0,3.0,0.0,1.0
员,0.0,6.0,0.0,1.0
旺季,1.0,0.0,1.0,0.0
15,0.0,6.0,0.0,1.0
2007,0.0,3.0,0.0,1.0
亿,0.0,15.0,0.0,1.0
了解,0.0,6.0,0.0,1.0
蛮,0.0,6.0,0.0,1.0
进入,0.0,9.0,0.0,1.0
源,0.0,3.0,0.0,1.0
必然,0.0,3.0,0.0,1.0
该,0.0,15.0,0.0,1.0
竞争能力,0.0,3.0,0.0,1.0
一家,0.0,6.0,0.0,1.0
已有,0.0,3.0,0.0,1.0
临时,0.0,6.0,0.0,1.0
建设,0.0,27.0,0.0,1.0
仍然,0.0,9.0,0.0,1.0
以来,0.0,17.0,0.0,1.0
一车,1.0,0.0,1.0,0.0
财报,0.0,15.0,0.0,1.0
两年,0.0,12.0,0.0,1.0
〇,0.0,3.0,0.0,1.0
内,0.0,2.0,0.0,1.0
含早,6.0,0.0,1.0,0.0
可见一斑,0.0,3.0,0.0,1.0
独家,0.0,3.0,0.0,1.0
骗,3.0,0.0,1.0,0.0
jpg,0.0,6.0,0.0,1.0
1996,0.0,8.0,0.0,1.0
继续,0.0,15.0,0.0,1.0
马车,0.0,12.0,0.0,1.0
寻找,0.0,3.0,0.0,1.0
有望,0.0,3.0,0.0,1.0
600358,0.0,3.0,0.0,1.0
审议,0.0,3.0,0.0,1.0
单一,0.0,3.0,0.0,1.0
行程,9.0,0.0,1.0,0.0
股价,0.0,9.0,0.0,1.0
作为,0.0,21.0,0.0,1.0
综合,3.0,0.0,1.0,0.0
董事会,0.0,33.0,0.0,1.0
两家,0.0,27.0,0.0,1.0
连续,0.0,9.0,0.0,1.0
截至,0.0,12.0,0.0,1.0
筹划,0.0,48.0,0.0,1.0
温暖,0.0,3.0,0.0,1.0
去,6.0,6.0,0.5,0.5
匆忙,0.0,6.0,0.0,1.0
持有,0.0,3.0,0.0,1.0
颇为,0.0,3.0,0.0,1.0
关键期,0.0,3.0,0.0,1.0
公告,0.0,72.0,0.0,1.0
],0.0,3.0,0.0,1.0
2003,0.0,6.0,0.0,1.0
1993.09,0.0,6.0,0.0,1.0
装修,0.0,6.0,0.0,1.0
做,0.0,6.0,0.0,1.0
募资,0.0,6.0,0.0,1.0
站,0.0,18.0,0.0,1.0
想必,0.0,6.0,0.0,1.0
年报,0.0,30.0,0.0,1.0
发放,0.0,3.0,0.0,1.0
分钟,6.0,0.0,1.0,0.0
大约,0.0,6.0,0.0,1.0
届满,0.0,3.0,0.0,1.0
支付现金,0.0,21.0,0.0,1.0
看不上,0.0,6.0,0.0,1.0
帮,3.0,0.0,1.0,0.0
了央企,0.0,12.0,0.0,1.0
慰问品,0.0,3.0,0.0,1.0
可能,0.0,12.0,0.0,1.0
2017,15.0,81.0,0.15625,0.84375
根据,0.0,27.0,0.0,1.0
近一年来,0.0,6.0,0.0,1.0
包头,3.0,0.0,1.0,0.0
升级,0.0,27.0,0.0,1.0
着,0.0,21.0,0.0,1.0
2.6,0.0,6.0,0.0,1.0
状况,0.0,9.0,0.0,1.0
形势,0.0,6.0,0.0,1.0
发稿,0.0,6.0,0.0,1.0
自由组合,3.0,0.0,1.0,0.0
宣传片,6.0,0.0,1.0,0.0
近几年,0.0,6.0,0.0,1.0
董事,0.0,9.0,0.0,1.0
书记,0.0,27.0,0.0,1.0
尤其,0.0,6.0,0.0,1.0
一度,0.0,3.0,0.0,1.0
全国,12.0,0.0,1.0,0.0
晚间,0.0,30.0,0.0,1.0
国资委,0.0,24.0,0.0,1.0
1996.07,0.0,6.0,0.0,1.0
过,0.0,3.0,0.0,1.0
副,0.0,9.0,0.0,1.0
火爆,1.0,0.0,1.0,0.0
特此,0.0,3.0,0.0,1.0
一致,0.0,18.0,0.0,1.0
温泉,0.0,3.0,0.0,1.0
之后,0.0,12.0,0.0,1.0
46.47,0.0,3.0,0.0,1.0
已,0.0,12.0,0.0,1.0
已不大,0.0,6.0,0.0,1.0
省委,0.0,3.0,0.0,1.0
增值,0.0,6.0,0.0,1.0
www,6.0,0.0,1.0,0.0
获悉,0.0,3.0,0.0,1.0
完整,0.0,3.0,0.0,1.0
配套,0.0,18.0,0.0,1.0
物业,0.0,3.0,0.0,1.0
积极开展,0.0,6.0,0.0,1.0
主业,0.0,18.0,0.0,1.0
~,0.0,6.0,0.0,1.0
第二次,0.0,24.0,0.0,1.0
距离,3.0,0.0,1.0,0.0
为了,1.0,3.0,0.25,0.75
实际上,0.0,9.0,0.0,1.0
规定,0.0,3.0,0.0,1.0
浴血,0.0,3.0,0.0,1.0
还,0.0,21.0,0.0,1.0
问题,6.0,3.0,0.6666666666666666,0.3333333333333333
相关,0.0,6.0,0.0,1.0
剧烈,0.0,6.0,0.0,1.0
清晰,0.0,3.0,0.0,1.0
准备,0.0,6.0,0.0,1.0
靠,0.0,18.0,0.0,1.0
并,0.0,51.0,0.0,1.0
半年度,0.0,6.0,0.0,1.0
环境,0.0,3.0,0.0,1.0
2017.02,0.0,6.0,0.0,1.0
投资者,0.0,9.0,0.0,1.0
这笔,0.0,6.0,0.0,1.0
合理,0.0,3.0,0.0,1.0
请,0.0,3.0,0.0,1.0
在,10.0,159.0,0.05917159763313609,0.9408284023668639
七月,0.0,3.0,0.0,1.0
在内,0.0,3.0,0.0,1.0
19,0.0,3.0,0.0,1.0
净利润,0.0,87.0,0.0,1.0
否掉,0.0,6.0,0.0,1.0
信号,0.0,6.0,0.0,1.0
近两年,0.0,3.0,0.0,1.0
下,9.0,15.0,0.375,0.625
透露,0.0,6.0,0.0,1.0
整合,0.0,3.0,0.0,1.0
整体,0.0,3.0,0.0,1.0
非标准,0.0,9.0,0.0,1.0
之一,0.0,15.0,0.0,1.0
边缘,0.0,6.0,0.0,1.0
爱,0.0,6.0,0.0,1.0
开展,0.0,9.0,0.0,1.0
度假村,0.0,3.0,0.0,1.0
下降,0.0,9.0,0.0,1.0
―,0.0,9.0,0.0,1.0
全面,0.0,3.0,0.0,1.0
座谈会,0.0,3.0,0.0,1.0
迫切需要,0.0,8.0,0.0,1.0
年,12.0,296.0,0.03896103896103896,0.961038961038961
要,15.0,9.0,0.625,0.375
具体,12.0,9.0,0.5714285714285714,0.42857142857142855
只,0.0,12.0,0.0,1.0
/,12.0,78.0,0.13333333333333333,0.8666666666666667
天津,3.0,0.0,1.0,0.0
558,3.0,0.0,1.0,0.0
记载,0.0,3.0,0.0,1.0
寻求,0.0,3.0,0.0,1.0
业内,0.0,3.0,0.0,1.0
归属于,0.0,18.0,0.0,1.0
大手笔,0.0,6.0,0.0,1.0
游客,1.0,0.0,1.0,0.0
转入,0.0,3.0,0.0,1.0
着迷,0.0,3.0,0.0,1.0
入主,0.0,6.0,0.0,1.0
母公司,0.0,6.0,0.0,1.0
丝绸之路,0.0,3.0,0.0,1.0
传统,0.0,27.0,0.0,1.0
开始,0.0,24.0,0.0,1.0
三人行,0.0,81.0,0.0,1.0
1990.07,0.0,12.0,0.0,1.0
科技股份,0.0,9.0,0.0,1.0
近期,1.0,0.0,1.0,0.0
首次,0.0,12.0,0.0,1.0
兼,0.0,9.0,0.0,1.0
天地,0.0,3.0,0.0,1.0
3.6,0.0,6.0,0.0,1.0
被查,0.0,6.0,0.0,1.0
已经,0.0,21.0,0.0,1.0
买入,0.0,18.0,0.0,1.0
控股权,0.0,18.0,0.0,1.0
遗漏,0.0,3.0,0.0,1.0
成立,0.0,12.0,0.0,1.0
钟楼,0.0,3.0,0.0,1.0
用于,0.0,12.0,0.0,1.0
不确定性,0.0,3.0,0.0,1.0
北京,0.0,54.0,0.0,1.0
估值,0.0,15.0,0.0,1.0
%,0.0,81.0,0.0,1.0
共同,0.0,3.0,0.0,1.0
好,0.0,3.0,0.0,1.0
西安交大,0.0,6.0,0.0,1.0
活动,0.0,15.0,0.0,1.0
钟鼓楼,3.0,0.0,1.0,0.0
之所以,0.0,6.0,0.0,1.0
可见,0.0,6.0,0.0,1.0
拆除,0.0,6.0,0.0,1.0
确定,0.0,9.0,0.0,1.0
路,0.0,12.0,0.0,1.0
28,0.0,6.0,0.0,1.0
a47cc11487259970771719cf6e703d88,0.0,3.0,0.0,1.0
面对,0.0,12.0,0.0,1.0
背景,0.0,6.0,0.0,1.0
日即,0.0,6.0,0.0,1.0
身家,0.0,3.0,0.0,1.0
系,0.0,12.0,0.0,1.0
职业院校,12.0,0.0,1.0,0.0
1995.07,0.0,6.0,0.0,1.0
戴上,0.0,12.0,0.0,1.0
加剧,0.0,9.0,0.0,1.0
适合,0.0,3.0,0.0,1.0
讯,0.0,6.0,0.0,1.0
2890.77,0.0,6.0,0.0,1.0
3.17,0.0,3.0,0.0,1.0
谜团,0.0,3.0,0.0,1.0
一位,0.0,6.0,0.0,1.0
具有,0.0,6.0,0.0,1.0
8000,0.0,3.0,0.0,1.0
IMAGE,0.0,15.0,0.0,1.0
园林,0.0,6.0,0.0,1.0
市内,3.0,0.0,1.0,0.0
60,0.0,9.0,0.0,1.0
方式,0.0,12.0,0.0,1.0
关中,0.0,6.0,0.0,1.0
审核,0.0,3.0,0.0,1.0
下滑,0.0,12.0,0.0,1.0
鱼龙,3.0,0.0,1.0,0.0
景区,0.0,6.0,0.0,1.0
日趋激烈,0.0,6.0,0.0,1.0
特色,0.0,12.0,0.0,1.0
年底,0.0,12.0,0.0,1.0
实现,0.0,48.0,0.0,1.0
男,0.0,9.0,0.0,1.0
不会,0.0,3.0,0.0,1.0
开心,3.0,0.0,1.0,0.0
人民政府,0.0,3.0,0.0,1.0
收盘,0.0,3.0,0.0,1.0
对于,0.0,33.0,0.0,1.0
涉及,0.0,9.0,0.0,1.0
杭州,0.0,12.0,0.0,1.0
传媒,0.0,147.0,0.0,1.0
控制,0.0,33.0,0.0,1.0
编辑,0.0,3.0,0.0,1.0
大力,0.0,6.0,0.0,1.0
其,0.0,51.0,0.0,1.0
6.47,0.0,9.0,0.0,1.0
9,0.0,15.0,0.0,1.0
将,6.0,63.0,0.08695652173913043,0.9130434782608695
认识,0.0,6.0,0.0,1.0
剩下,0.0,6.0,0.0,1.0
A股,0.0,21.0,0.0,1.0
最好,0.0,6.0,0.0,1.0
总营收,0.0,12.0,0.0,1.0
这是,0.0,9.0,0.0,1.0
未果,0.0,6.0,0.0,1.0
创收,0.0,12.0,0.0,1.0
相比,0.0,6.0,0.0,1.0
三秦,0.0,3.0,0.0,1.0
四日游,3.0,0.0,1.0,0.0
决定,0.0,9.0,0.0,1.0
财富网,0.0,9.0,0.0,1.0
至今,0.0,9.0,0.0,1.0
于,0.0,27.0,0.0,1.0
所,0.0,3.0,0.0,1.0
前不久,0.0,6.0,0.0,1.0
成,0.0,6.0,0.0,1.0
文旅傍上,0.0,6.0,0.0,1.0
部署,0.0,3.0,0.0,1.0
13,3.0,9.0,0.25,0.75
挣扎,0.0,6.0,0.0,1.0
Input,0.0,3.0,0.0,1.0
微,0.0,6.0,0.0,1.0
近年来,0.0,6.0,0.0,1.0
上,0.0,3.0,0.0,1.0
学习,0.0,9.0,0.0,1.0
投资收益,0.0,12.0,0.0,1.0
http,0.0,15.0,0.0,1.0
正规,3.0,0.0,1.0,0.0
现场,6.0,0.0,1.0,0.0
钱瑜,0.0,6.0,0.0,1.0
证券,0.0,6.0,0.0,1.0
当前,0.0,9.0,0.0,1.0
发行,0.0,24.0,0.0,1.0
尽量,3.0,0.0,1.0,0.0
涉嫌,0.0,15.0,0.0,1.0
苦苦,0.0,6.0,0.0,1.0
秦岭,0.0,6.0,0.0,1.0
国有资产,0.0,9.0,0.0,1.0
上林宫,0.0,3.0,0.0,1.0
并购,0.0,41.0,0.0,1.0
谨慎,3.0,0.0,1.0,0.0
商报讯,0.0,9.0,0.0,1.0
均,0.0,35.0,0.0,1.0
影响,0.0,18.0,0.0,1.0
成功,0.0,15.0,0.0,1.0
代码,0.0,6.0,0.0,1.0
上述,0.0,9.0,0.0,1.0
不得不,0.0,9.0,0.0,1.0
天下,0.0,27.0,0.0,1.0
苦,0.0,6.0,0.0,1.0
本,0.0,3.0,0.0,1.0
承受,0.0,9.0,0.0,1.0
－,0.0,6.0,0.0,1.0
二十一日,0.0,3.0,0.0,1.0
其营,0.0,3.0,0.0,1.0
股份有限,0.0,3.0,0.0,1.0
一路,0.0,9.0,0.0,1.0
中,0.0,42.0,0.0,1.0
603000,0.0,3.0,0.0,1.0
不行,0.0,6.0,0.0,1.0
解放,0.0,3.0,0.0,1.0
能力,0.0,18.0,0.0,1.0
高校学生,0.0,6.0,0.0,1.0
商报,0.0,9.0,0.0,1.0
导致,0.0,12.0,0.0,1.0
举牌,0.0,15.0,0.0,1.0
股票,0.0,15.0,0.0,1.0
店,3.0,0.0,1.0,0.0
教育,0.0,9.0,0.0,1.0
至,0.0,18.0,0.0,1.0
其中,0.0,3.0,0.0,1.0
汽车,3.0,3.0,0.5,0.5
足以,0.0,6.0,0.0,1.0
很强,0.0,3.0,0.0,1.0
一年,0.0,41.0,0.0,1.0
6qX4cAfFfVcsgJ53bRWVAnfOXKK3FT6gwedicJbB6ZJJVYEyibGUC3DC0EHAHuHhmAnNE2IAKoSw,0.0,3.0,0.0,1.0
浙江,0.0,6.0,0.0,1.0
分析师,0.0,9.0,0.0,1.0
280,3.0,0.0,1.0,0.0
备注,3.0,0.0,1.0,0.0
陕西省,0.0,15.0,0.0,1.0
以,0.0,21.0,0.0,1.0
救急,0.0,3.0,0.0,1.0
这么久,0.0,6.0,0.0,1.0
小伙伴,0.0,6.0,0.0,1.0
准四,3.0,0.0,1.0,0.0
每日,0.0,12.0,0.0,1.0
上面,3.0,0.0,1.0,0.0
原地踏步,0.0,6.0,0.0,1.0
收购,0.0,93.0,0.0,1.0
前,0.0,30.0,0.0,1.0
考核,0.0,6.0,0.0,1.0
工作,0.0,3.0,0.0,1.0
餐饮公司,0.0,3.0,0.0,1.0
按照,0.0,3.0,0.0,1.0
切实,0.0,3.0,0.0,1.0
寄卖店,0.0,18.0,0.0,1.0
现,0.0,3.0,0.0,1.0
wx,0.0,9.0,0.0,1.0
让,3.0,9.0,0.25,0.75
会议,0.0,3.0,0.0,1.0
主营业务,0.0,12.0,0.0,1.0
以前,0.0,6.0,0.0,1.0
开采,0.0,3.0,0.0,1.0
购买,0.0,54.0,0.0,1.0
致电,0.0,3.0,0.0,1.0
资产,0.0,14.0,0.0,1.0
这些,3.0,0.0,1.0,0.0
强调,9.0,0.0,1.0,0.0
同期,0.0,15.0,0.0,1.0
总经理,0.0,39.0,0.0,1.0
单纯,0.0,6.0,0.0,1.0
避免,0.0,24.0,0.0,1.0
波动,0.0,3.0,0.0,1.0
新闻,3.0,12.0,0.2,0.8
新,0.0,38.0,0.0,1.0
中国人民解放军,0.0,3.0,0.0,1.0
是,9.0,198.0,0.043478260869565216,0.9565217391304348
房地产,0.0,9.0,0.0,1.0
议案,0.0,9.0,0.0,1.0
愿望,0.0,6.0,0.0,1.0
授权,0.0,6.0,0.0,1.0
000721,0.0,6.0,0.0,1.0
财经网,0.0,2.0,0.0,1.0
因,0.0,36.0,0.0,1.0
加,0.0,12.0,0.0,1.0
车站,3.0,0.0,1.0,0.0
南站,0.0,3.0,0.0,1.0
>,0.0,18.0,0.0,1.0
组织系统,0.0,3.0,0.0,1.0
规划,0.0,3.0,0.0,1.0
不卖,0.0,3.0,0.0,1.0
2015,0.0,33.0,0.0,1.0
陕西,6.0,0.0,1.0,0.0
头顶,0.0,6.0,0.0,1.0
处于,0.0,9.0,0.0,1.0
产生,0.0,18.0,0.0,1.0
结合,0.0,3.0,0.0,1.0
或是,0.0,3.0,0.0,1.0
党工委,0.0,3.0,0.0,1.0
X,0.0,3.0,0.0,1.0
正常,0.0,3.0,0.0,1.0
感受,0.0,6.0,0.0,1.0
时间,9.0,21.0,0.3,0.7
监察厅,0.0,6.0,0.0,1.0
癌,0.0,6.0,0.0,1.0
方面,0.0,3.0,0.0,1.0
三个,0.0,6.0,0.0,1.0
饮食,0.0,45.0,0.0,1.0
西大街,0.0,6.0,0.0,1.0
带动,0.0,6.0,0.0,1.0
经营,0.0,60.0,0.0,1.0
什么样,3.0,0.0,1.0,0.0
达成协议,0.0,6.0,0.0,1.0
55,3.0,0.0,1.0,0.0
银行,0.0,6.0,0.0,1.0
艺术交流,0.0,3.0,0.0,1.0
副总经理,0.0,6.0,0.0,1.0
SRC,0.0,15.0,0.0,1.0
日起,0.0,6.0,0.0,1.0
谋求,0.0,27.0,0.0,1.0
实习,0.0,3.0,0.0,1.0
7.6,0.0,6.0,0.0,1.0
行业,0.0,18.0,0.0,1.0
迟迟,0.0,3.0,0.0,1.0
堪忧,0.0,6.0,0.0,1.0
挖坑,0.0,9.0,0.0,1.0
20,6.0,27.0,0.18181818181818182,0.8181818181818182
党总支,0.0,6.0,0.0,1.0
比,0.0,6.0,0.0,1.0
达到,0.0,6.0,0.0,1.0
共同开发,0.0,6.0,0.0,1.0
有限公司,0.0,81.0,0.0,1.0
　,0.0,312.0,0.0,1.0
重要批示,9.0,0.0,1.0,0.0
01,0.0,3.0,0.0,1.0
08,6.0,6.0,0.5,0.5
之外,0.0,6.0,0.0,1.0
走,0.0,6.0,0.0,1.0
个,0.0,42.0,0.0,1.0
参观,0.0,3.0,0.0,1.0
不振,0.0,3.0,0.0,1.0
用地,0.0,6.0,0.0,1.0
262.09,0.0,6.0,0.0,1.0
积极,0.0,6.0,0.0,1.0
短期,0.0,3.0,0.0,1.0
使用权,0.0,9.0,0.0,1.0
集团,0.0,132.0,0.0,1.0
接连,0.0,12.0,0.0,1.0
100,0.0,21.0,0.0,1.0
评估,0.0,6.0,0.0,1.0
讲,0.0,6.0,0.0,1.0
住宿,6.0,9.0,0.4,0.6
爆料,3.0,0.0,1.0,0.0
竞争,0.0,6.0,0.0,1.0
4,0.0,21.0,0.0,1.0
纪念,0.0,6.0,0.0,1.0
第三次,0.0,3.0,0.0,1.0
2380,0.0,15.0,0.0,1.0
业内人士,0.0,15.0,0.0,1.0
记者,0.0,42.0,0.0,1.0
说,0.0,6.0,0.0,1.0
尴尬,0.0,6.0,0.0,1.0
_,0.0,21.0,0.0,1.0
无人,0.0,3.0,0.0,1.0
扣非,0.0,6.0,0.0,1.0
达成,0.0,18.0,0.0,1.0
资源,0.0,12.0,0.0,1.0
fileupload,0.0,3.0,0.0,1.0
监督管理,0.0,3.0,0.0,1.0
缓解,1.0,0.0,1.0,0.0
七年,0.0,3.0,0.0,1.0
点,3.0,6.0,0.3333333333333333,0.6666666666666666
二年制,0.0,6.0,0.0,1.0
第一个,0.0,6.0,0.0,1.0
10.71,0.0,3.0,0.0,1.0
晚,3.0,0.0,1.0,0.0
多,3.0,33.0,0.08333333333333333,0.9166666666666666
持,0.0,3.0,0.0,1.0
全体成员,0.0,3.0,0.0,1.0
机构,0.0,12.0,0.0,1.0
学会,0.0,3.0,0.0,1.0
1.19,0.0,3.0,0.0,1.0
平面媒体,0.0,3.0,0.0,1.0
颇,0.0,6.0,0.0,1.0
开创,0.0,9.0,0.0,1.0
为主,0.0,3.0,0.0,1.0
公开,0.0,6.0,0.0,1.0
更强,0.0,6.0,0.0,1.0
保守,0.0,15.0,0.0,1.0
起来,0.0,3.0,0.0,1.0
最新消息,0.0,9.0,0.0,1.0
160,3.0,0.0,1.0,0.0
小心,6.0,0.0,1.0,0.0
262.1,0.0,6.0,0.0,1.0
碰到,3.0,0.0,1.0,0.0
国际,3.0,0.0,1.0,0.0
追溯到,0.0,3.0,0.0,1.0
发展趋势,0.0,3.0,0.0,1.0
本地,0.0,3.0,0.0,1.0
(,1.0,54.0,0.01818181818181818,0.9818181818181818
随着,4.0,3.0,0.5714285714285714,0.42857142857142855
在于,0.0,6.0,0.0,1.0
（,12.0,81.0,0.12903225806451613,0.8709677419354839
更,0.0,36.0,0.0,1.0
标准化,0.0,6.0,0.0,1.0
未,0.0,18.0,0.0,1.0
1,3.0,15.0,0.16666666666666666,0.8333333333333334
表示,0.0,42.0,0.0,1.0
征集,6.0,0.0,1.0,0.0
000610,0.0,63.0,0.0,1.0
南财,0.0,3.0,0.0,1.0
120,3.0,0.0,1.0,0.0
以及,0.0,15.0,0.0,1.0
SZ,0.0,12.0,0.0,1.0
作用,0.0,12.0,0.0,1.0
观众,6.0,0.0,1.0,0.0
旅游景点,3.0,0.0,1.0,0.0
14,0.0,6.0,0.0,1.0
导流,0.0,12.0,0.0,1.0
第,0.0,9.0,0.0,1.0
本次,0.0,33.0,0.0,1.0
方向,0.0,12.0,0.0,1.0
饭店,0.0,24.0,0.0,1.0
按说,0.0,6.0,0.0,1.0
剩,0.0,6.0,0.0,1.0
文化传媒,0.0,3.0,0.0,1.0
小时,9.0,0.0,1.0,0.0
人,15.0,36.0,0.29411764705882354,0.7058823529411765
技巧,9.0,0.0,1.0,0.0
理财产品,0.0,36.0,0.0,1.0
报告期,0.0,6.0,0.0,1.0
困境,0.0,6.0,0.0,1.0
改造,0.0,6.0,0.0,1.0
准确,0.0,3.0,0.0,1.0
-,27.0,78.0,0.2571428571428571,0.7428571428571429
频道,3.0,0.0,1.0,0.0
车厢,0.0,15.0,0.0,1.0
鸿辰,0.0,2.0,0.0,1.0
并非,0.0,3.0,0.0,1.0
已于,0.0,3.0,0.0,1.0
石油,0.0,3.0,0.0,1.0
看,9.0,12.0,0.42857142857142855,0.5714285714285714
合作,0.0,3.0,0.0,1.0
有鉴于此,0.0,6.0,0.0,1.0
提升,0.0,11.0,0.0,1.0
一个月,0.0,6.0,0.0,1.0
到期,0.0,6.0,0.0,1.0
新线,0.0,6.0,0.0,1.0
