日,0.0,106.0,0.0,1.0
电网,0.0,3.0,0.0,1.0
银锭,0.0,6.0,0.0,1.0
322,0.0,3.0,0.0,1.0
减税,0.0,9.0,0.0,1.0
352012,0.0,3.0,0.0,1.0
广大,0.0,3.0,0.0,1.0
思想,0.0,3.0,0.0,1.0
上能,0.0,3.0,0.0,1.0
至,0.0,6.0,0.0,1.0
遗址,0.0,18.0,0.0,1.0
中外,0.0,3.0,0.0,1.0
具体实施,0.0,3.0,0.0,1.0
反腐,0.0,3.0,0.0,1.0
5500,0.0,3.0,0.0,1.0
管理层,0.0,3.0,0.0,1.0
90,0.0,6.0,0.0,1.0
完成,0.0,9.0,0.0,1.0
停,0.0,3.0,0.0,1.0
重返,3.0,0.0,1.0,0.0
ywdf6379794,0.0,3.0,0.0,1.0
每斤,0.0,6.0,0.0,1.0
jrj,0.0,3.0,0.0,1.0
同比,0.0,6.0,0.0,1.0
控制权,0.0,3.0,0.0,1.0
翻译员,0.0,3.0,0.0,1.0
fyeyqek9629672,0.0,3.0,0.0,1.0
客,3.0,0.0,1.0,0.0
无人机,0.0,3.0,0.0,1.0
左二,0.0,3.0,0.0,1.0
客场,0.0,6.0,0.0,1.0
竞技,0.0,3.0,0.0,1.0
股,0.0,15.0,0.0,1.0
2570,0.0,3.0,0.0,1.0
钟奇,0.0,3.0,0.0,1.0
工人,0.0,3.0,0.0,1.0
0,0.0,15.0,0.0,1.0
不敢,0.0,3.0,0.0,1.0
448a5bd66d3f1a7bc17603,0.0,3.0,0.0,1.0
…,0.0,12.0,0.0,1.0
乡村,0.0,3.0,0.0,1.0
12,3.0,9.0,0.25,0.75
―,0.0,12.0,0.0,1.0
一线,0.0,9.0,0.0,1.0
为此,0.0,3.0,0.0,1.0
A20,0.0,12.0,0.0,1.0
穷人,2.0,0.0,1.0,0.0
文章,0.0,6.0,0.0,1.0
20170506210925,0.0,3.0,0.0,1.0
中山大学,0.0,3.0,0.0,1.0
员工,0.0,3.0,0.0,1.0
列表,0.0,3.0,0.0,1.0
央视,3.0,0.0,1.0,0.0
假,0.0,3.0,0.0,1.0
程度,3.0,0.0,1.0,0.0
发表,3.0,0.0,1.0,0.0
常务会议,0.0,3.0,0.0,1.0
chart,0.0,3.0,0.0,1.0
地方,0.0,3.0,0.0,1.0
用途,0.0,3.0,0.0,1.0
侧面,0.0,3.0,0.0,1.0
股份,0.0,26.0,0.0,1.0
内容,0.0,6.0,0.0,1.0
出,0.0,3.0,0.0,1.0
结为,0.0,3.0,0.0,1.0
来自,0.0,6.0,0.0,1.0
越来越,0.0,9.0,0.0,1.0
422,0.0,3.0,0.0,1.0
蒙钟,0.0,3.0,0.0,1.0
管窥,0.0,3.0,0.0,1.0
1494008297626,0.0,3.0,0.0,1.0
步伐,0.0,3.0,0.0,1.0
汉华易,0.0,27.0,0.0,1.0
获批,0.0,3.0,0.0,1.0
年龄,0.0,3.0,0.0,1.0
钢锯,0.0,3.0,0.0,1.0
118,0.0,3.0,0.0,1.0
480,0.0,3.0,0.0,1.0
审计,0.0,3.0,0.0,1.0
事实,0.0,3.0,0.0,1.0
音乐节,0.0,3.0,0.0,1.0
夫人,3.0,3.0,0.5,0.5
护肤,0.0,3.0,0.0,1.0
png,0.0,9.0,0.0,1.0
7,0.0,13.0,0.0,1.0
0509A13b002,0.0,3.0,0.0,1.0
出门,0.0,9.0,0.0,1.0
1494218765938,0.0,3.0,0.0,1.0
递,0.0,3.0,0.0,1.0
还有,3.0,3.0,0.5,0.5
0508A12b002,0.0,3.0,0.0,1.0
】,0.0,48.0,0.0,1.0
条,0.0,6.0,0.0,1.0
不休,0.0,6.0,0.0,1.0
海鲜,0.0,6.0,0.0,1.0
把戏,0.0,3.0,0.0,1.0
国青,6.0,0.0,1.0,0.0
俄土,0.0,3.0,0.0,1.0
多见,0.0,3.0,0.0,1.0
一点点,0.0,3.0,0.0,1.0
财政危机,0.0,3.0,0.0,1.0
20170505205309,0.0,3.0,0.0,1.0
中央财经,0.0,3.0,0.0,1.0
资金,0.0,19.0,0.0,1.0
消息,0.0,24.0,0.0,1.0
投资,0.0,18.0,0.0,1.0
河,0.0,3.0,0.0,1.0
都,0.0,30.0,0.0,1.0
如何,0.0,15.0,0.0,1.0
中途,0.0,3.0,0.0,1.0
治理,0.0,3.0,0.0,1.0
jrjimg,0.0,3.0,0.0,1.0
庆祝,0.0,6.0,0.0,1.0
不高,0.0,3.0,0.0,1.0
就要,0.0,3.0,0.0,1.0
官网,0.0,3.0,0.0,1.0
政府,3.0,6.0,0.3333333333333333,0.6666666666666666
机遇,0.0,6.0,0.0,1.0
中新网,0.0,6.0,0.0,1.0
352003,0.0,3.0,0.0,1.0
规则,0.0,3.0,0.0,1.0
res10,0.0,3.0,0.0,1.0
钛,9.0,3.0,0.75,0.25
20170504140927,0.0,3.0,0.0,1.0
主任医师,0.0,3.0,0.0,1.0
不错,0.0,3.0,0.0,1.0
低于,0.0,3.0,0.0,1.0
交易方式,0.0,4.0,0.0,1.0
1493797958085,0.0,3.0,0.0,1.0
花钱,0.0,3.0,0.0,1.0
雷曼,0.0,3.0,0.0,1.0
英雄,0.0,3.0,0.0,1.0
调整,0.0,3.0,0.0,1.0
快讯,0.0,3.0,0.0,1.0
自购,0.0,3.0,0.0,1.0
行动,0.0,3.0,0.0,1.0
暑期,0.0,3.0,0.0,1.0
中国,29.0,794.0,0.03523693803159174,0.9647630619684082
商场,0.0,3.0,0.0,1.0
听说,0.0,3.0,0.0,1.0
逆转,0.0,6.0,0.0,1.0
351058,0.0,3.0,0.0,1.0
头图,0.0,3.0,0.0,1.0
责编,0.0,3.0,0.0,1.0
口,0.0,3.0,0.0,1.0
死亡,0.0,3.0,0.0,1.0
腾讯,0.0,9.0,0.0,1.0
VCG41643997151,0.0,3.0,0.0,1.0
注明,0.0,3.0,0.0,1.0
思考,0.0,6.0,0.0,1.0
意味着,0.0,3.0,0.0,1.0
预报,0.0,3.0,0.0,1.0
小朋友,0.0,3.0,0.0,1.0
入手,0.0,3.0,0.0,1.0
董兢,0.0,3.0,0.0,1.0
好店,0.0,3.0,0.0,1.0
成都,0.0,18.0,0.0,1.0
39,0.0,6.0,0.0,1.0
共有,0.0,9.0,0.0,1.0
350242,0.0,3.0,0.0,1.0
机,0.0,3.0,0.0,1.0
成都市政府,0.0,3.0,0.0,1.0
1494119838583,0.0,3.0,0.0,1.0
强赛,3.0,0.0,1.0,0.0
我国,0.0,12.0,0.0,1.0
安倍,0.0,6.0,0.0,1.0
pics,0.0,9.0,0.0,1.0
推动,0.0,3.0,0.0,1.0
律师,0.0,3.0,0.0,1.0
激烈,3.0,0.0,1.0,0.0
内地,0.0,3.0,0.0,1.0
两大,0.0,9.0,0.0,1.0
一天,0.0,3.0,0.0,1.0
A04G,0.0,6.0,0.0,1.0
351739,0.0,3.0,0.0,1.0
五六十岁,0.0,3.0,0.0,1.0
1990,0.0,6.0,0.0,1.0
143561460,0.0,3.0,0.0,1.0
5,0.0,57.0,0.0,1.0
中心,0.0,18.0,0.0,1.0
150,0.0,3.0,0.0,1.0
对,0.0,24.0,0.0,1.0
本轮,0.0,3.0,0.0,1.0
0503A17b006,0.0,3.0,0.0,1.0
余额,0.0,6.0,0.0,1.0
江苏省,0.0,3.0,0.0,1.0
471,0.0,6.0,0.0,1.0
首回合,0.0,9.0,0.0,1.0
古兜,0.0,3.0,0.0,1.0
严翠,0.0,1.0,0.0,1.0
尔克,0.0,3.0,0.0,1.0
忠实,0.0,3.0,0.0,1.0
352179,0.0,3.0,0.0,1.0
大风,0.0,3.0,0.0,1.0
352674,0.0,3.0,0.0,1.0
侯隽,0.0,3.0,0.0,1.0
持续增长,0.0,3.0,0.0,1.0
光明,0.0,108.0,0.0,1.0
—,0.0,48.0,0.0,1.0
20170507150003,0.0,3.0,0.0,1.0
河北,0.0,3.0,0.0,1.0
中华人民共和国,0.0,3.0,0.0,1.0
主帅,0.0,3.0,0.0,1.0
附加赛,6.0,0.0,1.0,0.0
攀,0.0,6.0,0.0,1.0
今晨,0.0,27.0,0.0,1.0
500,0.0,3.0,0.0,1.0
四要,0.0,3.0,0.0,1.0
拟,0.0,3.0,0.0,1.0
其所,0.0,3.0,0.0,1.0
控股,0.0,6.0,0.0,1.0
在内,0.0,6.0,0.0,1.0
逐年,0.0,6.0,0.0,1.0
乳腺癌,0.0,6.0,0.0,1.0
01,0.0,9.0,0.0,1.0
干部,0.0,3.0,0.0,1.0
依然,0.0,6.0,0.0,1.0
yHe4,0.0,3.0,0.0,1.0
孤胆,0.0,3.0,0.0,1.0
2016,0.0,39.0,0.0,1.0
支付,0.0,15.0,0.0,1.0
金,0.0,6.0,0.0,1.0
顾名思义,0.0,3.0,0.0,1.0
1493749200363,0.0,3.0,0.0,1.0
再次,6.0,0.0,1.0,0.0
0.014,0.0,3.0,0.0,1.0
接替,0.0,3.0,0.0,1.0
等价物,0.0,3.0,0.0,1.0
东方,0.0,6.0,0.0,1.0
头球,0.0,3.0,0.0,1.0
后,0.0,30.0,0.0,1.0
结息,0.0,3.0,0.0,1.0
提升,0.0,3.0,0.0,1.0
之,3.0,6.0,0.3333333333333333,0.6666666666666666
HQDI,0.0,3.0,0.0,1.0
产业,0.0,3.0,0.0,1.0
相差,0.0,3.0,0.0,1.0
血霉类,0.0,3.0,0.0,1.0
坐飞机,0.0,3.0,0.0,1.0
报价,0.0,3.0,0.0,1.0
CeMZ,0.0,3.0,0.0,1.0
上任,0.0,3.0,0.0,1.0
版权,0.0,3.0,0.0,1.0
层,0.0,3.0,0.0,1.0
版,0.0,12.0,0.0,1.0
连发,0.0,3.0,0.0,1.0
大规模,0.0,3.0,0.0,1.0
张,0.0,9.0,0.0,1.0
中国人民银行,0.0,3.0,0.0,1.0
几乎,0.0,3.0,0.0,1.0
受,0.0,3.0,0.0,1.0
大量,0.0,12.0,0.0,1.0
dzzzz1,0.0,9.0,0.0,1.0
下,0.0,12.0,0.0,1.0
夜,0.0,3.0,0.0,1.0
resfile,0.0,75.0,0.0,1.0
351745,0.0,3.0,0.0,1.0
3.2,0.0,3.0,0.0,1.0
来说,0.0,3.0,0.0,1.0
3800,0.0,3.0,0.0,1.0
940.50,0.0,3.0,0.0,1.0
各种,0.0,12.0,0.0,1.0
关闭,0.0,3.0,0.0,1.0
风野,0.0,3.0,0.0,1.0
告诉,0.0,6.0,0.0,1.0
保护,0.0,3.0,0.0,1.0
埃鲁,0.0,3.0,0.0,1.0
秘书,0.0,3.0,0.0,1.0
Wi,0.0,9.0,0.0,1.0
20170509,0.0,18.0,0.0,1.0
91,0.0,3.0,0.0,1.0
考验,0.0,3.0,0.0,1.0
巴菲特,0.0,27.0,0.0,1.0
飞行,0.0,3.0,0.0,1.0
两位,0.0,3.0,0.0,1.0
护肤品,0.0,3.0,0.0,1.0
1493725394355,0.0,3.0,0.0,1.0
作者,0.0,9.0,0.0,1.0
故,0.0,3.0,0.0,1.0
职务,0.0,3.0,0.0,1.0
观鸟,0.0,3.0,0.0,1.0
SR,0.0,3.0,0.0,1.0
主人公,0.0,3.0,0.0,1.0
黑手,0.0,3.0,0.0,1.0
魏雷,0.0,9.0,0.0,1.0
328.02,0.0,3.0,0.0,1.0
bucket,0.0,3.0,0.0,1.0
本组,0.0,3.0,0.0,1.0
可以,0.0,18.0,0.0,1.0
爪子,0.0,3.0,0.0,1.0
ep,0.0,48.0,0.0,1.0
邓文硕,0.0,3.0,0.0,1.0
文旅,0.0,3.0,0.0,1.0
本报记者,0.0,6.0,0.0,1.0
餐饮,0.0,3.0,0.0,1.0
大胜,0.0,9.0,0.0,1.0
公共,0.0,3.0,0.0,1.0
___.,0.0,6.0,0.0,1.0
1494230565097,0.0,3.0,0.0,1.0
分子生物学,0.0,3.0,0.0,1.0
打造,0.0,3.0,0.0,1.0
低迷,0.0,3.0,0.0,1.0
手机,0.0,3.0,0.0,1.0
真实,0.0,3.0,0.0,1.0
实验,0.0,6.0,0.0,1.0
ShirleyM,0.0,3.0,0.0,1.0
希望,3.0,9.0,0.25,0.75
最强,0.0,3.0,0.0,1.0
8,3.0,3.0,0.5,0.5
论证,0.0,3.0,0.0,1.0
刘强,0.0,3.0,0.0,1.0
_____,0.0,33.0,0.0,1.0
儿童,0.0,3.0,0.0,1.0
走来,3.0,0.0,1.0,0.0
价值,0.0,6.0,0.0,1.0
产假,0.0,3.0,0.0,1.0
上市,0.0,6.0,0.0,1.0
置身,0.0,3.0,0.0,1.0
挑战,3.0,6.0,0.3333333333333333,0.6666666666666666
贵州大学,0.0,6.0,0.0,1.0
协会,0.0,9.0,0.0,1.0
鸟,0.0,3.0,0.0,1.0
BRK,0.0,3.0,0.0,1.0
伊瓜,0.0,3.0,0.0,1.0
附近,0.0,3.0,0.0,1.0
蛙声,0.0,3.0,0.0,1.0
汉代,0.0,6.0,0.0,1.0
三世,0.0,3.0,0.0,1.0
张献忠,0.0,6.0,0.0,1.0
首席,0.0,3.0,0.0,1.0
奖项,0.0,3.0,0.0,1.0
二十几岁,0.0,3.0,0.0,1.0
北三县,0.0,6.0,0.0,1.0
554200107,0.0,3.0,0.0,1.0
epaper,0.0,132.0,0.0,1.0
图片,20.0,282.0,0.06622516556291391,0.9337748344370861
ycwb6393536,0.0,3.0,0.0,1.0
jpeg,0.0,3.0,0.0,1.0
108,0.0,3.0,0.0,1.0
38,3.0,0.0,1.0,0.0
复试,0.0,3.0,0.0,1.0
奥马哈,0.0,9.0,0.0,1.0
VCG41528463063,0.0,3.0,0.0,1.0
特派,0.0,3.0,0.0,1.0
此前,3.0,3.0,0.5,0.5
禽蛋,0.0,3.0,0.0,1.0
当下,0.0,3.0,0.0,1.0
kpic,0.0,3.0,0.0,1.0
场,0.0,3.0,0.0,1.0
社会,0.0,3.0,0.0,1.0
风险,0.0,3.0,0.0,1.0
0509,0.0,3.0,0.0,1.0
一盆,0.0,3.0,0.0,1.0
属于,0.0,3.0,0.0,1.0
爪,0.0,6.0,0.0,1.0
环球,0.0,3.0,0.0,1.0
投票,0.0,6.0,0.0,1.0
下午,0.0,6.0,0.0,1.0
upload,0.0,6.0,0.0,1.0
报送,0.0,3.0,0.0,1.0
主管,0.0,6.0,0.0,1.0
辞职,0.0,3.0,0.0,1.0
getimg,0.0,3.0,0.0,1.0
导到,0.0,3.0,0.0,1.0
三位,3.0,0.0,1.0,0.0
习惯,0.0,3.0,0.0,1.0
洪水,0.0,3.0,0.0,1.0
房交会,0.0,3.0,0.0,1.0
主题,0.0,6.0,0.0,1.0
甚至,0.0,3.0,0.0,1.0
公司业绩,0.0,3.0,0.0,1.0
东风汽车,0.0,3.0,0.0,1.0
46,0.0,3.0,0.0,1.0
或者,0.0,6.0,0.0,1.0
闯入,0.0,3.0,0.0,1.0
坚定信心,0.0,3.0,0.0,1.0
战略,0.0,3.0,0.0,1.0
以上,0.0,6.0,0.0,1.0
吉林省,0.0,3.0,0.0,1.0
已经,0.0,18.0,0.0,1.0
153,0.0,3.0,0.0,1.0
百个,0.0,3.0,0.0,1.0
thumbnails,0.0,21.0,0.0,1.0
首批,0.0,6.0,0.0,1.0
一条,0.0,3.0,0.0,1.0
笔记,0.0,3.0,0.0,1.0
13964,0.0,3.0,0.0,1.0
金牌,0.0,3.0,0.0,1.0
自然人,0.0,9.0,0.0,1.0
鸡蛋,0.0,12.0,0.0,1.0
E,0.0,6.0,0.0,1.0
演出,0.0,3.0,0.0,1.0
麦田,0.0,6.0,0.0,1.0
好,0.0,12.0,0.0,1.0
听,0.0,3.0,0.0,1.0
新锐,0.0,9.0,0.0,1.0
卵巢癌,0.0,3.0,0.0,1.0
得,0.0,6.0,0.0,1.0
简称,0.0,9.0,0.0,1.0
区,0.0,6.0,0.0,1.0
佘继林,0.0,3.0,0.0,1.0
严控,0.0,3.0,0.0,1.0
烙印,0.0,3.0,0.0,1.0
袁文达,0.0,6.0,0.0,1.0
方案,3.0,0.0,1.0,0.0
当,0.0,3.0,0.0,1.0
国家旅游局,0.0,6.0,0.0,1.0
响应,0.0,3.0,0.0,1.0
FlightStats,0.0,3.0,0.0,1.0
两,0.0,3.0,0.0,1.0
布丽,0.0,6.0,0.0,1.0
1493923567345,0.0,3.0,0.0,1.0
予以,0.0,3.0,0.0,1.0
进一步,0.0,3.0,0.0,1.0
公众,0.0,9.0,0.0,1.0
一类,0.0,6.0,0.0,1.0
动力,2.0,0.0,1.0,0.0
年来,0.0,6.0,0.0,1.0
启动,0.0,6.0,0.0,1.0
x,0.0,57.0,0.0,1.0
IV,0.0,3.0,0.0,1.0
加息,0.0,3.0,0.0,1.0
医科大学,0.0,3.0,0.0,1.0
直播,0.0,3.0,0.0,1.0
街道,0.0,3.0,0.0,1.0
介绍,0.0,3.0,0.0,1.0
清华大学,0.0,6.0,0.0,1.0
838a,0.0,3.0,0.0,1.0
全,0.0,15.0,0.0,1.0
58,0.0,3.0,0.0,1.0
天游,0.0,3.0,0.0,1.0
进行,0.0,12.0,0.0,1.0
网络,0.0,6.0,0.0,1.0
全年,0.0,3.0,0.0,1.0
具备,0.0,3.0,0.0,1.0
动态,0.0,3.0,0.0,1.0
发布公告,0.0,3.0,0.0,1.0
声明,0.0,3.0,0.0,1.0
破纪录,0.0,3.0,0.0,1.0
236,0.0,6.0,0.0,1.0
文化遗产,0.0,3.0,0.0,1.0
懒人,0.0,3.0,0.0,1.0
疾病,0.0,3.0,0.0,1.0
关于,0.0,6.0,0.0,1.0
自治区,0.0,3.0,0.0,1.0
看上去,0.0,3.0,0.0,1.0
模式,0.0,3.0,0.0,1.0
月底,0.0,6.0,0.0,1.0
中国队,3.0,0.0,1.0,0.0
莫迪,2.0,0.0,1.0,0.0
龙,0.0,6.0,0.0,1.0
破产,0.0,3.0,0.0,1.0
定向,0.0,9.0,0.0,1.0
退下来,0.0,3.0,0.0,1.0
杜佳,0.0,3.0,0.0,1.0
观看,0.0,12.0,0.0,1.0
尽收眼底,0.0,3.0,0.0,1.0
A14,0.0,3.0,0.0,1.0
.,0.0,1362.0,0.0,1.0
语话文,0.0,3.0,0.0,1.0
格林,0.0,6.0,0.0,1.0
／,0.0,9.0,0.0,1.0
即便,3.0,0.0,1.0,0.0
查看,0.0,3.0,0.0,1.0
年内,0.0,3.0,0.0,1.0
神,0.0,3.0,0.0,1.0
信用,0.0,12.0,0.0,1.0
不同,3.0,3.0,0.5,0.5
博士,0.0,3.0,0.0,1.0
工作人员,0.0,9.0,0.0,1.0
常熟,0.0,3.0,0.0,1.0
沙尘,0.0,3.0,0.0,1.0
127,0.0,3.0,0.0,1.0
CFP,0.0,3.0,0.0,1.0
指导,0.0,12.0,0.0,1.0
VuzA,0.0,3.0,0.0,1.0
赵泽,0.0,3.0,0.0,1.0
社区,0.0,3.0,0.0,1.0
下届,3.0,0.0,1.0,0.0
按时,0.0,3.0,0.0,1.0
创客,0.0,3.0,0.0,1.0
管理费用,0.0,12.0,0.0,1.0
AHCA,0.0,3.0,0.0,1.0
首钢,0.0,3.0,0.0,1.0
A15,0.0,3.0,0.0,1.0
本版,0.0,9.0,0.0,1.0
1.5,0.0,3.0,0.0,1.0
世界,0.0,15.0,0.0,1.0
劲旅,0.0,3.0,0.0,1.0
生活,3.0,6.0,0.3333333333333333,0.6666666666666666
金额,0.0,3.0,0.0,1.0
呼吸,0.0,3.0,0.0,1.0
山西,0.0,3.0,0.0,1.0
严重,0.0,3.0,0.0,1.0
1993,0.0,3.0,0.0,1.0
746.24,0.0,3.0,0.0,1.0
爱好者,0.0,3.0,0.0,1.0
竖旗,3.0,0.0,1.0,0.0
实施,0.0,9.0,0.0,1.0
回头是岸,0.0,3.0,0.0,1.0
强烈要求,0.0,3.0,0.0,1.0
创下,0.0,3.0,0.0,1.0
期间,0.0,3.0,0.0,1.0
胡,0.0,6.0,0.0,1.0
试行,0.0,3.0,0.0,1.0
商,0.0,12.0,0.0,1.0
刘畅,6.0,3.0,0.6666666666666666,0.3333333333333333
副总裁,0.0,9.0,0.0,1.0
良好,0.0,3.0,0.0,1.0
政策,0.0,21.0,0.0,1.0
侯国,0.0,6.0,0.0,1.0
通知,0.0,9.0,0.0,1.0
231,0.0,3.0,0.0,1.0
h563,0.0,3.0,0.0,1.0
烹饪,0.0,3.0,0.0,1.0
多项,0.0,3.0,0.0,1.0
史上,0.0,3.0,0.0,1.0
三弦,0.0,6.0,0.0,1.0
dayoo,0.0,75.0,0.0,1.0
187,0.0,3.0,0.0,1.0
暂时,0.0,3.0,0.0,1.0
法院,0.0,3.0,0.0,1.0
布满,0.0,3.0,0.0,1.0
收入,3.0,18.0,0.14285714285714285,0.8571428571428571
朋友圈,0.0,6.0,0.0,1.0
马上,0.0,3.0,0.0,1.0
理性,0.0,3.0,0.0,1.0
并入,0.0,3.0,0.0,1.0
、,0.0,276.0,0.0,1.0
奥巴马,0.0,3.0,0.0,1.0
钢,0.0,3.0,0.0,1.0
旅客,0.0,3.0,0.0,1.0
但,2.0,21.0,0.08695652173913043,0.9130434782608695
来到,3.0,3.0,0.5,0.5
哈撒韦,0.0,9.0,0.0,1.0
万元,0.0,27.0,0.0,1.0
血战,0.0,3.0,0.0,1.0
耶稣会,0.0,3.0,0.0,1.0
a,0.0,3.0,0.0,1.0
A23,0.0,3.0,0.0,1.0
Street,0.0,3.0,0.0,1.0
受伤,0.0,3.0,0.0,1.0
不断,0.0,9.0,0.0,1.0
86,0.0,3.0,0.0,1.0
重要,3.0,18.0,0.14285714285714285,0.8571428571428571
增发,0.0,9.0,0.0,1.0
故事,0.0,3.0,0.0,1.0
浙江大学,0.0,6.0,0.0,1.0
一任,0.0,3.0,0.0,1.0
概念,0.0,3.0,0.0,1.0
补习班,0.0,3.0,0.0,1.0
816.71,0.0,3.0,0.0,1.0
高滑,0.0,3.0,0.0,1.0
双馨,0.0,3.0,0.0,1.0
行情,0.0,9.0,0.0,1.0
达妮,0.0,3.0,0.0,1.0
20170504141205,0.0,3.0,0.0,1.0
351654,0.0,3.0,0.0,1.0
较量,0.0,9.0,0.0,1.0
没想到,0.0,3.0,0.0,1.0
朱素颖,0.0,3.0,0.0,1.0
伴侣,0.0,3.0,0.0,1.0
热映,0.0,3.0,0.0,1.0
B04,0.0,3.0,0.0,1.0
宝,0.0,3.0,0.0,1.0
巨大,0.0,6.0,0.0,1.0
辟谣,0.0,6.0,0.0,1.0
稳定,0.0,3.0,0.0,1.0
@,0.0,84.0,0.0,1.0
市场,0.0,15.0,0.0,1.0
img,0.0,24.0,0.0,1.0
南昌,0.0,6.0,0.0,1.0
6000,0.0,3.0,0.0,1.0
产生,3.0,3.0,0.5,0.5
生长,0.0,3.0,0.0,1.0
计划,0.0,13.0,0.0,1.0
炒卖,0.0,3.0,0.0,1.0
17.08,0.0,3.0,0.0,1.0
新鲜,0.0,3.0,0.0,1.0
追求,3.0,3.0,0.5,0.5
C08,0.0,3.0,0.0,1.0
一项,0.0,3.0,0.0,1.0
院长,0.0,3.0,0.0,1.0
反而,0.0,3.0,0.0,1.0
重庆,0.0,6.0,0.0,1.0
准备,0.0,3.0,0.0,1.0
焦虑,0.0,3.0,0.0,1.0
ywdf6383642,0.0,3.0,0.0,1.0
每笔,0.0,3.0,0.0,1.0
云南省,0.0,3.0,0.0,1.0
首飞,0.0,3.0,0.0,1.0
那时,0.0,3.0,0.0,1.0
房管,0.0,3.0,0.0,1.0
大幅度,0.0,3.0,0.0,1.0
如此,3.0,3.0,0.5,0.5
人文,0.0,3.0,0.0,1.0
空中,0.0,6.0,0.0,1.0
昆明市,0.0,3.0,0.0,1.0
上升,0.0,6.0,0.0,1.0
正式,0.0,12.0,0.0,1.0
吃,0.0,6.0,0.0,1.0
策略师,0.0,3.0,0.0,1.0
病,0.0,3.0,0.0,1.0
称为,0.0,3.0,0.0,1.0
头把交椅,0.0,3.0,0.0,1.0
选民,0.0,6.0,0.0,1.0
今年,0.0,18.0,0.0,1.0
省市,0.0,3.0,0.0,1.0
进口,0.0,3.0,0.0,1.0
约定,0.0,3.0,0.0,1.0
拍,0.0,6.0,0.0,1.0
351266,0.0,3.0,0.0,1.0
上汽,0.0,6.0,0.0,1.0
1494275248755,0.0,3.0,0.0,1.0
发布会,0.0,6.0,0.0,1.0
买,0.0,3.0,0.0,1.0
上线,0.0,3.0,0.0,1.0
两成,0.0,3.0,0.0,1.0
号,3.0,6.0,0.3333333333333333,0.6666666666666666
黎兵,0.0,3.0,0.0,1.0
吉利,0.0,3.0,0.0,1.0
论语,0.0,3.0,0.0,1.0
一段时间,0.0,3.0,0.0,1.0
A11G,0.0,3.0,0.0,1.0
可,0.0,9.0,0.0,1.0
论坛,0.0,9.0,0.0,1.0
10bt2,0.0,3.0,0.0,1.0
生意,0.0,3.0,0.0,1.0
首都博物馆,0.0,6.0,0.0,1.0
视觉,29.0,748.0,0.03732303732303732,0.9626769626769627
同时,0.0,3.0,0.0,1.0
活,0.0,3.0,0.0,1.0
王倩,0.0,3.0,0.0,1.0
全程,0.0,3.0,0.0,1.0
学校,0.0,3.0,0.0,1.0
主席,0.0,3.0,0.0,1.0
里昂,0.0,3.0,0.0,1.0
行为,0.0,6.0,0.0,1.0
多家,0.0,6.0,0.0,1.0
不幸,0.0,3.0,0.0,1.0
问题,0.0,15.0,0.0,1.0
常客,3.0,3.0,0.5,0.5
看出,0.0,3.0,0.0,1.0
741.00,0.0,3.0,0.0,1.0
晴雨表,0.0,3.0,0.0,1.0
出线,3.0,0.0,1.0,0.0
哈继铭,0.0,3.0,0.0,1.0
春,0.0,3.0,0.0,1.0
重点,3.0,0.0,1.0,0.0
be4bf8eaefc2ca70,0.0,3.0,0.0,1.0
紧随其后,0.0,3.0,0.0,1.0
26,0.0,3.0,0.0,1.0
开窗,0.0,6.0,0.0,1.0
作业,0.0,3.0,0.0,1.0
线路,0.0,6.0,0.0,1.0
摊,0.0,3.0,0.0,1.0
二战,0.0,3.0,0.0,1.0
不得,0.0,3.0,0.0,1.0
img1,0.0,15.0,0.0,1.0
标的,0.0,21.0,0.0,1.0
位置,0.0,3.0,0.0,1.0
南部,0.0,3.0,0.0,1.0
坦白,3.0,0.0,1.0,0.0
学院,0.0,3.0,0.0,1.0
恋情,0.0,3.0,0.0,1.0
出海,0.0,3.0,0.0,1.0
nbd,0.0,78.0,0.0,1.0
挑起,0.0,3.0,0.0,1.0
今日,0.0,9.0,0.0,1.0
房价,0.0,3.0,0.0,1.0
亚眠,0.0,3.0,0.0,1.0
北京青年报,0.0,3.0,0.0,1.0
让,0.0,12.0,0.0,1.0
至此,0.0,3.0,0.0,1.0
最大,3.0,18.0,0.14285714285714285,0.8571428571428571
3.77,0.0,3.0,0.0,1.0
SRC,0.0,378.0,0.0,1.0
ycwb6392735,0.0,3.0,0.0,1.0
关注,0.0,12.0,0.0,1.0
用光,0.0,3.0,0.0,1.0
沙璐,0.0,3.0,0.0,1.0
音乐,0.0,12.0,0.0,1.0
借助,0.0,6.0,0.0,1.0
金正,6.0,0.0,1.0,0.0
这一,0.0,3.0,0.0,1.0
法案,0.0,6.0,0.0,1.0
环节,0.0,3.0,0.0,1.0
午间,0.0,4.0,0.0,1.0
旅游,0.0,15.0,0.0,1.0
募集,0.0,6.0,0.0,1.0
蒙牛,0.0,3.0,0.0,1.0
晚报,0.0,3.0,0.0,1.0
牛奶,0.0,3.0,0.0,1.0
年经,0.0,3.0,0.0,1.0
商业,0.0,9.0,0.0,1.0
选举,0.0,15.0,0.0,1.0
岭,0.0,3.0,0.0,1.0
房号,0.0,3.0,0.0,1.0
健身,0.0,3.0,0.0,1.0
子君,0.0,3.0,0.0,1.0
电话线,0.0,3.0,0.0,1.0
轮,0.0,3.0,0.0,1.0
痛失,0.0,3.0,0.0,1.0
也许,0.0,3.0,0.0,1.0
假摔,0.0,3.0,0.0,1.0
600x0,0.0,3.0,0.0,1.0
价格,0.0,21.0,0.0,1.0
签名,0.0,3.0,0.0,1.0
北理,0.0,3.0,0.0,1.0
供应商,3.0,0.0,1.0,0.0
卫国战争,0.0,6.0,0.0,1.0
元,0.0,45.0,0.0,1.0
周刊,0.0,6.0,0.0,1.0
走访,0.0,3.0,0.0,1.0
新华社,3.0,15.0,0.16666666666666666,0.8333333333333334
40dd,0.0,3.0,0.0,1.0
不少,0.0,21.0,0.0,1.0
事情,0.0,3.0,0.0,1.0
发动机,3.0,0.0,1.0,0.0
敦煌,0.0,3.0,0.0,1.0
基金业,0.0,3.0,0.0,1.0
取消,0.0,3.0,0.0,1.0
爵士,0.0,6.0,0.0,1.0
供图,0.0,72.0,0.0,1.0
三,0.0,3.0,0.0,1.0
工艺,0.0,3.0,0.0,1.0
补充,0.0,15.0,0.0,1.0
高压,0.0,3.0,0.0,1.0
称,0.0,18.0,0.0,1.0
半决赛,0.0,12.0,0.0,1.0
贺,0.0,12.0,0.0,1.0
ID,0.0,3.0,0.0,1.0
所有,0.0,6.0,0.0,1.0
奥运会,0.0,3.0,0.0,1.0
八辈子,0.0,3.0,0.0,1.0
能,0.0,15.0,0.0,1.0
国外,0.0,3.0,0.0,1.0
FOF,0.0,9.0,0.0,1.0
普降,0.0,3.0,0.0,1.0
陆,0.0,3.0,0.0,1.0
强生,0.0,9.0,0.0,1.0
右手,0.0,6.0,0.0,1.0
别,0.0,3.0,0.0,1.0
大选,9.0,0.0,1.0,0.0
埃拉,0.0,3.0,0.0,1.0
电影,0.0,18.0,0.0,1.0
2018,0.0,3.0,0.0,1.0
IT,0.0,3.0,0.0,1.0
143519555,0.0,3.0,0.0,1.0
反应,0.0,3.0,0.0,1.0
中国青年报,0.0,9.0,0.0,1.0
携手,0.0,3.0,0.0,1.0
得益于,0.0,3.0,0.0,1.0
利息收入,0.0,3.0,0.0,1.0
瑜伽,0.0,3.0,0.0,1.0
样子,0.0,3.0,0.0,1.0
米,0.0,3.0,0.0,1.0
i5,0.0,3.0,0.0,1.0
李秋艳,0.0,3.0,0.0,1.0
昨天上午,0.0,3.0,0.0,1.0
Hathaway,0.0,3.0,0.0,1.0
HPV,0.0,3.0,0.0,1.0
类似,0.0,6.0,0.0,1.0
成长,0.0,3.0,0.0,1.0
对此,0.0,3.0,0.0,1.0
低滑,0.0,3.0,0.0,1.0
亿美元,0.0,9.0,0.0,1.0
选择,0.0,3.0,0.0,1.0
投票站,0.0,3.0,0.0,1.0
游泳,0.0,3.0,0.0,1.0
梅开二度,0.0,3.0,0.0,1.0
短期内,0.0,3.0,0.0,1.0
恶性肿瘤,0.0,3.0,0.0,1.0
非常,0.0,3.0,0.0,1.0
很长,0.0,3.0,0.0,1.0
未来,0.0,6.0,0.0,1.0
1494298619608,0.0,3.0,0.0,1.0
四,0.0,3.0,0.0,1.0
stock,0.0,3.0,0.0,1.0
备用,0.0,3.0,0.0,1.0
<,0.0,369.0,0.0,1.0
时候,0.0,9.0,0.0,1.0
051,0.0,3.0,0.0,1.0
股东大会,0.0,6.0,0.0,1.0
音乐学院,0.0,3.0,0.0,1.0
球迷,0.0,3.0,0.0,1.0
传承,0.0,3.0,0.0,1.0
国内,0.0,18.0,0.0,1.0
一座,0.0,3.0,0.0,1.0
家乡,0.0,3.0,0.0,1.0
业绩,0.0,36.0,0.0,1.0
名额,9.0,0.0,1.0,0.0
黄金周,0.0,3.0,0.0,1.0
预期,0.0,3.0,0.0,1.0
互联互通,0.0,3.0,0.0,1.0
ycwb6385514,0.0,3.0,0.0,1.0
出行,0.0,6.0,0.0,1.0
讲席,0.0,3.0,0.0,1.0
讯息,0.0,6.0,0.0,1.0
com,0.0,291.0,0.0,1.0
周年,0.0,12.0,0.0,1.0
科主任,0.0,6.0,0.0,1.0
res06,0.0,3.0,0.0,1.0
贺街,0.0,6.0,0.0,1.0
盈利,0.0,9.0,0.0,1.0
猪饲料,3.0,3.0,0.5,0.5
hexun,0.0,6.0,0.0,1.0
男性,0.0,3.0,0.0,1.0
利润,0.0,15.0,0.0,1.0
cdfae635d67f,0.0,3.0,0.0,1.0
近十年,0.0,3.0,0.0,1.0
Berkshire,0.0,3.0,0.0,1.0
抬进,0.0,3.0,0.0,1.0
pic430,0.0,3.0,0.0,1.0
ycwb6381335,0.0,3.0,0.0,1.0
第一,0.0,12.0,0.0,1.0
数学界,0.0,3.0,0.0,1.0
448a5bd66d3f1a7bc17604,0.0,3.0,0.0,1.0
哈登,0.0,3.0,0.0,1.0
其他,0.0,6.0,0.0,1.0
开发,0.0,12.0,0.0,1.0
针对,0.0,6.0,0.0,1.0
年轻人,0.0,3.0,0.0,1.0
lsmU,0.0,3.0,0.0,1.0
年里,0.0,6.0,0.0,1.0
558.33,0.0,3.0,0.0,1.0
一遇,0.0,3.0,0.0,1.0
廖列辉,0.0,3.0,0.0,1.0
命名,0.0,3.0,0.0,1.0
每当,0.0,6.0,0.0,1.0
fyeyqek9553565,0.0,3.0,0.0,1.0
马化展,0.0,6.0,0.0,1.0
国民经济,0.0,3.0,0.0,1.0
97,0.0,3.0,0.0,1.0
11.67,3.0,0.0,1.0,0.0
链,3.0,0.0,1.0,0.0
1494275262052,0.0,3.0,0.0,1.0
市民,0.0,6.0,0.0,1.0
举措,0.0,3.0,0.0,1.0
带,0.0,3.0,0.0,1.0
及时,0.0,6.0,0.0,1.0
利德,0.0,18.0,0.0,1.0
袭,0.0,3.0,0.0,1.0
万,0.0,6.0,0.0,1.0
亿,0.0,3.0,0.0,1.0
光秃,0.0,3.0,0.0,1.0
1493923581276,0.0,3.0,0.0,1.0
无广告,0.0,3.0,0.0,1.0
席,6.0,0.0,1.0,0.0
广州市,0.0,9.0,0.0,1.0
长沙,0.0,3.0,0.0,1.0
人民币,0.0,9.0,0.0,1.0
中医科,0.0,3.0,0.0,1.0
彭,0.0,12.0,0.0,1.0
金融,3.0,6.0,0.3333333333333333,0.6666666666666666
fyeyqem2191779,0.0,3.0,0.0,1.0
把,0.0,6.0,0.0,1.0
环比,0.0,3.0,0.0,1.0
更会,0.0,3.0,0.0,1.0
曾任,0.0,3.0,0.0,1.0
已有,0.0,3.0,0.0,1.0
精彩纷呈,0.0,3.0,0.0,1.0
女儿,0.0,3.0,0.0,1.0
看到,0.0,15.0,0.0,1.0
节俭,0.0,3.0,0.0,1.0
企业,0.0,24.0,0.0,1.0
最新,0.0,3.0,0.0,1.0
经历,0.0,3.0,0.0,1.0
2017,3.0,240.0,0.012345679012345678,0.9876543209876543
29,0.0,12.0,0.0,1.0
1494182684221,0.0,3.0,0.0,1.0
罚款,0.0,3.0,0.0,1.0
一到,0.0,3.0,0.0,1.0
0509A22b002,0.0,3.0,0.0,1.0
舒适度,0.0,3.0,0.0,1.0
游客,0.0,3.0,0.0,1.0
讨论,0.0,6.0,0.0,1.0
57.92,0.0,3.0,0.0,1.0
第一所,0.0,3.0,0.0,1.0
们,0.0,9.0,0.0,1.0
之一,3.0,9.0,0.25,0.75
对应,0.0,3.0,0.0,1.0
乱,0.0,3.0,0.0,1.0
遇,0.0,3.0,0.0,1.0
各样,0.0,3.0,0.0,1.0
立场,0.0,3.0,0.0,1.0
营收,0.0,3.0,0.0,1.0
05,0.0,246.0,0.0,1.0
展品,0.0,6.0,0.0,1.0
辞去,0.0,3.0,0.0,1.0
培训,0.0,3.0,0.0,1.0
西洋楼,0.0,6.0,0.0,1.0
结果,0.0,3.0,0.0,1.0
宝刀不老,0.0,3.0,0.0,1.0
调剂,0.0,3.0,0.0,1.0
校长,0.0,6.0,0.0,1.0
期末,0.0,3.0,0.0,1.0
尘埃落定,0.0,3.0,0.0,1.0
男,0.0,3.0,0.0,1.0
看来,3.0,0.0,1.0,0.0
0509A13b001,0.0,3.0,0.0,1.0
一笑而过,0.0,6.0,0.0,1.0
位于,0.0,9.0,0.0,1.0
100817410,0.0,3.0,0.0,1.0
加上,0.0,3.0,0.0,1.0
0505A13b001,0.0,3.0,0.0,1.0
A9,0.0,3.0,0.0,1.0
两会,3.0,0.0,1.0,0.0
MMA,0.0,9.0,0.0,1.0
ZXA19,0.0,6.0,0.0,1.0
位,0.0,3.0,0.0,1.0
40,0.0,3.0,0.0,1.0
报告,3.0,3.0,0.5,0.5
head,0.0,21.0,0.0,1.0
女,0.0,6.0,0.0,1.0
长假,0.0,6.0,0.0,1.0
乳企三,0.0,3.0,0.0,1.0
放松,0.0,3.0,0.0,1.0
冷水,0.0,3.0,0.0,1.0
地板砖,0.0,3.0,0.0,1.0
功夫,0.0,12.0,0.0,1.0
1493793261073,0.0,3.0,0.0,1.0
一场,0.0,6.0,0.0,1.0
周日,0.0,3.0,0.0,1.0
防汛,0.0,3.0,0.0,1.0
dzzzz9,0.0,18.0,0.0,1.0
15,0.0,9.0,0.0,1.0
海昏,0.0,6.0,0.0,1.0
套路,0.0,3.0,0.0,1.0
utuku,0.0,3.0,0.0,1.0
倒,0.0,6.0,0.0,1.0
党委,0.0,6.0,0.0,1.0
开放,0.0,3.0,0.0,1.0
这庄,0.0,3.0,0.0,1.0
短,0.0,6.0,0.0,1.0
20170509072951,0.0,3.0,0.0,1.0
留,0.0,3.0,0.0,1.0
bjnews,0.0,12.0,0.0,1.0
宪法,0.0,9.0,0.0,1.0
超市,0.0,3.0,0.0,1.0
ZA19,0.0,3.0,0.0,1.0
gzrb,0.0,3.0,0.0,1.0
文,3.0,24.0,0.1111111111111111,0.8888888888888888
莫斯科大学,0.0,3.0,0.0,1.0
70.3352,0.0,3.0,0.0,1.0
建设,0.0,6.0,0.0,1.0
Pro,3.0,0.0,1.0,0.0
近期,0.0,9.0,0.0,1.0
屡屡,0.0,3.0,0.0,1.0
0508A12b001,0.0,3.0,0.0,1.0
财报,0.0,3.0,0.0,1.0
两年,0.0,3.0,0.0,1.0
支持者,3.0,0.0,1.0,0.0
每日,0.0,3.0,0.0,1.0
吉特,0.0,6.0,0.0,1.0
【,0.0,48.0,0.0,1.0
36,0.0,6.0,0.0,1.0
再,0.0,21.0,0.0,1.0
不服,0.0,3.0,0.0,1.0
嘉宾,0.0,3.0,0.0,1.0
指引,0.0,6.0,0.0,1.0
老将,0.0,3.0,0.0,1.0
thumb,0.0,21.0,0.0,1.0
推出,0.0,3.0,0.0,1.0
怀疑,0.0,3.0,0.0,1.0
董事会,0.0,6.0,0.0,1.0
首发,0.0,6.0,0.0,1.0
上海浦东新区,0.0,3.0,0.0,1.0
左手,0.0,6.0,0.0,1.0
屈蔼欣,0.0,3.0,0.0,1.0
法律,0.0,9.0,0.0,1.0
2026,3.0,0.0,1.0,0.0
2.5,0.0,3.0,0.0,1.0
该区,0.0,3.0,0.0,1.0
中滑,0.0,3.0,0.0,1.0
能够,0.0,3.0,0.0,1.0
102,0.0,3.0,0.0,1.0
公告,0.0,7.0,0.0,1.0
课堂,3.0,0.0,1.0,0.0
fyeyqem3044920,0.0,3.0,0.0,1.0
电视剧,0.0,9.0,0.0,1.0
先赛,0.0,3.0,0.0,1.0
做,0.0,12.0,0.0,1.0
次,0.0,3.0,0.0,1.0
天麻,0.0,6.0,0.0,1.0
实战,0.0,3.0,0.0,1.0
大约,0.0,3.0,0.0,1.0
映客,0.0,3.0,0.0,1.0
便利,0.0,3.0,0.0,1.0
克里姆林宫,0.0,3.0,0.0,1.0
供职,0.0,3.0,0.0,1.0
需靠,3.0,0.0,1.0,0.0
疑点,0.0,6.0,0.0,1.0
转,0.0,3.0,0.0,1.0
起落,0.0,6.0,0.0,1.0
根据,3.0,15.0,0.16666666666666666,0.8333333333333334
A10,0.0,12.0,0.0,1.0
赶紧,0.0,3.0,0.0,1.0
账款,0.0,6.0,0.0,1.0
大都,0.0,3.0,0.0,1.0
刑法,0.0,3.0,0.0,1.0
书记,0.0,9.0,0.0,1.0
忧虑,0.0,3.0,0.0,1.0
全国,3.0,0.0,1.0,0.0
中年人,0.0,3.0,0.0,1.0
光纤,0.0,3.0,0.0,1.0
就别,0.0,3.0,0.0,1.0
fyeyqek9473794,0.0,3.0,0.0,1.0
哀牢山,0.0,3.0,0.0,1.0
吴志钊,3.0,0.0,1.0,0.0
矿区,0.0,6.0,0.0,1.0
奖励,0.0,6.0,0.0,1.0
十里,0.0,3.0,0.0,1.0
组,0.0,3.0,0.0,1.0
他出,0.0,3.0,0.0,1.0
巨腐,0.0,3.0,0.0,1.0
一种,0.0,3.0,0.0,1.0
中学生,0.0,3.0,0.0,1.0
p96,0.0,3.0,0.0,1.0
2.79,0.0,6.0,0.0,1.0
武侯区,0.0,3.0,0.0,1.0
杨琪,0.0,3.0,0.0,1.0
创投,0.0,6.0,0.0,1.0
比较,0.0,6.0,0.0,1.0
当日,0.0,6.0,0.0,1.0
莫斯科红场,0.0,6.0,0.0,1.0
已,3.0,18.0,0.14285714285714285,0.8571428571428571
一季,0.0,3.0,0.0,1.0
IMA,0.0,3.0,0.0,1.0
直接,6.0,3.0,0.6666666666666666,0.3333333333333333
c0,0.0,3.0,0.0,1.0
浮出,0.0,3.0,0.0,1.0
黄,0.0,3.0,0.0,1.0
www,0.0,6.0,0.0,1.0
力,0.0,3.0,0.0,1.0
100306256,0.0,3.0,0.0,1.0
顾问,0.0,3.0,0.0,1.0
爱美,0.0,3.0,0.0,1.0
有钱,0.0,3.0,0.0,1.0
董秘,0.0,3.0,0.0,1.0
摄,3.0,54.0,0.05263157894736842,0.9473684210526315
名单,0.0,9.0,0.0,1.0
长安汽车,0.0,3.0,0.0,1.0
1493810921646,0.0,3.0,0.0,1.0
手段,0.0,3.0,0.0,1.0
IMAGE,0.0,366.0,0.0,1.0
20170510,0.0,3.0,0.0,1.0
革新,3.0,0.0,1.0,0.0
会通,0.0,3.0,0.0,1.0
高达,0.0,3.0,0.0,1.0
小升初,0.0,3.0,0.0,1.0
买买,0.0,3.0,0.0,1.0
常见,0.0,3.0,0.0,1.0
141.80,0.0,3.0,0.0,1.0
投资者,0.0,6.0,0.0,1.0
可口可乐,0.0,9.0,0.0,1.0
文学教师,0.0,3.0,0.0,1.0
火热,0.0,3.0,0.0,1.0
1.1,0.0,3.0,0.0,1.0
在,9.0,162.0,0.05263157894736842,0.9473684210526315
二季度,0.0,3.0,0.0,1.0
净利润,3.0,3.0,0.5,0.5
走出,0.0,3.0,0.0,1.0
差距,0.0,3.0,0.0,1.0
信号,0.0,9.0,0.0,1.0
框梁,0.0,3.0,0.0,1.0
股权,0.0,9.0,0.0,1.0
国家队,3.0,6.0,0.3333333333333333,0.6666666666666666
分配,3.0,0.0,1.0,0.0
台上,0.0,3.0,0.0,1.0
告知,0.0,3.0,0.0,1.0
末,0.0,6.0,0.0,1.0
网络科技,0.0,3.0,0.0,1.0
这个,0.0,6.0,0.0,1.0
整体,0.0,9.0,0.0,1.0
黄月星,0.0,3.0,0.0,1.0
共享,0.0,18.0,0.0,1.0
桃花,0.0,3.0,0.0,1.0
下降,3.0,0.0,1.0,0.0
昨日,0.0,9.0,0.0,1.0
邓聪,0.0,3.0,0.0,1.0
坚挺,0.0,3.0,0.0,1.0
折返跑,0.0,3.0,0.0,1.0
支出,0.0,3.0,0.0,1.0
柴继军,0.0,9.0,0.0,1.0
日本,0.0,6.0,0.0,1.0
处方药,0.0,3.0,0.0,1.0
区块,3.0,0.0,1.0,0.0
伯克,0.0,9.0,0.0,1.0
沉船,0.0,6.0,0.0,1.0
长期,0.0,6.0,0.0,1.0
年,6.0,147.0,0.0392156862745098,0.9607843137254902
纪念日,0.0,6.0,0.0,1.0
同类,0.0,3.0,0.0,1.0
具体,0.0,3.0,0.0,1.0
日料,0.0,3.0,0.0,1.0
农贸市场,0.0,3.0,0.0,1.0
很大,0.0,6.0,0.0,1.0
水分,0.0,3.0,0.0,1.0
沃伦,0.0,3.0,0.0,1.0
归属于,0.0,3.0,0.0,1.0
剑锋,0.0,6.0,0.0,1.0
attachement,0.0,12.0,0.0,1.0
热烈,0.0,6.0,0.0,1.0
从而,0.0,3.0,0.0,1.0
花千骨,0.0,3.0,0.0,1.0
开始,0.0,6.0,0.0,1.0
fyeyqem1731726,0.0,3.0,0.0,1.0
南方周末,0.0,12.0,0.0,1.0
首次,0.0,9.0,0.0,1.0
韶关,0.0,3.0,0.0,1.0
联邦,0.0,3.0,0.0,1.0
休,0.0,3.0,0.0,1.0
自身,0.0,1.0,0.0,1.0
b446b5c9,0.0,3.0,0.0,1.0
由,0.0,3.0,0.0,1.0
341.27,0.0,3.0,0.0,1.0
后面,0.0,3.0,0.0,1.0
着,0.0,18.0,0.0,1.0
351742,0.0,3.0,0.0,1.0
预警,0.0,3.0,0.0,1.0
选拔,0.0,3.0,0.0,1.0
兄弟,0.0,3.0,0.0,1.0
3,0.0,30.0,0.0,1.0
装备,0.0,3.0,0.0,1.0
谅解,0.0,3.0,0.0,1.0
终点,0.0,6.0,0.0,1.0
作品,0.0,3.0,0.0,1.0
足,6.0,0.0,1.0,0.0
VPN,0.0,3.0,0.0,1.0
防风,0.0,3.0,0.0,1.0
踏进,0.0,3.0,0.0,1.0
cyol,0.0,18.0,0.0,1.0
渐成,0.0,6.0,0.0,1.0
老师,0.0,3.0,0.0,1.0
比赛,0.0,3.0,0.0,1.0
面临,3.0,12.0,0.2,0.8
为的是,0.0,3.0,0.0,1.0
背景,0.0,6.0,0.0,1.0
集中,0.0,7.0,0.0,1.0
多数,0.0,6.0,0.0,1.0
文在寅,15.0,3.0,0.8333333333333334,0.16666666666666666
衣食住行,0.0,3.0,0.0,1.0
CEO,0.0,18.0,0.0,1.0
外,0.0,3.0,0.0,1.0
出发,0.0,3.0,0.0,1.0
限制,0.0,3.0,0.0,1.0
八条,0.0,3.0,0.0,1.0
孙逸仙纪念医院,0.0,3.0,0.0,1.0
为什么,0.0,6.0,0.0,1.0
黎蘅,0.0,3.0,0.0,1.0
畅谈,0.0,6.0,0.0,1.0
中国联通,0.0,3.0,0.0,1.0
02,0.0,9.0,0.0,1.0
计算,0.0,3.0,0.0,1.0
巴塞罗那,0.0,3.0,0.0,1.0
失败,0.0,3.0,0.0,1.0
年底,0.0,3.0,0.0,1.0
马拉松赛,0.0,3.0,0.0,1.0
0508A14b001,0.0,3.0,0.0,1.0
俄,0.0,3.0,0.0,1.0
weixin,0.0,3.0,0.0,1.0
愈发,0.0,3.0,0.0,1.0
每年,0.0,3.0,0.0,1.0
0509TT10b001,0.0,3.0,0.0,1.0
涉及,3.0,0.0,1.0,0.0
大力,0.0,3.0,0.0,1.0
424,0.0,3.0,0.0,1.0
前瞻性,0.0,6.0,0.0,1.0
将,6.0,33.0,0.15384615384615385,0.8461538461538461
席位,3.0,0.0,1.0,0.0
随着,0.0,12.0,0.0,1.0
A股,0.0,6.0,0.0,1.0
同年,0.0,3.0,0.0,1.0
主讲,0.0,3.0,0.0,1.0
春天,0.0,3.0,0.0,1.0
落幕,0.0,3.0,0.0,1.0
之窗,0.0,3.0,0.0,1.0
考研,0.0,3.0,0.0,1.0
陶轲,0.0,9.0,0.0,1.0
乔格,0.0,3.0,0.0,1.0
增长,5.0,3.0,0.625,0.375
所,3.0,9.0,0.25,0.75
成,0.0,6.0,0.0,1.0
大楼,0.0,21.0,0.0,1.0
20170503071011,0.0,3.0,0.0,1.0
歌手,0.0,3.0,0.0,1.0
近年来,0.0,21.0,0.0,1.0
肿瘤,0.0,6.0,0.0,1.0
财政部,0.0,3.0,0.0,1.0
上,0.0,30.0,0.0,1.0
资金投入,0.0,3.0,0.0,1.0
成立,3.0,3.0,0.5,0.5
想起,0.0,3.0,0.0,1.0
优秀,0.0,3.0,0.0,1.0
花,0.0,6.0,0.0,1.0
证券,0.0,15.0,0.0,1.0
当前,0.0,3.0,0.0,1.0
发行,0.0,9.0,0.0,1.0
执行,0.0,9.0,0.0,1.0
一幢,0.0,3.0,0.0,1.0
07,0.0,27.0,0.0,1.0
南通市,0.0,3.0,0.0,1.0
一旦,0.0,3.0,0.0,1.0
黑土,0.0,6.0,0.0,1.0
并购,3.0,3.0,0.5,0.5
A11,0.0,6.0,0.0,1.0
民众,0.0,3.0,0.0,1.0
等,0.0,60.0,0.0,1.0
容易,0.0,3.0,0.0,1.0
建园,0.0,3.0,0.0,1.0
花生,0.0,3.0,0.0,1.0
调查,0.0,9.0,0.0,1.0
鲜肉,0.0,3.0,0.0,1.0
冬虫夏草,0.0,3.0,0.0,1.0
又判,0.0,3.0,0.0,1.0
小编,0.0,3.0,0.0,1.0
财务状况,0.0,3.0,0.0,1.0
北极,0.0,3.0,0.0,1.0
程序,0.0,3.0,0.0,1.0
多强,0.0,3.0,0.0,1.0
亮相,0.0,3.0,0.0,1.0
wangcq7533,0.0,3.0,0.0,1.0
昨天,0.0,3.0,0.0,1.0
出席,0.0,6.0,0.0,1.0
审核,0.0,3.0,0.0,1.0
预测,0.0,3.0,0.0,1.0
商报,0.0,9.0,0.0,1.0
导致,0.0,12.0,0.0,1.0
武术,0.0,3.0,0.0,1.0
股票,0.0,3.0,0.0,1.0
146,0.0,3.0,0.0,1.0
101,0.0,6.0,0.0,1.0
一号,0.0,6.0,0.0,1.0
停电,0.0,3.0,0.0,1.0
教育,0.0,12.0,0.0,1.0
师生,0.0,3.0,0.0,1.0
」,0.0,3.0,0.0,1.0
中标,0.0,9.0,0.0,1.0
简直,0.0,6.0,0.0,1.0
一年,0.0,9.0,0.0,1.0
名声在外,0.0,3.0,0.0,1.0
自然界,0.0,3.0,0.0,1.0
小官,0.0,3.0,0.0,1.0
陈瑶,0.0,3.0,0.0,1.0
分析师,0.0,3.0,0.0,1.0
25,0.0,6.0,0.0,1.0
以,0.0,25.0,0.0,1.0
成果展,0.0,6.0,0.0,1.0
距离,0.0,3.0,0.0,1.0
去年同期,0.0,3.0,0.0,1.0
81,0.0,3.0,0.0,1.0
1493860072340,0.0,3.0,0.0,1.0
营,0.0,3.0,0.0,1.0
工作,3.0,6.0,0.3333333333333333,0.6666666666666666
ea4d1859addfe7f,0.0,3.0,0.0,1.0
拍卖行,0.0,3.0,0.0,1.0
活动,0.0,3.0,0.0,1.0
网民,0.0,6.0,0.0,1.0
初尝,0.0,3.0,0.0,1.0
净空,0.0,3.0,0.0,1.0
隐藏,0.0,3.0,0.0,1.0
购买,0.0,6.0,0.0,1.0
7.51,0.0,3.0,0.0,1.0
集会,0.0,6.0,0.0,1.0
中国女篮,0.0,3.0,0.0,1.0
误入,0.0,3.0,0.0,1.0
令人不解,0.0,3.0,0.0,1.0
多斯,0.0,3.0,0.0,1.0
实现,0.0,12.0,0.0,1.0
夏之交,0.0,3.0,0.0,1.0
新,15.0,15.0,0.5,0.5
上涨,0.0,3.0,0.0,1.0
是,15.0,84.0,0.15151515151515152,0.8484848484848485
尾声,0.0,3.0,0.0,1.0
光化,3.0,0.0,1.0,0.0
塞内加尔,0.0,3.0,0.0,1.0
泮摄,0.0,3.0,0.0,1.0
乳腺,0.0,3.0,0.0,1.0
p39CB,0.0,3.0,0.0,1.0
使用,3.0,9.0,0.25,0.75
0507A12b002,0.0,3.0,0.0,1.0
头晕,0.0,6.0,0.0,1.0
终身,0.0,3.0,0.0,1.0
52,0.0,3.0,0.0,1.0
>,0.0,399.0,0.0,1.0
美国,0.0,24.0,0.0,1.0
波片,0.0,3.0,0.0,1.0
退休,0.0,9.0,0.0,1.0
党工委,0.0,3.0,0.0,1.0
__,0.0,9.0,0.0,1.0
开局,0.0,3.0,0.0,1.0
CITCON,0.0,3.0,0.0,1.0
72,0.0,3.0,0.0,1.0
出现,3.0,3.0,0.5,0.5
唐梁,0.0,3.0,0.0,1.0
接近,0.0,3.0,0.0,1.0
宣告,0.0,3.0,0.0,1.0
Leadenhall,0.0,6.0,0.0,1.0
顾,0.0,3.0,0.0,1.0
及早,0.0,3.0,0.0,1.0
日起,0.0,3.0,0.0,1.0
地,0.0,15.0,0.0,1.0
相比,3.0,3.0,0.5,0.5
珠宝,0.0,3.0,0.0,1.0
冰球,0.0,6.0,0.0,1.0
涨停,0.0,3.0,0.0,1.0
增生,0.0,6.0,0.0,1.0
关注度,0.0,3.0,0.0,1.0
20170506210910,0.0,3.0,0.0,1.0
岁,0.0,12.0,0.0,1.0
S,0.0,3.0,0.0,1.0
达到,0.0,9.0,0.0,1.0
开,0.0,3.0,0.0,1.0
　,0.0,714.0,0.0,1.0
雕像,0.0,6.0,0.0,1.0
期待,0.0,3.0,0.0,1.0
田纳西州,0.0,3.0,0.0,1.0
08,0.0,21.0,0.0,1.0
请来,3.0,0.0,1.0,0.0
威胁,0.0,3.0,0.0,1.0
对于,0.0,6.0,0.0,1.0
201,0.0,3.0,0.0,1.0
女生,0.0,3.0,0.0,1.0
100,0.0,24.0,0.0,1.0
已婚,0.0,3.0,0.0,1.0
112,0.0,3.0,0.0,1.0
fyeyqem1724259,0.0,3.0,0.0,1.0
住房,0.0,15.0,0.0,1.0
4,0.0,51.0,0.0,1.0
无所事事,0.0,3.0,0.0,1.0
发现,2.0,12.0,0.14285714285714285,0.8571428571428571
0507A11b001,0.0,3.0,0.0,1.0
淑,6.0,0.0,1.0,0.0
憧憬,0.0,3.0,0.0,1.0
而是,0.0,3.0,0.0,1.0
41,0.0,3.0,0.0,1.0
上午,0.0,3.0,0.0,1.0
陈泽云,0.0,3.0,0.0,1.0
尴尬,3.0,0.0,1.0,0.0
非正常,0.0,3.0,0.0,1.0
7000,0.0,3.0,0.0,1.0
脚,0.0,3.0,0.0,1.0
是不是,0.0,6.0,0.0,1.0
寒暑假,0.0,6.0,0.0,1.0
移动,0.0,9.0,0.0,1.0
劝告,0.0,3.0,0.0,1.0
乱放,0.0,3.0,0.0,1.0
镇,0.0,6.0,0.0,1.0
点,3.0,6.0,0.3333333333333333,0.6666666666666666
葬礼,3.0,0.0,1.0,0.0
解微信,0.0,3.0,0.0,1.0
自然,0.0,3.0,0.0,1.0
吸引,0.0,3.0,0.0,1.0
充电,0.0,3.0,0.0,1.0
科技,0.0,12.0,0.0,1.0
现状,0.0,6.0,0.0,1.0
仅为,0.0,3.0,0.0,1.0
dzzzz3,0.0,3.0,0.0,1.0
引来,0.0,3.0,0.0,1.0
主体,0.0,3.0,0.0,1.0
指标,0.0,6.0,0.0,1.0
赔偿,0.0,6.0,0.0,1.0
高峰,0.0,9.0,0.0,1.0
齐集,0.0,3.0,0.0,1.0
w786,0.0,3.0,0.0,1.0
fyeyqek9950743,0.0,3.0,0.0,1.0
季,0.0,3.0,0.0,1.0
凡本网,0.0,3.0,0.0,1.0
平台,0.0,27.0,0.0,1.0
皇马,0.0,3.0,0.0,1.0
保守,0.0,3.0,0.0,1.0
起来,0.0,3.0,0.0,1.0
中医药大学,0.0,6.0,0.0,1.0
广播,0.0,6.0,0.0,1.0
caijing,0.0,15.0,0.0,1.0
现有,0.0,3.0,0.0,1.0
入夜,0.0,3.0,0.0,1.0
眉山市,0.0,12.0,0.0,1.0
国际,3.0,9.0,0.25,0.75
暴雨,0.0,3.0,0.0,1.0
突然,0.0,3.0,0.0,1.0
丹东,0.0,6.0,0.0,1.0
秀强,0.0,3.0,0.0,1.0
舒元臻,0.0,3.0,0.0,1.0
(,0.0,48.0,0.0,1.0
ycwb6383642,0.0,3.0,0.0,1.0
（,11.0,193.0,0.05392156862745098,0.946078431372549
北头,0.0,3.0,0.0,1.0
佩戴,0.0,3.0,0.0,1.0
1,0.0,96.0,0.0,1.0
表示,3.0,9.0,0.25,0.75
GDP,0.0,3.0,0.0,1.0
十大,0.0,6.0,0.0,1.0
作用,0.0,3.0,0.0,1.0
15da,0.0,3.0,0.0,1.0
长城汽车,0.0,3.0,0.0,1.0
陈辉,0.0,3.0,0.0,1.0
扣除非,0.0,6.0,0.0,1.0
紫,0.0,3.0,0.0,1.0
14,0.0,3.0,0.0,1.0
彭晶,0.0,6.0,0.0,1.0
新华网,0.0,3.0,0.0,1.0
百万千瓦,0.0,3.0,0.0,1.0
严丽梅,0.0,3.0,0.0,1.0
中医师,0.0,6.0,0.0,1.0
0507A12b001,0.0,3.0,0.0,1.0
余小丹,0.0,3.0,0.0,1.0
总理,2.0,0.0,1.0,0.0
陪审团,0.0,3.0,0.0,1.0
Building,0.0,3.0,0.0,1.0
美国大学,0.0,3.0,0.0,1.0
蝉鸣,0.0,3.0,0.0,1.0
持,0.0,4.0,0.0,1.0
ycwb6381330,0.0,3.0,0.0,1.0
美,0.0,21.0,0.0,1.0
准则,0.0,3.0,0.0,1.0
-,6.0,351.0,0.01680672268907563,0.9831932773109243
周末,0.0,3.0,0.0,1.0
0508A09b004,0.0,3.0,0.0,1.0
看,0.0,6.0,0.0,1.0
10bt5,0.0,3.0,0.0,1.0
早上,0.0,3.0,0.0,1.0
FBI,0.0,3.0,0.0,1.0
后于,0.0,3.0,0.0,1.0
呈,0.0,3.0,0.0,1.0
管理机构,0.0,3.0,0.0,1.0
韩国,6.0,21.0,0.2222222222222222,0.7777777777777778
望江,0.0,3.0,0.0,1.0
走向,0.0,9.0,0.0,1.0
高中,0.0,3.0,0.0,1.0
复苏,0.0,3.0,0.0,1.0
集训,0.0,3.0,0.0,1.0
黄金,0.0,3.0,0.0,1.0
书面,0.0,3.0,0.0,1.0
无论,0.0,3.0,0.0,1.0
351053,0.0,3.0,0.0,1.0
数码,0.0,3.0,0.0,1.0
摩天大楼,0.0,3.0,0.0,1.0
球队,3.0,0.0,1.0,0.0
市,0.0,3.0,0.0,1.0
北汽,0.0,3.0,0.0,1.0
1494186216707,0.0,3.0,0.0,1.0
351775,0.0,3.0,0.0,1.0
大亚湾核电站,0.0,3.0,0.0,1.0
对手,0.0,3.0,0.0,1.0
此次,0.0,3.0,0.0,1.0
一向,0.0,3.0,0.0,1.0
财务报告,0.0,3.0,0.0,1.0
高考,0.0,3.0,0.0,1.0
文化界,0.0,3.0,0.0,1.0
药物,0.0,3.0,0.0,1.0
i2,0.0,3.0,0.0,1.0
世界杯,6.0,0.0,1.0,0.0
:,0.0,384.0,0.0,1.0
持股,0.0,12.0,0.0,1.0
提示,0.0,3.0,0.0,1.0
发挥,0.0,3.0,0.0,1.0
刊发,0.0,3.0,0.0,1.0
2013,0.0,6.0,0.0,1.0
消费者,0.0,6.0,0.0,1.0
抬头,0.0,3.0,0.0,1.0
五色,0.0,6.0,0.0,1.0
实际,0.0,3.0,0.0,1.0
当地,3.0,3.0,0.5,0.5
必要性,0.0,3.0,0.0,1.0
16141,0.0,3.0,0.0,1.0
快报,0.0,3.0,0.0,1.0
拉票,0.0,6.0,0.0,1.0
休年,0.0,3.0,0.0,1.0
油价,0.0,3.0,0.0,1.0
受访,0.0,6.0,0.0,1.0
官方,0.0,3.0,0.0,1.0
感到,0.0,3.0,0.0,1.0
语言,0.0,6.0,0.0,1.0
增持,0.0,9.0,0.0,1.0
国债,0.0,3.0,0.0,1.0
账户,0.0,6.0,0.0,1.0
房产信息,0.0,3.0,0.0,1.0
large,0.0,57.0,0.0,1.0
允许,0.0,3.0,0.0,1.0
10,0.0,60.0,0.0,1.0
阿尔茨海默,0.0,3.0,0.0,1.0
华夏,0.0,30.0,0.0,1.0
亿元,0.0,18.0,0.0,1.0
跑,0.0,6.0,0.0,1.0
季后赛,0.0,3.0,0.0,1.0
图股,0.0,3.0,0.0,1.0
广汽,0.0,3.0,0.0,1.0
尤文图斯队,0.0,3.0,0.0,1.0
周围,0.0,3.0,0.0,1.0
黄启兵,0.0,3.0,0.0,1.0
华尔街,0.0,3.0,0.0,1.0
用户,6.0,6.0,0.5,0.5
653,0.0,3.0,0.0,1.0
出色,0.0,3.0,0.0,1.0
形态,0.0,3.0,0.0,1.0
燃眉之急,0.0,3.0,0.0,1.0
成都市,0.0,3.0,0.0,1.0
04,0.0,24.0,0.0,1.0
分化,0.0,3.0,0.0,1.0
回合,0.0,6.0,0.0,1.0
没落,0.0,3.0,0.0,1.0
管理,3.0,6.0,0.3333333333333333,0.6666666666666666
蒂尔,0.0,3.0,0.0,1.0
智慧,0.0,12.0,0.0,1.0
各大,0.0,3.0,0.0,1.0
还是,0.0,6.0,0.0,1.0
西甲,0.0,6.0,0.0,1.0
京津冀,0.0,3.0,0.0,1.0
增速,0.0,3.0,0.0,1.0
机构,0.0,15.0,0.0,1.0
冯煦明,0.0,3.0,0.0,1.0
股事,0.0,3.0,0.0,1.0
发展,0.0,6.0,0.0,1.0
从,2.0,30.0,0.0625,0.9375
50,3.0,12.0,0.2,0.8
images,0.0,156.0,0.0,1.0
=,0.0,378.0,0.0,1.0
2000,0.0,6.0,0.0,1.0
进展,0.0,3.0,0.0,1.0
延误,0.0,3.0,0.0,1.0
2012,3.0,0.0,1.0,0.0
坐拥,0.0,3.0,0.0,1.0
研究员,0.0,6.0,0.0,1.0
专业,3.0,3.0,0.5,0.5
揭晓,0.0,3.0,0.0,1.0
刷新,0.0,3.0,0.0,1.0
20170505205210,0.0,3.0,0.0,1.0
卢武铉,3.0,0.0,1.0,0.0
走进,0.0,3.0,0.0,1.0
研究院,0.0,6.0,0.0,1.0
努钦,0.0,3.0,0.0,1.0
1494360673082,0.0,3.0,0.0,1.0
山区,0.0,12.0,0.0,1.0
近,0.0,9.0,0.0,1.0
新街,0.0,3.0,0.0,1.0
鼻祖,0.0,3.0,0.0,1.0
考古,0.0,30.0,0.0,1.0
想象,0.0,3.0,0.0,1.0
互动,0.0,6.0,0.0,1.0
亲尝,3.0,3.0,0.5,0.5
监管,0.0,6.0,0.0,1.0
创出,0.0,3.0,0.0,1.0
披露,0.0,6.0,0.0,1.0
超过,0.0,14.0,0.0,1.0
拟将,0.0,6.0,0.0,1.0
需求,0.0,1.0,0.0,1.0
VCG11499593805,0.0,3.0,0.0,1.0
观察,0.0,6.0,0.0,1.0
超,0.0,3.0,0.0,1.0
050602b001,0.0,3.0,0.0,1.0
李嘉诚,0.0,3.0,0.0,1.0
杭州,0.0,6.0,0.0,1.0
千年,0.0,3.0,0.0,1.0
蜜莱坞,0.0,3.0,0.0,1.0
互联网,0.0,15.0,0.0,1.0
前夕,3.0,0.0,1.0,0.0
维戈,0.0,3.0,0.0,1.0
强,0.0,3.0,0.0,1.0
售价,0.0,3.0,0.0,1.0
颁布,0.0,3.0,0.0,1.0
豪门,0.0,3.0,0.0,1.0
050802b002,0.0,3.0,0.0,1.0
北京市,0.0,3.0,0.0,1.0
有多严,0.0,3.0,0.0,1.0
过敏,0.0,3.0,0.0,1.0
旗下,0.0,3.0,0.0,1.0
雨,0.0,3.0,0.0,1.0
从严,0.0,3.0,0.0,1.0
节余,0.0,6.0,0.0,1.0
旧,0.0,3.0,0.0,1.0
球员,0.0,12.0,0.0,1.0
流传,0.0,3.0,0.0,1.0
78,0.0,3.0,0.0,1.0
999.97,0.0,3.0,0.0,1.0
勇士,0.0,3.0,0.0,1.0
原本,3.0,3.0,0.5,0.5
财富,0.0,6.0,0.0,1.0
储备,0.0,9.0,0.0,1.0
》,0.0,42.0,0.0,1.0
中学,0.0,3.0,0.0,1.0
352015,0.0,3.0,0.0,1.0
艰难,3.0,0.0,1.0,0.0
6014.35,0.0,1.0,0.0,1.0
皮肤科,0.0,3.0,0.0,1.0
破,0.0,3.0,0.0,1.0
疫苗,0.0,6.0,0.0,1.0
黄焖,0.0,3.0,0.0,1.0
民族,0.0,3.0,0.0,1.0
周六,0.0,3.0,0.0,1.0
仔细,0.0,3.0,0.0,1.0
痛苦,0.0,3.0,0.0,1.0
一股,0.0,3.0,0.0,1.0
总额,0.0,3.0,0.0,1.0
会,0.0,15.0,0.0,1.0
覆盖,0.0,3.0,0.0,1.0
女篮,0.0,3.0,0.0,1.0
意义,0.0,3.0,0.0,1.0
一扫,0.0,3.0,0.0,1.0
纳入,0.0,3.0,0.0,1.0
请,0.0,3.0,0.0,1.0
信息,0.0,9.0,0.0,1.0
ifengimg,0.0,3.0,0.0,1.0
总统,6.0,24.0,0.2,0.8
发生率,0.0,3.0,0.0,1.0
地球,0.0,3.0,0.0,1.0
军团,0.0,3.0,0.0,1.0
一只,0.0,3.0,0.0,1.0
立即,0.0,3.0,0.0,1.0
加入,0.0,3.0,0.0,1.0
媒体,3.0,30.0,0.09090909090909091,0.9090909090909091
孟买,2.0,0.0,1.0,0.0
扩散,0.0,3.0,0.0,1.0
有时候,0.0,3.0,0.0,1.0
349,0.0,3.0,0.0,1.0
月,0.0,112.0,0.0,1.0
人,3.0,33.0,0.08333333333333333,0.9166666666666666
双喜临门,0.0,3.0,0.0,1.0
均,3.0,12.0,0.2,0.8
△,0.0,3.0,0.0,1.0
专家,0.0,9.0,0.0,1.0
报道,3.0,24.0,0.1111111111111111,0.8888888888888888
光临,0.0,3.0,0.0,1.0
1493883074674,0.0,3.0,0.0,1.0
张秋霞,0.0,3.0,0.0,1.0
热门,0.0,3.0,0.0,1.0
诊股,0.0,3.0,0.0,1.0
警察,0.0,6.0,0.0,1.0
医院,0.0,24.0,0.0,1.0
351352,0.0,3.0,0.0,1.0
以下,0.0,9.0,0.0,1.0
渐渐,0.0,3.0,0.0,1.0
证券报,0.0,6.0,0.0,1.0
争抢,0.0,3.0,0.0,1.0
723.69,0.0,3.0,0.0,1.0
而全,0.0,3.0,0.0,1.0
C919,9.0,3.0,0.75,0.25
大批,0.0,6.0,0.0,1.0
p0,0.0,3.0,0.0,1.0
张玉宁,3.0,3.0,0.5,0.5
全球,0.0,12.0,0.0,1.0
患者,0.0,3.0,0.0,1.0
方,0.0,3.0,0.0,1.0
所有人,0.0,6.0,0.0,1.0
重大损失,0.0,3.0,0.0,1.0
一百多年,0.0,3.0,0.0,1.0
堪忧,0.0,9.0,0.0,1.0
351063,0.0,3.0,0.0,1.0
p1n,0.0,3.0,0.0,1.0
洋文,0.0,3.0,0.0,1.0
圆桌,0.0,6.0,0.0,1.0
基本上,0.0,6.0,0.0,1.0
并于,0.0,3.0,0.0,1.0
事务,0.0,9.0,0.0,1.0
公开,0.0,9.0,0.0,1.0
京报,3.0,3.0,0.5,0.5
多地,0.0,9.0,0.0,1.0
59,0.0,3.0,0.0,1.0
赵萌,0.0,3.0,0.0,1.0
力量,0.0,6.0,0.0,1.0
前往,0.0,3.0,0.0,1.0
城市,0.0,15.0,0.0,1.0
中国政法大学,0.0,3.0,0.0,1.0
鸟类,0.0,3.0,0.0,1.0
大型,0.0,6.0,0.0,1.0
俄罗斯,0.0,6.0,0.0,1.0
占,0.0,9.0,0.0,1.0
20170505203934,0.0,3.0,0.0,1.0
结算,0.0,3.0,0.0,1.0
强大,0.0,3.0,0.0,1.0
配送,0.0,3.0,0.0,1.0
时,6.0,18.0,0.25,0.75
两件,0.0,3.0,0.0,1.0
欲望,0.0,3.0,0.0,1.0
22,0.0,3.0,0.0,1.0
____________________.,0.0,3.0,0.0,1.0
富小助,0.0,3.0,0.0,1.0
caixin,0.0,9.0,0.0,1.0
领先,0.0,3.0,0.0,1.0
最严,0.0,3.0,0.0,1.0
男生,0.0,3.0,0.0,1.0
深,0.0,6.0,0.0,1.0
讲话,3.0,0.0,1.0,0.0
寥寥,0.0,3.0,0.0,1.0
核电站,0.0,3.0,0.0,1.0
gtimg,0.0,9.0,0.0,1.0
社交,0.0,3.0,0.0,1.0
e,0.0,9.0,0.0,1.0
赛后,0.0,3.0,0.0,1.0
Quality,0.0,3.0,0.0,1.0
世界各地,0.0,3.0,0.0,1.0
180,0.0,3.0,0.0,1.0
招生,0.0,3.0,0.0,1.0
患,0.0,3.0,0.0,1.0
领钱,0.0,6.0,0.0,1.0
新区,0.0,3.0,0.0,1.0
每经,0.0,3.0,0.0,1.0
频繁,0.0,3.0,0.0,1.0
低,0.0,6.0,0.0,1.0
夏天,0.0,3.0,0.0,1.0
分为,0.0,3.0,0.0,1.0
候选人,3.0,6.0,0.3333333333333333,0.6666666666666666
亚洲区,3.0,0.0,1.0,0.0
近日,0.0,12.0,0.0,1.0
历史,0.0,3.0,0.0,1.0
美国联邦调查局,0.0,3.0,0.0,1.0
刊载,0.0,6.0,0.0,1.0
0509TT2b009,0.0,3.0,0.0,1.0
传播,0.0,6.0,0.0,1.0
大事,0.0,6.0,0.0,1.0
相继,0.0,3.0,0.0,1.0
小,0.0,9.0,0.0,1.0
服务,0.0,9.0,0.0,1.0
0506A10b002,0.0,3.0,0.0,1.0
人民银行,0.0,3.0,0.0,1.0
泼,0.0,3.0,0.0,1.0
ywdf,0.0,12.0,0.0,1.0
您,0.0,6.0,0.0,1.0
阅兵式,0.0,3.0,0.0,1.0
中老年,0.0,3.0,0.0,1.0
：,35.0,330.0,0.0958904109589041,0.9041095890410958
朱嘉磊,0.0,3.0,0.0,1.0
20170508,0.0,15.0,0.0,1.0
基数,0.0,3.0,0.0,1.0
硅谷,0.0,3.0,0.0,1.0
购置,0.0,3.0,0.0,1.0
A7,0.0,3.0,0.0,1.0
第四,0.0,3.0,0.0,1.0
课外辅导,0.0,6.0,0.0,1.0
希尔,0.0,9.0,0.0,1.0
）,11.0,193.0,0.05392156862745098,0.946078431372549
楼市,0.0,15.0,0.0,1.0
四川,0.0,3.0,0.0,1.0
延续,0.0,3.0,0.0,1.0
6,0.0,31.0,0.0,1.0
夏季,0.0,3.0,0.0,1.0
正在,0.0,6.0,0.0,1.0
掘金,0.0,3.0,0.0,1.0
1494120030151,0.0,3.0,0.0,1.0
gmrb,0.0,57.0,0.0,1.0
图像,0.0,6.0,0.0,1.0
联盟,0.0,3.0,0.0,1.0
王成杰,0.0,3.0,0.0,1.0
促进,0.0,3.0,0.0,1.0
何艳艳,0.0,3.0,0.0,1.0
ycwb6378596,0.0,3.0,0.0,1.0
现金,0.0,15.0,0.0,1.0
大部分,0.0,6.0,0.0,1.0
一直,3.0,6.0,0.3333333333333333,0.6666666666666666
张松桥,0.0,15.0,0.0,1.0
坑,0.0,3.0,0.0,1.0
曾经,0.0,12.0,0.0,1.0
收到,0.0,3.0,0.0,1.0
羊城晚报,0.0,51.0,0.0,1.0
楼盘,0.0,3.0,0.0,1.0
352872,0.0,3.0,0.0,1.0
操作,0.0,3.0,0.0,1.0
9196,0.0,3.0,0.0,1.0
统称,0.0,3.0,0.0,1.0
今晚,0.0,3.0,0.0,1.0
中产,0.0,9.0,0.0,1.0
乳企,0.0,3.0,0.0,1.0
苗绣,0.0,3.0,0.0,1.0
2207,0.0,9.0,0.0,1.0
发声,0.0,3.0,0.0,1.0
我家,0.0,3.0,0.0,1.0
股本,0.0,14.0,0.0,1.0
评审,0.0,6.0,0.0,1.0
03,0.0,18.0,0.0,1.0
充耳不闻,0.0,6.0,0.0,1.0
后市,0.0,3.0,0.0,1.0
亚洲,3.0,0.0,1.0,0.0
U,6.0,0.0,1.0,0.0
文化,0.0,6.0,0.0,1.0
年薪,0.0,3.0,0.0,1.0
今天,0.0,3.0,0.0,1.0
大计,0.0,3.0,0.0,1.0
现在,2.0,3.0,0.4,0.6
分享,3.0,3.0,0.5,0.5
趋势,0.0,3.0,0.0,1.0
经纪,0.0,3.0,0.0,1.0
在线,3.0,0.0,1.0,0.0
实践,0.0,6.0,0.0,1.0
ywdf6376124,0.0,3.0,0.0,1.0
小店,0.0,3.0,0.0,1.0
弘扬,0.0,3.0,0.0,1.0
多种,0.0,3.0,0.0,1.0
令,0.0,3.0,0.0,1.0
猜想,0.0,3.0,0.0,1.0
三天,0.0,3.0,0.0,1.0
site1,0.0,12.0,0.0,1.0
下调,0.0,6.0,0.0,1.0
锐联,3.0,0.0,1.0,0.0
村民,0.0,3.0,0.0,1.0
产品,0.0,12.0,0.0,1.0
于,0.0,36.0,0.0,1.0
红薯,0.0,3.0,0.0,1.0
1.04,3.0,0.0,1.0,0.0
动向,0.0,3.0,0.0,1.0
aae8cc0fed9de88f,0.0,3.0,0.0,1.0
热潮,0.0,6.0,0.0,1.0
网站,0.0,6.0,0.0,1.0
毕业,0.0,6.0,0.0,1.0
问,0.0,3.0,0.0,1.0
四川省,0.0,12.0,0.0,1.0
结束,0.0,15.0,0.0,1.0
贵州,0.0,3.0,0.0,1.0
租金,0.0,3.0,0.0,1.0
围绕,0.0,3.0,0.0,1.0
显示,0.0,9.0,0.0,1.0
20170504141210,0.0,3.0,0.0,1.0
力度,0.0,3.0,0.0,1.0
wangyzh7537,0.0,3.0,0.0,1.0
难,0.0,3.0,0.0,1.0
阶段,0.0,3.0,0.0,1.0
跌破,0.0,3.0,0.0,1.0
项目,3.0,15.0,0.16666666666666666,0.8333333333333334
客观,0.0,3.0,0.0,1.0
Dlhs,0.0,3.0,0.0,1.0
批评,3.0,0.0,1.0,0.0
难以,0.0,3.0,0.0,1.0
仍,3.0,6.0,0.3333333333333333,0.6666666666666666
看似,0.0,3.0,0.0,1.0
交流,0.0,3.0,0.0,1.0
A17,0.0,3.0,0.0,1.0
李静,0.0,6.0,0.0,1.0
总而言之,0.0,3.0,0.0,1.0
handaye580231,0.0,3.0,0.0,1.0
公正,0.0,3.0,0.0,1.0
发生,0.0,15.0,0.0,1.0
成品油,0.0,6.0,0.0,1.0
专享,3.0,0.0,1.0,0.0
第一座,0.0,3.0,0.0,1.0
滑石粉,0.0,3.0,0.0,1.0
配偶,0.0,6.0,0.0,1.0
B03,0.0,3.0,0.0,1.0
鸟巢,0.0,6.0,0.0,1.0
核心,0.0,6.0,0.0,1.0
清晨,0.0,3.0,0.0,1.0
子公司,0.0,3.0,0.0,1.0
20170509072932,0.0,3.0,0.0,1.0
曹,0.0,3.0,0.0,1.0
乘客,0.0,3.0,0.0,1.0
吴海飞,0.0,3.0,0.0,1.0
经济,2.0,36.0,0.05263157894736842,0.9473684210526315
保持,0.0,9.0,0.0,1.0
开支,0.0,3.0,0.0,1.0
20170505,0.0,15.0,0.0,1.0
里面,0.0,3.0,0.0,1.0
接招,0.0,3.0,0.0,1.0
晚上,3.0,0.0,1.0,0.0
国籍,0.0,3.0,0.0,1.0
毫无,0.0,3.0,0.0,1.0
附属,0.0,6.0,0.0,1.0
钱,0.0,9.0,0.0,1.0
最终,3.0,3.0,0.5,0.5
绍兴,0.0,6.0,0.0,1.0
景区,0.0,6.0,0.0,1.0
宣布,6.0,9.0,0.4,0.6
其,0.0,12.0,0.0,1.0
9,3.0,27.0,0.1,0.9
当天,0.0,3.0,0.0,1.0
289,0.0,3.0,0.0,1.0
民主党,3.0,0.0,1.0,0.0
聚,0.0,6.0,0.0,1.0
宅子,0.0,3.0,0.0,1.0
无现金,0.0,3.0,0.0,1.0
出炉,3.0,0.0,1.0,0.0
便,0.0,3.0,0.0,1.0
进军,0.0,3.0,0.0,1.0
热点,0.0,6.0,0.0,1.0
原地踏步,0.0,3.0,0.0,1.0
欢迎,0.0,3.0,0.0,1.0
重视,0.0,3.0,0.0,1.0
公益,0.0,3.0,0.0,1.0
机场,0.0,3.0,0.0,1.0
纽约时报,0.0,3.0,0.0,1.0
必备,0.0,3.0,0.0,1.0
炫曜,0.0,6.0,0.0,1.0
经常性,0.0,6.0,0.0,1.0
存在,0.0,6.0,0.0,1.0
老,0.0,3.0,0.0,1.0
创新,0.0,9.0,0.0,1.0
徐扬扬,0.0,6.0,0.0,1.0
投融资,0.0,3.0,0.0,1.0
自由,0.0,3.0,0.0,1.0
多,0.0,15.0,0.0,1.0
11,0.0,9.0,0.0,1.0
而言,0.0,3.0,0.0,1.0
观光,0.0,3.0,0.0,1.0
趋稳,0.0,3.0,0.0,1.0
通报,0.0,3.0,0.0,1.0
包括,0.0,9.0,0.0,1.0
下半年,0.0,3.0,0.0,1.0
队,0.0,3.0,0.0,1.0
据,6.0,3.0,0.6666666666666666,0.3333333333333333
拉什,0.0,3.0,0.0,1.0
one,0.0,3.0,0.0,1.0
财新网,0.0,12.0,0.0,1.0
右,0.0,3.0,0.0,1.0
抗议,0.0,3.0,0.0,1.0
心理,0.0,3.0,0.0,1.0
面膜,0.0,6.0,0.0,1.0
第,3.0,21.0,0.125,0.875
352319,0.0,3.0,0.0,1.0
上海,0.0,6.0,0.0,1.0
attpic,0.0,33.0,0.0,1.0
兴起,0.0,3.0,0.0,1.0
择校,0.0,3.0,0.0,1.0
几年,0.0,3.0,0.0,1.0
56,0.0,3.0,0.0,1.0
赵思衡,0.0,6.0,0.0,1.0
担任,0.0,6.0,0.0,1.0
』,0.0,3.0,0.0,1.0
妻子,3.0,3.0,0.5,0.5
带来,0.0,3.0,0.0,1.0
普罗维登斯,0.0,3.0,0.0,1.0
企图,0.0,3.0,0.0,1.0
ynet,0.0,9.0,0.0,1.0
蛋价,0.0,3.0,0.0,1.0
m2h2,0.0,3.0,0.0,1.0
去年,3.0,15.0,0.16666666666666666,0.8333333333333334
gzdaily,0.0,75.0,0.0,1.0
143,0.0,3.0,0.0,1.0
跨洲,3.0,0.0,1.0,0.0
美的,0.0,12.0,0.0,1.0
其高达,0.0,3.0,0.0,1.0
刘毅,0.0,6.0,0.0,1.0
陈映平,0.0,3.0,0.0,1.0
31,0.0,3.0,0.0,1.0
相对,0.0,6.0,0.0,1.0
上市公司,0.0,15.0,0.0,1.0
运营,0.0,6.0,0.0,1.0
发起,0.0,3.0,0.0,1.0
落地,3.0,0.0,1.0,0.0
选出,0.0,3.0,0.0,1.0
苹果公司,0.0,3.0,0.0,1.0
年前,0.0,3.0,0.0,1.0
情况,0.0,6.0,0.0,1.0
解禁,0.0,3.0,0.0,1.0
深陷,0.0,3.0,0.0,1.0
代理,0.0,3.0,0.0,1.0
大小不一,0.0,3.0,0.0,1.0
迎来,3.0,3.0,0.5,0.5
重,0.0,3.0,0.0,1.0
黄文倩,0.0,3.0,0.0,1.0
350243,0.0,3.0,0.0,1.0
远岸,0.0,3.0,0.0,1.0
纷纷,0.0,3.0,0.0,1.0
文明,0.0,12.0,0.0,1.0
永久,0.0,3.0,0.0,1.0
试验,0.0,6.0,0.0,1.0
国务院,0.0,3.0,0.0,1.0
只有,0.0,3.0,0.0,1.0
掀起,0.0,3.0,0.0,1.0
责任,0.0,3.0,0.0,1.0
颜宁,0.0,3.0,0.0,1.0
352871,0.0,3.0,0.0,1.0
鸡,0.0,3.0,0.0,1.0
分析,0.0,3.0,0.0,1.0
不断扩大,0.0,3.0,0.0,1.0
034bcd4eddd34d0dbad1c88478c3171320170508070726,0.0,3.0,0.0,1.0
安全,0.0,6.0,0.0,1.0
进球,0.0,3.0,0.0,1.0
任期,0.0,3.0,0.0,1.0
事实上,0.0,6.0,0.0,1.0
刚刚,0.0,9.0,0.0,1.0
生,0.0,3.0,0.0,1.0
方向,0.0,6.0,0.0,1.0
老家,0.0,3.0,0.0,1.0
个人,0.0,3.0,0.0,1.0
少年,0.0,3.0,0.0,1.0
中医院,0.0,3.0,0.0,1.0
2,0.0,15.0,0.0,1.0
花都区,0.0,3.0,0.0,1.0
康复科,0.0,3.0,0.0,1.0
1494213729672,0.0,3.0,0.0,1.0
印度,4.0,0.0,1.0,0.0
肌肉,3.0,0.0,1.0,0.0
太阳系,0.0,3.0,0.0,1.0
赵,0.0,6.0,0.0,1.0
傍晚,0.0,3.0,0.0,1.0
申报,0.0,3.0,0.0,1.0
一次,0.0,6.0,0.0,1.0
韩,0.0,9.0,0.0,1.0
财政部长,0.0,3.0,0.0,1.0
研究生,0.0,3.0,0.0,1.0
稳坐,0.0,3.0,0.0,1.0
脸,0.0,3.0,0.0,1.0
投,0.0,3.0,0.0,1.0
人人,0.0,6.0,0.0,1.0
顶,0.0,3.0,0.0,1.0
DA19,0.0,3.0,0.0,1.0
掌握,0.0,3.0,0.0,1.0
sinaimg,0.0,27.0,0.0,1.0
不用,0.0,3.0,0.0,1.0
药店,0.0,3.0,0.0,1.0
孤独,0.0,3.0,0.0,1.0
刚过去,0.0,3.0,0.0,1.0
成本费用,0.0,6.0,0.0,1.0
维拉,0.0,3.0,0.0,1.0
06,0.0,15.0,0.0,1.0
香山,0.0,3.0,0.0,1.0
肖远,0.0,3.0,0.0,1.0
潘翠环,0.0,3.0,0.0,1.0
板块,0.0,6.0,0.0,1.0
便宜,0.0,3.0,0.0,1.0
主要,0.0,9.0,0.0,1.0
雷雅媛,0.0,6.0,0.0,1.0
一,0.0,6.0,0.0,1.0
公布,0.0,9.0,0.0,1.0
贫民窟,2.0,0.0,1.0,0.0
加,0.0,3.0,0.0,1.0
汉堡,0.0,3.0,0.0,1.0
周淇隽,0.0,3.0,0.0,1.0
丰富,0.0,3.0,0.0,1.0
规模,0.0,3.0,0.0,1.0
治,0.0,3.0,0.0,1.0
这种,0.0,3.0,0.0,1.0
锐,0.0,3.0,0.0,1.0
海昏侯,0.0,6.0,0.0,1.0
院士,0.0,6.0,0.0,1.0
thsi,0.0,9.0,0.0,1.0
减持,0.0,10.0,0.0,1.0
景点,0.0,3.0,0.0,1.0
原因,0.0,3.0,0.0,1.0
现如今,0.0,3.0,0.0,1.0
达,0.0,3.0,0.0,1.0
市值,0.0,30.0,0.0,1.0
成为,3.0,15.0,0.16666666666666666,0.8333333333333334
东,0.0,3.0,0.0,1.0
受害者,0.0,3.0,0.0,1.0
爱情,0.0,3.0,0.0,1.0
音乐厅,0.0,3.0,0.0,1.0
应当,0.0,3.0,0.0,1.0
增,0.0,3.0,0.0,1.0
开栏,0.0,3.0,0.0,1.0
遇到,0.0,6.0,0.0,1.0
男子,0.0,3.0,0.0,1.0
30,0.0,9.0,0.0,1.0
过来,0.0,3.0,0.0,1.0
清理,0.0,6.0,0.0,1.0
满,0.0,3.0,0.0,1.0
第二张,0.0,3.0,0.0,1.0
协会会长,0.0,3.0,0.0,1.0
雏形,0.0,3.0,0.0,1.0
荷甲,0.0,3.0,0.0,1.0
数据,0.0,12.0,0.0,1.0
央行,0.0,3.0,0.0,1.0
一个,0.0,18.0,0.0,1.0
1494010143517,0.0,3.0,0.0,1.0
除此之外,0.0,3.0,0.0,1.0
体系,0.0,6.0,0.0,1.0
高级,0.0,6.0,0.0,1.0
143538774,0.0,3.0,0.0,1.0
销售,0.0,6.0,0.0,1.0
支付宝,0.0,3.0,0.0,1.0
英国,0.0,9.0,0.0,1.0
吴万生,0.0,3.0,0.0,1.0
ycwb6392545,0.0,3.0,0.0,1.0
b,0.0,75.0,0.0,1.0
没有,0.0,15.0,0.0,1.0
发布,0.0,27.0,0.0,1.0
资料,9.0,30.0,0.23076923076923078,0.7692307692307693
喂食,0.0,3.0,0.0,1.0
a1,0.0,3.0,0.0,1.0
家庭,0.0,3.0,0.0,1.0
cbc8376ce5f442e5,0.0,3.0,0.0,1.0
接入,0.0,3.0,0.0,1.0
门,3.0,0.0,1.0,0.0
大,0.0,27.0,0.0,1.0
编者按,0.0,6.0,0.0,1.0
时间,3.0,12.0,0.2,0.8
回馈,0.0,3.0,0.0,1.0
200,0.0,9.0,0.0,1.0
秒,0.0,12.0,0.0,1.0
28,0.0,3.0,0.0,1.0
支流,0.0,3.0,0.0,1.0
系雪莉,0.0,3.0,0.0,1.0
增多,0.0,3.0,0.0,1.0
清楚,0.0,3.0,0.0,1.0
张玥,0.0,6.0,0.0,1.0
brief,0.0,33.0,0.0,1.0
医改,0.0,3.0,0.0,1.0
1.70,0.0,3.0,0.0,1.0
水面,0.0,3.0,0.0,1.0
千伏,0.0,6.0,0.0,1.0
聚焦,0.0,3.0,0.0,1.0
探讨,0.0,3.0,0.0,1.0
付费,3.0,0.0,1.0,0.0
迷途,0.0,3.0,0.0,1.0
六大,0.0,6.0,0.0,1.0
简单,0.0,3.0,0.0,1.0
打,0.0,6.0,0.0,1.0
雄安,0.0,3.0,0.0,1.0
做大,0.0,3.0,0.0,1.0
电,0.0,3.0,0.0,1.0
滑行,0.0,3.0,0.0,1.0
布局,0.0,3.0,0.0,1.0
慢,0.0,3.0,0.0,1.0
金矿,0.0,3.0,0.0,1.0
分,3.0,6.0,0.3333333333333333,0.6666666666666666
有关,0.0,3.0,0.0,1.0
A12G,0.0,9.0,0.0,1.0
遇限,0.0,3.0,0.0,1.0
二队,0.0,3.0,0.0,1.0
首都,0.0,3.0,0.0,1.0
ywdf6383644,0.0,3.0,0.0,1.0
中国工程院,0.0,3.0,0.0,1.0
公共服务,0.0,6.0,0.0,1.0
涨,0.0,6.0,0.0,1.0
钟世镇,0.0,3.0,0.0,1.0
感冒,0.0,3.0,0.0,1.0
决赛,0.0,3.0,0.0,1.0
000681,0.0,28.0,0.0,1.0
被,0.0,24.0,0.0,1.0
1494360631550,0.0,3.0,0.0,1.0
那段,0.0,3.0,0.0,1.0
召开,0.0,6.0,0.0,1.0
1493795857744,0.0,3.0,0.0,1.0
聘为,0.0,3.0,0.0,1.0
河源,0.0,3.0,0.0,1.0
阴霾,0.0,3.0,0.0,1.0
竞价,0.0,7.0,0.0,1.0
技术,3.0,12.0,0.2,0.8
跻身,3.0,0.0,1.0,0.0
20170503,0.0,6.0,0.0,1.0
254,0.0,3.0,0.0,1.0
lid7580,0.0,3.0,0.0,1.0
苹果,0.0,6.0,0.0,1.0
前列腺,0.0,6.0,0.0,1.0
下大促,0.0,3.0,0.0,1.0
除了,0.0,6.0,0.0,1.0
马德里,0.0,3.0,0.0,1.0
周边,0.0,3.0,0.0,1.0
小胜埃,0.0,3.0,0.0,1.0
辞职报告,0.0,3.0,0.0,1.0
营收劲,0.0,3.0,0.0,1.0
一季度,0.0,9.0,0.0,1.0
上街,0.0,3.0,0.0,1.0
西部,0.0,3.0,0.0,1.0
出境游,0.0,3.0,0.0,1.0
段嘉尚,3.0,0.0,1.0,0.0
超越,0.0,3.0,0.0,1.0
接受,0.0,3.0,0.0,1.0
股东,0.0,19.0,0.0,1.0
亮眼,0.0,3.0,0.0,1.0
刚好,0.0,3.0,0.0,1.0
知识产权,0.0,12.0,0.0,1.0
银行,0.0,18.0,0.0,1.0
自从,0.0,3.0,0.0,1.0
较,0.0,6.0,0.0,1.0
万多名,0.0,3.0,0.0,1.0
PK,0.0,3.0,0.0,1.0
业务,0.0,15.0,0.0,1.0
448a5bd66d3f1a7bc17605,0.0,3.0,0.0,1.0
▲,11.0,66.0,0.14285714285714285,0.8571428571428571
0509A22b001,0.0,3.0,0.0,1.0
制图,0.0,3.0,0.0,1.0
说,0.0,21.0,0.0,1.0
米饭,0.0,3.0,0.0,1.0
h,0.0,3.0,0.0,1.0
到,0.0,27.0,0.0,1.0
流动资金,0.0,15.0,0.0,1.0
薪酬,0.0,3.0,0.0,1.0
大爷,0.0,6.0,0.0,1.0
广东,0.0,12.0,0.0,1.0
破解,0.0,3.0,0.0,1.0
估值,0.0,6.0,0.0,1.0
大宗,0.0,4.0,0.0,1.0
撰文,0.0,3.0,0.0,1.0
哑火,0.0,3.0,0.0,1.0
冠军联赛,0.0,3.0,0.0,1.0
一带,0.0,3.0,0.0,1.0
189109256,0.0,3.0,0.0,1.0
uploads,0.0,78.0,0.0,1.0
本文,0.0,12.0,0.0,1.0
飞机,3.0,0.0,1.0,0.0
关系,0.0,6.0,0.0,1.0
传言,0.0,3.0,0.0,1.0
三生,0.0,3.0,0.0,1.0
调控,0.0,9.0,0.0,1.0
生日,0.0,3.0,0.0,1.0
李,0.0,6.0,0.0,1.0
部门,0.0,3.0,0.0,1.0
质量,0.0,9.0,0.0,1.0
合伙人,0.0,6.0,0.0,1.0
中,8.0,36.0,0.18181818181818182,0.8181818181818182
TT10,0.0,6.0,0.0,1.0
istocknews,0.0,3.0,0.0,1.0
影响,0.0,3.0,0.0,1.0
宣亚,0.0,3.0,0.0,1.0
售楼,0.0,3.0,0.0,1.0
0509A12b002,0.0,3.0,0.0,1.0
武,0.0,3.0,0.0,1.0
入选,0.0,3.0,0.0,1.0
教授,0.0,18.0,0.0,1.0
中有,0.0,3.0,0.0,1.0
编译,0.0,3.0,0.0,1.0
伦敦,0.0,3.0,0.0,1.0
之战,3.0,0.0,1.0,0.0
球场,0.0,6.0,0.0,1.0
《,0.0,42.0,0.0,1.0
初现,0.0,3.0,0.0,1.0
会晤,0.0,3.0,0.0,1.0
美国众议院,0.0,6.0,0.0,1.0
胜利,6.0,9.0,0.4,0.6
3000,0.0,6.0,0.0,1.0
又,0.0,18.0,0.0,1.0
这能,0.0,3.0,0.0,1.0
方平,0.0,3.0,0.0,1.0
分别,0.0,9.0,0.0,1.0
里,0.0,6.0,0.0,1.0
智诚前,0.0,3.0,0.0,1.0
商业化,0.0,6.0,0.0,1.0
总,0.0,14.0,0.0,1.0
交易,0.0,6.0,0.0,1.0
数字,0.0,6.0,0.0,1.0
急剧,0.0,3.0,0.0,1.0
季节,0.0,6.0,0.0,1.0
跳闸,0.0,3.0,0.0,1.0
该,0.0,3.0,0.0,1.0
联合,0.0,6.0,0.0,1.0
凸显,0.0,3.0,0.0,1.0
名女,0.0,3.0,0.0,1.0
为准,0.0,3.0,0.0,1.0
1493860416227,0.0,3.0,0.0,1.0
403,0.0,3.0,0.0,1.0
拎包,0.0,6.0,0.0,1.0
商品,0.0,3.0,0.0,1.0
白志标,0.0,6.0,0.0,1.0
其实,0.0,3.0,0.0,1.0
VCG41143175529,0.0,3.0,0.0,1.0
延迟,0.0,3.0,0.0,1.0
黄利健,0.0,3.0,0.0,1.0
说法,0.0,3.0,0.0,1.0
掀,0.0,3.0,0.0,1.0
万股,0.0,14.0,0.0,1.0
为,0.0,66.0,0.0,1.0
6.9,0.0,3.0,0.0,1.0
酷爱,0.0,3.0,0.0,1.0
马克,0.0,6.0,0.0,1.0
735.60,0.0,3.0,0.0,1.0
相关,0.0,6.0,0.0,1.0
瓦尔,0.0,3.0,0.0,1.0
阿贾克斯,0.0,6.0,0.0,1.0
录取名单,0.0,3.0,0.0,1.0
盘旋,0.0,3.0,0.0,1.0
res,0.0,54.0,0.0,1.0
好时节,0.0,3.0,0.0,1.0
一件,0.0,3.0,0.0,1.0
已过,0.0,3.0,0.0,1.0
原定,0.0,3.0,0.0,1.0
璇,0.0,3.0,0.0,1.0
很多,3.0,6.0,0.3333333333333333,0.6666666666666666
向,0.0,9.0,0.0,1.0
不能,0.0,3.0,0.0,1.0
ycwb,0.0,93.0,0.0,1.0
欧洲,0.0,3.0,0.0,1.0
满怀,0.0,3.0,0.0,1.0
很,0.0,15.0,0.0,1.0
格局,0.0,6.0,0.0,1.0
仁心,0.0,3.0,0.0,1.0
周大福,0.0,3.0,0.0,1.0
0510A13b001,0.0,3.0,0.0,1.0
南沙,0.0,6.0,0.0,1.0
27,0.0,6.0,0.0,1.0
陈梦凡,0.0,3.0,0.0,1.0
1493820362923,0.0,3.0,0.0,1.0
多亿元,0.0,3.0,0.0,1.0
大连旅游,0.0,3.0,0.0,1.0
杨月玲,0.0,3.0,0.0,1.0
教师,0.0,3.0,0.0,1.0
炒房,0.0,3.0,0.0,1.0
游,0.0,12.0,0.0,1.0
translate,0.0,15.0,0.0,1.0
反向,0.0,6.0,0.0,1.0
20170505143035412,0.0,3.0,0.0,1.0
添新例,0.0,3.0,0.0,1.0
组建,3.0,0.0,1.0,0.0
值得,0.0,3.0,0.0,1.0
身高,0.0,3.0,0.0,1.0
自,0.0,3.0,0.0,1.0
32,0.0,3.0,0.0,1.0
级,0.0,6.0,0.0,1.0
汽车集团,0.0,3.0,0.0,1.0
HCG,0.0,3.0,0.0,1.0
zqb,0.0,18.0,0.0,1.0
预计,0.0,6.0,0.0,1.0
基金,0.0,9.0,0.0,1.0
24,0.0,6.0,0.0,1.0
n,0.0,27.0,0.0,1.0
经常,0.0,9.0,0.0,1.0
hv1,0.0,9.0,0.0,1.0
主任,0.0,12.0,0.0,1.0
),0.0,48.0,0.0,1.0
波多黎各,0.0,3.0,0.0,1.0
第二轮,0.0,6.0,0.0,1.0
阅兵,0.0,3.0,0.0,1.0
351064,0.0,3.0,0.0,1.0
半数,0.0,3.0,0.0,1.0
351827,0.0,3.0,0.0,1.0
国家,2.0,9.0,0.18181818181818182,0.8181818181818182
右一,0.0,3.0,0.0,1.0
高盛,0.0,3.0,0.0,1.0
1494008526595,0.0,3.0,0.0,1.0
江口,0.0,24.0,0.0,1.0
而行,0.0,6.0,0.0,1.0
医疗,0.0,3.0,0.0,1.0
jpg,0.0,390.0,0.0,1.0
购房,0.0,3.0,0.0,1.0
系列赛,0.0,3.0,0.0,1.0
10.8,0.0,3.0,0.0,1.0
目前,0.0,9.0,0.0,1.0
2014,0.0,30.0,0.0,1.0
虽以,0.0,3.0,0.0,1.0
财新,0.0,3.0,0.0,1.0
五个,0.0,3.0,0.0,1.0
几次,0.0,3.0,0.0,1.0
董事,3.0,9.0,0.25,0.75
表现,0.0,3.0,0.0,1.0
；,3.0,18.0,0.14285714285714285,0.8571428571428571
二百一十,0.0,3.0,0.0,1.0
A12,0.0,18.0,0.0,1.0
ycwb6382129,0.0,3.0,0.0,1.0
感觉,0.0,3.0,0.0,1.0
23,3.0,0.0,1.0,0.0
环志,0.0,6.0,0.0,1.0
至少,0.0,6.0,0.0,1.0
2020,0.0,3.0,0.0,1.0
351361,0.0,3.0,0.0,1.0
china,0.0,3.0,0.0,1.0
含,0.0,3.0,0.0,1.0
家居,0.0,3.0,0.0,1.0
营业,3.0,9.0,0.25,0.75
暑假,0.0,3.0,0.0,1.0
亏损,3.0,9.0,0.25,0.75
『,0.0,3.0,0.0,1.0
还要,0.0,3.0,0.0,1.0
来源,26.0,207.0,0.11158798283261803,0.8884120171673819
暂停,0.0,3.0,0.0,1.0
魅力,0.0,3.0,0.0,1.0
举行,0.0,21.0,0.0,1.0
新低,0.0,6.0,0.0,1.0
杂货铺,0.0,6.0,0.0,1.0
评价,0.0,3.0,0.0,1.0
他人,0.0,6.0,0.0,1.0
德,0.0,3.0,0.0,1.0
爹爹,0.0,3.0,0.0,1.0
dzzzz2,0.0,18.0,0.0,1.0
economy,0.0,3.0,0.0,1.0
最,0.0,6.0,0.0,1.0
net,0.0,3.0,0.0,1.0
拉升,0.0,3.0,0.0,1.0
http,0.0,381.0,0.0,1.0
要求,0.0,6.0,0.0,1.0
暨,0.0,3.0,0.0,1.0
要,0.0,9.0,0.0,1.0
三条,0.0,3.0,0.0,1.0
陌生人,0.0,3.0,0.0,1.0
名品店,0.0,3.0,0.0,1.0
打响,0.0,3.0,0.0,1.0
平方米,0.0,3.0,0.0,1.0
快递,0.0,6.0,0.0,1.0
res04,0.0,21.0,0.0,1.0
王思聪,0.0,3.0,0.0,1.0
影子,0.0,3.0,0.0,1.0
 ,206.0,2308.0,0.08194112967382657,0.9180588703261734
龙巍摄,0.0,6.0,0.0,1.0
gic16983472,0.0,3.0,0.0,1.0
科学技术,0.0,3.0,0.0,1.0
九条,0.0,3.0,0.0,1.0
不济,0.0,3.0,0.0,1.0
345,0.0,3.0,0.0,1.0
125,0.0,3.0,0.0,1.0
res02,0.0,6.0,0.0,1.0
通讯员,0.0,9.0,0.0,1.0
海外,0.0,3.0,0.0,1.0
六支,3.0,0.0,1.0,0.0
成交量,0.0,3.0,0.0,1.0
挺大,0.0,3.0,0.0,1.0
习练,0.0,3.0,0.0,1.0
名企,0.0,6.0,0.0,1.0
肯尼亚,0.0,3.0,0.0,1.0
1493896025941,0.0,6.0,0.0,1.0
代表,0.0,12.0,0.0,1.0
群,0.0,3.0,0.0,1.0
以来,0.0,6.0,0.0,1.0
zhuanlan,0.0,6.0,0.0,1.0
特约,0.0,3.0,0.0,1.0
000,0.0,3.0,0.0,1.0
生看,0.0,3.0,0.0,1.0
剧照,0.0,6.0,0.0,1.0
310,0.0,3.0,0.0,1.0
想到,3.0,0.0,1.0,0.0
假期,0.0,9.0,0.0,1.0
刘幸,0.0,3.0,0.0,1.0
徐晓冬,0.0,15.0,0.0,1.0
一名,0.0,6.0,0.0,1.0
取代,0.0,3.0,0.0,1.0
继续,0.0,6.0,0.0,1.0
有望,0.0,3.0,0.0,1.0
人民,0.0,9.0,0.0,1.0
集体,0.0,6.0,0.0,1.0
地位,0.0,6.0,0.0,1.0
招牌,0.0,3.0,0.0,1.0
娃娃,0.0,9.0,0.0,1.0
领域,0.0,3.0,0.0,1.0
遍布全国,0.0,3.0,0.0,1.0
作为,0.0,9.0,0.0,1.0
综合,0.0,9.0,0.0,1.0
下同,0.0,3.0,0.0,1.0
管理部,0.0,3.0,0.0,1.0
竞争,3.0,3.0,0.5,0.5
不可不,0.0,3.0,0.0,1.0
截至,0.0,6.0,0.0,1.0
新闻,3.0,6.0,0.3333333333333333,0.6666666666666666
武六红,0.0,3.0,0.0,1.0
人员,0.0,6.0,0.0,1.0
扶贫,3.0,0.0,1.0,0.0
癌症,0.0,6.0,0.0,1.0
大幅,0.0,3.0,0.0,1.0
持有,0.0,9.0,0.0,1.0
哪家,0.0,3.0,0.0,1.0
国信,0.0,3.0,0.0,1.0
NBA,0.0,3.0,0.0,1.0
扭亏为盈,0.0,3.0,0.0,1.0
募资,0.0,3.0,0.0,1.0
站,0.0,3.0,0.0,1.0
年报,0.0,15.0,0.0,1.0
冷僻,0.0,6.0,0.0,1.0
化妆品,0.0,3.0,0.0,1.0
其中,0.0,21.0,0.0,1.0
黑马,0.0,3.0,0.0,1.0
打人,0.0,3.0,0.0,1.0
专项,0.0,3.0,0.0,1.0
736,0.0,9.0,0.0,1.0
_,0.0,411.0,0.0,1.0
nosdn,0.0,3.0,0.0,1.0
可能,0.0,6.0,0.0,1.0
发掘,0.0,6.0,0.0,1.0
廖道训,0.0,12.0,0.0,1.0
第二,0.0,3.0,0.0,1.0
实力,0.0,6.0,0.0,1.0
尚有,0.0,3.0,0.0,1.0
043.91,0.0,3.0,0.0,1.0
单车,0.0,12.0,0.0,1.0
升级,0.0,3.0,0.0,1.0
黄厄文,0.0,4.0,0.0,1.0
相伴,0.0,6.0,0.0,1.0
此事,0.0,3.0,0.0,1.0
以外,0.0,3.0,0.0,1.0
应收,0.0,6.0,0.0,1.0
百度,0.0,6.0,0.0,1.0
发稿,0.0,3.0,0.0,1.0
主队,0.0,3.0,0.0,1.0
大众,0.0,3.0,0.0,1.0
危机,0.0,12.0,0.0,1.0
项羽,0.0,3.0,0.0,1.0
对决,0.0,9.0,0.0,1.0
晚间,0.0,12.0,0.0,1.0
名,0.0,15.0,0.0,1.0
调任,0.0,3.0,0.0,1.0
控股公司,0.0,3.0,0.0,1.0
期,3.0,0.0,1.0,0.0
一下,0.0,6.0,0.0,1.0
电子产品,0.0,3.0,0.0,1.0
李小龙,0.0,3.0,0.0,1.0
副,0.0,24.0,0.0,1.0
八个,3.0,0.0,1.0,0.0
国家税务总局,0.0,3.0,0.0,1.0
一致,0.0,3.0,0.0,1.0
温泉,0.0,3.0,0.0,1.0
放大镜,0.0,3.0,0.0,1.0
nbdnews,0.0,6.0,0.0,1.0
展开,0.0,15.0,0.0,1.0
为何,0.0,3.0,0.0,1.0
中央银行,0.0,6.0,0.0,1.0
上学,0.0,3.0,0.0,1.0
名媛,3.0,3.0,0.5,0.5
学生,0.0,12.0,0.0,1.0
天堂,0.0,3.0,0.0,1.0
增加,0.0,6.0,0.0,1.0
悄然,0.0,6.0,0.0,1.0
那种,0.0,3.0,0.0,1.0
足球,0.0,3.0,0.0,1.0
商业秘密,0.0,9.0,0.0,1.0
违反,0.0,6.0,0.0,1.0
17,0.0,18.0,0.0,1.0
H4yA,0.0,3.0,0.0,1.0
跌幅,0.0,3.0,0.0,1.0
统计,0.0,6.0,0.0,1.0
第三,0.0,3.0,0.0,1.0
B01,0.0,3.0,0.0,1.0
为了,0.0,6.0,0.0,1.0
16,0.0,6.0,0.0,1.0
相识,0.0,3.0,0.0,1.0
避免,0.0,3.0,0.0,1.0
还,3.0,12.0,0.2,0.8
每天,0.0,3.0,0.0,1.0
指数,0.0,3.0,0.0,1.0
多少,0.0,3.0,0.0,1.0
目标,0.0,3.0,0.0,1.0
体育馆,0.0,3.0,0.0,1.0
并,0.0,15.0,0.0,1.0
江阴,0.0,3.0,0.0,1.0
游人,0.0,6.0,0.0,1.0
香港,0.0,3.0,0.0,1.0
稳中有进,0.0,3.0,0.0,1.0
去,0.0,9.0,0.0,1.0
单项,0.0,3.0,0.0,1.0
19,0.0,13.0,0.0,1.0
安哲秀,0.0,3.0,0.0,1.0
|,3.0,12.0,0.2,0.8
唱响,0.0,6.0,0.0,1.0
巨擘,0.0,3.0,0.0,1.0
户,0.0,3.0,0.0,1.0
患上,0.0,3.0,0.0,1.0
记者,0.0,106.0,0.0,1.0
4200,0.0,7.0,0.0,1.0
消费,0.0,3.0,0.0,1.0
986,0.0,3.0,0.0,1.0
大增,0.0,3.0,0.0,1.0
指出,0.0,6.0,0.0,1.0
改编,0.0,3.0,0.0,1.0
已超,0.0,6.0,0.0,1.0
受到,0.0,3.0,0.0,1.0
︱,0.0,3.0,0.0,1.0
广东省,0.0,6.0,0.0,1.0
爱,0.0,3.0,0.0,1.0
藩篱,0.0,3.0,0.0,1.0
历年,0.0,3.0,0.0,1.0
立悟,0.0,3.0,0.0,1.0
造成,0.0,6.0,0.0,1.0
高,0.0,12.0,0.0,1.0
0509TT10b002,0.0,3.0,0.0,1.0
水平,0.0,3.0,0.0,1.0
卖,0.0,3.0,0.0,1.0
使得,0.0,3.0,0.0,1.0
0505A23b001,0.0,3.0,0.0,1.0
/,3.0,2937.0,0.0010204081632653062,0.9989795918367347
滋味,0.0,3.0,0.0,1.0
机钢,0.0,3.0,0.0,1.0
法甲,0.0,3.0,0.0,1.0
肯定,0.0,3.0,0.0,1.0
朝阳,0.0,3.0,0.0,1.0
免费,0.0,3.0,0.0,1.0
国,6.0,3.0,0.6666666666666666,0.3333333333333333
复兴,0.0,3.0,0.0,1.0
人才,0.0,3.0,0.0,1.0
林琳,0.0,3.0,0.0,1.0
证券网,0.0,1.0,0.0,1.0
曝光,0.0,3.0,0.0,1.0
跌跌,0.0,6.0,0.0,1.0
1494275231301,0.0,3.0,0.0,1.0
转入,0.0,3.0,0.0,1.0
dzzzz7,0.0,6.0,0.0,1.0
453.75,0.0,3.0,0.0,1.0
墓,0.0,6.0,0.0,1.0
母公司,0.0,24.0,0.0,1.0
覆盖面,0.0,3.0,0.0,1.0
传统,0.0,6.0,0.0,1.0
无障碍,0.0,3.0,0.0,1.0
搞,0.0,3.0,0.0,1.0
高校,0.0,3.0,0.0,1.0
楼高,0.0,3.0,0.0,1.0
首尔,0.0,3.0,0.0,1.0
奥数班,0.0,3.0,0.0,1.0
一家,0.0,3.0,0.0,1.0
五一,0.0,21.0,0.0,1.0
仍然,0.0,3.0,0.0,1.0
不足,0.0,3.0,0.0,1.0
带给,0.0,6.0,0.0,1.0
摩天,0.0,3.0,0.0,1.0
09,0.0,39.0,0.0,1.0
窗口,0.0,3.0,0.0,1.0
比例,0.0,11.0,0.0,1.0
力道,0.0,6.0,0.0,1.0
买入,0.0,18.0,0.0,1.0
游览,0.0,3.0,0.0,1.0
光学,0.0,3.0,0.0,1.0
cms,0.0,3.0,0.0,1.0
年超,0.0,3.0,0.0,1.0
0.5,6.0,0.0,1.0,0.0
诸多,0.0,3.0,0.0,1.0
清远,0.0,3.0,0.0,1.0
北京,0.0,42.0,0.0,1.0
共同,3.0,3.0,0.5,0.5
现年,0.0,3.0,0.0,1.0
0507A11b002,0.0,3.0,0.0,1.0
集,0.0,6.0,0.0,1.0
中招,0.0,3.0,0.0,1.0
万亿美元,0.0,3.0,0.0,1.0
财务,0.0,3.0,0.0,1.0
37,0.0,6.0,0.0,1.0
院校,0.0,3.0,0.0,1.0
刘中霖,0.0,3.0,0.0,1.0
报表,0.0,3.0,0.0,1.0
得胜,0.0,3.0,0.0,1.0
或称,0.0,3.0,0.0,1.0
路,0.0,6.0,0.0,1.0
原创,0.0,9.0,0.0,1.0
7200,0.0,3.0,0.0,1.0
面对,0.0,3.0,0.0,1.0
深入人心,0.0,3.0,0.0,1.0
十分,0.0,9.0,0.0,1.0
女子,0.0,6.0,0.0,1.0
所说,0.0,3.0,0.0,1.0
基普,0.0,3.0,0.0,1.0
20170506,0.0,3.0,0.0,1.0
加剧,0.0,3.0,0.0,1.0
控制,0.0,3.0,0.0,1.0
讯,0.0,28.0,0.0,1.0
过去,0.0,12.0,0.0,1.0
174.85,0.0,3.0,0.0,1.0
一位,0.0,3.0,0.0,1.0
限购,0.0,6.0,0.0,1.0
女性,0.0,6.0,0.0,1.0
具有,0.0,3.0,0.0,1.0
吴江,0.0,3.0,0.0,1.0
487.38,0.0,3.0,0.0,1.0
颜艺,0.0,3.0,0.0,1.0
60,0.0,3.0,0.0,1.0
方式,0.0,6.0,0.0,1.0
德摄,0.0,3.0,0.0,1.0
女士,0.0,6.0,0.0,1.0
斑马,0.0,3.0,0.0,1.0
下滑,0.0,3.0,0.0,1.0
红,0.0,6.0,0.0,1.0
被判,0.0,6.0,0.0,1.0
不得不,0.0,3.0,0.0,1.0
伊利,0.0,3.0,0.0,1.0
取得,6.0,3.0,0.6666666666666666,0.3333333333333333
70,0.0,6.0,0.0,1.0
大学校园,0.0,3.0,0.0,1.0
gmw,0.0,57.0,0.0,1.0
不会,0.0,3.0,0.0,1.0
中国社科院,0.0,3.0,0.0,1.0
21,0.0,9.0,0.0,1.0
人民政府,0.0,3.0,0.0,1.0
露头,0.0,6.0,0.0,1.0
还原,0.0,3.0,0.0,1.0
072.86,0.0,3.0,0.0,1.0
占领,0.0,3.0,0.0,1.0
张香梅,0.0,3.0,0.0,1.0
格拉纳,0.0,3.0,0.0,1.0
权利,0.0,9.0,0.0,1.0
赵云,0.0,3.0,0.0,1.0
chinadaily,0.0,12.0,0.0,1.0
修宪,0.0,3.0,0.0,1.0
传媒,0.0,3.0,0.0,1.0
吉林市,0.0,3.0,0.0,1.0
万美元,0.0,9.0,0.0,1.0
人工,0.0,3.0,0.0,1.0
现象,0.0,3.0,0.0,1.0
20170507105508466,0.0,3.0,0.0,1.0
东京,0.0,6.0,0.0,1.0
352023,0.0,3.0,0.0,1.0
D06,0.0,3.0,0.0,1.0
QQ,0.0,9.0,0.0,1.0
研究,0.0,9.0,0.0,1.0
损益,0.0,6.0,0.0,1.0
倒地,0.0,3.0,0.0,1.0
更,3.0,6.0,0.3333333333333333,0.6666666666666666
transform,0.0,6.0,0.0,1.0
入学,0.0,3.0,0.0,1.0
57,0.0,3.0,0.0,1.0
发病率,0.0,3.0,0.0,1.0
吉林长春,0.0,3.0,0.0,1.0
大陆,0.0,3.0,0.0,1.0
提前退休,0.0,3.0,0.0,1.0
加快,0.0,3.0,0.0,1.0
微,0.0,9.0,0.0,1.0
一亩,0.0,3.0,0.0,1.0
size83,0.0,3.0,0.0,1.0
参加,3.0,3.0,0.5,0.5
老人,0.0,6.0,0.0,1.0
0505A7b004,0.0,3.0,0.0,1.0
梅西,0.0,3.0,0.0,1.0
448a5bd66d3f1a7bc17606,0.0,3.0,0.0,1.0
中证网,0.0,12.0,0.0,1.0
现场,0.0,9.0,0.0,1.0
岁数,0.0,3.0,0.0,1.0
189838006,0.0,3.0,0.0,1.0
坏账,0.0,3.0,0.0,1.0
差,0.0,3.0,0.0,1.0
承诺,0.0,12.0,0.0,1.0
富豪,0.0,3.0,0.0,1.0
特别,0.0,3.0,0.0,1.0
IC,0.0,3.0,0.0,1.0
cn,0.0,204.0,0.0,1.0
档线,0.0,3.0,0.0,1.0
绕过,0.0,3.0,0.0,1.0
曼,0.0,3.0,0.0,1.0
爽身粉,0.0,3.0,0.0,1.0
总值,0.0,3.0,0.0,1.0
新风,0.0,3.0,0.0,1.0
为民,0.0,6.0,0.0,1.0
1984,0.0,3.0,0.0,1.0
姆,0.0,3.0,0.0,1.0
体重,0.0,3.0,0.0,1.0
第一季度,0.0,3.0,0.0,1.0
A,0.0,3.0,0.0,1.0
电商,0.0,3.0,0.0,1.0
占本,0.0,1.0,0.0,1.0
本,0.0,6.0,0.0,1.0
空港,0.0,3.0,0.0,1.0
公斤,0.0,3.0,0.0,1.0
成绩,0.0,6.0,0.0,1.0
提供,3.0,6.0,0.3333333333333333,0.6666666666666666
人们,0.0,6.0,0.0,1.0
一路,3.0,3.0,0.5,0.5
冯佛成,0.0,3.0,0.0,1.0
晋级,3.0,0.0,1.0,0.0
能力,0.0,9.0,0.0,1.0
财经,0.0,6.0,0.0,1.0
669,0.0,3.0,0.0,1.0
实习生,0.0,9.0,0.0,1.0
articles,0.0,78.0,0.0,1.0
冷暖,0.0,3.0,0.0,1.0
广州日报,0.0,18.0,0.0,1.0
8.58,0.0,4.0,0.0,1.0
医学,0.0,12.0,0.0,1.0
本科,0.0,3.0,0.0,1.0
高二,0.0,3.0,0.0,1.0
否认,0.0,3.0,0.0,1.0
鳄,0.0,3.0,0.0,1.0
水泥,0.0,3.0,0.0,1.0
能否,0.0,3.0,0.0,1.0
抓,0.0,6.0,0.0,1.0
crawl,0.0,6.0,0.0,1.0
B02,0.0,3.0,0.0,1.0
和平,0.0,3.0,0.0,1.0
122,0.0,6.0,0.0,1.0
引发,0.0,3.0,0.0,1.0
视频,0.0,24.0,0.0,1.0
吕一,0.0,3.0,0.0,1.0
解难,0.0,3.0,0.0,1.0
ycwb6380846,0.0,3.0,0.0,1.0
有何,0.0,3.0,0.0,1.0
上面,0.0,3.0,0.0,1.0
收购,0.0,9.0,0.0,1.0
前,3.0,6.0,0.3333333333333333,0.6666666666666666
定于,0.0,6.0,0.0,1.0
沉银,0.0,18.0,0.0,1.0
娱乐,0.0,6.0,0.0,1.0
786,0.0,3.0,0.0,1.0
A18,0.0,3.0,0.0,1.0
模样,0.0,3.0,0.0,1.0
英国伦敦,0.0,3.0,0.0,1.0
无物,0.0,3.0,0.0,1.0
微信,0.0,12.0,0.0,1.0
资产,3.0,21.0,0.125,0.875
●,0.0,3.0,0.0,1.0
门诊,0.0,3.0,0.0,1.0
强调,0.0,3.0,0.0,1.0
总编辑,0.0,9.0,0.0,1.0
发掘出,0.0,6.0,0.0,1.0
A13,0.0,12.0,0.0,1.0
总经理,3.0,0.0,1.0,0.0
题为,0.0,3.0,0.0,1.0
挖掘,0.0,6.0,0.0,1.0
精神,0.0,3.0,0.0,1.0
保湿,0.0,3.0,0.0,1.0
变革,0.0,3.0,0.0,1.0
房地产,0.0,15.0,0.0,1.0
众多,0.0,3.0,0.0,1.0
无关,0.0,3.0,0.0,1.0
归类,0.0,3.0,0.0,1.0
福德,0.0,3.0,0.0,1.0
因,0.0,10.0,0.0,1.0
压力,0.0,6.0,0.0,1.0
约,0.0,6.0,0.0,1.0
2015,0.0,21.0,0.0,1.0
郑强,0.0,3.0,0.0,1.0
西岸,0.0,3.0,0.0,1.0
结合,0.0,3.0,0.0,1.0
fyeyqem2249643,0.0,3.0,0.0,1.0
通过,3.0,33.0,0.08333333333333333,0.9166666666666666
用,0.0,3.0,0.0,1.0
丰台区,0.0,3.0,0.0,1.0
发展势头,0.0,3.0,0.0,1.0
1493896145297,0.0,3.0,0.0,1.0
届,0.0,9.0,0.0,1.0
NYSE,0.0,3.0,0.0,1.0
方面,0.0,3.0,0.0,1.0
上港,0.0,3.0,0.0,1.0
界面,0.0,12.0,0.0,1.0
1493947052430,0.0,3.0,0.0,1.0
村子,0.0,3.0,0.0,1.0
胡浩,0.0,6.0,0.0,1.0
A22,0.0,6.0,0.0,1.0
易二世,0.0,3.0,0.0,1.0
·,0.0,24.0,0.0,1.0
最多,0.0,3.0,0.0,1.0
里尔,0.0,3.0,0.0,1.0
品类,0.0,3.0,0.0,1.0
描述,0.0,3.0,0.0,1.0
3.94,0.0,3.0,0.0,1.0
进入,0.0,3.0,0.0,1.0
行业,0.0,21.0,0.0,1.0
课业负担,0.0,3.0,0.0,1.0
无患,0.0,3.0,0.0,1.0
医者,0.0,3.0,0.0,1.0
年度,0.0,6.0,0.0,1.0
回头,0.0,3.0,0.0,1.0
TT2,0.0,3.0,0.0,1.0
20,6.0,12.0,0.3333333333333333,0.6666666666666666
日前,0.0,12.0,0.0,1.0
比,0.0,30.0,0.0,1.0
地产,0.0,3.0,0.0,1.0
有限公司,3.0,15.0,0.16666666666666666,0.8333333333333334
351.93,0.0,3.0,0.0,1.0
监测,0.0,3.0,0.0,1.0
之外,0.0,3.0,0.0,1.0
启示,0.0,6.0,0.0,1.0
个,3.0,12.0,0.2,0.8
元器件,0.0,3.0,0.0,1.0
欧联杯,0.0,6.0,0.0,1.0
image,0.0,78.0,0.0,1.0
疑似,0.0,6.0,0.0,1.0
步骤,0.0,3.0,0.0,1.0
集团,0.0,12.0,0.0,1.0
节省,0.0,3.0,0.0,1.0
放飞,0.0,6.0,0.0,1.0
航班,0.0,6.0,0.0,1.0
年代,0.0,6.0,0.0,1.0
生婴儿,0.0,3.0,0.0,1.0
讲,0.0,6.0,0.0,1.0
法国,0.0,12.0,0.0,1.0
ycwb6390311,0.0,3.0,0.0,1.0
纪念,0.0,3.0,0.0,1.0
中职,0.0,3.0,0.0,1.0
pngdata,0.0,3.0,0.0,1.0
法定,0.0,6.0,0.0,1.0
周,0.0,9.0,0.0,1.0
业内人士,0.0,3.0,0.0,1.0
大笔,0.0,3.0,0.0,1.0
大学,0.0,9.0,0.0,1.0
提议,0.0,3.0,0.0,1.0
广州,0.0,18.0,0.0,1.0
Fi,0.0,9.0,0.0,1.0
ycwb6378186,0.0,3.0,0.0,1.0
巴莱,0.0,3.0,0.0,1.0
廖宁,0.0,3.0,0.0,1.0
20170503071020,0.0,3.0,0.0,1.0
应急,0.0,3.0,0.0,1.0
1493748890001,0.0,3.0,0.0,1.0
铜鼓,0.0,3.0,0.0,1.0
火爆,0.0,3.0,0.0,1.0
之后,0.0,6.0,0.0,1.0
主场,0.0,9.0,0.0,1.0
梁启超,0.0,3.0,0.0,1.0
强化,0.0,3.0,0.0,1.0
违规,0.0,3.0,0.0,1.0
声音,0.0,3.0,0.0,1.0
20170507145950,0.0,3.0,0.0,1.0
第二场,0.0,6.0,0.0,1.0
曾,3.0,12.0,0.2,0.8
352180,0.0,3.0,0.0,1.0
而且,0.0,3.0,0.0,1.0
%,6.0,53.0,0.1016949152542373,0.8983050847457628
351995,0.0,3.0,0.0,1.0
1463444940689060,0.0,3.0,0.0,1.0
筑,0.0,3.0,0.0,1.0
姜俊贤,0.0,3.0,0.0,1.0
美国普林斯顿大学,0.0,3.0,0.0,1.0
再胜,0.0,3.0,0.0,1.0
在于,3.0,0.0,1.0,0.0
背后,0.0,3.0,0.0,1.0
ycwb6390316,0.0,3.0,0.0,1.0
未,0.0,6.0,0.0,1.0
射手,0.0,3.0,0.0,1.0
顺德,0.0,3.0,0.0,1.0
2010,0.0,3.0,0.0,1.0
高管,0.0,3.0,0.0,1.0
观众,0.0,3.0,0.0,1.0
突破,0.0,6.0,0.0,1.0
战略物资,0.0,3.0,0.0,1.0
巨头,0.0,9.0,0.0,1.0
本次,0.0,3.0,0.0,1.0
泰国,0.0,3.0,0.0,1.0
布冯,0.0,3.0,0.0,1.0
酷乐志,0.0,3.0,0.0,1.0
474,0.0,3.0,0.0,1.0
ycwb6378410,0.0,3.0,0.0,1.0
小时,0.0,3.0,0.0,1.0
公司,9.0,70.0,0.11392405063291139,0.8860759493670886
421.31,0.0,3.0,0.0,1.0
不擦,0.0,3.0,0.0,1.0
出来,0.0,3.0,0.0,1.0
圆明园,0.0,9.0,0.0,1.0
finance,0.0,12.0,0.0,1.0
Tilghman,0.0,3.0,0.0,1.0
语,0.0,3.0,0.0,1.0
街头,0.0,3.0,0.0,1.0
320,0.0,3.0,0.0,1.0
各项,0.0,3.0,0.0,1.0
限贷,0.0,6.0,0.0,1.0
战已,0.0,3.0,0.0,1.0
天气,0.0,3.0,0.0,1.0
买下,0.0,3.0,0.0,1.0
合并,0.0,3.0,0.0,1.0
回,0.0,3.0,0.0,1.0
摩纳哥,0.0,3.0,0.0,1.0
增至,3.0,0.0,1.0,0.0
gd,0.0,6.0,0.0,1.0
外援,0.0,3.0,0.0,1.0
活成,0.0,3.0,0.0,1.0
探索,0.0,3.0,0.0,1.0
合作,0.0,6.0,0.0,1.0
深圳,0.0,21.0,0.0,1.0
专属,0.0,3.0,0.0,1.0
内,0.0,6.0,0.0,1.0
王勤,0.0,12.0,0.0,1.0
856.00,0.0,3.0,0.0,1.0
图,12.0,180.0,0.0625,0.9375
