日,6.0,18.0,0.25,0.75
指出,0.0,3.0,0.0,1.0
价格低廉,3.0,0.0,1.0,0.0
正式,3.0,0.0,1.0,0.0
无人机,3.0,0.0,1.0,0.0
合约,3.0,0.0,1.0,0.0
大面积,0.0,3.0,0.0,1.0
能源技术,0.0,3.0,0.0,1.0
该项,0.0,3.0,0.0,1.0
一点,0.0,3.0,0.0,1.0
电池组,0.0,12.0,0.0,1.0
及其,3.0,12.0,0.2,0.8
股东,0.0,24.0,0.0,1.0
导电,0.0,3.0,0.0,1.0
此前,0.0,3.0,0.0,1.0
5500,3.0,0.0,1.0,0.0
90,3.0,0.0,1.0,0.0
完成,12.0,15.0,0.4444444444444444,0.5555555555555556
地缘,3.0,0.0,1.0,0.0
电力工程,0.0,3.0,0.0,1.0
可靠,3.0,0.0,1.0,0.0
空间,0.0,3.0,0.0,1.0
较,3.0,18.0,0.14285714285714285,0.8571428571428571
Ascent,0.0,12.0,0.0,1.0
特斯,0.0,3.0,0.0,1.0
Nagar,6.0,0.0,1.0,0.0
供应商,3.0,0.0,1.0,0.0
业务,2.0,9.0,0.18181818181818182,0.8181818181818182
亿美金,0.0,3.0,0.0,1.0
主营,6.0,0.0,1.0,0.0
同比,0.0,6.0,0.0,1.0
电池板,0.0,3.0,0.0,1.0
集成电路,0.0,3.0,0.0,1.0
技术改造,0.0,3.0,0.0,1.0
产业,3.0,6.0,0.3333333333333333,0.6666666666666666
必然趋势,0.0,3.0,0.0,1.0
其他,3.0,3.0,0.5,0.5
技术咨询,0.0,3.0,0.0,1.0
发电量,3.0,0.0,1.0,0.0
德黑兰,3.0,0.0,1.0,0.0
Isfahan,3.0,0.0,1.0,0.0
过程,0.0,3.0,0.0,1.0
CONSOL,3.0,0.0,1.0,0.0
积极参与,3.0,0.0,1.0,0.0
Real,3.0,0.0,1.0,0.0
经营范围,0.0,3.0,0.0,1.0
领导人,3.0,0.0,1.0,0.0
阻挡,0.0,3.0,0.0,1.0
九处,6.0,0.0,1.0,0.0
:,0.0,3.0,0.0,1.0
拥有,3.0,0.0,1.0,0.0
主营业务,0.0,3.0,0.0,1.0
2.2,0.0,3.0,0.0,1.0
获得,0.0,6.0,0.0,1.0
单一,0.0,3.0,0.0,1.0
倾角,3.0,0.0,1.0,0.0
12,3.0,3.0,0.5,0.5
二月份,3.0,0.0,1.0,0.0
一带,6.0,0.0,1.0,0.0
有力,0.0,3.0,0.0,1.0
劳动,3.0,0.0,1.0,0.0
备受,0.0,3.0,0.0,1.0
七个,6.0,0.0,1.0,0.0
贺,0.0,3.0,0.0,1.0
82.53,0.0,3.0,0.0,1.0
开始,3.0,9.0,0.25,0.75
所有,6.0,0.0,1.0,0.0
阳光,0.0,6.0,0.0,1.0
已然,0.0,3.0,0.0,1.0
人工,3.0,0.0,1.0,0.0
件,0.0,12.0,0.0,1.0
能,3.0,15.0,0.16666666666666666,0.8333333333333334
1.5,0.0,3.0,0.0,1.0
团队,3.0,3.0,0.5,0.5
核电,3.0,3.0,0.5,0.5
Facebook,6.0,0.0,1.0,0.0
Solutions,3.0,0.0,1.0,0.0
光伏,31.0,51.0,0.3780487804878049,0.6219512195121951
33,0.0,3.0,0.0,1.0
世界,3.0,0.0,1.0,0.0
进步奖,0.0,3.0,0.0,1.0
包共,0.0,3.0,0.0,1.0
波音公司,3.0,0.0,1.0,0.0
;,0.0,9.0,0.0,1.0
清洁,3.0,6.0,0.3333333333333333,0.6666666666666666
Low,0.0,3.0,0.0,1.0
10,3.0,6.0,0.3333333333333333,0.6666666666666666
收到,0.0,3.0,0.0,1.0
之前,0.0,3.0,0.0,1.0
加拿大,0.0,3.0,0.0,1.0
宣称,0.0,3.0,0.0,1.0
高效,0.0,15.0,0.0,1.0
股份,0.0,27.0,0.0,1.0
亿元,0.0,36.0,0.0,1.0
容易,3.0,0.0,1.0,0.0
出,0.0,6.0,0.0,1.0
（,45.0,66.0,0.40540540540540543,0.5945945945945946
来自,0.0,6.0,0.0,1.0
产品数量,0.0,3.0,0.0,1.0
必定,0.0,3.0,0.0,1.0
意义,0.0,3.0,0.0,1.0
用户,0.0,3.0,0.0,1.0
持续,0.0,9.0,0.0,1.0
期内,0.0,6.0,0.0,1.0
类似,3.0,0.0,1.0,0.0
《,3.0,3.0,0.5,0.5
科罗拉多州,3.0,0.0,1.0,0.0
1GW,0.0,3.0,0.0,1.0
合肥,0.0,3.0,0.0,1.0
除,3.0,0.0,1.0,0.0
亿美元,3.0,6.0,0.3333333333333333,0.6666666666666666
首选,0.0,3.0,0.0,1.0
大热,0.0,3.0,0.0,1.0
装机,0.0,6.0,0.0,1.0
要点,0.0,3.0,0.0,1.0
今年,3.0,0.0,1.0,0.0
蓝膜,0.0,3.0,0.0,1.0
马斯克,0.0,6.0,0.0,1.0
分别,3.0,0.0,1.0,0.0
生产商,0.0,3.0,0.0,1.0
框架,0.0,3.0,0.0,1.0
未来,0.0,6.0,0.0,1.0
拟,0.0,3.0,0.0,1.0
kpic,0.0,3.0,0.0,1.0
比,0.0,6.0,0.0,1.0
总,3.0,3.0,0.5,0.5
G3P,3.0,0.0,1.0,0.0
<,0.0,3.0,0.0,1.0
太极集团,0.0,6.0,0.0,1.0
总部,3.0,0.0,1.0,0.0
存储,0.0,3.0,0.0,1.0
硅片,0.0,6.0,0.0,1.0
管理,3.0,6.0,0.3333333333333333,0.6666666666666666
WakeSun,9.0,0.0,1.0,0.0
磁控溅射,0.0,6.0,0.0,1.0
png,0.0,3.0,0.0,1.0
煤机,0.0,3.0,0.0,1.0
据称,3.0,0.0,1.0,0.0
智慧,12.0,0.0,1.0,0.0
联合,0.0,3.0,0.0,1.0
极大,0.0,6.0,0.0,1.0
还是,0.0,3.0,0.0,1.0
国内,2.0,9.0,0.18181818181818182,0.8181818181818182
还有,3.0,3.0,0.5,0.5
业绩,7.0,12.0,0.3684210526315789,0.631578947368421
创建,0.0,3.0,0.0,1.0
彭小峰,0.0,3.0,0.0,1.0
实行,3.0,0.0,1.0,0.0
加工成本,0.0,3.0,0.0,1.0
CEFC,0.0,3.0,0.0,1.0
际华,0.0,3.0,0.0,1.0
公开,0.0,6.0,0.0,1.0
发展,9.0,12.0,0.42857142857142855,0.5714285714285714
说法,3.0,0.0,1.0,0.0
到访,3.0,0.0,1.0,0.0
特性,3.0,0.0,1.0,0.0
上交所,0.0,3.0,0.0,1.0
50,0.0,3.0,0.0,1.0
万股,0.0,3.0,0.0,1.0
?,0.0,3.0,0.0,1.0
为,17.0,12.0,0.5862068965517241,0.41379310344827586
增长,0.0,27.0,0.0,1.0
同期,0.0,9.0,0.0,1.0
Yogendra,3.0,0.0,1.0,0.0
com,0.0,3.0,0.0,1.0
151,0.0,3.0,0.0,1.0
离网,3.0,0.0,1.0,0.0
损益,0.0,6.0,0.0,1.0
；,6.0,15.0,0.2857142857142857,0.7142857142857143
包,0.0,6.0,0.0,1.0
SunShare,9.0,0.0,1.0,0.0
光,3.0,6.0,0.3333333333333333,0.6666666666666666
片,0.0,18.0,0.0,1.0
相关,0.0,3.0,0.0,1.0
调峰,3.0,0.0,1.0,0.0
专业,0.0,3.0,0.0,1.0
盈利,0.0,9.0,0.0,1.0
■,0.0,3.0,0.0,1.0
Roof,3.0,0.0,1.0,0.0
南,0.0,3.0,0.0,1.0
利润,0.0,6.0,0.0,1.0
都,0.0,3.0,0.0,1.0
作为,3.0,10.0,0.23076923076923078,0.7692307692307693
如何,0.0,3.0,0.0,1.0
体积,3.0,0.0,1.0,0.0
日联,0.0,3.0,0.0,1.0
pic430,0.0,3.0,0.0,1.0
大力发展,3.0,0.0,1.0,0.0
向,0.0,3.0,0.0,1.0
加强,3.0,0.0,1.0,0.0
快速增长,5.0,0.0,1.0,0.0
官网,0.0,3.0,0.0,1.0
逐渐,0.0,3.0,0.0,1.0
生物质,0.0,6.0,0.0,1.0
监管,0.0,3.0,0.0,1.0
单晶硅,0.0,24.0,0.0,1.0
3,3.0,9.0,0.25,0.75
之外,3.0,0.0,1.0,0.0
42.8,0.0,1.0,0.0,1.0
PN,0.0,3.0,0.0,1.0
时代,0.0,3.0,0.0,1.0
基本,0.0,3.0,0.0,1.0
借壳,0.0,3.0,0.0,1.0
黄明,0.0,3.0,0.0,1.0
开发,15.0,15.0,0.5,0.5
超过,3.0,6.0,0.3333333333333333,0.6666666666666666
永祥,0.0,3.0,0.0,1.0
相信,0.0,3.0,0.0,1.0
需求,3.0,0.0,1.0,0.0
低于,0.0,3.0,0.0,1.0
光电,0.0,9.0,0.0,1.0
动向,0.0,3.0,0.0,1.0
推广应用,0.0,3.0,0.0,1.0
正为,3.0,0.0,1.0,0.0
持有,0.0,3.0,0.0,1.0
极度,0.0,3.0,0.0,1.0
承建,6.0,0.0,1.0,0.0
相当,3.0,0.0,1.0,0.0
效率,3.0,0.0,1.0,0.0
互联网,3.0,0.0,1.0,0.0
网,0.0,1.0,0.0,1.0
当期,0.0,3.0,0.0,1.0
德州,0.0,3.0,0.0,1.0
土地,3.0,0.0,1.0,0.0
售价,6.0,0.0,1.0,0.0
外,3.0,3.0,0.5,0.5
销售业务,0.0,3.0,0.0,1.0
太阳光,0.0,3.0,0.0,1.0
32,3.0,0.0,1.0,0.0
40MW,0.0,1.0,0.0,1.0
000591,57.0,69.0,0.4523809523809524,0.5476190476190477
总监,3.0,0.0,1.0,0.0
Electricals,3.0,0.0,1.0,0.0
夏普,9.0,0.0,1.0,0.0
收益率,3.0,0.0,1.0,0.0
1.90,6.0,0.0,1.0,0.0
预计,0.0,15.0,0.0,1.0
符合,0.0,3.0,0.0,1.0
基金,0.0,3.0,0.0,1.0
整个,3.0,0.0,1.0,0.0
特斯拉,3.0,6.0,0.3333333333333333,0.6666666666666666
选择,6.0,0.0,1.0,0.0
到,0.0,3.0,0.0,1.0
第一家,0.0,6.0,0.0,1.0
单元,0.0,3.0,0.0,1.0
维持,0.0,3.0,0.0,1.0
国内外,0.0,3.0,0.0,1.0
合作伙伴,3.0,3.0,0.5,0.5
泓,0.0,3.0,0.0,1.0
硕人,0.0,3.0,0.0,1.0
),24.0,36.0,0.4,0.6
事业部,3.0,0.0,1.0,0.0
FlexRack,15.0,0.0,1.0,0.0
金融,0.0,3.0,0.0,1.0
大型,3.0,6.0,0.3333333333333333,0.6666666666666666
把,0.0,6.0,0.0,1.0
外形,3.0,0.0,1.0,0.0
国家,6.0,3.0,0.6666666666666666,0.3333333333333333
81.5,0.0,3.0,0.0,1.0
BHEL,6.0,0.0,1.0,0.0
秉承,0.0,3.0,0.0,1.0
部分,3.0,6.0,0.3333333333333333,0.6666666666666666
受让,0.0,3.0,0.0,1.0
专利,0.0,3.0,0.0,1.0
SPF,0.0,3.0,0.0,1.0
看到,0.0,3.0,0.0,1.0
水电,6.0,3.0,0.6666666666666666,0.3333333333333333
企业,9.0,18.0,0.3333333333333333,0.6666666666666666
最新,6.0,0.0,1.0,0.0
》,3.0,3.0,0.5,0.5
卷材,0.0,3.0,0.0,1.0
联邦,3.0,0.0,1.0,0.0
2014,0.0,9.0,0.0,1.0
发布,0.0,9.0,0.0,1.0
Steve,3.0,0.0,1.0,0.0
电工,3.0,0.0,1.0,0.0
努力,3.0,0.0,1.0,0.0
2017,0.0,30.0,0.0,1.0
产业链,0.0,6.0,0.0,1.0
形势,3.0,0.0,1.0,0.0
清洗,0.0,3.0,0.0,1.0
2003,0.0,3.0,0.0,1.0
会,0.0,9.0,0.0,1.0
一种,3.0,3.0,0.5,0.5
推动,0.0,3.0,0.0,1.0
风电,6.0,6.0,0.5,0.5
四通,0.0,3.0,0.0,1.0
增加,0.0,6.0,0.0,1.0
独立,0.0,3.0,0.0,1.0
并网,0.0,3.0,0.0,1.0
顾问,0.0,3.0,0.0,1.0
标包,0.0,3.0,0.0,1.0
带材,0.0,3.0,0.0,1.0
制样,0.0,3.0,0.0,1.0
跟踪器,9.0,0.0,1.0,0.0
股权,0.0,3.0,0.0,1.0
省内,3.0,0.0,1.0,0.0
燃料电池,9.0,0.0,1.0,0.0
受到,3.0,3.0,0.5,0.5
金马,0.0,3.0,0.0,1.0
5,6.0,12.0,0.3333333333333333,0.6666666666666666
制造商,3.0,0.0,1.0,0.0
营业,0.0,12.0,0.0,1.0
亏损,0.0,6.0,0.0,1.0
立即,0.0,3.0,0.0,1.0
解决方案,6.0,0.0,1.0,0.0
单体,6.0,3.0,0.6666666666666666,0.3333333333333333
商务,0.0,3.0,0.0,1.0
3.2,0.0,6.0,0.0,1.0
代名词,3.0,0.0,1.0,0.0
优质服务,0.0,3.0,0.0,1.0
还要,3.0,0.0,1.0,0.0
由,9.0,6.0,0.6,0.4
来源,12.0,6.0,0.6666666666666666,0.3333333333333333
吸热,0.0,3.0,0.0,1.0
7MW,3.0,0.0,1.0,0.0
万美元,3.0,3.0,0.5,0.5
同时,0.0,9.0,0.0,1.0
拖累,0.0,3.0,0.0,1.0
实现目标,3.0,0.0,1.0,0.0
绿能,0.0,3.0,0.0,1.0
过剩,0.0,3.0,0.0,1.0
月,12.0,24.0,0.3333333333333333,0.6666666666666666
列,0.0,3.0,0.0,1.0
债务,0.0,3.0,0.0,1.0
人,0.0,3.0,0.0,1.0
70,3.0,0.0,1.0,0.0
两次,0.0,3.0,0.0,1.0
特变,3.0,0.0,1.0,0.0
最,0.0,6.0,0.0,1.0
Aquila,3.0,0.0,1.0,0.0
日后,6.0,0.0,1.0,0.0
天才,0.0,3.0,0.0,1.0
高新技术,0.0,3.0,0.0,1.0
至今,0.0,3.0,0.0,1.0
专家,0.0,3.0,0.0,1.0
ITO,0.0,3.0,0.0,1.0
推进,0.0,3.0,0.0,1.0
专用,0.0,3.0,0.0,1.0
http,0.0,3.0,0.0,1.0
曾,3.0,0.0,1.0,0.0
要求,3.0,0.0,1.0,0.0
片为,0.0,3.0,0.0,1.0
位,0.0,3.0,0.0,1.0
报告,0.0,6.0,0.0,1.0
大约,0.0,3.0,0.0,1.0
德国,3.0,0.0,1.0,0.0
19.37,0.0,3.0,0.0,1.0
时间,3.0,0.0,1.0,0.0
第一条,0.0,9.0,0.0,1.0
—,12.0,6.0,0.6666666666666666,0.3333333333333333
等,9.0,18.0,0.3333333333333333,0.6666666666666666
超级,0.0,6.0,0.0,1.0
门槛,0.0,3.0,0.0,1.0
高度重视,0.0,3.0,0.0,1.0
物流,3.0,0.0,1.0,0.0
基底,0.0,3.0,0.0,1.0
日讯,0.0,3.0,0.0,1.0
500,0.0,3.0,0.0,1.0
通用,0.0,3.0,0.0,1.0
工程,0.0,15.0,0.0,1.0
承包,0.0,3.0,0.0,1.0
电气,0.0,3.0,0.0,1.0
当地,6.0,0.0,1.0,0.0
控股,0.0,12.0,0.0,1.0
通过,9.0,6.0,0.6,0.4
更好,3.0,3.0,0.5,0.5
桐君阁,0.0,6.0,0.0,1.0
科学技术,0.0,3.0,0.0,1.0
携,0.0,3.0,0.0,1.0
上周二,0.0,3.0,0.0,1.0
之一,2.0,0.0,1.0,0.0
重组,0.0,6.0,0.0,1.0
领先地位,0.0,3.0,0.0,1.0
两个,3.0,0.0,1.0,0.0
领域,9.0,12.0,0.42857142857142855,0.5714285714285714
电池,18.0,66.0,0.21428571428571427,0.7857142857142857
特朗普,3.0,0.0,1.0,0.0
该,12.0,3.0,0.8,0.2
海外,3.0,0.0,1.0,0.0
明显,0.0,3.0,0.0,1.0
百日,3.0,0.0,1.0,0.0
份额,0.0,6.0,0.0,1.0
大量,2.0,0.0,1.0,0.0
应对,3.0,0.0,1.0,0.0
2023,3.0,0.0,1.0,0.0
支付,0.0,3.0,0.0,1.0
重大,6.0,0.0,1.0,0.0
建设,3.0,12.0,0.2,0.8
160,0.0,3.0,0.0,1.0
十条,0.0,3.0,0.0,1.0
无线网络,3.0,0.0,1.0,0.0
耗时,6.0,0.0,1.0,0.0
煤矿,3.0,0.0,1.0,0.0
报,0.0,6.0,0.0,1.0
高难度,3.0,0.0,1.0,0.0
增强,3.0,0.0,1.0,0.0
为期,0.0,3.0,0.0,1.0
蒙斯特,0.0,3.0,0.0,1.0
后,0.0,18.0,0.0,1.0
本,3.0,0.0,1.0,0.0
个人电脑,3.0,0.0,1.0,0.0
规模,3.0,6.0,0.3333333333333333,0.6666666666666666
内,6.0,6.0,0.5,0.5
主导,0.0,3.0,0.0,1.0
万块,6.0,0.0,1.0,0.0
城市,3.0,3.0,0.5,0.5
土耳其,3.0,0.0,1.0,0.0
储备,14.0,0.0,1.0,0.0
屋顶,6.0,0.0,1.0,0.0
属地,3.0,0.0,1.0,0.0
厂房,0.0,6.0,0.0,1.0
预告,0.0,6.0,0.0,1.0
占,0.0,12.0,0.0,1.0
充裕,3.0,0.0,1.0,0.0
继续,0.0,6.0,0.0,1.0
嘉宾,3.0,0.0,1.0,0.0
保障,5.0,0.0,1.0,0.0
四期,0.0,3.0,0.0,1.0
从事,0.0,12.0,0.0,1.0
微不足道,3.0,0.0,1.0,0.0
中电科,0.0,3.0,0.0,1.0
能够,3.0,6.0,0.3333333333333333,0.6666666666666666
Model,6.0,0.0,1.0,0.0
大规模,6.0,3.0,0.6666666666666666,0.3333333333333333
产能,0.0,6.0,0.0,1.0
股价,6.0,3.0,0.6666666666666666,0.3333333333333333
雨水,3.0,0.0,1.0,0.0
领先,0.0,3.0,0.0,1.0
怀疑,0.0,3.0,0.0,1.0
无污染,0.0,3.0,0.0,1.0
MW,6.0,1.0,0.8571428571428571,0.14285714285714285
Joseph,0.0,3.0,0.0,1.0
竞争,0.0,3.0,0.0,1.0
连续,9.0,3.0,0.75,0.25
截至,0.0,3.0,0.0,1.0
完工,9.0,3.0,0.75,0.25
亚利桑那,0.0,3.0,0.0,1.0
目前,0.0,6.0,0.0,1.0
行,0.0,3.0,0.0,1.0
收音机,3.0,0.0,1.0,0.0
低碳,3.0,0.0,1.0,0.0
上市公司,0.0,15.0,0.0,1.0
改变,3.0,3.0,0.5,0.5
巨人,0.0,3.0,0.0,1.0
调整,3.0,3.0,0.5,0.5
正由,6.0,0.0,1.0,0.0
旗下,6.0,3.0,0.6666666666666666,0.3333333333333333
一座,3.0,0.0,1.0,0.0
公告,0.0,6.0,0.0,1.0
共,6.0,0.0,1.0,0.0
31,0.0,3.0,0.0,1.0
180,0.0,3.0,0.0,1.0
使,0.0,6.0,0.0,1.0
Wi,3.0,0.0,1.0,0.0
买入,12.0,15.0,0.4444444444444444,0.5555555555555556
创始人,0.0,6.0,0.0,1.0
43.3,0.0,3.0,0.0,1.0
做,0.0,6.0,0.0,1.0
促使,0.0,3.0,0.0,1.0
精力,0.0,3.0,0.0,1.0
年报,0.0,15.0,0.0,1.0
上网,3.0,0.0,1.0,0.0
龙头企业,6.0,0.0,1.0,0.0
巴菲特,0.0,9.0,0.0,1.0
系统,12.0,9.0,0.5714285714285714,0.42857142857142855
毛利率,0.0,3.0,0.0,1.0
工厂,3.0,0.0,1.0,0.0
透过,0.0,3.0,0.0,1.0
其中,12.0,6.0,0.6666666666666666,0.3333333333333333
现阶段,3.0,0.0,1.0,0.0
且,3.0,0.0,1.0,0.0
展台,3.0,0.0,1.0,0.0
可能,3.0,0.0,1.0,0.0
Bloom,9.0,0.0,1.0,0.0
Peak,3.0,0.0,1.0,0.0
问询,0.0,3.0,0.0,1.0
第二,0.0,6.0,0.0,1.0
润玛,0.0,3.0,0.0,1.0
澳大利亚,0.0,3.0,0.0,1.0
晶盛,0.0,6.0,0.0,1.0
中央,0.0,3.0,0.0,1.0
根据,0.0,6.0,0.0,1.0
化,0.0,3.0,0.0,1.0
固定,3.0,0.0,1.0,0.0
改善,3.0,0.0,1.0,0.0
质量,3.0,0.0,1.0,0.0
新型,3.0,12.0,0.2,0.8
购买,3.0,0.0,1.0,0.0
服务,6.0,3.0,0.6666666666666666,0.3333333333333333
可以,0.0,6.0,0.0,1.0
处为,0.0,3.0,0.0,1.0
基地,3.0,3.0,0.5,0.5
应收,0.0,3.0,0.0,1.0
原料,3.0,0.0,1.0,0.0
推广,0.0,3.0,0.0,1.0
执政,3.0,0.0,1.0,0.0
电源,6.0,0.0,1.0,0.0
本报记者,0.0,3.0,0.0,1.0
小,0.0,3.0,0.0,1.0
生产能力,0.0,3.0,0.0,1.0
现金,0.0,6.0,0.0,1.0
之际,3.0,0.0,1.0,0.0
安装,9.0,0.0,1.0,0.0
、,66.0,99.0,0.4,0.6
程度,3.0,0.0,1.0,0.0
全国,0.0,6.0,0.0,1.0
两日,6.0,0.0,1.0,0.0
多个,9.0,0.0,1.0,0.0
多轮,3.0,0.0,1.0,0.0
使命,0.0,3.0,0.0,1.0
：,20.0,3.0,0.8695652173913043,0.13043478260869565
渴望,0.0,3.0,0.0,1.0
解析,0.0,3.0,0.0,1.0
制造,6.0,12.0,0.3333333333333333,0.6666666666666666
晚间,0.0,3.0,0.0,1.0
业,0.0,3.0,0.0,1.0
副,3.0,0.0,1.0,0.0
当然,0.0,3.0,0.0,1.0
手机,3.0,3.0,0.5,0.5
我国,6.0,0.0,1.0,0.0
从,0.0,3.0,0.0,1.0
States,3.0,0.0,1.0,0.0
希尔,0.0,3.0,0.0,1.0
全年,0.0,3.0,0.0,1.0
中,0.0,37.0,0.0,1.0
）,45.0,66.0,0.40540540540540543,0.5945945945945946
账款,0.0,3.0,0.0,1.0
供应,3.0,0.0,1.0,0.0
硬件,3.0,0.0,1.0,0.0
最高,3.0,0.0,1.0,0.0
94.34,0.0,3.0,0.0,1.0
6,0.0,6.0,0.0,1.0
家园,0.0,3.0,0.0,1.0
正在,3.0,3.0,0.5,0.5
节能,0.0,43.0,0.0,1.0
先后,3.0,0.0,1.0,0.0
形成,0.0,3.0,0.0,1.0
有效,3.0,3.0,0.5,0.5
中标,0.0,3.0,0.0,1.0
智能,3.0,3.0,0.5,0.5
销量,0.0,6.0,0.0,1.0
丹麦,0.0,3.0,0.0,1.0
关键,3.0,0.0,1.0,0.0
人类,0.0,3.0,0.0,1.0
监控,3.0,0.0,1.0,0.0
上市,0.0,6.0,0.0,1.0
万吨,0.0,6.0,0.0,1.0
后续,3.0,0.0,1.0,0.0
委员会,0.0,3.0,0.0,1.0
商务考察,0.0,3.0,0.0,1.0
运行,3.0,0.0,1.0,0.0
即约,0.0,3.0,0.0,1.0
技改,0.0,3.0,0.0,1.0
上游,0.0,3.0,0.0,1.0
正,3.0,0.0,1.0,0.0
三菱,0.0,3.0,0.0,1.0
配套,0.0,3.0,0.0,1.0
两大,0.0,6.0,0.0,1.0
五年,0.0,3.0,0.0,1.0
集团公司,0.0,3.0,0.0,1.0
一直,0.0,3.0,0.0,1.0
Powerwall,6.0,0.0,1.0,0.0
认证,0.0,3.0,0.0,1.0
源于,3.0,0.0,1.0,0.0
值得一提的是,0.0,3.0,0.0,1.0
第三,0.0,6.0,0.0,1.0
曾经,0.0,3.0,0.0,1.0
80,3.0,3.0,0.5,0.5
建筑,3.0,0.0,1.0,0.0
16,6.0,3.0,0.6666666666666666,0.3333333333333333
事实上,0.0,3.0,0.0,1.0
立式,0.0,3.0,0.0,1.0
IMAGE,0.0,3.0,0.0,1.0
玻璃,0.0,6.0,0.0,1.0
市场,3.0,9.0,0.25,0.75
保持,0.0,3.0,0.0,1.0
问题,0.0,3.0,0.0,1.0
操作,0.0,3.0,0.0,1.0
太阳能,128.0,220.0,0.367816091954023,0.632183908045977
仅,0.0,3.0,0.0,1.0
希腊,3.0,0.0,1.0,0.0
目标,3.0,0.0,1.0,0.0
占有,0.0,3.0,0.0,1.0
分布,0.0,3.0,0.0,1.0
显示器,3.0,0.0,1.0,0.0
图片,9.0,0.0,1.0,0.0
用,0.0,6.0,0.0,1.0
联网,3.0,0.0,1.0,0.0
兆瓦,3.0,0.0,1.0,0.0
丰富,3.0,0.0,1.0,0.0
丹佛,0.0,3.0,0.0,1.0
每股,6.0,0.0,1.0,0.0
借壳上市,0.0,6.0,0.0,1.0
在,27.0,51.0,0.34615384615384615,0.6538461538461539
1.94,0.0,3.0,0.0,1.0
更新,0.0,3.0,0.0,1.0
一个,0.0,3.0,0.0,1.0
5492.62,0.0,3.0,0.0,1.0
地位,0.0,3.0,0.0,1.0
中山,0.0,3.0,0.0,1.0
19,0.0,6.0,0.0,1.0
参众两院,0.0,3.0,0.0,1.0
净利润,0.0,24.0,0.0,1.0
境内,6.0,0.0,1.0,0.0
后市,0.0,3.0,0.0,1.0
亚洲,6.0,0.0,1.0,0.0
扩大,0.0,3.0,0.0,1.0
汇聚,0.0,3.0,0.0,1.0
车间,0.0,6.0,0.0,1.0
多用途,0.0,6.0,0.0,1.0
恒大,0.0,3.0,0.0,1.0
告知,0.0,3.0,0.0,1.0
计费,0.0,3.0,0.0,1.0
透露,3.0,3.0,0.5,0.5
现在,3.0,0.0,1.0,0.0
亿晶,0.0,6.0,0.0,1.0
趋势,0.0,3.0,0.0,1.0
还会,0.0,3.0,0.0,1.0
研发,3.0,15.0,0.16666666666666666,0.8333333333333334
整合,0.0,6.0,0.0,1.0
整体,3.0,0.0,1.0,0.0
7488,0.0,3.0,0.0,1.0
叫停,0.0,3.0,0.0,1.0
社会,0.0,3.0,0.0,1.0
下降,3.0,12.0,0.2,0.8
自动化,0.0,6.0,0.0,1.0
风险,3.0,0.0,1.0,0.0
a,0.0,3.0,0.0,1.0
东南亚,3.0,0.0,1.0,0.0
应用,0.0,6.0,0.0,1.0
1800,0.0,3.0,0.0,1.0
复杂,3.0,0.0,1.0,0.0
日本,3.0,0.0,1.0,0.0
通威,0.0,6.0,0.0,1.0
储能,0.0,3.0,0.0,1.0
镜阵,0.0,6.0,0.0,1.0
伯克,0.0,3.0,0.0,1.0
协议,0.0,3.0,0.0,1.0
年,9.0,87.0,0.09375,0.90625
反射,0.0,3.0,0.0,1.0
中环,0.0,3.0,0.0,1.0
1.7,0.0,3.0,0.0,1.0
协作,0.0,3.0,0.0,1.0
使得,0.0,6.0,0.0,1.0
吨,0.0,6.0,0.0,1.0
产品,6.0,36.0,0.14285714285714285,0.8571428571428571
/,6.0,33.0,0.15384615384615385,0.8461538461538461
一字板,6.0,0.0,1.0,0.0
常州,0.0,3.0,0.0,1.0
很大,0.0,3.0,0.0,1.0
Bharat,3.0,0.0,1.0,0.0
光环,3.0,0.0,1.0,0.0
国,3.0,0.0,1.0,0.0
45.2,0.0,3.0,0.0,1.0
报表,0.0,3.0,0.0,1.0
大部分,3.0,0.0,1.0,0.0
公司,41.0,90.0,0.31297709923664124,0.6870229007633588
指定,0.0,6.0,0.0,1.0
类型,3.0,0.0,1.0,0.0
归属于,0.0,12.0,0.0,1.0
大,0.0,3.0,0.0,1.0
Energy,12.0,0.0,1.0,0.0
不可,0.0,3.0,0.0,1.0
技术创新,0.0,3.0,0.0,1.0
战略,0.0,9.0,0.0,1.0
累计,3.0,0.0,1.0,0.0
地面,3.0,0.0,1.0,0.0
半年报,0.0,3.0,0.0,1.0
蚀刻,0.0,3.0,0.0,1.0
结,0.0,3.0,0.0,1.0
显示,0.0,18.0,0.0,1.0
中国,3.0,24.0,0.1111111111111111,0.8888888888888888
传统,3.0,3.0,0.5,0.5
电能,0.0,3.0,0.0,1.0
jpg,0.0,3.0,0.0,1.0
布局,0.0,3.0,0.0,1.0
为主,0.0,3.0,0.0,1.0
一家,3.0,3.0,0.5,0.5
群,3.0,0.0,1.0,0.0
项目,77.0,12.0,0.8651685393258427,0.1348314606741573
板块,0.0,24.0,0.0,1.0
并,6.0,10.0,0.375,0.625
一定,0.0,3.0,0.0,1.0
降低,9.0,0.0,1.0,0.0
仍为,0.0,3.0,0.0,1.0
E,0.0,3.0,0.0,1.0
已经,3.0,15.0,0.16666666666666666,0.8333333333333334
大幅,3.0,3.0,0.5,0.5
交流,3.0,15.0,0.16666666666666666,0.8333333333333334
对,3.0,15.0,0.16666666666666666,0.8333333333333334
垄断性,0.0,3.0,0.0,1.0
已,12.0,3.0,0.8,0.2
得,0.0,3.0,0.0,1.0
简称,0.0,3.0,0.0,1.0
有效期,0.0,3.0,0.0,1.0
qushi,0.0,3.0,0.0,1.0
近期,3.0,0.0,1.0,0.0
依靠,0.0,3.0,0.0,1.0
设定,0.0,3.0,0.0,1.0
0.5,0.0,3.0,0.0,1.0
用于,0.0,3.0,0.0,1.0
金融公司,0.0,3.0,0.0,1.0
新能源,3.0,18.0,0.14285714285714285,0.8571428571428571
当,0.0,3.0,0.0,1.0
行业,3.0,15.0,0.16666666666666666,0.8333333333333334
%,24.0,51.0,0.32,0.68
共同,0.0,3.0,0.0,1.0
好,9.0,0.0,1.0,0.0
印度,6.0,3.0,0.6666666666666666,0.3333333333333333
产出,3.0,0.0,1.0,0.0
超大规模,0.0,3.0,0.0,1.0
沿线,6.0,0.0,1.0,0.0
imgs,0.0,3.0,0.0,1.0
供电,3.0,0.0,1.0,0.0
清晨,0.0,3.0,0.0,1.0
背银年,0.0,3.0,0.0,1.0
子公司,3.0,12.0,0.2,0.8
支架,12.0,0.0,1.0,0.0
两,3.0,0.0,1.0,0.0
高,0.0,3.0,0.0,1.0
第一部,6.0,0.0,1.0,0.0
一处,3.0,0.0,1.0,0.0
进一步,3.0,3.0,0.5,0.5
披露,6.0,0.0,1.0,0.0
Solar,18.0,12.0,0.6,0.4
摘要,0.0,3.0,0.0,1.0
以,3.0,9.0,0.25,0.75
客户,3.0,3.0,0.5,0.5
面临,3.0,0.0,1.0,0.0
一百余年,3.0,0.0,1.0,0.0
启动,3.0,0.0,1.0,0.0
效应,3.0,3.0,0.5,0.5
过,0.0,3.0,0.0,1.0
纯,0.0,3.0,0.0,1.0
转化,0.0,3.0,0.0,1.0
面对,0.0,3.0,0.0,1.0
37B,3.0,0.0,1.0,0.0
无人驾驶,3.0,0.0,1.0,0.0
最终,0.0,1.0,0.0,1.0
发电,16.0,51.0,0.23880597014925373,0.7611940298507462
分道扬镳,0.0,3.0,0.0,1.0
不得不,3.0,0.0,1.0,0.0
宣布,3.0,3.0,0.5,0.5
适合,0.0,3.0,0.0,1.0
其,9.0,6.0,0.6,0.4
进行,12.0,15.0,0.4444444444444444,0.5555555555555556
措施,3.0,0.0,1.0,0.0
180MW,3.0,0.0,1.0,0.0
跌停,6.0,0.0,1.0,0.0
姓名,3.0,0.0,1.0,0.0
独角兽,3.0,0.0,1.0,0.0
真空,0.0,6.0,0.0,1.0
均,3.0,3.0,0.5,0.5
具有,0.0,3.0,0.0,1.0
比如,3.0,3.0,0.5,0.5
cn,0.0,3.0,0.0,1.0
60,0.0,3.0,0.0,1.0
取代,3.0,0.0,1.0,0.0
两座,6.0,3.0,0.6666666666666666,0.3333333333333333
36.3,0.0,3.0,0.0,1.0
了解,3.0,3.0,0.5,0.5
成功,0.0,4.0,0.0,1.0
山地,3.0,0.0,1.0,0.0
央企,0.0,3.0,0.0,1.0
18,0.0,3.0,0.0,1.0
伊斯法罕,6.0,0.0,1.0,0.0
风能,6.0,21.0,0.2222222222222222,0.7777777777777778
4.04,3.0,0.0,1.0,0.0
热点,3.0,0.0,1.0,0.0
Athos,3.0,0.0,1.0,0.0
速度,3.0,0.0,1.0,0.0
中科,0.0,3.0,0.0,1.0
1994,0.0,3.0,0.0,1.0
议题,0.0,3.0,0.0,1.0
实现,6.0,30.0,0.16666666666666666,0.8333333333333334
唯一,0.0,3.0,0.0,1.0
认为,3.0,6.0,0.3333333333333333,0.6666666666666666
凭借,3.0,0.0,1.0,0.0
渔光,3.0,0.0,1.0,0.0
经常性,0.0,6.0,0.0,1.0
先进,0.0,3.0,0.0,1.0
年度,0.0,6.0,0.0,1.0
电信公司,3.0,0.0,1.0,0.0
调试,3.0,0.0,1.0,0.0
绿色,3.0,9.0,0.25,0.75
创新,3.0,0.0,1.0,0.0
对于,0.0,6.0,0.0,1.0
涉及,6.0,0.0,1.0,0.0
多,3.0,0.0,1.0,0.0
铝,0.0,6.0,0.0,1.0
电视机,3.0,0.0,1.0,0.0
查看,0.0,3.0,0.0,1.0
转售,3.0,0.0,1.0,0.0
业界,0.0,3.0,0.0,1.0
扭亏,3.0,0.0,1.0,0.0
大会,0.0,3.0,0.0,1.0
7,0.0,6.0,0.0,1.0
包括,9.0,3.0,0.75,0.25
将,0.0,21.0,0.0,1.0
位于,9.0,0.0,1.0,0.0
这家,0.0,3.0,0.0,1.0
随着,0.0,3.0,0.0,1.0
A股,2.0,3.0,0.4,0.6
批量生产,0.0,6.0,0.0,1.0
据,6.0,3.0,0.6666666666666666,0.3333333333333333
季报,0.0,3.0,0.0,1.0
东京,0.0,3.0,0.0,1.0
高标准,3.0,0.0,1.0,0.0
伊朗,15.0,0.0,1.0,0.0
社区,24.0,0.0,1.0,0.0
美元,3.0,0.0,1.0,0.0
分布式,0.0,3.0,0.0,1.0
研究,0.0,9.0,0.0,1.0
买下来,0.0,3.0,0.0,1.0
配电,3.0,0.0,1.0,0.0
生产线,0.0,18.0,0.0,1.0
税务,0.0,3.0,0.0,1.0
海润,6.0,0.0,1.0,0.0
采购,6.0,3.0,0.6666666666666666,0.3333333333333333
合作方,0.0,1.0,0.0,1.0
第二批,0.0,3.0,0.0,1.0
TFT,0.0,3.0,0.0,1.0
Daniel,3.0,0.0,1.0,0.0
所,6.0,3.0,0.6666666666666666,0.3333333333333333
空调,3.0,0.0,1.0,0.0
组件,6.0,10.0,0.375,0.625
成,2.0,0.0,1.0,0.0
标的,0.0,3.0,0.0,1.0
上海,0.0,6.0,0.0,1.0
半导体,0.0,3.0,0.0,1.0
年度报告,0.0,3.0,0.0,1.0
背银,0.0,3.0,0.0,1.0
1,6.0,3.0,0.6666666666666666,0.3333333333333333
13,0.0,3.0,0.0,1.0
投资,8.0,30.0,0.21052631578947367,0.7894736842105263
各界,0.0,3.0,0.0,1.0
群发,0.0,6.0,0.0,1.0
交通,3.0,0.0,1.0,0.0
花园,6.0,0.0,1.0,0.0
1.6,0.0,3.0,0.0,1.0
优势,0.0,3.0,0.0,1.0
74,3.0,0.0,1.0,0.0
上,3.0,15.0,0.16666666666666666,0.8333333333333334
互补,3.0,0.0,1.0,0.0
成立,0.0,3.0,0.0,1.0
主力,2.0,0.0,1.0,0.0
带来,0.0,3.0,0.0,1.0
正银,0.0,3.0,0.0,1.0
获利,6.0,0.0,1.0,0.0
实施,0.0,3.0,0.0,1.0
储存,3.0,0.0,1.0,0.0
减少,0.0,6.0,0.0,1.0
工具,0.0,3.0,0.0,1.0
当前,0.0,3.0,0.0,1.0
承诺,0.0,6.0,0.0,1.0
国电,0.0,4.0,0.0,1.0
SATBA,6.0,0.0,1.0,0.0
融资,0.0,6.0,0.0,1.0
负责,0.0,6.0,0.0,1.0
单独,0.0,3.0,0.0,1.0
优质,8.0,0.0,1.0,0.0
还于,0.0,3.0,0.0,1.0
上半年,0.0,9.0,0.0,1.0
执行,3.0,0.0,1.0,0.0
过去,3.0,0.0,1.0,0.0
亿,0.0,6.0,0.0,1.0
致力于,0.0,6.0,0.0,1.0
设计,0.0,6.0,0.0,1.0
能源,30.0,21.0,0.5882352941176471,0.4117647058823529
多次,0.0,3.0,0.0,1.0
觉得,0.0,3.0,0.0,1.0
超镜,0.0,27.0,0.0,1.0
Dadra,6.0,0.0,1.0,0.0
去年,0.0,6.0,0.0,1.0
四分之一,3.0,0.0,1.0,0.0
煤电,3.0,0.0,1.0,0.0
3.9,6.0,0.0,1.0,0.0
阿拉善右旗,0.0,3.0,0.0,1.0
市场份额,0.0,3.0,0.0,1.0
市场占有率,0.0,6.0,0.0,1.0
提高,0.0,12.0,0.0,1.0
A,0.0,3.0,0.0,1.0
为集,0.0,3.0,0.0,1.0
上述,0.0,3.0,0.0,1.0
一代,0.0,3.0,0.0,1.0
分歧,0.0,3.0,0.0,1.0
Heavy,3.0,0.0,1.0,0.0
专注,2.0,3.0,0.4,0.6
机会,3.0,0.0,1.0,0.0
首份,0.0,3.0,0.0,1.0
建造,3.0,0.0,1.0,0.0
周二,3.0,0.0,1.0,0.0
下,0.0,3.0,0.0,1.0
201705101031171782836201,0.0,3.0,0.0,1.0
来说,0.0,3.0,0.0,1.0
运营,0.0,6.0,0.0,1.0
广泛,0.0,3.0,0.0,1.0
另一家,6.0,0.0,1.0,0.0
收入,0.0,27.0,0.0,1.0
提供,20.0,10.0,0.6666666666666666,0.3333333333333333
…,6.0,6.0,0.5,0.5
云联惠,0.0,9.0,0.0,1.0
BentonSun,9.0,0.0,1.0,0.0
测试,0.0,3.0,0.0,1.0
热情接待,0.0,3.0,0.0,1.0
生产工艺,0.0,3.0,0.0,1.0
一路,6.0,0.0,1.0,0.0
以下,0.0,3.0,0.0,1.0
万,0.0,6.0,0.0,1.0
Northern,3.0,0.0,1.0,0.0
新墨西哥,0.0,3.0,0.0,1.0
能力,3.0,3.0,0.5,0.5
组织,0.0,3.0,0.0,1.0
高质,0.0,3.0,0.0,1.0
产业化,0.0,3.0,0.0,1.0
但,9.0,6.0,0.6,0.4
尚未,3.0,0.0,1.0,0.0
邦,3.0,0.0,1.0,0.0
万元,0.0,3.0,0.0,1.0
组装,3.0,0.0,1.0,0.0
条件,3.0,0.0,1.0,0.0
近些年,0.0,3.0,0.0,1.0
4.7,0.0,3.0,0.0,1.0
教育,6.0,0.0,1.0,0.0
汽车,3.0,0.0,1.0,0.0
设备,0.0,6.0,0.0,1.0
于,2.0,27.0,0.06896551724137931,0.9310344827586207
提到,0.0,3.0,0.0,1.0
不断,0.0,6.0,0.0,1.0
新建,0.0,6.0,0.0,1.0
推出,3.0,3.0,0.5,0.5
力争,0.0,3.0,0.0,1.0
场址,3.0,0.0,1.0,0.0
运营商,4.0,3.0,0.5714285714285714,0.42857142857142855
长期,0.0,1.0,0.0,1.0
贡献,2.0,0.0,1.0,0.0
提出,3.0,0.0,1.0,0.0
601718,0.0,3.0,0.0,1.0
第三方,0.0,9.0,0.0,1.0
董事长,0.0,6.0,0.0,1.0
叠加,0.0,3.0,0.0,1.0
实际上,0.0,3.0,0.0,1.0
投资人,0.0,3.0,0.0,1.0
再生能源,9.0,3.0,0.75,0.25
去年同期,0.0,6.0,0.0,1.0
深度,3.0,0.0,1.0,0.0
行情,12.0,15.0,0.4444444444444444,0.5555555555555556
出货,0.0,6.0,0.0,1.0
全资,0.0,3.0,0.0,1.0
.,6.0,15.0,0.2857142857142857,0.7142857142857143
首都,3.0,0.0,1.0,0.0
空对空,0.0,3.0,0.0,1.0
超薄,0.0,3.0,0.0,1.0
空天飞机,3.0,0.0,1.0,0.0
2,6.0,12.0,0.3333333333333333,0.6666666666666666
资产,0.0,3.0,0.0,1.0
规模较,0.0,6.0,0.0,1.0
△,3.0,0.0,1.0,0.0
因拟,6.0,0.0,1.0,0.0
巨大,0.0,6.0,0.0,1.0
若干,6.0,0.0,1.0,0.0
生物质能,0.0,3.0,0.0,1.0
模式,0.0,3.0,0.0,1.0
还,0.0,9.0,0.0,1.0
税收,0.0,9.0,0.0,1.0
产生,3.0,0.0,1.0,0.0
单晶,0.0,3.0,0.0,1.0
为止,0.0,3.0,0.0,1.0
内蒙古,0.0,3.0,0.0,1.0
新,0.0,6.0,0.0,1.0
赛维,0.0,3.0,0.0,1.0
是,19.0,27.0,0.41304347826086957,0.5869565217391305
硅单晶,0.0,3.0,0.0,1.0
晶硅,6.0,3.0,0.6666666666666666,0.3333333333333333
首座,3.0,0.0,1.0,0.0
EPC,3.0,0.0,1.0,0.0
加州,0.0,3.0,0.0,1.0
助力,0.0,3.0,0.0,1.0
南亚,3.0,0.0,1.0,0.0
授权,3.0,0.0,1.0,0.0
投,0.0,4.0,0.0,1.0
水力发电,0.0,3.0,0.0,1.0
5000,0.0,3.0,0.0,1.0
约,6.0,24.0,0.2,0.8
其余,0.0,3.0,0.0,1.0
规划,3.0,0.0,1.0,0.0
2015,0.0,18.0,0.0,1.0
美国,0.0,9.0,0.0,1.0
全球,0.0,3.0,0.0,1.0
处于,0.0,3.0,0.0,1.0
做出,0.0,6.0,0.0,1.0
50MW,6.0,0.0,1.0,0.0
融合,0.0,3.0,0.0,1.0
镀膜,0.0,9.0,0.0,1.0
利用,0.0,3.0,0.0,1.0
 ,174.0,99.0,0.6373626373626373,0.3626373626373626
Metals,3.0,0.0,1.0,0.0
=,0.0,3.0,0.0,1.0
坚信,0.0,3.0,0.0,1.0
200,0.0,6.0,0.0,1.0
方面,0.0,6.0,0.0,1.0
三个,0.0,3.0,0.0,1.0
驱动,3.0,9.0,0.25,0.75
Y,6.0,0.0,1.0,0.0
39.46,0.0,3.0,0.0,1.0
气电,3.0,0.0,1.0,0.0
国家能源委员会,0.0,3.0,0.0,1.0
板,3.0,0.0,1.0,0.0
按计划,0.0,6.0,0.0,1.0
接近,0.0,3.0,0.0,1.0
银行,0.0,3.0,0.0,1.0
使用,9.0,3.0,0.75,0.25
置,0.0,3.0,0.0,1.0
浆,0.0,3.0,0.0,1.0
大幅提高,0.0,3.0,0.0,1.0
6.9,3.0,0.0,1.0,0.0
主要,3.0,21.0,0.125,0.875
部门,3.0,0.0,1.0,0.0
一行,0.0,3.0,0.0,1.0
源,0.0,3.0,0.0,1.0
一,6.0,3.0,0.6666666666666666,0.3333333333333333
20,0.0,3.0,0.0,1.0
转换,0.0,3.0,0.0,1.0
代加工,0.0,6.0,0.0,1.0
日前,6.0,0.0,1.0,0.0
报收,6.0,0.0,1.0,0.0
安,3.0,0.0,1.0,0.0
地产,0.0,3.0,0.0,1.0
达到,3.0,0.0,1.0,0.0
子项目,3.0,0.0,1.0,0.0
有限公司,0.0,28.0,0.0,1.0
进口,3.0,0.0,1.0,0.0
　,0.0,72.0,0.0,1.0
半年,0.0,3.0,0.0,1.0
转让款,0.0,3.0,0.0,1.0
非电,0.0,3.0,0.0,1.0
!,0.0,3.0,0.0,1.0
全部,0.0,9.0,0.0,1.0
>,0.0,6.0,0.0,1.0
微网,0.0,3.0,0.0,1.0
一位,0.0,3.0,0.0,1.0
原因,0.0,3.0,0.0,1.0
彩色,3.0,0.0,1.0,0.0
参观,0.0,6.0,0.0,1.0
预,3.0,0.0,1.0,0.0
达,3.0,6.0,0.3333333333333333,0.6666666666666666
地区,15.0,0.0,1.0,0.0
多处,3.0,0.0,1.0,0.0
成为,0.0,3.0,0.0,1.0
十分高兴,3.0,0.0,1.0,0.0
商机,3.0,0.0,1.0,0.0
集团,0.0,6.0,0.0,1.0
切片,0.0,3.0,0.0,1.0
100,3.0,3.0,0.5,0.5
可,21.0,18.0,0.5384615384615384,0.46153846153846156
能源安全,3.0,0.0,1.0,0.0
分掉,0.0,3.0,0.0,1.0
智能家居,3.0,0.0,1.0,0.0
用之不竭,0.0,3.0,0.0,1.0
航天飞机,6.0,0.0,1.0,0.0
并且,3.0,0.0,1.0,0.0
Airtel,3.0,0.0,1.0,0.0
煤化工,0.0,3.0,0.0,1.0
彼时,0.0,3.0,0.0,1.0
上年,0.0,3.0,0.0,1.0
4,6.0,9.0,0.4,0.6
30,3.0,0.0,1.0,0.0
高度赞扬,3.0,0.0,1.0,0.0
满,3.0,0.0,1.0,0.0
Ghadir,9.0,0.0,1.0,0.0
21GW,3.0,0.0,1.0,0.0
对价,0.0,3.0,0.0,1.0
技术,0.0,21.0,0.0,1.0
多元化,3.0,0.0,1.0,0.0
3MW,3.0,0.0,1.0,0.0
新兴,0.0,3.0,0.0,1.0
说,0.0,3.0,0.0,1.0
数据,0.0,3.0,0.0,1.0
Fi,3.0,0.0,1.0,0.0
外呼,0.0,6.0,0.0,1.0
等等,0.0,3.0,0.0,1.0
太空城,3.0,0.0,1.0,0.0
功率较,0.0,3.0,0.0,1.0
多晶硅,0.0,12.0,0.0,1.0
除此之外,3.0,0.0,1.0,0.0
任何,0.0,3.0,0.0,1.0
热,0.0,6.0,0.0,1.0
美德,3.0,0.0,1.0,0.0
是不是,0.0,3.0,0.0,1.0
销售,0.0,15.0,0.0,1.0
转让,0.0,3.0,0.0,1.0
资源,6.0,3.0,0.6666666666666666,0.3333333333333333
之后,3.0,0.0,1.0,0.0
面板,3.0,3.0,0.5,0.5
-,6.0,21.0,0.2222222222222222,0.7777777777777778
电力系统,0.0,6.0,0.0,1.0
2016,3.0,24.0,0.1111111111111111,0.8888888888888888
比重,0.0,3.0,0.0,1.0
没有,0.0,3.0,0.0,1.0
事项,6.0,3.0,0.6666666666666666,0.3333333333333333
吸引,3.0,0.0,1.0,0.0
资料,0.0,6.0,0.0,1.0
科技,0.0,7.0,0.0,1.0
X,3.0,0.0,1.0,0.0
到达,0.0,6.0,0.0,1.0
附件,3.0,0.0,1.0,0.0
多晶,0.0,4.0,0.0,1.0
第一台,3.0,0.0,1.0,0.0
临停,6.0,0.0,1.0,0.0
6.53,0.0,3.0,0.0,1.0
季度,3.0,0.0,1.0,0.0
电力,6.0,9.0,0.4,0.6
机构,3.0,0.0,1.0,0.0
3.6,0.0,3.0,0.0,1.0
Box,3.0,0.0,1.0,0.0
大幅度,0.0,9.0,0.0,1.0
减支,3.0,0.0,1.0,0.0
背,0.0,3.0,0.0,1.0
而且,0.0,3.0,0.0,1.0
宝由前,0.0,3.0,0.0,1.0
回款,0.0,3.0,0.0,1.0
前提,0.0,3.0,0.0,1.0
能量,0.0,3.0,0.0,1.0
签署,0.0,3.0,0.0,1.0
现有,0.0,6.0,0.0,1.0
Express,3.0,0.0,1.0,0.0
Capital,3.0,0.0,1.0,0.0
风力,0.0,6.0,0.0,1.0
收集器,3.0,0.0,1.0,0.0
天然气,3.0,0.0,1.0,0.0
金,0.0,3.0,0.0,1.0
158.69,0.0,3.0,0.0,1.0
成本,9.0,9.0,0.5,0.5
MUFG,0.0,3.0,0.0,1.0
(,21.0,36.0,0.3684210526315789,0.631578947368421
在于,3.0,0.0,1.0,0.0
images,0.0,3.0,0.0,1.0
延安,3.0,0.0,1.0,0.0
拟为,3.0,0.0,1.0,0.0
LCD,0.0,3.0,0.0,1.0
更,6.0,0.0,1.0,0.0
未,3.0,0.0,1.0,0.0
双方,3.0,3.0,0.5,0.5
表示,6.0,3.0,0.6666666666666666,0.3333333333333333
太阳城,0.0,3.0,0.0,1.0
不同,3.0,3.0,0.5,0.5
10MW,3.0,0.0,1.0,0.0
全通,0.0,9.0,0.0,1.0
SRC,0.0,3.0,0.0,1.0
取之不尽,0.0,3.0,0.0,1.0
环保,3.0,9.0,0.25,0.75
批量,0.0,3.0,0.0,1.0
以及,6.0,9.0,0.4,0.6
机电,0.0,6.0,0.0,1.0
川网,0.0,3.0,0.0,1.0
电,0.0,27.0,0.0,1.0
车顶,6.0,0.0,1.0,0.0
扣除非,0.0,6.0,0.0,1.0
明尼苏达州,6.0,0.0,1.0,0.0
科技股份,0.0,6.0,0.0,1.0
材料,3.0,6.0,0.3333333333333333,0.6666666666666666
严格,3.0,0.0,1.0,0.0
巨头,3.0,3.0,0.5,0.5
巴基斯坦,3.0,0.0,1.0,0.0
按照,3.0,0.0,1.0,0.0
电站,27.0,15.0,0.6428571428571429,0.35714285714285715
国产,6.0,0.0,1.0,0.0
镇江,0.0,10.0,0.0,1.0
2.6,0.0,3.0,0.0,1.0
新增,0.0,3.0,0.0,1.0
下跌,3.0,0.0,1.0,0.0
最大,16.0,6.0,0.7272727272727273,0.2727272727272727
锁定,3.0,0.0,1.0,0.0
支撑,0.0,3.0,0.0,1.0
政策,0.0,3.0,0.0,1.0
被,12.0,3.0,0.8,0.2
Haveli,6.0,0.0,1.0,0.0
浆料,0.0,9.0,0.0,1.0
团,0.0,9.0,0.0,1.0
城等,3.0,0.0,1.0,0.0
生产,3.0,33.0,0.08333333333333333,0.9166666666666666
关注,3.0,3.0,0.5,0.5
自产自销,0.0,6.0,0.0,1.0
第一,0.0,6.0,0.0,1.0
选中,6.0,0.0,1.0,0.0
这一,3.0,3.0,0.5,0.5
财经,0.0,3.0,0.0,1.0
环节,0.0,3.0,0.0,1.0
如今,6.0,3.0,0.6666666666666666,0.3333333333333333
外围设备,0.0,6.0,0.0,1.0
孙正义,0.0,3.0,0.0,1.0
三年,0.0,3.0,0.0,1.0
复牌,6.0,0.0,1.0,0.0
这个,0.0,3.0,0.0,1.0
300316,0.0,9.0,0.0,1.0
广泛应用,0.0,3.0,0.0,1.0
GW,0.0,9.0,0.0,1.0
探索,3.0,0.0,1.0,0.0
合作,12.0,6.0,0.6666666666666666,0.3333333333333333
州,3.0,0.0,1.0,0.0
Cloud,3.0,0.0,1.0,0.0
饲料,0.0,6.0,0.0,1.0
2011,3.0,0.0,1.0,0.0
策略,3.0,0.0,1.0,0.0
除了,3.0,3.0,0.5,0.5
两条,0.0,3.0,0.0,1.0
Bharti,3.0,0.0,1.0,0.0
