日,0.0,15.0,0.0,1.0
累积,0.0,3.0,0.0,1.0
塑人,0.0,3.0,0.0,1.0
委托,0.0,3.0,0.0,1.0
走向,0.0,6.0,0.0,1.0
每人每天,0.0,3.0,0.0,1.0
历程,0.0,3.0,0.0,1.0
新品,0.0,3.0,0.0,1.0
2.62,0.0,3.0,0.0,1.0
普通人,0.0,3.0,0.0,1.0
打造出,0.0,3.0,0.0,1.0
股东,0.0,18.0,0.0,1.0
侵害,0.0,3.0,0.0,1.0
殊荣,0.0,3.0,0.0,1.0
低估,0.0,6.0,0.0,1.0
知识产权,0.0,3.0,0.0,1.0
·,0.0,9.0,0.0,1.0
颠覆,0.0,3.0,0.0,1.0
签名,0.0,3.0,0.0,1.0
样本,0.0,3.0,0.0,1.0
一名,0.0,3.0,0.0,1.0
户外,0.0,3.0,0.0,1.0
业务,0.0,15.0,0.0,1.0
Mlily,0.0,3.0,0.0,1.0
积极,0.0,3.0,0.0,1.0
净利,0.0,6.0,0.0,1.0
同比,0.0,39.0,0.0,1.0
a50d,0.0,3.0,0.0,1.0
51.96,0.0,3.0,0.0,1.0
柔性,0.0,3.0,0.0,1.0
共享,0.0,3.0,0.0,1.0
规则,0.0,3.0,0.0,1.0
十五日,0.0,6.0,0.0,1.0
心灵,0.0,3.0,0.0,1.0
此次,0.0,6.0,0.0,1.0
一季度,0.0,3.0,0.0,1.0
彰显,0.0,3.0,0.0,1.0
环保,0.0,9.0,0.0,1.0
随后,0.0,3.0,0.0,1.0
流动资金,0.0,3.0,0.0,1.0
爱,0.0,6.0,0.0,1.0
i2,0.0,3.0,0.0,1.0
专利,0.0,6.0,0.0,1.0
T2603,0.0,3.0,0.0,1.0
拉链,0.0,3.0,0.0,1.0
:,0.0,51.0,0.0,1.0
384,0.0,3.0,0.0,1.0
拥有,0.0,3.0,0.0,1.0
反映,0.0,3.0,0.0,1.0
获得,0.0,6.0,0.0,1.0
消费者,0.0,15.0,0.0,1.0
股本,0.0,3.0,0.0,1.0
三,0.0,3.0,0.0,1.0
继续,0.0,3.0,0.0,1.0
工艺,0.0,3.0,0.0,1.0
实际,0.0,6.0,0.0,1.0
补充,0.0,3.0,0.0,1.0
喜,0.0,9.0,0.0,1.0
uploads,0.0,12.0,0.0,1.0
仅仅只是,0.0,3.0,0.0,1.0
成人化,0.0,3.0,0.0,1.0
加大,0.0,3.0,0.0,1.0
调控,0.0,3.0,0.0,1.0
注重,0.0,3.0,0.0,1.0
知道,0.0,3.0,0.0,1.0
能,0.0,3.0,0.0,1.0
0859f254,0.0,3.0,0.0,1.0
央视,0.0,3.0,0.0,1.0
北京师范大学,0.0,3.0,0.0,1.0
质量,0.0,6.0,0.0,1.0
季度,0.0,3.0,0.0,1.0
坚持,0.0,3.0,0.0,1.0
原,0.0,6.0,0.0,1.0
程度,0.0,3.0,0.0,1.0
忘,0.0,6.0,0.0,1.0
创造,0.0,3.0,0.0,1.0
布,0.0,3.0,0.0,1.0
中,0.0,24.0,0.0,1.0
1.78,0.0,6.0,0.0,1.0
眼球,0.0,3.0,0.0,1.0
内心,0.0,3.0,0.0,1.0
电影,0.0,3.0,0.0,1.0
影响,0.0,3.0,0.0,1.0
美凯龙,0.0,3.0,0.0,1.0
上海证券交易所,0.0,6.0,0.0,1.0
股份,0.0,30.0,0.0,1.0
大牌,0.0,3.0,0.0,1.0
1501063224698,0.0,3.0,0.0,1.0
护,0.0,3.0,0.0,1.0
自我,0.0,3.0,0.0,1.0
信心,0.0,3.0,0.0,1.0
获,0.0,3.0,0.0,1.0
越来越,0.0,3.0,0.0,1.0
持续,0.0,3.0,0.0,1.0
13,0.0,3.0,0.0,1.0
投票,0.0,6.0,0.0,1.0
《,0.0,39.0,0.0,1.0
完成,0.0,3.0,0.0,1.0
馆场,0.0,3.0,0.0,1.0
选择,0.0,3.0,0.0,1.0
石家庄,0.0,6.0,0.0,1.0
梦,0.0,9.0,0.0,1.0
精品,0.0,3.0,0.0,1.0
秘书,0.0,3.0,0.0,1.0
年始,0.0,3.0,0.0,1.0
引领,0.0,9.0,0.0,1.0
04,0.0,3.0,0.0,1.0
未来,0.0,9.0,0.0,1.0
jykx,0.0,12.0,0.0,1.0
授信,0.0,6.0,0.0,1.0
明星,0.0,3.0,0.0,1.0
总,0.0,9.0,0.0,1.0
投射,0.0,3.0,0.0,1.0
较,0.0,3.0,0.0,1.0
<,0.0,36.0,0.0,1.0
22.17,0.0,3.0,0.0,1.0
投放,0.0,3.0,0.0,1.0
快速,0.0,6.0,0.0,1.0
参考,0.0,3.0,0.0,1.0
总部,0.0,6.0,0.0,1.0
零点,0.0,6.0,0.0,1.0
股东大会,0.0,6.0,0.0,1.0
管理,0.0,15.0,0.0,1.0
期间,0.0,3.0,0.0,1.0
png,0.0,9.0,0.0,1.0
黄金版,0.0,3.0,0.0,1.0
董事会,0.0,12.0,0.0,1.0
4f73,0.0,3.0,0.0,1.0
传承,0.0,3.0,0.0,1.0
还是,0.0,3.0,0.0,1.0
天然,0.0,9.0,0.0,1.0
归母,0.0,12.0,0.0,1.0
角度,0.0,3.0,0.0,1.0
国家,0.0,12.0,0.0,1.0
远离,0.0,3.0,0.0,1.0
上,0.0,27.0,0.0,1.0
业绩,0.0,6.0,0.0,1.0
单位,0.0,3.0,0.0,1.0
风潮,0.0,6.0,0.0,1.0
多年,0.0,3.0,0.0,1.0
增速,0.0,9.0,0.0,1.0
预期,0.0,6.0,0.0,1.0
发展,0.0,21.0,0.0,1.0
迅速,0.0,3.0,0.0,1.0
1FH9192203N2,0.0,3.0,0.0,1.0
表决,0.0,3.0,0.0,1.0
聚力,0.0,3.0,0.0,1.0
从,0.0,27.0,0.0,1.0
时间,0.0,3.0,0.0,1.0
=,0.0,45.0,0.0,1.0
为,0.0,84.0,0.0,1.0
意志,0.0,3.0,0.0,1.0
式,0.0,3.0,0.0,1.0
com,0.0,42.0,0.0,1.0
值得,0.0,3.0,0.0,1.0
新高,0.0,6.0,0.0,1.0
；,0.0,21.0,0.0,1.0
手法,0.0,3.0,0.0,1.0
智能化,0.0,9.0,0.0,1.0
24h,0.0,3.0,0.0,1.0
相关,0.0,3.0,0.0,1.0
其次,0.0,3.0,0.0,1.0
专业,0.0,6.0,0.0,1.0
担保,0.0,6.0,0.0,1.0
资金,0.0,18.0,0.0,1.0
消息,0.0,3.0,0.0,1.0
大学,0.0,3.0,0.0,1.0
利润,0.0,3.0,0.0,1.0
都,0.0,9.0,0.0,1.0
34.51,0.0,3.0,0.0,1.0
两用,0.0,3.0,0.0,1.0
元,0.0,3.0,0.0,1.0
承担,0.0,3.0,0.0,1.0
向,0.0,9.0,0.0,1.0
困难者,0.0,9.0,0.0,1.0
中科院,0.0,3.0,0.0,1.0
计划,0.0,6.0,0.0,1.0
赴,0.0,3.0,0.0,1.0
证券,0.0,3.0,0.0,1.0
入驻,0.0,3.0,0.0,1.0
品牌化,0.0,9.0,0.0,1.0
3,0.0,12.0,0.0,1.0
很,0.0,3.0,0.0,1.0
开发,0.0,3.0,0.0,1.0
针对,0.0,9.0,0.0,1.0
超过,0.0,6.0,0.0,1.0
尚,0.0,3.0,0.0,1.0
需求,0.0,15.0,0.0,1.0
0.81,0.0,3.0,0.0,1.0
87b9,0.0,3.0,0.0,1.0
f4a2e321,0.0,3.0,0.0,1.0
国际化,0.0,3.0,0.0,1.0
低于,0.0,3.0,0.0,1.0
当前,0.0,3.0,0.0,1.0
产品质量,0.0,3.0,0.0,1.0
img3,0.0,3.0,0.0,1.0
才,0.0,3.0,0.0,1.0
激荡,0.0,3.0,0.0,1.0
11.85,0.0,3.0,0.0,1.0
效率,0.0,3.0,0.0,1.0
云眠,0.0,3.0,0.0,1.0
社会化,0.0,3.0,0.0,1.0
35,0.0,3.0,0.0,1.0
个性化,0.0,9.0,0.0,1.0
中级,0.0,3.0,0.0,1.0
五周年,0.0,6.0,0.0,1.0
不断创新,0.0,3.0,0.0,1.0
毛利率,0.0,24.0,0.0,1.0
感两,0.0,3.0,0.0,1.0
带,0.0,3.0,0.0,1.0
07,0.0,12.0,0.0,1.0
整个,0.0,9.0,0.0,1.0
中国,0.0,54.0,0.0,1.0
冬夏,0.0,3.0,0.0,1.0
科学,0.0,54.0,0.0,1.0
荣耀,0.0,6.0,0.0,1.0
三分之一,0.0,9.0,0.0,1.0
资料,0.0,3.0,0.0,1.0
己任,0.0,6.0,0.0,1.0
力,0.0,3.0,0.0,1.0
营业,0.0,21.0,0.0,1.0
科技含量,0.0,3.0,0.0,1.0
执着,0.0,3.0,0.0,1.0
全方位,0.0,6.0,0.0,1.0
杨刚,0.0,3.0,0.0,1.0
方便,0.0,3.0,0.0,1.0
220e21c48e3b,0.0,3.0,0.0,1.0
销售收入,0.0,3.0,0.0,1.0
人气,0.0,6.0,0.0,1.0
e821,0.0,3.0,0.0,1.0
意味着,0.0,3.0,0.0,1.0
百转千回,0.0,3.0,0.0,1.0
1FH919225T91,0.0,3.0,0.0,1.0
文件,0.0,6.0,0.0,1.0
jpg,0.0,36.0,0.0,1.0
最新,0.0,6.0,0.0,1.0
》,0.0,39.0,0.0,1.0
决心,0.0,3.0,0.0,1.0
目前,0.0,3.0,0.0,1.0
全系列,0.0,3.0,0.0,1.0
10,0.0,6.0,0.0,1.0
物联,0.0,3.0,0.0,1.0
咨询,0.0,3.0,0.0,1.0
Euro,0.0,3.0,0.0,1.0
2017,0.0,57.0,0.0,1.0
称号,0.0,3.0,0.0,1.0
形势,0.0,3.0,0.0,1.0
接下来,0.0,3.0,0.0,1.0
2003,0.0,3.0,0.0,1.0
状态,0.0,3.0,0.0,1.0
会,0.0,3.0,0.0,1.0
引起,0.0,3.0,0.0,1.0
家园,0.0,6.0,0.0,1.0
尤为,0.0,3.0,0.0,1.0
17,0.0,3.0,0.0,1.0
意义,0.0,6.0,0.0,1.0
舒适度,0.0,3.0,0.0,1.0
e6b9c531,0.0,3.0,0.0,1.0
一天,0.0,3.0,0.0,1.0
170729,0.0,12.0,0.0,1.0
归属,0.0,3.0,0.0,1.0
美梦,0.0,3.0,0.0,1.0
股权,0.0,6.0,0.0,1.0
2013,0.0,9.0,0.0,1.0
投资者,0.0,3.0,0.0,1.0
06be6199,0.0,3.0,0.0,1.0
股东会,0.0,3.0,0.0,1.0
),0.0,6.0,0.0,1.0
img1,0.0,3.0,0.0,1.0
愿意,0.0,3.0,0.0,1.0
即将,0.0,3.0,0.0,1.0
家居,0.0,9.0,0.0,1.0
轻微,0.0,6.0,0.0,1.0
亏损,0.0,3.0,0.0,1.0
解决方案,0.0,3.0,0.0,1.0
开始,0.0,3.0,0.0,1.0
小作坊,0.0,3.0,0.0,1.0
纽约时代广场,0.0,6.0,0.0,1.0
05,0.0,3.0,0.0,1.0
倍,0.0,3.0,0.0,1.0
热爱,0.0,3.0,0.0,1.0
来源,0.0,3.0,0.0,1.0
!,0.0,6.0,0.0,1.0
路,0.0,6.0,0.0,1.0
远,0.0,3.0,0.0,1.0
显示,0.0,15.0,0.0,1.0
院士,0.0,3.0,0.0,1.0
月,0.0,30.0,0.0,1.0
人,0.0,18.0,0.0,1.0
授予,0.0,3.0,0.0,1.0
上年,0.0,18.0,0.0,1.0
最,0.0,6.0,0.0,1.0
了晟喜,0.0,3.0,0.0,1.0
演员,0.0,3.0,0.0,1.0
GE,0.0,3.0,0.0,1.0
能够,0.0,3.0,0.0,1.0
高新技术,0.0,3.0,0.0,1.0
洁净,0.0,3.0,0.0,1.0
hqcf,0.0,12.0,0.0,1.0
制作,0.0,3.0,0.0,1.0
http,0.0,45.0,0.0,1.0
曾,0.0,3.0,0.0,1.0
经营报,0.0,3.0,0.0,1.0
报告,0.0,18.0,0.0,1.0
展位,0.0,3.0,0.0,1.0
增长,0.0,60.0,0.0,1.0
650x0,0.0,6.0,0.0,1.0
以下,0.0,12.0,0.0,1.0
领导品牌,0.0,3.0,0.0,1.0
中华人民共和国,0.0,6.0,0.0,1.0
高度重视,0.0,3.0,0.0,1.0
°,0.0,3.0,0.0,1.0
甲醛,0.0,3.0,0.0,1.0
打出,0.0,3.0,0.0,1.0
0726,0.0,9.0,0.0,1.0
伤害,0.0,3.0,0.0,1.0
事件,0.0,3.0,0.0,1.0
美满生活,0.0,3.0,0.0,1.0
助力,0.0,9.0,0.0,1.0
564x0,0.0,3.0,0.0,1.0
15,0.0,3.0,0.0,1.0
 ,0.0,207.0,0.0,1.0
荣誉,0.0,9.0,0.0,1.0
少不了,0.0,3.0,0.0,1.0
燃爆,0.0,3.0,0.0,1.0
进入,0.0,6.0,0.0,1.0
堪忧,0.0,3.0,0.0,1.0
MAGE,0.0,3.0,0.0,1.0
领域,0.0,6.0,0.0,1.0
32.80,0.0,3.0,0.0,1.0
该,0.0,3.0,0.0,1.0
res02,0.0,3.0,0.0,1.0
如期,0.0,3.0,0.0,1.0
证代,0.0,3.0,0.0,1.0
女士,0.0,3.0,0.0,1.0
先生,0.0,6.0,0.0,1.0
依然,0.0,3.0,0.0,1.0
无私奉献,0.0,3.0,0.0,1.0
事务,0.0,3.0,0.0,1.0
临时,0.0,6.0,0.0,1.0
联动,0.0,3.0,0.0,1.0
匠人,0.0,15.0,0.0,1.0
激励,0.0,9.0,0.0,1.0
重大,0.0,3.0,0.0,1.0
建设,0.0,3.0,0.0,1.0
之初,0.0,3.0,0.0,1.0
考虑,0.0,3.0,0.0,1.0
报,0.0,3.0,0.0,1.0
360,0.0,3.0,0.0,1.0
财富,0.0,6.0,0.0,1.0
后,0.0,12.0,0.0,1.0
功能,0.0,3.0,0.0,1.0
五千,0.0,6.0,0.0,1.0
提升,0.0,6.0,0.0,1.0
49e4,0.0,3.0,0.0,1.0
华东政法,0.0,3.0,0.0,1.0
城市,0.0,3.0,0.0,1.0
各位,0.0,3.0,0.0,1.0
产业布局,0.0,3.0,0.0,1.0
陈阿裕,0.0,15.0,0.0,1.0
大型,0.0,3.0,0.0,1.0
独家,0.0,3.0,0.0,1.0
50.3,0.0,3.0,0.0,1.0
企业,0.0,15.0,0.0,1.0
占,0.0,9.0,0.0,1.0
另外,0.0,3.0,0.0,1.0
占据,0.0,3.0,0.0,1.0
事业,0.0,3.0,0.0,1.0
一部分,0.0,3.0,0.0,1.0
时尚,0.0,3.0,0.0,1.0
审议,0.0,9.0,0.0,1.0
22,0.0,6.0,0.0,1.0
表达,0.0,3.0,0.0,1.0
大规模,0.0,3.0,0.0,1.0
作为,0.0,12.0,0.0,1.0
09,0.0,3.0,0.0,1.0
攻坚克难,0.0,3.0,0.0,1.0
居室,0.0,6.0,0.0,1.0
心理学,0.0,3.0,0.0,1.0
载誉,0.0,3.0,0.0,1.0
images,0.0,9.0,0.0,1.0
连续,0.0,3.0,0.0,1.0
变化,0.0,3.0,0.0,1.0
国家标准,0.0,3.0,0.0,1.0
家具行业,0.0,3.0,0.0,1.0
去,0.0,6.0,0.0,1.0
cdn,0.0,9.0,0.0,1.0
名称,0.0,6.0,0.0,1.0
C,0.0,3.0,0.0,1.0
同比增加,0.0,9.0,0.0,1.0
保护,0.0,3.0,0.0,1.0
公告,0.0,6.0,0.0,1.0
秉承,0.0,6.0,0.0,1.0
2011,0.0,3.0,0.0,1.0
],0.0,3.0,0.0,1.0
电视剧,0.0,3.0,0.0,1.0
及晟喜,0.0,3.0,0.0,1.0
亿元,0.0,36.0,0.0,1.0
亲临,0.0,3.0,0.0,1.0
做,0.0,6.0,0.0,1.0
加入,0.0,3.0,0.0,1.0
最佳,0.0,3.0,0.0,1.0
开启,0.0,9.0,0.0,1.0
34.5,0.0,3.0,0.0,1.0
年报,0.0,6.0,0.0,1.0
31.39,0.0,9.0,0.0,1.0
项,0.0,3.0,0.0,1.0
证券部,0.0,3.0,0.0,1.0
账,0.0,3.0,0.0,1.0
满足,0.0,12.0,0.0,1.0
传递,0.0,9.0,0.0,1.0
QB1952,0.0,3.0,0.0,1.0
其中,0.0,3.0,0.0,1.0
隆重,0.0,3.0,0.0,1.0
全心,0.0,3.0,0.0,1.0
知名品牌,0.0,3.0,0.0,1.0
这场,0.0,3.0,0.0,1.0
且,0.0,3.0,0.0,1.0
allimg,0.0,12.0,0.0,1.0
百合,0.0,9.0,0.0,1.0
原材料,0.0,3.0,0.0,1.0
近日,0.0,3.0,0.0,1.0
年前,0.0,3.0,0.0,1.0
550x0,0.0,3.0,0.0,1.0
拆洗,0.0,3.0,0.0,1.0
4493,0.0,3.0,0.0,1.0
根据,0.0,6.0,0.0,1.0
化,0.0,9.0,0.0,1.0
一生,0.0,3.0,0.0,1.0
升级,0.0,3.0,0.0,1.0
新型,0.0,3.0,0.0,1.0
第一名,0.0,3.0,0.0,1.0
度过,0.0,6.0,0.0,1.0
i,0.0,3.0,0.0,1.0
了解,0.0,3.0,0.0,1.0
深耕,0.0,3.0,0.0,1.0
制造,0.0,9.0,0.0,1.0
当然,0.0,3.0,0.0,1.0
实验,0.0,3.0,0.0,1.0
全身心,0.0,3.0,0.0,1.0
弃权,0.0,3.0,0.0,1.0
190235003,0.0,3.0,0.0,1.0
家具,0.0,42.0,0.0,1.0
、,0.0,102.0,0.0,1.0
算过,0.0,3.0,0.0,1.0
全国,0.0,12.0,0.0,1.0
有所,0.0,3.0,0.0,1.0
人体,0.0,3.0,0.0,1.0
铂金版,0.0,3.0,0.0,1.0
无论是,0.0,3.0,0.0,1.0
状况,0.0,9.0,0.0,1.0
使命,0.0,9.0,0.0,1.0
初心,0.0,6.0,0.0,1.0
利息,0.0,3.0,0.0,1.0
工程学,0.0,3.0,0.0,1.0
打造,0.0,15.0,0.0,1.0
50.59,0.0,3.0,0.0,1.0
真实,0.0,3.0,0.0,1.0
互联网,0.0,3.0,0.0,1.0
圆圆,0.0,9.0,0.0,1.0
权威,0.0,3.0,0.0,1.0
刘朝莹,0.0,3.0,0.0,1.0
财年,0.0,3.0,0.0,1.0
36.69,0.0,3.0,0.0,1.0
）,0.0,24.0,0.0,1.0
铂金,0.0,3.0,0.0,1.0
希望,0.0,6.0,0.0,1.0
展示,0.0,3.0,0.0,1.0
覆盖全国,0.0,3.0,0.0,1.0
推动,0.0,3.0,0.0,1.0
投入,0.0,6.0,0.0,1.0
8,0.0,3.0,0.0,1.0
9480,0.0,3.0,0.0,1.0
形成,0.0,3.0,0.0,1.0
比较,0.0,3.0,0.0,1.0
有效,0.0,3.0,0.0,1.0
人人,0.0,3.0,0.0,1.0
轻工,0.0,3.0,0.0,1.0
中来,0.0,3.0,0.0,1.0
智能,0.0,6.0,0.0,1.0
助阵,0.0,6.0,0.0,1.0
呵护,0.0,3.0,0.0,1.0
istocknews,0.0,3.0,0.0,1.0
价值,0.0,6.0,0.0,1.0
明显,0.0,3.0,0.0,1.0
睡得,0.0,9.0,0.0,1.0
上市,0.0,21.0,0.0,1.0
40.18,0.0,3.0,0.0,1.0
白皮书,0.0,12.0,0.0,1.0
进程,0.0,3.0,0.0,1.0
五年,0.0,9.0,0.0,1.0
一直,0.0,3.0,0.0,1.0
第三届,0.0,3.0,0.0,1.0
价格上涨,0.0,3.0,0.0,1.0
第二次,0.0,6.0,0.0,1.0
遵循,0.0,6.0,0.0,1.0
同期,0.0,12.0,0.0,1.0
[,0.0,3.0,0.0,1.0
曾经,0.0,3.0,0.0,1.0
1986,0.0,3.0,0.0,1.0
深知,0.0,3.0,0.0,1.0
百分点,0.0,6.0,0.0,1.0
规定,0.0,3.0,0.0,1.0
市场,0.0,12.0,0.0,1.0
平均,0.0,3.0,0.0,1.0
广告,0.0,6.0,0.0,1.0
仅,0.0,3.0,0.0,1.0
8110,0.0,3.0,0.0,1.0
号码,0.0,3.0,0.0,1.0
bjbusiness,0.0,6.0,0.0,1.0
并,0.0,15.0,0.0,1.0
用,0.0,6.0,0.0,1.0
公布,0.0,6.0,0.0,1.0
科技,0.0,21.0,0.0,1.0
环境,0.0,12.0,0.0,1.0
杭氧,0.0,3.0,0.0,1.0
子公司,0.0,12.0,0.0,1.0
登陆,0.0,3.0,0.0,1.0
在,0.0,60.0,0.0,1.0
万张,0.0,3.0,0.0,1.0
万元,0.0,9.0,0.0,1.0
到,0.0,15.0,0.0,1.0
自主,0.0,9.0,0.0,1.0
净利润,0.0,21.0,0.0,1.0
20170614,0.0,3.0,0.0,1.0
双层,0.0,3.0,0.0,1.0
信号,0.0,6.0,0.0,1.0
磕碰,0.0,3.0,0.0,1.0
tx2,0.0,3.0,0.0,1.0
以此,0.0,6.0,0.0,1.0
舒适,0.0,6.0,0.0,1.0
1FH9192340331,0.0,3.0,0.0,1.0
当下,0.0,3.0,0.0,1.0
精益求精,0.0,6.0,0.0,1.0
完美,0.0,12.0,0.0,1.0
下,0.0,3.0,0.0,1.0
今天,0.0,6.0,0.0,1.0
Yoga,0.0,3.0,0.0,1.0
现在,0.0,3.0,0.0,1.0
china,0.0,12.0,0.0,1.0
试睡,0.0,6.0,0.0,1.0
研发,0.0,18.0,0.0,1.0
越是,0.0,3.0,0.0,1.0
社会,0.0,3.0,0.0,1.0
海绵,0.0,6.0,0.0,1.0
心力,0.0,3.0,0.0,1.0
始,0.0,3.0,0.0,1.0
基础,0.0,6.0,0.0,1.0
下降,0.0,6.0,0.0,1.0
影视,0.0,6.0,0.0,1.0
演唱会,0.0,3.0,0.0,1.0
目光,0.0,3.0,0.0,1.0
site1,0.0,6.0,0.0,1.0
因子,0.0,3.0,0.0,1.0
：,0.0,66.0,0.0,1.0
属于,0.0,3.0,0.0,1.0
延伸,0.0,3.0,0.0,1.0
水平,0.0,3.0,0.0,1.0
规范,0.0,3.0,0.0,1.0
之巅,0.0,3.0,0.0,1.0
6.16,0.0,3.0,0.0,1.0
5,0.0,21.0,0.0,1.0
年,0.0,63.0,0.0,1.0
产品,0.0,39.0,0.0,1.0
/,0.0,273.0,0.0,1.0
hexun,0.0,3.0,0.0,1.0
收窄,0.0,3.0,0.0,1.0
企业家,0.0,3.0,0.0,1.0
中储,0.0,3.0,0.0,1.0
20170612,0.0,6.0,0.0,1.0
时代,0.0,9.0,0.0,1.0
11.8,0.0,6.0,0.0,1.0
1FH9192421b1,0.0,3.0,0.0,1.0
朱,0.0,9.0,0.0,1.0
下跌,0.0,3.0,0.0,1.0
归属于,0.0,9.0,0.0,1.0
证券法,0.0,6.0,0.0,1.0
床,0.0,3.0,0.0,1.0
热潮,0.0,3.0,0.0,1.0
毕业,0.0,3.0,0.0,1.0
欧洲,0.0,6.0,0.0,1.0
努力,0.0,6.0,0.0,1.0
战略,0.0,3.0,0.0,1.0
表现,0.0,6.0,0.0,1.0
从而,0.0,3.0,0.0,1.0
半年报,0.0,6.0,0.0,1.0
持续性,0.0,3.0,0.0,1.0
品牌,0.0,21.0,0.0,1.0
第十九次,0.0,3.0,0.0,1.0
以期,0.0,3.0,0.0,1.0
bjsb,0.0,6.0,0.0,1.0
转型,0.0,3.0,0.0,1.0
意识,0.0,6.0,0.0,1.0
营收,0.0,9.0,0.0,1.0
882d,0.0,3.0,0.0,1.0
把,0.0,3.0,0.0,1.0
梦想,0.0,12.0,0.0,1.0
这是,0.0,3.0,0.0,1.0
首次,0.0,6.0,0.0,1.0
佳绩,0.0,3.0,0.0,1.0
成为,0.0,6.0,0.0,1.0
杰出代表,0.0,3.0,0.0,1.0
推出,0.0,3.0,0.0,1.0
曾任,0.0,3.0,0.0,1.0
法律,0.0,3.0,0.0,1.0
大幅,0.0,3.0,0.0,1.0
50.6,0.0,3.0,0.0,1.0
对,0.0,21.0,0.0,1.0
QB,0.0,3.0,0.0,1.0
高品质,0.0,3.0,0.0,1.0
已,0.0,6.0,0.0,1.0
得,0.0,3.0,0.0,1.0
简称,0.0,12.0,0.0,1.0
着,0.0,3.0,0.0,1.0
方面,0.0,9.0,0.0,1.0
渴望,0.0,6.0,0.0,1.0
发生,0.0,3.0,0.0,1.0
img0,0.0,3.0,0.0,1.0
得不到,0.0,3.0,0.0,1.0
培养,0.0,3.0,0.0,1.0
出席人,0.0,3.0,0.0,1.0
北京,0.0,3.0,0.0,1.0
www,0.0,12.0,0.0,1.0
木匠,0.0,3.0,0.0,1.0
防,0.0,12.0,0.0,1.0
共同,0.0,3.0,0.0,1.0
贡献,0.0,3.0,0.0,1.0
好,0.0,3.0,0.0,1.0
出生,0.0,3.0,0.0,1.0
img2,0.0,3.0,0.0,1.0
核心,0.0,6.0,0.0,1.0
活动,0.0,18.0,0.0,1.0
序号,0.0,3.0,0.0,1.0
磨砺,0.0,3.0,0.0,1.0
○,0.0,6.0,0.0,1.0
高,0.0,9.0,0.0,1.0
潜力,0.0,3.0,0.0,1.0
寝具,0.0,30.0,0.0,1.0
脚踏实地,0.0,3.0,0.0,1.0
之下,0.0,3.0,0.0,1.0
行业标准,0.0,3.0,0.0,1.0
公众,0.0,3.0,0.0,1.0
3.1,0.0,3.0,0.0,1.0
比例,0.0,3.0,0.0,1.0
效益,0.0,3.0,0.0,1.0
拖累,0.0,3.0,0.0,1.0
年来,0.0,9.0,0.0,1.0
修订,0.0,3.0,0.0,1.0
启动,0.0,3.0,0.0,1.0
6,0.0,3.0,0.0,1.0
一家,0.0,3.0,0.0,1.0
清晰,0.0,3.0,0.0,1.0
6.88,0.0,3.0,0.0,1.0
2.03,0.0,3.0,0.0,1.0
4b86,0.0,3.0,0.0,1.0
绍兴,0.0,6.0,0.0,1.0
产品设计,0.0,6.0,0.0,1.0
机能,0.0,3.0,0.0,1.0
螨,0.0,18.0,0.0,1.0
其,0.0,3.0,0.0,1.0
进行,0.0,9.0,0.0,1.0
拉诺,0.0,3.0,0.0,1.0
靓丽,0.0,3.0,0.0,1.0
姓名,0.0,3.0,0.0,1.0
T66,0.0,3.0,0.0,1.0
帮助,0.0,6.0,0.0,1.0
具有,0.0,3.0,0.0,1.0
出发,0.0,3.0,0.0,1.0
风云,0.0,3.0,0.0,1.0
给出,0.0,3.0,0.0,1.0
IMAGE,0.0,36.0,0.0,1.0
cn,0.0,30.0,0.0,1.0
多,0.0,12.0,0.0,1.0
1501063224833,0.0,3.0,0.0,1.0
匠心,0.0,6.0,0.0,1.0
起来,0.0,3.0,0.0,1.0
1408,0.0,3.0,0.0,1.0
精神,0.0,3.0,0.0,1.0
下滑,0.0,9.0,0.0,1.0
问题,0.0,6.0,0.0,1.0
标杆,0.0,6.0,0.0,1.0
宾馆,0.0,3.0,0.0,1.0
轻度,0.0,3.0,0.0,1.0
关于,0.0,9.0,0.0,1.0
全资,0.0,12.0,0.0,1.0
当中,0.0,3.0,0.0,1.0
评比,0.0,3.0,0.0,1.0
模式,0.0,6.0,0.0,1.0
实现,0.0,24.0,0.0,1.0
重视,0.0,3.0,0.0,1.0
改革,0.0,3.0,0.0,1.0
而立之年,0.0,3.0,0.0,1.0
经济师,0.0,3.0,0.0,1.0
公益,0.0,3.0,0.0,1.0
优加,0.0,3.0,0.0,1.0
将会,0.0,3.0,0.0,1.0
经过,0.0,3.0,0.0,1.0
年度,0.0,3.0,0.0,1.0
每年,0.0,3.0,0.0,1.0
一定,0.0,3.0,0.0,1.0
床上,0.0,3.0,0.0,1.0
创新,0.0,12.0,0.0,1.0
睡觉,0.0,6.0,0.0,1.0
64.51,0.0,3.0,0.0,1.0
11,0.0,3.0,0.0,1.0
0.23,0.0,6.0,0.0,1.0
倾心,0.0,3.0,0.0,1.0
覆盖,0.0,3.0,0.0,1.0
国人,0.0,18.0,0.0,1.0
起草,0.0,3.0,0.0,1.0
儿童,0.0,48.0,0.0,1.0
定制,0.0,6.0,0.0,1.0
讯,0.0,3.0,0.0,1.0
检测,0.0,3.0,0.0,1.0
攀升,0.0,6.0,0.0,1.0
现象,0.0,3.0,0.0,1.0
同年,0.0,3.0,0.0,1.0
据,0.0,3.0,0.0,1.0
博士,0.0,3.0,0.0,1.0
人类,0.0,12.0,0.0,1.0
良心,0.0,3.0,0.0,1.0
倾注,0.0,3.0,0.0,1.0
需要,0.0,3.0,0.0,1.0
0.95,0.0,3.0,0.0,1.0
研究,0.0,3.0,0.0,1.0
损益,0.0,6.0,0.0,1.0
提及,0.0,3.0,0.0,1.0
工作站,0.0,3.0,0.0,1.0
开拓创新,0.0,3.0,0.0,1.0
郑源,0.0,6.0,0.0,1.0
网络,0.0,6.0,0.0,1.0
股,0.0,3.0,0.0,1.0
荟聚,0.0,3.0,0.0,1.0
一位,0.0,3.0,0.0,1.0
亮屏,0.0,3.0,0.0,1.0
所,0.0,3.0,0.0,1.0
网,0.0,3.0,0.0,1.0
utuku,0.0,12.0,0.0,1.0
成,0.0,3.0,0.0,1.0
系统,0.0,9.0,0.0,1.0
常规性,0.0,3.0,0.0,1.0
attpic,0.0,3.0,0.0,1.0
首度,0.0,3.0,0.0,1.0
7183,0.0,3.0,0.0,1.0
荣膺,0.0,3.0,0.0,1.0
29,0.0,6.0,0.0,1.0
微,0.0,3.0,0.0,1.0
智造,0.0,3.0,0.0,1.0
华视,0.0,15.0,0.0,1.0
优势,0.0,3.0,0.0,1.0
参加,0.0,3.0,0.0,1.0
加速,0.0,3.0,0.0,1.0
Burano,0.0,3.0,0.0,1.0
智能科学,0.0,3.0,0.0,1.0
带来,0.0,3.0,0.0,1.0
作风,0.0,3.0,0.0,1.0
现场,0.0,6.0,0.0,1.0
本年度,0.0,3.0,0.0,1.0
减少,0.0,6.0,0.0,1.0
定位,0.0,3.0,0.0,1.0
差,0.0,6.0,0.0,1.0
承诺,0.0,3.0,0.0,1.0
严峻,0.0,3.0,0.0,1.0
植入,0.0,3.0,0.0,1.0
片酬,0.0,3.0,0.0,1.0
优质,0.0,6.0,0.0,1.0
规范性,0.0,3.0,0.0,1.0
上半年,0.0,9.0,0.0,1.0
6cda,0.0,3.0,0.0,1.0
示范,0.0,3.0,0.0,1.0
兑现,0.0,3.0,0.0,1.0
致力于,0.0,12.0,0.0,1.0
设计,0.0,21.0,0.0,1.0
本科学历,0.0,3.0,0.0,1.0
十大,0.0,6.0,0.0,1.0
要,0.0,3.0,0.0,1.0
举办,0.0,3.0,0.0,1.0
喜临门,0.0,279.0,0.0,1.0
7,0.0,9.0,0.0,1.0
8.55,0.0,3.0,0.0,1.0
主题,0.0,3.0,0.0,1.0
等,0.0,9.0,0.0,1.0
弹簧,0.0,3.0,0.0,1.0
前行,0.0,9.0,0.0,1.0
提高,0.0,6.0,0.0,1.0
报称,0.0,3.0,0.0,1.0
科学依据,0.0,3.0,0.0,1.0
调查,0.0,18.0,0.0,1.0
读懂,0.0,3.0,0.0,1.0
运动,0.0,6.0,0.0,1.0
31,0.0,3.0,0.0,1.0
搭建,0.0,3.0,0.0,1.0
上市公司,0.0,15.0,0.0,1.0
发起,0.0,3.0,0.0,1.0
2012,0.0,3.0,0.0,1.0
涨价,0.0,3.0,0.0,1.0
收入,0.0,18.0,0.0,1.0
提供,0.0,9.0,0.0,1.0
同行,0.0,6.0,0.0,1.0
情况,0.0,6.0,0.0,1.0
代理,0.0,3.0,0.0,1.0
有数,0.0,3.0,0.0,1.0
不忘,0.0,3.0,0.0,1.0
一路,0.0,3.0,0.0,1.0
八月,0.0,6.0,0.0,1.0
年轻,0.0,3.0,0.0,1.0
一个,0.0,21.0,0.0,1.0
只争朝夕,0.0,3.0,0.0,1.0
浙江,0.0,18.0,0.0,1.0
公司法,0.0,3.0,0.0,1.0
新风尚,0.0,3.0,0.0,1.0
导致,0.0,3.0,0.0,1.0
解释,0.0,3.0,0.0,1.0
通过,0.0,18.0,0.0,1.0
股票,0.0,9.0,0.0,1.0
岂止,0.0,3.0,0.0,1.0
一张,0.0,3.0,0.0,1.0
软,0.0,3.0,0.0,1.0
突破,0.0,6.0,0.0,1.0
至,0.0,3.0,0.0,1.0
永久,0.0,3.0,0.0,1.0
协助,0.0,3.0,0.0,1.0
于,0.0,15.0,0.0,1.0
有关,0.0,3.0,0.0,1.0
共计,0.0,3.0,0.0,1.0
大船,0.0,3.0,0.0,1.0
责任,0.0,3.0,0.0,1.0
不断,0.0,24.0,0.0,1.0
制定,0.0,3.0,0.0,1.0
重要,0.0,3.0,0.0,1.0
坚守,0.0,6.0,0.0,1.0
一笔,0.0,3.0,0.0,1.0
证券时报,0.0,3.0,0.0,1.0
提出,0.0,6.0,0.0,1.0
概念,0.0,3.0,0.0,1.0
以,0.0,36.0,0.0,1.0
为了,0.0,3.0,0.0,1.0
植物,0.0,3.0,0.0,1.0
安全,0.0,3.0,0.0,1.0
观念,0.0,6.0,0.0,1.0
有人,0.0,3.0,0.0,1.0
收购,0.0,3.0,0.0,1.0
唯一,0.0,3.0,0.0,1.0
18,0.0,3.0,0.0,1.0
手段,0.0,3.0,0.0,1.0
.,0.0,192.0,0.0,1.0
客户,0.0,9.0,0.0,1.0
履行职责,0.0,3.0,0.0,1.0
刻画,0.0,3.0,0.0,1.0
身体,0.0,6.0,0.0,1.0
人群,0.0,3.0,0.0,1.0
成人,0.0,3.0,0.0,1.0
会议,0.0,6.0,0.0,1.0
600,0.0,3.0,0.0,1.0
2,0.0,27.0,0.0,1.0
权益,0.0,3.0,0.0,1.0
杰出,0.0,3.0,0.0,1.0
良好,0.0,3.0,0.0,1.0
20170623,0.0,3.0,0.0,1.0
健康,0.0,54.0,0.0,1.0
越,0.0,3.0,0.0,1.0
33,0.0,6.0,0.0,1.0
还,0.0,3.0,0.0,1.0
弧形,0.0,3.0,0.0,1.0
首先,0.0,3.0,0.0,1.0
第一股,0.0,12.0,0.0,1.0
打磨,0.0,6.0,0.0,1.0
理念,0.0,21.0,0.0,1.0
新,0.0,18.0,0.0,1.0
17b4ff6c523b,0.0,3.0,0.0,1.0
征服,0.0,3.0,0.0,1.0
是,0.0,30.0,0.0,1.0
变革,0.0,3.0,0.0,1.0
603008,0.0,3.0,0.0,1.0
utu,0.0,3.0,0.0,1.0
喜爱,0.0,3.0,0.0,1.0
追求,0.0,9.0,0.0,1.0
当时,0.0,3.0,0.0,1.0
许下,0.0,3.0,0.0,1.0
议案,0.0,15.0,0.0,1.0
重磅,0.0,3.0,0.0,1.0
因,0.0,6.0,0.0,1.0
二,0.0,12.0,0.0,1.0
缔造,0.0,6.0,0.0,1.0
风起云涌,0.0,3.0,0.0,1.0
52,0.0,6.0,0.0,1.0
息息相关,0.0,3.0,0.0,1.0
>,0.0,45.0,0.0,1.0
普遍,0.0,3.0,0.0,1.0
晟,0.0,9.0,0.0,1.0
工匠,0.0,6.0,0.0,1.0
美国,0.0,3.0,0.0,1.0
9483,0.0,3.0,0.0,1.0
技术,0.0,6.0,0.0,1.0
之,0.0,6.0,0.0,1.0
文化,0.0,6.0,0.0,1.0
融合,0.0,6.0,0.0,1.0
轨迹,0.0,3.0,0.0,1.0
亿,0.0,3.0,0.0,1.0
股数,0.0,3.0,0.0,1.0
品质,0.0,6.0,0.0,1.0
严苛,0.0,6.0,0.0,1.0
同意,0.0,6.0,0.0,1.0
更好,0.0,12.0,0.0,1.0
创营收,0.0,6.0,0.0,1.0
驱动,0.0,6.0,0.0,1.0
身份证,0.0,3.0,0.0,1.0
成本上升,0.0,3.0,0.0,1.0
经营,0.0,3.0,0.0,1.0
千万,0.0,3.0,0.0,1.0
布艺,0.0,3.0,0.0,1.0
正式,0.0,3.0,0.0,1.0
经常性,0.0,6.0,0.0,1.0
银行,0.0,6.0,0.0,1.0
epaper,0.0,6.0,0.0,1.0
使用,0.0,9.0,0.0,1.0
几十年如一日,0.0,3.0,0.0,1.0
管家,0.0,3.0,0.0,1.0
地,0.0,9.0,0.0,1.0
家人,0.0,3.0,0.0,1.0
主要,0.0,12.0,0.0,1.0
行业,0.0,21.0,0.0,1.0
栖,0.0,3.0,0.0,1.0
与此同时,0.0,3.0,0.0,1.0
一,0.0,6.0,0.0,1.0
20,0.0,3.0,0.0,1.0
票,0.0,3.0,0.0,1.0
生命,0.0,9.0,0.0,1.0
周年,0.0,15.0,0.0,1.0
比,0.0,9.0,0.0,1.0
岁,0.0,3.0,0.0,1.0
足够,0.0,3.0,0.0,1.0
达到,0.0,3.0,0.0,1.0
庆典,0.0,21.0,0.0,1.0
有限公司,0.0,33.0,0.0,1.0
改善,0.0,9.0,0.0,1.0
　,0.0,84.0,0.0,1.0
第四季度,0.0,3.0,0.0,1.0
51,0.0,3.0,0.0,1.0
前景,0.0,3.0,0.0,1.0
约,0.0,3.0,0.0,1.0
始终,0.0,12.0,0.0,1.0
原因,0.0,3.0,0.0,1.0
ssimg,0.0,3.0,0.0,1.0
个,0.0,18.0,0.0,1.0
tx3,0.0,3.0,0.0,1.0
达,0.0,3.0,0.0,1.0
聘任,0.0,6.0,0.0,1.0
舒眠,0.0,6.0,0.0,1.0
201,0.0,3.0,0.0,1.0
切身,0.0,3.0,0.0,1.0
霸主,0.0,6.0,0.0,1.0
反对,0.0,3.0,0.0,1.0
脊椎,0.0,3.0,0.0,1.0
8c4b,0.0,3.0,0.0,1.0
2015,0.0,3.0,0.0,1.0
首届,0.0,3.0,0.0,1.0
集团,0.0,6.0,0.0,1.0
转角,0.0,3.0,0.0,1.0
100,0.0,3.0,0.0,1.0
董事长,0.0,12.0,0.0,1.0
荣获,0.0,3.0,0.0,1.0
视觉,0.0,3.0,0.0,1.0
30,0.0,6.0,0.0,1.0
0921639107ca,0.0,3.0,0.0,1.0
不仅,0.0,6.0,0.0,1.0
14.30,0.0,3.0,0.0,1.0
处于,0.0,3.0,0.0,1.0
据悉,0.0,6.0,0.0,1.0
更是,0.0,3.0,0.0,1.0
新兴,0.0,3.0,0.0,1.0
高科技,0.0,3.0,0.0,1.0
数据,0.0,3.0,0.0,1.0
界,0.0,3.0,0.0,1.0
form,0.0,3.0,0.0,1.0
W2,0.0,3.0,0.0,1.0
睡眠,0.0,165.0,0.0,1.0
云舒,0.0,3.0,0.0,1.0
_,0.0,6.0,0.0,1.0
偏向,0.0,3.0,0.0,1.0
总裁,0.0,3.0,0.0,1.0
扣非,0.0,9.0,0.0,1.0
国内,0.0,6.0,0.0,1.0
每个,0.0,3.0,0.0,1.0
销售,0.0,6.0,0.0,1.0
结合,0.0,6.0,0.0,1.0
由此可见,0.0,3.0,0.0,1.0
客厅,0.0,6.0,0.0,1.0
-,0.0,84.0,0.0,1.0
七年,0.0,6.0,0.0,1.0
2016,0.0,18.0,0.0,1.0
发布,0.0,27.0,0.0,1.0
指数,0.0,39.0,0.0,1.0
爆棚,0.0,6.0,0.0,1.0
倡导,0.0,3.0,0.0,1.0
拐点,0.0,3.0,0.0,1.0
云集,0.0,3.0,0.0,1.0
—,0.0,12.0,0.0,1.0
迭代,0.0,3.0,0.0,1.0
晚间,0.0,3.0,0.0,1.0
红星,0.0,3.0,0.0,1.0
10baf4209199,0.0,3.0,0.0,1.0
启幕,0.0,3.0,0.0,1.0
家庭,0.0,3.0,0.0,1.0
温馨,0.0,3.0,0.0,1.0
践行,0.0,6.0,0.0,1.0
大,0.0,6.0,0.0,1.0
公开,0.0,6.0,0.0,1.0
立体,0.0,3.0,0.0,1.0
ec02,0.0,3.0,0.0,1.0
代表,0.0,9.0,0.0,1.0
%,0.0,66.0,0.0,1.0
caijing,0.0,9.0,0.0,1.0
更加,0.0,3.0,0.0,1.0
将,0.0,33.0,0.0,1.0
28,0.0,6.0,0.0,1.0
国际,0.0,3.0,0.0,1.0
务,0.0,3.0,0.0,1.0
开拓,0.0,3.0,0.0,1.0
上述情况,0.0,3.0,0.0,1.0
成本,0.0,9.0,0.0,1.0
(,0.0,6.0,0.0,1.0
brief,0.0,3.0,0.0,1.0
在于,0.0,3.0,0.0,1.0
全屋,0.0,9.0,0.0,1.0
（,0.0,24.0,0.0,1.0
率先,0.0,6.0,0.0,1.0
更,0.0,15.0,0.0,1.0
可以,0.0,3.0,0.0,1.0
未,0.0,3.0,0.0,1.0
1,0.0,6.0,0.0,1.0
聚焦,0.0,3.0,0.0,1.0
表示,0.0,9.0,0.0,1.0
高管,0.0,3.0,0.0,1.0
发行股票,0.0,3.0,0.0,1.0
935c3faee45f4b508140d9b16d8bd18a,0.0,3.0,0.0,1.0
以及,0.0,3.0,0.0,1.0
法规,0.0,3.0,0.0,1.0
庆,0.0,3.0,0.0,1.0
人们,0.0,3.0,0.0,1.0
同样,0.0,3.0,0.0,1.0
扣除非,0.0,6.0,0.0,1.0
盛宴,0.0,3.0,0.0,1.0
床垫,0.0,72.0,0.0,1.0
省,0.0,3.0,0.0,1.0
材料,0.0,3.0,0.0,1.0
严格,0.0,3.0,0.0,1.0
巨头,0.0,3.0,0.0,1.0
吻合,0.0,3.0,0.0,1.0
本次,0.0,6.0,0.0,1.0
按照,0.0,3.0,0.0,1.0
让,0.0,15.0,0.0,1.0
SH,0.0,3.0,0.0,1.0
优家购,0.0,6.0,0.0,1.0
文化传媒,0.0,3.0,0.0,1.0
小时,0.0,3.0,0.0,1.0
公司,0.0,48.0,0.0,1.0
tx1,0.0,3.0,0.0,1.0
扩张期,0.0,6.0,0.0,1.0
26.99,0.0,3.0,0.0,1.0
软体,0.0,3.0,0.0,1.0
无,0.0,3.0,0.0,1.0
SRC,0.0,42.0,0.0,1.0
成立,0.0,6.0,0.0,1.0
含量,0.0,3.0,0.0,1.0
生产,0.0,6.0,0.0,1.0
关注,0.0,12.0,0.0,1.0
1501063224597,0.0,3.0,0.0,1.0
全新,0.0,3.0,0.0,1.0
从业者,0.0,3.0,0.0,1.0
智能家居,0.0,3.0,0.0,1.0
借助,0.0,3.0,0.0,1.0
应该,0.0,3.0,0.0,1.0
记者,0.0,3.0,0.0,1.0
如今,0.0,3.0,0.0,1.0
标题,0.0,3.0,0.0,1.0
展会,0.0,3.0,0.0,1.0
募集,0.0,15.0,0.0,1.0
这个,0.0,3.0,0.0,1.0
c533adedf99d,0.0,3.0,0.0,1.0
所要,0.0,3.0,0.0,1.0
广泛应用,0.0,3.0,0.0,1.0
系列,0.0,9.0,0.0,1.0
木制,0.0,3.0,0.0,1.0
合作,0.0,3.0,0.0,1.0
净眠,0.0,3.0,0.0,1.0
期内,0.0,6.0,0.0,1.0
办法,0.0,9.0,0.0,1.0
各项,0.0,3.0,0.0,1.0
惊艳,0.0,6.0,0.0,1.0
融入,0.0,3.0,0.0,1.0
并且,0.0,3.0,0.0,1.0
