日,0.0,116.0,0.0,1.0
一片,0.0,3.0,0.0,1.0
茅台,0.0,3.0,0.0,1.0
专程,0.0,3.0,0.0,1.0
广大,0.0,6.0,0.0,1.0
整合,0.0,3.0,0.0,1.0
丰林,0.0,21.0,0.0,1.0
工程,0.0,3.0,0.0,1.0
之,0.0,3.0,0.0,1.0
…,0.0,12.0,0.0,1.0
至,0.0,9.0,0.0,1.0
一切,0.0,6.0,0.0,1.0
仿造,0.0,6.0,0.0,1.0
商务局,0.0,3.0,0.0,1.0
年初,0.0,3.0,0.0,1.0
标志性,0.0,3.0,0.0,1.0
同行业,0.0,6.0,0.0,1.0
AblUZTzBICTCgL2eCe1Pcf6Ktd8VrSSW0y6NibwxXRxibcTcpicJOCdzUVHeSgGeSLo25HURXRVpvOfGR731iaYbeg,0.0,3.0,0.0,1.0
速生,0.0,3.0,0.0,1.0
90,0.0,6.0,0.0,1.0
完成,0.0,6.0,0.0,1.0
树种,0.0,3.0,0.0,1.0
抢注,0.0,3.0,0.0,1.0
AblUZTzBICQ8TDCpB81Lfk7TgW8zObiaRv9DNIdS30YgHK8ianJ7kPneYn3Kic68BkWUHW1PPtTiaMmv2JtyW3akcg,0.0,9.0,0.0,1.0
占,0.0,18.0,0.0,1.0
并于,0.0,9.0,0.0,1.0
选用,0.0,3.0,0.0,1.0
领导,0.0,3.0,0.0,1.0
货架,0.0,3.0,0.0,1.0
移,0.0,3.0,0.0,1.0
无保留,0.0,3.0,0.0,1.0
生产流程,0.0,3.0,0.0,1.0
不在话下,0.0,3.0,0.0,1.0
规则,0.0,9.0,0.0,1.0
689,0.0,3.0,0.0,1.0
林检站,0.0,3.0,0.0,1.0
独家,0.0,9.0,0.0,1.0
采购,0.0,6.0,0.0,1.0
此次,0.0,21.0,0.0,1.0
HN105,0.0,6.0,0.0,1.0
彰显,0.0,6.0,0.0,1.0
环保,0.0,222.0,0.0,1.0
深耕,0.0,3.0,0.0,1.0
制造厂,0.0,3.0,0.0,1.0
左是,0.0,3.0,0.0,1.0
下属,0.0,9.0,0.0,1.0
:,0.0,141.0,0.0,1.0
妹子,0.0,3.0,0.0,1.0
野狼,6.0,0.0,1.0,0.0
进出口,0.0,6.0,0.0,1.0
木龙骨,0.0,6.0,0.0,1.0
精准度,0.0,3.0,0.0,1.0
0,0.0,150.0,0.0,1.0
街兔,0.0,3.0,0.0,1.0
认可,0.0,3.0,0.0,1.0
现有,0.0,3.0,0.0,1.0
拿尺,0.0,3.0,0.0,1.0
油漆味,0.0,3.0,0.0,1.0
12,0.0,12.0,0.0,1.0
火热,0.0,6.0,0.0,1.0
德华,0.0,100.0,0.0,1.0
当地,0.0,3.0,0.0,1.0
i0,0.0,6.0,0.0,1.0
吊顶,0.0,3.0,0.0,1.0
YHSiamlMTYLYbfpPiaFN5e0EXuOgACg6n5X4QIcQ1iaoIsscxib1yB,0.0,3.0,0.0,1.0
为此,0.0,6.0,0.0,1.0
平稳,0.0,3.0,0.0,1.0
曲美,0.0,3.0,0.0,1.0
不懈努力,0.0,3.0,0.0,1.0
空白,0.0,3.0,0.0,1.0
标准,0.0,24.0,0.0,1.0
对象,0.0,3.0,0.0,1.0
加大,0.0,3.0,0.0,1.0
件,0.0,15.0,0.0,1.0
增持,0.0,3.0,0.0,1.0
跌停,0.0,6.0,0.0,1.0
佳佳,0.0,6.0,0.0,1.0
只要,0.0,6.0,0.0,1.0
坚持,0.0,9.0,0.0,1.0
室内环境,0.0,3.0,0.0,1.0
一方面,0.0,12.0,0.0,1.0
4337.94,0.0,3.0,0.0,1.0
上海,0.0,3.0,0.0,1.0
清洁,0.0,3.0,0.0,1.0
地方,0.0,6.0,0.0,1.0
用途,0.0,3.0,0.0,1.0
10,0.0,51.0,0.0,1.0
胶合板,0.0,18.0,0.0,1.0
股份,0.0,82.0,0.0,1.0
大牌,0.0,6.0,0.0,1.0
灵活,0.0,3.0,0.0,1.0
跑,0.0,3.0,0.0,1.0
力量雄厚,0.0,3.0,0.0,1.0
出,0.0,12.0,0.0,1.0
颁发,0.0,3.0,0.0,1.0
锂业,0.0,3.0,0.0,1.0
来自,0.0,3.0,0.0,1.0
获,0.0,6.0,0.0,1.0
WS0QrsxNkogtgF596z6EVT4ia7EK9lQMJgYn2pfIIqfibS22KTGWk4TlQo74h7OSEwdicZ6HnArib9lf8ga6uNrvPw,0.0,3.0,0.0,1.0
行程,3.0,0.0,1.0,0.0
洞,0.0,3.0,0.0,1.0
喜欢,0.0,3.0,0.0,1.0
请,0.0,9.0,0.0,1.0
锁业,0.0,3.0,0.0,1.0
淡雅,0.0,3.0,0.0,1.0
联手,0.0,3.0,0.0,1.0
截止,0.0,3.0,0.0,1.0
精品,0.0,6.0,0.0,1.0
FibYv0qrEqzhkUKicBexcFr8wdiavia55JibxHEUSgSzkdBfZRYx5rZRtfMTsxliaMqNn5a5w,0.0,3.0,0.0,1.0
姿势,0.0,3.0,0.0,1.0
五粮液,0.0,3.0,0.0,1.0
奢华,0.0,3.0,0.0,1.0
林木,0.0,3.0,0.0,1.0
04,0.0,6.0,0.0,1.0
框架,0.0,3.0,0.0,1.0
座谈会,0.0,3.0,0.0,1.0
经过,0.0,9.0,0.0,1.0
胶粘剂,0.0,18.0,0.0,1.0
主会场,0.0,9.0,0.0,1.0
作为,0.0,15.0,0.0,1.0
和讯网,0.0,9.0,0.0,1.0
闭幕,0.0,3.0,0.0,1.0
潇,0.0,6.0,0.0,1.0
118,0.0,3.0,0.0,1.0
发出,0.0,3.0,0.0,1.0
水源,0.0,3.0,0.0,1.0
三等奖,0.0,3.0,0.0,1.0
管理,0.0,12.0,0.0,1.0
期间,0.0,9.0,0.0,1.0
1.6,0.0,3.0,0.0,1.0
21.9285,0.0,3.0,0.0,1.0
网宿,0.0,3.0,0.0,1.0
7,0.0,24.0,0.0,1.0
优势,0.0,18.0,0.0,1.0
全体,0.0,3.0,0.0,1.0
还是,0.0,3.0,0.0,1.0
免,0.0,3.0,0.0,1.0
台军,6.0,0.0,1.0,0.0
五金,0.0,9.0,0.0,1.0
】,0.0,24.0,0.0,1.0
短线,0.0,3.0,0.0,1.0
加速,0.0,3.0,0.0,1.0
创建,0.0,15.0,0.0,1.0
条,0.0,9.0,0.0,1.0
上旬,0.0,3.0,0.0,1.0
dnTKOUjYTo3TVn0qqOybOFE2ax7hveibG2PucWr2LhmfgEhjqk1TOKTzB61NciaQy3aUicAar9Nl57nTHQ6Z39G1A,0.0,3.0,0.0,1.0
遭到,0.0,3.0,0.0,1.0
不到,0.0,6.0,0.0,1.0
101,0.0,3.0,0.0,1.0
高峰论坛,0.0,6.0,0.0,1.0
发展,0.0,30.0,0.0,1.0
成立,0.0,18.0,0.0,1.0
最大,0.0,6.0,0.0,1.0
从,0.0,21.0,0.0,1.0
50,0.0,9.0,0.0,1.0
工作,0.0,6.0,0.0,1.0
内以,0.0,3.0,0.0,1.0
+,0.0,3.0,0.0,1.0
2000,3.0,15.0,0.16666666666666666,0.8333333333333334
做法,0.0,3.0,0.0,1.0
于全,0.0,3.0,0.0,1.0
进展,0.0,3.0,0.0,1.0
1993,0.0,18.0,0.0,1.0
变色,0.0,3.0,0.0,1.0
15800,0.0,3.0,0.0,1.0
写个,0.0,3.0,0.0,1.0
爱家,0.0,3.0,0.0,1.0
如兔,0.0,6.0,0.0,1.0
艾伯塔,0.0,3.0,0.0,1.0
专业,0.0,15.0,0.0,1.0
资金,0.0,3.0,0.0,1.0
推广部,0.0,6.0,0.0,1.0
走进,0.0,12.0,0.0,1.0
三果,0.0,24.0,0.0,1.0
银河,0.0,3.0,0.0,1.0
都,9.0,54.0,0.14285714285714285,0.8571428571428571
实用新型,0.0,3.0,0.0,1.0
证书,0.0,3.0,0.0,1.0
散乱,0.0,3.0,0.0,1.0
如何,0.0,3.0,0.0,1.0
空军,3.0,0.0,1.0,0.0
脚步,0.0,3.0,0.0,1.0
先锋,0.0,3.0,0.0,1.0
互动,0.0,3.0,0.0,1.0
营销,0.0,9.0,0.0,1.0
局面,0.0,3.0,0.0,1.0
指数,0.0,3.0,0.0,1.0
TUBAO,0.0,6.0,0.0,1.0
监管,0.0,18.0,0.0,1.0
FYvBxVkBdqQicWbOa63X9sIEdiaWrfJicUpO3MJOSAoYpdz1fyY7LdX8ovw2DNBPUSdKdDMaoEbdsC2KiasSyz9smw,0.0,3.0,0.0,1.0
跌停板,0.0,3.0,0.0,1.0
价格,0.0,12.0,0.0,1.0
家喻户晓,0.0,6.0,0.0,1.0
防水,0.0,6.0,0.0,1.0
顾客,0.0,3.0,0.0,1.0
采访,0.0,3.0,0.0,1.0
说话,0.0,12.0,0.0,1.0
模压,0.0,3.0,0.0,1.0
三,0.0,9.0,0.0,1.0
闻,0.0,3.0,0.0,1.0
法,0.0,9.0,0.0,1.0
1977,0.0,9.0,0.0,1.0
超,0.0,3.0,0.0,1.0
按,0.0,3.0,0.0,1.0
中国林科院,0.0,6.0,0.0,1.0
合,0.0,6.0,0.0,1.0
低于,0.0,3.0,0.0,1.0
博览,0.0,15.0,0.0,1.0
交易方式,0.0,6.0,0.0,1.0
无法,0.0,6.0,0.0,1.0
承诺,0.0,9.0,0.0,1.0
倒逼,0.0,3.0,0.0,1.0
轻,0.0,3.0,0.0,1.0
互联网,0.0,3.0,0.0,1.0
伟大,0.0,3.0,0.0,1.0
特别,0.0,9.0,0.0,1.0
i7,0.0,6.0,0.0,1.0
消费品,0.0,6.0,0.0,1.0
增长,0.0,6.0,0.0,1.0
三季,0.0,3.0,0.0,1.0
人多,0.0,3.0,0.0,1.0
往往,0.0,3.0,0.0,1.0
明星,0.0,3.0,0.0,1.0
117.4268,0.0,3.0,0.0,1.0
胶粘,0.0,3.0,0.0,1.0
日才,0.0,3.0,0.0,1.0
研究院,0.0,27.0,0.0,1.0
递增,0.0,3.0,0.0,1.0
地板,0.0,150.0,0.0,1.0
 ,54.0,510.0,0.09574468085106383,0.9042553191489362
导入,0.0,3.0,0.0,1.0
饭,0.0,3.0,0.0,1.0
更新,0.0,3.0,0.0,1.0
CzkJkM2x7US0ia5c4Pw8uHIJ5d87A3KEskkAaOCMEQKKsbNxcaft93e8fecoicTjiaMsWw1TeL3grJENFMNCVuxhg,0.0,3.0,0.0,1.0
构建,0.0,3.0,0.0,1.0
副县长,0.0,3.0,0.0,1.0
资料,0.0,3.0,0.0,1.0
己任,0.0,3.0,0.0,1.0
有误,0.0,3.0,0.0,1.0
真的,0.0,6.0,0.0,1.0
朴实,0.0,3.0,0.0,1.0
年度,0.0,3.0,0.0,1.0
货款,0.0,3.0,0.0,1.0
系因,0.0,3.0,0.0,1.0
扫描,0.0,3.0,0.0,1.0
fNGPPECGRZKQ4jTQ,0.0,3.0,0.0,1.0
肩负着,0.0,6.0,0.0,1.0
工作站,0.0,6.0,0.0,1.0
系列,0.0,27.0,0.0,1.0
不散,0.0,3.0,0.0,1.0
部分,0.0,6.0,0.0,1.0
标杆,0.0,9.0,0.0,1.0
酷瓷,0.0,3.0,0.0,1.0
对丁,0.0,3.0,0.0,1.0
》,0.0,18.0,0.0,1.0
39,0.0,3.0,0.0,1.0
图案,2.0,0.0,1.0,0.0
豪华,0.0,3.0,0.0,1.0
箭牌,0.0,3.0,0.0,1.0
总经理,0.0,9.0,0.0,1.0
涵盖,0.0,3.0,0.0,1.0
人造板,0.0,9.0,0.0,1.0
承接,0.0,3.0,0.0,1.0
主,0.0,6.0,0.0,1.0
px9KiccaOBQMias6LQ93RiaRAZcOzhCU2yTcwJzbrZT1kSl1VpNfw6Ht9eeoKMWjMdYsz5uQvXQ,0.0,3.0,0.0,1.0
需求,0.0,3.0,0.0,1.0
体验式,0.0,3.0,0.0,1.0
升,0.0,6.0,0.0,1.0
充分肯定,0.0,3.0,0.0,1.0
会,0.0,15.0,0.0,1.0
拥有,0.0,6.0,0.0,1.0
多,0.0,21.0,0.0,1.0
覆盖,0.0,3.0,0.0,1.0
先后,0.0,6.0,0.0,1.0
专卖店,0.0,18.0,0.0,1.0
激烈,0.0,6.0,0.0,1.0
领取,0.0,3.0,0.0,1.0
赞誉,0.0,3.0,0.0,1.0
意义,0.0,3.0,0.0,1.0
认证,0.0,15.0,0.0,1.0
原木,0.0,12.0,0.0,1.0
猜中,0.0,3.0,0.0,1.0
敬请期待,3.0,0.0,1.0,0.0
知情权,0.0,3.0,0.0,1.0
亏,0.0,3.0,0.0,1.0
qpi,0.0,3.0,0.0,1.0
丁观,0.0,6.0,0.0,1.0
2013,0.0,12.0,0.0,1.0
44,0.0,3.0,0.0,1.0
向上,0.0,3.0,0.0,1.0
化工,0.0,3.0,0.0,1.0
中心,0.0,18.0,0.0,1.0
一只,3.0,0.0,1.0,0.0
亦,0.0,3.0,0.0,1.0
开始,0.0,3.0,0.0,1.0
选兔,0.0,3.0,0.0,1.0
由,8.0,12.0,0.4,0.6
更新换代,0.0,3.0,0.0,1.0
做工,0.0,3.0,0.0,1.0
关系,0.0,6.0,0.0,1.0
完全,0.0,3.0,0.0,1.0
外,0.0,6.0,0.0,1.0
月,0.0,157.0,0.0,1.0
据亲,3.0,0.0,1.0,0.0
空气,0.0,9.0,0.0,1.0
人,0.0,6.0,0.0,1.0
此,0.0,9.0,0.0,1.0
产销,0.0,3.0,0.0,1.0
摆脱,0.0,3.0,0.0,1.0
尊重,0.0,3.0,0.0,1.0
仿古,0.0,3.0,0.0,1.0
头,0.0,3.0,0.0,1.0
收益,0.0,3.0,0.0,1.0
报道,3.0,6.0,0.3333333333333333,0.6666666666666666
邱友锋,0.0,6.0,0.0,1.0
黏剂,0.0,3.0,0.0,1.0
stcn,0.0,1.0,0.0,1.0
木工板,0.0,3.0,0.0,1.0
/,0.0,711.0,0.0,1.0
解决,0.0,9.0,0.0,1.0
拱墅区,0.0,3.0,0.0,1.0
木工,0.0,15.0,0.0,1.0
铺装,0.0,3.0,0.0,1.0
别的,0.0,3.0,0.0,1.0
勋章,0.0,9.0,0.0,1.0
载体,0.0,3.0,0.0,1.0
—,3.0,36.0,0.07692307692307693,0.9230769230769231
就此,0.0,3.0,0.0,1.0
646,0.0,3.0,0.0,1.0
运用,0.0,9.0,0.0,1.0
挑剔,0.0,3.0,0.0,1.0
甲醛,0.0,30.0,0.0,1.0
18,0.0,12.0,0.0,1.0
FYvBxVkBdqSlafAx00mAFFdlVa3OSBFspeD2OOB2NicD,0.0,3.0,0.0,1.0
调研组,0.0,6.0,0.0,1.0
食品,0.0,3.0,0.0,1.0
拟,0.0,6.0,0.0,1.0
比亚迪,0.0,3.0,0.0,1.0
控股,0.0,19.0,0.0,1.0
希刚,0.0,15.0,0.0,1.0
污染,0.0,6.0,0.0,1.0
648,0.0,3.0,0.0,1.0
板面,0.0,3.0,0.0,1.0
129.6294,0.0,3.0,0.0,1.0
内部,0.0,3.0,0.0,1.0
李良彬,0.0,3.0,0.0,1.0
负责人,0.0,15.0,0.0,1.0
意美,0.0,3.0,0.0,1.0
高大,0.0,3.0,0.0,1.0
明显,0.0,18.0,0.0,1.0
圆方,0.0,6.0,0.0,1.0
龙头,0.0,9.0,0.0,1.0
西路,0.0,3.0,0.0,1.0
551.4941,0.0,3.0,0.0,1.0
前沿技术,0.0,6.0,0.0,1.0
2016,0.0,33.0,0.0,1.0
0.1,0.0,12.0,0.0,1.0
世界性,0.0,3.0,0.0,1.0
史无前例,0.0,3.0,0.0,1.0
分,0.0,3.0,0.0,1.0
重大,0.0,3.0,0.0,1.0
辅料,0.0,3.0,0.0,1.0
详细,0.0,6.0,0.0,1.0
申请专利,0.0,3.0,0.0,1.0
理解,0.0,3.0,0.0,1.0
考虑,0.0,3.0,0.0,1.0
残留,0.0,3.0,0.0,1.0
有没有,0.0,3.0,0.0,1.0
360,0.0,18.0,0.0,1.0
区分,0.0,3.0,0.0,1.0
城,0.0,15.0,0.0,1.0
发展前景,0.0,3.0,0.0,1.0
丁世忠,0.0,3.0,0.0,1.0
后,0.0,21.0,0.0,1.0
市占率,0.0,9.0,0.0,1.0
王凤英,0.0,3.0,0.0,1.0
289.7957,0.0,3.0,0.0,1.0
新品,0.0,15.0,0.0,1.0
标识,0.0,9.0,0.0,1.0
产业,0.0,9.0,0.0,1.0
缘何,0.0,3.0,0.0,1.0
著名品牌,0.0,9.0,0.0,1.0
出口,0.0,3.0,0.0,1.0
2.2,0.0,6.0,0.0,1.0
性,0.0,3.0,0.0,1.0
强大,0.0,3.0,0.0,1.0
凸显,0.0,3.0,0.0,1.0
至今,0.0,12.0,0.0,1.0
时,0.0,9.0,0.0,1.0
从事,0.0,9.0,0.0,1.0
缓解,0.0,3.0,0.0,1.0
峰会,0.0,3.0,0.0,1.0
幻影,3.0,0.0,1.0,0.0
张,0.0,3.0,0.0,1.0
谈到,0.0,6.0,0.0,1.0
领先,0.0,18.0,0.0,1.0
几乎,0.0,6.0,0.0,1.0
第六,0.0,3.0,0.0,1.0
主流产品,0.0,3.0,0.0,1.0
包括,0.0,18.0,0.0,1.0
制漆,0.0,3.0,0.0,1.0
九牧,0.0,3.0,0.0,1.0
皮,0.0,6.0,0.0,1.0
安检,0.0,3.0,0.0,1.0
家居装饰,0.0,6.0,0.0,1.0
LD,0.0,3.0,0.0,1.0
CzkJkM2x7UTWQfj6GsKIZibh4IvVCCRQ5lC0RUaUe0p70TOicA871XjzEprJnJnvLibRia7z56THtHjNlq0uGOicu5g,0.0,3.0,0.0,1.0
国家标准,0.0,9.0,0.0,1.0
搭建,0.0,3.0,0.0,1.0
质量指标,0.0,3.0,0.0,1.0
负,0.0,3.0,0.0,1.0
调试,0.0,6.0,0.0,1.0
做强,0.0,3.0,0.0,1.0
调研,0.0,15.0,0.0,1.0
赞,0.0,3.0,0.0,1.0
各种,0.0,15.0,0.0,1.0
保护,0.0,9.0,0.0,1.0
共,0.0,3.0,0.0,1.0
代表,0.0,9.0,0.0,1.0
凯奇,0.0,3.0,0.0,1.0
使,0.0,6.0,0.0,1.0
里程碑,0.0,3.0,0.0,1.0
19800,0.0,6.0,0.0,1.0
加入,0.0,3.0,0.0,1.0
根据,0.0,12.0,0.0,1.0
重任,0.0,6.0,0.0,1.0
矛盾,0.0,3.0,0.0,1.0
如潮,0.0,3.0,0.0,1.0
NO,0.0,6.0,0.0,1.0
项,0.0,9.0,0.0,1.0
柜,0.0,3.0,0.0,1.0
防水材料,0.0,3.0,0.0,1.0
分为,0.0,6.0,0.0,1.0
强劲,0.0,3.0,0.0,1.0
高度集中,0.0,3.0,0.0,1.0
且,0.0,6.0,0.0,1.0
交易日,0.0,9.0,0.0,1.0
zhkUPojc5O2KcmhoKl6icficRzBZOojOnKzAkR2BJelxFTmo4soIDeG4STww,0.0,3.0,0.0,1.0
拿来,3.0,0.0,1.0,0.0
胶,0.0,21.0,0.0,1.0
彩绘,3.0,0.0,1.0,0.0
941,0.0,3.0,0.0,1.0
近日,0.0,6.0,0.0,1.0
导读,0.0,3.0,0.0,1.0
不止,0.0,3.0,0.0,1.0
免漆板,0.0,3.0,0.0,1.0
流程,0.0,3.0,0.0,1.0
区域,0.0,9.0,0.0,1.0
新型,0.0,3.0,0.0,1.0
酒店,0.0,3.0,0.0,1.0
服务,0.0,24.0,0.0,1.0
可以,0.0,33.0,0.0,1.0
主营,0.0,3.0,0.0,1.0
167.2544,0.0,3.0,0.0,1.0
制造,0.0,6.0,0.0,1.0
当然,0.0,6.0,0.0,1.0
六,0.0,6.0,0.0,1.0
小,0.0,3.0,0.0,1.0
2005,0.0,18.0,0.0,1.0
现金,0.0,18.0,0.0,1.0
本周,0.0,3.0,0.0,1.0
普及,0.0,3.0,0.0,1.0
豪斯,0.0,3.0,0.0,1.0
农林,0.0,12.0,0.0,1.0
白马股,0.0,3.0,0.0,1.0
花蒋,0.0,3.0,0.0,1.0
您,0.0,21.0,0.0,1.0
长期以来,0.0,9.0,0.0,1.0
：,0.0,189.0,0.0,1.0
4nx4IjOicdr2OmV5l4SfkhoT5hlicA5T2HSQhrVEYyiappK3AndzicWQcVC8V0dWTciag,0.0,3.0,0.0,1.0
研究成果,0.0,3.0,0.0,1.0
卡通,3.0,0.0,1.0,0.0
标的,0.0,3.0,0.0,1.0
APEC,0.0,3.0,0.0,1.0
部,0.0,18.0,0.0,1.0
涨幅,0.0,9.0,0.0,1.0
定期,0.0,3.0,0.0,1.0
密不可分,0.0,3.0,0.0,1.0
德清,0.0,3.0,0.0,1.0
成交量,0.0,3.0,0.0,1.0
13.54,0.0,3.0,0.0,1.0
高潮,0.0,3.0,0.0,1.0
）,3.0,100.0,0.02912621359223301,0.970873786407767
木线条,0.0,3.0,0.0,1.0
贵是,0.0,3.0,0.0,1.0
齐声,0.0,3.0,0.0,1.0
希望,0.0,3.0,0.0,1.0
电线,0.0,3.0,0.0,1.0
投资,0.0,3.0,0.0,1.0
油漆,0.0,15.0,0.0,1.0
百货,0.0,3.0,0.0,1.0
渠道,0.0,12.0,0.0,1.0
投产,0.0,9.0,0.0,1.0
8,0.0,3.0,0.0,1.0
形成,0.0,9.0,0.0,1.0
漆,0.0,6.0,0.0,1.0
有效,0.0,3.0,0.0,1.0
智能,0.0,9.0,0.0,1.0
BDVwY9Rf2kc8vvl77fvRzmJkU9WL6rVicLMGqKfNGPPECGRZKQ4jTQ,0.0,3.0,0.0,1.0
县城,0.0,3.0,0.0,1.0
呵护,0.0,3.0,0.0,1.0
价值,0.0,3.0,0.0,1.0
千平方米,0.0,3.0,0.0,1.0
商标,0.0,3.0,0.0,1.0
能力,0.0,18.0,0.0,1.0
冯晨阳,0.0,6.0,0.0,1.0
上市,0.0,45.0,0.0,1.0
后续,0.0,9.0,0.0,1.0
影响,0.0,3.0,0.0,1.0
生产线,0.0,12.0,0.0,1.0
建立,0.0,3.0,0.0,1.0
做到,0.0,12.0,0.0,1.0
地域,0.0,6.0,0.0,1.0
编辑整理,0.0,6.0,0.0,1.0
绿胜,0.0,3.0,0.0,1.0
醛,0.0,3.0,0.0,1.0
规模化,0.0,3.0,0.0,1.0
品,0.0,3.0,0.0,1.0
一直,0.0,24.0,0.0,1.0
2018,0.0,3.0,0.0,1.0
展位,0.0,3.0,0.0,1.0
好多,0.0,3.0,0.0,1.0
终端,0.0,3.0,0.0,1.0
QBM4BMZSU0GPg,0.0,3.0,0.0,1.0
行为,0.0,3.0,0.0,1.0
德城,0.0,9.0,0.0,1.0
其它,0.0,3.0,0.0,1.0
注,0.0,3.0,0.0,1.0
平均,0.0,3.0,0.0,1.0
四大,0.0,3.0,0.0,1.0
量,0.0,24.0,0.0,1.0
操作,0.0,9.0,0.0,1.0
仅,0.0,9.0,0.0,1.0
竭净醛力,0.0,3.0,0.0,1.0
和德华,0.0,3.0,0.0,1.0
第二期,0.0,6.0,0.0,1.0
规模,0.0,18.0,0.0,1.0
第三招,0.0,3.0,0.0,1.0
图片,0.0,3.0,0.0,1.0
公布,0.0,9.0,0.0,1.0
649,0.0,3.0,0.0,1.0
丰富,0.0,3.0,0.0,1.0
王潇燕,0.0,6.0,0.0,1.0
完,0.0,3.0,0.0,1.0
一块,0.0,3.0,0.0,1.0
千余,0.0,3.0,0.0,1.0
板柜体,0.0,3.0,0.0,1.0
一个,0.0,3.0,0.0,1.0
双反案,0.0,3.0,0.0,1.0
cmZTEobicdDgAEot8cOq9Ec9aiarLjFpibNaP6DFAw4p7IzP49XRr6kSCxDUfl9SibYFd9AvvWwA,0.0,3.0,0.0,1.0
没有,0.0,12.0,0.0,1.0
联系,0.0,3.0,0.0,1.0
美丽,3.0,0.0,1.0,0.0
放量,0.0,6.0,0.0,1.0
诊股,0.0,1.0,0.0,1.0
麻烦,0.0,3.0,0.0,1.0
利空,0.0,6.0,0.0,1.0
此前,0.0,15.0,0.0,1.0
下榻,0.0,3.0,0.0,1.0
布局,0.0,12.0,0.0,1.0
复合地板,0.0,6.0,0.0,1.0
浓度,0.0,3.0,0.0,1.0
恒大,0.0,3.0,0.0,1.0
度除,0.0,3.0,0.0,1.0
天然,0.0,3.0,0.0,1.0
吃,0.0,6.0,0.0,1.0
突发,0.0,3.0,0.0,1.0
之后,0.0,6.0,0.0,1.0
现在,0.0,15.0,0.0,1.0
稳居,0.0,3.0,0.0,1.0
13.02,0.0,3.0,0.0,1.0
连年,0.0,3.0,0.0,1.0
近些年,0.0,3.0,0.0,1.0
lucker,0.0,3.0,0.0,1.0
七大,0.0,9.0,0.0,1.0
兔,23.0,1039.0,0.021657250470809793,0.9783427495291902
业务,0.0,9.0,0.0,1.0
来看,0.0,3.0,0.0,1.0
道工序,0.0,6.0,0.0,1.0
十多年,0.0,3.0,0.0,1.0
芬于,0.0,6.0,0.0,1.0
薄木,0.0,6.0,0.0,1.0
不同于,0.0,3.0,0.0,1.0
国家,0.0,21.0,0.0,1.0
廉价,0.0,3.0,0.0,1.0
属于,0.0,3.0,0.0,1.0
环球,0.0,3.0,0.0,1.0
得到,0.0,15.0,0.0,1.0
浙江省,0.0,3.0,0.0,1.0
1233.5,0.0,4.0,0.0,1.0
136.5672,0.0,3.0,0.0,1.0
所用,0.0,6.0,0.0,1.0
台军经,2.0,0.0,1.0,0.0
经理,0.0,21.0,0.0,1.0
木,0.0,24.0,0.0,1.0
147,0.0,3.0,0.0,1.0
环境卫生,0.0,3.0,0.0,1.0
产品,0.0,126.0,0.0,1.0
足以,0.0,3.0,0.0,1.0
贴,0.0,15.0,0.0,1.0
两款,0.0,3.0,0.0,1.0
打造,0.0,15.0,0.0,1.0
主题,0.0,3.0,0.0,1.0
时代,0.0,3.0,0.0,1.0
甚至,3.0,6.0,0.3333333333333333,0.6666666666666666
公司业绩,0.0,6.0,0.0,1.0
前,0.0,9.0,0.0,1.0
港,0.0,3.0,0.0,1.0
跳色,0.0,3.0,0.0,1.0
平均值,0.0,3.0,0.0,1.0
工人,0.0,6.0,0.0,1.0
或者,0.0,3.0,0.0,1.0
3NsG9UCb5aVIsy3FRMcsLvlwwNm6iaTH8OZJmMIvAlm6E6HE6tECFMPyUWNdsIo7Jg4EV6qwaMfZibwBg,0.0,3.0,0.0,1.0
肩负,0.0,3.0,0.0,1.0
才能,0.0,3.0,0.0,1.0
毕业,0.0,9.0,0.0,1.0
好莱客,0.0,3.0,0.0,1.0
彻底,0.0,6.0,0.0,1.0
战略,0.0,15.0,0.0,1.0
品味,0.0,6.0,0.0,1.0
原本,0.0,6.0,0.0,1.0
结束,0.0,6.0,0.0,1.0
贵州,0.0,3.0,0.0,1.0
www,0.0,1.0,0.0,1.0
品牌,0.0,120.0,0.0,1.0
真正,0.0,12.0,0.0,1.0
显示,0.0,18.0,0.0,1.0
礼,0.0,3.0,0.0,1.0
玻璃纤维,0.0,3.0,0.0,1.0
力度,0.0,3.0,0.0,1.0
转型,0.0,6.0,0.0,1.0
号楼,0.0,3.0,0.0,1.0
新材,0.0,66.0,0.0,1.0
结构,0.0,3.0,0.0,1.0
难,0.0,3.0,0.0,1.0
Homedepot,0.0,3.0,0.0,1.0
阶段,0.0,3.0,0.0,1.0
用心,0.0,3.0,0.0,1.0
成长,0.0,9.0,0.0,1.0
海关,0.0,12.0,0.0,1.0
40.0122,0.0,3.0,0.0,1.0
地址,0.0,9.0,0.0,1.0
仍,0.0,6.0,0.0,1.0
大幅,0.0,15.0,0.0,1.0
职工,0.0,3.0,0.0,1.0
已,0.0,42.0,0.0,1.0
可到,0.0,3.0,0.0,1.0
得,0.0,3.0,0.0,1.0
简称,0.0,18.0,0.0,1.0
尽量少,0.0,3.0,0.0,1.0
长,0.0,3.0,0.0,1.0
区,0.0,3.0,0.0,1.0
如此,0.0,9.0,0.0,1.0
多个,0.0,3.0,0.0,1.0
85,0.0,3.0,0.0,1.0
品质,0.0,6.0,0.0,1.0
政府,0.0,6.0,0.0,1.0
混凝土,0.0,3.0,0.0,1.0
冠军,0.0,6.0,0.0,1.0
方案,0.0,3.0,0.0,1.0
虚头,0.0,3.0,0.0,1.0
值得一提的是,0.0,3.0,0.0,1.0
椴木,0.0,3.0,0.0,1.0
眼镜,3.0,0.0,1.0,0.0
维护,0.0,3.0,0.0,1.0
中奖,0.0,3.0,0.0,1.0
核心,0.0,15.0,0.0,1.0
安心,0.0,15.0,0.0,1.0
子公司,0.0,9.0,0.0,1.0
1.4,0.0,1.0,0.0,1.0
应用,0.0,3.0,0.0,1.0
高,0.0,9.0,0.0,1.0
卖,0.0,6.0,0.0,1.0
／,0.0,3.0,0.0,1.0
予以,0.0,3.0,0.0,1.0
一次次,0.0,3.0,0.0,1.0
进一步,0.0,12.0,0.0,1.0
顺利开展,0.0,6.0,0.0,1.0
说明,0.0,6.0,0.0,1.0
量房,0.0,3.0,0.0,1.0
带给,0.0,6.0,0.0,1.0
比例,0.0,4.0,0.0,1.0
高品质,0.0,15.0,0.0,1.0
竞争力,0.0,3.0,0.0,1.0
启动,0.0,3.0,0.0,1.0
6,0.0,42.0,0.0,1.0
亲自,0.0,3.0,0.0,1.0
佼佼者,0.0,3.0,0.0,1.0
完毕,0.0,9.0,0.0,1.0
第三方,0.0,9.0,0.0,1.0
53.5319,0.0,3.0,0.0,1.0
钱,0.0,6.0,0.0,1.0
e,0.0,6.0,0.0,1.0
三道,0.0,3.0,0.0,1.0
最终,0.0,6.0,0.0,1.0
仿真,0.0,3.0,0.0,1.0
1656,0.0,15.0,0.0,1.0
介绍,3.0,9.0,0.25,0.75
节能,0.0,3.0,0.0,1.0
封死,0.0,3.0,0.0,1.0
mmbiz,0.0,192.0,0.0,1.0
产品质量,0.0,6.0,0.0,1.0
58,0.0,3.0,0.0,1.0
其,0.0,24.0,0.0,1.0
9,0.0,24.0,0.0,1.0
当天,0.0,9.0,0.0,1.0
销水,0.0,3.0,0.0,1.0
保驾护航,0.0,6.0,0.0,1.0
网络,0.0,30.0,0.0,1.0
降幅,0.0,9.0,0.0,1.0
二合一,0.0,3.0,0.0,1.0
XZ6TbnhlZcbGUY93aD7gCAECLgjNw6mpMyicaMAe39tlpNnBA,0.0,3.0,0.0,1.0
精,0.0,3.0,0.0,1.0
给出,0.0,6.0,0.0,1.0
榜单,0.0,15.0,0.0,1.0
发展史,0.0,3.0,0.0,1.0
发布公告,0.0,3.0,0.0,1.0
聚,0.0,6.0,0.0,1.0
zMOBoXghWXSUayfX0Q7L3Z6OZs8STcj8yUNZWwA,0.0,3.0,0.0,1.0
四顾,0.0,3.0,0.0,1.0
该股,0.0,6.0,0.0,1.0
简历,0.0,6.0,0.0,1.0
酒,0.0,3.0,0.0,1.0
码,0.0,6.0,0.0,1.0
设备,0.0,15.0,0.0,1.0
天然林,0.0,3.0,0.0,1.0
总公司,0.0,6.0,0.0,1.0
关于,0.0,3.0,0.0,1.0
文一,0.0,3.0,0.0,1.0
实木门,0.0,3.0,0.0,1.0
驰名商标,0.0,3.0,0.0,1.0
模式,0.0,6.0,0.0,1.0
二十多年,0.0,6.0,0.0,1.0
重视,0.0,3.0,0.0,1.0
凯特,0.0,3.0,0.0,1.0
oXghWXSL4IZ9npBJibYoWnDFG3xKichrEGYGxyiaIJYTk3f70KsDWibhVdU7Y3KJeYeNrq2Rag8y6mBNfxUNYA,0.0,3.0,0.0,1.0
同色,0.0,6.0,0.0,1.0
带领,0.0,3.0,0.0,1.0
蜡纸,0.0,3.0,0.0,1.0
合计,0.0,1.0,0.0,1.0
深圳证券交易所,0.0,18.0,0.0,1.0
机器,0.0,6.0,0.0,1.0
原文,0.0,3.0,0.0,1.0
哦,0.0,3.0,0.0,1.0
水井坊,0.0,3.0,0.0,1.0
先进,0.0,9.0,0.0,1.0
任何,0.0,3.0,0.0,1.0
金貂,0.0,3.0,0.0,1.0
2010,0.0,12.0,0.0,1.0
行,0.0,45.0,0.0,1.0
赢,0.0,6.0,0.0,1.0
均价,0.0,9.0,0.0,1.0
创新,0.0,18.0,0.0,1.0
研究所,0.0,3.0,0.0,1.0
奖项,0.0,9.0,0.0,1.0
新一代,0.0,3.0,0.0,1.0
.,0.0,278.0,0.0,1.0
11,0.0,30.0,0.0,1.0
受,0.0,3.0,0.0,1.0
喜加,0.0,3.0,0.0,1.0
丁观芬,0.0,45.0,0.0,1.0
儿童,0.0,9.0,0.0,1.0
业界,0.0,6.0,0.0,1.0
定制,0.0,36.0,0.0,1.0
周期,0.0,6.0,0.0,1.0
欧美,0.0,3.0,0.0,1.0
体育,0.0,3.0,0.0,1.0
胜诉,0.0,3.0,0.0,1.0
打理,0.0,3.0,0.0,1.0
商家,0.0,3.0,0.0,1.0
多层,0.0,3.0,0.0,1.0
不同,0.0,12.0,0.0,1.0
薰衣草,0.0,9.0,0.0,1.0
联合支持,0.0,3.0,0.0,1.0
季报,0.0,3.0,0.0,1.0
工作人员,0.0,3.0,0.0,1.0
把关,0.0,3.0,0.0,1.0
服务供应商,0.0,3.0,0.0,1.0
良心,0.0,3.0,0.0,1.0
wx,0.0,168.0,0.0,1.0
需要,0.0,9.0,0.0,1.0
下游,0.0,3.0,0.0,1.0
瓶颈,0.0,3.0,0.0,1.0
所作,0.0,3.0,0.0,1.0
香味,0.0,3.0,0.0,1.0
锁王,0.0,3.0,0.0,1.0
到位,0.0,3.0,0.0,1.0
建,0.0,3.0,0.0,1.0
股,0.0,48.0,0.0,1.0
关长,0.0,9.0,0.0,1.0
gif,0.0,45.0,0.0,1.0
qpic,0.0,96.0,0.0,1.0
会议,0.0,15.0,0.0,1.0
鲨鱼,3.0,0.0,1.0,0.0
世界,0.0,6.0,0.0,1.0
每一,0.0,3.0,0.0,1.0
二楼,0.0,3.0,0.0,1.0
生活,0.0,24.0,0.0,1.0
产品部,0.0,3.0,0.0,1.0
防止,0.0,6.0,0.0,1.0
开创性,0.0,3.0,0.0,1.0
几年,0.0,3.0,0.0,1.0
研制成功,0.0,6.0,0.0,1.0
2004,0.0,6.0,0.0,1.0
趋弱,0.0,3.0,0.0,1.0
2,0.0,39.0,0.0,1.0
入侵,0.0,6.0,0.0,1.0
dnTKOUjYTo295zngicDBnZmstWjt7cAONIRJOI2R2GaWESVjIsusJXue8R2RWEDibo3ic0Srgn0icd9v8FvcJGA1icA,0.0,3.0,0.0,1.0
带来,0.0,3.0,0.0,1.0
折钜惠,0.0,3.0,0.0,1.0
穿越,0.0,6.0,0.0,1.0
获利,0.0,12.0,0.0,1.0
一边,0.0,6.0,0.0,1.0
实施,0.0,9.0,0.0,1.0
资产,0.0,12.0,0.0,1.0
大大增加,0.0,3.0,0.0,1.0
减少,0.0,6.0,0.0,1.0
定位,0.0,6.0,0.0,1.0
光电,0.0,3.0,0.0,1.0
存在,0.0,3.0,0.0,1.0
负责,0.0,3.0,0.0,1.0
07,0.0,4.0,0.0,1.0
优质,0.0,15.0,0.0,1.0
省级,0.0,3.0,0.0,1.0
信誉,0.0,6.0,0.0,1.0
双方,0.0,6.0,0.0,1.0
致力于,0.0,6.0,0.0,1.0
阐述,0.0,3.0,0.0,1.0
png,0.0,90.0,0.0,1.0
南京,0.0,6.0,0.0,1.0
壮大,0.0,3.0,0.0,1.0
多次,0.0,3.0,0.0,1.0
百亿,0.0,3.0,0.0,1.0
上行,0.0,3.0,0.0,1.0
生动,0.0,3.0,0.0,1.0
正,0.0,3.0,0.0,1.0
市场竞争,0.0,6.0,0.0,1.0
宝,0.0,3.0,0.0,1.0
去年,0.0,6.0,0.0,1.0
亚振,0.0,9.0,0.0,1.0
陆利华向,0.0,3.0,0.0,1.0
绿台媒,3.0,0.0,1.0,0.0
26269026,0.0,3.0,0.0,1.0
木制品,0.0,6.0,0.0,1.0
重组,0.0,9.0,0.0,1.0
全国,0.0,6.0,0.0,1.0
千元,0.0,9.0,0.0,1.0
多项,0.0,9.0,0.0,1.0
建筑,0.0,3.0,0.0,1.0
岭南,0.0,3.0,0.0,1.0
厉害,0.0,6.0,0.0,1.0
下,0.0,9.0,0.0,1.0
贵,0.0,3.0,0.0,1.0
运营,0.0,3.0,0.0,1.0
办公,0.0,3.0,0.0,1.0
2012,0.0,12.0,0.0,1.0
飞行,3.0,0.0,1.0,0.0
阿诺,0.0,6.0,0.0,1.0
华东地区,0.0,3.0,0.0,1.0
情况,0.0,21.0,0.0,1.0
小孔,0.0,3.0,0.0,1.0
测试,0.0,3.0,0.0,1.0
、,3.0,768.0,0.0038910505836575876,0.9961089494163424
中国,0.0,138.0,0.0,1.0
款,0.0,3.0,0.0,1.0
13937035061,0.0,3.0,0.0,1.0
但,0.0,18.0,0.0,1.0
img,0.0,6.0,0.0,1.0
木等,0.0,3.0,0.0,1.0
万元,0.0,21.0,0.0,1.0
填补,0.0,3.0,0.0,1.0
新一轮,0.0,3.0,0.0,1.0
泰,3.0,3.0,0.5,0.5
种类,0.0,6.0,0.0,1.0
主力,0.0,3.0,0.0,1.0
展开,0.0,3.0,0.0,1.0
排,0.0,6.0,0.0,1.0
只有,0.0,3.0,0.0,1.0
掀起,0.0,3.0,0.0,1.0
责任,0.0,3.0,0.0,1.0
不断,0.0,24.0,0.0,1.0
重要,0.0,6.0,0.0,1.0
元三果,0.0,3.0,0.0,1.0
尹纪成,0.0,3.0,0.0,1.0
营建,0.0,3.0,0.0,1.0
效果图,0.0,3.0,0.0,1.0
长期,0.0,3.0,0.0,1.0
贡献,0.0,3.0,0.0,1.0
欧德,0.0,3.0,0.0,1.0
想不到,0.0,3.0,0.0,1.0
注意,0.0,6.0,0.0,1.0
不断扩大,0.0,3.0,0.0,1.0
740,0.0,3.0,0.0,1.0
假冒,0.0,6.0,0.0,1.0
安全,0.0,9.0,0.0,1.0
通关,0.0,6.0,0.0,1.0
16,0.0,9.0,0.0,1.0
创业,0.0,3.0,0.0,1.0
保利,0.0,3.0,0.0,1.0
竞价,0.0,3.0,0.0,1.0
WS0QrsxNkoiakicU4qmicatKGrKVejgVREdiaxpFq4sUYYTic8ueEENGhu5ME23Ss9Pib65xVM7GgT7l3EdUpib6tQ0JA,0.0,9.0,0.0,1.0
行情,0.0,1.0,0.0,1.0
计划,0.0,21.0,0.0,1.0
超标,0.0,3.0,0.0,1.0
4367,0.0,3.0,0.0,1.0
后序,0.0,3.0,0.0,1.0
索菲亚,0.0,3.0,0.0,1.0
13.39,0.0,3.0,0.0,1.0
个人,0.0,6.0,0.0,1.0
外贸,0.0,6.0,0.0,1.0
600,0.0,3.0,0.0,1.0
胶水,0.0,18.0,0.0,1.0
权益,0.0,9.0,0.0,1.0
5.95,0.0,3.0,0.0,1.0
比达,0.0,3.0,0.0,1.0
良好,0.0,3.0,0.0,1.0
诚意,0.0,6.0,0.0,1.0
变成,0.0,6.0,0.0,1.0
稳定,0.0,3.0,0.0,1.0
预期,0.0,3.0,0.0,1.0
市场,0.0,21.0,0.0,1.0
摘自,0.0,3.0,0.0,1.0
来到,0.0,6.0,0.0,1.0
南昌,0.0,21.0,0.0,1.0
6000,0.0,9.0,0.0,1.0
异动,0.0,3.0,0.0,1.0
一次,0.0,12.0,0.0,1.0
铂金,0.0,3.0,0.0,1.0
巴德,0.0,3.0,0.0,1.0
涂刷,0.0,3.0,0.0,1.0
加,0.0,12.0,0.0,1.0
一流,0.0,6.0,0.0,1.0
邀,0.0,9.0,0.0,1.0
进场,0.0,3.0,0.0,1.0
竞争,0.0,3.0,0.0,1.0
人选,0.0,3.0,0.0,1.0
好,0.0,27.0,0.0,1.0
投,0.0,3.0,0.0,1.0
推陈出新,0.0,3.0,0.0,1.0
9846,0.0,3.0,0.0,1.0
梁海,0.0,3.0,0.0,1.0
5000,0.0,3.0,0.0,1.0
联系方式,0.0,3.0,0.0,1.0
准备,0.0,3.0,0.0,1.0
聘请,0.0,3.0,0.0,1.0
成交,0.0,6.0,0.0,1.0
价格战,0.0,3.0,0.0,1.0
打孔,0.0,6.0,0.0,1.0
於,0.0,3.0,0.0,1.0
掌握,0.0,6.0,0.0,1.0
’,0.0,3.0,0.0,1.0
不用,0.0,6.0,0.0,1.0
新潮流,0.0,6.0,0.0,1.0
少,0.0,3.0,0.0,1.0
=,0.0,285.0,0.0,1.0
担任,0.0,15.0,0.0,1.0
烟台,0.0,3.0,0.0,1.0
海螺,0.0,3.0,0.0,1.0
资深,0.0,3.0,0.0,1.0
厨柜,0.0,6.0,0.0,1.0
因投,0.0,3.0,0.0,1.0
8210600,0.0,3.0,0.0,1.0
不便,0.0,3.0,0.0,1.0
林地,0.0,3.0,0.0,1.0
成果,0.0,3.0,0.0,1.0
合川,0.0,6.0,0.0,1.0
上升,0.0,6.0,0.0,1.0
试生产,0.0,3.0,0.0,1.0
顺应,0.0,3.0,0.0,1.0
正式,0.0,15.0,0.0,1.0
经,6.0,12.0,0.3333333333333333,0.6666666666666666
人造,0.0,9.0,0.0,1.0
出以,0.0,3.0,0.0,1.0
标注,0.0,3.0,0.0,1.0
因,0.0,6.0,0.0,1.0
到,0.0,24.0,0.0,1.0
彦,0.0,3.0,0.0,1.0
巨石,0.0,9.0,0.0,1.0
风情,12.0,0.0,1.0,0.0
便宜,0.0,6.0,0.0,1.0
架飞机,3.0,0.0,1.0,0.0
22.36,0.0,3.0,0.0,1.0
标志,0.0,9.0,0.0,1.0
主要,0.0,9.0,0.0,1.0
用材,0.0,6.0,0.0,1.0
墙体,0.0,3.0,0.0,1.0
继续,0.0,6.0,0.0,1.0
★,0.0,12.0,0.0,1.0
L,0.0,3.0,0.0,1.0
一,0.0,9.0,0.0,1.0
精油,0.0,6.0,0.0,1.0
拟自,0.0,3.0,0.0,1.0
今年,0.0,18.0,0.0,1.0
妥妥,0.0,3.0,0.0,1.0
5.3,0.0,3.0,0.0,1.0
市场份额,0.0,3.0,0.0,1.0
国号,8.0,0.0,1.0,0.0
张彤,0.0,3.0,0.0,1.0
北,0.0,3.0,0.0,1.0
低位,0.0,3.0,0.0,1.0
实,0.0,3.0,0.0,1.0
jpeg,0.0,78.0,0.0,1.0
供不应求,0.0,6.0,0.0,1.0
定金,0.0,3.0,0.0,1.0
卖场,0.0,3.0,0.0,1.0
赣锋,0.0,3.0,0.0,1.0
全部,0.0,9.0,0.0,1.0
thsi,0.0,6.0,0.0,1.0
>,0.0,201.0,0.0,1.0
减持,0.0,32.0,0.0,1.0
构成,0.0,3.0,0.0,1.0
利用,0.0,3.0,0.0,1.0
一款,0.0,6.0,0.0,1.0
德菲尔,0.0,3.0,0.0,1.0
老版,0.0,3.0,0.0,1.0
县,0.0,3.0,0.0,1.0
稳定性,0.0,3.0,0.0,1.0
洁具,0.0,3.0,0.0,1.0
4283.39,0.0,3.0,0.0,1.0
可逆,0.0,3.0,0.0,1.0
卫浴,0.0,6.0,0.0,1.0
市值,0.0,9.0,0.0,1.0
成为,0.0,15.0,0.0,1.0
近几年,0.0,3.0,0.0,1.0
外包装,0.0,3.0,0.0,1.0
姚瑶,0.0,3.0,0.0,1.0
涂料,0.0,9.0,0.0,1.0
低,0.0,3.0,0.0,1.0
0.21,0.0,3.0,0.0,1.0
知识,0.0,3.0,0.0,1.0
可,0.0,15.0,0.0,1.0
板免,0.0,3.0,0.0,1.0
显,0.0,3.0,0.0,1.0
E0,0.0,12.0,0.0,1.0
二十年,0.0,3.0,0.0,1.0
橱柜,0.0,6.0,0.0,1.0
海通,0.0,9.0,0.0,1.0
木门,0.0,24.0,0.0,1.0
荣获,0.0,30.0,0.0,1.0
同时,0.0,15.0,0.0,1.0
30,0.0,12.0,0.0,1.0
小径,0.0,3.0,0.0,1.0
08,0.0,3.0,0.0,1.0
G20,0.0,6.0,0.0,1.0
活跃,0.0,6.0,0.0,1.0
是因为,0.0,3.0,0.0,1.0
2500,0.0,3.0,0.0,1.0
技术,0.0,51.0,0.0,1.0
系列产品,0.0,6.0,0.0,1.0
平整度,0.0,3.0,0.0,1.0
战机,5.0,0.0,1.0,0.0
数据,0.0,3.0,0.0,1.0
约翰斯顿,0.0,3.0,0.0,1.0
非常重视,0.0,3.0,0.0,1.0
A股,0.0,12.0,0.0,1.0
重金属,0.0,3.0,0.0,1.0
百合,0.0,3.0,0.0,1.0
门上,0.0,3.0,0.0,1.0
oxF6VooP4aAibj71ytibUVwvhXbzvUwAxLWXA880bFnU5U6kdhrOnYmBSkZGs56AN9K6zMVvicjktW5R3zG05UaPQ,0.0,3.0,0.0,1.0
固定,0.0,3.0,0.0,1.0
zMOBoXghWXQmmTiaatqbpvUOeEX9gzKmxnYQE,0.0,3.0,0.0,1.0
姿态,0.0,3.0,0.0,1.0
股本,0.0,9.0,0.0,1.0
高级,0.0,3.0,0.0,1.0
江西,0.0,18.0,0.0,1.0
赣州,0.0,15.0,0.0,1.0
监事,0.0,36.0,0.0,1.0
销售,0.0,27.0,0.0,1.0
更改,0.0,3.0,0.0,1.0
53797,0.0,6.0,0.0,1.0
人少,0.0,3.0,0.0,1.0
销量,0.0,6.0,0.0,1.0
比重,0.0,6.0,0.0,1.0
丁鸿敏,0.0,15.0,0.0,1.0
事项,0.0,6.0,0.0,1.0
一出,0.0,3.0,0.0,1.0
蔡荣根,0.0,3.0,0.0,1.0
19,0.0,6.0,0.0,1.0
小企业,0.0,9.0,0.0,1.0
军徽,12.0,0.0,1.0,0.0
大宗,0.0,3.0,0.0,1.0
生态,0.0,24.0,0.0,1.0
倾向,0.0,3.0,0.0,1.0
正常,0.0,6.0,0.0,1.0
家庭,0.0,3.0,0.0,1.0
重点,0.0,12.0,0.0,1.0
大门,0.0,3.0,0.0,1.0
港通,0.0,3.0,0.0,1.0
竟,3.0,0.0,1.0,0.0
阿尤斯,0.0,3.0,0.0,1.0
rather,0.0,3.0,0.0,1.0
感谢,0.0,9.0,0.0,1.0
强制性,0.0,3.0,0.0,1.0
26,0.0,3.0,0.0,1.0
卡条,0.0,3.0,0.0,1.0
珍稀,0.0,3.0,0.0,1.0
方显,0.0,3.0,0.0,1.0
警觉,0.0,3.0,0.0,1.0
木皮,0.0,9.0,0.0,1.0
叫,0.0,3.0,0.0,1.0
回馈,0.0,3.0,0.0,1.0
较大,0.0,15.0,0.0,1.0
OSB,0.0,6.0,0.0,1.0
通,0.0,3.0,0.0,1.0
28,0.0,15.0,0.0,1.0
排名,0.0,9.0,0.0,1.0
改版,0.0,3.0,0.0,1.0
市场需求,0.0,3.0,0.0,1.0
毫克,0.0,6.0,0.0,1.0
a5c4Pw8uHIJ5d87A3KEsDPVMODxQMWRmA7qMhdCnib87gjav6OFBGq1WicBZomDgcWmzQ6Nx0uVw,0.0,3.0,0.0,1.0
厚度,0.0,3.0,0.0,1.0
理由,0.0,6.0,0.0,1.0
价前,0.0,3.0,0.0,1.0
持久,0.0,3.0,0.0,1.0
奖品,0.0,9.0,0.0,1.0
最好,0.0,3.0,0.0,1.0
近,0.0,3.0,0.0,1.0
推荐,0.0,63.0,0.0,1.0
着手,0.0,3.0,0.0,1.0
酒鬼,0.0,3.0,0.0,1.0
0571,0.0,6.0,0.0,1.0
家里,0.0,3.0,0.0,1.0
第二届,0.0,6.0,0.0,1.0
每道,0.0,3.0,0.0,1.0
舒适,0.0,3.0,0.0,1.0
震荡,0.0,3.0,0.0,1.0
打,0.0,6.0,0.0,1.0
随时随地,0.0,6.0,0.0,1.0
CARB,0.0,3.0,0.0,1.0
sltMMAPD7y9kbB939AGYf2N52HVcJ8sba7eGF6YQ9o9NHKfBpqollH9ibtpB7h3vNe6aS47Ytoxpib5Yg,0.0,3.0,0.0,1.0
线,0.0,12.0,0.0,1.0
同样,3.0,0.0,1.0,0.0
今日,0.0,3.0,0.0,1.0
质量奖,0.0,3.0,0.0,1.0
向,0.0,15.0,0.0,1.0
房价,0.0,3.0,0.0,1.0
如下,0.0,3.0,0.0,1.0
．,0.0,21.0,0.0,1.0
王传福,0.0,3.0,0.0,1.0
按照,0.0,6.0,0.0,1.0
让,0.0,54.0,0.0,1.0
消费行为,0.0,3.0,0.0,1.0
快速增长,0.0,3.0,0.0,1.0
看好,0.0,6.0,0.0,1.0
事业,0.0,3.0,0.0,1.0
改写,0.0,3.0,0.0,1.0
至此,0.0,6.0,0.0,1.0
涨,0.0,3.0,0.0,1.0
下跌,0.0,6.0,0.0,1.0
保健,0.0,6.0,0.0,1.0
2583.8,0.0,3.0,0.0,1.0
2003,0.0,3.0,0.0,1.0
被,3.0,3.0,0.5,0.5
生产,0.0,66.0,0.0,1.0
关注,0.0,9.0,0.0,1.0
今天,0.0,6.0,0.0,1.0
合理性,0.0,3.0,0.0,1.0
指,0.0,3.0,0.0,1.0
之日起,0.0,9.0,0.0,1.0
呈现,0.0,3.0,0.0,1.0
服务平台,0.0,6.0,0.0,1.0
板,0.0,42.0,0.0,1.0
这一,0.0,3.0,0.0,1.0
记者,0.0,6.0,0.0,1.0
环节,0.0,6.0,0.0,1.0
墙纸,0.0,6.0,0.0,1.0
深交所,0.0,12.0,0.0,1.0
品牌战略,0.0,3.0,0.0,1.0
吸附,0.0,3.0,0.0,1.0
复牌,0.0,3.0,0.0,1.0
小姚,0.0,3.0,0.0,1.0
指标,0.0,3.0,0.0,1.0
中曲美,0.0,3.0,0.0,1.0
赴,0.0,3.0,0.0,1.0
囊括,0.0,3.0,0.0,1.0
德清县,0.0,6.0,0.0,1.0
总结,0.0,9.0,0.0,1.0
以后,0.0,3.0,0.0,1.0
动摇,0.0,3.0,0.0,1.0
木制,0.0,3.0,0.0,1.0
下发,0.0,9.0,0.0,1.0
翻身,0.0,3.0,0.0,1.0
生物质,0.0,6.0,0.0,1.0
z8HCGwgcaL3FzdRGs3icpAKRjqHFwMtdws6zkoZ6fypkNn3A196BPuyWpeCgrgod8mhbx769IH1w,0.0,3.0,0.0,1.0
并且,0.0,15.0,0.0,1.0
lEIdwfibiaZ1pCF42vIReuc3T3XL4EqXykeUaewrPRaNKdaDG3IUofve8qeQ,0.0,3.0,0.0,1.0
室内外,0.0,3.0,0.0,1.0
宅配,0.0,6.0,0.0,1.0
住,0.0,12.0,0.0,1.0
选举,0.0,3.0,0.0,1.0
深恶痛绝,0.0,3.0,0.0,1.0
月末,0.0,3.0,0.0,1.0
经贸关系,0.0,3.0,0.0,1.0
一季度,0.0,6.0,0.0,1.0
玻纤,0.0,3.0,0.0,1.0
双重,0.0,6.0,0.0,1.0
漂亮,0.0,3.0,0.0,1.0
产业园,0.0,18.0,0.0,1.0
监理,0.0,3.0,0.0,1.0
股东,0.0,31.0,0.0,1.0
全世界,0.0,3.0,0.0,1.0
木材,0.0,9.0,0.0,1.0
不得了,0.0,3.0,0.0,1.0
2001,0.0,3.0,0.0,1.0
区别,0.0,3.0,0.0,1.0
协议,0.0,6.0,0.0,1.0
木和木竹,0.0,3.0,0.0,1.0
空间,0.0,6.0,0.0,1.0
较,0.0,9.0,0.0,1.0
34,0.0,3.0,0.0,1.0
供应商,0.0,3.0,0.0,1.0
促销,0.0,3.0,0.0,1.0
社会,0.0,3.0,0.0,1.0
进去,0.0,3.0,0.0,1.0
而成,0.0,3.0,0.0,1.0
▲,0.0,3.0,0.0,1.0
左,0.0,3.0,0.0,1.0
应该,0.0,3.0,0.0,1.0
元,0.0,57.0,0.0,1.0
640,0.0,36.0,0.0,1.0
守护,0.0,6.0,0.0,1.0
跨越式,0.0,3.0,0.0,1.0
六个月,0.0,3.0,0.0,1.0
广场,0.0,3.0,0.0,1.0
运作,0.0,6.0,0.0,1.0
&,0.0,15.0,0.0,1.0
过程,0.0,3.0,0.0,1.0
园林,0.0,3.0,0.0,1.0
占据,0.0,3.0,0.0,1.0
随后,0.0,3.0,0.0,1.0
专利,0.0,30.0,0.0,1.0
N6MThvoDbvicPgccYYMiawaWvSQHYGtia57ibmH1FxEtiaE6KJibLa5YQ,0.0,3.0,0.0,1.0
封端,0.0,12.0,0.0,1.0
检验,0.0,6.0,0.0,1.0
不超,0.0,12.0,0.0,1.0
广东,0.0,6.0,0.0,1.0
主营业务,0.0,3.0,0.0,1.0
十足,0.0,3.0,0.0,1.0
获得,0.0,6.0,0.0,1.0
初期,0.0,6.0,0.0,1.0
等级,0.0,6.0,0.0,1.0
《,0.0,18.0,0.0,1.0
美,0.0,3.0,0.0,1.0
超过,0.0,9.0,0.0,1.0
CzkJkM2x7US0ia5c4Pw8uHIJ5d87A3KEsYyug9gnWIajBKDAzHFuLpl5ibibjJz7l4mqeuibtv1RemjrStqK0ROgTw,0.0,3.0,0.0,1.0
地,0.0,9.0,0.0,1.0
工艺,0.0,9.0,0.0,1.0
―,0.0,18.0,0.0,1.0
懒,0.0,3.0,0.0,1.0
称,0.0,9.0,0.0,1.0
842,0.0,3.0,0.0,1.0
00,0.0,6.0,0.0,1.0
气味,0.0,3.0,0.0,1.0
二,0.0,6.0,0.0,1.0
fmt,0.0,168.0,0.0,1.0
第一季,9.0,0.0,1.0,0.0
所有,0.0,12.0,0.0,1.0
提炼,0.0,3.0,0.0,1.0
做,0.0,21.0,0.0,1.0
下半月,0.0,3.0,0.0,1.0
木种,0.0,3.0,0.0,1.0
能,0.0,21.0,0.0,1.0
88011990,0.0,3.0,0.0,1.0
永特耐,0.0,3.0,0.0,1.0
国外,0.0,6.0,0.0,1.0
封边,0.0,18.0,0.0,1.0
质量,0.0,42.0,0.0,1.0
申请,0.0,12.0,0.0,1.0
法律法规,0.0,3.0,0.0,1.0
一行,0.0,6.0,0.0,1.0
一体化,0.0,3.0,0.0,1.0
朗,0.0,3.0,0.0,1.0
中,0.0,33.0,0.0,1.0
日至,0.0,1.0,0.0,1.0
眼球,0.0,3.0,0.0,1.0
;,0.0,9.0,0.0,1.0
istocknews,0.0,12.0,0.0,1.0
新浪,0.0,6.0,0.0,1.0
公司股票,0.0,12.0,0.0,1.0
形象,0.0,3.0,0.0,1.0
加拿大,0.0,27.0,0.0,1.0
有害物质,0.0,3.0,0.0,1.0
区间,0.0,3.0,0.0,1.0
为本,0.0,3.0,0.0,1.0
LG,0.0,3.0,0.0,1.0
入选,0.0,9.0,0.0,1.0
最早,0.0,6.0,0.0,1.0
套餐,0.0,12.0,0.0,1.0
隆基,0.0,3.0,0.0,1.0
hWXTNFEJkicdv9TR4nx4IjOicdrfHb6yzeEIww9ueFp8WGteiaMyUoy3UIO6le7vDWadjwk3mB5tEM1Saw,0.0,3.0,0.0,1.0
持续,0.0,21.0,0.0,1.0
水管,0.0,3.0,0.0,1.0
尽心尽力,0.0,3.0,0.0,1.0
944,0.0,3.0,0.0,1.0
255.543,0.0,3.0,0.0,1.0
项目,0.0,9.0,0.0,1.0
经验,0.0,3.0,0.0,1.0
13.45,0.0,3.0,0.0,1.0
对此,0.0,3.0,0.0,1.0
相提并论,0.0,3.0,0.0,1.0
无醛,0.0,3.0,0.0,1.0
除,0.0,3.0,0.0,1.0
展会,0.0,3.0,0.0,1.0
选择,0.0,24.0,0.0,1.0
梦,0.0,3.0,0.0,1.0
改为,0.0,3.0,0.0,1.0
特点,0.0,3.0,0.0,1.0
中旬,0.0,3.0,0.0,1.0
3000,0.0,3.0,0.0,1.0
又,0.0,12.0,0.0,1.0
玉翔,0.0,9.0,0.0,1.0
上门,0.0,3.0,0.0,1.0
沈占明,0.0,3.0,0.0,1.0
引领,0.0,9.0,0.0,1.0
眼前,0.0,3.0,0.0,1.0
纤维板,0.0,6.0,0.0,1.0
未来,0.0,18.0,0.0,1.0
口碑,0.0,6.0,0.0,1.0
订制,0.0,3.0,0.0,1.0
总,0.0,24.0,0.0,1.0
本色,0.0,3.0,0.0,1.0
<,0.0,117.0,0.0,1.0
交易,0.0,15.0,0.0,1.0
快速,0.0,3.0,0.0,1.0
411.01,0.0,3.0,0.0,1.0
建了,0.0,3.0,0.0,1.0
钉入,0.0,3.0,0.0,1.0
精美,0.0,3.0,0.0,1.0
感,0.0,3.0,0.0,1.0
七,0.0,6.0,0.0,1.0
该,0.0,9.0,0.0,1.0
达到,0.0,18.0,0.0,1.0
不够,0.0,3.0,0.0,1.0
因未,0.0,3.0,0.0,1.0
推进,0.0,9.0,0.0,1.0
设置,0.0,6.0,0.0,1.0
国内,0.0,36.0,0.0,1.0
角度,0.0,3.0,0.0,1.0
看看,0.0,3.0,0.0,1.0
径级,0.0,3.0,0.0,1.0
慜,0.0,6.0,0.0,1.0
业绩,0.0,3.0,0.0,1.0
多年,0.0,6.0,0.0,1.0
P6S8FicAyqFZWEbS9Al37HYWgY2dJS0R3O2nXsd3wU8iaJl6vGy8NiawXNOEMztpB36YJjx5OuiajAWg,0.0,3.0,0.0,1.0
进口,0.0,6.0,0.0,1.0
相当,3.0,0.0,1.0,0.0
当选,0.0,3.0,0.0,1.0
较为,0.0,6.0,0.0,1.0
浮雕,0.0,3.0,0.0,1.0
海康,0.0,3.0,0.0,1.0
只,0.0,6.0,0.0,1.0
万股,0.0,22.0,0.0,1.0
?,0.0,180.0,0.0,1.0
为,0.0,135.0,0.0,1.0
所在,0.0,6.0,0.0,1.0
专利申请,0.0,6.0,0.0,1.0
com,0.0,16.0,0.0,1.0
水木年华,0.0,3.0,0.0,1.0
从根本上,0.0,3.0,0.0,1.0
这种,0.0,3.0,0.0,1.0
停止,0.0,3.0,0.0,1.0
净化,0.0,3.0,0.0,1.0
相关,0.0,39.0,0.0,1.0
长垣,0.0,6.0,0.0,1.0
汇报,0.0,6.0,0.0,1.0
饰材,0.0,6.0,0.0,1.0
放心大胆,0.0,3.0,0.0,1.0
体系,0.0,3.0,0.0,1.0
合规,0.0,3.0,0.0,1.0
千丝万缕,0.0,3.0,0.0,1.0
利润,0.0,6.0,0.0,1.0
排行,0.0,3.0,0.0,1.0
合作开发,0.0,3.0,0.0,1.0
衣柜,0.0,207.0,0.0,1.0
无醛级,0.0,30.0,0.0,1.0
沈元林,0.0,6.0,0.0,1.0
消息,0.0,9.0,0.0,1.0
很多,0.0,9.0,0.0,1.0
ghWXTcZ94kWdXwVTDYn0aAXyyZOVdFmxOibLWE5gbvk4O7YZUJFjJzmSz9eRUtPwoG25sYKFtjZkUoy9w,0.0,3.0,0.0,1.0
不能,0.0,6.0,0.0,1.0
游记,12.0,0.0,1.0,0.0
士,0.0,3.0,0.0,1.0
第一,0.0,6.0,0.0,1.0
002043,0.0,43.0,0.0,1.0
欧洲,0.0,9.0,0.0,1.0
关键,0.0,3.0,0.0,1.0
0.9,0.0,3.0,0.0,1.0
下单,0.0,9.0,0.0,1.0
申洲,0.0,3.0,0.0,1.0
很,0.0,12.0,0.0,1.0
活,0.0,3.0,0.0,1.0
格局,0.0,6.0,0.0,1.0
国,0.0,3.0,0.0,1.0
基本,0.0,9.0,0.0,1.0
其他,0.0,6.0,0.0,1.0
zMOBoXghWXQmmTiaatqbpvUO,0.0,3.0,0.0,1.0
领导人,0.0,3.0,0.0,1.0
针对,0.0,3.0,0.0,1.0
zMOBoXghWXS4bEtibmsMXibW9u9UicsBmpx88lwhkHzyeyxPxwt1vaEW2PoD8ia9z2OZtwQen61C8H9Xn0FMOyrw9g,0.0,3.0,0.0,1.0
原因,0.0,6.0,0.0,1.0
资源优势,0.0,3.0,0.0,1.0
27,0.0,3.0,0.0,1.0
几个,0.0,6.0,0.0,1.0
水平,0.0,6.0,0.0,1.0
装饰,0.0,87.0,0.0,1.0
40.94,0.0,6.0,0.0,1.0
观芬,0.0,3.0,0.0,1.0
洋河,0.0,3.0,0.0,1.0
大厦,0.0,3.0,0.0,1.0
建模,0.0,6.0,0.0,1.0
胜利,0.0,3.0,0.0,1.0
mg,0.0,3.0,0.0,1.0
威视,0.0,3.0,0.0,1.0
反向,0.0,3.0,0.0,1.0
异味,0.0,3.0,0.0,1.0
分别,0.0,36.0,0.0,1.0
手中,0.0,3.0,0.0,1.0
宝宝,23.0,1057.0,0.021296296296296296,0.9787037037037037
组建,0.0,3.0,0.0,1.0
网,0.0,1.0,0.0,1.0
故事,0.0,3.0,0.0,1.0
46,0.0,9.0,0.0,1.0
齐全,0.0,9.0,0.0,1.0
自,0.0,15.0,0.0,1.0
包含,0.0,3.0,0.0,1.0
还有,6.0,9.0,0.4,0.6
级,0.0,24.0,0.0,1.0
评选,0.0,3.0,0.0,1.0
举措,0.0,6.0,0.0,1.0
打破,0.0,3.0,0.0,1.0
买,0.0,12.0,0.0,1.0
带,3.0,3.0,0.5,0.5
符合,0.0,9.0,0.0,1.0
预计,0.0,3.0,0.0,1.0
基金,0.0,9.0,0.0,1.0
整个,0.0,9.0,0.0,1.0
万,0.0,6.0,0.0,1.0
稳定增长,0.0,3.0,0.0,1.0
第一家,0.0,3.0,0.0,1.0
进家,0.0,12.0,0.0,1.0
合作伙伴,0.0,3.0,0.0,1.0
参与,0.0,15.0,0.0,1.0
家居,0.0,81.0,0.0,1.0
行业龙头,0.0,6.0,0.0,1.0
认同度,0.0,3.0,0.0,1.0
花梨木,0.0,3.0,0.0,1.0
全方位,0.0,3.0,0.0,1.0
陆利华,0.0,15.0,0.0,1.0
通报,0.0,3.0,0.0,1.0
方便,0.0,3.0,0.0,1.0
号,0.0,9.0,0.0,1.0
oxF6VooP4aBLTWxvHcaIrvN0QricvxCT2B1QafiaTJnUcL5ich32RnYKjmLyIHLD5N0ZUDvHAcb5frvKSYaDliaqzQ,0.0,3.0,0.0,1.0
一线品牌,0.0,3.0,0.0,1.0
刘成,0.0,3.0,0.0,1.0
者,0.0,3.0,0.0,1.0
右,0.0,6.0,0.0,1.0
忠诚度,0.0,3.0,0.0,1.0
干得,0.0,3.0,0.0,1.0
24,0.0,3.0,0.0,1.0
商贸城,0.0,3.0,0.0,1.0
企业,0.0,51.0,0.0,1.0
环保型,0.0,6.0,0.0,1.0
户数,0.0,12.0,0.0,1.0
一等奖,0.0,3.0,0.0,1.0
决心,0.0,3.0,0.0,1.0
居首,0.0,3.0,0.0,1.0
目前,0.0,24.0,0.0,1.0
2014,0.0,15.0,0.0,1.0
破坏,0.0,6.0,0.0,1.0
欧派,0.0,6.0,0.0,1.0
发布,0.0,6.0,0.0,1.0
端部,0.0,3.0,0.0,1.0
迪士尼,8.0,0.0,1.0,0.0
2017,0.0,87.0,0.0,1.0
29,0.0,3.0,0.0,1.0
董事,0.0,3.0,0.0,1.0
儿童房,0.0,9.0,0.0,1.0
专门,0.0,6.0,0.0,1.0
以上,3.0,9.0,0.25,0.75
符合国家,0.0,3.0,0.0,1.0
；,3.0,78.0,0.037037037037037035,0.9629629629629629
承载,0.0,3.0,0.0,1.0
增加,0.0,3.0,0.0,1.0
独立,0.0,3.0,0.0,1.0
18mm,0.0,3.0,0.0,1.0
难题,0.0,3.0,0.0,1.0
[,0.0,3.0,0.0,1.0
跳水,0.0,3.0,0.0,1.0
23,0.0,12.0,0.0,1.0
F003,0.0,3.0,0.0,1.0
消费,0.0,12.0,0.0,1.0
36,0.0,3.0,0.0,1.0
品牌优势,0.0,6.0,0.0,1.0
之一,0.0,3.0,0.0,1.0
全线,0.0,6.0,0.0,1.0
),0.0,37.0,0.0,1.0
负离子,0.0,6.0,0.0,1.0
艰苦创业,0.0,3.0,0.0,1.0
即将,0.0,3.0,0.0,1.0
100,0.0,6.0,0.0,1.0
净,0.0,3.0,0.0,1.0
收官,0.0,3.0,0.0,1.0
看,0.0,6.0,0.0,1.0
05,0.0,18.0,0.0,1.0
200001,0.0,3.0,0.0,1.0
坚定,0.0,9.0,0.0,1.0
来源,0.0,6.0,0.0,1.0
翔,0.0,3.0,0.0,1.0
早盘,0.0,6.0,0.0,1.0
观点,0.0,9.0,0.0,1.0
防伪标志,0.0,3.0,0.0,1.0
Ⅱ,0.0,3.0,0.0,1.0
路,0.0,3.0,0.0,1.0
800,0.0,3.0,0.0,1.0
厚爱,0.0,3.0,0.0,1.0
非常,0.0,3.0,0.0,1.0
门票,0.0,12.0,0.0,1.0
安装,0.0,3.0,0.0,1.0
五,0.0,6.0,0.0,1.0
建材,0.0,24.0,0.0,1.0
选购,0.0,3.0,0.0,1.0
部门,0.0,3.0,0.0,1.0
最,0.0,33.0,0.0,1.0
大盘,0.0,3.0,0.0,1.0
F,0.0,3.0,0.0,1.0
顶尖,0.0,3.0,0.0,1.0
能够,0.0,12.0,0.0,1.0
加上,0.0,3.0,0.0,1.0
营销部,0.0,3.0,0.0,1.0
人力资源,0.0,3.0,0.0,1.0
陪同,0.0,6.0,0.0,1.0
专用,0.0,18.0,0.0,1.0
传统,0.0,3.0,0.0,1.0
Sipa,0.0,3.0,0.0,1.0
要求,0.0,15.0,0.0,1.0
暨,0.0,6.0,0.0,1.0
冲着,0.0,6.0,0.0,1.0
一成,0.0,3.0,0.0,1.0
德国,0.0,9.0,0.0,1.0
女,0.0,9.0,0.0,1.0
一站式,0.0,3.0,0.0,1.0
今年年初,0.0,3.0,0.0,1.0
斯里兰卡,12.0,0.0,1.0,0.0
急,0.0,3.0,0.0,1.0
放松,0.0,3.0,0.0,1.0
傲人,0.0,3.0,0.0,1.0
三棵树,0.0,9.0,0.0,1.0
上缴,0.0,9.0,0.0,1.0
稳固,0.0,3.0,0.0,1.0
上华王,0.0,3.0,0.0,1.0
日讯,0.0,1.0,0.0,1.0
一层,0.0,3.0,0.0,1.0
或多或少,0.0,3.0,0.0,1.0
翎门业,0.0,3.0,0.0,1.0
展示中心,0.0,3.0,0.0,1.0
助力,0.0,6.0,0.0,1.0
提供者,0.0,3.0,0.0,1.0
楼,0.0,3.0,0.0,1.0
15,0.0,18.0,0.0,1.0
zMOBoXghWXSiaeQaBSyc163wCDVQYu1bNP45REDRwbsZ0DYnc0kzK5iaEU75E3OqibehicxvUicOUAlPScOEjv51c6Q,0.0,3.0,0.0,1.0
亿,0.0,6.0,0.0,1.0
更好,0.0,6.0,0.0,1.0
王玉平,0.0,3.0,0.0,1.0
分厂,0.0,3.0,0.0,1.0
‘,0.0,3.0,0.0,1.0
进入,0.0,21.0,0.0,1.0
质优价廉,0.0,3.0,0.0,1.0
领域,0.0,3.0,0.0,1.0
045,0.0,3.0,0.0,1.0
189203995,0.0,3.0,0.0,1.0
需满,0.0,3.0,0.0,1.0
支持,0.0,9.0,0.0,1.0
零,0.0,6.0,0.0,1.0
欧普,0.0,3.0,0.0,1.0
专卖,0.0,6.0,0.0,1.0
厂,0.0,3.0,0.0,1.0
一字,0.0,3.0,0.0,1.0
防伪,0.0,39.0,0.0,1.0
生理,0.0,3.0,0.0,1.0
光是,0.0,3.0,0.0,1.0
重仓股,0.0,3.0,0.0,1.0
电子商务,0.0,3.0,0.0,1.0
管理程序,0.0,3.0,0.0,1.0
企管,0.0,12.0,0.0,1.0
文,0.0,3.0,0.0,1.0
安全系数,0.0,3.0,0.0,1.0
这是,0.0,6.0,0.0,1.0
普通,0.0,6.0,0.0,1.0
以来,0.0,9.0,0.0,1.0
以德,0.0,3.0,0.0,1.0
13.31,0.0,3.0,0.0,1.0
功能,0.0,24.0,0.0,1.0
地暖,0.0,3.0,0.0,1.0
房间,0.0,3.0,0.0,1.0
局限性,0.0,3.0,0.0,1.0
除醛,0.0,18.0,0.0,1.0
内,0.0,9.0,0.0,1.0
vUOeEX9gzKmxnYQEtvsT7VrFWGCL8fSebHEXotxEPEvathPtb0PX208ZWemx0hHhHA,0.0,3.0,0.0,1.0
戴维,0.0,3.0,0.0,1.0
买卖,0.0,9.0,0.0,1.0
不再,0.0,3.0,0.0,1.0
井然有序,0.0,6.0,0.0,1.0
【,0.0,24.0,0.0,1.0
jpg,0.0,36.0,0.0,1.0
再,0.0,9.0,0.0,1.0
嘉宾,0.0,3.0,0.0,1.0
保障,0.0,9.0,0.0,1.0
有望,0.0,6.0,0.0,1.0
化学,0.0,3.0,0.0,1.0
小于,0.0,6.0,0.0,1.0
单一,0.0,3.0,0.0,1.0
醛类,0.0,3.0,0.0,1.0
雨虹,0.0,27.0,0.0,1.0
十五个,0.0,3.0,0.0,1.0
更是,0.0,9.0,0.0,1.0
产能,0.0,9.0,0.0,1.0
股价,0.0,27.0,0.0,1.0
排版,0.0,6.0,0.0,1.0
有序,0.0,3.0,0.0,1.0
热烈祝贺,0.0,9.0,0.0,1.0
董事会,0.0,3.0,0.0,1.0
优化组合,0.0,6.0,0.0,1.0
饮用水,0.0,6.0,0.0,1.0
连续,0.0,3.0,0.0,1.0
截至,0.0,3.0,0.0,1.0
L2eCe1Pcf6Ktd8VrSSW3BgDJaSCMfnCRqlXaQxuh0R77ORE49sEjibzN8icfRt3cB8HddlpanOg,0.0,3.0,0.0,1.0
自身,0.0,9.0,0.0,1.0
喷火龙,3.0,0.0,1.0,0.0
细木工板,0.0,9.0,0.0,1.0
用做,0.0,3.0,0.0,1.0
入驻,0.0,9.0,0.0,1.0
有着,0.0,3.0,0.0,1.0
持有,0.0,3.0,0.0,1.0
温敏,0.0,3.0,0.0,1.0
0.3,0.0,3.0,0.0,1.0
Iibo451h39eQOFMJuBr0czrzKDRY8zfJpbLN1IJKAPNtrEDEeoNNHyz72DHZP5uyvzKsRY9m7g,0.0,3.0,0.0,1.0
EJkicdv9TR4nx4IjOicdrgKMKwkPhtOBhBUUcSibWBb1zTrMOWmlQRrqI4YlQKfpy9VmJrBoXNww,0.0,3.0,0.0,1.0
多家,0.0,3.0,0.0,1.0
实木,0.0,9.0,0.0,1.0
公告,0.0,28.0,0.0,1.0
0.4,0.0,6.0,0.0,1.0
老窖,0.0,3.0,0.0,1.0
低开,0.0,3.0,0.0,1.0
推出,0.0,9.0,0.0,1.0
不仅如此,3.0,0.0,1.0,0.0
大手笔,0.0,3.0,0.0,1.0
等等,0.0,3.0,0.0,1.0
装修,0.0,18.0,0.0,1.0
参加,0.0,6.0,0.0,1.0
家具行业,0.0,12.0,0.0,1.0
dnTKOUjYTo01S7m3vpFlLXuYdStkicPFVEob062XtauLL3vWYnqZOKSLY2yOZ6NnVW8E1CIk9rNVeaRiaa1RHibpQ,0.0,3.0,0.0,1.0
站,0.0,9.0,0.0,1.0
采用,0.0,18.0,0.0,1.0
16.35,0.0,3.0,0.0,1.0
泰北,3.0,0.0,1.0,0.0
分钟,0.0,3.0,0.0,1.0
艾伯塔省,0.0,6.0,0.0,1.0
12.00,0.0,3.0,0.0,1.0
阅读,0.0,3.0,0.0,1.0
满足,0.0,3.0,0.0,1.0
拆装,0.0,3.0,0.0,1.0
其中,0.0,12.0,0.0,1.0
表现,0.0,3.0,0.0,1.0
亚太经合组织,0.0,3.0,0.0,1.0
知名品牌,0.0,3.0,0.0,1.0
当作,3.0,0.0,1.0,0.0
发布会,0.0,6.0,0.0,1.0
地级市,0.0,3.0,0.0,1.0
原材料,0.0,9.0,0.0,1.0
㎡,0.0,6.0,0.0,1.0
总督,0.0,15.0,0.0,1.0
通通,3.0,3.0,0.5,0.5
189057013,0.0,3.0,0.0,1.0
第二,0.0,3.0,0.0,1.0
-,12.0,72.0,0.14285714285714285,0.8571428571428571
及线,0.0,3.0,0.0,1.0
实力,0.0,15.0,0.0,1.0
矛,0.0,3.0,0.0,1.0
最佳,0.0,12.0,0.0,1.0
公认,0.0,12.0,0.0,1.0
53,0.0,3.0,0.0,1.0
林业大学,0.0,6.0,0.0,1.0
升级,0.0,27.0,0.0,1.0
意大利,0.0,6.0,0.0,1.0
短线交易,0.0,39.0,0.0,1.0
答卷,0.0,3.0,0.0,1.0
了解,0.0,6.0,0.0,1.0
状况,0.0,9.0,0.0,1.0
博士后,0.0,6.0,0.0,1.0
福布斯,0.0,12.0,0.0,1.0
买入,0.0,21.0,0.0,1.0
满意,0.0,3.0,0.0,1.0
几大,0.0,3.0,0.0,1.0
籍贯,0.0,9.0,0.0,1.0
内含,0.0,3.0,0.0,1.0
家具,0.0,12.0,0.0,1.0
抽空,0.0,6.0,0.0,1.0
操刀,5.0,0.0,1.0,0.0
全力,0.0,3.0,0.0,1.0
晚间,0.0,13.0,0.0,1.0
名,0.0,9.0,0.0,1.0
函,0.0,9.0,0.0,1.0
铭牌,0.0,9.0,0.0,1.0
伟星,0.0,21.0,0.0,1.0
过,0.0,3.0,0.0,1.0
防护,0.0,3.0,0.0,1.0
分不开,0.0,3.0,0.0,1.0
胶合,0.0,3.0,0.0,1.0
奖励,0.0,6.0,0.0,1.0
我国,0.0,9.0,0.0,1.0
八个,0.0,3.0,0.0,1.0
恒通,0.0,3.0,0.0,1.0
近距离,0.0,3.0,0.0,1.0
领导者,0.0,3.0,0.0,1.0
速率,0.0,3.0,0.0,1.0
T,0.0,3.0,0.0,1.0
105,0.0,3.0,0.0,1.0
芯,0.0,3.0,0.0,1.0
最高,0.0,12.0,0.0,1.0
款式,0.0,3.0,0.0,1.0
宣传,0.0,3.0,0.0,1.0
沈半路,0.0,3.0,0.0,1.0
前者,0.0,3.0,0.0,1.0
兔宝,0.0,3.0,0.0,1.0
比较,0.0,6.0,0.0,1.0
吉象,0.0,3.0,0.0,1.0
E1,0.0,9.0,0.0,1.0
zMOBoXghWXS4bEtibmsMXibW9u9UicsBmpxnoELiaT23h9FibgOmDX3NRnByH8FbdqyrAWajaj9E3TEb6hvMzKpDgDw,0.0,3.0,0.0,1.0
一起,0.0,9.0,0.0,1.0
净味,0.0,6.0,0.0,1.0
浪得虚名,0.0,3.0,0.0,1.0
直接,0.0,6.0,0.0,1.0
强化,0.0,3.0,0.0,1.0
信心十足,0.0,3.0,0.0,1.0
监控,0.0,3.0,0.0,1.0
对外,0.0,3.0,0.0,1.0
点,0.0,3.0,0.0,1.0
卧室,0.0,3.0,0.0,1.0
3,3.0,30.0,0.09090909090909091,0.9090909090909091
运行,0.0,6.0,0.0,1.0
数据库,0.0,3.0,0.0,1.0
完整,0.0,6.0,0.0,1.0
配套,0.0,12.0,0.0,1.0
进程,0.0,6.0,0.0,1.0
跌幅,0.0,6.0,0.0,1.0
机身,8.0,0.0,1.0,0.0
销售额,0.0,3.0,0.0,1.0
队徽,3.0,0.0,1.0,0.0
218,0.0,3.0,0.0,1.0
主业,0.0,3.0,0.0,1.0
~,6.0,9.0,0.4,0.6
旖旎,12.0,0.0,1.0,0.0
加工,0.0,6.0,0.0,1.0
专稿,0.0,6.0,0.0,1.0
为了,0.0,3.0,0.0,1.0
旗滨,0.0,6.0,0.0,1.0
规定,0.0,6.0,0.0,1.0
心动,0.0,3.0,0.0,1.0
避免,0.0,3.0,0.0,1.0
还,0.0,12.0,0.0,1.0
保持,0.0,6.0,0.0,1.0
问题,0.0,6.0,0.0,1.0
建材网,0.0,27.0,0.0,1.0
意见,0.0,3.0,0.0,1.0
乾元镇,0.0,3.0,0.0,1.0
高达,0.0,6.0,0.0,1.0
目标,0.0,6.0,0.0,1.0
靠,0.0,3.0,0.0,1.0
0.0,0.0,39.0,0.0,1.0
并,0.0,30.0,0.0,1.0
用,0.0,33.0,0.0,1.0
半年度,0.0,9.0,0.0,1.0
环境,0.0,6.0,0.0,1.0
htsec,0.0,3.0,0.0,1.0
合理,0.0,3.0,0.0,1.0
拓展,0.0,3.0,0.0,1.0
在,6.0,165.0,0.03508771929824561,0.9649122807017544
并力,0.0,3.0,0.0,1.0
发明专利,0.0,3.0,0.0,1.0
Norbord,0.0,6.0,0.0,1.0
华宇门业,0.0,3.0,0.0,1.0
自主,0.0,9.0,0.0,1.0
送礼,0.0,3.0,0.0,1.0
三层,0.0,6.0,0.0,1.0
下定,0.0,3.0,0.0,1.0
基材,0.0,3.0,0.0,1.0
|,12.0,3.0,0.8,0.2
朱明民,0.0,6.0,0.0,1.0
信号,0.0,15.0,0.0,1.0
0c6GSAiawRCUr0CuRIzRibqJ31ZnFWZZYHwnrnKDjHDtDn3fDBAtzuDgNNA,0.0,3.0,0.0,1.0
户,0.0,15.0,0.0,1.0
建玛特,0.0,6.0,0.0,1.0
板材,0.0,192.0,0.0,1.0
亚圣,0.0,3.0,0.0,1.0
市面上,0.0,6.0,0.0,1.0
完美,0.0,3.0,0.0,1.0
末,0.0,12.0,0.0,1.0
R8WMYBCaibcfcbNpvPYYsqz9azibIN6P7jdsGH8DQdVAcLYTic7hIrUkDjJIxwibqU0icbZ8wQz6l4HsQ,0.0,3.0,0.0,1.0
指接板,0.0,9.0,0.0,1.0
宽度,0.0,3.0,0.0,1.0
坚弗,0.0,3.0,0.0,1.0
166,0.0,3.0,0.0,1.0
研发,0.0,30.0,0.0,1.0
工业,0.0,12.0,0.0,1.0
路口,0.0,3.0,0.0,1.0
16.81,0.0,3.0,0.0,1.0
整体,0.0,30.0,0.0,1.0
重复,0.0,3.0,0.0,1.0
美观,0.0,3.0,0.0,1.0
受邀,0.0,9.0,0.0,1.0
旅行,3.0,0.0,1.0,0.0
确保,0.0,18.0,0.0,1.0
基础,0.0,18.0,0.0,1.0
下降,0.0,3.0,0.0,1.0
两千多,0.0,3.0,0.0,1.0
不仅,0.0,9.0,0.0,1.0
两,0.0,3.0,0.0,1.0
赶工期,0.0,3.0,0.0,1.0
日本,0.0,12.0,0.0,1.0
190,0.0,3.0,0.0,1.0
全面,0.0,6.0,0.0,1.0
规范,0.0,3.0,0.0,1.0
通道,0.0,3.0,0.0,1.0
前列,0.0,6.0,0.0,1.0
精准,0.0,3.0,0.0,1.0
四,0.0,6.0,0.0,1.0
5,0.0,52.0,0.0,1.0
年,0.0,198.0,0.0,1.0
从此,0.0,3.0,0.0,1.0
吴,0.0,12.0,0.0,1.0
要,0.0,3.0,0.0,1.0
出厂,0.0,3.0,0.0,1.0
使得,0.0,6.0,0.0,1.0
春雷,0.0,12.0,0.0,1.0
地产,0.0,3.0,0.0,1.0
振幅,0.0,12.0,0.0,1.0
使用量,0.0,3.0,0.0,1.0
回调,0.0,3.0,0.0,1.0
hexun,0.0,12.0,0.0,1.0
室内,0.0,3.0,0.0,1.0
肯定,0.0,3.0,0.0,1.0
刨花板,0.0,6.0,0.0,1.0
实惠,0.0,6.0,0.0,1.0
饰材店,0.0,3.0,0.0,1.0
顶线,0.0,3.0,0.0,1.0
见得,0.0,3.0,0.0,1.0
管控,0.0,3.0,0.0,1.0
人才,0.0,3.0,0.0,1.0
移门,0.0,6.0,0.0,1.0
接轨,0.0,3.0,0.0,1.0
证券法,0.0,3.0,0.0,1.0
大,6.0,30.0,0.16666666666666666,0.8333333333333334
湖州,0.0,9.0,0.0,1.0
开料,0.0,6.0,0.0,1.0
陶瓷,0.0,3.0,0.0,1.0
努力,0.0,9.0,0.0,1.0
性是,0.0,6.0,0.0,1.0
从而,0.0,6.0,0.0,1.0
累计,0.0,9.0,0.0,1.0
们,0.0,6.0,0.0,1.0
zMOBoXghWXS4bEtibmsMXibW9u9UicsBmpxaqbA0IwlcRhVcwHCfBKoYjup9icibhiarTKJRrNiaZHb2MoDkTf4zGZgFQ,0.0,3.0,0.0,1.0
防虫,0.0,6.0,0.0,1.0
上漆,0.0,3.0,0.0,1.0
越来越,0.0,6.0,0.0,1.0
RbfKoOA7XueGwhyjplehcOZ1jgZOdt5peHnsia56SFj2Q,0.0,3.0,0.0,1.0
汤,0.0,3.0,0.0,1.0
电风扇,0.0,3.0,0.0,1.0
意识,0.0,3.0,0.0,1.0
随时,0.0,3.0,0.0,1.0
一家,0.0,6.0,0.0,1.0
梦想,0.0,3.0,0.0,1.0
近期,0.0,3.0,0.0,1.0
立体,0.0,3.0,0.0,1.0
绿洲,0.0,3.0,0.0,1.0
而且,3.0,9.0,0.25,0.75
09,0.0,3.0,0.0,1.0
已经,0.0,6.0,0.0,1.0
对,0.0,54.0,0.0,1.0
景点,3.0,0.0,1.0,0.0
识别,0.0,3.0,0.0,1.0
起来,0.0,3.0,0.0,1.0
替代,0.0,3.0,0.0,1.0
着,3.0,33.0,0.08333333333333333,0.9166666666666666
团购,0.0,3.0,0.0,1.0
每家每户,0.0,3.0,0.0,1.0
位于,0.0,3.0,0.0,1.0
0.5,0.0,6.0,0.0,1.0
外围,0.0,3.0,0.0,1.0
管道,0.0,3.0,0.0,1.0
西湖,0.0,3.0,0.0,1.0
别看,0.0,3.0,0.0,1.0
分解,0.0,3.0,0.0,1.0
培养,0.0,3.0,0.0,1.0
北京,0.0,9.0,0.0,1.0
国际标准,0.0,3.0,0.0,1.0
集中度,0.0,3.0,0.0,1.0
共同,0.0,9.0,0.0,1.0
样板,0.0,6.0,0.0,1.0
出生,0.0,9.0,0.0,1.0
0.31,0.0,3.0,0.0,1.0
股票代码,0.0,15.0,0.0,1.0
二等奖,0.0,3.0,0.0,1.0
每件,0.0,3.0,0.0,1.0
5.04,0.0,6.0,0.0,1.0
车间,0.0,9.0,0.0,1.0
189130587,0.0,3.0,0.0,1.0
活动,0.0,45.0,0.0,1.0
低价,0.0,6.0,0.0,1.0
依赖,0.0,6.0,0.0,1.0
之所以,0.0,3.0,0.0,1.0
市场推广,0.0,3.0,0.0,1.0
前端,0.0,3.0,0.0,1.0
逐步,0.0,3.0,0.0,1.0
周期性,0.0,3.0,0.0,1.0
客户,0.0,9.0,0.0,1.0
举行,0.0,6.0,0.0,1.0
西溪,0.0,3.0,0.0,1.0
苹果,0.0,15.0,0.0,1.0
三环,0.0,3.0,0.0,1.0
几近,0.0,6.0,0.0,1.0
清晰,0.0,3.0,0.0,1.0
姜,0.0,3.0,0.0,1.0
竞猜,0.0,18.0,0.0,1.0
面对,0.0,6.0,0.0,1.0
联系电话,0.0,3.0,0.0,1.0
一种,0.0,3.0,0.0,1.0
集中,0.0,3.0,0.0,1.0
下篇,3.0,0.0,1.0,0.0
抽奖,0.0,6.0,0.0,1.0
荟萃,0.0,3.0,0.0,1.0
文字,0.0,3.0,0.0,1.0
辐射,0.0,6.0,0.0,1.0
科研,0.0,3.0,0.0,1.0
适合,0.0,3.0,0.0,1.0
CEO,0.0,3.0,0.0,1.0
讯,0.0,12.0,0.0,1.0
以次充好,0.0,3.0,0.0,1.0
GB,0.0,3.0,0.0,1.0
墙面漆,0.0,9.0,0.0,1.0
豪迈,0.0,15.0,0.0,1.0
活泼,3.0,0.0,1.0,0.0
情绪,0.0,3.0,0.0,1.0
帮助,0.0,3.0,0.0,1.0
具有,0.0,3.0,0.0,1.0
出发,0.0,3.0,0.0,1.0
比如,0.0,3.0,0.0,1.0
IMAGE,0.0,117.0,0.0,1.0
释放,0.0,21.0,0.0,1.0
60,0.0,3.0,0.0,1.0
瓷砖,0.0,6.0,0.0,1.0
上述,0.0,9.0,0.0,1.0
189057012,0.0,3.0,0.0,1.0
为什么,0.0,3.0,0.0,1.0
直观,0.0,3.0,0.0,1.0
品牌网,0.0,3.0,0.0,1.0
面积,0.0,3.0,0.0,1.0
京东方,0.0,3.0,0.0,1.0
进出,0.0,3.0,0.0,1.0
四季度,0.0,6.0,0.0,1.0
黄关林,0.0,3.0,0.0,1.0
紫外,0.0,6.0,0.0,1.0
为盾,0.0,3.0,0.0,1.0
],0.0,3.0,0.0,1.0
实现,0.0,12.0,0.0,1.0
美誉度,0.0,3.0,0.0,1.0
2009,0.0,3.0,0.0,1.0
zMOBoXghWXR8WMYBCaibcfcbNpvPYYsqzvU,0.0,3.0,0.0,1.0
不会,0.0,9.0,0.0,1.0
永艺,0.0,12.0,0.0,1.0
始终,0.0,9.0,0.0,1.0
21,0.0,3.0,0.0,1.0
科研机构,0.0,3.0,0.0,1.0
860645b7bb090518,0.0,3.0,0.0,1.0
深市,0.0,3.0,0.0,1.0
单,0.0,3.0,0.0,1.0
51,0.0,6.0,0.0,1.0
对于,0.0,3.0,0.0,1.0
全,0.0,6.0,0.0,1.0
·,0.0,18.0,0.0,1.0
德尔,0.0,9.0,0.0,1.0
早,0.0,6.0,0.0,1.0
信心,0.0,6.0,0.0,1.0
编辑,0.0,6.0,0.0,1.0
柜体,0.0,6.0,0.0,1.0
随心所欲,0.0,3.0,0.0,1.0
大力,0.0,3.0,0.0,1.0
制作,0.0,6.0,0.0,1.0
陶瓷砖,0.0,3.0,0.0,1.0
百家,0.0,3.0,0.0,1.0
增添,0.0,3.0,0.0,1.0
管理人员,0.0,3.0,0.0,1.0
ficGB89sZE7k6HG0fRDXWx4d9s9DX2uoXb43DnqZHsNOq2SW6s8kpQ91AFfzdwf2IOzdvw,0.0,3.0,0.0,1.0
检测,0.0,6.0,0.0,1.0
席位,0.0,18.0,0.0,1.0
现象,0.0,3.0,0.0,1.0
一块块,0.0,6.0,0.0,1.0
下设,0.0,3.0,0.0,1.0
资源整合,0.0,3.0,0.0,1.0
13.4,0.0,3.0,0.0,1.0
方法,0.0,6.0,0.0,1.0
研究,0.0,9.0,0.0,1.0
华帝,0.0,3.0,0.0,1.0
决定,0.0,3.0,0.0,1.0
复合,0.0,3.0,0.0,1.0
更,0.0,27.0,0.0,1.0
神雾,0.0,6.0,0.0,1.0
中长期,0.0,3.0,0.0,1.0
保证,0.0,6.0,0.0,1.0
负罪感,0.0,3.0,0.0,1.0
于,0.0,45.0,0.0,1.0
所,0.0,6.0,0.0,1.0
空调,0.0,3.0,0.0,1.0
三大,0.0,3.0,0.0,1.0
平凡,0.0,3.0,0.0,1.0
中小板,0.0,3.0,0.0,1.0
外延,0.0,3.0,0.0,1.0
CE0,0.0,18.0,0.0,1.0
13,0.0,12.0,0.0,1.0
4369.65,0.0,3.0,0.0,1.0
微,0.0,15.0,0.0,1.0
近年来,0.0,3.0,0.0,1.0
副局长,0.0,3.0,0.0,1.0
具备,0.0,3.0,0.0,1.0
八,0.0,3.0,0.0,1.0
表示,0.0,15.0,0.0,1.0
上,6.0,48.0,0.1111111111111111,0.8888888888888888
陈经理,0.0,3.0,0.0,1.0
伪造,0.0,3.0,0.0,1.0
拉升,0.0,3.0,0.0,1.0
http,0.0,117.0,0.0,1.0
现场,0.0,15.0,0.0,1.0
优秀,0.0,3.0,0.0,1.0
干净,0.0,3.0,0.0,1.0
国宾馆,0.0,6.0,0.0,1.0
玻璃,0.0,3.0,0.0,1.0
粘性,0.0,3.0,0.0,1.0
披露,0.0,3.0,0.0,1.0
名状,0.0,3.0,0.0,1.0
杭州,0.0,18.0,0.0,1.0
蛀,0.0,3.0,0.0,1.0
1000,0.0,15.0,0.0,1.0
融资,0.0,3.0,0.0,1.0
P6S8FicAyqFZWEbS9Al37HYL8ktWDYVTLp7LuaP4JXaibSvoue3z45In5xicPPXjZOcjwYMn2VgKAiaw,0.0,3.0,0.0,1.0
门业,0.0,6.0,0.0,1.0
cn,0.0,99.0,0.0,1.0
企业简介,0.0,3.0,0.0,1.0
刘艳婷,0.0,3.0,0.0,1.0
收盘价,0.0,6.0,0.0,1.0
命运,0.0,3.0,0.0,1.0
顾伟国,0.0,3.0,0.0,1.0
37.02,0.0,3.0,0.0,1.0
业主,0.0,6.0,0.0,1.0
深入人心,0.0,3.0,0.0,1.0
设计,8.0,6.0,0.5714285714285714,0.42857142857142855
换手率,0.0,6.0,0.0,1.0
液晶电视,0.0,3.0,0.0,1.0
简单,0.0,3.0,0.0,1.0
02,0.0,3.0,0.0,1.0
樟子松,0.0,3.0,0.0,1.0
举办,0.0,6.0,0.0,1.0
走势,0.0,9.0,0.0,1.0
一期,0.0,3.0,0.0,1.0
并购,0.0,3.0,0.0,1.0
点击,0.0,3.0,0.0,1.0
均,0.0,12.0,0.0,1.0
侵删,0.0,3.0,0.0,1.0
渗透率,0.0,3.0,0.0,1.0
陈列,0.0,3.0,0.0,1.0
等,0.0,117.0,0.0,1.0
容易,0.0,3.0,0.0,1.0
成功,0.0,12.0,0.0,1.0
A,0.0,3.0,0.0,1.0
尚品,0.0,3.0,0.0,1.0
带动,0.0,3.0,0.0,1.0
高端,0.0,3.0,0.0,1.0
天下,0.0,3.0,0.0,1.0
分歧,0.0,6.0,0.0,1.0
专注,0.0,3.0,0.0,1.0
盲目,0.0,3.0,0.0,1.0
1.3,0.0,3.0,0.0,1.0
可食用,0.0,3.0,0.0,1.0
影响力,0.0,3.0,0.0,1.0
拿出,0.0,3.0,0.0,1.0
图形,0.0,3.0,0.0,1.0
双色,0.0,3.0,0.0,1.0
成绩,0.0,3.0,0.0,1.0
卖出,0.0,27.0,0.0,1.0
劣质,0.0,3.0,0.0,1.0
提供,0.0,18.0,0.0,1.0
碧,0.0,3.0,0.0,1.0
更为,0.0,6.0,0.0,1.0
原料,0.0,6.0,0.0,1.0
安踏,0.0,3.0,0.0,1.0
脚感,0.0,3.0,0.0,1.0
新华,0.0,3.0,0.0,1.0
竞猜活动,0.0,3.0,0.0,1.0
温馨,0.0,3.0,0.0,1.0
失败,0.0,3.0,0.0,1.0
皆,0.0,6.0,0.0,1.0
一道,0.0,3.0,0.0,1.0
杠杠,0.0,3.0,0.0,1.0
加深,0.0,3.0,0.0,1.0
成品,0.0,18.0,0.0,1.0
信赖,0.0,3.0,0.0,1.0
任性,0.0,6.0,0.0,1.0
股票,0.0,45.0,0.0,1.0
康欣新材,0.0,6.0,0.0,1.0
51.40,0.0,3.0,0.0,1.0
台,3.0,0.0,1.0,0.0
店,0.0,3.0,0.0,1.0
25.07,0.0,3.0,0.0,1.0
知道,0.0,6.0,0.0,1.0
消费者,0.0,84.0,0.0,1.0
会展中心,0.0,3.0,0.0,1.0
浙江省政府,0.0,3.0,0.0,1.0
中标,0.0,3.0,0.0,1.0
一年,0.0,3.0,0.0,1.0
浙江,0.0,27.0,0.0,1.0
吸引力,0.0,3.0,0.0,1.0
啤酒,0.0,3.0,0.0,1.0
运营商,0.0,6.0,0.0,1.0
°,0.0,15.0,0.0,1.0
水泥,0.0,6.0,0.0,1.0
好评,0.0,3.0,0.0,1.0
25,0.0,9.0,0.0,1.0
提出,0.0,3.0,0.0,1.0
完善,0.0,6.0,0.0,1.0
以,0.0,39.0,0.0,1.0
各类,0.0,3.0,0.0,1.0
植物,0.0,3.0,0.0,1.0
集成板,0.0,6.0,0.0,1.0
工序,0.0,6.0,0.0,1.0
防裂,0.0,6.0,0.0,1.0
病毒,0.0,6.0,0.0,1.0
安全卫生,0.0,3.0,0.0,1.0
港资,0.0,3.0,0.0,1.0
收购,0.0,3.0,0.0,1.0
目的,0.0,3.0,0.0,1.0
之兔,0.0,3.0,0.0,1.0
上市公司,0.0,21.0,0.0,1.0
令兔,0.0,3.0,0.0,1.0
人员,0.0,3.0,0.0,1.0
周五,0.0,3.0,0.0,1.0
集聚,0.0,3.0,0.0,1.0
人群,0.0,6.0,0.0,1.0
院校,0.0,3.0,0.0,1.0
zMOBoXghWXTNFEJkicdv9TR4nx4IjOicdr1fJzcIbfKzB3UkUgcEtTgs0foibKI2SiaTrib80QMTZ79B6FzhLtsVMJA,0.0,3.0,0.0,1.0
1599,0.0,3.0,0.0,1.0
泸州,0.0,3.0,0.0,1.0
购买,0.0,18.0,0.0,1.0
想要,3.0,3.0,0.5,0.5
明确,0.0,3.0,0.0,1.0
这些,3.0,3.0,0.5,0.5
纹理,0.0,3.0,0.0,1.0
无序,0.0,3.0,0.0,1.0
机会,0.0,3.0,0.0,1.0
健康,0.0,15.0,0.0,1.0
返现,0.0,3.0,0.0,1.0
板件,0.0,12.0,0.0,1.0
少华,0.0,3.0,0.0,1.0
大头,0.0,3.0,0.0,1.0
稳步,0.0,6.0,0.0,1.0
小龙,0.0,3.0,0.0,1.0
综合,0.0,6.0,0.0,1.0
为止,0.0,3.0,0.0,1.0
理念,0.0,9.0,0.0,1.0
新,0.0,42.0,0.0,1.0
上涨,0.0,9.0,0.0,1.0
是,9.0,138.0,0.061224489795918366,0.9387755102040817
对面,0.0,6.0,0.0,1.0
同款,0.0,6.0,0.0,1.0
义乌,0.0,3.0,0.0,1.0
NGP6S8FicAyqFZWEbS9Al37HYTDVIRBibDsonYMg4N1sBqTjF801uN5cvhFBlEYRkjBRE392hmgoEFhg,0.0,3.0,0.0,1.0
踩,0.0,6.0,0.0,1.0
杭萧,0.0,3.0,0.0,1.0
尽享,0.0,12.0,0.0,1.0
王总及,0.0,3.0,0.0,1.0
授权,0.0,3.0,0.0,1.0
zMOBoXghWXQz8HCGwgcaL3FzdRG,0.0,3.0,0.0,1.0
大臣,0.0,6.0,0.0,1.0
使用,0.0,48.0,0.0,1.0
必将,0.0,3.0,0.0,1.0
立邦漆,0.0,3.0,0.0,1.0
观察,0.0,3.0,0.0,1.0
16.64,0.0,3.0,0.0,1.0
52,0.0,3.0,0.0,1.0
打开,0.0,3.0,0.0,1.0
约,0.0,6.0,0.0,1.0
家装,0.0,18.0,0.0,1.0
贏,0.0,9.0,0.0,1.0
2015,0.0,9.0,0.0,1.0
美国,0.0,9.0,0.0,1.0
远远,0.0,3.0,0.0,1.0
全球,0.0,24.0,0.0,1.0
处于,0.0,6.0,0.0,1.0
追求,0.0,6.0,0.0,1.0
顺芯板,0.0,27.0,0.0,1.0
通过,0.0,18.0,0.0,1.0
王,0.0,6.0,0.0,1.0
时间,0.0,9.0,0.0,1.0
轮番,0.0,3.0,0.0,1.0
防水剂,0.0,3.0,0.0,1.0
方面,0.0,12.0,0.0,1.0
身为,0.0,3.0,0.0,1.0
荣誉,0.0,18.0,0.0,1.0
出现,11.0,3.0,0.7857142857142857,0.21428571428571427
驱动,0.0,3.0,0.0,1.0
精细,0.0,3.0,0.0,1.0
产品开发,0.0,3.0,0.0,1.0
嵊州,0.0,9.0,0.0,1.0
国际博览,0.0,3.0,0.0,1.0
建材行业,0.0,12.0,0.0,1.0
22670,0.0,9.0,0.0,1.0
经营,0.0,9.0,0.0,1.0
八大,0.0,3.0,0.0,1.0
上演,0.0,3.0,0.0,1.0
开发,0.0,6.0,0.0,1.0
全球化,0.0,3.0,0.0,1.0
所得,0.0,3.0,0.0,1.0
大豆,0.0,3.0,0.0,1.0
五楼,0.0,3.0,0.0,1.0
长久,0.0,3.0,0.0,1.0
SRC,0.0,117.0,0.0,1.0
产品品质,0.0,9.0,0.0,1.0
深港,0.0,3.0,0.0,1.0
穿越时空,0.0,6.0,0.0,1.0
zMOBoXghWXScLLF,0.0,3.0,0.0,1.0
行业,0.0,51.0,0.0,1.0
工厂,0.0,3.0,0.0,1.0
涨停,0.0,3.0,0.0,1.0
真假,0.0,3.0,0.0,1.0
前五,0.0,3.0,0.0,1.0
123,0.0,3.0,0.0,1.0
20,0.0,9.0,0.0,1.0
生活馆,0.0,3.0,0.0,1.0
比,0.0,6.0,0.0,1.0
T6FSB8ushibBQS4lay5Kcl9oib6u9g9lcTibs4xbpAibjicTVd3ZF5Pz6W3axQ3GG2qFqvQofhgpCxibKNICAB9aXmmg,0.0,3.0,0.0,1.0
当仁不让,0.0,6.0,0.0,1.0
险,0.0,6.0,0.0,1.0
共同开发,0.0,3.0,0.0,1.0
有限公司,0.0,63.0,0.0,1.0
改善,0.0,6.0,0.0,1.0
　,0.0,836.0,0.0,1.0
柜身,0.0,3.0,0.0,1.0
林产,0.0,6.0,0.0,1.0
毅,0.0,9.0,0.0,1.0
亨通,0.0,3.0,0.0,1.0
绿色,0.0,45.0,0.0,1.0
侧量,0.0,3.0,0.0,1.0
受理,0.0,3.0,0.0,1.0
单板,0.0,6.0,0.0,1.0
之外,0.0,3.0,0.0,1.0
召开,0.0,6.0,0.0,1.0
走,0.0,12.0,0.0,1.0
个,0.0,18.0,0.0,1.0
参观,0.0,3.0,0.0,1.0
36.20,0.0,3.0,0.0,1.0
阻燃,0.0,9.0,0.0,1.0
苯,0.0,3.0,0.0,1.0
地区,0.0,3.0,0.0,1.0
积极,0.0,6.0,0.0,1.0
马可波罗,0.0,3.0,0.0,1.0
调入,0.0,9.0,0.0,1.0
精致,0.0,3.0,0.0,1.0
职工代表,0.0,3.0,0.0,1.0
集团,0.0,37.0,0.0,1.0
zMOBoXghWXRuiampx9KiccaOBQMias6LQ938OJkuJzWwKTREG9LayBSoibLMKcs2x4jWUThJWibPd2tw3g3DOTSW3Lw,0.0,3.0,0.0,1.0
再度,0.0,3.0,0.0,1.0
见,0.0,3.0,0.0,1.0
女士,0.0,9.0,0.0,1.0
引进,0.0,3.0,0.0,1.0
场馆,0.0,3.0,0.0,1.0
紧张,0.0,3.0,0.0,1.0
百种,0.0,6.0,0.0,1.0
董事长,0.0,21.0,0.0,1.0
买点,0.0,3.0,0.0,1.0
软件开发,0.0,3.0,0.0,1.0
4,0.0,27.0,0.0,1.0
这个,0.0,9.0,0.0,1.0
发现,0.0,6.0,0.0,1.0
生物,0.0,3.0,0.0,1.0
依旧,0.0,3.0,0.0,1.0
知名,0.0,9.0,0.0,1.0
放心,0.0,12.0,0.0,1.0
木地板,0.0,9.0,0.0,1.0
91095,0.0,6.0,0.0,1.0
E5ib9bUnbRqBkQWyhV4dVCA6T9ibpHcCWcEBw,0.0,3.0,0.0,1.0
态势,0.0,3.0,0.0,1.0
舒心,0.0,6.0,0.0,1.0
周,0.0,12.0,0.0,1.0
生产型,0.0,3.0,0.0,1.0
响力,0.0,3.0,0.0,1.0
大学,0.0,12.0,0.0,1.0
ZWEbS9Al37HY2aB0icPI8iakUIBl0MJIlPM3jkFsib2yXicl8VOMb6XNtkeWbfXtLHILPQ,0.0,3.0,0.0,1.0
说,0.0,24.0,0.0,1.0
不必,0.0,3.0,0.0,1.0
茅芦,0.0,3.0,0.0,1.0
世博会,0.0,6.0,0.0,1.0
森林,0.0,6.0,0.0,1.0
_,0.0,240.0,0.0,1.0
14.1,0.0,3.0,0.0,1.0
木业,0.0,3.0,0.0,1.0
6.1,0.0,3.0,0.0,1.0
艺术,0.0,3.0,0.0,1.0
宴会厅,0.0,3.0,0.0,1.0
每个,0.0,3.0,0.0,1.0
十五年,0.0,3.0,0.0,1.0
资源,0.0,15.0,0.0,1.0
FSC,0.0,6.0,0.0,1.0
面板,0.0,15.0,0.0,1.0
大脑,0.0,3.0,0.0,1.0
街,0.0,3.0,0.0,1.0
经典,0.0,3.0,0.0,1.0
清一色,0.0,3.0,0.0,1.0
贴士,3.0,0.0,1.0,0.0
自然,0.0,3.0,0.0,1.0
强度,0.0,3.0,0.0,1.0
木有,0.0,3.0,0.0,1.0
吸引,0.0,3.0,0.0,1.0
个股,0.0,15.0,0.0,1.0
观光,0.0,3.0,0.0,1.0
倡导,0.0,6.0,0.0,1.0
科技,0.0,48.0,0.0,1.0
象,0.0,3.0,0.0,1.0
颁奖典礼,0.0,6.0,0.0,1.0
王总说,0.0,3.0,0.0,1.0
机构,0.0,15.0,0.0,1.0
干扰,0.0,3.0,0.0,1.0
战略伙伴,0.0,3.0,0.0,1.0
洗衣机,0.0,3.0,0.0,1.0
0.18,0.0,3.0,0.0,1.0
216,0.0,3.0,0.0,1.0
洗盘,0.0,3.0,0.0,1.0
上海市,0.0,3.0,0.0,1.0
误导,0.0,3.0,0.0,1.0
超前,0.0,3.0,0.0,1.0
平台,0.0,6.0,0.0,1.0
o090OgZqGO4Wb7Nq3LO74ViaIrdklDhMxcXGykhibARicJO1Rgvreg28wz0y0pDSQXiclnhA,0.0,3.0,0.0,1.0
软件,0.0,3.0,0.0,1.0
建设,0.0,12.0,0.0,1.0
室内装饰,0.0,3.0,0.0,1.0
%,0.0,136.0,0.0,1.0
钢构,0.0,3.0,0.0,1.0
签署,0.0,6.0,0.0,1.0
更加,0.0,21.0,0.0,1.0
将,0.0,24.0,0.0,1.0
b36322cc453be943,0.0,3.0,0.0,1.0
国际,0.0,39.0,0.0,1.0
能耐,0.0,3.0,0.0,1.0
加工厂,0.0,3.0,0.0,1.0
有奖,0.0,9.0,0.0,1.0
罗马柱,0.0,3.0,0.0,1.0
(,0.0,25.0,0.0,1.0
随着,0.0,6.0,0.0,1.0
全屋,0.0,33.0,0.0,1.0
（,3.0,100.0,0.02912621359223301,0.970873786407767
紫外线,0.0,6.0,0.0,1.0
周四,0.0,3.0,0.0,1.0
橡木,0.0,3.0,0.0,1.0
线选,0.0,3.0,0.0,1.0
未,0.0,3.0,0.0,1.0
1,0.0,30.0,0.0,1.0
免费,0.0,3.0,0.0,1.0
尾盘,0.0,3.0,0.0,1.0
宿迁,0.0,6.0,0.0,1.0
十大,0.0,27.0,0.0,1.0
单单是,0.0,3.0,0.0,1.0
以及,0.0,12.0,0.0,1.0
直到,0.0,3.0,0.0,1.0
第二季,3.0,0.0,1.0,0.0
据,0.0,9.0,0.0,1.0
持仓,0.0,3.0,0.0,1.0
14,0.0,15.0,0.0,1.0
突破,0.0,3.0,0.0,1.0
材料,0.0,33.0,0.0,1.0
严格,0.0,18.0,0.0,1.0
数量,0.0,3.0,0.0,1.0
展现,0.0,3.0,0.0,1.0
居前,0.0,3.0,0.0,1.0
虚张声势,0.0,3.0,0.0,1.0
j78F5u3y0beqpESiaM7zxpBa3pbwUfpuJbUKLTqdhzkDXLqXwJFQ,0.0,3.0,0.0,1.0
鸿达,0.0,3.0,0.0,1.0
接触,0.0,3.0,0.0,1.0
证券时报,0.0,1.0,0.0,1.0
公司,0.0,134.0,0.0,1.0
进行,0.0,36.0,0.0,1.0
东方,0.0,24.0,0.0,1.0
iz,0.0,3.0,0.0,1.0
仍大,0.0,3.0,0.0,1.0
日益,0.0,3.0,0.0,1.0
玫瑰,3.0,0.0,1.0,0.0
脱胶,0.0,3.0,0.0,1.0
华新水泥,0.0,3.0,0.0,1.0
粘贴,0.0,3.0,0.0,1.0
含量,0.0,3.0,0.0,1.0
仅限于,0.0,3.0,0.0,1.0
自产自销,0.0,3.0,0.0,1.0
汽车站,0.0,3.0,0.0,1.0
意愿,0.0,3.0,0.0,1.0
树立,0.0,9.0,0.0,1.0
自由,0.0,3.0,0.0,1.0
长城汽车,0.0,3.0,0.0,1.0
aOBQMias6LQ933cxDt1KXlZJiaKzKbBnYrNBBE5WficVsjR0w9jgYiaL2Rz5fRpbsvmaog,0.0,3.0,0.0,1.0
货真价实,0.0,3.0,0.0,1.0
赞赏,0.0,3.0,0.0,1.0
两年,0.0,3.0,0.0,1.0
引以为戒,0.0,3.0,0.0,1.0
除了,0.0,12.0,0.0,1.0
责任编辑,0.0,6.0,0.0,1.0
红线,0.0,6.0,0.0,1.0
OPOVzRZHsk1EnGAkvC4ZcwOYV8ibA9DLnhCHnOAbTjCrd1icT9xTuF5zBEKpnWDJd4keN8uEIQ,0.0,3.0,0.0,1.0
MOBoXghWXSAXdkLTrKrr4k84pZgDd1DwrN3P8jibXmTuGbbzf6LnHltO2nFmwGfR3oVQ58EiaGicCWibic7pPvpfGw,0.0,3.0,0.0,1.0
合作,0.0,27.0,0.0,1.0
石蜡,0.0,3.0,0.0,1.0
遏制,0.0,3.0,0.0,1.0
提升,0.0,39.0,0.0,1.0
788,0.0,3.0,0.0,1.0
中加,0.0,3.0,0.0,1.0
计算,0.0,6.0,0.0,1.0
图,0.0,6.0,0.0,1.0
韩国,0.0,3.0,0.0,1.0
