日,0.0,84.0,0.0,1.0
塔牌,0.0,15.0,0.0,1.0
18.35,0.0,3.0,0.0,1.0
第九届,0.0,3.0,0.0,1.0
通达,0.0,6.0,0.0,1.0
广大,0.0,3.0,0.0,1.0
走俏,0.0,9.0,0.0,1.0
行政,0.0,9.0,0.0,1.0
…,0.0,6.0,0.0,1.0
至,0.0,30.0,0.0,1.0
较大型,0.0,3.0,0.0,1.0
上车,0.0,3.0,0.0,1.0
共赢,0.0,3.0,0.0,1.0
完成,0.0,6.0,0.0,1.0
书面,0.0,6.0,0.0,1.0
跌到,0.0,3.0,0.0,1.0
同比,0.0,21.0,0.0,1.0
涨幅,0.0,18.0,0.0,1.0
市,0.0,3.0,0.0,1.0
产业,0.0,3.0,0.0,1.0
优先,0.0,3.0,0.0,1.0
走向,0.0,3.0,0.0,1.0
395,0.0,3.0,0.0,1.0
中国,0.0,30.0,0.0,1.0
船舶,0.0,15.0,0.0,1.0
329,0.0,3.0,0.0,1.0
:,0.0,39.0,0.0,1.0
安龙,0.0,3.0,0.0,1.0
提示,0.0,3.0,0.0,1.0
发挥,0.0,3.0,0.0,1.0
进出口,0.0,6.0,0.0,1.0
2013,0.0,3.0,0.0,1.0
现任,0.0,6.0,0.0,1.0
码头,0.0,21.0,0.0,1.0
12,0.0,27.0,0.0,1.0
竞赛,0.0,3.0,0.0,1.0
监事会,0.0,12.0,0.0,1.0
自贸,0.0,3.0,0.0,1.0
跟风,0.0,3.0,0.0,1.0
货运,0.0,3.0,0.0,1.0
双龙,0.0,3.0,0.0,1.0
光大,0.0,3.0,0.0,1.0
利益,0.0,3.0,0.0,1.0
珠江,0.0,15.0,0.0,1.0
列表,0.0,6.0,0.0,1.0
Ａ,0.0,9.0,0.0,1.0
鼓励,0.0,6.0,0.0,1.0
班轮,0.0,6.0,0.0,1.0
程度,0.0,3.0,0.0,1.0
字号,0.0,3.0,0.0,1.0
成都,0.0,3.0,0.0,1.0
中山大学,0.0,3.0,0.0,1.0
海峡,0.0,3.0,0.0,1.0
经济特区,0.0,6.0,0.0,1.0
10,0.0,3.0,0.0,1.0
股份,0.0,21.0,0.0,1.0
由此,0.0,3.0,0.0,1.0
亿元,0.0,3.0,0.0,1.0
跑,0.0,3.0,0.0,1.0
出,0.0,3.0,0.0,1.0
结为,0.0,3.0,0.0,1.0
5.0,0.0,3.0,0.0,1.0
东旭,0.0,6.0,0.0,1.0
就职仪式,0.0,3.0,0.0,1.0
越来越,0.0,3.0,0.0,1.0
建成,0.0,9.0,0.0,1.0
走高,0.0,6.0,0.0,1.0
优越,0.0,3.0,0.0,1.0
民主选举,0.0,3.0,0.0,1.0
费用,0.0,3.0,0.0,1.0
形态,0.0,3.0,0.0,1.0
谋划,0.0,3.0,0.0,1.0
步伐,0.0,6.0,0.0,1.0
交通,0.0,24.0,0.0,1.0
之势,0.0,3.0,0.0,1.0
经过,0.0,3.0,0.0,1.0
作为,0.0,12.0,0.0,1.0
快线,0.0,12.0,0.0,1.0
格力电器,0.0,3.0,0.0,1.0
9.46,0.0,3.0,0.0,1.0
png,0.0,12.0,0.0,1.0
7,0.0,18.0,0.0,1.0
西江,0.0,69.0,0.0,1.0
还是,0.0,3.0,0.0,1.0
还有,0.0,3.0,0.0,1.0
】,0.0,3.0,0.0,1.0
短线,0.0,3.0,0.0,1.0
条,0.0,9.0,0.0,1.0
危险,0.0,3.0,0.0,1.0
刘勇,0.0,15.0,0.0,1.0
经济网,0.0,3.0,0.0,1.0
以港,0.0,3.0,0.0,1.0
发力,0.0,6.0,0.0,1.0
发展,0.0,87.0,0.0,1.0
发展壮大,0.0,3.0,0.0,1.0
从,0.0,24.0,0.0,1.0
=,0.0,18.0,0.0,1.0
广,0.0,18.0,0.0,1.0
+,0.0,3.0,0.0,1.0
2000,0.0,3.0,0.0,1.0
新高,0.0,6.0,0.0,1.0
标箱,0.0,3.0,0.0,1.0
截至,0.0,30.0,0.0,1.0
南北,0.0,3.0,0.0,1.0
专业,0.0,3.0,0.0,1.0
资金,0.0,27.0,0.0,1.0
消息,0.0,9.0,0.0,1.0
新港,0.0,9.0,0.0,1.0
i8,0.0,3.0,0.0,1.0
都,0.0,21.0,0.0,1.0
盐田港,0.0,51.0,0.0,1.0
近,0.0,21.0,0.0,1.0
应,0.0,15.0,0.0,1.0
行业协会,0.0,3.0,0.0,1.0
不止,0.0,3.0,0.0,1.0
巴基斯坦,0.0,6.0,0.0,1.0
除权,0.0,3.0,0.0,1.0
拉至,0.0,3.0,0.0,1.0
钟夏,0.0,6.0,0.0,1.0
集装箱船,0.0,3.0,0.0,1.0
梧州,0.0,15.0,0.0,1.0
切莫,0.0,3.0,0.0,1.0
涨停板,0.0,3.0,0.0,1.0
陷入,0.0,3.0,0.0,1.0
赶超,0.0,3.0,0.0,1.0
机遇,0.0,9.0,0.0,1.0
价格,0.0,3.0,0.0,1.0
证券,0.0,3.0,0.0,1.0
水上,0.0,3.0,0.0,1.0
超过,0.0,3.0,0.0,1.0
机制,0.0,12.0,0.0,1.0
超,0.0,3.0,0.0,1.0
海内外,0.0,3.0,0.0,1.0
不错,0.0,9.0,0.0,1.0
低于,0.0,3.0,0.0,1.0
运输,0.0,3.0,0.0,1.0
无法,0.0,3.0,0.0,1.0
7900,0.0,3.0,0.0,1.0
开通,0.0,24.0,0.0,1.0
广西,0.0,3.0,0.0,1.0
2.5,0.0,3.0,0.0,1.0
快讯,0.0,9.0,0.0,1.0
土地,0.0,3.0,0.0,1.0
i7,0.0,3.0,0.0,1.0
分抢,0.0,3.0,0.0,1.0
增长,0.0,33.0,0.0,1.0
收,0.0,6.0,0.0,1.0
到,0.0,18.0,0.0,1.0
15.09,0.0,3.0,0.0,1.0
协调,0.0,6.0,0.0,1.0
国际竞争,0.0,3.0,0.0,1.0
西南地区,0.0,12.0,0.0,1.0
数度,0.0,6.0,0.0,1.0
口,0.0,3.0,0.0,1.0
注明,0.0,3.0,0.0,1.0
跟上,0.0,3.0,0.0,1.0
风电场,0.0,3.0,0.0,1.0
3188.71,0.0,12.0,0.0,1.0
为期,0.0,3.0,0.0,1.0
独特,0.0,3.0,0.0,1.0
》,0.0,15.0,0.0,1.0
枢纽港,0.0,3.0,0.0,1.0
双重,0.0,3.0,0.0,1.0
不久,0.0,3.0,0.0,1.0
美滋滋,0.0,6.0,0.0,1.0
拥抱,0.0,3.0,0.0,1.0
先发,0.0,3.0,0.0,1.0
5511.15,0.0,3.0,0.0,1.0
会,0.0,6.0,0.0,1.0
推动,0.0,3.0,0.0,1.0
先后,0.0,3.0,0.0,1.0
激烈,0.0,3.0,0.0,1.0
主动,0.0,3.0,0.0,1.0
顾问,0.0,6.0,0.0,1.0
辉腾锡勒,0.0,3.0,0.0,1.0
请,0.0,3.0,0.0,1.0
亏,0.0,3.0,0.0,1.0
股权,0.0,9.0,0.0,1.0
珠海,0.0,591.0,0.0,1.0
2100,0.0,3.0,0.0,1.0
铁路,0.0,9.0,0.0,1.0
主持,0.0,3.0,0.0,1.0
中心,0.0,21.0,0.0,1.0
立即,0.0,6.0,0.0,1.0
亦,0.0,3.0,0.0,1.0
媒体,0.0,6.0,0.0,1.0
缺额,0.0,3.0,0.0,1.0
由,0.0,9.0,0.0,1.0
厦门,0.0,6.0,0.0,1.0
仙鹤,0.0,3.0,0.0,1.0
外,0.0,3.0,0.0,1.0
月,0.0,147.0,0.0,1.0
人,0.0,3.0,0.0,1.0
赚,0.0,3.0,0.0,1.0
接待,0.0,3.0,0.0,1.0
均,0.0,15.0,0.0,1.0
尊重,0.0,3.0,0.0,1.0
第二条,0.0,9.0,0.0,1.0
专家,0.0,3.0,0.0,1.0
报道,0.0,12.0,0.0,1.0
曾,0.0,3.0,0.0,1.0
热门,0.0,3.0,0.0,1.0
诊股,0.0,54.0,0.0,1.0
大跌,0.0,3.0,0.0,1.0
载体,0.0,3.0,0.0,1.0
—,0.0,39.0,0.0,1.0
受益,0.0,6.0,0.0,1.0
贸易,0.0,3.0,0.0,1.0
物流,0.0,18.0,0.0,1.0
想,0.0,3.0,0.0,1.0
18,0.0,6.0,0.0,1.0
天天,0.0,9.0,0.0,1.0
拟,0.0,9.0,0.0,1.0
一带,0.0,27.0,0.0,1.0
控股,0.0,15.0,0.0,1.0
遥遥领先,0.0,3.0,0.0,1.0
崛起,0.0,3.0,0.0,1.0
港该,0.0,3.0,0.0,1.0
两个,0.0,3.0,0.0,1.0
内部,0.0,6.0,0.0,1.0
负责人,0.0,9.0,0.0,1.0
无应,0.0,6.0,0.0,1.0
明显,0.0,3.0,0.0,1.0
先生,0.0,15.0,0.0,1.0
联动,0.0,3.0,0.0,1.0
副会长,0.0,3.0,0.0,1.0
分,0.0,3.0,0.0,1.0
重大,0.0,30.0,0.0,1.0
利口,0.0,15.0,0.0,1.0
刺激,0.0,3.0,0.0,1.0
终于,0.0,6.0,0.0,1.0
做好,0.0,3.0,0.0,1.0
增强,0.0,6.0,0.0,1.0
没,0.0,6.0,0.0,1.0
后,0.0,24.0,0.0,1.0
航道,0.0,3.0,0.0,1.0
9.07,0.0,3.0,0.0,1.0
提升,0.0,9.0,0.0,1.0
力量,0.0,3.0,0.0,1.0
之,0.0,3.0,0.0,1.0
城市,0.0,9.0,0.0,1.0
轮船,0.0,3.0,0.0,1.0
大型,0.0,3.0,0.0,1.0
其中,0.0,15.0,0.0,1.0
3.37,0.0,3.0,0.0,1.0
002492,0.0,3.0,0.0,1.0
时,0.0,9.0,0.0,1.0
郑天祥,0.0,3.0,0.0,1.0
22,0.0,3.0,0.0,1.0
版,0.0,3.0,0.0,1.0
管理,0.0,3.0,0.0,1.0
深,0.0,15.0,0.0,1.0
dzzzz1,0.0,3.0,0.0,1.0
对象,0.0,3.0,0.0,1.0
对接,0.0,9.0,0.0,1.0
承担,0.0,3.0,0.0,1.0
同盟,0.0,3.0,0.0,1.0
3800,0.0,3.0,0.0,1.0
加大,0.0,3.0,0.0,1.0
评论,0.0,6.0,0.0,1.0
构筑,0.0,3.0,0.0,1.0
驳船,0.0,12.0,0.0,1.0
旗下,0.0,6.0,0.0,1.0
共,0.0,3.0,0.0,1.0
2011,0.0,6.0,0.0,1.0
买卖,0.0,6.0,0.0,1.0
使,0.0,6.0,0.0,1.0
财通,0.0,3.0,0.0,1.0
每经,0.0,6.0,0.0,1.0
黄群,0.0,3.0,0.0,1.0
达飞,0.0,3.0,0.0,1.0
岸线,0.0,3.0,0.0,1.0
特区政府,0.0,3.0,0.0,1.0
个省,0.0,3.0,0.0,1.0
法定人数,0.0,3.0,0.0,1.0
且,0.0,3.0,0.0,1.0
共拓,0.0,3.0,0.0,1.0
需谨慎,0.0,3.0,0.0,1.0
海防,0.0,9.0,0.0,1.0
W,0.0,3.0,0.0,1.0
折戟沉沙,0.0,3.0,0.0,1.0
职务,0.0,6.0,0.0,1.0
一步,0.0,3.0,0.0,1.0
近日,0.0,3.0,0.0,1.0
区域,0.0,9.0,0.0,1.0
设施,0.0,6.0,0.0,1.0
服务,0.0,12.0,0.0,1.0
申请,0.0,3.0,0.0,1.0
便捷,0.0,3.0,0.0,1.0
六,0.0,3.0,0.0,1.0
延续,0.0,3.0,0.0,1.0
本报记者,0.0,3.0,0.0,1.0
小,0.0,6.0,0.0,1.0
国码,0.0,6.0,0.0,1.0
3017.88,0.0,3.0,0.0,1.0
2.3,0.0,3.0,0.0,1.0
之际,0.0,3.0,0.0,1.0
有所,0.0,6.0,0.0,1.0
大桥,0.0,9.0,0.0,1.0
ywdf,0.0,3.0,0.0,1.0
您,0.0,3.0,0.0,1.0
确认,0.0,6.0,0.0,1.0
打造,0.0,3.0,0.0,1.0
软硬件,0.0,3.0,0.0,1.0
走强,0.0,6.0,0.0,1.0
定期,0.0,3.0,0.0,1.0
港澳,0.0,3.0,0.0,1.0
chart,0.0,6.0,0.0,1.0
）,0.0,99.0,0.0,1.0
受此,0.0,3.0,0.0,1.0
投资,0.0,48.0,0.0,1.0
正在,0.0,6.0,0.0,1.0
8,0.0,24.0,0.0,1.0
形成,0.0,9.0,0.0,1.0
有效,0.0,3.0,0.0,1.0
4730.98,0.0,3.0,0.0,1.0
海港,0.0,3.0,0.0,1.0
繁荣,0.0,3.0,0.0,1.0
吴蔚,0.0,6.0,0.0,1.0
发信,0.0,18.0,0.0,1.0
联盟,0.0,12.0,0.0,1.0
市委,0.0,3.0,0.0,1.0
信息,0.0,9.0,0.0,1.0
挑战,0.0,3.0,0.0,1.0
公开,0.0,6.0,0.0,1.0
建立,0.0,9.0,0.0,1.0
正,0.0,3.0,0.0,1.0
12.46,0.0,3.0,0.0,1.0
落实,0.0,3.0,0.0,1.0
大部分,0.0,3.0,0.0,1.0
一直,0.0,3.0,0.0,1.0
既然,0.0,3.0,0.0,1.0
当晚,0.0,3.0,0.0,1.0
澳门,0.0,3.0,0.0,1.0
三板,0.0,3.0,0.0,1.0
沿江,0.0,6.0,0.0,1.0
康远,0.0,6.0,0.0,1.0
基石,0.0,3.0,0.0,1.0
四大,0.0,3.0,0.0,1.0
西岸地区,0.0,3.0,0.0,1.0
操作,0.0,9.0,0.0,1.0
尚未,0.0,3.0,0.0,1.0
港获,0.0,3.0,0.0,1.0
广阔,0.0,3.0,0.0,1.0
入驻,0.0,3.0,0.0,1.0
epaper,0.0,3.0,0.0,1.0
1497954226469,0.0,3.0,0.0,1.0
妥妥,0.0,3.0,0.0,1.0
营业部,0.0,3.0,0.0,1.0
收效甚微,0.0,3.0,0.0,1.0
创,0.0,6.0,0.0,1.0
港及,0.0,3.0,0.0,1.0
炒,0.0,3.0,0.0,1.0
一个,0.0,9.0,0.0,1.0
向外,0.0,3.0,0.0,1.0
地位,0.0,6.0,0.0,1.0
没有,0.0,9.0,0.0,1.0
追捧,0.0,6.0,0.0,1.0
后市,0.0,9.0,0.0,1.0
股早,0.0,9.0,0.0,1.0
设立,0.0,12.0,0.0,1.0
另辟蹊径,0.0,3.0,0.0,1.0
独角戏,0.0,3.0,0.0,1.0
金融资本,0.0,3.0,0.0,1.0
布局,0.0,12.0,0.0,1.0
kpic,0.0,6.0,0.0,1.0
今天,0.0,6.0,0.0,1.0
神华,0.0,3.0,0.0,1.0
史文超,0.0,3.0,0.0,1.0
意味,0.0,3.0,0.0,1.0
门户,0.0,3.0,0.0,1.0
低吸,0.0,3.0,0.0,1.0
业务,0.0,21.0,0.0,1.0
云浮,0.0,6.0,0.0,1.0
：,0.0,81.0,0.0,1.0
风险,0.0,3.0,0.0,1.0
东南亚,0.0,9.0,0.0,1.0
一体,0.0,3.0,0.0,1.0
国资委,0.0,3.0,0.0,1.0
属于,0.0,6.0,0.0,1.0
引领,0.0,3.0,0.0,1.0
辞职,0.0,12.0,0.0,1.0
来自,0.0,3.0,0.0,1.0
经理,0.0,6.0,0.0,1.0
商船,0.0,6.0,0.0,1.0
时代,0.0,6.0,0.0,1.0
港,0.0,510.0,0.0,1.0
另一方面,0.0,3.0,0.0,1.0
高速,0.0,9.0,0.0,1.0
网站,0.0,6.0,0.0,1.0
才能,0.0,3.0,0.0,1.0
战略,0.0,36.0,0.0,1.0
461.85,0.0,3.0,0.0,1.0
已经,0.0,12.0,0.0,1.0
显示,0.0,12.0,0.0,1.0
600872,0.0,3.0,0.0,1.0
玻璃纤维,0.0,3.0,0.0,1.0
领涨,0.0,3.0,0.0,1.0
巨额,0.0,3.0,0.0,1.0
大礼包,0.0,6.0,0.0,1.0
一条,0.0,6.0,0.0,1.0
世荣兆业,0.0,3.0,0.0,1.0
阶段,0.0,9.0,0.0,1.0
群,0.0,12.0,0.0,1.0
项目,0.0,24.0,0.0,1.0
打通,0.0,3.0,0.0,1.0
港务,0.0,12.0,0.0,1.0
LNG,0.0,6.0,0.0,1.0
有着,0.0,3.0,0.0,1.0
职工,0.0,18.0,0.0,1.0
已,0.0,24.0,0.0,1.0
简称,0.0,6.0,0.0,1.0
近期,0.0,3.0,0.0,1.0
区,0.0,54.0,0.0,1.0
一笔,0.0,3.0,0.0,1.0
外部,0.0,9.0,0.0,1.0
财务总监,0.0,6.0,0.0,1.0
方案,0.0,3.0,0.0,1.0
当,0.0,6.0,0.0,1.0
起步,0.0,3.0,0.0,1.0
通过,0.0,12.0,0.0,1.0
维护,0.0,3.0,0.0,1.0
核心,0.0,9.0,0.0,1.0
优劣,0.0,3.0,0.0,1.0
货物,0.0,27.0,0.0,1.0
沉寂,0.0,6.0,0.0,1.0
子公司,0.0,18.0,0.0,1.0
十三,0.0,3.0,0.0,1.0
进一步,0.0,18.0,0.0,1.0
经济,0.0,30.0,0.0,1.0
之下,0.0,3.0,0.0,1.0
历任,0.0,3.0,0.0,1.0
说明,0.0,3.0,0.0,1.0
公众,0.0,3.0,0.0,1.0
动力,0.0,6.0,0.0,1.0
启动,0.0,3.0,0.0,1.0
6,0.0,60.0,0.0,1.0
城市群,0.0,3.0,0.0,1.0
大涨,0.0,3.0,0.0,1.0
钱,0.0,3.0,0.0,1.0
最终,0.0,3.0,0.0,1.0
发电,0.0,9.0,0.0,1.0
介绍,0.0,3.0,0.0,1.0
充分,0.0,3.0,0.0,1.0
全,0.0,3.0,0.0,1.0
58,0.0,3.0,0.0,1.0
其,0.0,15.0,0.0,1.0
9,0.0,3.0,0.0,1.0
怎么办,0.0,3.0,0.0,1.0
马仁洪,0.0,3.0,0.0,1.0
42,0.0,3.0,0.0,1.0
对内,0.0,3.0,0.0,1.0
仍,0.0,3.0,0.0,1.0
集装箱,0.0,21.0,0.0,1.0
黄一桓为,0.0,3.0,0.0,1.0
奋起直追,0.0,3.0,0.0,1.0
惠州,0.0,9.0,0.0,1.0
优化,0.0,3.0,0.0,1.0
陆路,0.0,3.0,0.0,1.0
港区,0.0,6.0,0.0,1.0
进快,0.0,3.0,0.0,1.0
热点,0.0,3.0,0.0,1.0
里,0.0,6.0,0.0,1.0
关于,0.0,9.0,0.0,1.0
全资,0.0,24.0,0.0,1.0
转个,0.0,3.0,0.0,1.0
1994,0.0,3.0,0.0,1.0
错位,0.0,9.0,0.0,1.0
月底,0.0,6.0,0.0,1.0
股市,0.0,3.0,0.0,1.0
江浙,0.0,3.0,0.0,1.0
凭借,0.0,6.0,0.0,1.0
东莞,0.0,6.0,0.0,1.0
股如,0.0,3.0,0.0,1.0
部长,0.0,9.0,0.0,1.0
存在,0.0,12.0,0.0,1.0
岭南,0.0,3.0,0.0,1.0
深入,0.0,9.0,0.0,1.0
绿色,0.0,6.0,0.0,1.0
原则,0.0,3.0,0.0,1.0
友好,0.0,3.0,0.0,1.0
11,0.0,18.0,0.0,1.0
查看,0.0,6.0,0.0,1.0
补选,0.0,3.0,0.0,1.0
0.00,0.0,3.0,0.0,1.0
迸发,0.0,3.0,0.0,1.0
不同,0.0,3.0,0.0,1.0
据,0.0,6.0,0.0,1.0
异常,0.0,9.0,0.0,1.0
第五,0.0,3.0,0.0,1.0
兼有,0.0,3.0,0.0,1.0
到位,0.0,3.0,0.0,1.0
贯穿,0.0,3.0,0.0,1.0
股,0.0,18.0,0.0,1.0
共建,0.0,3.0,0.0,1.0
世界,0.0,6.0,0.0,1.0
上海,0.0,9.0,0.0,1.0
这三大,0.0,3.0,0.0,1.0
多方,0.0,3.0,0.0,1.0
万吨,0.0,6.0,0.0,1.0
自贸区,0.0,6.0,0.0,1.0
213.34,0.0,3.0,0.0,1.0
担任,0.0,3.0,0.0,1.0
000040,0.0,6.0,0.0,1.0
带来,0.0,6.0,0.0,1.0
连云港,0.0,3.0,0.0,1.0
实施,0.0,6.0,0.0,1.0
获悉,0.0,3.0,0.0,1.0
定位,0.0,3.0,0.0,1.0
日电,0.0,3.0,0.0,1.0
600185,0.0,3.0,0.0,1.0
不停,0.0,3.0,0.0,1.0
巅峰,0.0,6.0,0.0,1.0
涨近,0.0,6.0,0.0,1.0
喜临门,0.0,3.0,0.0,1.0
去年,0.0,3.0,0.0,1.0
二年,0.0,6.0,0.0,1.0
全国,0.0,9.0,0.0,1.0
失去,0.0,3.0,0.0,1.0
联合,0.0,6.0,0.0,1.0
第一届,0.0,3.0,0.0,1.0
凸显,0.0,3.0,0.0,1.0
0.7,0.0,3.0,0.0,1.0
下,0.0,12.0,0.0,1.0
来说,0.0,3.0,0.0,1.0
港口,0.0,216.0,0.0,1.0
b,0.0,3.0,0.0,1.0
2012,0.0,6.0,0.0,1.0
开设,0.0,6.0,0.0,1.0
ep,0.0,3.0,0.0,1.0
、,0.0,312.0,0.0,1.0
迎来,0.0,3.0,0.0,1.0
恒基,0.0,9.0,0.0,1.0
群中,0.0,3.0,0.0,1.0
公司法,0.0,3.0,0.0,1.0
但,0.0,18.0,0.0,1.0
智胜,0.0,6.0,0.0,1.0
1552.14,0.0,3.0,0.0,1.0
万元,0.0,21.0,0.0,1.0
条件,0.0,6.0,0.0,1.0
填补,0.0,3.0,0.0,1.0
纷纷,0.0,6.0,0.0,1.0
牵手,0.0,3.0,0.0,1.0
龙虎,0.0,3.0,0.0,1.0
主力,0.0,15.0,0.0,1.0
不断,0.0,18.0,0.0,1.0
新建,0.0,6.0,0.0,1.0
重要,0.0,15.0,0.0,1.0
贵广,0.0,6.0,0.0,1.0
更加,0.0,6.0,0.0,1.0
分析,0.0,3.0,0.0,1.0
3.88,0.0,3.0,0.0,1.0
注意,0.0,6.0,0.0,1.0
概念,0.0,12.0,0.0,1.0
港大涨,0.0,3.0,0.0,1.0
董事长,0.0,9.0,0.0,1.0
通关,0.0,3.0,0.0,1.0
南京港,0.0,15.0,0.0,1.0
保利,0.0,3.0,0.0,1.0
之间,0.0,3.0,0.0,1.0
任期,0.0,3.0,0.0,1.0
行情,0.0,57.0,0.0,1.0
.,0.0,81.0,0.0,1.0
方向,0.0,3.0,0.0,1.0
航运,0.0,9.0,0.0,1.0
个人,0.0,3.0,0.0,1.0
外贸,0.0,3.0,0.0,1.0
规定,0.0,6.0,0.0,1.0
2,0.0,27.0,0.0,1.0
东路,0.0,3.0,0.0,1.0
有限,0.0,6.0,0.0,1.0
南太平洋,0.0,6.0,0.0,1.0
政策,0.0,15.0,0.0,1.0
调研,0.0,6.0,0.0,1.0
市场,0.0,6.0,0.0,1.0
摩擦力,0.0,3.0,0.0,1.0
img,0.0,3.0,0.0,1.0
船,0.0,6.0,0.0,1.0
0.8,0.0,3.0,0.0,1.0
蛇口,0.0,3.0,0.0,1.0
排,0.0,3.0,0.0,1.0
一系列,0.0,3.0,0.0,1.0
内蒙古,0.0,3.0,0.0,1.0
伙伴,0.0,3.0,0.0,1.0
杨亮,0.0,6.0,0.0,1.0
研究生,0.0,3.0,0.0,1.0
科啸,0.0,3.0,0.0,1.0
竞争,0.0,15.0,0.0,1.0
量,0.0,3.0,0.0,1.0
1.9,0.0,3.0,0.0,1.0
沿岸,0.0,3.0,0.0,1.0
好,0.0,3.0,0.0,1.0
股均,0.0,6.0,0.0,1.0
相互,0.0,3.0,0.0,1.0
stcn,0.0,15.0,0.0,1.0
众多,0.0,3.0,0.0,1.0
枢纽,0.0,6.0,0.0,1.0
驻马店,0.0,3.0,0.0,1.0
异动,0.0,3.0,0.0,1.0
体制改革,0.0,3.0,0.0,1.0
5.15,0.0,6.0,0.0,1.0
战略部署,0.0,3.0,0.0,1.0
小个子,0.0,3.0,0.0,1.0
密集,0.0,6.0,0.0,1.0
81.89,0.0,3.0,0.0,1.0
涌,0.0,3.0,0.0,1.0
7912,0.0,3.0,0.0,1.0
任职,0.0,3.0,0.0,1.0
成果,0.0,3.0,0.0,1.0
9.3,0.0,3.0,0.0,1.0
板,0.0,3.0,0.0,1.0
06,0.0,24.0,0.0,1.0
正式,0.0,9.0,0.0,1.0
经,0.0,6.0,0.0,1.0
标注,0.0,3.0,0.0,1.0
因,0.0,9.0,0.0,1.0
com,0.0,24.0,0.0,1.0
合伙,0.0,12.0,0.0,1.0
光弘,0.0,3.0,0.0,1.0
10.02,0.0,3.0,0.0,1.0
标志,0.0,6.0,0.0,1.0
主要,0.0,21.0,0.0,1.0
坦言,0.0,3.0,0.0,1.0
双港,0.0,3.0,0.0,1.0
与此同时,0.0,3.0,0.0,1.0
今年,0.0,15.0,0.0,1.0
十几年,0.0,3.0,0.0,1.0
卖出,0.0,15.0,0.0,1.0
专员,0.0,3.0,0.0,1.0
庆典,0.0,3.0,0.0,1.0
规模,0.0,6.0,0.0,1.0
较为,0.0,3.0,0.0,1.0
适时,0.0,3.0,0.0,1.0
thsi,0.0,3.0,0.0,1.0
原因,0.0,3.0,0.0,1.0
针对,0.0,3.0,0.0,1.0
翻,0.0,3.0,0.0,1.0
号,0.0,6.0,0.0,1.0
成为,0.0,18.0,0.0,1.0
12.99,0.0,3.0,0.0,1.0
到来,0.0,3.0,0.0,1.0
拿下,0.0,3.0,0.0,1.0
一段时间,0.0,3.0,0.0,1.0
可,0.0,3.0,0.0,1.0
只票,0.0,6.0,0.0,1.0
CN,0.0,6.0,0.0,1.0
收涨,0.0,3.0,0.0,1.0
自有,0.0,3.0,0.0,1.0
高昂,0.0,3.0,0.0,1.0
日讯,0.0,24.0,0.0,1.0
广百,0.0,3.0,0.0,1.0
在,0.0,108.0,0.0,1.0
活跃,0.0,18.0,0.0,1.0
镜像,0.0,3.0,0.0,1.0
第一艘,0.0,9.0,0.0,1.0
海洋,0.0,3.0,0.0,1.0
筹划,0.0,9.0,0.0,1.0
数据,0.0,21.0,0.0,1.0
达,0.0,12.0,0.0,1.0
整理,0.0,3.0,0.0,1.0
班子,0.0,3.0,0.0,1.0
南路,0.0,6.0,0.0,1.0
深水港,0.0,3.0,0.0,1.0
两大,0.0,3.0,0.0,1.0
高级,0.0,3.0,0.0,1.0
监事,0.0,21.0,0.0,1.0
肇庆,0.0,3.0,0.0,1.0
工业,0.0,3.0,0.0,1.0
连接,0.0,12.0,0.0,1.0
拓展,0.0,12.0,0.0,1.0
铁水,0.0,3.0,0.0,1.0
03,0.0,6.0,0.0,1.0
事项,0.0,30.0,0.0,1.0
各有,0.0,3.0,0.0,1.0
中海油,0.0,9.0,0.0,1.0
4.58,0.0,3.0,0.0,1.0
游资,0.0,3.0,0.0,1.0
外派,0.0,3.0,0.0,1.0
振幅,0.0,6.0,0.0,1.0
大门,0.0,6.0,0.0,1.0
大,0.0,60.0,0.0,1.0
对方,0.0,3.0,0.0,1.0
港同处,0.0,3.0,0.0,1.0
通向,0.0,6.0,0.0,1.0
26,0.0,6.0,0.0,1.0
料,0.0,3.0,0.0,1.0
形势严峻,0.0,3.0,0.0,1.0
问及,0.0,3.0,0.0,1.0
放量,0.0,3.0,0.0,1.0
收盘价格,0.0,6.0,0.0,1.0
28,0.0,9.0,0.0,1.0
亚洲,0.0,6.0,0.0,1.0
排名,0.0,6.0,0.0,1.0
背书,0.0,3.0,0.0,1.0
迅猛,0.0,6.0,0.0,1.0
经济带,0.0,3.0,0.0,1.0
46.03,0.0,3.0,0.0,1.0
如何,0.0,27.0,0.0,1.0
直通,0.0,3.0,0.0,1.0
方面,0.0,6.0,0.0,1.0
﹥,0.0,3.0,0.0,1.0
不得,0.0,3.0,0.0,1.0
化工产品,0.0,3.0,0.0,1.0
并非易事,0.0,3.0,0.0,1.0
21.44,0.0,3.0,0.0,1.0
以此,0.0,3.0,0.0,1.0
脚步,0.0,3.0,0.0,1.0
出海,0.0,6.0,0.0,1.0
雄安,0.0,3.0,0.0,1.0
庆,0.0,3.0,0.0,1.0
同样,0.0,3.0,0.0,1.0
今日,0.0,12.0,0.0,1.0
有关,0.0,6.0,0.0,1.0
海特,0.0,3.0,0.0,1.0
按照,0.0,6.0,0.0,1.0
让,0.0,3.0,0.0,1.0
安信,0.0,3.0,0.0,1.0
突破口,0.0,3.0,0.0,1.0
涨,0.0,60.0,0.0,1.0
下跌,0.0,3.0,0.0,1.0
最大,0.0,6.0,0.0,1.0
支撑,0.0,6.0,0.0,1.0
被,0.0,18.0,0.0,1.0
底,0.0,3.0,0.0,1.0
关注,0.0,3.0,0.0,1.0
命脉,0.0,3.0,0.0,1.0
格力,0.0,6.0,0.0,1.0
审计部,0.0,9.0,0.0,1.0
新加坡,0.0,3.0,0.0,1.0
应该,0.0,3.0,0.0,1.0
态势,0.0,3.0,0.0,1.0
财经,0.0,12.0,0.0,1.0
如今,0.0,3.0,0.0,1.0
午间,0.0,18.0,0.0,1.0
328,0.0,3.0,0.0,1.0
天健,0.0,6.0,0.0,1.0
彻底,0.0,3.0,0.0,1.0
指标,0.0,3.0,0.0,1.0
佛山,0.0,3.0,0.0,1.0
除了,0.0,3.0,0.0,1.0
三只,0.0,3.0,0.0,1.0
川贵广,0.0,3.0,0.0,1.0
选举,0.0,6.0,0.0,1.0
西部,0.0,3.0,0.0,1.0
编辑,0.0,3.0,0.0,1.0
珠西,0.0,3.0,0.0,1.0
轮,0.0,6.0,0.0,1.0
瞬间,0.0,3.0,0.0,1.0
条内,0.0,3.0,0.0,1.0
接受,0.0,3.0,0.0,1.0
股东,0.0,9.0,0.0,1.0
各自,0.0,3.0,0.0,1.0
回顾,0.0,3.0,0.0,1.0
jrjimg,0.0,6.0,0.0,1.0
空间,0.0,6.0,0.0,1.0
较,0.0,3.0,0.0,1.0
相互合作,0.0,3.0,0.0,1.0
净利,0.0,3.0,0.0,1.0
元,0.0,3.0,0.0,1.0
高铁,0.0,3.0,0.0,1.0
63,0.0,3.0,0.0,1.0
分工,0.0,6.0,0.0,1.0
港为,0.0,3.0,0.0,1.0
岛,0.0,3.0,0.0,1.0
领导人,0.0,3.0,0.0,1.0
51.78,0.0,3.0,0.0,1.0
拼抢,0.0,3.0,0.0,1.0
本报讯,0.0,6.0,0.0,1.0
601228,0.0,3.0,0.0,1.0
入袋,0.0,3.0,0.0,1.0
广东,0.0,3.0,0.0,1.0
生机,0.0,3.0,0.0,1.0
主营业务,0.0,3.0,0.0,1.0
跨越,0.0,3.0,0.0,1.0
新开,0.0,3.0,0.0,1.0
三,0.0,9.0,0.0,1.0
地,0.0,6.0,0.0,1.0
补充,0.0,3.0,0.0,1.0
龙头,0.0,21.0,0.0,1.0
称,0.0,15.0,0.0,1.0
三日,0.0,9.0,0.0,1.0
00,0.0,6.0,0.0,1.0
日益,0.0,3.0,0.0,1.0
海运,0.0,12.0,0.0,1.0
利于,0.0,3.0,0.0,1.0
新区,0.0,3.0,0.0,1.0
范围,0.0,3.0,0.0,1.0
能,0.0,6.0,0.0,1.0
前后,0.0,3.0,0.0,1.0
复工,0.0,3.0,0.0,1.0
一体化,0.0,6.0,0.0,1.0
中,0.0,15.0,0.0,1.0
间,0.0,6.0,0.0,1.0
istocknews,0.0,6.0,0.0,1.0
新浪,0.0,6.0,0.0,1.0
公司股票,0.0,6.0,0.0,1.0
收到,0.0,18.0,0.0,1.0
港涨,0.0,39.0,0.0,1.0
携手,0.0,9.0,0.0,1.0
得益于,0.0,3.0,0.0,1.0
国际化,0.0,3.0,0.0,1.0
教授,0.0,3.0,0.0,1.0
多方位,0.0,3.0,0.0,1.0
港高管,0.0,6.0,0.0,1.0
持续,0.0,18.0,0.0,1.0
多股,0.0,9.0,0.0,1.0
统筹,0.0,3.0,0.0,1.0
《,0.0,15.0,0.0,1.0
陈万灵,0.0,3.0,0.0,1.0
学历,0.0,3.0,0.0,1.0
相提并论,0.0,3.0,0.0,1.0
除,0.0,3.0,0.0,1.0
分红,0.0,3.0,0.0,1.0
3000,0.0,3.0,0.0,1.0
又,0.0,15.0,0.0,1.0
海上,0.0,9.0,0.0,1.0
分别,0.0,12.0,0.0,1.0
很长,0.0,3.0,0.0,1.0
未来,0.0,6.0,0.0,1.0
一定,0.0,3.0,0.0,1.0
靠泊,0.0,6.0,0.0,1.0
<,0.0,18.0,0.0,1.0
交易,0.0,6.0,0.0,1.0
快速,0.0,18.0,0.0,1.0
贵港,0.0,3.0,0.0,1.0
支线,0.0,3.0,0.0,1.0
来临,0.0,3.0,0.0,1.0
日照港,0.0,3.0,0.0,1.0
很快,0.0,6.0,0.0,1.0
宠儿,0.0,3.0,0.0,1.0
达到,0.0,6.0,0.0,1.0
通车,0.0,3.0,0.0,1.0
推进,0.0,6.0,0.0,1.0
daydayup,0.0,3.0,0.0,1.0
国内,0.0,3.0,0.0,1.0
403,0.0,3.0,0.0,1.0
ZXA18,0.0,3.0,0.0,1.0
具体,0.0,3.0,0.0,1.0
大通道,0.0,12.0,0.0,1.0
管理局,0.0,3.0,0.0,1.0
8.66,0.0,3.0,0.0,1.0
当选,0.0,3.0,0.0,1.0
迅速,0.0,3.0,0.0,1.0
说法,0.0,3.0,0.0,1.0
为,0.0,48.0,0.0,1.0
所在,0.0,3.0,0.0,1.0
逾,0.0,51.0,0.0,1.0
板块,0.0,15.0,0.0,1.0
周年,0.0,6.0,0.0,1.0
尝试,0.0,3.0,0.0,1.0
相关,0.0,12.0,0.0,1.0
找准,0.0,3.0,0.0,1.0
仪式,0.0,3.0,0.0,1.0
期冀,0.0,3.0,0.0,1.0
达鑫,0.0,9.0,0.0,1.0
res,0.0,3.0,0.0,1.0
构建,0.0,6.0,0.0,1.0
双方,0.0,9.0,0.0,1.0
pic430,0.0,6.0,0.0,1.0
向,0.0,6.0,0.0,1.0
明日,0.0,3.0,0.0,1.0
山港,0.0,6.0,0.0,1.0
1999,0.0,3.0,0.0,1.0
第一,0.0,3.0,0.0,1.0
ycwb,0.0,3.0,0.0,1.0
0.9,0.0,3.0,0.0,1.0
很,0.0,3.0,0.0,1.0
同质化,0.0,3.0,0.0,1.0
格局,0.0,6.0,0.0,1.0
基本,0.0,3.0,0.0,1.0
其他,0.0,18.0,0.0,1.0
开发,0.0,9.0,0.0,1.0
首航,0.0,12.0,0.0,1.0
南沙,0.0,6.0,0.0,1.0
转为,0.0,6.0,0.0,1.0
27,0.0,6.0,0.0,1.0
关系,0.0,3.0,0.0,1.0
装载,0.0,3.0,0.0,1.0
盯上,0.0,3.0,0.0,1.0
内河,0.0,9.0,0.0,1.0
有限责任,0.0,3.0,0.0,1.0
依托,0.0,3.0,0.0,1.0
组建,0.0,6.0,0.0,1.0
网,0.0,21.0,0.0,1.0
自,0.0,3.0,0.0,1.0
35,0.0,3.0,0.0,1.0
参股,0.0,6.0,0.0,1.0
头衔,0.0,3.0,0.0,1.0
07,0.0,12.0,0.0,1.0
举措,0.0,3.0,0.0,1.0
均现,0.0,3.0,0.0,1.0
管理体制,0.0,3.0,0.0,1.0
带,0.0,3.0,0.0,1.0
瑞金,0.0,3.0,0.0,1.0
预计,0.0,3.0,0.0,1.0
及时,0.0,3.0,0.0,1.0
基金,0.0,6.0,0.0,1.0
安途,0.0,3.0,0.0,1.0
万,0.0,24.0,0.0,1.0
广深,0.0,3.0,0.0,1.0
东江,0.0,3.0,0.0,1.0
000022,0.0,6.0,0.0,1.0
解放路,0.0,3.0,0.0,1.0
中转,0.0,3.0,0.0,1.0
制品,0.0,3.0,0.0,1.0
主任,0.0,3.0,0.0,1.0
),0.0,72.0,0.0,1.0
恶性竞争,0.0,3.0,0.0,1.0
港中旅,0.0,3.0,0.0,1.0
全方位,0.0,3.0,0.0,1.0
把,0.0,3.0,0.0,1.0
国家,0.0,12.0,0.0,1.0
曾任,0.0,3.0,0.0,1.0
后者,0.0,3.0,0.0,1.0
24,0.0,3.0,0.0,1.0
水电,0.0,3.0,0.0,1.0
企业,0.0,30.0,0.0,1.0
目前,0.0,12.0,0.0,1.0
珠三角,0.0,33.0,0.0,1.0
2014,0.0,12.0,0.0,1.0
面向,0.0,3.0,0.0,1.0
五个,0.0,3.0,0.0,1.0
经历,0.0,6.0,0.0,1.0
努力,0.0,3.0,0.0,1.0
2017,0.0,30.0,0.0,1.0
产业链,0.0,3.0,0.0,1.0
表现,0.0,18.0,0.0,1.0
湾区,0.0,9.0,0.0,1.0
组合港,0.0,3.0,0.0,1.0
风电,0.0,9.0,0.0,1.0
增加,0.0,3.0,0.0,1.0
新一届,0.0,3.0,0.0,1.0
顺利,0.0,6.0,0.0,1.0
23,0.0,6.0,0.0,1.0
大大,0.0,3.0,0.0,1.0
享有,0.0,3.0,0.0,1.0
昨天,0.0,9.0,0.0,1.0
投资者,0.0,6.0,0.0,1.0
改革,0.0,3.0,0.0,1.0
含,0.0,3.0,0.0,1.0
运力,0.0,6.0,0.0,1.0
净,0.0,3.0,0.0,1.0
新沙,0.0,3.0,0.0,1.0
入市,0.0,3.0,0.0,1.0
05,0.0,3.0,0.0,1.0
金羊网,0.0,3.0,0.0,1.0
来源,0.0,15.0,0.0,1.0
翔,0.0,3.0,0.0,1.0
早盘,0.0,27.0,0.0,1.0
4.49,0.0,3.0,0.0,1.0
辞去,0.0,3.0,0.0,1.0
源源不断,0.0,3.0,0.0,1.0
路,0.0,3.0,0.0,1.0
全球,0.0,3.0,0.0,1.0
五,0.0,3.0,0.0,1.0
德,0.0,18.0,0.0,1.0
2008,0.0,3.0,0.0,1.0
男,0.0,3.0,0.0,1.0
最,0.0,3.0,0.0,1.0
位于,0.0,3.0,0.0,1.0
盯盘,0.0,3.0,0.0,1.0
加上,0.0,3.0,0.0,1.0
至今,0.0,6.0,0.0,1.0
常务,0.0,3.0,0.0,1.0
http,0.0,18.0,0.0,1.0
要求,0.0,3.0,0.0,1.0
实业,0.0,9.0,0.0,1.0
要,0.0,9.0,0.0,1.0
直线,0.0,3.0,0.0,1.0
常,0.0,3.0,0.0,1.0
任何,0.0,3.0,0.0,1.0
专题,0.0,3.0,0.0,1.0
大湾,0.0,54.0,0.0,1.0
同时,0.0,12.0,0.0,1.0
粤港,0.0,3.0,0.0,1.0
同质,0.0,3.0,0.0,1.0
工程,0.0,3.0,0.0,1.0
订阅,0.0,3.0,0.0,1.0
2007,0.0,6.0,0.0,1.0
亿,0.0,3.0,0.0,1.0
更好,0.0,3.0,0.0,1.0
开放,0.0,3.0,0.0,1.0
必然,0.0,3.0,0.0,1.0
热点问题,0.0,3.0,0.0,1.0
该,0.0,6.0,0.0,1.0
支持,0.0,6.0,0.0,1.0
海外,0.0,3.0,0.0,1.0
组团,0.0,3.0,0.0,1.0
证代,0.0,3.0,0.0,1.0
2.26,0.0,3.0,0.0,1.0
9.99,0.0,3.0,0.0,1.0
算,0.0,3.0,0.0,1.0
强势,0.0,9.0,0.0,1.0
文,0.0,3.0,0.0,1.0
业务量,0.0,3.0,0.0,1.0
建设,0.0,48.0,0.0,1.0
这是,0.0,3.0,0.0,1.0
以来,0.0,9.0,0.0,1.0
锦州港,0.0,3.0,0.0,1.0
二级,0.0,3.0,0.0,1.0
两年,0.0,3.0,0.0,1.0
内,0.0,6.0,0.0,1.0
主导,0.0,6.0,0.0,1.0
泊位,0.0,3.0,0.0,1.0
未经,0.0,3.0,0.0,1.0
各位,0.0,3.0,0.0,1.0
化工原料,0.0,3.0,0.0,1.0
【,0.0,3.0,0.0,1.0
jpg,0.0,3.0,0.0,1.0
黄岗梁,0.0,3.0,0.0,1.0
再,0.0,6.0,0.0,1.0
为了,0.0,6.0,0.0,1.0
寻找,0.0,3.0,0.0,1.0
有望,0.0,12.0,0.0,1.0
港珠澳,0.0,9.0,0.0,1.0
集体,0.0,18.0,0.0,1.0
支点,0.0,3.0,0.0,1.0
别提,0.0,3.0,0.0,1.0
民生,0.0,3.0,0.0,1.0
认为,0.0,6.0,0.0,1.0
更是,0.0,3.0,0.0,1.0
股价,0.0,9.0,0.0,1.0
港拟,0.0,3.0,0.0,1.0
09,0.0,6.0,0.0,1.0
吞吐量,0.0,30.0,0.0,1.0
深赤湾,0.0,45.0,0.0,1.0
连续,0.0,12.0,0.0,1.0
承担者,0.0,3.0,0.0,1.0
盘,0.0,9.0,0.0,1.0
航线,0.0,45.0,0.0,1.0
港务局,0.0,3.0,0.0,1.0
添升宝,0.0,3.0,0.0,1.0
起步晚,0.0,3.0,0.0,1.0
货源,0.0,12.0,0.0,1.0
大幅,0.0,15.0,0.0,1.0
调整,0.0,3.0,0.0,1.0
0.3,0.0,3.0,0.0,1.0
煤炭,0.0,3.0,0.0,1.0
公告,0.0,33.0,0.0,1.0
世纪,0.0,3.0,0.0,1.0
2003,0.0,3.0,0.0,1.0
及其,0.0,6.0,0.0,1.0
湾,0.0,3.0,0.0,1.0
西江流域,0.0,15.0,0.0,1.0
做,0.0,3.0,0.0,1.0
并肩,0.0,3.0,0.0,1.0
开启,0.0,6.0,0.0,1.0
1.2,0.0,3.0,0.0,1.0
年报,0.0,3.0,0.0,1.0
7.53,0.0,3.0,0.0,1.0
争取,0.0,3.0,0.0,1.0
届满,0.0,3.0,0.0,1.0
50.63,0.0,3.0,0.0,1.0
便利,0.0,3.0,0.0,1.0
22.18,0.0,3.0,0.0,1.0
7.42,0.0,3.0,0.0,1.0
兴市,0.0,3.0,0.0,1.0
港近,0.0,3.0,0.0,1.0
第二,0.0,3.0,0.0,1.0
添,0.0,6.0,0.0,1.0
根据,0.0,6.0,0.0,1.0
赶紧,0.0,3.0,0.0,1.0
2.6,0.0,3.0,0.0,1.0
发稿,0.0,27.0,0.0,1.0
早间,0.0,3.0,0.0,1.0
扩大,0.0,3.0,0.0,1.0
大合唱,0.0,3.0,0.0,1.0
一度,0.0,3.0,0.0,1.0
中山,0.0,9.0,0.0,1.0
晚间,0.0,15.0,0.0,1.0
湛江港,0.0,3.0,0.0,1.0
偏离,0.0,6.0,0.0,1.0
赚钱,0.0,3.0,0.0,1.0
粤港澳,0.0,81.0,0.0,1.0
港上,0.0,3.0,0.0,1.0
我国,0.0,3.0,0.0,1.0
国际航运,0.0,3.0,0.0,1.0
温泉,0.0,3.0,0.0,1.0
水准,0.0,3.0,0.0,1.0
中良,0.0,12.0,0.0,1.0
合力,0.0,3.0,0.0,1.0
落脚点,0.0,3.0,0.0,1.0
e,0.0,6.0,0.0,1.0
强势股,0.0,3.0,0.0,1.0
午后,0.0,9.0,0.0,1.0
投入,0.0,3.0,0.0,1.0
充当,0.0,3.0,0.0,1.0
一起,0.0,3.0,0.0,1.0
既,0.0,9.0,0.0,1.0
沿海港口,0.0,6.0,0.0,1.0
离得,0.0,3.0,0.0,1.0
北京,0.0,3.0,0.0,1.0
以公,0.0,3.0,0.0,1.0
www,0.0,15.0,0.0,1.0
据统计,0.0,3.0,0.0,1.0
同处,0.0,3.0,0.0,1.0
配套,0.0,9.0,0.0,1.0
物业,0.0,9.0,0.0,1.0
跌幅,0.0,6.0,0.0,1.0
粤,0.0,6.0,0.0,1.0
主业,0.0,3.0,0.0,1.0
~,0.0,6.0,0.0,1.0
第三,0.0,3.0,0.0,1.0
内贸,0.0,3.0,0.0,1.0
发布,0.0,6.0,0.0,1.0
34.4,0.0,6.0,0.0,1.0
开港,0.0,3.0,0.0,1.0
避免,0.0,6.0,0.0,1.0
还,0.0,3.0,0.0,1.0
金融界,0.0,6.0,0.0,1.0
昇,0.0,3.0,0.0,1.0
000507,0.0,57.0,0.0,1.0
理顺,0.0,3.0,0.0,1.0
目标,0.0,3.0,0.0,1.0
并,0.0,21.0,0.0,1.0
欧辉生,0.0,12.0,0.0,1.0
联网,0.0,3.0,0.0,1.0
靠近,0.0,3.0,0.0,1.0
香港,0.0,9.0,0.0,1.0
1.1,0.0,3.0,0.0,1.0
双燃料,0.0,6.0,0.0,1.0
登陆,0.0,3.0,0.0,1.0
乐园,0.0,3.0,0.0,1.0
值,0.0,6.0,0.0,1.0
；,0.0,84.0,0.0,1.0
官方网站,0.0,3.0,0.0,1.0
19,0.0,3.0,0.0,1.0
港航,0.0,3.0,0.0,1.0
少于,0.0,3.0,0.0,1.0
汕头,0.0,3.0,0.0,1.0
差距,0.0,3.0,0.0,1.0
信号,0.0,6.0,0.0,1.0
轻松,0.0,3.0,0.0,1.0
活力,0.0,3.0,0.0,1.0
告知,0.0,6.0,0.0,1.0
迈出,0.0,6.0,0.0,1.0
这个,0.0,3.0,0.0,1.0
整合,0.0,9.0,0.0,1.0
整体,0.0,3.0,0.0,1.0
重复,0.0,3.0,0.0,1.0
共享,0.0,6.0,0.0,1.0
广东省,0.0,9.0,0.0,1.0
朝,0.0,3.0,0.0,1.0
多条,0.0,3.0,0.0,1.0
开展,0.0,3.0,0.0,1.0
易,0.0,3.0,0.0,1.0
4.82,0.0,3.0,0.0,1.0
日本,0.0,3.0,0.0,1.0
珠,0.0,3.0,0.0,1.0
势头,0.0,3.0,0.0,1.0
通道,0.0,6.0,0.0,1.0
净流入,0.0,12.0,0.0,1.0
四,0.0,3.0,0.0,1.0
5,0.0,54.0,0.0,1.0
年,0.0,87.0,0.0,1.0
撕裂,0.0,3.0,0.0,1.0
许可,0.0,3.0,0.0,1.0
唐,0.0,6.0,0.0,1.0
回答,0.0,3.0,0.0,1.0
/,0.0,102.0,0.0,1.0
运行,0.0,6.0,0.0,1.0
hexun,0.0,6.0,0.0,1.0
越南,0.0,9.0,0.0,1.0
寻求,0.0,6.0,0.0,1.0
内控,0.0,9.0,0.0,1.0
较大,0.0,6.0,0.0,1.0
角色,0.0,3.0,0.0,1.0
209,0.0,3.0,0.0,1.0
唤醒,0.0,3.0,0.0,1.0
蓝筹股,0.0,3.0,0.0,1.0
盟主,0.0,3.0,0.0,1.0
累计,0.0,15.0,0.0,1.0
市政府,0.0,3.0,0.0,1.0
丝绸之路,0.0,6.0,0.0,1.0
流入,0.0,3.0,0.0,1.0
仍然,0.0,3.0,0.0,1.0
天地,0.0,3.0,0.0,1.0
3.6,0.0,3.0,0.0,1.0
推出,0.0,3.0,0.0,1.0
自身,0.0,6.0,0.0,1.0
突围,0.0,9.0,0.0,1.0
电力,0.0,9.0,0.0,1.0
买入,0.0,36.0,0.0,1.0
小意思,0.0,3.0,0.0,1.0
竞争力,0.0,15.0,0.0,1.0
着,0.0,6.0,0.0,1.0
此时,0.0,3.0,0.0,1.0
停工,0.0,3.0,0.0,1.0
对外,0.0,3.0,0.0,1.0
3,0.0,36.0,0.0,1.0
采写,0.0,3.0,0.0,1.0
共同,0.0,18.0,0.0,1.0
杨高,0.0,3.0,0.0,1.0
沿线,0.0,18.0,0.0,1.0
刘明涛,0.0,3.0,0.0,1.0
互补性,0.0,3.0,0.0,1.0
基础,0.0,3.0,0.0,1.0
视为,0.0,3.0,0.0,1.0
继,0.0,3.0,0.0,1.0
季华,0.0,3.0,0.0,1.0
客户,0.0,3.0,0.0,1.0
面临,0.0,6.0,0.0,1.0
举行,0.0,3.0,0.0,1.0
本月底,0.0,3.0,0.0,1.0
仓,0.0,3.0,0.0,1.0
国际,0.0,27.0,0.0,1.0
促进,0.0,3.0,0.0,1.0
加剧,0.0,3.0,0.0,1.0
□,0.0,3.0,0.0,1.0
讯,0.0,21.0,0.0,1.0
过去,0.0,3.0,0.0,1.0
跌停,0.0,6.0,0.0,1.0
具有,0.0,6.0,0.0,1.0
1000,0.0,3.0,0.0,1.0
释放,0.0,3.0,0.0,1.0
方式,0.0,3.0,0.0,1.0
高栏,0.0,24.0,0.0,1.0
区位,0.0,6.0,0.0,1.0
下滑,0.0,3.0,0.0,1.0
交易日,0.0,9.0,0.0,1.0
02,0.0,3.0,0.0,1.0
盲目,0.0,3.0,0.0,1.0
巩固,0.0,3.0,0.0,1.0
输出,0.0,3.0,0.0,1.0
取得,0.0,6.0,0.0,1.0
建材,0.0,3.0,0.0,1.0
始终,0.0,6.0,0.0,1.0
管理区,0.0,3.0,0.0,1.0
知名度,0.0,3.0,0.0,1.0
将会,0.0,3.0,0.0,1.0
两次,0.0,3.0,0.0,1.0
俨然,0.0,3.0,0.0,1.0
(,0.0,72.0,0.0,1.0
前五,0.0,3.0,0.0,1.0
以后,0.0,6.0,0.0,1.0
权利,0.0,3.0,0.0,1.0
对于,0.0,3.0,0.0,1.0
利好,0.0,3.0,0.0,1.0
ywdf238259,0.0,3.0,0.0,1.0
控股集团,0.0,3.0,0.0,1.0
大力,0.0,3.0,0.0,1.0
第五位,0.0,3.0,0.0,1.0
轻轨,0.0,3.0,0.0,1.0
IMAGE,0.0,18.0,0.0,1.0
着陆点,0.0,3.0,0.0,1.0
追高,0.0,6.0,0.0,1.0
将,0.0,60.0,0.0,1.0
抢抓,0.0,3.0,0.0,1.0
随着,0.0,6.0,0.0,1.0
远洋运输,0.0,3.0,0.0,1.0
积极参与,0.0,6.0,0.0,1.0
短短,0.0,3.0,0.0,1.0
网络资源,0.0,3.0,0.0,1.0
万标箱,0.0,9.0,0.0,1.0
44.55,0.0,3.0,0.0,1.0
出海口,0.0,6.0,0.0,1.0
研究,0.0,6.0,0.0,1.0
拉升,0.0,51.0,0.0,1.0
强烈推荐,0.0,3.0,0.0,1.0
平均水平,0.0,3.0,0.0,1.0
硕士,0.0,3.0,0.0,1.0
合作方,0.0,6.0,0.0,1.0
广珠,0.0,6.0,0.0,1.0
开辟,0.0,3.0,0.0,1.0
求共赢,0.0,3.0,0.0,1.0
成,0.0,3.0,0.0,1.0
快,0.0,3.0,0.0,1.0
13,0.0,6.0,0.0,1.0
停靠,0.0,3.0,0.0,1.0
32,0.0,3.0,0.0,1.0
公司章程,0.0,3.0,0.0,1.0
微,0.0,6.0,0.0,1.0
近年来,0.0,9.0,0.0,1.0
002040,0.0,3.0,0.0,1.0
优势,0.0,18.0,0.0,1.0
上,0.0,3.0,0.0,1.0
600017,0.0,3.0,0.0,1.0
成立,0.0,9.0,0.0,1.0
投资收益,0.0,18.0,0.0,1.0
船队,0.0,3.0,0.0,1.0
钱瑜,0.0,3.0,0.0,1.0
瓜达尔,0.0,9.0,0.0,1.0
瓶颈,0.0,12.0,0.0,1.0
滞后,0.0,6.0,0.0,1.0
直言不讳,0.0,3.0,0.0,1.0
披露,0.0,51.0,0.0,1.0
辽宁,0.0,3.0,0.0,1.0
杭州,0.0,3.0,0.0,1.0
000088,0.0,9.0,0.0,1.0
cn,0.0,9.0,0.0,1.0
便利化,0.0,6.0,0.0,1.0
位,0.0,9.0,0.0,1.0
示范,0.0,6.0,0.0,1.0
天津港,0.0,6.0,0.0,1.0
换手率,0.0,3.0,0.0,1.0
服饰,0.0,3.0,0.0,1.0
并购,0.0,3.0,0.0,1.0
下来,0.0,3.0,0.0,1.0
为辅,0.0,3.0,0.0,1.0
走到,0.0,3.0,0.0,1.0
等,0.0,75.0,0.0,1.0
成功,0.0,12.0,0.0,1.0
A,0.0,54.0,0.0,1.0
带动,0.0,12.0,0.0,1.0
603008,0.0,3.0,0.0,1.0
该股,0.0,3.0,0.0,1.0
珠海市,0.0,3.0,0.0,1.0
广州港,0.0,78.0,0.0,1.0
1.3,0.0,3.0,0.0,1.0
叶峰,0.0,3.0,0.0,1.0
影响力,0.0,9.0,0.0,1.0
北部湾,0.0,9.0,0.0,1.0
尽快,0.0,3.0,0.0,1.0
牛报,0.0,12.0,0.0,1.0
搭建,0.0,3.0,0.0,1.0
海丝,0.0,3.0,0.0,1.0
优良,0.0,3.0,0.0,1.0
提供,0.0,12.0,0.0,1.0
出炉,0.0,3.0,0.0,1.0
一路,0.0,27.0,0.0,1.0
8.78,0.0,3.0,0.0,1.0
解放,0.0,3.0,0.0,1.0
出席,0.0,3.0,0.0,1.0
5.25,0.0,3.0,0.0,1.0
导致,0.0,3.0,0.0,1.0
股票,0.0,9.0,0.0,1.0
投资商,0.0,3.0,0.0,1.0
分享,0.0,3.0,0.0,1.0
突破,0.0,3.0,0.0,1.0
助推,0.0,3.0,0.0,1.0
简直,0.0,3.0,0.0,1.0
于,0.0,12.0,0.0,1.0
很强,0.0,3.0,0.0,1.0
一年,0.0,3.0,0.0,1.0
1924.37,0.0,3.0,0.0,1.0
多重,0.0,3.0,0.0,1.0
证券时报,0.0,18.0,0.0,1.0
提出,0.0,3.0,0.0,1.0
完善,0.0,3.0,0.0,1.0
以,0.0,6.0,0.0,1.0
扮演,0.0,3.0,0.0,1.0
8.11,0.0,3.0,0.0,1.0
试图,0.0,3.0,0.0,1.0
中远,0.0,3.0,0.0,1.0
据港媒,0.0,3.0,0.0,1.0
收购,0.0,3.0,0.0,1.0
前,0.0,9.0,0.0,1.0
报收,0.0,3.0,0.0,1.0
工作,0.0,33.0,0.0,1.0
小兄弟,0.0,6.0,0.0,1.0
进驻,0.0,6.0,0.0,1.0
泛珠三角,0.0,3.0,0.0,1.0
微信,0.0,3.0,0.0,1.0
明确,0.0,3.0,0.0,1.0
这些,0.0,6.0,0.0,1.0
船务,0.0,3.0,0.0,1.0
实现,0.0,12.0,0.0,1.0
波动,0.0,9.0,0.0,1.0
综合,0.0,9.0,0.0,1.0
变为,0.0,3.0,0.0,1.0
新,0.0,18.0,0.0,1.0
上涨,0.0,9.0,0.0,1.0
是,0.0,33.0,0.0,1.0
you,0.0,3.0,0.0,1.0
三角洲,0.0,3.0,0.0,1.0
助力,0.0,6.0,0.0,1.0
南亚,0.0,12.0,0.0,1.0
授权,0.0,3.0,0.0,1.0
27.85,0.0,3.0,0.0,1.0
六路,0.0,3.0,0.0,1.0
腹地,0.0,18.0,0.0,1.0
52,0.0,3.0,0.0,1.0
打开,0.0,3.0,0.0,1.0
>,0.0,18.0,0.0,1.0
规划,0.0,18.0,0.0,1.0
2015,0.0,9.0,0.0,1.0
15,0.0,3.0,0.0,1.0
港共,0.0,3.0,0.0,1.0
处于,0.0,9.0,0.0,1.0
西岸,0.0,3.0,0.0,1.0
融合,0.0,3.0,0.0,1.0
21,0.0,6.0,0.0,1.0
 ,0.0,468.0,0.0,1.0
广州,0.0,12.0,0.0,1.0
时间,0.0,3.0,0.0,1.0
机组,0.0,3.0,0.0,1.0
三个,0.0,12.0,0.0,1.0
出现,0.0,6.0,0.0,1.0
香港回归,0.0,6.0,0.0,1.0
经营,0.0,6.0,0.0,1.0
良好,0.0,9.0,0.0,1.0
电珠,0.0,3.0,0.0,1.0
开盘,0.0,3.0,0.0,1.0
·,0.0,3.0,0.0,1.0
副总经理,0.0,3.0,0.0,1.0
SRC,0.0,18.0,0.0,1.0
转载,0.0,6.0,0.0,1.0
66.21,0.0,3.0,0.0,1.0
谋求,0.0,6.0,0.0,1.0
一则,0.0,3.0,0.0,1.0
行业,0.0,3.0,0.0,1.0
涨停,0.0,45.0,0.0,1.0
股票交易,0.0,6.0,0.0,1.0
生命线,0.0,3.0,0.0,1.0
困扰,0.0,3.0,0.0,1.0
7.92,0.0,3.0,0.0,1.0
20,0.0,12.0,0.0,1.0
日前,0.0,3.0,0.0,1.0
比,0.0,3.0,0.0,1.0
岁,0.0,3.0,0.0,1.0
地产,0.0,6.0,0.0,1.0
中信,0.0,3.0,0.0,1.0
有限公司,0.0,48.0,0.0,1.0
　,0.0,96.0,0.0,1.0
置业,0.0,3.0,0.0,1.0
南,0.0,9.0,0.0,1.0
山,0.0,3.0,0.0,1.0
奠定,0.0,3.0,0.0,1.0
任,0.0,15.0,0.0,1.0
08,0.0,3.0,0.0,1.0
个,0.0,12.0,0.0,1.0
虎门港,0.0,9.0,0.0,1.0
风场,0.0,3.0,0.0,1.0
参与,0.0,12.0,0.0,1.0
地区,0.0,18.0,0.0,1.0
积极,0.0,9.0,0.0,1.0
毕竟,0.0,3.0,0.0,1.0
职工代表,0.0,6.0,0.0,1.0
9.60,0.0,3.0,0.0,1.0
集团,0.0,102.0,0.0,1.0
诗,0.0,6.0,0.0,1.0
波,0.0,3.0,0.0,1.0
再度,0.0,3.0,0.0,1.0
引进,0.0,3.0,0.0,1.0
位列,0.0,3.0,0.0,1.0
买点,0.0,3.0,0.0,1.0
多,0.0,9.0,0.0,1.0
4,0.0,30.0,0.0,1.0
不仅,0.0,6.0,0.0,1.0
港双,0.0,3.0,0.0,1.0
pngdata,0.0,6.0,0.0,1.0
后续,0.0,3.0,0.0,1.0
这一,0.0,3.0,0.0,1.0
据悉,0.0,3.0,0.0,1.0
缅甸,0.0,3.0,0.0,1.0
189819704,0.0,3.0,0.0,1.0
记者,0.0,24.0,0.0,1.0
说,0.0,6.0,0.0,1.0
电力集团,0.0,18.0,0.0,1.0
天,0.0,3.0,0.0,1.0
必须,0.0,3.0,0.0,1.0
_,0.0,9.0,0.0,1.0
领袖,0.0,3.0,0.0,1.0
生效,0.0,3.0,0.0,1.0
蓝天,0.0,6.0,0.0,1.0
190096246,0.0,3.0,0.0,1.0
饮料,0.0,3.0,0.0,1.0
资源,0.0,15.0,0.0,1.0
之后,0.0,3.0,0.0,1.0
强化,0.0,6.0,0.0,1.0
2016,0.0,15.0,0.0,1.0
高速公路,0.0,6.0,0.0,1.0
吸引,0.0,12.0,0.0,1.0
个股,0.0,15.0,0.0,1.0
覆盖,0.0,3.0,0.0,1.0
重合,0.0,3.0,0.0,1.0
印尼,0.0,3.0,0.0,1.0
机构,0.0,9.0,0.0,1.0
粤高速,0.0,6.0,0.0,1.0
证券网,0.0,15.0,0.0,1.0
辞职信,0.0,3.0,0.0,1.0
为主,0.0,3.0,0.0,1.0
桥头堡,0.0,3.0,0.0,1.0
平台,0.0,3.0,0.0,1.0
怎样,0.0,3.0,0.0,1.0
%,0.0,198.0,0.0,1.0
国际经贸,0.0,3.0,0.0,1.0
摘要,0.0,3.0,0.0,1.0
水深,0.0,3.0,0.0,1.0
鉴于,0.0,3.0,0.0,1.0
席位,0.0,9.0,0.0,1.0
天然气,0.0,9.0,0.0,1.0
慢慢,0.0,3.0,0.0,1.0
船粤珠,0.0,3.0,0.0,1.0
（,0.0,102.0,0.0,1.0
只能,0.0,3.0,0.0,1.0
分公司,0.0,3.0,0.0,1.0
更,0.0,18.0,0.0,1.0
中炬高新,0.0,3.0,0.0,1.0
未,0.0,21.0,0.0,1.0
1,0.0,36.0,0.0,1.0
表示,0.0,15.0,0.0,1.0
2010,0.0,3.0,0.0,1.0
以及,0.0,3.0,0.0,1.0
相比,0.0,6.0,0.0,1.0
概念股,0.0,39.0,0.0,1.0
14,0.0,6.0,0.0,1.0
联运,0.0,3.0,0.0,1.0
新华网,0.0,3.0,0.0,1.0
小伙伴,0.0,6.0,0.0,1.0
居前,0.0,3.0,0.0,1.0
黄一桓,0.0,6.0,0.0,1.0
扫除,0.0,3.0,0.0,1.0
公司,0.0,126.0,0.0,1.0
进行,0.0,6.0,0.0,1.0
龙虎榜,0.0,6.0,0.0,1.0
粤西,0.0,3.0,0.0,1.0
世界级,0.0,6.0,0.0,1.0
货主,0.0,3.0,0.0,1.0
开工,0.0,3.0,0.0,1.0
珠三地,0.0,3.0,0.0,1.0
-,0.0,84.0,0.0,1.0
ee8b0ed75f826780,0.0,3.0,0.0,1.0
已于,0.0,3.0,0.0,1.0
21.27,0.0,6.0,0.0,1.0
看,0.0,3.0,0.0,1.0
振兴,0.0,3.0,0.0,1.0
探索,0.0,6.0,0.0,1.0
合作,0.0,39.0,0.0,1.0
协同,0.0,12.0,0.0,1.0
深圳,0.0,30.0,0.0,1.0
打住,0.0,3.0,0.0,1.0
策略,0.0,3.0,0.0,1.0
各项,0.0,3.0,0.0,1.0
区内,0.0,3.0,0.0,1.0
图,0.0,3.0,0.0,1.0
广东外语外贸大学,0.0,3.0,0.0,1.0
