日,0.0,42.0,0.0,1.0
函后,0.0,3.0,0.0,1.0
共赢,0.0,3.0,0.0,1.0
一季度,0.0,12.0,0.0,1.0
HK,0.0,6.0,0.0,1.0
资本,0.0,3.0,0.0,1.0
至,0.0,9.0,0.0,1.0
股东,0.0,27.0,0.0,1.0
2050.00600801,0.0,3.0,0.0,1.0
经,0.0,6.0,0.0,1.0
陈,0.0,6.0,0.0,1.0
完成,0.0,3.0,0.0,1.0
较,0.0,12.0,0.0,1.0
恢复,0.0,3.0,0.0,1.0
34,0.0,3.0,0.0,1.0
供应商,0.0,12.0,0.0,1.0
广元,0.0,3.0,0.0,1.0
党组,0.0,3.0,0.0,1.0
净利,0.0,9.0,0.0,1.0
同比,0.0,24.0,0.0,1.0
涨幅,0.0,3.0,0.0,1.0
元,0.0,15.0,0.0,1.0
湘,0.0,3.0,0.0,1.0
六个月,0.0,3.0,0.0,1.0
002564,0.0,3.0,0.0,1.0
&,0.0,12.0,0.0,1.0
201706,0.0,3.0,0.0,1.0
中国,0.0,12.0,0.0,1.0
5047.37000065,0.0,3.0,0.0,1.0
日止,0.0,9.0,0.0,1.0
获此,0.0,3.0,0.0,1.0
:,0.0,6.0,0.0,1.0
持股,0.0,18.0,0.0,1.0
利用率,0.0,3.0,0.0,1.0
主营业务,0.0,3.0,0.0,1.0
乏力,0.0,3.0,0.0,1.0
8.28,0.0,3.0,0.0,1.0
继续,0.0,3.0,0.0,1.0
届时,0.0,6.0,0.0,1.0
许继,0.0,3.0,0.0,1.0
uploads,0.0,3.0,0.0,1.0
*,0.0,18.0,0.0,1.0
龙头,0.0,3.0,0.0,1.0
称,0.0,12.0,0.0,1.0
工作室,0.0,6.0,0.0,1.0
ID,0.0,3.0,0.0,1.0
一行,0.0,6.0,0.0,1.0
加大,0.0,3.0,0.0,1.0
腾达,0.0,12.0,0.0,1.0
能,0.0,6.0,0.0,1.0
增持,0.0,3.0,0.0,1.0
申请,0.0,3.0,0.0,1.0
原,0.0,6.0,0.0,1.0
时,0.0,3.0,0.0,1.0
600432,0.0,3.0,0.0,1.0
成都,0.0,9.0,0.0,1.0
中,0.0,3.0,0.0,1.0
;,0.0,3.0,0.0,1.0
新浪,0.0,12.0,0.0,1.0
五矿,0.0,3.0,0.0,1.0
10,0.0,12.0,0.0,1.0
收到,0.0,3.0,0.0,1.0
清算,0.0,6.0,0.0,1.0
交易量,0.0,3.0,0.0,1.0
股份,0.0,15.0,0.0,1.0
华夏,0.0,3.0,0.0,1.0
亿元,0.0,72.0,0.0,1.0
长园,0.0,3.0,0.0,1.0
隆基,0.0,3.0,0.0,1.0
催收,0.0,3.0,0.0,1.0
来自,0.0,6.0,0.0,1.0
浙富,0.0,3.0,0.0,1.0
培育,0.0,3.0,0.0,1.0
项目,0.0,3.0,0.0,1.0
引以为傲,0.0,3.0,0.0,1.0
乐山,0.0,3.0,0.0,1.0
加快,0.0,6.0,0.0,1.0
十大,0.0,3.0,0.0,1.0
止住,0.0,3.0,0.0,1.0
600881,0.0,3.0,0.0,1.0
恒生,0.0,3.0,0.0,1.0
盈喜,0.0,3.0,0.0,1.0
合计,0.0,6.0,0.0,1.0
总,0.0,9.0,0.0,1.0
article,0.0,3.0,0.0,1.0
<,0.0,3.0,0.0,1.0
文化部,0.0,3.0,0.0,1.0
交易,0.0,3.0,0.0,1.0
年,0.0,81.0,0.0,1.0
总部,0.0,3.0,0.0,1.0
碳纤维,0.0,3.0,0.0,1.0
期间,0.0,6.0,0.0,1.0
1918.41,0.0,3.0,0.0,1.0
04ef3be0,0.0,6.0,0.0,1.0
6666.79,0.0,3.0,0.0,1.0
业绩,0.0,33.0,0.0,1.0
单位,0.0,3.0,0.0,1.0
故事,0.0,9.0,0.0,1.0
12,0.0,3.0,0.0,1.0
预期,0.0,15.0,0.0,1.0
发展,0.0,12.0,0.0,1.0
比率,0.0,3.0,0.0,1.0
从,0.0,15.0,0.0,1.0
50,0.0,3.0,0.0,1.0
万股,0.0,45.0,0.0,1.0
?,0.0,3.0,0.0,1.0
为,0.0,33.0,0.0,1.0
不佳,0.0,3.0,0.0,1.0
式,0.0,3.0,0.0,1.0
中介机构,0.0,3.0,0.0,1.0
月份,0.0,9.0,0.0,1.0
中期,0.0,15.0,0.0,1.0
7229.41,0.0,3.0,0.0,1.0
首,0.0,3.0,0.0,1.0
收涨,0.0,3.0,0.0,1.0
三维,0.0,9.0,0.0,1.0
盈利,0.0,9.0,0.0,1.0
仪式,0.0,9.0,0.0,1.0
消息,0.0,12.0,0.0,1.0
都,0.0,3.0,0.0,1.0
ST,0.0,18.0,0.0,1.0
如何,0.0,3.0,0.0,1.0
第二日,0.0,3.0,0.0,1.0
设立,0.0,3.0,0.0,1.0
向,0.0,6.0,0.0,1.0
成效,0.0,6.0,0.0,1.0
000982,0.0,3.0,0.0,1.0
实时,0.0,6.0,0.0,1.0
证券,0.0,12.0,0.0,1.0
格局,0.0,9.0,0.0,1.0
同比增加,0.0,3.0,0.0,1.0
首航,0.0,3.0,0.0,1.0
高开高,0.0,3.0,0.0,1.0
27,0.0,3.0,0.0,1.0
大师,0.0,6.0,0.0,1.0
技能,0.0,6.0,0.0,1.0
Volume,0.0,3.0,0.0,1.0
加速,0.0,3.0,0.0,1.0
杭州,0.0,21.0,0.0,1.0
穗,0.0,6.0,0.0,1.0
7.7,0.0,3.0,0.0,1.0
010725,0.0,3.0,0.0,1.0
指责,0.0,3.0,0.0,1.0
组建,0.0,3.0,0.0,1.0
8.09,0.0,3.0,0.0,1.0
快讯,0.0,6.0,0.0,1.0
自,0.0,3.0,0.0,1.0
王计,0.0,6.0,0.0,1.0
大树,0.0,3.0,0.0,1.0
增长,0.0,12.0,0.0,1.0
毛利率,0.0,3.0,0.0,1.0
依托,0.0,6.0,0.0,1.0
预计,0.0,21.0,0.0,1.0
基金,0.0,3.0,0.0,1.0
8.25,0.0,3.0,0.0,1.0
整个,0.0,3.0,0.0,1.0
谷底,0.0,3.0,0.0,1.0
五电,0.0,9.0,0.0,1.0
24,0.0,3.0,0.0,1.0
状态,0.0,3.0,0.0,1.0
耐威,0.0,3.0,0.0,1.0
新进,0.0,21.0,0.0,1.0
),0.0,18.0,0.0,1.0
台阶,0.0,3.0,0.0,1.0
两会,0.0,6.0,0.0,1.0
号,0.0,3.0,0.0,1.0
共,0.0,6.0,0.0,1.0
医疗,0.0,3.0,0.0,1.0
水电,0.0,9.0,0.0,1.0
jpg,0.0,9.0,0.0,1.0
最新,0.0,3.0,0.0,1.0
只,0.0,15.0,0.0,1.0
居首,0.0,3.0,0.0,1.0
咨询,0.0,3.0,0.0,1.0
第四根,0.0,3.0,0.0,1.0
2017,0.0,51.0,0.0,1.0
董事,0.0,3.0,0.0,1.0
并举,0.0,9.0,0.0,1.0
徐鹏,0.0,6.0,0.0,1.0
3.7,0.0,33.0,0.0,1.0
表现,0.0,3.0,0.0,1.0
；,0.0,21.0,0.0,1.0
风电,0.0,9.0,0.0,1.0
增加,0.0,15.0,0.0,1.0
电气设备,0.0,3.0,0.0,1.0
1848.66600875,0.0,3.0,0.0,1.0
世界,0.0,9.0,0.0,1.0
置入,0.0,3.0,0.0,1.0
股权,0.0,6.0,0.0,1.0
之一,0.0,9.0,0.0,1.0
陷入困境,0.0,3.0,0.0,1.0
人民币,0.0,39.0,0.0,1.0
5,0.0,12.0,0.0,1.0
46106.08,0.0,3.0,0.0,1.0
一只,0.0,3.0,0.0,1.0
成交额,0.0,6.0,0.0,1.0
开始,0.0,12.0,0.0,1.0
演绎,0.0,3.0,0.0,1.0
倍,0.0,6.0,0.0,1.0
002469,0.0,3.0,0.0,1.0
000506,0.0,3.0,0.0,1.0
完全,0.0,3.0,0.0,1.0
显示,0.0,6.0,0.0,1.0
天沃,0.0,12.0,0.0,1.0
月,0.0,72.0,0.0,1.0
2008,0.0,3.0,0.0,1.0
人,0.0,6.0,0.0,1.0
看来,0.0,3.0,0.0,1.0
赚,0.0,3.0,0.0,1.0
一厢,0.0,3.0,0.0,1.0
均,0.0,6.0,0.0,1.0
北方,0.0,3.0,0.0,1.0
至今,0.0,3.0,0.0,1.0
报道,0.0,3.0,0.0,1.0
中证网,0.0,3.0,0.0,1.0
曾,0.0,3.0,0.0,1.0
亿股,0.0,6.0,0.0,1.0
3.41,0.0,3.0,0.0,1.0
诊股,0.0,3.0,0.0,1.0
1218.23,0.0,3.0,0.0,1.0
披露,0.0,3.0,0.0,1.0
大阳线,0.0,12.0,0.0,1.0
UnitWidth,0.0,3.0,0.0,1.0
博闻,0.0,3.0,0.0,1.0
攀,0.0,3.0,0.0,1.0
客户,0.0,3.0,0.0,1.0
同时,0.0,6.0,0.0,1.0
广证,0.0,3.0,0.0,1.0
ImageType,0.0,3.0,0.0,1.0
邹磊,0.0,9.0,0.0,1.0
电气,0.0,201.0,0.0,1.0
孙,0.0,9.0,0.0,1.0
控股,0.0,6.0,0.0,1.0
 ,0.0,102.0,0.0,1.0
王维,0.0,3.0,0.0,1.0
国家级,0.0,6.0,0.0,1.0
党委,0.0,3.0,0.0,1.0
其中,0.0,6.0,0.0,1.0
http,0.0,3.0,0.0,1.0
该,0.0,3.0,0.0,1.0
支持,0.0,3.0,0.0,1.0
充斥,0.0,3.0,0.0,1.0
正是,0.0,3.0,0.0,1.0
成交量,0.0,3.0,0.0,1.0
相似之处,0.0,3.0,0.0,1.0
10PictureProducter,0.0,3.0,0.0,1.0
2155.36,0.0,3.0,0.0,1.0
居,0.0,9.0,0.0,1.0
2016,0.0,15.0,0.0,1.0
37.8025,0.0,3.0,0.0,1.0
分,0.0,3.0,0.0,1.0
反击,0.0,3.0,0.0,1.0
万港元,0.0,6.0,0.0,1.0
刺激,0.0,3.0,0.0,1.0
以来,0.0,6.0,0.0,1.0
一日,0.0,3.0,0.0,1.0
报,0.0,3.0,0.0,1.0
城,0.0,9.0,0.0,1.0
成才,0.0,6.0,0.0,1.0
后,0.0,9.0,0.0,1.0
尽职,0.0,3.0,0.0,1.0
22.0515,0.0,3.0,0.0,1.0
燕京啤酒,0.0,9.0,0.0,1.0
1.53,0.0,3.0,0.0,1.0
产业,0.0,3.0,0.0,1.0
独家,0.0,6.0,0.0,1.0
企业,0.0,9.0,0.0,1.0
占,0.0,6.0,0.0,1.0
另外,0.0,3.0,0.0,1.0
报价,0.0,6.0,0.0,1.0
8.67,0.0,3.0,0.0,1.0
有望,0.0,3.0,0.0,1.0
中润,0.0,9.0,0.0,1.0
》,0.0,3.0,0.0,1.0
1251.64,0.0,3.0,0.0,1.0
22,0.0,3.0,0.0,1.0
股价,0.0,45.0,0.0,1.0
领先,0.0,3.0,0.0,1.0
管理,0.0,3.0,0.0,1.0
董事会,0.0,3.0,0.0,1.0
百万,0.0,3.0,0.0,1.0
连续,0.0,6.0,0.0,1.0
截至,0.0,15.0,0.0,1.0
变化,0.0,3.0,0.0,1.0
1.23,0.0,3.0,0.0,1.0
持有,0.0,9.0,0.0,1.0
装备,0.0,3.0,0.0,1.0
公告,0.0,18.0,0.0,1.0
Formula,0.0,3.0,0.0,1.0
测算,0.0,6.0,0.0,1.0
买入,0.0,18.0,0.0,1.0
扭亏为盈,0.0,9.0,0.0,1.0
本期,0.0,6.0,0.0,1.0
第二个,0.0,3.0,0.0,1.0
直到,0.0,3.0,0.0,1.0
年报,0.0,3.0,0.0,1.0
Type,0.0,3.0,0.0,1.0
002408,0.0,3.0,0.0,1.0
不锈,0.0,3.0,0.0,1.0
复合材料,0.0,3.0,0.0,1.0
鞍重,0.0,3.0,0.0,1.0
狠抓,0.0,3.0,0.0,1.0
D,0.0,3.0,0.0,1.0
150517773373600357,0.0,6.0,0.0,1.0
交易日,0.0,3.0,0.0,1.0
沽空,0.0,3.0,0.0,1.0
成绩单,0.0,3.0,0.0,1.0
问询,0.0,3.0,0.0,1.0
互利,0.0,3.0,0.0,1.0
殃及,0.0,3.0,0.0,1.0
季度,0.0,9.0,0.0,1.0
应收,0.0,3.0,0.0,1.0
一根,0.0,6.0,0.0,1.0
账款,0.0,3.0,0.0,1.0
书记,0.0,6.0,0.0,1.0
史伟宗,0.0,3.0,0.0,1.0
招商,0.0,3.0,0.0,1.0
置信,0.0,3.0,0.0,1.0
全国,0.0,9.0,0.0,1.0
1783.76,0.0,3.0,0.0,1.0
升,0.0,3.0,0.0,1.0
：,0.0,21.0,0.0,1.0
却是,0.0,3.0,0.0,1.0
打造,0.0,12.0,0.0,1.0
副,0.0,3.0,0.0,1.0
技师,0.0,6.0,0.0,1.0
小商品,0.0,9.0,0.0,1.0
航天,0.0,6.0,0.0,1.0
翻番,0.0,3.0,0.0,1.0
发稿,0.0,3.0,0.0,1.0
全年,0.0,3.0,0.0,1.0
如释重负,0.0,3.0,0.0,1.0
）,0.0,75.0,0.0,1.0
京,0.0,3.0,0.0,1.0
希望,0.0,3.0,0.0,1.0
保持,0.0,3.0,0.0,1.0
展开,0.0,3.0,0.0,1.0
6,0.0,27.0,0.0,1.0
节能,0.0,3.0,0.0,1.0
学生,0.0,6.0,0.0,1.0
形成,0.0,3.0,0.0,1.0
高技术,0.0,3.0,0.0,1.0
联盟,0.0,3.0,0.0,1.0
2213,0.0,3.0,0.0,1.0
再现,0.0,3.0,0.0,1.0
H股,0.0,9.0,0.0,1.0
促进,0.0,3.0,0.0,1.0
激光,0.0,3.0,0.0,1.0
获悉,0.0,3.0,0.0,1.0
上半年,0.0,21.0,0.0,1.0
17,0.0,3.0,0.0,1.0
集团公司,0.0,3.0,0.0,1.0
一直,0.0,6.0,0.0,1.0
实际上,0.0,3.0,0.0,1.0
首席,0.0,6.0,0.0,1.0
IMAGE,0.0,3.0,0.0,1.0
孔子,0.0,3.0,0.0,1.0
惠程,0.0,3.0,0.0,1.0
市场,0.0,6.0,0.0,1.0
一路上,0.0,6.0,0.0,1.0
aspx,0.0,3.0,0.0,1.0
冲,0.0,3.0,0.0,1.0
4.71,0.0,3.0,0.0,1.0
多有,0.0,3.0,0.0,1.0
并,0.0,6.0,0.0,1.0
半年度,0.0,3.0,0.0,1.0
公布,0.0,15.0,0.0,1.0
恶心,0.0,3.0,0.0,1.0
领衔,0.0,6.0,0.0,1.0
科技,0.0,21.0,0.0,1.0
环境,0.0,3.0,0.0,1.0
20170609195722pCKtKMlREE,0.0,3.0,0.0,1.0
在,0.0,39.0,0.0,1.0
一个,0.0,3.0,0.0,1.0
3.416,0.0,3.0,0.0,1.0
尽头,0.0,3.0,0.0,1.0
没有,0.0,3.0,0.0,1.0
副校长,0.0,3.0,0.0,1.0
民用,0.0,3.0,0.0,1.0
净利润,0.0,39.0,0.0,1.0
晚间,0.0,15.0,0.0,1.0
放量,0.0,6.0,0.0,1.0
0146.90000036,0.0,3.0,0.0,1.0
记者,0.0,12.0,0.0,1.0
布局,0.0,3.0,0.0,1.0
国家队,0.0,6.0,0.0,1.0
跌,0.0,3.0,0.0,1.0
日晚,0.0,3.0,0.0,1.0
许金民,0.0,3.0,0.0,1.0
AH,0.0,3.0,0.0,1.0
亿晶,0.0,3.0,0.0,1.0
核动力,0.0,3.0,0.0,1.0
大增,0.0,3.0,0.0,1.0
成长,0.0,6.0,0.0,1.0
有余,0.0,3.0,0.0,1.0
业务,0.0,6.0,0.0,1.0
来看,0.0,12.0,0.0,1.0
核技术,0.0,3.0,0.0,1.0
昨日,0.0,9.0,0.0,1.0
国产化率,0.0,3.0,0.0,1.0
1498.24,0.0,3.0,0.0,1.0
cc,0.0,3.0,0.0,1.0
引领,0.0,3.0,0.0,1.0
时候,0.0,3.0,0.0,1.0
6547.37300199,0.0,3.0,0.0,1.0
直属,0.0,3.0,0.0,1.0
上交所,0.0,3.0,0.0,1.0
/,0.0,54.0,0.0,1.0
月止,0.0,3.0,0.0,1.0
达到,0.0,9.0,0.0,1.0
思源,0.0,3.0,0.0,1.0
金风,0.0,3.0,0.0,1.0
核电,0.0,12.0,0.0,1.0
亏损,0.0,15.0,0.0,1.0
归属于,0.0,15.0,0.0,1.0
大,0.0,6.0,0.0,1.0
颇,0.0,3.0,0.0,1.0
以上,0.0,9.0,0.0,1.0
持续性,0.0,3.0,0.0,1.0
母公司,0.0,9.0,0.0,1.0
力度,0.0,3.0,0.0,1.0
汇川,0.0,3.0,0.0,1.0
结构,0.0,3.0,0.0,1.0
迎,0.0,3.0,0.0,1.0
18.3012,0.0,3.0,0.0,1.0
近期,0.0,6.0,0.0,1.0
《,0.0,3.0,0.0,1.0
设计院,0.0,3.0,0.0,1.0
7.67,0.0,6.0,0.0,1.0
4.4,0.0,3.0,0.0,1.0
已经,0.0,6.0,0.0,1.0
大幅,0.0,9.0,0.0,1.0
由,0.0,6.0,0.0,1.0
已,0.0,3.0,0.0,1.0
着,0.0,3.0,0.0,1.0
预告,0.0,15.0,0.0,1.0
提案,0.0,6.0,0.0,1.0
华丽,0.0,3.0,0.0,1.0
强势,0.0,6.0,0.0,1.0
新能源,0.0,21.0,0.0,1.0
3,0.0,24.0,0.0,1.0
%,0.0,48.0,0.0,1.0
好,0.0,9.0,0.0,1.0
底部,0.0,3.0,0.0,1.0
四川,0.0,6.0,0.0,1.0
学院,0.0,3.0,0.0,1.0
子公司,0.0,3.0,0.0,1.0
600415,0.0,3.0,0.0,1.0
港元,0.0,6.0,0.0,1.0
吉恩,0.0,9.0,0.0,1.0
市政府,0.0,3.0,0.0,1.0
公众,0.0,3.0,0.0,1.0
比例,0.0,6.0,0.0,1.0
启动,0.0,9.0,0.0,1.0
药业,0.0,3.0,0.0,1.0
上冲,0.0,3.0,0.0,1.0
–,0.0,3.0,0.0,1.0
转化,0.0,3.0,0.0,1.0
大涨,0.0,6.0,0.0,1.0
十分,0.0,3.0,0.0,1.0
时报讯,0.0,3.0,0.0,1.0
9.53,0.0,3.0,0.0,1.0
武进,0.0,3.0,0.0,1.0
特色,0.0,3.0,0.0,1.0
全,0.0,3.0,0.0,1.0
3.4,0.0,9.0,0.0,1.0
其,0.0,3.0,0.0,1.0
讯,0.0,15.0,0.0,1.0
电子,0.0,6.0,0.0,1.0
14.009,0.0,3.0,0.0,1.0
会见,0.0,6.0,0.0,1.0
8,0.0,9.0,0.0,1.0
具有,0.0,9.0,0.0,1.0
1000,0.0,6.0,0.0,1.0
cn,0.0,6.0,0.0,1.0
发布公告,0.0,3.0,0.0,1.0
走势,0.0,6.0,0.0,1.0
2055.66,0.0,3.0,0.0,1.0
上述,0.0,3.0,0.0,1.0
该股,0.0,3.0,0.0,1.0
3000.00,0.0,3.0,0.0,1.0
分别,0.0,3.0,0.0,1.0
航空,0.0,3.0,0.0,1.0
便,0.0,3.0,0.0,1.0
设备,0.0,3.0,0.0,1.0
关于,0.0,9.0,0.0,1.0
全资,0.0,3.0,0.0,1.0
取得,0.0,12.0,0.0,1.0
行情,0.0,12.0,0.0,1.0
带领,0.0,3.0,0.0,1.0
7.1,0.0,21.0,0.0,1.0
机器,0.0,3.0,0.0,1.0
计提,0.0,3.0,0.0,1.0
部长,0.0,6.0,0.0,1.0
破产,0.0,9.0,0.0,1.0
涨,0.0,6.0,0.0,1.0
创新,0.0,3.0,0.0,1.0
早,0.0,3.0,0.0,1.0
多,0.0,6.0,0.0,1.0
11,0.0,6.0,0.0,1.0
吴瑕,0.0,3.0,0.0,1.0
重型,0.0,3.0,0.0,1.0
齐翔,0.0,12.0,0.0,1.0
天量,0.0,3.0,0.0,1.0
近,0.0,15.0,0.0,1.0
9,0.0,12.0,0.0,1.0
集中力量,0.0,3.0,0.0,1.0
将,0.0,6.0,0.0,1.0
A股,0.0,12.0,0.0,1.0
正面,0.0,6.0,0.0,1.0
季报,0.0,3.0,0.0,1.0
东方电机,0.0,3.0,0.0,1.0
损失,0.0,3.0,0.0,1.0
军工,0.0,6.0,0.0,1.0
内参,0.0,6.0,0.0,1.0
研究,0.0,3.0,0.0,1.0
48,0.0,3.0,0.0,1.0
德阳,0.0,3.0,0.0,1.0
采购,0.0,3.0,0.0,1.0
股,0.0,9.0,0.0,1.0
所,0.0,3.0,0.0,1.0
断崖,0.0,3.0,0.0,1.0
成,0.0,3.0,0.0,1.0
绵阳,0.0,3.0,0.0,1.0
上海,0.0,3.0,0.0,1.0
产业基地,0.0,6.0,0.0,1.0
帮助,0.0,3.0,0.0,1.0
快,0.0,3.0,0.0,1.0
chinatimes,0.0,6.0,0.0,1.0
科学城,0.0,3.0,0.0,1.0
位置,0.0,3.0,0.0,1.0
上,0.0,9.0,0.0,1.0
带来,0.0,3.0,0.0,1.0
APP,0.0,12.0,0.0,1.0
应,0.0,6.0,0.0,1.0
实施,0.0,3.0,0.0,1.0
每股,0.0,6.0,0.0,1.0
本年度,0.0,3.0,0.0,1.0
减少,0.0,3.0,0.0,1.0
光电,0.0,3.0,0.0,1.0
之前,0.0,3.0,0.0,1.0
副总裁,0.0,6.0,0.0,1.0
简单,0.0,3.0,0.0,1.0
巅峰,0.0,3.0,0.0,1.0
600875,0.0,21.0,0.0,1.0
30.0020,0.0,3.0,0.0,1.0
69,0.0,6.0,0.0,1.0
去年,0.0,3.0,0.0,1.0
7,0.0,18.0,0.0,1.0
走到,0.0,3.0,0.0,1.0
等,0.0,18.0,0.0,1.0
拉开,0.0,3.0,0.0,1.0
提高,0.0,9.0,0.0,1.0
A,0.0,3.0,0.0,1.0
调查,0.0,3.0,0.0,1.0
再次,0.0,6.0,0.0,1.0
齐升,0.0,3.0,0.0,1.0
任学锋,0.0,9.0,0.0,1.0
8.86,0.0,3.0,0.0,1.0
41.72,0.0,6.0,0.0,1.0
五大,0.0,3.0,0.0,1.0
31,0.0,3.0,0.0,1.0
上市公司,0.0,18.0,0.0,1.0
发起,0.0,3.0,0.0,1.0
同期,0.0,18.0,0.0,1.0
东方,0.0,195.0,0.0,1.0
4749.94002573,0.0,3.0,0.0,1.0
、,0.0,234.0,0.0,1.0
正海磁材,0.0,9.0,0.0,1.0
对拟,0.0,3.0,0.0,1.0
迎来,0.0,3.0,0.0,1.0
清新,0.0,3.0,0.0,1.0
能力,0.0,3.0,0.0,1.0
汽轮机,0.0,6.0,0.0,1.0
冲涨,0.0,3.0,0.0,1.0
股票,0.0,6.0,0.0,1.0
分享,0.0,6.0,0.0,1.0
财务部门,0.0,6.0,0.0,1.0
于,0.0,15.0,0.0,1.0
翰宇,0.0,3.0,0.0,1.0
08600390,0.0,3.0,0.0,1.0
增发,0.0,9.0,0.0,1.0
条,0.0,3.0,0.0,1.0
提出,0.0,6.0,0.0,1.0
巨亏,0.0,3.0,0.0,1.0
以,0.0,9.0,0.0,1.0
n,0.0,6.0,0.0,1.0
董事长,0.0,12.0,0.0,1.0
今早,0.0,3.0,0.0,1.0
产量,0.0,9.0,0.0,1.0
做法,0.0,3.0,0.0,1.0
$,0.0,3.0,0.0,1.0
收购,0.0,12.0,0.0,1.0
唯一,0.0,3.0,0.0,1.0
现涨,0.0,3.0,0.0,1.0
两月,0.0,3.0,0.0,1.0
.,0.0,60.0,0.0,1.0
K,0.0,3.0,0.0,1.0
扭亏,0.0,12.0,0.0,1.0
9.01,0.0,6.0,0.0,1.0
让,0.0,3.0,0.0,1.0
2,0.0,3.0,0.0,1.0
资产,0.0,18.0,0.0,1.0
跳开,0.0,3.0,0.0,1.0
电站,0.0,9.0,0.0,1.0
若干,0.0,6.0,0.0,1.0
稳定,0.0,3.0,0.0,1.0
不到,0.0,3.0,0.0,1.0
两地,0.0,3.0,0.0,1.0
实现,0.0,21.0,0.0,1.0
党组书记,0.0,3.0,0.0,1.0
上涨,0.0,6.0,0.0,1.0
是,0.0,24.0,0.0,1.0
最终,0.0,3.0,0.0,1.0
太,0.0,3.0,0.0,1.0
工程,0.0,21.0,0.0,1.0
火电,0.0,9.0,0.0,1.0
Index,0.0,3.0,0.0,1.0
院长,0.0,3.0,0.0,1.0
0.789,0.0,3.0,0.0,1.0
>,0.0,12.0,0.0,1.0
28,0.0,3.0,0.0,1.0
同位素,0.0,3.0,0.0,1.0
全球,0.0,9.0,0.0,1.0
技术,0.0,3.0,0.0,1.0
融合,0.0,15.0,0.0,1.0
sinaimg,0.0,6.0,0.0,1.0
亿,0.0,12.0,0.0,1.0
大幅度,0.0,6.0,0.0,1.0
=,0.0,18.0,0.0,1.0
时间,0.0,3.0,0.0,1.0
方面,0.0,3.0,0.0,1.0
同意,0.0,3.0,0.0,1.0
9717,0.0,3.0,0.0,1.0
01072,0.0,21.0,0.0,1.0
13.110,0.0,3.0,0.0,1.0
1170.00,0.0,3.0,0.0,1.0
成果,0.0,3.0,0.0,1.0
气电,0.0,9.0,0.0,1.0
上升,0.0,6.0,0.0,1.0
经营,0.0,3.0,0.0,1.0
智通,0.0,6.0,0.0,1.0
降本增效,0.0,3.0,0.0,1.0
曙光,0.0,6.0,0.0,1.0
+,0.0,6.0,0.0,1.0
因,0.0,3.0,0.0,1.0
主要,0.0,9.0,0.0,1.0
称为,0.0,3.0,0.0,1.0
华联,0.0,3.0,0.0,1.0
finance,0.0,6.0,0.0,1.0
中国东方电气集团,0.0,9.0,0.0,1.0
首位,0.0,9.0,0.0,1.0
一,0.0,3.0,0.0,1.0
起,0.0,3.0,0.0,1.0
20,0.0,6.0,0.0,1.0
今年,0.0,18.0,0.0,1.0
比,0.0,9.0,0.0,1.0
港股,0.0,12.0,0.0,1.0
中信,0.0,3.0,0.0,1.0
代价,0.0,6.0,0.0,1.0
有限公司,0.0,18.0,0.0,1.0
规模,0.0,3.0,0.0,1.0
　,0.0,18.0,0.0,1.0
半年,0.0,9.0,0.0,1.0
12.708,0.0,3.0,0.0,1.0
任,0.0,3.0,0.0,1.0
约,0.0,9.0,0.0,1.0
工作部,0.0,3.0,0.0,1.0
走,0.0,3.0,0.0,1.0
个,0.0,9.0,0.0,1.0
通讯员,0.0,3.0,0.0,1.0
聘任,0.0,6.0,0.0,1.0
积极,0.0,3.0,0.0,1.0
17.8,0.0,3.0,0.0,1.0
集团,0.0,39.0,0.0,1.0
波,0.0,3.0,0.0,1.0
产业园,0.0,9.0,0.0,1.0
56.12,0.0,6.0,0.0,1.0
国有企业,0.0,6.0,0.0,1.0
增,0.0,3.0,0.0,1.0
海通,0.0,3.0,0.0,1.0
这棵,0.0,3.0,0.0,1.0
包商,0.0,9.0,0.0,1.0
回,0.0,3.0,0.0,1.0
上年,0.0,12.0,0.0,1.0
4,0.0,9.0,0.0,1.0
30,0.0,9.0,0.0,1.0
减值,0.0,3.0,0.0,1.0
表示感谢,0.0,3.0,0.0,1.0
活跃,0.0,3.0,0.0,1.0
磁铁,0.0,3.0,0.0,1.0
下同,0.0,3.0,0.0,1.0
中绒,0.0,9.0,0.0,1.0
广州,0.0,3.0,0.0,1.0
20160801,0.0,6.0,0.0,1.0
集中度,0.0,3.0,0.0,1.0
职教,0.0,6.0,0.0,1.0
销售,0.0,6.0,0.0,1.0
资源,0.0,9.0,0.0,1.0
之后,0.0,6.0,0.0,1.0
首亏,0.0,3.0,0.0,1.0
预盈,0.0,3.0,0.0,1.0
录得,0.0,3.0,0.0,1.0
发布,0.0,18.0,0.0,1.0
个股,0.0,18.0,0.0,1.0
拐点,0.0,3.0,0.0,1.0
激励,0.0,6.0,0.0,1.0
停牌,0.0,6.0,0.0,1.0
兼任,0.0,6.0,0.0,1.0
可谓,0.0,3.0,0.0,1.0
相对,0.0,3.0,0.0,1.0
华瑞,0.0,3.0,0.0,1.0
证券网,0.0,3.0,0.0,1.0
对方,0.0,3.0,0.0,1.0
时报,0.0,3.0,0.0,1.0
紧随其后,0.0,3.0,0.0,1.0
0.060,0.0,3.0,0.0,1.0
26,0.0,18.0,0.0,1.0
反转,0.0,6.0,0.0,1.0
起来,0.0,3.0,0.0,1.0
国金,0.0,3.0,0.0,1.0
初步,0.0,6.0,0.0,1.0
距起,0.0,3.0,0.0,1.0
国际,0.0,3.0,0.0,1.0
2002,0.0,3.0,0.0,1.0
突然,0.0,6.0,0.0,1.0
金,0.0,6.0,0.0,1.0
成本,0.0,3.0,0.0,1.0
(,0.0,18.0,0.0,1.0
四方,0.0,3.0,0.0,1.0
1174,0.0,3.0,0.0,1.0
会,0.0,3.0,0.0,1.0
（,0.0,75.0,0.0,1.0
对,0.0,3.0,0.0,1.0
更,0.0,3.0,0.0,1.0
核燃料,0.0,3.0,0.0,1.0
1,0.0,12.0,0.0,1.0
聚焦,0.0,3.0,0.0,1.0
表示,0.0,6.0,0.0,1.0
2010,0.0,3.0,0.0,1.0
建成投产,0.0,3.0,0.0,1.0
扬至,0.0,3.0,0.0,1.0
信息,0.0,3.0,0.0,1.0
发盈喜,0.0,6.0,0.0,1.0
机电,0.0,3.0,0.0,1.0
电,0.0,3.0,0.0,1.0
信息安全,0.0,3.0,0.0,1.0
今日,0.0,6.0,0.0,1.0
因而,0.0,3.0,0.0,1.0
材料,0.0,3.0,0.0,1.0
数量,0.0,33.0,0.0,1.0
德阳市,0.0,6.0,0.0,1.0
居前,0.0,9.0,0.0,1.0
SH,0.0,3.0,0.0,1.0
涨势,0.0,6.0,0.0,1.0
000729,0.0,3.0,0.0,1.0
安信,0.0,3.0,0.0,1.0
发电设备,0.0,21.0,0.0,1.0
至此,0.0,3.0,0.0,1.0
公司,0.0,63.0,0.0,1.0
下跌,0.0,6.0,0.0,1.0
最大,0.0,9.0,0.0,1.0
净亏损,0.0,3.0,0.0,1.0
军民,0.0,15.0,0.0,1.0
SRC,0.0,3.0,0.0,1.0
华新水泥,0.0,3.0,0.0,1.0
反击战,0.0,3.0,0.0,1.0
逐渐,0.0,3.0,0.0,1.0
广州市委,0.0,6.0,0.0,1.0
财经,0.0,6.0,0.0,1.0
太平洋,0.0,3.0,0.0,1.0
党校,0.0,3.0,0.0,1.0
-,0.0,9.0,0.0,1.0
增至,0.0,6.0,0.0,1.0
深化,0.0,3.0,0.0,1.0
甩开膀子,0.0,3.0,0.0,1.0
亚泰,0.0,9.0,0.0,1.0
合作,0.0,3.0,0.0,1.0
左右,0.0,33.0,0.0,1.0
深圳,0.0,3.0,0.0,1.0
与会,0.0,6.0,0.0,1.0
运通,0.0,3.0,0.0,1.0
