日,0.0,9.0,0.0,1.0
名录,0.0,2.0,0.0,1.0
1958,0.0,6.0,0.0,1.0
等,0.0,56.0,0.0,1.0
加盟商,0.0,18.0,0.0,1.0
62,0.0,3.0,0.0,1.0
历程,0.0,3.0,0.0,1.0
avqlGnR4l8L5icLp3b8vTqIYicdSMibdibt7axGRtnBugg0GLP434TCoUkFy9HUlR0wlQ,0.0,3.0,0.0,1.0
雷士,0.0,6.0,0.0,1.0
资本,0.0,3.0,0.0,1.0
高性价比,0.0,6.0,0.0,1.0
跨国,0.0,3.0,0.0,1.0
及其,0.0,3.0,0.0,1.0
陈胜光,0.0,18.0,0.0,1.0
致力于,0.0,18.0,0.0,1.0
agQnHytQt5eTIb1nTkjSC9UnR9Dmo2ibWoOTyXrvHDzxSIias4awSgHl5mcGkNawkDGwYk8GBzqU3fcIqz1Fu8tA,0.0,3.0,0.0,1.0
经,0.0,3.0,0.0,1.0
昨,0.0,3.0,0.0,1.0
殊荣,0.0,3.0,0.0,1.0
极光,0.0,8.0,0.0,1.0
协议,0.0,3.0,0.0,1.0
太龙,0.0,6.0,0.0,1.0
生产线,0.0,3.0,0.0,1.0
空间,0.0,3.0,0.0,1.0
实体,0.0,3.0,0.0,1.0
萎缩,0.0,3.0,0.0,1.0
悲,0.0,3.0,0.0,1.0
社会,0.0,15.0,0.0,1.0
盛事,0.0,3.0,0.0,1.0
制造,0.0,6.0,0.0,1.0
▲,0.0,12.0,0.0,1.0
并于,0.0,3.0,0.0,1.0
同比,0.0,9.0,0.0,1.0
领导,0.0,6.0,0.0,1.0
5Yx9EUdKLicXBjcPcuCwxibpJxSr57xUKF1CqAsGGnYWrCpop28NHaAngOVIk8e5oywibEQMwXR6w,0.0,3.0,0.0,1.0
元,0.0,3.0,0.0,1.0
兜兜,0.0,3.0,0.0,1.0
汇,0.0,12.0,0.0,1.0
电器,0.0,9.0,0.0,1.0
大型,0.0,9.0,0.0,1.0
全铜,1.0,0.0,1.0,0.0
不利,0.0,3.0,0.0,1.0
亮化,0.0,3.0,0.0,1.0
进退,0.0,3.0,0.0,1.0
公信度,0.0,3.0,0.0,1.0
过程,0.0,3.0,0.0,1.0
此次,0.0,3.0,0.0,1.0
一季度,0.0,9.0,0.0,1.0
环保,0.0,3.0,0.0,1.0
bCnD3gBl60ibYD74hsTzP2BoibenYEmm0KulS4,0.0,3.0,0.0,1.0
质疑,0.0,3.0,0.0,1.0
同时,0.0,24.0,0.0,1.0
专利,0.0,3.0,0.0,1.0
国酒,0.0,3.0,0.0,1.0
dun2e3noPvYREvcODXvnCXRnBBWN2Wibylb9jZ0FeoHKv0qJOLSj65sxJIvvv7rVl4ibxFDDv9TL1bicDKQ,0.0,3.0,0.0,1.0
:,0.0,57.0,0.0,1.0
检验,0.0,2.0,0.0,1.0
广东,0.0,12.0,0.0,1.0
营收,0.0,9.0,0.0,1.0
奥林匹克,0.0,3.0,0.0,1.0
不断加强,0.0,6.0,0.0,1.0
承认,0.0,3.0,0.0,1.0
获得,0.0,3.0,0.0,1.0
地区,0.0,3.0,0.0,1.0
初期,0.0,3.0,0.0,1.0
认可,0.0,9.0,0.0,1.0
冰雪,0.0,3.0,0.0,1.0
…,0.0,12.0,0.0,1.0
轻工业,0.0,12.0,0.0,1.0
实际,0.0,9.0,0.0,1.0
至,0.0,9.0,0.0,1.0
建议,0.0,3.0,0.0,1.0
所,0.0,6.0,0.0,1.0
a4IuexE1D5gcibTINq9hpGpx8Kic8RTAnPNKrAAMS12ialQ,0.0,3.0,0.0,1.0
称,0.0,6.0,0.0,1.0
流行,0.0,3.0,0.0,1.0
杜国强,0.0,3.0,0.0,1.0
每位,0.0,3.0,0.0,1.0
文章,0.0,3.0,0.0,1.0
案例,0.0,3.0,0.0,1.0
60icWfWfib4f5eCbrSJHjxL0ybIwV466vKKu8YoGFLxpgrAaSv0pT52H3bJl9neRgXmR5Ep7S7PW4ichw,0.0,3.0,0.0,1.0
改变,0.0,6.0,0.0,1.0
员工,0.0,3.0,0.0,1.0
经销商,0.0,15.0,0.0,1.0
看重,0.0,3.0,0.0,1.0
能,0.0,6.0,0.0,1.0
>,0.0,96.0,0.0,1.0
大力发展,0.0,3.0,0.0,1.0
团队,0.0,15.0,0.0,1.0
鼓励,0.0,3.0,0.0,1.0
质量,0.0,18.0,0.0,1.0
理事,0.0,3.0,0.0,1.0
坚持,0.0,9.0,0.0,1.0
优惠政策,0.0,3.0,0.0,1.0
世界,0.0,18.0,0.0,1.0
合伙人,0.0,3.0,0.0,1.0
股东,0.0,6.0,0.0,1.0
带面,0.0,3.0,0.0,1.0
闪耀,0.0,12.0,0.0,1.0
影响,0.0,6.0,0.0,1.0
10,0.0,3.0,0.0,1.0
品牌形象,0.0,3.0,0.0,1.0
灯,0.0,6.0,0.0,1.0
乐天,0.0,3.0,0.0,1.0
股份,0.0,6.0,0.0,1.0
提醒,0.0,3.0,0.0,1.0
进一步,0.0,12.0,0.0,1.0
出,0.0,3.0,0.0,1.0
托起,0.0,9.0,0.0,1.0
入选,0.0,30.0,0.0,1.0
（,0.0,30.0,0.0,1.0
得到,0.0,6.0,0.0,1.0
莅临,0.0,12.0,0.0,1.0
部署,0.0,3.0,0.0,1.0
全面,1.0,3.0,0.25,0.75
越来越,0.0,3.0,0.0,1.0
持续,0.0,6.0,0.0,1.0
玻璃管,0.0,3.0,0.0,1.0
培育,0.0,6.0,0.0,1.0
项目,0.0,9.0,0.0,1.0
贯彻,0.0,3.0,0.0,1.0
体现,0.0,3.0,0.0,1.0
世纪,0.0,3.0,0.0,1.0
对此,0.0,6.0,0.0,1.0
谋划,0.0,3.0,0.0,1.0
梦,0.0,9.0,0.0,1.0
根基,0.0,3.0,0.0,1.0
又,0.0,6.0,0.0,1.0
类别,0.0,3.0,0.0,1.0
上门,0.0,3.0,0.0,1.0
五粮液,0.0,3.0,0.0,1.0
权威认证,0.0,3.0,0.0,1.0
飞跃,0.0,3.0,0.0,1.0
里,0.0,3.0,0.0,1.0
未来,0.0,24.0,0.0,1.0
邀请,0.0,3.0,0.0,1.0
经过,0.0,6.0,0.0,1.0
总,0.0,3.0,0.0,1.0
意向,0.0,3.0,0.0,1.0
机会,0.0,9.0,0.0,1.0
<,0.0,57.0,0.0,1.0
快速,0.0,3.0,0.0,1.0
000541,0.0,3.0,0.0,1.0
提升,0.0,21.0,0.0,1.0
2004,0.0,3.0,0.0,1.0
管理,0.0,12.0,0.0,1.0
打下,0.0,3.0,0.0,1.0
png,0.0,27.0,0.0,1.0
杭萧,0.0,3.0,0.0,1.0
会议室,0.0,3.0,0.0,1.0
范畴,0.0,3.0,0.0,1.0
推进,0.0,12.0,0.0,1.0
国内,0.0,6.0,0.0,1.0
参加,0.0,9.0,0.0,1.0
还有,0.0,3.0,0.0,1.0
】,0.0,3.0,0.0,1.0
活动,0.0,33.0,0.0,1.0
业绩,0.0,15.0,0.0,1.0
单位,0.0,9.0,0.0,1.0
乐观,0.0,3.0,0.0,1.0
有限公司,0.0,21.0,0.0,1.0
FSL,0.0,9.0,0.0,1.0
多年,0.0,6.0,0.0,1.0
今年,0.0,6.0,0.0,1.0
荆州,0.0,3.0,0.0,1.0
改组,0.0,3.0,0.0,1.0
发展,0.0,93.0,0.0,1.0
加盟,0.0,18.0,0.0,1.0
成立,0.0,24.0,0.0,1.0
从,0.0,39.0,0.0,1.0
50,0.0,9.0,0.0,1.0
大量,0.0,6.0,0.0,1.0
?,0.0,96.0,0.0,1.0
荧光灯,0.0,2.0,0.0,1.0
研究会,0.0,3.0,0.0,1.0
式,0.0,9.0,0.0,1.0
竞争,0.0,6.0,0.0,1.0
逾,0.0,3.0,0.0,1.0
打车,0.0,3.0,0.0,1.0
1992,0.0,3.0,0.0,1.0
进展,0.0,3.0,0.0,1.0
连续,0.0,9.0,0.0,1.0
4000,0.0,3.0,0.0,1.0
带来,0.0,3.0,0.0,1.0
诸多方面,0.0,3.0,0.0,1.0
危机意识,0.0,3.0,0.0,1.0
翻一番,0.0,3.0,0.0,1.0
相关,0.0,9.0,0.0,1.0
对于,0.0,21.0,0.0,1.0
国有企业,0.0,6.0,0.0,1.0
专业,0.0,9.0,0.0,1.0
盈利,0.0,6.0,0.0,1.0
随后,0.0,12.0,0.0,1.0
全方位,0.0,9.0,0.0,1.0
资金,0.0,6.0,0.0,1.0
股民,0.0,3.0,0.0,1.0
KTV,0.0,3.0,0.0,1.0
26.22,0.0,3.0,0.0,1.0
利润,0.0,6.0,0.0,1.0
线下,0.0,6.0,0.0,1.0
都,0.0,6.0,0.0,1.0
优惠,0.0,3.0,0.0,1.0
扩充,0.0,3.0,0.0,1.0
市,0.0,6.0,0.0,1.0
如何,0.0,3.0,0.0,1.0
越来越低,0.0,3.0,0.0,1.0
近,0.0,9.0,0.0,1.0
设立,0.0,9.0,0.0,1.0
莲,0.0,3.0,0.0,1.0
线,0.0,3.0,0.0,1.0
向,0.0,6.0,0.0,1.0
加强,0.0,9.0,0.0,1.0
成效,0.0,3.0,0.0,1.0
营销,0.0,9.0,0.0,1.0
高铁,0.0,3.0,0.0,1.0
徐州市,0.0,6.0,0.0,1.0
官网,0.0,3.0,0.0,1.0
与时俱进,0.0,3.0,0.0,1.0
消费者,0.0,12.0,0.0,1.0
LED,0.0,47.0,0.0,1.0
西山,0.0,3.0,0.0,1.0
政府,0.0,3.0,0.0,1.0
利润率,0.0,3.0,0.0,1.0
可靠,0.0,6.0,0.0,1.0
cu3HRMibE6b18W3s2fcN5GSsQ2ZGYpibJ6ibyC4XLddqq5aWF46g5MOtgm7aNQchDtB0sBZOTxm5O7JCg,0.0,3.0,0.0,1.0
国,0.0,21.0,0.0,1.0
基本,0.0,6.0,0.0,1.0
采访,0.0,3.0,0.0,1.0
开发,0.0,6.0,0.0,1.0
针对,0.0,9.0,0.0,1.0
去年,0.0,6.0,0.0,1.0
超过,0.0,6.0,0.0,1.0
AXicXv4yoMGyAUp0viaumGsdxAiaypbe02lALy1m9MEmhwb4ficQ6,0.0,3.0,0.0,1.0
增长,0.0,21.0,0.0,1.0
27,0.0,6.0,0.0,1.0
需求,0.0,6.0,0.0,1.0
主要,0.0,6.0,0.0,1.0
外延,0.0,6.0,0.0,1.0
装饰,0.0,3.0,0.0,1.0
且,0.0,6.0,0.0,1.0
换血,0.0,3.0,0.0,1.0
海内外,0.0,3.0,0.0,1.0
国际化,0.0,3.0,0.0,1.0
上,0.0,18.0,0.0,1.0
&,0.0,6.0,0.0,1.0
双丰收,0.0,9.0,0.0,1.0
aKoc7dibBt5EvEVIQav5aE41HOlYDQ7JSibZWvTgGrF2GOpnhVbT3WyCpTxddicN8cicjYvG6Ufwtg,0.0,3.0,0.0,1.0
给予,0.0,6.0,0.0,1.0
素质,0.0,3.0,0.0,1.0
七百余,0.0,3.0,0.0,1.0
实用,0.0,3.0,0.0,1.0
话语权,0.0,3.0,0.0,1.0
互联网,0.0,6.0,0.0,1.0
网,0.0,3.0,0.0,1.0
自,0.0,6.0,0.0,1.0
35,0.0,3.0,0.0,1.0
厂家,0.0,3.0,0.0,1.0
总监,0.0,9.0,0.0,1.0
高速,0.0,3.0,0.0,1.0
年度报告,0.0,3.0,0.0,1.0
坚定不移,0.0,3.0,0.0,1.0
博大,0.0,3.0,0.0,1.0
整个,0.0,3.0,0.0,1.0
优质,0.0,12.0,0.0,1.0
万,0.0,3.0,0.0,1.0
到,0.0,27.0,0.0,1.0
第一家,0.0,3.0,0.0,1.0
SRC,0.0,57.0,0.0,1.0
塑造形象,0.0,3.0,0.0,1.0
再到,0.0,3.0,0.0,1.0
资料,0.0,3.0,0.0,1.0
l,0.0,3.0,0.0,1.0
人民币,0.0,6.0,0.0,1.0
营业,0.0,21.0,0.0,1.0
旗下,0.0,3.0,0.0,1.0
做强,0.0,9.0,0.0,1.0
高层,0.0,3.0,0.0,1.0
商品,0.0,2.0,0.0,1.0
bCnD3gBl6081aKoc7dibBt5EvEVIQav5amAeyOiaUqNjMlaThEXhMt2XQcLicVpd8lPhvBqml798NVcgBSdRhcS3Q,0.0,3.0,0.0,1.0
nBvG8gvbia5z6Lqnyxq5fSZeB4hnDmpFUlMFbnxl2qiby8PHcGlXyaJK9bm2Iel5qn0icQZ5aVrxF0Xmw,0.0,3.0,0.0,1.0
抽检,0.0,3.0,0.0,1.0
国家,0.0,12.0,0.0,1.0
政府部门,0.0,3.0,0.0,1.0
成为,0.0,18.0,0.0,1.0
标杆,0.0,3.0,0.0,1.0
获此,0.0,3.0,0.0,1.0
体育场馆,0.0,3.0,0.0,1.0
bCnD3gBl60icWfWfib4f5eCbrSJHjxL0y,0.0,3.0,0.0,1.0
jpg,0.0,15.0,0.0,1.0
最新,0.0,3.0,0.0,1.0
》,0.0,3.0,0.0,1.0
商照,0.0,3.0,0.0,1.0
目前,0.0,3.0,0.0,1.0
全系列,0.0,3.0,0.0,1.0
2014,0.0,6.0,0.0,1.0
中国法学会,0.0,3.0,0.0,1.0
涵盖,0.0,3.0,0.0,1.0
烦恼,0.0,3.0,0.0,1.0
滴滴,0.0,3.0,0.0,1.0
民族,0.0,3.0,0.0,1.0
努力,0.0,15.0,0.0,1.0
2017,0.0,39.0,0.0,1.0
称号,0.0,3.0,0.0,1.0
产业链,0.0,6.0,0.0,1.0
公益活动,0.0,3.0,0.0,1.0
节点,0.0,3.0,0.0,1.0
延续,0.0,3.0,0.0,1.0
合作伙伴,0.0,12.0,0.0,1.0
拥有,0.0,12.0,0.0,1.0
大案,0.0,3.0,0.0,1.0
推动,0.0,30.0,0.0,1.0
尤为,0.0,3.0,0.0,1.0
专卖店,4.0,141.0,0.027586206896551724,0.9724137931034482
增加,0.0,6.0,0.0,1.0
进步,0.0,3.0,0.0,1.0
当成,0.0,3.0,0.0,1.0
一县,0.0,3.0,0.0,1.0
23,0.0,3.0,0.0,1.0
请,0.0,3.0,0.0,1.0
股权,0.0,33.0,0.0,1.0
习近平,0.0,6.0,0.0,1.0
2013,0.0,6.0,0.0,1.0
陈冀,0.0,9.0,0.0,1.0
身影,0.0,3.0,0.0,1.0
杨,0.0,3.0,0.0,1.0
飞利浦,0.0,9.0,0.0,1.0
对应,0.0,3.0,0.0,1.0
家居,0.0,21.0,0.0,1.0
中心,0.0,3.0,0.0,1.0
包装,0.0,3.0,0.0,1.0
感强,0.0,3.0,0.0,1.0
解决方案,0.0,3.0,0.0,1.0
企齐,0.0,3.0,0.0,1.0
开始,0.0,9.0,0.0,1.0
0,0.0,90.0,0.0,1.0
勒索案,0.0,3.0,0.0,1.0
优质服务,0.0,3.0,0.0,1.0
对,0.0,33.0,0.0,1.0
重新,0.0,3.0,0.0,1.0
来源,0.0,9.0,0.0,1.0
zP2BoibenYEmm0K2eZgZRqlCyTHwRAnT70MTqNhAXGEg4ABDANBKIWiasHiaybXWP6XNsLg,0.0,3.0,0.0,1.0
主办,0.0,3.0,0.0,1.0
许,0.0,3.0,0.0,1.0
晚间,0.0,3.0,0.0,1.0
核心,0.0,21.0,0.0,1.0
论坛,0.0,6.0,0.0,1.0
举行,0.0,3.0,0.0,1.0
亮相,0.0,9.0,0.0,1.0
一种,0.0,3.0,0.0,1.0
第七届,0.0,6.0,0.0,1.0
列,0.0,3.0,0.0,1.0
人,0.0,9.0,0.0,1.0
管理层,0.0,6.0,0.0,1.0
选购,0.0,3.0,0.0,1.0
授予,0.0,3.0,0.0,1.0
护城河,0.0,3.0,0.0,1.0
昌,0.0,3.0,0.0,1.0
2012,0.0,3.0,0.0,1.0
习,0.0,3.0,0.0,1.0
合作,0.0,15.0,0.0,1.0
指示,0.0,3.0,0.0,1.0
保证,0.0,3.0,0.0,1.0
haDvkjuSDiaWiaSGDkKalrnIqrmSvwlxMficEOXJlJpXcyArT9rniajAObaMppwfA,0.0,3.0,0.0,1.0
收益,0.0,3.0,0.0,1.0
相应,0.0,3.0,0.0,1.0
每股,0.0,3.0,0.0,1.0
要求,0.0,12.0,0.0,1.0
位,0.0,12.0,0.0,1.0
解决,0.0,3.0,0.0,1.0
40,0.0,6.0,0.0,1.0
报告,0.0,6.0,0.0,1.0
因地制宜,0.0,3.0,0.0,1.0
何勇,0.0,6.0,0.0,1.0
第十三届,0.0,3.0,0.0,1.0
为,0.0,54.0,0.0,1.0
时间,0.0,6.0,0.0,1.0
载体,0.0,3.0,0.0,1.0
多套,0.0,3.0,0.0,1.0
以下,0.0,6.0,0.0,1.0
一站式,0.0,3.0,0.0,1.0
门槛,0.0,3.0,0.0,1.0
1.20,0.0,3.0,0.0,1.0
寻找,0.0,3.0,0.0,1.0
江门,0.0,3.0,0.0,1.0
店铺,0.0,3.0,0.0,1.0
客户,0.0,42.0,0.0,1.0
白炽灯,0.0,3.0,0.0,1.0
深厚,0.0,3.0,0.0,1.0
第三,0.0,3.0,0.0,1.0
500,0.0,24.0,0.0,1.0
工程,0.0,3.0,0.0,1.0
学习用品,0.0,3.0,0.0,1.0
成功,0.0,3.0,0.0,1.0
当地,0.0,9.0,0.0,1.0
控股,0.0,3.0,0.0,1.0
 ,17.0,177.0,0.08762886597938144,0.9123711340206185
增长点,0.0,3.0,0.0,1.0
更好,0.0,6.0,0.0,1.0
20.94,0.0,3.0,0.0,1.0
党委,0.0,6.0,0.0,1.0
‘,0.0,3.0,0.0,1.0
进入,0.0,6.0,0.0,1.0
媒体,0.0,6.0,0.0,1.0
领域,0.0,12.0,0.0,1.0
说道,0.0,6.0,0.0,1.0
支持,0.0,3.0,0.0,1.0
组团,0.0,3.0,0.0,1.0
明显,0.0,3.0,0.0,1.0
提了,0.0,3.0,0.0,1.0
面前,0.0,3.0,0.0,1.0
评定,0.0,3.0,0.0,1.0
产品线,0.0,6.0,0.0,1.0
搜索,0.0,3.0,0.0,1.0
强势,0.0,3.0,0.0,1.0
孩子,0.0,6.0,0.0,1.0
重大,0.0,3.0,0.0,1.0
形象,0.0,3.0,0.0,1.0
详细,0.0,6.0,0.0,1.0
走过,0.0,3.0,0.0,1.0
为此,0.0,3.0,0.0,1.0
赴国,0.0,9.0,0.0,1.0
考虑,0.0,3.0,0.0,1.0
=,0.0,150.0,0.0,1.0
7ib2pFQSnic2hGvtSGKTboic5ClsyibYO7KLZpDI7uibhvBazPZS8UNZOibaMmt092LliaribolsBLjw,0.0,3.0,0.0,1.0
640,0.0,6.0,0.0,1.0
增强,0.0,3.0,0.0,1.0
重点,0.0,21.0,0.0,1.0
本次,0.0,12.0,0.0,1.0
22.73,0.0,3.0,0.0,1.0
跨界,0.0,12.0,0.0,1.0
两年,0.0,3.0,0.0,1.0
责任编辑,0.0,3.0,0.0,1.0
现代,0.0,3.0,0.0,1.0
内,0.0,3.0,0.0,1.0
热烈,0.0,3.0,0.0,1.0
佛照,0.0,48.0,0.0,1.0
新品,0.0,9.0,0.0,1.0
城市,0.0,3.0,0.0,1.0
针对性,0.0,3.0,0.0,1.0
智达,0.0,9.0,0.0,1.0
bCnD3gBl608b1svfUQhFPz84GgopgvZNibdHaAt,0.0,3.0,0.0,1.0
119.32,0.0,12.0,0.0,1.0
产业,0.0,9.0,0.0,1.0
【,0.0,3.0,0.0,1.0
企业,0.0,102.0,0.0,1.0
继续,0.0,18.0,0.0,1.0
激烈,0.0,3.0,0.0,1.0
为了,0.0,9.0,0.0,1.0
打通,0.0,3.0,0.0,1.0
保障,0.0,6.0,0.0,1.0
影响力,0.0,3.0,0.0,1.0
党委书记,0.0,3.0,0.0,1.0
完成,0.0,6.0,0.0,1.0
22,0.0,8.0,0.0,1.0
以点,0.0,3.0,0.0,1.0
体育中心,0.0,6.0,0.0,1.0
灯王,0.0,3.0,0.0,1.0
作为,0.0,12.0,0.0,1.0
推出,0.0,18.0,0.0,1.0
几乎,0.0,3.0,0.0,1.0
强硬,0.0,3.0,0.0,1.0
讲话,0.0,3.0,0.0,1.0
榜,0.0,3.0,0.0,1.0
两家,0.0,12.0,0.0,1.0
家居装饰,0.0,6.0,0.0,1.0
截至,0.0,3.0,0.0,1.0
实业,0.0,3.0,0.0,1.0
对接,0.0,3.0,0.0,1.0
承担,0.0,3.0,0.0,1.0
人员,0.0,3.0,0.0,1.0
优质产品,0.0,3.0,0.0,1.0
’,0.0,3.0,0.0,1.0
高素质,0.0,6.0,0.0,1.0
有着,0.0,6.0,0.0,1.0
持有,0.0,9.0,0.0,1.0
各种,0.0,3.0,0.0,1.0
强,0.0,3.0,0.0,1.0
博物馆,0.0,3.0,0.0,1.0
下达,0.0,3.0,0.0,1.0
案件,0.0,3.0,0.0,1.0
谈及,0.0,3.0,0.0,1.0
多家,0.0,3.0,0.0,1.0
VA1FlZTCdib92icFjTvs4kPMlyibicPhBp6xry3HkYBRkpkic9KHm5D1KlzjyLFgc5K7l0Q,0.0,3.0,0.0,1.0
东方电子,0.0,3.0,0.0,1.0
公告,0.0,3.0,0.0,1.0
共,0.0,3.0,0.0,1.0
印钞机,0.0,3.0,0.0,1.0
旗舰店,0.0,3.0,0.0,1.0
金寨,0.0,15.0,0.0,1.0
调研,0.0,21.0,0.0,1.0
利益,0.0,6.0,0.0,1.0
ianq03UUWGmKzcetjhrJ0Tia9PxTdSKqbVjoG5sX3xibdFnGegSRJWa,0.0,3.0,0.0,1.0
装修,0.0,9.0,0.0,1.0
文博会,0.0,15.0,0.0,1.0
亲临,0.0,3.0,0.0,1.0
做,0.0,12.0,0.0,1.0
站,0.0,3.0,0.0,1.0
频繁,0.0,3.0,0.0,1.0
曾经,0.0,3.0,0.0,1.0
mmbizgif,0.0,3.0,0.0,1.0
黑天鹅,0.0,3.0,0.0,1.0
执法检查,0.0,3.0,0.0,1.0
馆到,0.0,3.0,0.0,1.0
定位,0.0,6.0,0.0,1.0
佛山人,0.0,3.0,0.0,1.0
转转,0.0,3.0,0.0,1.0
其中,0.0,20.0,0.0,1.0
bCnD3gBl609WF37ib2pFQSnic2hGvtSGKTErju6icsDks,0.0,3.0,0.0,1.0
知名品牌,0.0,2.0,0.0,1.0
实在,0.0,3.0,0.0,1.0
专项,0.0,9.0,0.0,1.0
电工,0.0,33.0,0.0,1.0
bCnD3gBl608UclJsZPWRlH9X4LSUfQqibT42BnMFLicoFyGfgpmASNFKf49IFHuVDuCFetSicUicR1WGnbjFpMjlTg,0.0,3.0,0.0,1.0
效率,0.0,6.0,0.0,1.0
一步,0.0,9.0,0.0,1.0
历史,0.0,9.0,0.0,1.0
不止,0.0,9.0,0.0,1.0
接力,0.0,6.0,0.0,1.0
调动,0.0,3.0,0.0,1.0
配备,0.0,3.0,0.0,1.0
根据,0.0,6.0,0.0,1.0
区域,0.0,12.0,0.0,1.0
最后,0.0,3.0,0.0,1.0
新型,0.0,6.0,0.0,1.0
酒店,0.0,3.0,0.0,1.0
重要,0.0,9.0,0.0,1.0
服务,0.0,27.0,0.0,1.0
可以,0.0,6.0,0.0,1.0
主营,0.0,3.0,0.0,1.0
首条,0.0,3.0,0.0,1.0
JRT,0.0,3.0,0.0,1.0
推广,0.0,3.0,0.0,1.0
全新,0.0,3.0,0.0,1.0
一整套,0.0,3.0,0.0,1.0
之称,0.0,3.0,0.0,1.0
小,0.0,9.0,0.0,1.0
大众,0.0,9.0,0.0,1.0
开幕,0.0,3.0,0.0,1.0
拿捏,0.0,3.0,0.0,1.0
书记,0.0,6.0,0.0,1.0
楼盘,0.0,3.0,0.0,1.0
家具,0.0,3.0,0.0,1.0
fUQhFPz84GgopgvZNMUAgUdaVnk9SSMLLXwLbnv8yP2JOPvau5QMsbibRZNMicOfLpicCXeCdg,0.0,3.0,0.0,1.0
招商,0.0,3.0,0.0,1.0
全国,0.0,21.0,0.0,1.0
数据,0.0,3.0,0.0,1.0
热情,0.0,3.0,0.0,1.0
41.57,0.0,3.0,0.0,1.0
多个,0.0,6.0,0.0,1.0
撕,0.0,3.0,0.0,1.0
使命,0.0,3.0,0.0,1.0
展区,0.0,3.0,0.0,1.0
听取,0.0,6.0,0.0,1.0
兼国,0.0,6.0,0.0,1.0
第八名,0.0,6.0,0.0,1.0
k2I3bNwsvuwiatCQFIyWfNG8x50icUWwYgUkAAwPpicjgnl8ibLN2Lg,0.0,3.0,0.0,1.0
打造,0.0,15.0,0.0,1.0
老客户,0.0,3.0,0.0,1.0
创造,0.0,3.0,0.0,1.0
副,0.0,6.0,0.0,1.0
用心,0.0,6.0,0.0,1.0
权威,0.0,3.0,0.0,1.0
10.9,0.0,3.0,0.0,1.0
近距离,0.0,3.0,0.0,1.0
中,0.0,24.0,0.0,1.0
）,0.0,30.0,0.0,1.0
批发,0.0,3.0,0.0,1.0
管控,0.0,3.0,0.0,1.0
策划,0.0,9.0,0.0,1.0
希望,0.0,12.0,0.0,1.0
景观,0.0,3.0,0.0,1.0
周边地区,0.0,3.0,0.0,1.0
展示,0.0,9.0,0.0,1.0
投资,0.0,3.0,0.0,1.0
宣传,0.0,9.0,0.0,1.0
接受,0.0,3.0,0.0,1.0
节能,0.0,6.0,0.0,1.0
渠道,0.0,90.0,0.0,1.0
投入,0.0,12.0,0.0,1.0
学生,0.0,3.0,0.0,1.0
律师,0.0,6.0,0.0,1.0
了解,0.0,9.0,0.0,1.0
熟悉,0.0,3.0,0.0,1.0
有效,0.0,3.0,0.0,1.0
馆,0.0,15.0,0.0,1.0
智能,0.0,3.0,0.0,1.0
体验,0.0,24.0,0.0,1.0
既,0.0,3.0,0.0,1.0
战场,0.0,3.0,0.0,1.0
惨陷,0.0,3.0,0.0,1.0
价值,0.0,33.0,0.0,1.0
1.08,0.0,3.0,0.0,1.0
北京,0.0,3.0,0.0,1.0
上市,1.0,9.0,0.1,0.9
重,0.0,3.0,0.0,1.0
国内外,0.0,3.0,0.0,1.0
系统,0.0,9.0,0.0,1.0
CbrSJHjxL0ybwtvMdkD2qHSXialvm3YbWRW5eQG8tBLBUyLF5CVRGQtnsUQY8WwEslA,0.0,3.0,0.0,1.0
荣登,0.0,18.0,0.0,1.0
完整,0.0,3.0,0.0,1.0
扶持,0.0,3.0,0.0,1.0
积极性,0.0,3.0,0.0,1.0
速度,0.0,3.0,0.0,1.0
11.22,0.0,6.0,0.0,1.0
办公,0.0,3.0,0.0,1.0
前期,0.0,3.0,0.0,1.0
抽查,0.0,2.0,0.0,1.0
源于,0.0,3.0,0.0,1.0
值得一提的是,0.0,3.0,0.0,1.0
精神,0.0,6.0,0.0,1.0
促进作用,0.0,3.0,0.0,1.0
317,0.0,9.0,0.0,1.0
终端,0.0,9.0,0.0,1.0
刘醒明,0.0,3.0,0.0,1.0
数量,0.0,3.0,0.0,1.0
好,0.0,24.0,0.0,1.0
心动,0.0,3.0,0.0,1.0
市场,0.0,51.0,0.0,1.0
河畔,0.0,3.0,0.0,1.0
问题,0.0,6.0,0.0,1.0
结构调整,0.0,3.0,0.0,1.0
广告,0.0,9.0,0.0,1.0
准备,0.0,3.0,0.0,1.0
座谈会,0.0,6.0,0.0,1.0
高效,0.0,12.0,0.0,1.0
bCnD3gBl608b1svfUQhFPz84GgopgvZNibdHaAtS2qr2HEsZ3J7SiaHxfETGvYNb6wwANkII2iaFwb3E1reocSYZg,0.0,3.0,0.0,1.0
主打,0.0,3.0,0.0,1.0
用,0.0,3.0,0.0,1.0
徐州,0.0,6.0,0.0,1.0
公布,0.0,2.0,0.0,1.0
贵派,0.0,2.0,0.0,1.0
jpeg,0.0,63.0,0.0,1.0
—,0.0,18.0,0.0,1.0
投资者,0.0,3.0,0.0,1.0
工商行政管理局,0.0,2.0,0.0,1.0
真的,0.0,9.0,0.0,1.0
欧司朗,0.0,6.0,0.0,1.0
在,0.0,132.0,0.0,1.0
佼佼者,0.0,3.0,0.0,1.0
一个,0.0,9.0,0.0,1.0
地位,0.0,3.0,0.0,1.0
自主,0.0,9.0,0.0,1.0
中山,0.0,3.0,0.0,1.0
把,0.0,3.0,0.0,1.0
联系,0.0,3.0,0.0,1.0
眼光,0.0,3.0,0.0,1.0
手法,0.0,3.0,0.0,1.0
事务所,0.0,3.0,0.0,1.0
美丽,0.0,3.0,0.0,1.0
|,0.0,12.0,0.0,1.0
喜来登,0.0,3.0,0.0,1.0
大酒店,0.0,3.0,0.0,1.0
以此,0.0,3.0,0.0,1.0
榜首,0.0,3.0,0.0,1.0
次,0.0,3.0,0.0,1.0
布局,0.0,21.0,0.0,1.0
一波,0.0,3.0,0.0,1.0
消费,0.0,3.0,0.0,1.0
60953vRFFNNWVA1FlZTCdib9256QF5e5OyQZ86y1Kibth6sdnqsRgLicadJuZ3ZCIOSrl4EkdGdZLH3RQ,0.0,3.0,0.0,1.0
朗能,0.0,2.0,0.0,1.0
呈现,0.0,3.0,0.0,1.0
趋势,0.0,3.0,0.0,1.0
｜,0.0,3.0,0.0,1.0
原有,0.0,3.0,0.0,1.0
整合,0.0,6.0,0.0,1.0
上下,0.0,3.0,0.0,1.0
渗透到,0.0,3.0,0.0,1.0
贡献,0.0,3.0,0.0,1.0
业务,0.0,3.0,0.0,1.0
退市,0.0,3.0,0.0,1.0
可谓,0.0,3.0,0.0,1.0
87.52,0.0,3.0,0.0,1.0
：,0.0,54.0,0.0,1.0
书包,0.0,6.0,0.0,1.0
昨日,0.0,3.0,0.0,1.0
将线,0.0,3.0,0.0,1.0
一体,0.0,3.0,0.0,1.0
528,0.0,3.0,0.0,1.0
国资委,0.0,3.0,0.0,1.0
细分,0.0,3.0,0.0,1.0
力度,0.0,3.0,0.0,1.0
朝着,0.0,3.0,0.0,1.0
水平,0.0,3.0,0.0,1.0
成绩,0.0,3.0,0.0,1.0
规范,0.0,3.0,0.0,1.0
今年以来,0.0,3.0,0.0,1.0
催,0.0,3.0,0.0,1.0
年,0.0,122.0,0.0,1.0
经理,0.0,12.0,0.0,1.0
QL,0.0,3.0,0.0,1.0
要,0.0,15.0,0.0,1.0
当初,0.0,3.0,0.0,1.0
不太好,0.0,3.0,0.0,1.0
产品,0.0,102.0,0.0,1.0
/,0.0,330.0,0.0,1.0
洁能,0.0,9.0,0.0,1.0
潜在,0.0,3.0,0.0,1.0
资源,0.0,6.0,0.0,1.0
肯定,0.0,6.0,0.0,1.0
高效能,0.0,3.0,0.0,1.0
免费,0.0,3.0,0.0,1.0
实惠,0.0,3.0,0.0,1.0
寻求,0.0,3.0,0.0,1.0
引流,0.0,3.0,0.0,1.0
有雷士,0.0,6.0,0.0,1.0
人才,0.0,3.0,0.0,1.0
怒,0.0,3.0,0.0,1.0
归属于,0.0,3.0,0.0,1.0
曝光,0.0,6.0,0.0,1.0
不可,0.0,3.0,0.0,1.0
扩张,0.0,3.0,0.0,1.0
技术创新,0.0,3.0,0.0,1.0
战略,0.0,6.0,0.0,1.0
表现,0.0,3.0,0.0,1.0
恰到好处,0.0,3.0,0.0,1.0
品牌,0.0,90.0,0.0,1.0
榜单,0.0,18.0,0.0,1.0
中国,0.0,63.0,0.0,1.0
团购,0.0,3.0,0.0,1.0
传统,0.0,12.0,0.0,1.0
T8,0.0,9.0,0.0,1.0
转型,0.0,24.0,0.0,1.0
公社,0.0,3.0,0.0,1.0
血液,0.0,3.0,0.0,1.0
结构,0.0,9.0,0.0,1.0
发改委,0.0,3.0,0.0,1.0
许光,0.0,33.0,0.0,1.0
阶段,0.0,3.0,0.0,1.0
一家,0.0,3.0,0.0,1.0
接送,0.0,3.0,0.0,1.0
产品类别,0.0,3.0,0.0,1.0
；,0.0,36.0,0.0,1.0
《,0.0,3.0,0.0,1.0
升温,0.0,3.0,0.0,1.0
组,0.0,8.0,0.0,1.0
并,0.0,27.0,0.0,1.0
灯光,0.0,3.0,0.0,1.0
扩展,0.0,3.0,0.0,1.0
揭榜,0.0,3.0,0.0,1.0
地址,0.0,3.0,0.0,1.0
总书记,0.0,9.0,0.0,1.0
自身,0.0,6.0,0.0,1.0
夏连军,0.0,6.0,0.0,1.0
著名,0.0,3.0,0.0,1.0
交流,0.0,6.0,0.0,1.0
由,0.0,6.0,0.0,1.0
上年,0.0,12.0,0.0,1.0
已,0.0,9.0,0.0,1.0
得,0.0,3.0,0.0,1.0
简称,0.0,6.0,0.0,1.0
商品质量,0.0,2.0,0.0,1.0
着,0.0,3.0,0.0,1.0
仁怀市,0.0,3.0,0.0,1.0
发生,0.0,3.0,0.0,1.0
用于,0.0,6.0,0.0,1.0
诸多,0.0,3.0,0.0,1.0
榜上有名,0.0,3.0,0.0,1.0
培养,0.0,3.0,0.0,1.0
带线,0.0,3.0,0.0,1.0
新能源,0.0,6.0,0.0,1.0
3,0.0,6.0,0.0,1.0
步伐,0.0,3.0,0.0,1.0
共同,0.0,3.0,0.0,1.0
集中化,0.0,3.0,0.0,1.0
IMAGE,0.0,57.0,0.0,1.0
近年来,0.0,12.0,0.0,1.0
调解,0.0,3.0,0.0,1.0
股票代码,0.0,3.0,0.0,1.0
队伍,0.0,6.0,0.0,1.0
挽回损失,0.0,3.0,0.0,1.0
肩上,0.0,6.0,0.0,1.0
选择,0.0,3.0,0.0,1.0
再,0.0,9.0,0.0,1.0
bCnD3gBl60953vRFFNNWVA1FlZTCdib92icFjTvs4kPMlyibi,0.0,3.0,0.0,1.0
高,0.0,6.0,0.0,1.0
卖,0.0,3.0,0.0,1.0
第一案,0.0,3.0,0.0,1.0
精细化,0.0,6.0,0.0,1.0
sfwPeiavqlGnR4l8LDMhwax863qaqszpl95rTbv6zN4LfwauqJ01mSRODo40Jp8rDGEFtPw,0.0,3.0,0.0,1.0
主板,0.0,3.0,0.0,1.0
凡事,0.0,3.0,0.0,1.0
以,0.0,30.0,0.0,1.0
公司总部,0.0,3.0,0.0,1.0
公众,0.0,3.0,0.0,1.0
总榜,0.0,3.0,0.0,1.0
高品质,0.0,12.0,0.0,1.0
竞争力,0.0,6.0,0.0,1.0
快人,0.0,3.0,0.0,1.0
火花,0.0,3.0,0.0,1.0
退出,0.0,3.0,0.0,1.0
清晰,0.0,3.0,0.0,1.0
花灯,0.0,3.0,0.0,1.0
面对,0.0,3.0,0.0,1.0
放在,0.0,3.0,0.0,1.0
百件,0.0,9.0,0.0,1.0
哈尔滨,0.0,3.0,0.0,1.0
排名,0.0,12.0,0.0,1.0
读书,0.0,9.0,0.0,1.0
系,0.0,3.0,0.0,1.0
创意设计,0.0,9.0,0.0,1.0
介绍,0.0,6.0,0.0,1.0
旨在,0.0,3.0,0.0,1.0
加剧,0.0,3.0,0.0,1.0
mmbiz,0.0,114.0,0.0,1.0
产品质量,0.0,3.0,0.0,1.0
适合,0.0,3.0,0.0,1.0
其,0.0,6.0,0.0,1.0
进行,0.0,21.0,0.0,1.0
当天,0.0,3.0,0.0,1.0
qpic,0.0,57.0,0.0,1.0
覆盖,0.0,3.0,0.0,1.0
l608b1svfUQhFPz84GgopgvZNE5bYLNNJMtMIuHE6ib8PYky1IBbsIJ5ghb5IjD3RwBibQccZo9uiapw2A,0.0,3.0,0.0,1.0
fmt,0.0,93.0,0.0,1.0
调整,0.0,3.0,0.0,1.0
帮助,0.0,3.0,0.0,1.0
电高管,0.0,3.0,0.0,1.0
具备,0.0,6.0,0.0,1.0
注意,0.0,3.0,0.0,1.0
华东,0.0,9.0,0.0,1.0
龙翔,0.0,3.0,0.0,1.0
cn,0.0,57.0,0.0,1.0
发布公告,0.0,3.0,0.0,1.0
五只,0.0,3.0,0.0,1.0
60,0.0,6.0,0.0,1.0
惊讶,0.0,6.0,0.0,1.0
带动,0.0,12.0,0.0,1.0
月,0.0,9.0,0.0,1.0
华东区,0.0,3.0,0.0,1.0
非常,0.0,3.0,0.0,1.0
优化,0.0,12.0,0.0,1.0
迄今为止,0.0,3.0,0.0,1.0
便,0.0,3.0,0.0,1.0
74oAV6PFic60ZpcmEC4gVib6iaGbdlyKPD7Nln94O7IxaBeicH09P,0.0,3.0,0.0,1.0
设备,0.0,18.0,0.0,1.0
百年,0.0,3.0,0.0,1.0
深度,0.0,3.0,0.0,1.0
青海,0.0,33.0,0.0,1.0
四季度,0.0,2.0,0.0,1.0
关于,0.0,9.0,0.0,1.0
欢迎,0.0,3.0,0.0,1.0
充分,0.0,9.0,0.0,1.0
模式,0.0,9.0,0.0,1.0
取得,0.0,15.0,0.0,1.0
星光,0.0,39.0,0.0,1.0
凭借,0.0,3.0,0.0,1.0
前来,0.0,3.0,0.0,1.0
公益,0.0,6.0,0.0,1.0
机器,0.0,3.0,0.0,1.0
捐赠,0.0,3.0,0.0,1.0
业届,0.0,3.0,0.0,1.0
先进,0.0,9.0,0.0,1.0
显眼,0.0,3.0,0.0,1.0
愈发,0.0,3.0,0.0,1.0
遭,0.0,3.0,0.0,1.0
绿色,0.0,3.0,0.0,1.0
创新,0.0,15.0,0.0,1.0
观看,0.0,3.0,0.0,1.0
全,0.0,3.0,0.0,1.0
340,0.0,3.0,0.0,1.0
信心,0.0,6.0,0.0,1.0
不仅,0.0,6.0,0.0,1.0
厉健,0.0,3.0,0.0,1.0
园,0.0,3.0,0.0,1.0
每个,0.0,3.0,0.0,1.0
一刻起,0.0,6.0,0.0,1.0
绽放,0.0,3.0,0.0,1.0
定制,0.0,3.0,0.0,1.0
周期,0.0,6.0,0.0,1.0
专利产品,0.0,3.0,0.0,1.0
包括,0.0,5.0,0.0,1.0
检测,0.0,6.0,0.0,1.0
商家,0.0,3.0,0.0,1.0
随着,0.0,12.0,0.0,1.0
b92icFjTvs4kPMlyibicPhBp6xry3HkYBRkpkic9KHm5D1KlzjyLFgc5K7l0Q,0.0,3.0,0.0,1.0
不同,0.0,9.0,0.0,1.0
吊灯,1.0,0.0,1.0,0.0
据,0.0,6.0,0.0,1.0
积极参与,0.0,3.0,0.0,1.0
bCnD3gBl60icNZsaeOpffcDibNcCO8bP5jgrK,0.0,3.0,0.0,1.0
15185311888,0.0,3.0,0.0,1.0
bCnD3gBl60icWfWfib4f5eCbrSJHjxL0ybDJbu,0.0,3.0,0.0,1.0
显著,0.0,9.0,0.0,1.0
位次,0.0,3.0,0.0,1.0
这是,0.0,3.0,0.0,1.0
指导,0.0,12.0,0.0,1.0
资源整合,0.0,3.0,0.0,1.0
eiavqlGnR4l8Lhw0sia12ZiaRt2IKX6uYwVNPRib9epia0ichuPZ3q8Uwzano5u3wiadzhpvQ,0.0,3.0,0.0,1.0
需要,0.0,3.0,0.0,1.0
宏伟目标,0.0,3.0,0.0,1.0
性价比,0.0,3.0,0.0,1.0
一点,0.0,21.0,0.0,1.0
这份,0.0,3.0,0.0,1.0
锁定,0.0,3.0,0.0,1.0
户外,0.0,3.0,0.0,1.0
网络,0.0,3.0,0.0,1.0
采购,0.0,3.0,0.0,1.0
股,0.0,3.0,0.0,1.0
自动化,0.0,27.0,0.0,1.0
已有,0.0,3.0,0.0,1.0
于,0.0,6.0,0.0,1.0
盛德,0.0,3.0,0.0,1.0
备受,0.0,6.0,0.0,1.0
流通领域,0.0,2.0,0.0,1.0
是,0.0,27.0,0.0,1.0
上海,0.0,3.0,0.0,1.0
内外,0.0,9.0,0.0,1.0
成长,0.0,6.0,0.0,1.0
生活,0.0,3.0,0.0,1.0
6,0.0,9.0,0.0,1.0
加快,0.0,12.0,0.0,1.0
股东大会,0.0,3.0,0.0,1.0
成员,0.0,3.0,0.0,1.0
保护,0.0,3.0,0.0,1.0
出具,0.0,3.0,0.0,1.0
三雄,0.0,8.0,0.0,1.0
股份制,0.0,3.0,0.0,1.0
优势,0.0,6.0,0.0,1.0
广晟,0.0,39.0,0.0,1.0
加速,0.0,6.0,0.0,1.0
预占,0.0,3.0,0.0,1.0
学习,0.0,3.0,0.0,1.0
灯饰,0.0,3.0,0.0,1.0
1993,0.0,3.0,0.0,1.0
http,0.0,57.0,0.0,1.0
重要批示,0.0,3.0,0.0,1.0
现场,0.0,9.0,0.0,1.0
优秀,0.0,3.0,0.0,1.0
实施,0.0,3.0,0.0,1.0
优惠活动,0.0,3.0,0.0,1.0
证券,0.0,9.0,0.0,1.0
工具,0.0,3.0,0.0,1.0
精装,0.0,3.0,0.0,1.0
1000,0.0,9.0,0.0,1.0
巡览,0.0,6.0,0.0,1.0
展厅,0.0,15.0,0.0,1.0
林森,0.0,3.0,0.0,1.0
门店,0.0,9.0,0.0,1.0
先机,0.0,3.0,0.0,1.0
亿,0.0,3.0,0.0,1.0
中式,0.0,3.0,0.0,1.0
保持一致,0.0,3.0,0.0,1.0
设计,0.0,18.0,0.0,1.0
资讯,0.0,3.0,0.0,1.0
百亿,0.0,3.0,0.0,1.0
灯具,0.0,8.0,0.0,1.0
四射,0.0,3.0,0.0,1.0
保持高速,0.0,3.0,0.0,1.0
照明,5.0,626.0,0.00792393026941363,0.9920760697305864
Yx9EUdKLicXBjcPcuCwxxOZI31oqbJYJWdl7D38FKfHxLGOYYRHqTHjH9Cj2DxyiboiapumvRHzA,0.0,3.0,0.0,1.0
7,0.0,3.0,0.0,1.0
照企,0.0,6.0,0.0,1.0
庆贺,0.0,3.0,0.0,1.0
锂,0.0,33.0,0.0,1.0
0.0942,0.0,3.0,0.0,1.0
正对面,0.0,3.0,0.0,1.0
提高,0.0,15.0,0.0,1.0
硬件,0.0,6.0,0.0,1.0
向智造,0.0,6.0,0.0,1.0
高端,0.0,6.0,0.0,1.0
RMibE6b18W3s2fcN5GSsQFxTVhuGaiczxia2GBQxhRVziapiaxQVBibrwkZwNyVhAZH6zyic1kGKYYZeg,0.0,3.0,0.0,1.0
前移,0.0,3.0,0.0,1.0
汾江,0.0,6.0,0.0,1.0
专注,0.0,6.0,0.0,1.0
混合,0.0,6.0,0.0,1.0
厉害,0.0,3.0,0.0,1.0
下,0.0,6.0,0.0,1.0
上市公司,0.0,9.0,0.0,1.0
运营,0.0,6.0,0.0,1.0
小编,0.0,3.0,0.0,1.0
转变,0.0,3.0,0.0,1.0
法院,0.0,3.0,0.0,1.0
收入,0.0,21.0,0.0,1.0
提供,0.0,15.0,0.0,1.0
能源,0.0,30.0,0.0,1.0
％,0.0,3.0,0.0,1.0
情况,0.0,12.0,0.0,1.0
38,0.0,9.0,0.0,1.0
一直,0.0,21.0,0.0,1.0
代理,0.0,3.0,0.0,1.0
、,0.0,296.0,0.0,1.0
生产工艺,0.0,6.0,0.0,1.0
CNAS,0.0,3.0,0.0,1.0
迎来,0.0,3.0,0.0,1.0
67,0.0,3.0,0.0,1.0
365,0.0,3.0,0.0,1.0
佑,0.0,3.0,0.0,1.0
能力,0.0,12.0,0.0,1.0
封喉,0.0,3.0,0.0,1.0
考察,0.0,12.0,0.0,1.0
浙江,0.0,3.0,0.0,1.0
实际行动,0.0,6.0,0.0,1.0
出新,0.0,3.0,0.0,1.0
社会各界,0.0,3.0,0.0,1.0
公牛,0.0,8.0,0.0,1.0
成品,0.0,3.0,0.0,1.0
发飙,0.0,3.0,0.0,1.0
亿元,0.0,54.0,0.0,1.0
挂牌,0.0,3.0,0.0,1.0
各地,0.0,6.0,0.0,1.0
电所,0.0,3.0,0.0,1.0
RFFNNWVA1FlZTCdib922p2fc6QJfYUdyyQ5jlsYhHWAEQ14OJHOsuD155DxSpRfqvBibYTb0JQ,0.0,3.0,0.0,1.0
分享,0.0,3.0,0.0,1.0
店,0.0,12.0,0.0,1.0
遵循,0.0,3.0,0.0,1.0
师生,0.0,3.0,0.0,1.0
老牌,0.0,3.0,0.0,1.0
汽车,0.0,9.0,0.0,1.0
中标,0.0,3.0,0.0,1.0
无忧,0.0,6.0,0.0,1.0
建店,0.0,12.0,0.0,1.0
曝,0.0,3.0,0.0,1.0
责任,0.0,12.0,0.0,1.0
美好生活,0.0,3.0,0.0,1.0
制定,0.0,3.0,0.0,1.0
美式,0.0,3.0,0.0,1.0
力争,0.0,3.0,0.0,1.0
第,0.0,6.0,0.0,1.0
质,0.0,3.0,0.0,1.0
分析,0.0,3.0,0.0,1.0
提出,0.0,9.0,0.0,1.0
完善,0.0,18.0,0.0,1.0
指示精神,0.0,3.0,0.0,1.0
更大,0.0,3.0,0.0,1.0
智,0.0,12.0,0.0,1.0
加大,0.0,9.0,0.0,1.0
一角,0.0,3.0,0.0,1.0
董事长,0.0,48.0,0.0,1.0
麦宫,0.0,3.0,0.0,1.0
器材,0.0,3.0,0.0,1.0
进军,0.0,3.0,0.0,1.0
有人,0.0,9.0,0.0,1.0
33.66,0.0,9.0,0.0,1.0
前,0.0,3.0,0.0,1.0
古镇,0.0,3.0,0.0,1.0
理念,0.0,3.0,0.0,1.0
工作,0.0,12.0,0.0,1.0
一剑,0.0,3.0,0.0,1.0
.,0.0,114.0,0.0,1.0
体育场,0.0,3.0,0.0,1.0
切实,0.0,3.0,0.0,1.0
新,0.0,15.0,0.0,1.0
增长速度,0.0,6.0,0.0,1.0
抢占市场,0.0,3.0,0.0,1.0
wx,0.0,93.0,0.0,1.0
合资,0.0,9.0,0.0,1.0
zC6Wr45azCDrQQwn0RrARjemHKI9A,0.0,3.0,0.0,1.0
09WF37ib2pFQSnic2hGvtSGKTPmCFVsK1hoao9ibR6kKFo8u6CGBCLKuFjNg8jeuOlelG0F859rYK5zA,0.0,3.0,0.0,1.0
会议,0.0,9.0,0.0,1.0
对下,0.0,3.0,0.0,1.0
不要,0.0,3.0,0.0,1.0
微信,0.0,3.0,0.0,1.0
资产,0.0,3.0,0.0,1.0
忽视,0.0,3.0,0.0,1.0
光辉,0.0,3.0,0.0,1.0
这些,0.0,6.0,0.0,1.0
马秀慧,0.0,3.0,0.0,1.0
清单,0.0,3.0,0.0,1.0
政策,0.0,3.0,0.0,1.0
星级,0.0,3.0,0.0,1.0
关爱,0.0,3.0,0.0,1.0
110,0.0,3.0,0.0,1.0
同期,0.0,12.0,0.0,1.0
车间,0.0,6.0,0.0,1.0
答案,0.0,3.0,0.0,1.0
还,0.0,9.0,0.0,1.0
显示,0.0,3.0,0.0,1.0
来到,0.0,6.0,0.0,1.0
实现,0.0,30.0,0.0,1.0
自行,0.0,3.0,0.0,1.0
首先,0.0,6.0,0.0,1.0
10.72,0.0,6.0,0.0,1.0
繁昌,4.0,0.0,1.0,0.0
吸顶灯,0.0,3.0,0.0,1.0
计划,0.0,6.0,0.0,1.0
合作者,0.0,3.0,0.0,1.0
年时,0.0,3.0,0.0,1.0
管理体系,0.0,6.0,0.0,1.0
2016,0.0,38.0,0.0,1.0
欧普,0.0,15.0,0.0,1.0
文具,0.0,3.0,0.0,1.0
升级,0.0,30.0,0.0,1.0
总部,0.0,3.0,0.0,1.0
助力,0.0,6.0,0.0,1.0
认真学习,0.0,6.0,0.0,1.0
内核,0.0,3.0,0.0,1.0
这种,0.0,3.0,0.0,1.0
bCnD3gBl6081aKoc7dibBt5EvEVIQav5aBy,0.0,3.0,0.0,1.0
十多年,0.0,3.0,0.0,1.0
电动车,0.0,6.0,0.0,1.0
规模,0.0,6.0,0.0,1.0
多一点,0.0,9.0,0.0,1.0
新增,0.0,3.0,0.0,1.0
规划,0.0,6.0,0.0,1.0
2015,0.0,6.0,0.0,1.0
上门服务,0.0,3.0,0.0,1.0
盛大,0.0,3.0,0.0,1.0
爱心,0.0,9.0,0.0,1.0
天猫,0.0,3.0,0.0,1.0
技术,0.0,6.0,0.0,1.0
木,0.0,3.0,0.0,1.0
2007,0.0,3.0,0.0,1.0
结合,0.0,6.0,0.0,1.0
做优,0.0,9.0,0.0,1.0
通过,0.0,6.0,0.0,1.0
下沉,0.0,3.0,0.0,1.0
长时间,0.0,3.0,0.0,1.0
会计,0.0,3.0,0.0,1.0
能源开发,0.0,3.0,0.0,1.0
方面,0.0,18.0,0.0,1.0
将会,0.0,3.0,0.0,1.0
23.144,0.0,3.0,0.0,1.0
驱动,0.0,9.0,0.0,1.0
目标,0.0,3.0,0.0,1.0
接回,0.0,3.0,0.0,1.0
成果,0.0,9.0,0.0,1.0
均,0.0,9.0,0.0,1.0
上升,0.0,3.0,0.0,1.0
最具,0.0,24.0,0.0,1.0
经营,0.0,15.0,0.0,1.0
裕丰,0.0,3.0,0.0,1.0
双增长,0.0,9.0,0.0,1.0
cAuVEGBumicibn2v7xsfwPeiavqlGnR4l8La7DLQgYXTNk7,0.0,3.0,0.0,1.0
·,0.0,12.0,0.0,1.0
志愿者,0.0,3.0,0.0,1.0
手里,0.0,3.0,0.0,1.0
五楼,0.0,3.0,0.0,1.0
以线,0.0,3.0,0.0,1.0
品类,0.0,9.0,0.0,1.0
地,0.0,15.0,0.0,1.0
作品展,0.0,3.0,0.0,1.0
相比,0.0,3.0,0.0,1.0
日子,0.0,3.0,0.0,1.0
城北,0.0,3.0,0.0,1.0
聪聪,0.0,3.0,0.0,1.0
行业,0.0,48.0,0.0,1.0
一行,0.0,30.0,0.0,1.0
带给,0.0,3.0,0.0,1.0
单,0.0,3.0,0.0,1.0
民事,0.0,6.0,0.0,1.0
起,0.0,6.0,0.0,1.0
20,0.0,3.0,0.0,1.0
热门,0.0,3.0,0.0,1.0
日前,0.0,2.0,0.0,1.0
比,0.0,3.0,0.0,1.0
大会,0.0,3.0,0.0,1.0
足够,0.0,3.0,0.0,1.0
达到,0.0,6.0,0.0,1.0
签署,0.0,3.0,0.0,1.0
照明灯,0.0,6.0,0.0,1.0
一是,0.0,6.0,0.0,1.0
二是,0.0,3.0,0.0,1.0
　,0.0,408.0,0.0,1.0
提前,0.0,3.0,0.0,1.0
品牌价值,0.0,24.0,0.0,1.0
汇报,0.0,9.0,0.0,1.0
!,0.0,3.0,0.0,1.0
名,0.0,3.0,0.0,1.0
减持,0.0,3.0,0.0,1.0
碰撞,0.0,3.0,0.0,1.0
个,0.0,6.0,0.0,1.0
参观,0.0,12.0,0.0,1.0
县,0.0,6.0,0.0,1.0
试点,0.0,3.0,0.0,1.0
负责人,0.0,6.0,0.0,1.0
一步到位,0.0,3.0,0.0,1.0
参与,0.0,9.0,0.0,1.0
合法权益,0.0,3.0,0.0,1.0
香港,0.0,3.0,0.0,1.0
号,0.0,3.0,0.0,1.0
湖南省,0.0,2.0,0.0,1.0
份额,0.0,3.0,0.0,1.0
不断,0.0,12.0,0.0,1.0
背后,0.0,3.0,0.0,1.0
到来,0.0,3.0,0.0,1.0
成交,0.0,3.0,0.0,1.0
法学,0.0,3.0,0.0,1.0
可,0.0,3.0,0.0,1.0
18981.76,0.0,3.0,0.0,1.0
基于,0.0,6.0,0.0,1.0
位列,0.0,3.0,0.0,1.0
回,0.0,3.0,0.0,1.0
大区,0.0,12.0,0.0,1.0
4,0.0,6.0,0.0,1.0
bCnD3gBl60icNZsaeOpffcDibNcCO8bP5jgrKKqObz6AqW6,0.0,3.0,0.0,1.0
pgvZNibdHaAtS2qr2HEsZ3J7SiaHxfETGvYNb6wwANkII2iaFwb3E1reocSYZg,0.0,3.0,0.0,1.0
9.04,0.0,3.0,0.0,1.0
控制,0.0,3.0,0.0,1.0
后续,0.0,3.0,0.0,1.0
覆盖率,0.0,6.0,0.0,1.0
学校,0.0,6.0,0.0,1.0
据悉,0.0,3.0,0.0,1.0
基础,0.0,6.0,0.0,1.0
行为,0.0,3.0,0.0,1.0
总经理,0.0,27.0,0.0,1.0
天,0.0,3.0,0.0,1.0
bCnD3gBl6081aKoc7dibBt5EvEVIQav5arnLNPv79oaG59nBYssRlpTaLMicWibfjOzcVBYNrBRdNiaaPLRXrMwLvQ,0.0,3.0,0.0,1.0
满足,0.0,6.0,0.0,1.0
_,0.0,147.0,0.0,1.0
实力,0.0,18.0,0.0,1.0
流量,0.0,3.0,0.0,1.0
南路,0.0,3.0,0.0,1.0
以外,0.0,6.0,0.0,1.0
总裁,0.0,3.0,0.0,1.0
高级,0.0,3.0,0.0,1.0
一些,0.0,3.0,0.0,1.0
大力,0.0,9.0,0.0,1.0
销售,0.0,18.0,0.0,1.0
转让,0.0,24.0,0.0,1.0
积极,0.0,12.0,0.0,1.0
百强,0.0,15.0,0.0,1.0
把握,0.0,3.0,0.0,1.0
面板,0.0,3.0,0.0,1.0
pFQSnic2hGvtSGKTQIYxYF06l9Hbc8dPYIb9ABm0At0HHNSOBRgIgws9D0rN4qtSUR6rZw,0.0,3.0,0.0,1.0
强化,0.0,3.0,0.0,1.0
点,0.0,3.0,0.0,1.0
在国,0.0,3.0,0.0,1.0
高速公路,0.0,3.0,0.0,1.0
家灯,0.0,3.0,0.0,1.0
强度,0.0,3.0,0.0,1.0
发布,0.0,6.0,0.0,1.0
国家财政部,0.0,3.0,0.0,1.0
南京,0.0,3.0,0.0,1.0
科技,0.0,21.0,0.0,1.0
资本运作,0.0,3.0,0.0,1.0
散落,0.0,3.0,0.0,1.0
曝出,0.0,3.0,0.0,1.0
涂粉,0.0,3.0,0.0,1.0
多,0.0,18.0,0.0,1.0
赔偿,0.0,6.0,0.0,1.0
过,0.0,3.0,0.0,1.0
践行,0.0,3.0,0.0,1.0
净利润,0.0,21.0,0.0,1.0
门,0.0,3.0,0.0,1.0
大,0.0,9.0,0.0,1.0
新闻媒体,0.0,3.0,0.0,1.0
更重,0.0,6.0,0.0,1.0
创新型,0.0,6.0,0.0,1.0
出口,0.0,3.0,0.0,1.0
单体,0.0,3.0,0.0,1.0
平台,0.0,3.0,0.0,1.0
爆出,0.0,3.0,0.0,1.0
软件,0.0,6.0,0.0,1.0
代表,0.0,3.0,0.0,1.0
%,0.0,48.0,0.0,1.0
钢构,0.0,3.0,0.0,1.0
回馈,0.0,6.0,0.0,1.0
合格,0.0,16.0,0.0,1.0
更加,0.0,3.0,0.0,1.0
将,0.0,63.0,0.0,1.0
28,0.0,3.0,0.0,1.0
国际,0.0,6.0,0.0,1.0
后期,0.0,3.0,0.0,1.0
国家认可委员会,0.0,3.0,0.0,1.0
市场需求,0.0,6.0,0.0,1.0
大程度,0.0,3.0,0.0,1.0
科达,0.0,9.0,0.0,1.0
开拓,0.0,3.0,0.0,1.0
展,0.0,3.0,0.0,1.0
七十余家,0.0,3.0,0.0,1.0
成本,0.0,3.0,0.0,1.0
普通,0.0,3.0,0.0,1.0
理由,0.0,3.0,0.0,1.0
但,0.0,3.0,0.0,1.0
照亮,0.0,6.0,0.0,1.0
拿,0.0,3.0,0.0,1.0
以来,0.0,3.0,0.0,1.0
年度,0.0,6.0,0.0,1.0
更,0.0,24.0,0.0,1.0
情怀,0.0,3.0,0.0,1.0
1,0.0,3.0,0.0,1.0
表示,0.0,15.0,0.0,1.0
努力实现,0.0,3.0,0.0,1.0
宿迁,0.0,3.0,0.0,1.0
十大,0.0,3.0,0.0,1.0
王森,0.0,3.0,0.0,1.0
打,0.0,3.0,0.0,1.0
沉淀,0.0,9.0,0.0,1.0
以及,0.0,3.0,0.0,1.0
活力,0.0,3.0,0.0,1.0
财务数据,0.0,3.0,0.0,1.0
做大,0.0,6.0,0.0,1.0
电,0.0,33.0,0.0,1.0
gif,0.0,42.0,0.0,1.0
中均,0.0,3.0,0.0,1.0
侧重,0.0,3.0,0.0,1.0
具,0.0,6.0,0.0,1.0
材料,0.0,3.0,0.0,1.0
严格,0.0,3.0,0.0,1.0
巨头,0.0,3.0,0.0,1.0
如下,0.0,3.0,0.0,1.0
电话,0.0,3.0,0.0,1.0
按照,0.0,6.0,0.0,1.0
让,0.0,30.0,0.0,1.0
文化,0.0,3.0,0.0,1.0
深装,0.0,3.0,0.0,1.0
任务,0.0,3.0,0.0,1.0
名列,0.0,3.0,0.0,1.0
公司,0.0,75.0,0.0,1.0
10.94,0.0,3.0,0.0,1.0
最大,0.0,3.0,0.0,1.0
对话框,0.0,3.0,0.0,1.0
ianq03UUWGmKxAtcNInsfp2a7iaDBY561Ig3icYiavaBbFpjicZ,0.0,3.0,0.0,1.0
制度,0.0,3.0,0.0,1.0
＊,0.0,45.0,0.0,1.0
被,0.0,9.0,0.0,1.0
后,0.0,6.0,0.0,1.0
除此以外,0.0,3.0,0.0,1.0
生产,0.0,39.0,0.0,1.0
关注,0.0,3.0,0.0,1.0
召开,0.0,9.0,0.0,1.0
担当,0.0,3.0,0.0,1.0
改造,0.0,21.0,0.0,1.0
共享,0.0,15.0,0.0,1.0
余万元,0.0,3.0,0.0,1.0
树立,0.0,3.0,0.0,1.0
展览,0.0,3.0,0.0,1.0
借助,0.0,3.0,0.0,1.0
~,6.0,0.0,1.0,0.0
深交所,0.0,3.0,0.0,1.0
赞赏,0.0,3.0,0.0,1.0
6.79,0.0,3.0,0.0,1.0
囊括,0.0,3.0,0.0,1.0
系列,1.0,12.0,0.07692307692307693,0.9230769230769231
佛山,5.0,506.0,0.009784735812133072,0.9902152641878669
节能产品,0.0,6.0,0.0,1.0
左右,0.0,6.0,0.0,1.0
深圳,0.0,15.0,0.0,1.0
展现,0.0,6.0,0.0,1.0
加盟店,0.0,3.0,0.0,1.0
佛山市,0.0,6.0,0.0,1.0
与会,0.0,3.0,0.0,1.0
参展,0.0,12.0,0.0,1.0
节能灯,0.0,8.0,0.0,1.0
研发,0.0,18.0,0.0,1.0
除了,0.0,3.0,0.0,1.0
探索,0.0,6.0,0.0,1.0
纯,0.0,3.0,0.0,1.0
韩国,0.0,3.0,0.0,1.0
