日,0.0,18.0,0.0,1.0
西非,0.0,6.0,0.0,1.0
董秘,0.0,9.0,0.0,1.0
7050,0.0,6.0,0.0,1.0
邵崇,0.0,9.0,0.0,1.0
业务,0.0,9.0,0.0,1.0
正式,0.0,3.0,0.0,1.0
走向,0.0,12.0,0.0,1.0
广东省,0.0,3.0,0.0,1.0
固废,0.0,6.0,0.0,1.0
重心,0.0,3.0,0.0,1.0
建设项目,0.0,6.0,0.0,1.0
至,0.0,6.0,0.0,1.0
显然,0.0,3.0,0.0,1.0
随,0.0,6.0,0.0,1.0
：,0.0,12.0,0.0,1.0
1.54,0.0,3.0,0.0,1.0
第二阶段,0.0,3.0,0.0,1.0
无疑,0.0,3.0,0.0,1.0
有机,0.0,3.0,0.0,1.0
强强联合,0.0,6.0,0.0,1.0
90,0.0,3.0,0.0,1.0
邀请,0.0,3.0,0.0,1.0
较,0.0,3.0,0.0,1.0
拓荒,0.0,3.0,0.0,1.0
要,0.0,3.0,0.0,1.0
大使馆,0.0,3.0,0.0,1.0
组成部分,0.0,3.0,0.0,1.0
吨,0.0,12.0,0.0,1.0
/,0.0,15.0,0.0,1.0
利用,0.0,3.0,0.0,1.0
领导,0.0,3.0,0.0,1.0
兵马未动,0.0,3.0,0.0,1.0
元,0.0,27.0,0.0,1.0
偿还,0.0,6.0,0.0,1.0
产业,0.0,15.0,0.0,1.0
粤港澳,0.0,12.0,0.0,1.0
一方面,0.0,3.0,0.0,1.0
另一方面,0.0,3.0,0.0,1.0
充分发扬,0.0,3.0,0.0,1.0
龙岗,0.0,6.0,0.0,1.0
到,0.0,18.0,0.0,1.0
255,0.0,3.0,0.0,1.0
当先,0.0,3.0,0.0,1.0
竞争力,0.0,3.0,0.0,1.0
全世界,0.0,6.0,0.0,1.0
借势,0.0,3.0,0.0,1.0
深圳市,0.0,3.0,0.0,1.0
努力,0.0,3.0,0.0,1.0
战略,0.0,15.0,0.0,1.0
拥有,0.0,6.0,0.0,1.0
0.74,0.0,3.0,0.0,1.0
09000027,0.0,3.0,0.0,1.0
2020,0.0,3.0,0.0,1.0
获得,0.0,6.0,0.0,1.0
品牌,0.0,3.0,0.0,1.0
显示,0.0,6.0,0.0,1.0
认可,0.0,6.0,0.0,1.0
216,0.0,3.0,0.0,1.0
商务,0.0,3.0,0.0,1.0
转型,0.0,3.0,0.0,1.0
继续,0.0,6.0,0.0,1.0
一带,0.0,21.0,0.0,1.0
纳入,0.0,3.0,0.0,1.0
意愿,0.0,3.0,0.0,1.0
垃圾焚烧,0.0,9.0,0.0,1.0
兼,0.0,3.0,0.0,1.0
09,0.0,6.0,0.0,1.0
榜样,0.0,3.0,0.0,1.0
大幅,0.0,3.0,0.0,1.0
电力,0.0,21.0,0.0,1.0
由,0.0,6.0,0.0,1.0
朝阳区,0.0,3.0,0.0,1.0
已,0.0,18.0,0.0,1.0
南太,0.0,3.0,0.0,1.0
简称,0.0,3.0,0.0,1.0
有望,0.0,3.0,0.0,1.0
着,0.0,3.0,0.0,1.0
登上,0.0,6.0,0.0,1.0
以来,0.0,3.0,0.0,1.0
对,0.0,15.0,0.0,1.0
适度,0.0,3.0,0.0,1.0
多个,0.0,3.0,0.0,1.0
或许,0.0,3.0,0.0,1.0
细分,0.0,3.0,0.0,1.0
中,0.0,12.0,0.0,1.0
履职,0.0,3.0,0.0,1.0
财务总监,0.0,3.0,0.0,1.0
新能源,0.0,3.0,0.0,1.0
3,0.0,6.0,0.0,1.0
办公楼,0.0,6.0,0.0,1.0
10,0.0,3.0,0.0,1.0
余额,0.0,12.0,0.0,1.0
转移,0.0,3.0,0.0,1.0
高效,0.0,3.0,0.0,1.0
沿线,0.0,9.0,0.0,1.0
政要,0.0,3.0,0.0,1.0
不错,0.0,3.0,0.0,1.0
大湾,0.0,66.0,0.0,1.0
峰会,0.0,3.0,0.0,1.0
基础,0.0,27.0,0.0,1.0
据,0.0,18.0,0.0,1.0
十三,0.0,9.0,0.0,1.0
获,0.0,3.0,0.0,1.0
经济,0.0,18.0,0.0,1.0
持续,0.0,6.0,0.0,1.0
垃圾,0.0,24.0,0.0,1.0
加纳,0.0,42.0,0.0,1.0
Ⅱ,0.0,6.0,0.0,1.0
1,0.0,6.0,0.0,1.0
项目,0.0,75.0,0.0,1.0
比例,0.0,3.0,0.0,1.0
举行,0.0,3.0,0.0,1.0
513,0.0,6.0,0.0,1.0
启动,0.0,12.0,0.0,1.0
亿美元,0.0,3.0,0.0,1.0
选择,0.0,9.0,0.0,1.0
步伐,0.0,3.0,0.0,1.0
瓢泼大雨,0.0,6.0,0.0,1.0
800,0.0,3.0,0.0,1.0
又,0.0,12.0,0.0,1.0
轫,0.0,6.0,0.0,1.0
最终,0.0,3.0,0.0,1.0
发电,0.0,15.0,0.0,1.0
年末,0.0,3.0,0.0,1.0
介绍,0.0,12.0,0.0,1.0
未来,0.0,21.0,0.0,1.0
合计,0.0,3.0,0.0,1.0
辐射,0.0,3.0,0.0,1.0
一定,0.0,3.0,0.0,1.0
总,0.0,6.0,0.0,1.0
其,0.0,6.0,0.0,1.0
9,0.0,3.0,0.0,1.0
措施,0.0,3.0,0.0,1.0
<,0.0,3.0,0.0,1.0
敢为人先,0.0,3.0,0.0,1.0
快速,0.0,3.0,0.0,1.0
年,0.0,27.0,0.0,1.0
具有,0.0,6.0,0.0,1.0
期间,0.0,3.0,0.0,1.0
png,0.0,3.0,0.0,1.0
60,0.0,6.0,0.0,1.0
达到,0.0,3.0,0.0,1.0
另据,0.0,3.0,0.0,1.0
推进,0.0,6.0,0.0,1.0
技术顾问,0.0,3.0,0.0,1.0
国内,0.0,6.0,0.0,1.0
国家,0.0,12.0,0.0,1.0
坐定,0.0,6.0,0.0,1.0
上,0.0,15.0,0.0,1.0
提到,0.0,3.0,0.0,1.0
上调,0.0,3.0,0.0,1.0
8.77,0.0,3.0,0.0,1.0
模式,0.0,9.0,0.0,1.0
前瞻性,0.0,6.0,0.0,1.0
发展,0.0,39.0,0.0,1.0
巴新,0.0,18.0,0.0,1.0
成立,0.0,9.0,0.0,1.0
从,0.0,15.0,0.0,1.0
50,0.0,3.0,0.0,1.0
　,0.0,96.0,0.0,1.0
?,0.0,3.0,0.0,1.0
为,0.0,27.0,0.0,1.0
com,0.0,3.0,0.0,1.0
板块,0.0,12.0,0.0,1.0
工作,0.0,3.0,0.0,1.0
1300,0.0,3.0,0.0,1.0
!,0.0,3.0,0.0,1.0
创新,0.0,6.0,0.0,1.0
对于,0.0,6.0,0.0,1.0
亿港元,0.0,3.0,0.0,1.0
早,0.0,3.0,0.0,1.0
版图,0.0,3.0,0.0,1.0
途径,0.0,3.0,0.0,1.0
最,0.0,3.0,0.0,1.0
业界,0.0,6.0,0.0,1.0
IMAGE,0.0,3.0,0.0,1.0
都,0.0,3.0,0.0,1.0
作为,0.0,9.0,0.0,1.0
（,0.0,15.0,0.0,1.0
将,0.0,30.0,0.0,1.0
抢抓,0.0,3.0,0.0,1.0
如何,0.0,6.0,0.0,1.0
A股,0.0,3.0,0.0,1.0
更,0.0,3.0,0.0,1.0
沉淀,0.0,3.0,0.0,1.0
特区,0.0,9.0,0.0,1.0
工程,0.0,3.0,0.0,1.0
中非,0.0,27.0,0.0,1.0
涉足,0.0,6.0,0.0,1.0
进行,0.0,3.0,0.0,1.0
固体废物,0.0,6.0,0.0,1.0
联合体,0.0,3.0,0.0,1.0
交易,0.0,3.0,0.0,1.0
政府,0.0,3.0,0.0,1.0
机遇,0.0,3.0,0.0,1.0
参赞,0.0,3.0,0.0,1.0
价格,0.0,3.0,0.0,1.0
所作,0.0,3.0,0.0,1.0
深耕,0.0,9.0,0.0,1.0
水电站,0.0,6.0,0.0,1.0
发电站,0.0,6.0,0.0,1.0
于,0.0,15.0,0.0,1.0
地缘,0.0,3.0,0.0,1.0
关系,0.0,9.0,0.0,1.0
三大,0.0,15.0,0.0,1.0
置,0.0,3.0,0.0,1.0
上海,0.0,6.0,0.0,1.0
1991,0.0,6.0,0.0,1.0
生活,0.0,3.0,0.0,1.0
上网,0.0,3.0,0.0,1.0
加快,0.0,9.0,0.0,1.0
促成,0.0,3.0,0.0,1.0
几年,0.0,3.0,0.0,1.0
45,0.0,3.0,0.0,1.0
优势,0.0,15.0,0.0,1.0
更具,0.0,3.0,0.0,1.0
加速,0.0,12.0,0.0,1.0
手中,0.0,3.0,0.0,1.0
话语权,0.0,3.0,0.0,1.0
值得,0.0,3.0,0.0,1.0
664,0.0,3.0,0.0,1.0
口粮,0.0,15.0,0.0,1.0
土地,0.0,9.0,0.0,1.0
优秀,0.0,3.0,0.0,1.0
35,0.0,3.0,0.0,1.0
实施,0.0,6.0,0.0,1.0
此次,0.0,6.0,0.0,1.0
二期,0.0,6.0,0.0,1.0
增长,0.0,21.0,0.0,1.0
立足,0.0,12.0,0.0,1.0
举措,0.0,3.0,0.0,1.0
依托,0.0,3.0,0.0,1.0
融资,0.0,33.0,0.0,1.0
预计,0.0,3.0,0.0,1.0
及时,0.0,3.0,0.0,1.0
优质,0.0,9.0,0.0,1.0
这批,0.0,3.0,0.0,1.0
国泰君安,0.0,6.0,0.0,1.0
中国,0.0,9.0,0.0,1.0
日期,0.0,3.0,0.0,1.0
北京市,0.0,3.0,0.0,1.0
合作伙伴,0.0,3.0,0.0,1.0
副总裁,0.0,6.0,0.0,1.0
壮大,0.0,6.0,0.0,1.0
),0.0,30.0,0.0,1.0
:,0.0,3.0,0.0,1.0
429,0.0,3.0,0.0,1.0
重点,0.0,12.0,0.0,1.0
金融,0.0,6.0,0.0,1.0
大洋洲,0.0,3.0,0.0,1.0
乌云,0.0,6.0,0.0,1.0
等,0.0,12.0,0.0,1.0
市值,0.0,6.0,0.0,1.0
思考,0.0,6.0,0.0,1.0
成功,0.0,18.0,0.0,1.0
代码,0.0,3.0,0.0,1.0
者,0.0,3.0,0.0,1.0
拉开序幕,0.0,3.0,0.0,1.0
以及,0.0,3.0,0.0,1.0
刚,0.0,6.0,0.0,1.0
重点项目,0.0,3.0,0.0,1.0
落实,0.0,6.0,0.0,1.0
水电,0.0,12.0,0.0,1.0
曹宏,0.0,6.0,0.0,1.0
482,0.0,3.0,0.0,1.0
早已,0.0,6.0,0.0,1.0
提名,0.0,3.0,0.0,1.0
下,0.0,6.0,0.0,1.0
目前,0.0,18.0,0.0,1.0
投标,0.0,6.0,0.0,1.0
运营,0.0,6.0,0.0,1.0
72.5,0.0,3.0,0.0,1.0
落地,0.0,3.0,0.0,1.0
提供,0.0,6.0,0.0,1.0
2.93,0.0,3.0,0.0,1.0
2017,0.0,12.0,0.0,1.0
29,0.0,3.0,0.0,1.0
友谊,0.0,3.0,0.0,1.0
董事,0.0,6.0,0.0,1.0
、,0.0,45.0,0.0,1.0
曹宏对,0.0,3.0,0.0,1.0
一路,0.0,21.0,0.0,1.0
非洲,0.0,9.0,0.0,1.0
以上,0.0,6.0,0.0,1.0
湾区,0.0,9.0,0.0,1.0
风电,0.0,3.0,0.0,1.0
主业,0.0,15.0,0.0,1.0
增加,0.0,3.0,0.0,1.0
出席,0.0,3.0,0.0,1.0
激活,0.0,3.0,0.0,1.0
据查,0.0,3.0,0.0,1.0
意义,0.0,3.0,0.0,1.0
说,0.0,3.0,0.0,1.0
筹建,0.0,3.0,0.0,1.0
6.71,0.0,3.0,0.0,1.0
拓展,0.0,12.0,0.0,1.0
信息,0.0,6.0,0.0,1.0
中手,0.0,3.0,0.0,1.0
股权,0.0,3.0,0.0,1.0
额,0.0,12.0,0.0,1.0
最快,0.0,3.0,0.0,1.0
商会,0.0,3.0,0.0,1.0
高速,0.0,6.0,0.0,1.0
突破,0.0,9.0,0.0,1.0
其中,0.0,3.0,0.0,1.0
5,0.0,3.0,0.0,1.0
100,0.0,3.0,0.0,1.0
高度,0.0,6.0,0.0,1.0
详细信息,0.0,3.0,0.0,1.0
150,0.0,3.0,0.0,1.0
不断,0.0,9.0,0.0,1.0
开始,0.0,3.0,0.0,1.0
营收,0.0,3.0,0.0,1.0
倍,0.0,3.0,0.0,1.0
多重,0.0,3.0,0.0,1.0
贡献,0.0,3.0,0.0,1.0
以,0.0,18.0,0.0,1.0
深企,0.0,3.0,0.0,1.0
开放型,0.0,3.0,0.0,1.0
指明,0.0,3.0,0.0,1.0
华能,0.0,3.0,0.0,1.0
董事长,0.0,3.0,0.0,1.0
外,0.0,6.0,0.0,1.0
五,0.0,9.0,0.0,1.0
月,0.0,9.0,0.0,1.0
2008,0.0,3.0,0.0,1.0
标杆,0.0,9.0,0.0,1.0
低垂,0.0,6.0,0.0,1.0
授予,0.0,3.0,0.0,1.0
经贸合作,0.0,3.0,0.0,1.0
.,0.0,9.0,0.0,1.0
方向,0.0,6.0,0.0,1.0
391,0.0,3.0,0.0,1.0
新,0.0,21.0,0.0,1.0
深圳市政府,0.0,3.0,0.0,1.0
显著,0.0,3.0,0.0,1.0
hqpick,0.0,3.0,0.0,1.0
让,0.0,3.0,0.0,1.0
敢试,0.0,3.0,0.0,1.0
http,0.0,3.0,0.0,1.0
曾,0.0,6.0,0.0,1.0
对口,0.0,3.0,0.0,1.0
亿股,0.0,6.0,0.0,1.0
581,0.0,3.0,0.0,1.0
南太平洋,0.0,3.0,0.0,1.0
巨大,0.0,3.0,0.0,1.0
卓越贡献,0.0,3.0,0.0,1.0
岛国,0.0,3.0,0.0,1.0
实现,0.0,9.0,0.0,1.0
发电厂,0.0,6.0,0.0,1.0
证券报,0.0,6.0,0.0,1.0
一期,0.0,3.0,0.0,1.0
计划,0.0,6.0,0.0,1.0
宏大,0.0,6.0,0.0,1.0
是,0.0,48.0,0.0,1.0
调研组,0.0,12.0,0.0,1.0
中资企业,0.0,9.0,0.0,1.0
提高,0.0,3.0,0.0,1.0
早年,0.0,3.0,0.0,1.0
当地,0.0,6.0,0.0,1.0
控股,0.0,9.0,0.0,1.0
 ,0.0,21.0,0.0,1.0
一项,0.0,3.0,0.0,1.0
市场,0.0,12.0,0.0,1.0
之一,0.0,3.0,0.0,1.0
进入,0.0,3.0,0.0,1.0
领域,0.0,12.0,0.0,1.0
5000,0.0,6.0,0.0,1.0
打开,0.0,3.0,0.0,1.0
>,0.0,3.0,0.0,1.0
支持,0.0,3.0,0.0,1.0
海外,0.0,15.0,0.0,1.0
空间,0.0,9.0,0.0,1.0
经贸,0.0,3.0,0.0,1.0
女士,0.0,3.0,0.0,1.0
全球,0.0,15.0,0.0,1.0
技术,0.0,9.0,0.0,1.0
李瑞佑,0.0,3.0,0.0,1.0
安所固,0.0,6.0,0.0,1.0
组成,0.0,3.0,0.0,1.0
结合,0.0,3.0,0.0,1.0
2016,0.0,12.0,0.0,1.0
巴布,0.0,3.0,0.0,1.0
发,0.0,6.0,0.0,1.0
=,0.0,3.0,0.0,1.0
建设,0.0,42.0,0.0,1.0
如此,0.0,6.0,0.0,1.0
资深,0.0,3.0,0.0,1.0
140,0.0,3.0,0.0,1.0
0000272,0.0,3.0,0.0,1.0
坐拥,0.0,9.0,0.0,1.0
最初,0.0,6.0,0.0,1.0
(,0.0,30.0,0.0,1.0
气电,0.0,3.0,0.0,1.0
典型,0.0,3.0,0.0,1.0
本,0.0,3.0,0.0,1.0
现代,0.0,6.0,0.0,1.0
提升,0.0,3.0,0.0,1.0
06,0.0,9.0,0.0,1.0
大使,0.0,3.0,0.0,1.0
城市,0.0,12.0,0.0,1.0
eastmoney,0.0,3.0,0.0,1.0
评价,0.0,3.0,0.0,1.0
逾,0.0,3.0,0.0,1.0
企业,0.0,12.0,0.0,1.0
占,0.0,3.0,0.0,1.0
思路,0.0,3.0,0.0,1.0
北京,0.0,3.0,0.0,1.0
地,0.0,3.0,0.0,1.0
标志,0.0,3.0,0.0,1.0
两个转变,0.0,3.0,0.0,1.0
一行,0.0,6.0,0.0,1.0
该,0.0,15.0,0.0,1.0
敢,0.0,6.0,0.0,1.0
拉姆,0.0,6.0,0.0,1.0
处置,0.0,3.0,0.0,1.0
515,0.0,3.0,0.0,1.0
产能,0.0,6.0,0.0,1.0
大军,0.0,3.0,0.0,1.0
趁势,0.0,9.0,0.0,1.0
董事会,0.0,3.0,0.0,1.0
有限公司,0.0,6.0,0.0,1.0
案例,0.0,3.0,0.0,1.0
战略意义,0.0,3.0,0.0,1.0
大量,0.0,3.0,0.0,1.0
牛,0.0,3.0,0.0,1.0
电厂,0.0,18.0,0.0,1.0
泛美,0.0,3.0,0.0,1.0
约,0.0,9.0,0.0,1.0
之外,0.0,3.0,0.0,1.0
构成,0.0,3.0,0.0,1.0
进一步提高,0.0,3.0,0.0,1.0
调研,0.0,6.0,0.0,1.0
前期工作,0.0,3.0,0.0,1.0
持有,0.0,3.0,0.0,1.0
2.5,0.0,6.0,0.0,1.0
强,0.0,6.0,0.0,1.0
规划,0.0,18.0,0.0,1.0
燃煤,0.0,3.0,0.0,1.0
参与,0.0,15.0,0.0,1.0
香港,0.0,3.0,0.0,1.0
积极,0.0,9.0,0.0,1.0
成为,0.0,15.0,0.0,1.0
再生能源,0.0,3.0,0.0,1.0
使,0.0,3.0,0.0,1.0
买入,0.0,6.0,0.0,1.0
起点,0.0,3.0,0.0,1.0
集团,0.0,3.0,0.0,1.0
俞浩,0.0,3.0,0.0,1.0
做,0.0,6.0,0.0,1.0
可,0.0,3.0,0.0,1.0
熊佩锦,0.0,3.0,0.0,1.0
论坛,0.0,3.0,0.0,1.0
年报,0.0,3.0,0.0,1.0
龙头企业,0.0,3.0,0.0,1.0
驻,0.0,6.0,0.0,1.0
四年,0.0,3.0,0.0,1.0
同时,0.0,6.0,0.0,1.0
借助,0.0,6.0,0.0,1.0
30,0.0,3.0,0.0,1.0
便利,0.0,3.0,0.0,1.0
在,0.0,69.0,0.0,1.0
电,0.0,3.0,0.0,1.0
万千瓦,0.0,12.0,0.0,1.0
三轮,0.0,3.0,0.0,1.0
性,0.0,9.0,0.0,1.0
据悉,0.0,3.0,0.0,1.0
处理,0.0,30.0,0.0,1.0
能源,0.0,210.0,0.0,1.0
李江,0.0,6.0,0.0,1.0
数据,0.0,3.0,0.0,1.0
k,0.0,3.0,0.0,1.0
出去,0.0,9.0,0.0,1.0
做出,0.0,3.0,0.0,1.0
区域,0.0,9.0,0.0,1.0
升级,0.0,18.0,0.0,1.0
新型,0.0,9.0,0.0,1.0
仪式,0.0,6.0,0.0,1.0
重要,0.0,12.0,0.0,1.0
燃气,0.0,6.0,0.0,1.0
服务,0.0,3.0,0.0,1.0
光伏,0.0,3.0,0.0,1.0
了解,0.0,12.0,0.0,1.0
重要途径,0.0,3.0,0.0,1.0
制造,0.0,3.0,0.0,1.0
资源,0.0,15.0,0.0,1.0
之后,0.0,3.0,0.0,1.0
-,0.0,18.0,0.0,1.0
2005,0.0,3.0,0.0,1.0
两翼,0.0,3.0,0.0,1.0
表彰,0.0,3.0,0.0,1.0
扩大,0.0,3.0,0.0,1.0
一些,0.0,3.0,0.0,1.0
资料,0.0,3.0,0.0,1.0
科技,0.0,3.0,0.0,1.0
第一个,0.0,6.0,0.0,1.0
国际化,0.0,3.0,0.0,1.0
全力,0.0,3.0,0.0,1.0
估算,0.0,3.0,0.0,1.0
闯,0.0,3.0,0.0,1.0
国资委,0.0,3.0,0.0,1.0
当年,0.0,3.0,0.0,1.0
大单,0.0,3.0,0.0,1.0
践行,0.0,3.0,0.0,1.0
深化,0.0,6.0,0.0,1.0
大,0.0,6.0,0.0,1.0
期,0.0,6.0,0.0,1.0
我国,0.0,6.0,0.0,1.0
为主,0.0,3.0,0.0,1.0
开展,0.0,6.0,0.0,1.0
装机容量,0.0,3.0,0.0,1.0
）,0.0,15.0,0.0,1.0
%,0.0,24.0,0.0,1.0
供应,0.0,6.0,0.0,1.0
区,0.0,66.0,0.0,1.0
投资,0.0,15.0,0.0,1.0
国际,0.0,9.0,0.0,1.0
正在,0.0,3.0,0.0,1.0
804,0.0,3.0,0.0,1.0
投产,0.0,6.0,0.0,1.0
系统,0.0,3.0,0.0,1.0
天然气,0.0,6.0,0.0,1.0
中标,0.0,3.0,0.0,1.0
方面,0.0,6.0,0.0,1.0
类,0.0,6.0,0.0,1.0
粮草先行,0.0,3.0,0.0,1.0
直接,0.0,3.0,0.0,1.0
601099,0.0,3.0,0.0,1.0
年度,0.0,3.0,0.0,1.0
能力,0.0,9.0,0.0,1.0
打造,0.0,3.0,0.0,1.0
契机,0.0,3.0,0.0,1.0
H股,0.0,3.0,0.0,1.0
万吨,0.0,6.0,0.0,1.0
表示,0.0,9.0,0.0,1.0
新几内亚,0.0,3.0,0.0,1.0
海外投资,0.0,9.0,0.0,1.0
两国间,0.0,3.0,0.0,1.0
在建,0.0,3.0,0.0,1.0
中方,0.0,3.0,0.0,1.0
SRC,0.0,3.0,0.0,1.0
环保,0.0,15.0,0.0,1.0
配套,0.0,3.0,0.0,1.0
出海,0.0,3.0,0.0,1.0
16,0.0,3.0,0.0,1.0
净买额,0.0,3.0,0.0,1.0
概念股,0.0,6.0,0.0,1.0
一直,0.0,3.0,0.0,1.0
市,0.0,3.0,0.0,1.0
布局,0.0,6.0,0.0,1.0
股本,0.0,3.0,0.0,1.0
形象,0.0,3.0,0.0,1.0
精神,0.0,3.0,0.0,1.0
基地,0.0,3.0,0.0,1.0
走,0.0,9.0,0.0,1.0
另有,0.0,3.0,0.0,1.0
如下,0.0,3.0,0.0,1.0
实际上,0.0,3.0,0.0,1.0
特,0.0,3.0,0.0,1.0
按照,0.0,3.0,0.0,1.0
合资,0.0,6.0,0.0,1.0
装备,0.0,3.0,0.0,1.0
还,0.0,12.0,0.0,1.0
窗外,0.0,6.0,0.0,1.0
影响力,0.0,6.0,0.0,1.0
公司,0.0,33.0,0.0,1.0
最大,0.0,6.0,0.0,1.0
目标,0.0,3.0,0.0,1.0
并,0.0,6.0,0.0,1.0
电价,0.0,3.0,0.0,1.0
起,0.0,6.0,0.0,1.0
关注,0.0,3.0,0.0,1.0
962,0.0,3.0,0.0,1.0
287,0.0,3.0,0.0,1.0
后,0.0,3.0,0.0,1.0
煤电,0.0,6.0,0.0,1.0
树立,0.0,3.0,0.0,1.0
自有,0.0,3.0,0.0,1.0
衔接,0.0,3.0,0.0,1.0
八项,0.0,3.0,0.0,1.0
这一,0.0,6.0,0.0,1.0
民间,0.0,3.0,0.0,1.0
一个,0.0,12.0,0.0,1.0
盘活,0.0,3.0,0.0,1.0
基金,0.0,3.0,0.0,1.0
招标,0.0,3.0,0.0,1.0
中加,0.0,3.0,0.0,1.0
全国,0.0,6.0,0.0,1.0
000027,0.0,9.0,0.0,1.0
亿元,0.0,3.0,0.0,1.0
诊股,0.0,3.0,0.0,1.0
系列,0.0,6.0,0.0,1.0
高标准,0.0,6.0,0.0,1.0
合作,0.0,18.0,0.0,1.0
左右,0.0,3.0,0.0,1.0
深圳,0.0,207.0,0.0,1.0
不言而喻,0.0,3.0,0.0,1.0
能源建设,0.0,3.0,0.0,1.0
融券,0.0,15.0,0.0,1.0
除了,0.0,9.0,0.0,1.0
探索,0.0,3.0,0.0,1.0
表,0.0,3.0,0.0,1.0
