日,3.0,156.0,0.018867924528301886,0.9811320754716981
不仅,0.0,18.0,0.0,1.0
等,6.0,162.0,0.03571428571428571,0.9642857142857143
贺岁,0.0,3.0,0.0,1.0
行政,0.0,3.0,0.0,1.0
至,3.0,45.0,0.0625,0.9375
减弱,0.0,6.0,0.0,1.0
700,0.0,3.0,0.0,1.0
5500,0.0,3.0,0.0,1.0
完成,0.0,63.0,0.0,1.0
邀请,0.0,3.0,0.0,1.0
回归,0.0,3.0,0.0,1.0
可见一斑,0.0,3.0,0.0,1.0
同比,0.0,72.0,0.0,1.0
艺术创作,3.0,0.0,1.0,0.0
略高于,0.0,3.0,0.0,1.0
彰显,0.0,3.0,0.0,1.0
约束,0.0,3.0,0.0,1.0
独到,0.0,3.0,0.0,1.0
集群,3.0,0.0,1.0,0.0
引起,0.0,6.0,0.0,1.0
叕,0.0,3.0,0.0,1.0
双赢,0.0,3.0,0.0,1.0
再,0.0,15.0,0.0,1.0
189246087,0.0,3.0,0.0,1.0
从中,0.0,6.0,0.0,1.0
为此,0.0,3.0,0.0,1.0
平稳,0.0,3.0,0.0,1.0
顾长卫,0.0,3.0,0.0,1.0
三驾,0.0,9.0,0.0,1.0
耗资,0.0,3.0,0.0,1.0
文章,0.0,3.0,0.0,1.0
阵痛,0.0,9.0,0.0,1.0
案例,0.0,6.0,0.0,1.0
浪潮,0.0,6.0,0.0,1.0
控权,0.0,3.0,0.0,1.0
时创,0.0,9.0,0.0,1.0
非诚,0.0,6.0,0.0,1.0
弟弟,0.0,3.0,0.0,1.0
最后,0.0,3.0,0.0,1.0
坚持,0.0,18.0,0.0,1.0
chart,0.0,6.0,0.0,1.0
47,0.0,9.0,0.0,1.0
股份,3.0,84.0,0.034482758620689655,0.9655172413793104
由此,0.0,9.0,0.0,1.0
公用事业,0.0,3.0,0.0,1.0
联创,0.0,3.0,0.0,1.0
出,0.0,21.0,0.0,1.0
来自,0.0,21.0,0.0,1.0
越来越,0.0,3.0,0.0,1.0
建成,0.0,21.0,0.0,1.0
培育,0.0,3.0,0.0,1.0
步伐,0.0,6.0,0.0,1.0
电视剧,0.0,18.0,0.0,1.0
年末,0.0,3.0,0.0,1.0
总部,0.0,3.0,0.0,1.0
换来,0.0,9.0,0.0,1.0
png,0.0,24.0,0.0,1.0
7,0.0,72.0,0.0,1.0
雕塑,9.0,0.0,1.0,0.0
还有,0.0,36.0,0.0,1.0
】,0.0,9.0,0.0,1.0
条,0.0,3.0,0.0,1.0
老公,0.0,3.0,0.0,1.0
不到,0.0,3.0,0.0,1.0
颓败,0.0,12.0,0.0,1.0
首届,0.0,3.0,0.0,1.0
+,0.0,27.0,0.0,1.0
837015,0.0,21.0,0.0,1.0
；,0.0,99.0,0.0,1.0
稿件,3.0,0.0,1.0,0.0
幅度,0.0,12.0,0.0,1.0
副董事长,0.0,24.0,0.0,1.0
三五年,0.0,3.0,0.0,1.0
来说,0.0,15.0,0.0,1.0
资金,0.0,24.0,0.0,1.0
消息,0.0,21.0,0.0,1.0
南洋,0.0,3.0,0.0,1.0
姜文,0.0,3.0,0.0,1.0
都,0.0,36.0,0.0,1.0
如何,0.0,24.0,0.0,1.0
饭饭,0.0,3.0,0.0,1.0
设立,0.0,6.0,0.0,1.0
申银万国,0.0,3.0,0.0,1.0
产业资本,0.0,3.0,0.0,1.0
本金,0.0,3.0,0.0,1.0
73,0.0,12.0,0.0,1.0
000626,0.0,3.0,0.0,1.0
愤愤不平,0.0,3.0,0.0,1.0
预亏,0.0,3.0,0.0,1.0
价格,0.0,18.0,0.0,1.0
采访,0.0,3.0,0.0,1.0
一批,0.0,3.0,0.0,1.0
举办,0.0,12.0,0.0,1.0
国际化,0.0,3.0,0.0,1.0
923.23,0.0,3.0,0.0,1.0
交易方式,0.0,3.0,0.0,1.0
无法,0.0,3.0,0.0,1.0
摔跤,0.0,6.0,0.0,1.0
止步,0.0,3.0,0.0,1.0
不给力,0.0,3.0,0.0,1.0
灰,3.0,0.0,1.0,0.0
英雄,0.0,24.0,0.0,1.0
调整,0.0,9.0,0.0,1.0
回报,0.0,6.0,0.0,1.0
外传,0.0,3.0,0.0,1.0
55.77,0.0,3.0,0.0,1.0
增长,0.0,30.0,0.0,1.0
扮靓,0.0,3.0,0.0,1.0
清仓,0.0,6.0,0.0,1.0
明芳,0.0,3.0,0.0,1.0
签约,0.0,9.0,0.0,1.0
张嘉译,0.0,3.0,0.0,1.0
影视作品,0.0,3.0,0.0,1.0
状态,0.0,9.0,0.0,1.0
the,0.0,3.0,0.0,1.0
腾讯,0.0,12.0,0.0,1.0
17.2,0.0,15.0,0.0,1.0
公告,0.0,72.0,0.0,1.0
思考,0.0,6.0,0.0,1.0
态度,0.0,3.0,0.0,1.0
差点,0.0,3.0,0.0,1.0
意味着,0.0,9.0,0.0,1.0
为期,0.0,9.0,0.0,1.0
独特,0.0,3.0,0.0,1.0
上将,0.0,3.0,0.0,1.0
早已,0.0,3.0,0.0,1.0
39,0.0,6.0,0.0,1.0
共有,0.0,6.0,0.0,1.0
豪华,0.0,3.0,0.0,1.0
3000,0.0,3.0,0.0,1.0
:,0.0,57.0,0.0,1.0
哗然,0.0,3.0,0.0,1.0
惨淡,0.0,12.0,0.0,1.0
邮箱,3.0,0.0,1.0,0.0
03818,0.0,3.0,0.0,1.0
接下来,0.0,6.0,0.0,1.0
我国,0.0,3.0,0.0,1.0
推动,0.0,6.0,0.0,1.0
摸金符,0.0,6.0,0.0,1.0
澜亭,0.0,6.0,0.0,1.0
内地,0.0,9.0,0.0,1.0
副总裁,3.0,0.0,1.0,0.0
一天,0.0,15.0,0.0,1.0
圣诞节,0.0,3.0,0.0,1.0
拓展,0.0,18.0,0.0,1.0
大融城,3.0,0.0,1.0,0.0
股权,0.0,183.0,0.0,1.0
秦开宇,0.0,3.0,0.0,1.0
杨,0.0,3.0,0.0,1.0
5,3.0,72.0,0.04,0.96
力度,0.0,6.0,0.0,1.0
中心,3.0,9.0,0.25,0.75
150,0.0,3.0,0.0,1.0
青黄不接,0.0,3.0,0.0,1.0
关联,0.0,9.0,0.0,1.0
步入正轨,0.0,3.0,0.0,1.0
本轮,0.0,9.0,0.0,1.0
细,3.0,0.0,1.0,0.0
对话,0.0,3.0,0.0,1.0
深入研究,0.0,3.0,0.0,1.0
博纳,0.0,6.0,0.0,1.0
1.58,0.0,3.0,0.0,1.0
外,0.0,21.0,0.0,1.0
也就是说,0.0,9.0,0.0,1.0
大腕,3.0,0.0,1.0,0.0
准备期,0.0,6.0,0.0,1.0
殷切,0.0,3.0,0.0,1.0
入股,0.0,24.0,0.0,1.0
此,0.0,3.0,0.0,1.0
坏,0.0,3.0,0.0,1.0
尊重,0.0,15.0,0.0,1.0
合作,3.0,21.0,0.125,0.875
滋养,0.0,3.0,0.0,1.0
解决之道,0.0,3.0,0.0,1.0
解决,0.0,3.0,0.0,1.0
多万,0.0,6.0,0.0,1.0
实景,0.0,93.0,0.0,1.0
—,0.0,51.0,0.0,1.0
路线,0.0,6.0,0.0,1.0
从线,0.0,6.0,0.0,1.0
想,0.0,3.0,0.0,1.0
主动权,0.0,3.0,0.0,1.0
18,0.0,36.0,0.0,1.0
亿至,0.0,9.0,0.0,1.0
康熙,0.0,3.0,0.0,1.0
拟,0.0,27.0,0.0,1.0
当地,0.0,6.0,0.0,1.0
控股,0.0,39.0,0.0,1.0
绘画,0.0,9.0,0.0,1.0
厚积薄发,0.0,3.0,0.0,1.0
其中,0.0,57.0,0.0,1.0
重组,0.0,3.0,0.0,1.0
跟着,0.0,3.0,0.0,1.0
胭脂,0.0,6.0,0.0,1.0
范例,0.0,3.0,0.0,1.0
依然,0.0,3.0,0.0,1.0
网名,0.0,3.0,0.0,1.0
2016,0.0,204.0,0.0,1.0
复赛,0.0,3.0,0.0,1.0
日后,0.0,3.0,0.0,1.0
编导,0.0,12.0,0.0,1.0
作出,0.0,3.0,0.0,1.0
工作室,0.0,3.0,0.0,1.0
接替,0.0,3.0,0.0,1.0
东方,0.0,3.0,0.0,1.0
发展前景,0.0,3.0,0.0,1.0
后,0.0,69.0,0.0,1.0
Angelababy,0.0,6.0,0.0,1.0
提升,3.0,12.0,0.2,0.8
之,0.0,30.0,0.0,1.0
快乐,0.0,3.0,0.0,1.0
产业布局,0.0,6.0,0.0,1.0
主题公园,0.0,12.0,0.0,1.0
产业,15.0,75.0,0.16666666666666666,0.8333333333333334
预告,0.0,36.0,0.0,1.0
制片人,0.0,3.0,0.0,1.0
版权,0.0,15.0,0.0,1.0
一部分,0.0,3.0,0.0,1.0
峰会,0.0,36.0,0.0,1.0
11869,0.0,3.0,0.0,1.0
张,3.0,0.0,1.0,0.0
受,0.0,9.0,0.0,1.0
大量,0.0,15.0,0.0,1.0
获取,3.0,0.0,1.0,0.0
下,0.0,33.0,0.0,1.0
专业分工,3.0,0.0,1.0,0.0
名称,0.0,6.0,0.0,1.0
’,3.0,0.0,1.0,0.0
愉快,0.0,3.0,0.0,1.0
话语权,0.0,33.0,0.0,1.0
强,0.0,3.0,0.0,1.0
运营,0.0,30.0,0.0,1.0
庆祝,3.0,0.0,1.0,0.0
晒,0.0,3.0,0.0,1.0
共,0.0,18.0,0.0,1.0
2011,0.0,3.0,0.0,1.0
步入,0.0,6.0,0.0,1.0
利益,0.0,3.0,0.0,1.0
3.03,0.0,9.0,0.0,1.0
最佳,3.0,0.0,1.0,0.0
遭受,0.0,3.0,0.0,1.0
精力,0.0,12.0,0.0,1.0
有力,0.0,3.0,0.0,1.0
不贵,0.0,3.0,0.0,1.0
家兴,0.0,12.0,0.0,1.0
两位,0.0,3.0,0.0,1.0
另一家,0.0,3.0,0.0,1.0
强劲,0.0,3.0,0.0,1.0
收入,0.0,60.0,0.0,1.0
典型,0.0,3.0,0.0,1.0
一步,0.0,3.0,0.0,1.0
鼓励,0.0,3.0,0.0,1.0
狼烟四起,0.0,3.0,0.0,1.0
低,0.0,12.0,0.0,1.0
服务,0.0,12.0,0.0,1.0
可以,0.0,18.0,0.0,1.0
悄悄,0.0,6.0,0.0,1.0
35.03,0.0,3.0,0.0,1.0
国际品牌,0.0,3.0,0.0,1.0
114,0.0,3.0,0.0,1.0
普及,0.0,6.0,0.0,1.0
需要,0.0,27.0,0.0,1.0
下去,0.0,3.0,0.0,1.0
爱情喜剧,0.0,3.0,0.0,1.0
狗,0.0,3.0,0.0,1.0
打造,12.0,24.0,0.3333333333333333,0.6666666666666666
PR,0.0,3.0,0.0,1.0
与生俱来,0.0,3.0,0.0,1.0
16G,3.0,0.0,1.0,0.0
真实,0.0,12.0,0.0,1.0
7.33,0.0,3.0,0.0,1.0
策划,0.0,3.0,0.0,1.0
希望,0.0,6.0,0.0,1.0
最强,0.0,3.0,0.0,1.0
展示,0.0,6.0,0.0,1.0
旨在,0.0,9.0,0.0,1.0
渠道,0.0,3.0,0.0,1.0
率先,0.0,3.0,0.0,1.0
8,3.0,27.0,0.1,0.9
形成,3.0,12.0,0.2,0.8
继续加强,0.0,6.0,0.0,1.0
征文,3.0,0.0,1.0,0.0
价值,0.0,6.0,0.0,1.0
上市,0.0,27.0,0.0,1.0
2.24,0.0,3.0,0.0,1.0
挑战,0.0,3.0,0.0,1.0
上半年,0.0,87.0,0.0,1.0
建立,0.0,3.0,0.0,1.0
正,0.0,9.0,0.0,1.0
水过,0.0,6.0,0.0,1.0
等泛,0.0,12.0,0.0,1.0
影视制作,0.0,15.0,0.0,1.0
同期,0.0,30.0,0.0,1.0
但,0.0,36.0,0.0,1.0
第十三届,3.0,0.0,1.0,0.0
特,0.0,3.0,0.0,1.0
首席,0.0,3.0,0.0,1.0
波动,0.0,9.0,0.0,1.0
国民,0.0,6.0,0.0,1.0
平均,0.0,3.0,0.0,1.0
亲身,0.0,3.0,0.0,1.0
辛柏青,0.0,3.0,0.0,1.0
巴士,0.0,3.0,0.0,1.0
epaper,0.0,3.0,0.0,1.0
余位,0.0,3.0,0.0,1.0
出面,0.0,3.0,0.0,1.0
丰富,0.0,3.0,0.0,1.0
第一次,0.0,3.0,0.0,1.0
108,0.0,3.0,0.0,1.0
民国,0.0,6.0,0.0,1.0
内容,0.0,63.0,0.0,1.0
曜,0.0,15.0,0.0,1.0
工商,0.0,3.0,0.0,1.0
一个,9.0,36.0,0.2,0.8
疲软,0.0,12.0,0.0,1.0
关爱,0.0,9.0,0.0,1.0
开机,0.0,6.0,0.0,1.0
联系,0.0,3.0,0.0,1.0
追捧,0.0,3.0,0.0,1.0
晚间,0.0,39.0,0.0,1.0
3333,0.0,3.0,0.0,1.0
谩骂,0.0,3.0,0.0,1.0
此前,0.0,33.0,0.0,1.0
汇聚,0.0,3.0,0.0,1.0
布局,0.0,120.0,0.0,1.0
范冰冰,3.0,0.0,1.0,0.0
kpic,0.0,3.0,0.0,1.0
两轮,0.0,9.0,0.0,1.0
精良,0.0,3.0,0.0,1.0
KaPPa,0.0,3.0,0.0,1.0
1.25,0.0,3.0,0.0,1.0
惊人,0.0,3.0,0.0,1.0
切入点,0.0,3.0,0.0,1.0
溢价,0.0,3.0,0.0,1.0
业务,0.0,126.0,0.0,1.0
单片,0.0,3.0,0.0,1.0
部,0.0,30.0,0.0,1.0
何去何从,0.0,3.0,0.0,1.0
风险,0.0,6.0,0.0,1.0
一体,3.0,3.0,0.5,0.5
属于,0.0,3.0,0.0,1.0
环球,0.0,6.0,0.0,1.0
小镇,3.0,36.0,0.07692307692307693,0.9230769230769231
下午,0.0,6.0,0.0,1.0
並不,0.0,3.0,0.0,1.0
upload,0.0,3.0,0.0,1.0
商业化,0.0,3.0,0.0,1.0
辞职,0.0,3.0,0.0,1.0
过,0.0,12.0,0.0,1.0
档,0.0,9.0,0.0,1.0
民营,0.0,9.0,0.0,1.0
曾多次,0.0,3.0,0.0,1.0
三月,0.0,3.0,0.0,1.0
甚至,0.0,6.0,0.0,1.0
公司业绩,0.0,18.0,0.0,1.0
高速,0.0,6.0,0.0,1.0
浸入,0.0,3.0,0.0,1.0
战略,3.0,39.0,0.07142857142857142,0.9285714285714286
表现,0.0,33.0,0.0,1.0
原本,0.0,3.0,0.0,1.0
可观,0.0,3.0,0.0,1.0
品牌,12.0,30.0,0.2857142857142857,0.7142857142857143
真正,0.0,9.0,0.0,1.0
重磅,0.0,6.0,0.0,1.0
依旧,0.0,12.0,0.0,1.0
苏州,0.0,18.0,0.0,1.0
经营性,0.0,3.0,0.0,1.0
首映,0.0,9.0,0.0,1.0
神话,0.0,3.0,0.0,1.0
1942,0.0,3.0,0.0,1.0
除去,0.0,3.0,0.0,1.0
金牌,0.0,3.0,0.0,1.0
专业人士,0.0,3.0,0.0,1.0
权威,0.0,3.0,0.0,1.0
98.41,0.0,6.0,0.0,1.0
唐山大,0.0,3.0,0.0,1.0
诉求,0.0,3.0,0.0,1.0
灾后,0.0,3.0,0.0,1.0
率,0.0,12.0,0.0,1.0
简称,0.0,24.0,0.0,1.0
依靠,0.0,6.0,0.0,1.0
区,0.0,6.0,0.0,1.0
或许,0.0,12.0,0.0,1.0
冠军,0.0,9.0,0.0,1.0
300315,0.0,18.0,0.0,1.0
起步,0.0,12.0,0.0,1.0
大融,6.0,0.0,1.0,0.0
300251,0.0,9.0,0.0,1.0
1.4,0.0,12.0,0.0,1.0
抛出,0.0,3.0,0.0,1.0
高,0.0,3.0,0.0,1.0
卖,0.0,3.0,0.0,1.0
进一步,0.0,18.0,0.0,1.0
各个,0.0,3.0,0.0,1.0
之下,0.0,12.0,0.0,1.0
说明,0.0,15.0,0.0,1.0
公众,0.0,3.0,0.0,1.0
高品质,0.0,6.0,0.0,1.0
动力,0.0,6.0,0.0,1.0
启动,0.0,12.0,0.0,1.0
到底,0.0,3.0,0.0,1.0
敲响,0.0,3.0,0.0,1.0
同日,0.0,3.0,0.0,1.0
特色,0.0,3.0,0.0,1.0
全,0.0,15.0,0.0,1.0
分手,0.0,3.0,0.0,1.0
进行,0.0,24.0,0.0,1.0
年初,0.0,3.0,0.0,1.0
徐克,0.0,3.0,0.0,1.0
网络,0.0,9.0,0.0,1.0
至关重要,0.0,3.0,0.0,1.0
具备,0.0,3.0,0.0,1.0
当年度,0.0,3.0,0.0,1.0
发布公告,0.0,27.0,0.0,1.0
抓住机遇,0.0,3.0,0.0,1.0
声明,0.0,6.0,0.0,1.0
创投,0.0,3.0,0.0,1.0
强强,0.0,3.0,0.0,1.0
04,0.0,6.0,0.0,1.0
之间,0.0,6.0,0.0,1.0
1591,0.0,3.0,0.0,1.0
1994,0.0,6.0,0.0,1.0
棋盘,0.0,3.0,0.0,1.0
月底,0.0,3.0,0.0,1.0
行情,0.0,57.0,0.0,1.0
拟将,0.0,12.0,0.0,1.0
带领,0.0,3.0,0.0,1.0
线下,0.0,6.0,0.0,1.0
年均,0.0,6.0,0.0,1.0
向实,0.0,3.0,0.0,1.0
39.04,0.0,3.0,0.0,1.0
优信,0.0,3.0,0.0,1.0
原则,0.0,3.0,0.0,1.0
主街,0.0,3.0,0.0,1.0
此番,0.0,9.0,0.0,1.0
园,15.0,0.0,1.0,0.0
即便,0.0,6.0,0.0,1.0
查看,0.0,6.0,0.0,1.0
年内,0.0,12.0,0.0,1.0
业界,0.0,6.0,0.0,1.0
被告,0.0,3.0,0.0,1.0
这家,0.0,9.0,0.0,1.0
限前,3.0,0.0,1.0,0.0
正轨,0.0,6.0,0.0,1.0
不同,0.0,12.0,0.0,1.0
新任,0.0,3.0,0.0,1.0
季报,0.0,3.0,0.0,1.0
厂商,0.0,3.0,0.0,1.0
比如说,0.0,3.0,0.0,1.0
冲到,0.0,3.0,0.0,1.0
闪亮,0.0,3.0,0.0,1.0
7885,0.0,30.0,0.0,1.0
八年,0.0,6.0,0.0,1.0
不得而知,0.0,9.0,0.0,1.0
统一,0.0,3.0,0.0,1.0
出售,0.0,84.0,0.0,1.0
股,0.0,27.0,0.0,1.0
居留权,0.0,3.0,0.0,1.0
网,0.0,15.0,0.0,1.0
义卖,0.0,3.0,0.0,1.0
世界,0.0,36.0,0.0,1.0
唯才是举,0.0,3.0,0.0,1.0
生活,0.0,3.0,0.0,1.0
金额,0.0,27.0,0.0,1.0
芳华,0.0,12.0,0.0,1.0
票房,0.0,96.0,0.0,1.0
差异化,0.0,6.0,0.0,1.0
互补,0.0,6.0,0.0,1.0
元素,0.0,3.0,0.0,1.0
严重,0.0,3.0,0.0,1.0
穿越,0.0,3.0,0.0,1.0
定位,0.0,3.0,0.0,1.0
史,0.0,12.0,0.0,1.0
优质,0.0,6.0,0.0,1.0
大生,3.0,0.0,1.0,0.0
之争,0.0,6.0,0.0,1.0
致力于,0.0,3.0,0.0,1.0
B轮,0.0,9.0,0.0,1.0
所言,0.0,3.0,0.0,1.0
老搭档,0.0,3.0,0.0,1.0
提高,0.0,3.0,0.0,1.0
诚意,0.0,3.0,0.0,1.0
祭,0.0,3.0,0.0,1.0
-,0.0,57.0,0.0,1.0
eastmoney,0.0,12.0,0.0,1.0
赌,0.0,6.0,0.0,1.0
第一届,0.0,9.0,0.0,1.0
引热议,0.0,3.0,0.0,1.0
法院,0.0,9.0,0.0,1.0
限,3.0,0.0,1.0,0.0
爱奇艺,0.0,6.0,0.0,1.0
冲突,0.0,3.0,0.0,1.0
9700,0.0,21.0,0.0,1.0
、,51.0,828.0,0.05802047781569966,0.9419795221843004
一子,0.0,6.0,0.0,1.0
年轻,0.0,3.0,0.0,1.0
情怀,0.0,3.0,0.0,1.0
说,0.0,15.0,0.0,1.0
罗慧君,0.0,3.0,0.0,1.0
万元,0.0,123.0,0.0,1.0
各地,0.0,3.0,0.0,1.0
指微博,0.0,3.0,0.0,1.0
新版,0.0,3.0,0.0,1.0
脱颖而出,0.0,3.0,0.0,1.0
声音,0.0,3.0,0.0,1.0
怀抱,0.0,3.0,0.0,1.0
描述,0.0,3.0,0.0,1.0
不断,0.0,27.0,0.0,1.0
重要,0.0,33.0,0.0,1.0
被誉为,0.0,12.0,0.0,1.0
坚守,0.0,9.0,0.0,1.0
故事,3.0,6.0,0.3333333333333333,0.6666666666666666
贡献,0.0,6.0,0.0,1.0
概念,0.0,24.0,0.0,1.0
更大,0.0,3.0,0.0,1.0
朱万平,0.0,3.0,0.0,1.0
实际上,0.0,24.0,0.0,1.0
其为,0.0,6.0,0.0,1.0
喜剧,0.0,3.0,0.0,1.0
股市,0.0,6.0,0.0,1.0
较量,0.0,3.0,0.0,1.0
参投,0.0,12.0,0.0,1.0
华谊,21.0,1845.0,0.011254019292604502,0.9887459807073955
合唱团,0.0,3.0,0.0,1.0
良好,0.0,3.0,0.0,1.0
x,0.0,6.0,0.0,1.0
此项,0.0,3.0,0.0,1.0
增与,0.0,3.0,0.0,1.0
稳定,0.0,21.0,0.0,1.0
138,0.0,3.0,0.0,1.0
市场,3.0,60.0,0.047619047619047616,0.9523809523809523
img,0.0,6.0,0.0,1.0
生长,0.0,3.0,0.0,1.0
发力,0.0,6.0,0.0,1.0
计划,0.0,33.0,0.0,1.0
提壶,0.0,6.0,0.0,1.0
太,0.0,3.0,0.0,1.0
追求,0.0,9.0,0.0,1.0
达标,0.0,27.0,0.0,1.0
mp,0.0,3.0,0.0,1.0
50.88,0.0,6.0,0.0,1.0
重庆,3.0,0.0,1.0,0.0
焦虑,0.0,3.0,0.0,1.0
投建,0.0,3.0,0.0,1.0
炮轰,0.0,3.0,0.0,1.0
大幅度,0.0,3.0,0.0,1.0
品质,0.0,12.0,0.0,1.0
同意,0.0,6.0,0.0,1.0
商标,0.0,3.0,0.0,1.0
回访,0.0,6.0,0.0,1.0
一所,0.0,9.0,0.0,1.0
一项,0.0,3.0,0.0,1.0
安泰,0.0,9.0,0.0,1.0
上升,0.0,18.0,0.0,1.0
靠,0.0,9.0,0.0,1.0
式,0.0,3.0,0.0,1.0
正式,0.0,24.0,0.0,1.0
各自,0.0,6.0,0.0,1.0
中鼎,0.0,3.0,0.0,1.0
摩奇,0.0,6.0,0.0,1.0
贫困,0.0,6.0,0.0,1.0
上课,0.0,3.0,0.0,1.0
主页,0.0,6.0,0.0,1.0
题材,0.0,3.0,0.0,1.0
好莱坞,0.0,3.0,0.0,1.0
今年,0.0,27.0,0.0,1.0
市场份额,0.0,3.0,0.0,1.0
一轮,0.0,3.0,0.0,1.0
省市,0.0,6.0,0.0,1.0
进口,0.0,3.0,0.0,1.0
较为,0.0,6.0,0.0,1.0
拍,0.0,3.0,0.0,1.0
长电,0.0,3.0,0.0,1.0
总数,0.0,3.0,0.0,1.0
285,0.0,3.0,0.0,1.0
综艺节目,0.0,3.0,0.0,1.0
电竞,0.0,18.0,0.0,1.0
买,0.0,3.0,0.0,1.0
真挚,0.0,3.0,0.0,1.0
上线,0.0,6.0,0.0,1.0
号,0.0,9.0,0.0,1.0
并存,0.0,3.0,0.0,1.0
华策,0.0,9.0,0.0,1.0
可,3.0,27.0,0.1,0.9
论坛,3.0,3.0,0.5,0.5
基于,0.0,12.0,0.0,1.0
自有,0.0,3.0,0.0,1.0
0.1343,0.0,3.0,0.0,1.0
投资方,0.0,9.0,0.0,1.0
竞争,0.0,3.0,0.0,1.0
同时,0.0,45.0,0.0,1.0
套路,0.0,3.0,0.0,1.0
陈义,0.0,15.0,0.0,1.0
大厨,0.0,6.0,0.0,1.0
后者,0.0,3.0,0.0,1.0
学校,0.0,15.0,0.0,1.0
主席,0.0,3.0,0.0,1.0
第二季,0.0,12.0,0.0,1.0
126.06,0.0,15.0,0.0,1.0
多家,0.0,3.0,0.0,1.0
],0.0,9.0,0.0,1.0
rolling,0.0,3.0,0.0,1.0
满足,0.0,3.0,0.0,1.0
起诉,0.0,9.0,0.0,1.0
宋丹丹,0.0,3.0,0.0,1.0
三季度,0.0,9.0,0.0,1.0
园区,0.0,3.0,0.0,1.0
以长,0.0,3.0,0.0,1.0
看出,0.0,3.0,0.0,1.0
网剧,0.0,18.0,0.0,1.0
改造,3.0,0.0,1.0,0.0
自主,0.0,3.0,0.0,1.0
数量,0.0,15.0,0.0,1.0
大佬,0.0,3.0,0.0,1.0
首页,0.0,6.0,0.0,1.0
文创,0.0,3.0,0.0,1.0
重点,3.0,6.0,0.3333333333333333,0.6666666666666666
践行,0.0,6.0,0.0,1.0
26,0.0,15.0,0.0,1.0
银,0.0,3.0,0.0,1.0
蠢蠢欲动,0.0,3.0,0.0,1.0
8.08,0.0,6.0,0.0,1.0
两个,0.0,3.0,0.0,1.0
差距,0.0,6.0,0.0,1.0
奥体中心,0.0,3.0,0.0,1.0
如此,0.0,9.0,0.0,1.0
消退,0.0,3.0,0.0,1.0
前任,0.0,6.0,0.0,1.0
总体,0.0,3.0,0.0,1.0
领跑,0.0,3.0,0.0,1.0
为本,0.0,3.0,0.0,1.0
知马俐,0.0,12.0,0.0,1.0
多头,0.0,3.0,0.0,1.0
位置,0.0,3.0,0.0,1.0
偏远地区,0.0,6.0,0.0,1.0
豪言壮语,0.0,3.0,0.0,1.0
控,0.0,3.0,0.0,1.0
发行股票,0.0,3.0,0.0,1.0
学院,0.0,3.0,0.0,1.0
恋情,0.0,3.0,0.0,1.0
制造者,0.0,3.0,0.0,1.0
nbd,0.0,6.0,0.0,1.0
持有者,0.0,3.0,0.0,1.0
一九四二,0.0,3.0,0.0,1.0
同样,0.0,6.0,0.0,1.0
今日,0.0,15.0,0.0,1.0
子,0.0,3.0,0.0,1.0
生产能力,0.0,3.0,0.0,1.0
让,0.0,42.0,0.0,1.0
疗护,0.0,3.0,0.0,1.0
增速,0.0,12.0,0.0,1.0
营销,0.0,6.0,0.0,1.0
请求,0.0,9.0,0.0,1.0
最大,0.0,3.0,0.0,1.0
离,0.0,3.0,0.0,1.0
5.44,0.0,9.0,0.0,1.0
制度,0.0,3.0,0.0,1.0
创科,0.0,3.0,0.0,1.0
增减,0.0,3.0,0.0,1.0
30013,0.0,3.0,0.0,1.0
关注,3.0,15.0,0.16666666666666666,0.8333333333333334
二人,0.0,6.0,0.0,1.0
封杀,0.0,6.0,0.0,1.0
猜错,0.0,3.0,0.0,1.0
掌阅,0.0,3.0,0.0,1.0
借助,0.0,3.0,0.0,1.0
较大,0.0,6.0,0.0,1.0
这一,3.0,15.0,0.16666666666666666,0.8333333333333334
记者,0.0,33.0,0.0,1.0
儿童教育,0.0,6.0,0.0,1.0
补偿,0.0,15.0,0.0,1.0
标题,0.0,3.0,0.0,1.0
创办,0.0,3.0,0.0,1.0
募集,0.0,3.0,0.0,1.0
娱君,0.0,3.0,0.0,1.0
1.7544,0.0,12.0,0.0,1.0
赵薇,3.0,0.0,1.0,0.0
实力,0.0,3.0,0.0,1.0
系列,0.0,6.0,0.0,1.0
彼时,0.0,3.0,0.0,1.0
少女,0.0,6.0,0.0,1.0
广电,0.0,3.0,0.0,1.0
商业,0.0,9.0,0.0,1.0
选举,0.0,3.0,0.0,1.0
不菲,0.0,3.0,0.0,1.0
过度,0.0,3.0,0.0,1.0
HK,0.0,3.0,0.0,1.0
加大,0.0,6.0,0.0,1.0
一个个,0.0,3.0,0.0,1.0
产业园,6.0,0.0,1.0,0.0
已超,0.0,3.0,0.0,1.0
频频,0.0,3.0,0.0,1.0
敬畏,0.0,3.0,0.0,1.0
这三家,0.0,3.0,0.0,1.0
协议,0.0,9.0,0.0,1.0
jrjimg,0.0,6.0,0.0,1.0
空间,0.0,9.0,0.0,1.0
净利,0.0,6.0,0.0,1.0
值得注意,0.0,6.0,0.0,1.0
元,0.0,27.0,0.0,1.0
局面,0.0,6.0,0.0,1.0
明星,3.0,63.0,0.045454545454545456,0.9545454545454546
月份,0.0,6.0,0.0,1.0
力,0.0,3.0,0.0,1.0
不少,0.0,3.0,0.0,1.0
事情,0.0,3.0,0.0,1.0
缺少,0.0,3.0,0.0,1.0
发动机,0.0,3.0,0.0,1.0
手机游戏,0.0,3.0,0.0,1.0
反映,0.0,3.0,0.0,1.0
龙头股,0.0,3.0,0.0,1.0
相信,0.0,9.0,0.0,1.0
吴奇隆,3.0,0.0,1.0,0.0
供图,0.0,3.0,0.0,1.0
求,0.0,9.0,0.0,1.0
下降,0.0,57.0,0.0,1.0
想法,0.0,6.0,0.0,1.0
补充,0.0,6.0,0.0,1.0
龙头,0.0,9.0,0.0,1.0
文化产业,0.0,9.0,0.0,1.0
重注,0.0,3.0,0.0,1.0
ID,0.0,3.0,0.0,1.0
所有,0.0,9.0,0.0,1.0
何以,0.0,3.0,0.0,1.0
请辞,0.0,3.0,0.0,1.0
能,0.0,33.0,0.0,1.0
团队,0.0,24.0,0.0,1.0
坦言,0.0,3.0,0.0,1.0
陆,0.0,12.0,0.0,1.0
一同,0.0,6.0,0.0,1.0
闫妮,0.0,3.0,0.0,1.0
李晨,0.0,12.0,0.0,1.0
新浪,0.0,18.0,0.0,1.0
公司股票,0.0,6.0,0.0,1.0
形象,0.0,3.0,0.0,1.0
选片,0.0,3.0,0.0,1.0
院线,0.0,207.0,0.0,1.0
携手,0.0,3.0,0.0,1.0
得益于,0.0,3.0,0.0,1.0
16.83,0.0,9.0,0.0,1.0
低于,0.0,3.0,0.0,1.0
成长,3.0,6.0,0.3333333333333333,0.6666666666666666
对此,0.0,12.0,0.0,1.0
选择,0.0,3.0,0.0,1.0
亿定,0.0,3.0,0.0,1.0
非常,3.0,6.0,0.3333333333333333,0.6666666666666666
未来,6.0,39.0,0.13333333333333333,0.8666666666666667
早就,0.0,3.0,0.0,1.0
合计,0.0,27.0,0.0,1.0
of,0.0,3.0,0.0,1.0
<,0.0,42.0,0.0,1.0
时候,0.0,3.0,0.0,1.0
051,0.0,3.0,0.0,1.0
动物,0.0,3.0,0.0,1.0
精美,0.0,3.0,0.0,1.0
很快,0.0,3.0,0.0,1.0
不够,0.0,3.0,0.0,1.0
推进,3.0,6.0,0.3333333333333333,0.6666666666666666
国内,0.0,51.0,0.0,1.0
张黎,0.0,3.0,0.0,1.0
业绩,0.0,144.0,0.0,1.0
年间,0.0,3.0,0.0,1.0
预期,0.0,3.0,0.0,1.0
年出,0.0,3.0,0.0,1.0
即可,0.0,6.0,0.0,1.0
跌落,0.0,3.0,0.0,1.0
中称,0.0,3.0,0.0,1.0
com,0.0,33.0,0.0,1.0
青年,0.0,3.0,0.0,1.0
周年,3.0,0.0,1.0,0.0
这种,0.0,9.0,0.0,1.0
周边产品,0.0,3.0,0.0,1.0
6.25,0.0,3.0,0.0,1.0
印象,0.0,3.0,0.0,1.0
盈利,0.0,54.0,0.0,1.0
玩,0.0,6.0,0.0,1.0
利润,0.0,18.0,0.0,1.0
日记,0.0,6.0,0.0,1.0
欣赏,0.0,6.0,0.0,1.0
仅以,0.0,3.0,0.0,1.0
pic430,0.0,6.0,0.0,1.0
享受,0.0,3.0,0.0,1.0
第一,0.0,9.0,0.0,1.0
让出,0.0,6.0,0.0,1.0
光环,0.0,3.0,0.0,1.0
⊙,0.0,3.0,0.0,1.0
跨年,0.0,9.0,0.0,1.0
其他,0.0,15.0,0.0,1.0
开发,0.0,6.0,0.0,1.0
针对,0.0,9.0,0.0,1.0
推迟,0.0,6.0,0.0,1.0
原因,0.0,15.0,0.0,1.0
先河,0.0,3.0,0.0,1.0
跌去,0.0,3.0,0.0,1.0
收购案,0.0,3.0,0.0,1.0
年里,0.0,3.0,0.0,1.0
出路,0.0,9.0,0.0,1.0
一部,3.0,12.0,0.2,0.8
手中,0.0,3.0,0.0,1.0
2.83,0.0,3.0,0.0,1.0
魔幻,0.0,3.0,0.0,1.0
飞火流星,0.0,3.0,0.0,1.0
带,0.0,3.0,0.0,1.0
立,0.0,3.0,0.0,1.0
内涵,0.0,3.0,0.0,1.0
亿,0.0,39.0,0.0,1.0
席,0.0,6.0,0.0,1.0
聘任,0.0,3.0,0.0,1.0
新进,0.0,3.0,0.0,1.0
刘胜军,0.0,3.0,0.0,1.0
人民币,0.0,48.0,0.0,1.0
传闻,0.0,3.0,0.0,1.0
金融,0.0,3.0,0.0,1.0
把,0.0,6.0,0.0,1.0
双,0.0,6.0,0.0,1.0
2.57,0.0,3.0,0.0,1.0
词汇,0.0,3.0,0.0,1.0
方便,0.0,3.0,0.0,1.0
过往,0.0,3.0,0.0,1.0
已有,0.0,18.0,0.0,1.0
精彩纷呈,0.0,3.0,0.0,1.0
看到,0.0,9.0,0.0,1.0
企业,3.0,45.0,0.0625,0.9375
最新,0.0,3.0,0.0,1.0
链条,0.0,12.0,0.0,1.0
风口,0.0,9.0,0.0,1.0
面向,0.0,3.0,0.0,1.0
公开化,0.0,3.0,0.0,1.0
经历,0.0,12.0,0.0,1.0
鼎立,0.0,3.0,0.0,1.0
2017,0.0,150.0,0.0,1.0
产业链,6.0,24.0,0.2,0.8
手游,0.0,12.0,0.0,1.0
首个,0.0,9.0,0.0,1.0
承载,0.0,6.0,0.0,1.0
增加,0.0,9.0,0.0,1.0
无疑,0.0,6.0,0.0,1.0
凭何,0.0,3.0,0.0,1.0
[,0.0,9.0,0.0,1.0
不俗,0.0,3.0,0.0,1.0
活动,6.0,3.0,0.6666666666666666,0.3333333333333333
下挫,0.0,3.0,0.0,1.0
十二日,0.0,3.0,0.0,1.0
嘉定,0.0,3.0,0.0,1.0
之一,0.0,24.0,0.0,1.0
股数,0.0,3.0,0.0,1.0
潜能,0.0,6.0,0.0,1.0
悦视,0.0,3.0,0.0,1.0
收官,0.0,6.0,0.0,1.0
环节,0.0,15.0,0.0,1.0
公关,0.0,3.0,0.0,1.0
笑,0.0,3.0,0.0,1.0
营收,0.0,33.0,0.0,1.0
05,0.0,18.0,0.0,1.0
由嘉盛,0.0,6.0,0.0,1.0
给害,0.0,3.0,0.0,1.0
培训,3.0,9.0,0.25,0.75
路,0.0,9.0,0.0,1.0
荟萃,0.0,3.0,0.0,1.0
7.07,0.0,3.0,0.0,1.0
校长,0.0,30.0,0.0,1.0
微博,0.0,51.0,0.0,1.0
冷美华,0.0,12.0,0.0,1.0
弥补,0.0,3.0,0.0,1.0
小幅,0.0,3.0,0.0,1.0
男,0.0,3.0,0.0,1.0
看来,0.0,15.0,0.0,1.0
Campaign,0.0,3.0,0.0,1.0
1.40,0.0,3.0,0.0,1.0
影,0.0,3.0,0.0,1.0
演员,0.0,3.0,0.0,1.0
能够,0.0,9.0,0.0,1.0
加上,0.0,3.0,0.0,1.0
厚实,0.0,3.0,0.0,1.0
中证网,0.0,9.0,0.0,1.0
心得,0.0,3.0,0.0,1.0
201705,0.0,3.0,0.0,1.0
40,0.0,12.0,0.0,1.0
报告,0.0,33.0,0.0,1.0
大道,0.0,3.0,0.0,1.0
危机感,0.0,3.0,0.0,1.0
情形,0.0,3.0,0.0,1.0
稳固,0.0,6.0,0.0,1.0
日讯,0.0,15.0,0.0,1.0
数额,0.0,9.0,0.0,1.0
摸金校尉,0.0,3.0,0.0,1.0
要职,0.0,6.0,0.0,1.0
15,0.0,15.0,0.0,1.0
更好,0.0,15.0,0.0,1.0
创造力,0.0,27.0,0.0,1.0
大通,0.0,6.0,0.0,1.0
O,0.0,3.0,0.0,1.0
十天,0.0,6.0,0.0,1.0
该,0.0,30.0,0.0,1.0
科技股份,0.0,3.0,0.0,1.0
超市,9.0,0.0,1.0,0.0
i3,0.0,3.0,0.0,1.0
稳盛,0.0,6.0,0.0,1.0
孩子,0.0,36.0,0.0,1.0
所有者,0.0,3.0,0.0,1.0
文,0.0,3.0,0.0,1.0
建设,3.0,9.0,0.25,0.75
之初,0.0,3.0,0.0,1.0
近期,0.0,9.0,0.0,1.0
征集,3.0,0.0,1.0,0.0
国庆,0.0,9.0,0.0,1.0
二级,0.0,3.0,0.0,1.0
报端,0.0,3.0,0.0,1.0
骂战,0.0,3.0,0.0,1.0
财报,0.0,9.0,0.0,1.0
真核,0.0,3.0,0.0,1.0
并非,0.0,6.0,0.0,1.0
支持者,0.0,3.0,0.0,1.0
内,0.0,12.0,0.0,1.0
不再,0.0,3.0,0.0,1.0
感人,0.0,3.0,0.0,1.0
【,0.0,9.0,0.0,1.0
42a94a1127a6fa33,0.0,3.0,0.0,1.0
业已,0.0,3.0,0.0,1.0
新文化,0.0,3.0,0.0,1.0
占据,0.0,3.0,0.0,1.0
马车,0.0,9.0,0.0,1.0
体育产业,0.0,9.0,0.0,1.0
嘉宾,0.0,3.0,0.0,1.0
多元化,0.0,12.0,0.0,1.0
研判,0.0,3.0,0.0,1.0
时尚,0.0,6.0,0.0,1.0
审议,0.0,6.0,0.0,1.0
行程,0.0,3.0,0.0,1.0
实控,0.0,3.0,0.0,1.0
董事会,0.0,33.0,0.0,1.0
1.01,0.0,9.0,0.0,1.0
连续,0.0,24.0,0.0,1.0
宣扬,0.0,3.0,0.0,1.0
直奔,0.0,3.0,0.0,1.0
说起,3.0,0.0,1.0,0.0
去,0.0,27.0,0.0,1.0
开工,0.0,15.0,0.0,1.0
科创,0.0,3.0,0.0,1.0
缺席,0.0,3.0,0.0,1.0
颇为,0.0,3.0,0.0,1.0
0.3,0.0,3.0,0.0,1.0
博,0.0,6.0,0.0,1.0
总动员,0.0,3.0,0.0,1.0
海口,0.0,3.0,0.0,1.0
叶宁,3.0,3.0,0.5,0.5
长期保持,0.0,3.0,0.0,1.0
世纪,0.0,9.0,0.0,1.0
绝大部分,0.0,3.0,0.0,1.0
大手笔,0.0,3.0,0.0,1.0
不怪,0.0,3.0,0.0,1.0
注销,0.0,3.0,0.0,1.0
做,0.0,15.0,0.0,1.0
开启,3.0,0.0,1.0,0.0
长达,0.0,3.0,0.0,1.0
预减,0.0,3.0,0.0,1.0
本土,0.0,6.0,0.0,1.0
节庆,0.0,3.0,0.0,1.0
进达,0.0,6.0,0.0,1.0
重症,0.0,3.0,0.0,1.0
剩余,0.0,3.0,0.0,1.0
负,0.0,3.0,0.0,1.0
根据,0.0,36.0,0.0,1.0
凝聚,0.0,3.0,0.0,1.0
流量,0.0,3.0,0.0,1.0
及泛,0.0,3.0,0.0,1.0
状况,0.0,6.0,0.0,1.0
纽约,0.0,18.0,0.0,1.0
贫困地区,0.0,9.0,0.0,1.0
低头,0.0,3.0,0.0,1.0
昙花一现,0.0,3.0,0.0,1.0
扩大,0.0,3.0,0.0,1.0
坪,18.0,9.0,0.6666666666666666,0.3333333333333333
一度,0.0,3.0,0.0,1.0
全国,0.0,24.0,0.0,1.0
一辈子,0.0,3.0,0.0,1.0
违约责任,0.0,3.0,0.0,1.0
1.03,0.0,9.0,0.0,1.0
两市,0.0,3.0,0.0,1.0
自然人,0.0,12.0,0.0,1.0
2.69,0.0,3.0,0.0,1.0
大戏,0.0,3.0,0.0,1.0
皖,0.0,3.0,0.0,1.0
寻宝,0.0,3.0,0.0,1.0
直播,0.0,3.0,0.0,1.0
诸多,0.0,3.0,0.0,1.0
午后,0.0,3.0,0.0,1.0
投入,0.0,30.0,0.0,1.0
协助,0.0,3.0,0.0,1.0
华影,0.0,30.0,0.0,1.0
斜对面,3.0,0.0,1.0,0.0
诉至,0.0,3.0,0.0,1.0
8.3,0.0,3.0,0.0,1.0
直接,0.0,3.0,0.0,1.0
精心,3.0,0.0,1.0,0.0
10.14,0.0,3.0,0.0,1.0
不约而同,0.0,3.0,0.0,1.0
进步,0.0,3.0,0.0,1.0
3,3.0,45.0,0.0625,0.9375
数达,0.0,3.0,0.0,1.0
完整,0.0,9.0,0.0,1.0
执行官,0.0,3.0,0.0,1.0
主业,0.0,15.0,0.0,1.0
精神,0.0,9.0,0.0,1.0
金科,0.0,6.0,0.0,1.0
护盘,0.0,9.0,0.0,1.0
分众传媒,0.0,3.0,0.0,1.0
变成,0.0,9.0,0.0,1.0
问题,0.0,21.0,0.0,1.0
爲,0.0,3.0,0.0,1.0
高达,0.0,9.0,0.0,1.0
契约,0.0,9.0,0.0,1.0
交易额,3.0,0.0,1.0,0.0
环境,0.0,3.0,0.0,1.0
投资者,0.0,15.0,0.0,1.0
在,6.0,591.0,0.010050251256281407,0.9899497487437185
多米,0.0,3.0,0.0,1.0
二季度,0.0,3.0,0.0,1.0
净利润,0.0,132.0,0.0,1.0
匹配,0.0,3.0,0.0,1.0
利益输送,0.0,3.0,0.0,1.0
冯绍峰,0.0,18.0,0.0,1.0
长沙,0.0,9.0,0.0,1.0
出去,0.0,3.0,0.0,1.0
1945.320,0.0,3.0,0.0,1.0
透露,0.0,6.0,0.0,1.0
呈现,0.0,9.0,0.0,1.0
这个,3.0,27.0,0.1,0.9
整体,0.0,21.0,0.0,1.0
念念不忘,0.0,3.0,0.0,1.0
创始,0.0,6.0,0.0,1.0
套现,0.0,15.0,0.0,1.0
开展,0.0,6.0,0.0,1.0
严歌苓,0.0,6.0,0.0,1.0
神奇,0.0,3.0,0.0,1.0
昨日,0.0,12.0,0.0,1.0
细分,0.0,3.0,0.0,1.0
认购,0.0,36.0,0.0,1.0
纵横,0.0,3.0,0.0,1.0
全面,0.0,9.0,0.0,1.0
通道,0.0,3.0,0.0,1.0
税费,0.0,6.0,0.0,1.0
年,0.0,468.0,0.0,1.0
仍拟聘,0.0,3.0,0.0,1.0
FUN,0.0,3.0,0.0,1.0
具体,0.0,9.0,0.0,1.0
只,0.0,6.0,0.0,1.0
很大,0.0,12.0,0.0,1.0
4.72,0.0,9.0,0.0,1.0
风云人物,0.0,3.0,0.0,1.0
1.8,0.0,9.0,0.0,1.0
归属于,0.0,12.0,0.0,1.0
一览,0.0,3.0,0.0,1.0
热烈,0.0,3.0,0.0,1.0
周月明,0.0,6.0,0.0,1.0
游客,0.0,6.0,0.0,1.0
累计,0.0,30.0,0.0,1.0
隨著,0.0,3.0,0.0,1.0
以期,0.0,6.0,0.0,1.0
媒体,0.0,3.0,0.0,1.0
男友,0.0,3.0,0.0,1.0
橄榄枝,0.0,3.0,0.0,1.0
梦想,0.0,6.0,0.0,1.0
这是,0.0,6.0,0.0,1.0
编号,0.0,6.0,0.0,1.0
首次,0.0,30.0,0.0,1.0
兼,0.0,21.0,0.0,1.0
奔跑,0.0,6.0,0.0,1.0
自身,0.0,6.0,0.0,1.0
由,0.0,66.0,0.0,1.0
着,0.0,21.0,0.0,1.0
群体,0.0,6.0,0.0,1.0
跳入,0.0,3.0,0.0,1.0
见面,0.0,3.0,0.0,1.0
用于,0.0,6.0,0.0,1.0
培养,0.0,9.0,0.0,1.0
兄弟,21.0,1710.0,0.012131715771230503,0.9878682842287695
www,0.0,6.0,0.0,1.0
IMAGE,0.0,42.0,0.0,1.0
出生,0.0,3.0,0.0,1.0
0.0,0.0,18.0,0.0,1.0
净额,0.0,3.0,0.0,1.0
作品,0.0,39.0,0.0,1.0
个股,0.0,6.0,0.0,1.0
基础,0.0,3.0,0.0,1.0
天意,0.0,30.0,0.0,1.0
依赖,0.0,3.0,0.0,1.0
6s,3.0,0.0,1.0,0.0
秦,0.0,3.0,0.0,1.0
比赛,0.0,3.0,0.0,1.0
面临,0.0,3.0,0.0,1.0
投身,0.0,3.0,0.0,1.0
大奖,0.0,9.0,0.0,1.0
退出,0.0,3.0,0.0,1.0
背景,0.0,18.0,0.0,1.0
集中,0.0,21.0,0.0,1.0
倒数,0.0,3.0,0.0,1.0
飞奔,0.0,3.0,0.0,1.0
暴富,0.0,3.0,0.0,1.0
CEO,0.0,21.0,0.0,1.0
间接,0.0,3.0,0.0,1.0
执导,0.0,15.0,0.0,1.0
帮助,0.0,6.0,0.0,1.0
1000,0.0,3.0,0.0,1.0
截止,3.0,0.0,1.0,0.0
上述,0.0,3.0,0.0,1.0
身份,0.0,3.0,0.0,1.0
会展,0.0,3.0,0.0,1.0
承办,0.0,3.0,0.0,1.0
这方面,0.0,3.0,0.0,1.0
计算,0.0,9.0,0.0,1.0
巩固,0.0,6.0,0.0,1.0
人,0.0,18.0,0.0,1.0
年底,0.0,21.0,0.0,1.0
大牌,0.0,6.0,0.0,1.0
招聘,0.0,3.0,0.0,1.0
两次,0.0,6.0,0.0,1.0
俨然,0.0,3.0,0.0,1.0
影片,0.0,36.0,0.0,1.0
51,0.0,9.0,0.0,1.0
收盘,0.0,6.0,0.0,1.0
早,0.0,9.0,0.0,1.0
信心,0.0,3.0,0.0,1.0
原告,0.0,12.0,0.0,1.0
编辑,0.0,6.0,0.0,1.0
每个,0.0,9.0,0.0,1.0
受让方,0.0,6.0,0.0,1.0
引来,0.0,3.0,0.0,1.0
窝囊气,0.0,3.0,0.0,1.0
国际性,0.0,3.0,0.0,1.0
实属,0.0,3.0,0.0,1.0
席位,0.0,3.0,0.0,1.0
随着,0.0,6.0,0.0,1.0
A股,0.0,9.0,0.0,1.0
同年,0.0,3.0,0.0,1.0
维系,0.0,3.0,0.0,1.0
贺岁片,0.0,3.0,0.0,1.0
留出,0.0,6.0,0.0,1.0
端的,0.0,3.0,0.0,1.0
决定,0.0,3.0,0.0,1.0
Corporate,0.0,3.0,0.0,1.0
影视业,0.0,3.0,0.0,1.0
发送至,3.0,0.0,1.0,0.0
所,0.0,66.0,0.0,1.0
20170726,0.0,3.0,0.0,1.0
阵容,0.0,3.0,0.0,1.0
标的,0.0,18.0,0.0,1.0
公平,0.0,9.0,0.0,1.0
13,0.0,9.0,0.0,1.0
近年来,0.0,12.0,0.0,1.0
分享,0.0,9.0,0.0,1.0
上,6.0,99.0,0.05714285714285714,0.9428571428571428
博弈,0.0,3.0,0.0,1.0
梯队,0.0,6.0,0.0,1.0
投资收益,0.0,54.0,0.0,1.0
相应,0.0,3.0,0.0,1.0
优秀,0.0,18.0,0.0,1.0
披露,0.0,36.0,0.0,1.0
深受,0.0,3.0,0.0,1.0
发行,0.0,66.0,0.0,1.0
张海妮,0.0,3.0,0.0,1.0
导向,0.0,3.0,0.0,1.0
执行,0.0,6.0,0.0,1.0
命运,0.0,9.0,0.0,1.0
卫视,0.0,6.0,0.0,1.0
宏皓,0.0,3.0,0.0,1.0
自愿,0.0,3.0,0.0,1.0
换手率,0.0,3.0,0.0,1.0
20,0.0,36.0,0.0,1.0
高调,0.0,3.0,0.0,1.0
000969,0.0,3.0,0.0,1.0
并购,0.0,33.0,0.0,1.0
善举,0.0,3.0,0.0,1.0
第三届,0.0,9.0,0.0,1.0
费,0.0,3.0,0.0,1.0
太监,0.0,6.0,0.0,1.0
小孩,0.0,3.0,0.0,1.0
天下,0.0,30.0,0.0,1.0
扮演,0.0,3.0,0.0,1.0
鲜肉,3.0,3.0,0.5,0.5
29.17,0.0,3.0,0.0,1.0
法宝,3.0,0.0,1.0,0.0
1968,0.0,3.0,0.0,1.0
转变,0.0,12.0,0.0,1.0
300,0.0,3.0,0.0,1.0
例外,0.0,3.0,0.0,1.0
国美,12.0,0.0,1.0,0.0
信息技术,0.0,3.0,0.0,1.0
刘长,0.0,6.0,0.0,1.0
1.68,0.0,6.0,0.0,1.0
亮相,0.0,6.0,0.0,1.0
华语,0.0,9.0,0.0,1.0
出席,0.0,18.0,0.0,1.0
商报,0.0,3.0,0.0,1.0
导致,0.0,3.0,0.0,1.0
股票,0.0,39.0,0.0,1.0
定,0.0,6.0,0.0,1.0
78.54,0.0,3.0,0.0,1.0
DAVID,0.0,3.0,0.0,1.0
店,6.0,0.0,1.0,0.0
教育,3.0,30.0,0.09090909090909091,0.9090909090909091
亟待解决,0.0,3.0,0.0,1.0
于,0.0,57.0,0.0,1.0
投向,0.0,3.0,0.0,1.0
杨旭文,0.0,3.0,0.0,1.0
一年,0.0,6.0,0.0,1.0
集于,3.0,0.0,1.0,0.0
排片,0.0,45.0,0.0,1.0
分析师,0.0,3.0,0.0,1.0
其以,0.0,6.0,0.0,1.0
证券时报,0.0,9.0,0.0,1.0
视野,0.0,6.0,0.0,1.0
操盘手,0.0,3.0,0.0,1.0
以,3.0,72.0,0.04,0.96
2219344,0.0,3.0,0.0,1.0
距离,0.0,6.0,0.0,1.0
去年同期,0.0,3.0,0.0,1.0
知道,0.0,6.0,0.0,1.0
刘育政,0.0,6.0,0.0,1.0
营,0.0,3.0,0.0,1.0
从而,0.0,3.0,0.0,1.0
不多见,0.0,6.0,0.0,1.0
重要性,0.0,3.0,0.0,1.0
集聚,3.0,0.0,1.0,0.0
会议,0.0,6.0,0.0,1.0
购买,0.0,3.0,0.0,1.0
地址,0.0,3.0,0.0,1.0
爆红,0.0,3.0,0.0,1.0
实现,0.0,42.0,0.0,1.0
安信,0.0,3.0,0.0,1.0
周星驰,3.0,0.0,1.0,0.0
新,3.0,54.0,0.05263157894736842,0.9473684210526315
田羽生,0.0,3.0,0.0,1.0
上涨,0.0,24.0,0.0,1.0
是,6.0,285.0,0.020618556701030927,0.979381443298969
前传,0.0,6.0,0.0,1.0
迎接,0.0,3.0,0.0,1.0
议案,0.0,3.0,0.0,1.0
使用,0.0,9.0,0.0,1.0
标志,0.0,6.0,0.0,1.0
观察,0.0,6.0,0.0,1.0
钱途,0.0,6.0,0.0,1.0
规模,0.0,9.0,0.0,1.0
>,0.0,42.0,0.0,1.0
影游,0.0,3.0,0.0,1.0
艺人,0.0,24.0,0.0,1.0
饿,0.0,3.0,0.0,1.0
薄弱,0.0,21.0,0.0,1.0
西藏,0.0,6.0,0.0,1.0
或是,0.0,3.0,0.0,1.0
兼顾,0.0,12.0,0.0,1.0
王,0.0,9.0,0.0,1.0
200,3.0,3.0,0.5,0.5
主演,0.0,9.0,0.0,1.0
多部,0.0,12.0,0.0,1.0
出现,0.0,42.0,0.0,1.0
中国银行,0.0,3.0,0.0,1.0
更进一步,0.0,3.0,0.0,1.0
2711,0.0,18.0,0.0,1.0
i6,0.0,3.0,0.0,1.0
答,0.0,3.0,0.0,1.0
宣告,0.0,3.0,0.0,1.0
个别,0.0,6.0,0.0,1.0
1970,0.0,3.0,0.0,1.0
1.485,0.0,3.0,0.0,1.0
副总经理,3.0,0.0,1.0,0.0
影视圈,0.0,3.0,0.0,1.0
不好,0.0,3.0,0.0,1.0
日起,0.0,3.0,0.0,1.0
地,0.0,24.0,0.0,1.0
相比,0.0,21.0,0.0,1.0
珠宝,3.0,0.0,1.0,0.0
间,0.0,3.0,0.0,1.0
阴阳师,0.0,6.0,0.0,1.0
转换,0.0,3.0,0.0,1.0
赛区,0.0,3.0,0.0,1.0
达到,0.0,30.0,0.0,1.0
重量级,0.0,15.0,0.0,1.0
期待,0.0,9.0,0.0,1.0
分账,0.0,3.0,0.0,1.0
召开,0.0,3.0,0.0,1.0
缘由,0.0,3.0,0.0,1.0
光荣,0.0,3.0,0.0,1.0
晚会,0.0,3.0,0.0,1.0
参与,3.0,66.0,0.043478260869565216,0.9565217391304348
392,0.0,3.0,0.0,1.0
积极,3.0,6.0,0.3333333333333333,0.6666666666666666
转战,0.0,3.0,0.0,1.0
Asia,0.0,3.0,0.0,1.0
正是,0.0,12.0,0.0,1.0
个子,0.0,3.0,0.0,1.0
112,0.0,6.0,0.0,1.0
引进,6.0,12.0,0.3333333333333333,0.6666666666666666
音乐,0.0,6.0,0.0,1.0
康洪雷,0.0,3.0,0.0,1.0
财新,0.0,3.0,0.0,1.0
远,0.0,12.0,0.0,1.0
4,0.0,36.0,0.0,1.0
发现,0.0,12.0,0.0,1.0
所持,0.0,15.0,0.0,1.0
知名,0.0,3.0,0.0,1.0
影视娱乐,0.0,54.0,0.0,1.0
更是,0.0,27.0,0.0,1.0
而是,0.0,3.0,0.0,1.0
新兴,0.0,3.0,0.0,1.0
网红及,0.0,3.0,0.0,1.0
评论,0.0,3.0,0.0,1.0
_,0.0,15.0,0.0,1.0
奇幻,0.0,9.0,0.0,1.0
领袖,0.0,12.0,0.0,1.0
是不是,0.0,6.0,0.0,1.0
一些,0.0,6.0,0.0,1.0
移动,0.0,6.0,0.0,1.0
君临,0.0,3.0,0.0,1.0
新一轮,0.0,3.0,0.0,1.0
经典,0.0,3.0,0.0,1.0
档期,0.0,3.0,0.0,1.0
自然,0.0,3.0,0.0,1.0
众所周知,0.0,3.0,0.0,1.0
倡导,0.0,6.0,0.0,1.0
科技,0.0,198.0,0.0,1.0
250,0.0,3.0,0.0,1.0
现状,3.0,3.0,0.5,0.5
仅为,0.0,6.0,0.0,1.0
6.47,0.0,39.0,0.0,1.0
相对,0.0,6.0,0.0,1.0
机构,0.0,12.0,0.0,1.0
精准,0.0,6.0,0.0,1.0
正如,0.0,3.0,0.0,1.0
渐,0.0,3.0,0.0,1.0
不仅仅,0.0,3.0,0.0,1.0
平台,0.0,6.0,0.0,1.0
兄长,0.0,3.0,0.0,1.0
亿总,0.0,6.0,0.0,1.0
更加,0.0,3.0,0.0,1.0
将,12.0,177.0,0.06349206349206349,0.9365079365079365
国际,3.0,12.0,0.2,0.8
外界,0.0,9.0,0.0,1.0
认识,0.0,15.0,0.0,1.0
95,0.0,21.0,0.0,1.0
跳槽,0.0,3.0,0.0,1.0
编剧,0.0,6.0,0.0,1.0
(,0.0,162.0,0.0,1.0
首创,0.0,3.0,0.0,1.0
（,6.0,210.0,0.027777777777777776,0.9722222222222222
终于,0.0,3.0,0.0,1.0
更,0.0,78.0,0.0,1.0
1,3.0,21.0,0.125,0.875
表示,3.0,60.0,0.047619047619047616,0.9523809523809523
玻璃房,3.0,0.0,1.0,0.0
歌声,0.0,3.0,0.0,1.0
总收入,0.0,12.0,0.0,1.0
借用,0.0,3.0,0.0,1.0
控人,0.0,3.0,0.0,1.0
CSR,0.0,3.0,0.0,1.0
扣除非,0.0,12.0,0.0,1.0
紫,0.0,3.0,0.0,1.0
14,0.0,6.0,0.0,1.0
百亿元,0.0,3.0,0.0,1.0
严格,0.0,3.0,0.0,1.0
D3,0.0,3.0,0.0,1.0
姚明,0.0,3.0,0.0,1.0
获奖,0.0,3.0,0.0,1.0
锁定,0.0,3.0,0.0,1.0
日均,0.0,3.0,0.0,1.0
持,0.0,6.0,0.0,1.0
浩瀚,0.0,27.0,0.0,1.0
逐步形成,3.0,0.0,1.0,0.0
未果,0.0,3.0,0.0,1.0
准确,0.0,6.0,0.0,1.0
25.6,0.0,3.0,0.0,1.0
展会,0.0,6.0,0.0,1.0
王思聪微,0.0,3.0,0.0,1.0
石油,0.0,3.0,0.0,1.0
高水平,0.0,3.0,0.0,1.0
看,0.0,3.0,0.0,1.0
振兴,0.0,3.0,0.0,1.0
左右,0.0,12.0,0.0,1.0
CHIANG,0.0,3.0,0.0,1.0
中孚泰,3.0,0.0,1.0,0.0
周边,0.0,3.0,0.0,1.0
研究,0.0,3.0,0.0,1.0
走向,0.0,6.0,0.0,1.0
偶像,0.0,3.0,0.0,1.0
曹操,0.0,3.0,0.0,1.0
…,0.0,3.0,0.0,1.0
提及,0.0,3.0,0.0,1.0
周迅,0.0,3.0,0.0,1.0
及其,0.0,9.0,0.0,1.0
4.84,0.0,21.0,0.0,1.0
黄金,0.0,3.0,0.0,1.0
ce,0.0,3.0,0.0,1.0
星光,0.0,3.0,0.0,1.0
放缓,0.0,6.0,0.0,1.0
无论,0.0,3.0,0.0,1.0
创意,33.0,24.0,0.5789473684210527,0.42105263157894735
成及,0.0,3.0,0.0,1.0
组成部分,0.0,6.0,0.0,1.0
奔爱,0.0,9.0,0.0,1.0
涨幅,0.0,9.0,0.0,1.0
人士,0.0,15.0,0.0,1.0
中均,0.0,3.0,0.0,1.0
郭靖,0.0,3.0,0.0,1.0
一方面,0.0,6.0,0.0,1.0
王氏兄弟,0.0,3.0,0.0,1.0
表演,0.0,3.0,0.0,1.0
对手,0.0,3.0,0.0,1.0
此次,0.0,54.0,0.0,1.0
973.210,0.0,3.0,0.0,1.0
中国,0.0,87.0,0.0,1.0
午前,0.0,6.0,0.0,1.0
相差,0.0,21.0,0.0,1.0
深圳市,0.0,9.0,0.0,1.0
持股,0.0,15.0,0.0,1.0
捧,0.0,3.0,0.0,1.0
认可,0.0,6.0,0.0,1.0
假面,0.0,3.0,0.0,1.0
全靠,0.0,6.0,0.0,1.0
实际,0.0,12.0,0.0,1.0
轮,0.0,15.0,0.0,1.0
待,0.0,3.0,0.0,1.0
开辟,0.0,3.0,0.0,1.0
司马懿,0.0,3.0,0.0,1.0
对象,0.0,6.0,0.0,1.0
改变,0.0,3.0,0.0,1.0
仍待,0.0,3.0,0.0,1.0
计算机,0.0,3.0,0.0,1.0
加码,0.0,24.0,0.0,1.0
增持,0.0,12.0,0.0,1.0
加入,0.0,3.0,0.0,1.0
赵丽颖,0.0,3.0,0.0,1.0
原,0.0,3.0,0.0,1.0
热土,0.0,3.0,0.0,1.0
large,0.0,6.0,0.0,1.0
10,0.0,57.0,0.0,1.0
撬动,0.0,3.0,0.0,1.0
散布,0.0,9.0,0.0,1.0
亿元,0.0,330.0,0.0,1.0
处置,0.0,3.0,0.0,1.0
端,0.0,6.0,0.0,1.0
24893200,0.0,3.0,0.0,1.0
用户,3.0,30.0,0.09090909090909091,0.9090909090909091
形式,0.0,3.0,0.0,1.0
听到,0.0,3.0,0.0,1.0
老大哥,0.0,3.0,0.0,1.0
鬼吹灯,0.0,3.0,0.0,1.0
离场,0.0,3.0,0.0,1.0
上映,0.0,54.0,0.0,1.0
出色,0.0,3.0,0.0,1.0
唐德,0.0,6.0,0.0,1.0
郑州,0.0,9.0,0.0,1.0
集结,0.0,6.0,0.0,1.0
联手,0.0,12.0,0.0,1.0
大热,0.0,3.0,0.0,1.0
精品,0.0,6.0,0.0,1.0
邱江,0.0,3.0,0.0,1.0
27112544,0.0,3.0,0.0,1.0
张柏淞,0.0,3.0,0.0,1.0
经过,0.0,3.0,0.0,1.0
上千亿,0.0,3.0,0.0,1.0
管理,0.0,9.0,0.0,1.0
期间,0.0,15.0,0.0,1.0
hqpick,0.0,12.0,0.0,1.0
各大,0.0,3.0,0.0,1.0
还是,0.0,3.0,0.0,1.0
本心,0.0,3.0,0.0,1.0
可持续性,0.0,3.0,0.0,1.0
兴业,0.0,9.0,0.0,1.0
369017,0.0,3.0,0.0,1.0
对以,0.0,3.0,0.0,1.0
口号,0.0,3.0,0.0,1.0
扣除,0.0,6.0,0.0,1.0
经济网,0.0,3.0,0.0,1.0
遭到,0.0,3.0,0.0,1.0
郑蕊,0.0,3.0,0.0,1.0
下功夫,0.0,3.0,0.0,1.0
发展,3.0,84.0,0.034482758620689655,0.9655172413793104
成立,0.0,42.0,0.0,1.0
从,3.0,51.0,0.05555555555555555,0.9444444444444444
50,0.0,3.0,0.0,1.0
images,0.0,9.0,0.0,1.0
=,0.0,42.0,0.0,1.0
新作,0.0,3.0,0.0,1.0
天,0.0,3.0,0.0,1.0
2000,0.0,15.0,0.0,1.0
纷繁复杂,0.0,3.0,0.0,1.0
华夏银行,0.0,3.0,0.0,1.0
出手,0.0,3.0,0.0,1.0
其次,0.0,3.0,0.0,1.0
专业,0.0,15.0,0.0,1.0
黑色,0.0,3.0,0.0,1.0
无,0.0,3.0,0.0,1.0
前面,0.0,3.0,0.0,1.0
生态,0.0,15.0,0.0,1.0
生于,0.0,3.0,0.0,1.0
近,0.0,6.0,0.0,1.0
限售,0.0,3.0,0.0,1.0
多少,0.0,24.0,0.0,1.0
加强,0.0,3.0,0.0,1.0
互动,0.0,33.0,0.0,1.0
限于,0.0,3.0,0.0,1.0
郑恺,0.0,3.0,0.0,1.0
休闲,0.0,3.0,0.0,1.0
7.14,0.0,3.0,0.0,1.0
陷入,0.0,12.0,0.0,1.0
虚假,0.0,15.0,0.0,1.0
证券,0.0,15.0,0.0,1.0
新生代,0.0,6.0,0.0,1.0
超过,0.0,27.0,0.0,1.0
集,0.0,3.0,0.0,1.0
将近,0.0,3.0,0.0,1.0
需求,0.0,6.0,0.0,1.0
超,0.0,6.0,0.0,1.0
大刀阔斧,0.0,9.0,0.0,1.0
账面,0.0,3.0,0.0,1.0
32.16,0.0,3.0,0.0,1.0
由曜为,0.0,6.0,0.0,1.0
吴毅,0.0,9.0,0.0,1.0
承诺,0.0,42.0,0.0,1.0
之心,0.0,3.0,0.0,1.0
相聚,0.0,3.0,0.0,1.0
效率,0.0,6.0,0.0,1.0
互联网,0.0,51.0,0.0,1.0
当期,0.0,12.0,0.0,1.0
绝配,3.0,0.0,1.0,0.0
阿里,0.0,3.0,0.0,1.0
总监,0.0,3.0,0.0,1.0
寝食难安,0.0,3.0,0.0,1.0
资料,0.0,9.0,0.0,1.0
财富,0.0,12.0,0.0,1.0
444.51,0.0,6.0,0.0,1.0
真的,0.0,9.0,0.0,1.0
残障儿童,0.0,6.0,0.0,1.0
相符合,0.0,3.0,0.0,1.0
连番,0.0,3.0,0.0,1.0
部分,0.0,42.0,0.0,1.0
力盛,0.0,3.0,0.0,1.0
夫妇,6.0,0.0,1.0,0.0
储备,0.0,3.0,0.0,1.0
》,0.0,345.0,0.0,1.0
建筑设计,0.0,3.0,0.0,1.0
提名,0.0,6.0,0.0,1.0
破,0.0,6.0,0.0,1.0
爆发,0.0,6.0,0.0,1.0
春节,0.0,3.0,0.0,1.0
万亿,0.0,3.0,0.0,1.0
华夏,0.0,3.0,0.0,1.0
总额,0.0,3.0,0.0,1.0
会,0.0,18.0,0.0,1.0
相当可观,0.0,3.0,0.0,1.0
覆盖,0.0,3.0,0.0,1.0
先后,0.0,6.0,0.0,1.0
83,0.0,3.0,0.0,1.0
1.99,0.0,3.0,0.0,1.0
顾问,0.0,6.0,0.0,1.0
长远,0.0,3.0,0.0,1.0
金融界,0.0,3.0,0.0,1.0
1.09,0.0,12.0,0.0,1.0
估算,0.0,6.0,0.0,1.0
573.500,0.0,3.0,0.0,1.0
主营业务,0.0,45.0,0.0,1.0
网红,0.0,3.0,0.0,1.0
目光,0.0,3.0,0.0,1.0
差异性,0.0,3.0,0.0,1.0
立即,0.0,15.0,0.0,1.0
舞台,0.0,3.0,0.0,1.0
开始,0.0,48.0,0.0,1.0
获得,0.0,33.0,0.0,1.0
政治,0.0,3.0,0.0,1.0
宝座,0.0,3.0,0.0,1.0
针锋,0.0,6.0,0.0,1.0
下称,0.0,3.0,0.0,1.0
主办,0.0,3.0,0.0,1.0
推档,0.0,3.0,0.0,1.0
陆续,0.0,21.0,0.0,1.0
每部,0.0,9.0,0.0,1.0
月,3.0,252.0,0.011764705882352941,0.9882352941176471
老炮,0.0,9.0,0.0,1.0
分会场,3.0,0.0,1.0,0.0
这部,0.0,18.0,0.0,1.0
赚,0.0,3.0,0.0,1.0
量身,0.0,3.0,0.0,1.0
收益,0.0,36.0,0.0,1.0
报道,0.0,6.0,0.0,1.0
难逃,0.0,9.0,0.0,1.0
牛莉,0.0,3.0,0.0,1.0
曾,3.0,24.0,0.1111111111111111,0.8888888888888888
重建,0.0,3.0,0.0,1.0
亿股,0.0,6.0,0.0,1.0
12,0.0,45.0,0.0,1.0
诊股,0.0,30.0,0.0,1.0
井喷,0.0,3.0,0.0,1.0
以下,0.0,12.0,0.0,1.0
满满,0.0,3.0,0.0,1.0
事件,0.0,6.0,0.0,1.0
成功,0.0,15.0,0.0,1.0
全球,0.0,12.0,0.0,1.0
方,0.0,12.0,0.0,1.0
崛起,0.0,6.0,0.0,1.0
片单,0.0,6.0,0.0,1.0
再见,0.0,3.0,0.0,1.0
明显,0.0,9.0,0.0,1.0
先生,0.0,18.0,0.0,1.0
封,0.0,3.0,0.0,1.0
漩涡,0.0,3.0,0.0,1.0
联动,0.0,15.0,0.0,1.0
0.1,0.0,3.0,0.0,1.0
重大,0.0,9.0,0.0,1.0
称,0.0,42.0,0.0,1.0
工夫,0.0,6.0,0.0,1.0
嘉盛,0.0,3.0,0.0,1.0
保留,0.0,9.0,0.0,1.0
跨界,0.0,24.0,0.0,1.0
办法,0.0,3.0,0.0,1.0
力量,0.0,6.0,0.0,1.0
城市,0.0,6.0,0.0,1.0
大型,3.0,15.0,0.16666666666666666,0.8333333333333334
占,0.0,54.0,0.0,1.0
2.2,0.0,3.0,0.0,1.0
姐姐,0.0,3.0,0.0,1.0
杜淳,0.0,3.0,0.0,1.0
战,0.0,3.0,0.0,1.0
时,0.0,42.0,0.0,1.0
属权,0.0,3.0,0.0,1.0
千万级,0.0,3.0,0.0,1.0
短板,0.0,3.0,0.0,1.0
22,0.0,3.0,0.0,1.0
并且,0.0,3.0,0.0,1.0
盛希泰,0.0,27.0,0.0,1.0
赔,0.0,3.0,0.0,1.0
深,0.0,9.0,0.0,1.0
收获,0.0,9.0,0.0,1.0
动用,0.0,3.0,0.0,1.0
数千万元,0.0,3.0,0.0,1.0
承担,0.0,6.0,0.0,1.0
总有,0.0,3.0,0.0,1.0
择机,0.0,3.0,0.0,1.0
361.17,0.0,6.0,0.0,1.0
189246088,0.0,3.0,0.0,1.0
结合,0.0,12.0,0.0,1.0
旗下,0.0,27.0,0.0,1.0
使,0.0,3.0,0.0,1.0
不休,0.0,3.0,0.0,1.0
每经,0.0,9.0,0.0,1.0
求证,0.0,3.0,0.0,1.0
矛盾,0.0,3.0,0.0,1.0
成熟,3.0,0.0,1.0,0.0
抓住,0.0,3.0,0.0,1.0
切合,0.0,3.0,0.0,1.0
转发,0.0,3.0,0.0,1.0
且,0.0,9.0,0.0,1.0
慈善事业,0.0,3.0,0.0,1.0
对比,0.0,6.0,0.0,1.0
因素,0.0,3.0,0.0,1.0
增以,0.0,3.0,0.0,1.0
近日,0.0,3.0,0.0,1.0
王中骁,0.0,3.0,0.0,1.0
始终如一,0.0,3.0,0.0,1.0
李,0.0,3.0,0.0,1.0
5438.16,0.0,3.0,0.0,1.0
创始人,0.0,15.0,0.0,1.0
化,0.0,36.0,0.0,1.0
爸爸,0.0,27.0,0.0,1.0
该片,0.0,3.0,0.0,1.0
8.65,0.0,3.0,0.0,1.0
南辕北辙,0.0,3.0,0.0,1.0
预案,0.0,3.0,0.0,1.0
主营,0.0,18.0,0.0,1.0
传播,0.0,9.0,0.0,1.0
登上,0.0,3.0,0.0,1.0
延续,0.0,6.0,0.0,1.0
相继,0.0,3.0,0.0,1.0
小,3.0,0.0,1.0,0.0
现金,0.0,12.0,0.0,1.0
i,0.0,3.0,0.0,1.0
综艺,0.0,12.0,0.0,1.0
出资,0.0,15.0,0.0,1.0
长江,0.0,3.0,0.0,1.0
AngelaBAby,0.0,3.0,0.0,1.0
哈利波,0.0,3.0,0.0,1.0
：,6.0,153.0,0.03773584905660377,0.9622641509433962
实况,3.0,0.0,1.0,0.0
创造,0.0,18.0,0.0,1.0
走强,0.0,12.0,0.0,1.0
定期,0.0,3.0,0.0,1.0
第四,0.0,3.0,0.0,1.0
善款,0.0,3.0,0.0,1.0
）,6.0,210.0,0.027777777777777776,0.9722222222222222
最为,0.0,3.0,0.0,1.0
投资,0.0,246.0,0.0,1.0
正在,0.0,18.0,0.0,1.0
项,0.0,3.0,0.0,1.0
重担,0.0,3.0,0.0,1.0
舒缓,0.0,3.0,0.0,1.0
2.53,0.0,3.0,0.0,1.0
体验,0.0,3.0,0.0,1.0
繁荣,0.0,3.0,0.0,1.0
辉煌,0.0,3.0,0.0,1.0
8.98,0.0,3.0,0.0,1.0
联盟,0.0,6.0,0.0,1.0
电影,9.0,327.0,0.026785714285714284,0.9732142857142857
促进,0.0,6.0,0.0,1.0
消费市场,0.0,3.0,0.0,1.0
大部分,0.0,3.0,0.0,1.0
唯靠,0.0,3.0,0.0,1.0
一直,0.0,39.0,0.0,1.0
0.03,0.0,3.0,0.0,1.0
远高于,0.0,3.0,0.0,1.0
终端,0.0,45.0,0.0,1.0
三板,0.0,30.0,0.0,1.0
童璐,0.0,3.0,0.0,1.0
蒋洁琼,0.0,3.0,0.0,1.0
四大,0.0,18.0,0.0,1.0
量,0.0,6.0,0.0,1.0
操作,0.0,6.0,0.0,1.0
小小,0.0,3.0,0.0,1.0
64.45,0.0,3.0,0.0,1.0
占有,0.0,6.0,0.0,1.0
万达,0.0,57.0,0.0,1.0
唐艺昕,0.0,3.0,0.0,1.0
起,0.0,12.0,0.0,1.0
绝对,0.0,3.0,0.0,1.0
minpic,0.0,3.0,0.0,1.0
2500,0.0,3.0,0.0,1.0
股本,0.0,18.0,0.0,1.0
地位,0.0,12.0,0.0,1.0
没有,0.0,33.0,0.0,1.0
画皮,0.0,6.0,0.0,1.0
有所,0.0,9.0,0.0,1.0
后市,0.0,6.0,0.0,1.0
亚洲,0.0,3.0,0.0,1.0
价款,0.0,12.0,0.0,1.0
文化,39.0,75.0,0.34210526315789475,0.6578947368421053
榜首,0.0,3.0,0.0,1.0
天王,0.0,9.0,0.0,1.0
遇冷,0.0,3.0,0.0,1.0
日晚,0.0,9.0,0.0,1.0
今天,0.0,3.0,0.0,1.0
新纪录,0.0,3.0,0.0,1.0
趋势,0.0,3.0,0.0,1.0
经纪,0.0,3.0,0.0,1.0
在线,0.0,3.0,0.0,1.0
实践,0.0,9.0,0.0,1.0
横空,0.0,3.0,0.0,1.0
来看,0.0,15.0,0.0,1.0
致歉,0.0,6.0,0.0,1.0
详细情况,0.0,3.0,0.0,1.0
演唱会,0.0,3.0,0.0,1.0
site1,0.0,3.0,0.0,1.0
往前,0.0,3.0,0.0,1.0
山东,0.0,3.0,0.0,1.0
共鸣,0.0,3.0,0.0,1.0
发达国家,0.0,3.0,0.0,1.0
得到,0.0,6.0,0.0,1.0
矩阵,0.0,9.0,0.0,1.0
而出,0.0,3.0,0.0,1.0
Awards,0.0,3.0,0.0,1.0
杨颖,3.0,3.0,0.5,0.5
时代,0.0,21.0,0.0,1.0
8609,0.0,3.0,0.0,1.0
俊杰,0.0,3.0,0.0,1.0
动向,0.0,6.0,0.0,1.0
平滑,0.0,6.0,0.0,1.0
新星,0.0,3.0,0.0,1.0
丰收,0.0,3.0,0.0,1.0
网站,0.0,3.0,0.0,1.0
毕业,0.0,3.0,0.0,1.0
详细信息,0.0,3.0,0.0,1.0
债券,0.0,3.0,0.0,1.0
186.43,0.0,3.0,0.0,1.0
结束,0.0,6.0,0.0,1.0
景林,0.0,3.0,0.0,1.0
围绕,0.0,9.0,0.0,1.0
显示,0.0,84.0,0.0,1.0
动工,0.0,3.0,0.0,1.0
bjsb,0.0,3.0,0.0,1.0
转型,0.0,9.0,0.0,1.0
阶段,0.0,3.0,0.0,1.0
为例,0.0,6.0,0.0,1.0
项目,15.0,117.0,0.11363636363636363,0.8863636363636364
网大,0.0,6.0,0.0,1.0
1998,0.0,6.0,0.0,1.0
作用,0.0,3.0,0.0,1.0
电影圈,0.0,3.0,0.0,1.0
大幅,0.0,18.0,0.0,1.0
多番,0.0,3.0,0.0,1.0
行者,0.0,3.0,0.0,1.0
抵制,0.0,3.0,0.0,1.0
大地,0.0,108.0,0.0,1.0
多个,3.0,15.0,0.16666666666666666,0.8333333333333334
强势,0.0,3.0,0.0,1.0
能否,0.0,3.0,0.0,1.0
10.5,0.0,3.0,0.0,1.0
运转,0.0,6.0,0.0,1.0
值得一提的是,0.0,3.0,0.0,1.0
25,0.0,48.0,0.0,1.0
印度,0.0,15.0,0.0,1.0
放映,0.0,42.0,0.0,1.0
有叶宁,0.0,3.0,0.0,1.0
核心,0.0,9.0,0.0,1.0
7.02,0.0,3.0,0.0,1.0
子公司,0.0,78.0,0.0,1.0
执掌,0.0,3.0,0.0,1.0
保持,0.0,12.0,0.0,1.0
参会,0.0,3.0,0.0,1.0
比例,0.0,30.0,0.0,1.0
识别,0.0,3.0,0.0,1.0
ONE,0.0,3.0,0.0,1.0
6,0.0,96.0,0.0,1.0
杨小京,0.0,3.0,0.0,1.0
亲自,0.0,3.0,0.0,1.0
国籍,0.0,3.0,0.0,1.0
引发,0.0,6.0,0.0,1.0
交易中心,0.0,3.0,0.0,1.0
15.6,0.0,3.0,0.0,1.0
充分,0.0,6.0,0.0,1.0
宣布,0.0,24.0,0.0,1.0
其,0.0,147.0,0.0,1.0
9,0.0,30.0,0.0,1.0
姓名,0.0,3.0,0.0,1.0
7.56,0.0,3.0,0.0,1.0
给出,0.0,3.0,0.0,1.0
仍,0.0,33.0,0.0,1.0
cn,0.0,24.0,0.0,1.0
太极,0.0,3.0,0.0,1.0
匠心,0.0,3.0,0.0,1.0
优化,0.0,3.0,0.0,1.0
便,0.0,12.0,0.0,1.0
观澜湖,0.0,3.0,0.0,1.0
热播,0.0,3.0,0.0,1.0
热点,3.0,0.0,1.0,0.0
全资,0.0,27.0,0.0,1.0
3.39,0.0,3.0,0.0,1.0
认为,3.0,36.0,0.07692307692307693,0.9230769230769231
网综,0.0,6.0,0.0,1.0
公益,0.0,153.0,0.0,1.0
iPhone,3.0,0.0,1.0,0.0
经常性,0.0,18.0,0.0,1.0
年度,0.0,24.0,0.0,1.0
一定,0.0,3.0,0.0,1.0
老,0.0,9.0,0.0,1.0
均价,0.0,3.0,0.0,1.0
创新,0.0,9.0,0.0,1.0
多,0.0,39.0,0.0,1.0
11,0.0,30.0,0.0,1.0
精英,0.0,3.0,0.0,1.0
难看,0.0,12.0,0.0,1.0
而言,0.0,12.0,0.0,1.0
延展,0.0,6.0,0.0,1.0
儿童,0.0,42.0,0.0,1.0
体育,0.0,117.0,0.0,1.0
包括,0.0,36.0,0.0,1.0
下半年,0.0,3.0,0.0,1.0
最高价,0.0,3.0,0.0,1.0
观众,0.0,9.0,0.0,1.0
共计,0.0,3.0,0.0,1.0
属实,0.0,3.0,0.0,1.0
2.37,0.0,9.0,0.0,1.0
困境,0.0,9.0,0.0,1.0
名声,0.0,3.0,0.0,1.0
攻击,0.0,3.0,0.0,1.0
芳晟,0.0,3.0,0.0,1.0
建,0.0,6.0,0.0,1.0
深耕,0.0,3.0,0.0,1.0
gif,0.0,3.0,0.0,1.0
再建,0.0,3.0,0.0,1.0
乐视,0.0,3.0,0.0,1.0
上海,0.0,15.0,0.0,1.0
attpic,0.0,3.0,0.0,1.0
拉开帷幕,0.0,3.0,0.0,1.0
几年,0.0,12.0,0.0,1.0
担任,0.0,24.0,0.0,1.0
带来,0.0,30.0,0.0,1.0
获利,0.0,12.0,0.0,1.0
第一位,0.0,3.0,0.0,1.0
王中磊,0.0,72.0,0.0,1.0
大晟,0.0,3.0,0.0,1.0
负责,0.0,3.0,0.0,1.0
坚定信念,0.0,3.0,0.0,1.0
铃,0.0,3.0,0.0,1.0
确定,0.0,6.0,0.0,1.0
咸鱼,0.0,15.0,0.0,1.0
大小,0.0,3.0,0.0,1.0
日期,0.0,6.0,0.0,1.0
灵偶,0.0,9.0,0.0,1.0
多次,0.0,6.0,0.0,1.0
卢扬,0.0,3.0,0.0,1.0
去年,0.0,36.0,0.0,1.0
大网,0.0,6.0,0.0,1.0
落,0.0,3.0,0.0,1.0
2.07,0.0,3.0,0.0,1.0
Social,0.0,3.0,0.0,1.0
妈妈,0.0,3.0,0.0,1.0
再次,0.0,18.0,0.0,1.0
建筑,0.0,3.0,0.0,1.0
李小冉,0.0,3.0,0.0,1.0
6.03,0.0,6.0,0.0,1.0
31,0.0,24.0,0.0,1.0
上市公司,0.0,27.0,0.0,1.0
43,0.0,15.0,0.0,1.0
发起,0.0,3.0,0.0,1.0
落地,0.0,6.0,0.0,1.0
054,0.0,3.0,0.0,1.0
作者,0.0,6.0,0.0,1.0
情况,0.0,45.0,0.0,1.0
解禁,0.0,24.0,0.0,1.0
并未,0.0,12.0,0.0,1.0
天津,0.0,51.0,0.0,1.0
候选人,0.0,12.0,0.0,1.0
迎来,0.0,6.0,0.0,1.0
盛希泰为,0.0,6.0,0.0,1.0
聘洪泰,0.0,3.0,0.0,1.0
4865.08,0.0,3.0,0.0,1.0
th,0.0,3.0,0.0,1.0
实际行动,0.0,6.0,0.0,1.0
有意,0.0,3.0,0.0,1.0
稳赚,0.0,6.0,0.0,1.0
itc,0.0,3.0,0.0,1.0
纷纷,0.0,3.0,0.0,1.0
牵手,0.0,6.0,0.0,1.0
站稳脚跟,0.0,3.0,0.0,1.0
永久,0.0,3.0,0.0,1.0
军师,0.0,6.0,0.0,1.0
本身,3.0,0.0,1.0,0.0
只有,0.0,12.0,0.0,1.0
冯小刚,3.0,54.0,0.05263157894736842,0.9473684210526315
责任,0.0,6.0,0.0,1.0
理解,0.0,3.0,0.0,1.0
一条,0.0,3.0,0.0,1.0
曾经,0.0,6.0,0.0,1.0
分析,0.0,21.0,0.0,1.0
600584,0.0,3.0,0.0,1.0
董事长,0.0,45.0,0.0,1.0
投资人,0.0,9.0,0.0,1.0
事实上,0.0,6.0,0.0,1.0
刚刚,0.0,15.0,0.0,1.0
.,0.0,180.0,0.0,1.0
方向,3.0,6.0,0.3333333333333333,0.6666666666666666
张国立,0.0,3.0,0.0,1.0
个人,0.0,9.0,0.0,1.0
高价,0.0,3.0,0.0,1.0
同创,0.0,3.0,0.0,1.0
600,0.0,3.0,0.0,1.0
2,3.0,18.0,0.14285714285714285,0.8571428571428571
权益,0.0,3.0,0.0,1.0
盛典,0.0,3.0,0.0,1.0
答案,0.0,3.0,0.0,1.0
备受瞩目,0.0,6.0,0.0,1.0
已成,0.0,3.0,0.0,1.0
排,0.0,3.0,0.0,1.0
一次,0.0,12.0,0.0,1.0
变动,0.0,9.0,0.0,1.0
三大块,0.0,3.0,0.0,1.0
投,0.0,3.0,0.0,1.0
在乎,0.0,6.0,0.0,1.0
平淡,0.0,3.0,0.0,1.0
11.19,0.0,3.0,0.0,1.0
5000,0.0,3.0,0.0,1.0
相互,0.0,3.0,0.0,1.0
stcn,0.0,6.0,0.0,1.0
近年,0.0,3.0,0.0,1.0
堪称,0.0,3.0,0.0,1.0
债,0.0,6.0,0.0,1.0
资本运作,6.0,3.0,0.6666666666666666,0.3333333333333333
光线,0.0,39.0,0.0,1.0
微博称,0.0,3.0,0.0,1.0
掌握,0.0,12.0,0.0,1.0
决策,0.0,3.0,0.0,1.0
不佳,0.0,18.0,0.0,1.0
旅游,0.0,9.0,0.0,1.0
六年,0.0,3.0,0.0,1.0
06,0.0,3.0,0.0,1.0
0.6,0.0,3.0,0.0,1.0
干涉,0.0,3.0,0.0,1.0
远大,0.0,3.0,0.0,1.0
素质教育,0.0,3.0,0.0,1.0
逾,0.0,9.0,0.0,1.0
额约,0.0,3.0,0.0,1.0
一半左右,0.0,3.0,0.0,1.0
推行,3.0,0.0,1.0,0.0
主要,0.0,60.0,0.0,1.0
暴跌,0.0,9.0,0.0,1.0
与此同时,0.0,12.0,0.0,1.0
一,0.0,36.0,0.0,1.0
公布,0.0,3.0,0.0,1.0
	,0.0,3.0,0.0,1.0
代价,0.0,3.0,0.0,1.0
半年,0.0,9.0,0.0,1.0
全部,0.0,12.0,0.0,1.0
thsi,0.0,3.0,0.0,1.0
败落,0.0,15.0,0.0,1.0
文末,0.0,3.0,0.0,1.0
创造者,0.0,3.0,0.0,1.0
一百,0.0,3.0,0.0,1.0
达,0.0,9.0,0.0,1.0
采取,0.0,3.0,0.0,1.0
有利于,0.0,3.0,0.0,1.0
国家电网,0.0,3.0,0.0,1.0
市值,0.0,9.0,0.0,1.0
成为,3.0,51.0,0.05555555555555555,0.9444444444444444
相关,3.0,21.0,0.125,0.875
应当,0.0,3.0,0.0,1.0
菊,0.0,6.0,0.0,1.0
上年,0.0,15.0,0.0,1.0
东阳,0.0,39.0,0.0,1.0
30,0.0,60.0,0.0,1.0
‘,3.0,0.0,1.0,0.0
活跃,0.0,3.0,0.0,1.0
开业,3.0,18.0,0.14285714285714285,0.8571428571428571
技术,0.0,3.0,0.0,1.0
数据,0.0,21.0,0.0,1.0
杀手锏,0.0,3.0,0.0,1.0
0.70,0.0,3.0,0.0,1.0
深刻,0.0,3.0,0.0,1.0
操盘,0.0,3.0,0.0,1.0
认知,0.0,3.0,0.0,1.0
转让,0.0,54.0,0.0,1.0
冠以,0.0,3.0,0.0,1.0
陈述,0.0,6.0,0.0,1.0
比重,0.0,3.0,0.0,1.0
发布,0.0,78.0,0.0,1.0
南京,0.0,18.0,0.0,1.0
洞察,0.0,3.0,0.0,1.0
值,0.0,3.0,0.0,1.0
2222,0.0,3.0,0.0,1.0
正常,0.0,6.0,0.0,1.0
境外,0.0,3.0,0.0,1.0
振幅,0.0,6.0,0.0,1.0
竟,0.0,3.0,0.0,1.0
大,6.0,108.0,0.05263157894736842,0.9473684210526315
感受,0.0,9.0,0.0,1.0
凤凰,0.0,3.0,0.0,1.0
文化城,6.0,6.0,0.5,0.5
见解,0.0,3.0,0.0,1.0
放量,0.0,3.0,0.0,1.0
花间,0.0,6.0,0.0,1.0
初步,0.0,12.0,0.0,1.0
28,0.0,9.0,0.0,1.0
排名,0.0,3.0,0.0,1.0
输出,0.0,3.0,0.0,1.0
成本,0.0,12.0,0.0,1.0
大潮,0.0,3.0,0.0,1.0
理由,0.0,3.0,0.0,1.0
brief,0.0,3.0,0.0,1.0
层面,0.0,9.0,0.0,1.0
遭遇,0.0,12.0,0.0,1.0
误导性,0.0,6.0,0.0,1.0
出品,0.0,24.0,0.0,1.0
超模,0.0,3.0,0.0,1.0
在建,0.0,9.0,0.0,1.0
示,0.0,3.0,0.0,1.0
SRC,0.0,42.0,0.0,1.0
信息,0.0,36.0,0.0,1.0
有助于,0.0,3.0,0.0,1.0
定增,0.0,30.0,0.0,1.0
明年,0.0,3.0,0.0,1.0
融入,0.0,3.0,0.0,1.0
基地,6.0,0.0,1.0,0.0
有关,0.0,3.0,0.0,1.0
天前,0.0,3.0,0.0,1.0
如下,0.0,3.0,0.0,1.0
按照,0.0,3.0,0.0,1.0
SH,0.0,3.0,0.0,1.0
看好,0.0,3.0,0.0,1.0
新增,0.0,15.0,0.0,1.0
下跌,0.0,9.0,0.0,1.0
不能,0.0,9.0,0.0,1.0
被,0.0,33.0,0.0,1.0
短暂,0.0,3.0,0.0,1.0
生产,0.0,3.0,0.0,1.0
600547,0.0,3.0,0.0,1.0
制作,0.0,33.0,0.0,1.0
上下游,0.0,3.0,0.0,1.0
逐渐,0.0,3.0,0.0,1.0
柳庆庆,3.0,0.0,1.0,0.0
应该,0.0,9.0,0.0,1.0
态势,0.0,3.0,0.0,1.0
两名,0.0,3.0,0.0,1.0
竞价,0.0,15.0,0.0,1.0
跻身,0.0,6.0,0.0,1.0
各路,0.0,3.0,0.0,1.0
W020170515361816918349,0.0,3.0,0.0,1.0
展现,0.0,3.0,0.0,1.0
还会,0.0,3.0,0.0,1.0
告知,0.0,6.0,0.0,1.0
第五名,0.0,3.0,0.0,1.0
除了,0.0,63.0,0.0,1.0
纯,0.0,3.0,0.0,1.0
老冤家,0.0,3.0,0.0,1.0
11.4,0.0,3.0,0.0,1.0
首秀,0.0,3.0,0.0,1.0
月末,0.0,18.0,0.0,1.0
专业人才,0.0,3.0,0.0,1.0
B,0.0,21.0,0.0,1.0
一季度,0.0,24.0,0.0,1.0
资本,0.0,42.0,0.0,1.0
接受,0.0,3.0,0.0,1.0
股东,0.0,75.0,0.0,1.0
6842,0.0,9.0,0.0,1.0
亮眼,0.0,9.0,0.0,1.0
0.98,0.0,15.0,0.0,1.0
39361.17,0.0,3.0,0.0,1.0
百泰,3.0,0.0,1.0,0.0
游戏,0.0,69.0,0.0,1.0
较,0.0,3.0,0.0,1.0
叒,0.0,3.0,0.0,1.0
社会,0.0,12.0,0.0,1.0
高峰论坛,0.0,3.0,0.0,1.0
▲,0.0,6.0,0.0,1.0
制图,0.0,3.0,0.0,1.0
颓靡,0.0,6.0,0.0,1.0
成就,0.0,3.0,0.0,1.0
千年,0.0,3.0,0.0,1.0
长久,0.0,3.0,0.0,1.0
多种,0.0,6.0,0.0,1.0
到,0.0,78.0,0.0,1.0
IPO,0.0,3.0,0.0,1.0
本报讯,0.0,3.0,0.0,1.0
拥有,0.0,9.0,0.0,1.0
Year,0.0,3.0,0.0,1.0
令,3.0,3.0,0.5,0.5
估值,0.0,12.0,0.0,1.0
剧是,0.0,3.0,0.0,1.0
3000272,0.0,12.0,0.0,1.0
受益,0.0,12.0,0.0,1.0
充沛,0.0,9.0,0.0,1.0
于线,0.0,6.0,0.0,1.0
uploads,0.0,6.0,0.0,1.0
尚,0.0,3.0,0.0,1.0
刺激,0.0,3.0,0.0,1.0
皓脉,0.0,3.0,0.0,1.0
二,3.0,9.0,0.25,0.75
诉微博,0.0,3.0,0.0,1.0
银汉,0.0,129.0,0.0,1.0
范围,0.0,3.0,0.0,1.0
544,0.0,6.0,0.0,1.0
欢瑞,0.0,9.0,0.0,1.0
历史,0.0,3.0,0.0,1.0
前后,0.0,3.0,0.0,1.0
质量,0.0,3.0,0.0,1.0
轮动,0.0,6.0,0.0,1.0
综漫,0.0,3.0,0.0,1.0
对,0.0,87.0,0.0,1.0
33,0.0,3.0,0.0,1.0
创立,0.0,15.0,0.0,1.0
合伙人,0.0,6.0,0.0,1.0
中,0.0,96.0,0.0,1.0
涨停,0.0,9.0,0.0,1.0
眼球,0.0,6.0,0.0,1.0
;,0.0,9.0,0.0,1.0
另一名,0.0,3.0,0.0,1.0
影响,0.0,3.0,0.0,1.0
高效,0.0,3.0,0.0,1.0
六月,0.0,3.0,0.0,1.0
数字,0.0,24.0,0.0,1.0
抛售,0.0,9.0,0.0,1.0
顺利实现,0.0,3.0,0.0,1.0
朝着,0.0,3.0,0.0,1.0
消亡,0.0,12.0,0.0,1.0
中有,0.0,3.0,0.0,1.0
垚,0.0,12.0,0.0,1.0
一大,3.0,0.0,1.0,0.0
持续,3.0,12.0,0.2,0.8
建业,3.0,0.0,1.0,0.0
《,0.0,330.0,0.0,1.0
剧,0.0,12.0,0.0,1.0
梦,0.0,12.0,0.0,1.0
9.5,0.0,15.0,0.0,1.0
又,0.0,24.0,0.0,1.0
分别,0.0,27.0,0.0,1.0
里,0.0,15.0,0.0,1.0
口碑,0.0,3.0,0.0,1.0
低调,0.0,3.0,0.0,1.0
总,0.0,60.0,0.0,1.0
交易,0.0,57.0,0.0,1.0
快速,0.0,6.0,0.0,1.0
中博,0.0,3.0,0.0,1.0
王健林,0.0,3.0,0.0,1.0
资本化,0.0,15.0,0.0,1.0
后起之秀,0.0,3.0,0.0,1.0
联合,0.0,24.0,0.0,1.0
17.3,0.0,3.0,0.0,1.0
角度,0.0,6.0,0.0,1.0
英雄传,0.0,3.0,0.0,1.0
48444.51,0.0,3.0,0.0,1.0
回收,0.0,9.0,0.0,1.0
多年,0.0,3.0,0.0,1.0
其实,0.0,27.0,0.0,1.0
相当,0.0,3.0,0.0,1.0
近来,0.0,6.0,0.0,1.0
迅速,0.0,3.0,0.0,1.0
程煜,0.0,3.0,0.0,1.0
产品,3.0,6.0,0.3333333333333333,0.6666666666666666
万股,0.0,57.0,0.0,1.0
?,0.0,3.0,0.0,1.0
为,3.0,231.0,0.01282051282051282,0.9871794871794872
所在,0.0,9.0,0.0,1.0
王忠磊,0.0,6.0,0.0,1.0
降至,0.0,3.0,0.0,1.0
值得,0.0,6.0,0.0,1.0
支柱,0.0,3.0,0.0,1.0
紧锣密鼓,0.0,3.0,0.0,1.0
魔兽,0.0,30.0,0.0,1.0
头牌,0.0,3.0,0.0,1.0
之意,0.0,3.0,0.0,1.0
构建,0.0,6.0,0.0,1.0
原定,0.0,3.0,0.0,1.0
包含,0.0,6.0,0.0,1.0
很多,0.0,15.0,0.0,1.0
印证,0.0,3.0,0.0,1.0
负值,0.0,9.0,0.0,1.0
电影院,0.0,54.0,0.0,1.0
西昌,0.0,9.0,0.0,1.0
很,3.0,15.0,0.16666666666666666,0.8333333333333334
投前,0.0,3.0,0.0,1.0
基本,0.0,6.0,0.0,1.0
广东,3.0,0.0,1.0,0.0
27,0.0,6.0,0.0,1.0
七匹狼,0.0,3.0,0.0,1.0
走,0.0,12.0,0.0,1.0
加速,0.0,12.0,0.0,1.0
体现,0.0,3.0,0.0,1.0
剧本,6.0,0.0,1.0,0.0
有限责任,0.0,3.0,0.0,1.0
一步之遥,0.0,3.0,0.0,1.0
组建,0.0,12.0,0.0,1.0
应有,0.0,3.0,0.0,1.0
自,0.0,21.0,0.0,1.0
35,0.0,18.0,0.0,1.0
参股,0.0,15.0,0.0,1.0
07,0.0,6.0,0.0,1.0
立足,0.0,3.0,0.0,1.0
毛利率,0.0,12.0,0.0,1.0
预计,0.0,36.0,0.0,1.0
包揽,0.0,3.0,0.0,1.0
基金,0.0,108.0,0.0,1.0
博大,0.0,3.0,0.0,1.0
整个,0.0,3.0,0.0,1.0
第一家,0.0,6.0,0.0,1.0
24,0.0,18.0,0.0,1.0
照顾,0.0,3.0,0.0,1.0
image,0.0,6.0,0.0,1.0
―,0.0,6.0,0.0,1.0
1.0,0.0,3.0,0.0,1.0
充分发挥,0.0,3.0,0.0,1.0
),0.0,159.0,0.0,1.0
营业,0.0,9.0,0.0,1.0
仅仅,0.0,12.0,0.0,1.0
跌跌,0.0,3.0,0.0,1.0
万,0.0,24.0,0.0,1.0
者,0.0,6.0,0.0,1.0
jpg,0.0,12.0,0.0,1.0
决心,0.0,6.0,0.0,1.0
人员,3.0,0.0,1.0,0.0
十四日,0.0,3.0,0.0,1.0
2014,0.0,27.0,0.0,1.0
递出,0.0,3.0,0.0,1.0
奠基仪式,0.0,9.0,0.0,1.0
迪士尼,0.0,3.0,0.0,1.0
k,0.0,12.0,0.0,1.0
手头,0.0,3.0,0.0,1.0
董事,0.0,18.0,0.0,1.0
9.86,0.0,3.0,0.0,1.0
以上,0.0,9.0,0.0,1.0
宣传,0.0,9.0,0.0,1.0
4018,0.0,12.0,0.0,1.0
独立,0.0,12.0,0.0,1.0
17,0.0,3.0,0.0,1.0
变脸,0.0,6.0,0.0,1.0
顺利,0.0,3.0,0.0,1.0
Responsibility,0.0,3.0,0.0,1.0
手掌,0.0,3.0,0.0,1.0
23,0.0,9.0,0.0,1.0
额,0.0,3.0,0.0,1.0
改革,0.0,3.0,0.0,1.0
100,0.0,18.0,0.0,1.0
互娱,0.0,75.0,0.0,1.0
NIGHT,0.0,3.0,0.0,1.0
亏损,0.0,81.0,0.0,1.0
撰写,0.0,3.0,0.0,1.0
还要,0.0,9.0,0.0,1.0
来源,0.0,6.0,0.0,1.0
粗略,0.0,3.0,0.0,1.0
深空,3.0,0.0,1.0,0.0
拖累,0.0,6.0,0.0,1.0
评价,0.0,3.0,0.0,1.0
安装,0.0,3.0,0.0,1.0
净资产,0.0,3.0,0.0,1.0
管理层,0.0,3.0,0.0,1.0
电视,0.0,3.0,0.0,1.0
筹备,0.0,6.0,0.0,1.0
最,0.0,9.0,0.0,1.0
拉升,0.0,6.0,0.0,1.0
保证,0.0,24.0,0.0,1.0
全景网,0.0,6.0,0.0,1.0
仍旧,0.0,3.0,0.0,1.0
http,0.0,42.0,0.0,1.0
要求,0.0,6.0,0.0,1.0
暨,0.0,6.0,0.0,1.0
负增长,0.0,3.0,0.0,1.0
中南,0.0,3.0,0.0,1.0
要,0.0,51.0,0.0,1.0
练习生,0.0,3.0,0.0,1.0
本日,0.0,3.0,0.0,1.0
射雕,0.0,3.0,0.0,1.0
大作,0.0,3.0,0.0,1.0
增资,0.0,45.0,0.0,1.0
赛车,0.0,3.0,0.0,1.0
打出,0.0,3.0,0.0,1.0
本人,0.0,6.0,0.0,1.0
4.56,0.0,9.0,0.0,1.0
助力,0.0,15.0,0.0,1.0
王思聪,0.0,6.0,0.0,1.0
 ,39.0,405.0,0.08783783783783784,0.9121621621621622
意外,0.0,3.0,0.0,1.0
601599,0.0,3.0,0.0,1.0
寻龙诀,0.0,18.0,0.0,1.0
上影,0.0,9.0,0.0,1.0
领域,0.0,36.0,0.0,1.0
画作,0.0,3.0,0.0,1.0
res02,0.0,3.0,0.0,1.0
之子,0.0,3.0,0.0,1.0
海外,0.0,9.0,0.0,1.0
31300027,0.0,3.0,0.0,1.0
扣非,0.0,27.0,0.0,1.0
居,0.0,3.0,0.0,1.0
4.03,0.0,6.0,0.0,1.0
代表,0.0,3.0,0.0,1.0
风格,0.0,3.0,0.0,1.0
以来,0.0,9.0,0.0,1.0
报,0.0,6.0,0.0,1.0
介入,0.0,3.0,0.0,1.0
再度,0.0,6.0,0.0,1.0
601595,0.0,3.0,0.0,1.0
针对性,0.0,6.0,0.0,1.0
一名,0.0,3.0,0.0,1.0
陈赫,0.0,3.0,0.0,1.0
再落,0.0,3.0,0.0,1.0
另外,0.0,3.0,0.0,1.0
继续,0.0,27.0,0.0,1.0
寻找,0.0,3.0,0.0,1.0
集体,0.0,3.0,0.0,1.0
才能,0.0,3.0,0.0,1.0
股价,0.0,24.0,0.0,1.0
作为,0.0,42.0,0.0,1.0
综合,0.0,9.0,0.0,1.0
注册,0.0,3.0,0.0,1.0
两家,0.0,3.0,0.0,1.0
截至,0.0,36.0,0.0,1.0
目前,0.0,63.0,0.0,1.0
查阅,0.0,12.0,0.0,1.0
上午,0.0,3.0,0.0,1.0
向,0.0,36.0,0.0,1.0
持有,0.0,63.0,0.0,1.0
一大截,0.0,12.0,0.0,1.0
洪泰,0.0,3.0,0.0,1.0
林芝,0.0,12.0,0.0,1.0
7800,0.0,3.0,0.0,1.0
不仅如此,0.0,3.0,0.0,1.0
扭亏为盈,0.0,9.0,0.0,1.0
文博会,3.0,0.0,1.0,0.0
勿扰,0.0,6.0,0.0,1.0
站,0.0,6.0,0.0,1.0
高于,0.0,3.0,0.0,1.0
年报,0.0,48.0,0.0,1.0
微影,0.0,18.0,0.0,1.0
争取,0.0,6.0,0.0,1.0
出走,0.0,3.0,0.0,1.0
斥资,0.0,15.0,0.0,1.0
支付现金,0.0,3.0,0.0,1.0
已,0.0,72.0,0.0,1.0
杀出,0.0,3.0,0.0,1.0
狄仁杰,0.0,12.0,0.0,1.0
可能,0.0,6.0,0.0,1.0
性,0.0,3.0,0.0,1.0
第二,0.0,6.0,0.0,1.0
连通,0.0,3.0,0.0,1.0
回应,0.0,3.0,0.0,1.0
分化,0.0,3.0,0.0,1.0
公认,0.0,3.0,0.0,1.0
多元,0.0,6.0,0.0,1.0
升级,3.0,15.0,0.16666666666666666,0.8333333333333334
舞蹈,0.0,3.0,0.0,1.0
著其,0.0,3.0,0.0,1.0
了解,0.0,21.0,0.0,1.0
29,0.0,6.0,0.0,1.0
推广,0.0,3.0,0.0,1.0
奇迹,0.0,6.0,0.0,1.0
平等,0.0,3.0,0.0,1.0
日以,0.0,3.0,0.0,1.0
大众,0.0,3.0,0.0,1.0
场景,0.0,3.0,0.0,1.0
对决,0.0,6.0,0.0,1.0
吴绮玥,0.0,3.0,0.0,1.0
全力,0.0,3.0,0.0,1.0
趣,0.0,3.0,0.0,1.0
名,6.0,0.0,1.0,0.0
磨合期,0.0,6.0,0.0,1.0
电影节,3.0,6.0,0.3333333333333333,0.6666666666666666
初心,0.0,3.0,0.0,1.0
出让,0.0,21.0,0.0,1.0
第三季度,0.0,3.0,0.0,1.0
IP,0.0,42.0,0.0,1.0
很难说,0.0,9.0,0.0,1.0
筹办,3.0,0.0,1.0,0.0
红利,0.0,6.0,0.0,1.0
用心,0.0,3.0,0.0,1.0
口中,0.0,3.0,0.0,1.0
全年,0.0,9.0,0.0,1.0
资源,0.0,21.0,0.0,1.0
京,0.0,3.0,0.0,1.0
予以,3.0,0.0,1.0,0.0
展开,0.0,6.0,0.0,1.0
展览,3.0,0.0,1.0,0.0
基因,0.0,6.0,0.0,1.0
e,0.0,3.0,0.0,1.0
江南,0.0,3.0,0.0,1.0
一起,0.0,6.0,0.0,1.0
既,0.0,12.0,0.0,1.0
七年,0.0,6.0,0.0,1.0
沪,0.0,3.0,0.0,1.0
方案,0.0,3.0,0.0,1.0
纪文君,0.0,3.0,0.0,1.0
29.08,0.0,9.0,0.0,1.0
4.02,0.0,3.0,0.0,1.0
第三,0.0,15.0,0.0,1.0
自家,0.0,3.0,0.0,1.0
为了,0.0,6.0,0.0,1.0
16,0.0,6.0,0.0,1.0
典礼,0.0,3.0,0.0,1.0
避免,0.0,3.0,0.0,1.0
还,0.0,33.0,0.0,1.0
美拉,0.0,12.0,0.0,1.0
人生,0.0,3.0,0.0,1.0
智库,0.0,3.0,0.0,1.0
目标,0.0,6.0,0.0,1.0
体育馆,0.0,3.0,0.0,1.0
bjbusiness,0.0,3.0,0.0,1.0
并,0.0,105.0,0.0,1.0
用,0.0,12.0,0.0,1.0
半年度,0.0,18.0,0.0,1.0
碧血,0.0,3.0,0.0,1.0
叶宁为,0.0,3.0,0.0,1.0
出击,0.0,3.0,0.0,1.0
1874,0.0,18.0,0.0,1.0
七月,0.0,3.0,0.0,1.0
19,0.0,24.0,0.0,1.0
侵权,0.0,18.0,0.0,1.0
|,0.0,3.0,0.0,1.0
　,0.0,342.0,0.0,1.0
深究,0.0,9.0,0.0,1.0
近两年,3.0,0.0,1.0,0.0
次,0.0,9.0,0.0,1.0
完美,0.0,6.0,0.0,1.0
彻底,0.0,6.0,0.0,1.0
股权结构,0.0,3.0,0.0,1.0
业内,0.0,12.0,0.0,1.0
萨利,0.0,3.0,0.0,1.0
财约,0.0,3.0,0.0,1.0
影视,0.0,165.0,0.0,1.0
影射,0.0,3.0,0.0,1.0
预增,0.0,9.0,0.0,1.0
○,0.0,3.0,0.0,1.0
现为,0.0,3.0,0.0,1.0
预估,0.0,3.0,0.0,1.0
导演,0.0,24.0,0.0,1.0
水平,0.0,3.0,0.0,1.0
净流入,0.0,9.0,0.0,1.0
领军,0.0,6.0,0.0,1.0
家居,6.0,0.0,1.0,0.0
使得,0.0,6.0,0.0,1.0
/,0.0,228.0,0.0,1.0
汗,0.0,3.0,0.0,1.0
hexun,0.0,6.0,0.0,1.0
肯定,0.0,3.0,0.0,1.0
计算机系统,0.0,3.0,0.0,1.0
记载,0.0,6.0,0.0,1.0
净,0.0,6.0,0.0,1.0
此举,0.0,3.0,0.0,1.0
人才,3.0,3.0,0.5,0.5
评委,0.0,3.0,0.0,1.0
0.42,0.0,3.0,0.0,1.0
扩张,0.0,21.0,0.0,1.0
利与,0.0,3.0,0.0,1.0
们,3.0,69.0,0.041666666666666664,0.9583333333333334
半年报,0.0,3.0,0.0,1.0
领投,0.0,3.0,0.0,1.0
陪伴,0.0,9.0,0.0,1.0
王中军,0.0,42.0,0.0,1.0
传统,0.0,3.0,0.0,1.0
公社,0.0,3.0,0.0,1.0
为主,0.0,3.0,0.0,1.0
一家,0.0,3.0,0.0,1.0
仍然,0.0,6.0,0.0,1.0
板块,0.0,78.0,0.0,1.0
不足,0.0,12.0,0.0,1.0
STX,0.0,3.0,0.0,1.0
AnGElaBAby,0.0,3.0,0.0,1.0
降低,0.0,9.0,0.0,1.0
推出,0.0,6.0,0.0,1.0
已经,0.0,45.0,0.0,1.0
突围,0.0,3.0,0.0,1.0
著名,0.0,9.0,0.0,1.0
买入,0.0,36.0,0.0,1.0
感是,0.0,3.0,0.0,1.0
影业,3.0,18.0,0.14285714285714285,0.8571428571428571
300027,0.0,120.0,0.0,1.0
对常升,0.0,3.0,0.0,1.0
如坪山,3.0,0.0,1.0,0.0
遗漏,0.0,6.0,0.0,1.0
0.5,0.0,3.0,0.0,1.0
不行,0.0,3.0,0.0,1.0
369016,0.0,3.0,0.0,1.0
北京,3.0,57.0,0.05,0.95
天生,0.0,3.0,0.0,1.0
共同,0.0,45.0,0.0,1.0
身处,0.0,3.0,0.0,1.0
好,0.0,15.0,0.0,1.0
9.81,0.0,3.0,0.0,1.0
视为,0.0,3.0,0.0,1.0
从此,0.0,3.0,0.0,1.0
画展,0.0,3.0,0.0,1.0
鹿港,0.0,6.0,0.0,1.0
继,0.0,9.0,0.0,1.0
相较,0.0,3.0,0.0,1.0
高质量,0.0,3.0,0.0,1.0
举行,0.0,3.0,0.0,1.0
效应,0.0,15.0,0.0,1.0
联系电话,0.0,3.0,0.0,1.0
原始积累,0.0,3.0,0.0,1.0
星河,0.0,21.0,0.0,1.0
究竟,0.0,9.0,0.0,1.0
城门,6.0,0.0,1.0,0.0
读,0.0,3.0,0.0,1.0
控制,0.0,15.0,0.0,1.0
讯,0.0,12.0,0.0,1.0
三家,0.0,3.0,0.0,1.0
新开业,0.0,3.0,0.0,1.0
一位,0.0,9.0,0.0,1.0
询问,0.0,3.0,0.0,1.0
具有,0.0,6.0,0.0,1.0
比如,0.0,6.0,0.0,1.0
60,0.0,45.0,0.0,1.0
方式,0.0,9.0,0.0,1.0
带动,6.0,0.0,1.0,0.0
接纳,0.0,3.0,0.0,1.0
投自建,0.0,3.0,0.0,1.0
下滑,0.0,66.0,0.0,1.0
红,0.0,15.0,0.0,1.0
想要,3.0,0.0,1.0,0.0
取得,0.0,33.0,0.0,1.0
70,0.0,6.0,0.0,1.0
分分,0.0,3.0,0.0,1.0
不会,0.0,6.0,0.0,1.0
一大批,0.0,3.0,0.0,1.0
21,0.0,12.0,0.0,1.0
捐赠,0.0,3.0,0.0,1.0
开盘,0.0,3.0,0.0,1.0
开拓者,0.0,3.0,0.0,1.0
翻盘,0.0,3.0,0.0,1.0
单,0.0,3.0,0.0,1.0
一周,0.0,9.0,0.0,1.0
!,0.0,3.0,0.0,1.0
权利,0.0,3.0,0.0,1.0
对于,0.0,54.0,0.0,1.0
黄晓明,3.0,0.0,1.0,0.0
传媒,3.0,63.0,0.045454545454545456,0.9545454545454546
58,0.0,3.0,0.0,1.0
罗曼蒂克,0.0,12.0,0.0,1.0
无时无刻,0.0,3.0,0.0,1.0
深度,0.0,6.0,0.0,1.0
有赖于,0.0,3.0,0.0,1.0
经典电影,0.0,3.0,0.0,1.0
焦娟,0.0,3.0,0.0,1.0
损益,0.0,18.0,0.0,1.0
48,0.0,6.0,0.0,1.0
创办人,0.0,3.0,0.0,1.0
硕士,0.0,3.0,0.0,1.0
2550,0.0,3.0,0.0,1.0
三大,0.0,12.0,0.0,1.0
功力,0.0,3.0,0.0,1.0
获益,0.0,6.0,0.0,1.0
惧怕,0.0,3.0,0.0,1.0
加快,6.0,18.0,0.25,0.75
优势,0.0,3.0,0.0,1.0
参加,0.0,6.0,0.0,1.0
亮红灯,0.0,9.0,0.0,1.0
交流会,0.0,3.0,0.0,1.0
动域,0.0,3.0,0.0,1.0
现场,0.0,3.0,0.0,1.0
应,0.0,3.0,0.0,1.0
娱乐业,0.0,3.0,0.0,1.0
华东,0.0,3.0,0.0,1.0
1014.6,0.0,3.0,0.0,1.0
10.16,0.0,15.0,0.0,1.0
特别,3.0,3.0,0.5,0.5
注册资本,0.0,3.0,0.0,1.0
位,0.0,24.0,0.0,1.0
捏造,0.0,12.0,0.0,1.0
融资,0.0,48.0,0.0,1.0
之前,0.0,15.0,0.0,1.0
传达,0.0,6.0,0.0,1.0
阿米尔,0.0,3.0,0.0,1.0
点击,0.0,3.0,0.0,1.0
商报讯,0.0,3.0,0.0,1.0
均,0.0,21.0,0.0,1.0
报名,0.0,6.0,0.0,1.0
第一季度,0.0,3.0,0.0,1.0
A,0.0,6.0,0.0,1.0
代码,0.0,9.0,0.0,1.0
以及,6.0,48.0,0.1111111111111111,0.8888888888888888
直线,0.0,3.0,0.0,1.0
本,0.0,9.0,0.0,1.0
SZ,0.0,9.0,0.0,1.0
首份,0.0,6.0,0.0,1.0
影响力,3.0,3.0,0.5,0.5
002029,0.0,3.0,0.0,1.0
拿出,0.0,3.0,0.0,1.0
搭建,0.0,6.0,0.0,1.0
第一股,0.0,12.0,0.0,1.0
概念股,0.0,6.0,0.0,1.0
成绩,0.0,9.0,0.0,1.0
简历,0.0,6.0,0.0,1.0
电影票,3.0,0.0,1.0,0.0
提供,0.0,9.0,0.0,1.0
一路,0.0,15.0,0.0,1.0
新华,0.0,3.0,0.0,1.0
身临其境,0.0,3.0,0.0,1.0
能力,0.0,18.0,0.0,1.0
财经,0.0,6.0,0.0,1.0
激发,0.0,3.0,0.0,1.0
仅,0.0,21.0,0.0,1.0
articles,0.0,6.0,0.0,1.0
显现,0.0,12.0,0.0,1.0
好于,0.0,3.0,0.0,1.0
利用,0.0,6.0,0.0,1.0
提到,0.0,6.0,0.0,1.0
美好生活,0.0,3.0,0.0,1.0
制定,0.0,6.0,0.0,1.0
不但,0.0,6.0,0.0,1.0
巨头,0.0,30.0,0.0,1.0
运营商,0.0,3.0,0.0,1.0
最近,0.0,6.0,0.0,1.0
提出,0.0,6.0,0.0,1.0
完善,0.0,18.0,0.0,1.0
才,0.0,12.0,0.0,1.0
践,0.0,3.0,0.0,1.0
刘诗,3.0,0.0,1.0,0.0
试图,0.0,6.0,0.0,1.0
增厚,0.0,3.0,0.0,1.0
冯氏,0.0,3.0,0.0,1.0
公元,0.0,18.0,0.0,1.0
关于,0.0,9.0,0.0,1.0
收购,0.0,39.0,0.0,1.0
前,0.0,12.0,0.0,1.0
398.600,0.0,3.0,0.0,1.0
存在,0.0,6.0,0.0,1.0
娱乐,0.0,192.0,0.0,1.0
以人为本,0.0,3.0,0.0,1.0
显著,0.0,3.0,0.0,1.0
3.88,0.0,3.0,0.0,1.0
稳健,0.0,9.0,0.0,1.0
元降,0.0,3.0,0.0,1.0
潘金莲,0.0,45.0,0.0,1.0
微信,0.0,3.0,0.0,1.0
资产,0.0,21.0,0.0,1.0
明确,3.0,0.0,1.0,0.0
摇滚,0.0,12.0,0.0,1.0
002036,0.0,3.0,0.0,1.0
机会,3.0,12.0,0.2,0.8
强调,0.0,12.0,0.0,1.0
总编辑,0.0,3.0,0.0,1.0
模式,0.0,15.0,0.0,1.0
总经理,0.0,21.0,0.0,1.0
刚盛,0.0,3.0,0.0,1.0
掌趣,0.0,87.0,0.0,1.0
DoNews,0.0,3.0,0.0,1.0
社会公众,0.0,3.0,0.0,1.0
理念,0.0,9.0,0.0,1.0
美盛,0.0,3.0,0.0,1.0
罕见,0.0,3.0,0.0,1.0
房地产,0.0,6.0,0.0,1.0
喜爱,0.0,3.0,0.0,1.0
众多,0.0,6.0,0.0,1.0
法人代表,0.0,3.0,0.0,1.0
授权,0.0,15.0,0.0,1.0
占股,0.0,6.0,0.0,1.0
因,0.0,24.0,0.0,1.0
不景气,0.0,6.0,0.0,1.0
压力,0.0,3.0,0.0,1.0
约,0.0,57.0,0.0,1.0
苦战,0.0,3.0,0.0,1.0
规划,0.0,9.0,0.0,1.0
备案,0.0,3.0,0.0,1.0
2015,0.0,87.0,0.0,1.0
探险,0.0,3.0,0.0,1.0
组成,0.0,3.0,0.0,1.0
融合,0.0,12.0,0.0,1.0
通过,0.0,60.0,0.0,1.0
时间,0.0,6.0,0.0,1.0
秉持,0.0,6.0,0.0,1.0
方面,0.0,51.0,0.0,1.0
规模化,0.0,3.0,0.0,1.0
藏獒,0.0,12.0,0.0,1.0
微服私访,0.0,3.0,0.0,1.0
经营,0.0,9.0,0.0,1.0
接任,0.0,3.0,0.0,1.0
理想,0.0,3.0,0.0,1.0
上演,0.0,3.0,0.0,1.0
百所,0.0,12.0,0.0,1.0
·,3.0,3.0,0.5,0.5
所得,0.0,6.0,0.0,1.0
6800,0.0,6.0,0.0,1.0
赠送,3.0,0.0,1.0,0.0
3.94,0.0,21.0,0.0,1.0
进入,3.0,12.0,0.2,0.8
行业,3.0,33.0,0.08333333333333333,0.9166666666666666
原名,0.0,3.0,0.0,1.0
领衔主演,0.0,3.0,0.0,1.0
票,3.0,0.0,1.0,0.0
日前,0.0,15.0,0.0,1.0
比,0.0,15.0,0.0,1.0
删除,0.0,9.0,0.0,1.0
足够,0.0,3.0,0.0,1.0
经常出现,0.0,3.0,0.0,1.0
王忠军,0.0,9.0,0.0,1.0
有限公司,3.0,156.0,0.018867924528301886,0.9811320754716981
无数,0.0,3.0,0.0,1.0
野蛮,0.0,3.0,0.0,1.0
e6e8caf2f2df4dd38c2b5d30352e87c8,0.0,3.0,0.0,1.0
片,0.0,3.0,0.0,1.0
山,18.0,9.0,0.6666666666666666,0.3333333333333333
一出,0.0,3.0,0.0,1.0
之外,0.0,6.0,0.0,1.0
启示,3.0,0.0,1.0,0.0
个,0.0,36.0,0.0,1.0
抢占,0.0,3.0,0.0,1.0
身份证明,0.0,3.0,0.0,1.0
25.88,0.0,30.0,0.0,1.0
全新,0.0,3.0,0.0,1.0
零,0.0,3.0,0.0,1.0
新片,0.0,3.0,0.0,1.0
集团,0.0,24.0,0.0,1.0
诗,3.0,0.0,1.0,0.0
广告界,0.0,3.0,0.0,1.0
见,0.0,3.0,0.0,1.0
桂冠,0.0,3.0,0.0,1.0
三条,0.0,3.0,0.0,1.0
奖,3.0,0.0,1.0,0.0
电子,0.0,3.0,0.0,1.0
张玉洁,0.0,3.0,0.0,1.0
黄沙,0.0,3.0,0.0,1.0
pngdata,0.0,6.0,0.0,1.0
筹码,0.0,3.0,0.0,1.0
特殊,0.0,3.0,0.0,1.0
周,3.0,0.0,1.0,0.0
业内人士,0.0,27.0,0.0,1.0
广州,0.0,24.0,0.0,1.0
诉称,0.0,6.0,0.0,1.0
艺术,9.0,15.0,0.375,0.625
题,0.0,3.0,0.0,1.0
达成,0.0,3.0,0.0,1.0
国产电影,3.0,3.0,0.5,0.5
之后,0.0,21.0,0.0,1.0
当家,0.0,3.0,0.0,1.0
街,0.0,9.0,0.0,1.0
强化,0.0,15.0,0.0,1.0
着力,0.0,3.0,0.0,1.0
判令,0.0,9.0,0.0,1.0
常升,0.0,6.0,0.0,1.0
第一个,0.0,3.0,0.0,1.0
附件,0.0,3.0,0.0,1.0
可谓,0.0,3.0,0.0,1.0
令人,0.0,9.0,0.0,1.0
全体成员,0.0,6.0,0.0,1.0
弊端,0.0,3.0,0.0,1.0
电影票房,0.0,51.0,0.0,1.0
学会,0.0,6.0,0.0,1.0
开创,0.0,6.0,0.0,1.0
大大降低,0.0,3.0,0.0,1.0
而且,0.0,12.0,0.0,1.0
怎样,0.0,12.0,0.0,1.0
%,0.0,435.0,0.0,1.0
最新消息,0.0,6.0,0.0,1.0
启迪,0.0,9.0,0.0,1.0
减持,0.0,30.0,0.0,1.0
独董,0.0,24.0,0.0,1.0
1945.32,0.0,3.0,0.0,1.0
青少年,0.0,3.0,0.0,1.0
短短,0.0,3.0,0.0,1.0
图腾,0.0,3.0,0.0,1.0
大年,0.0,3.0,0.0,1.0
机长,0.0,3.0,0.0,1.0
未,0.0,15.0,0.0,1.0
除名,0.0,3.0,0.0,1.0
2010,0.0,6.0,0.0,1.0
高管,0.0,3.0,0.0,1.0
盲目,0.0,3.0,0.0,1.0
财务数据,0.0,3.0,0.0,1.0
微梦,0.0,3.0,0.0,1.0
据,0.0,18.0,0.0,1.0
零钱,0.0,54.0,0.0,1.0
协同,0.0,3.0,0.0,1.0
突破,0.0,6.0,0.0,1.0
第,0.0,6.0,0.0,1.0
跨行业,0.0,3.0,0.0,1.0
本次,0.0,42.0,0.0,1.0
合资,0.0,3.0,0.0,1.0
地震,0.0,3.0,0.0,1.0
91.31,0.0,3.0,0.0,1.0
文化传媒,0.0,15.0,0.0,1.0
公司,3.0,285.0,0.010416666666666666,0.9895833333333334
影院,0.0,63.0,0.0,1.0
东部,0.0,3.0,0.0,1.0
拟以,0.0,3.0,0.0,1.0
涉足,0.0,9.0,0.0,1.0
finance,0.0,3.0,0.0,1.0
多种形式,0.0,6.0,0.0,1.0
3.02,0.0,3.0,0.0,1.0
占上风,0.0,3.0,0.0,1.0
年味,0.0,3.0,0.0,1.0
公众形象,0.0,3.0,0.0,1.0
20.6,0.0,3.0,0.0,1.0
三度,0.0,3.0,0.0,1.0
两年,0.0,3.0,0.0,1.0
度,0.0,9.0,0.0,1.0
A轮,0.0,6.0,0.0,1.0
〇,0.0,3.0,0.0,1.0
背后,0.0,12.0,0.0,1.0
乃文,0.0,3.0,0.0,1.0
直到,3.0,0.0,1.0,0.0
青平,0.0,3.0,0.0,1.0
深圳,6.0,3.0,0.6666666666666666,0.3333333333333333
涨到,0.0,3.0,0.0,1.0
期内,0.0,18.0,0.0,1.0
不容忽视,0.0,3.0,0.0,1.0
黄金珠宝,3.0,0.0,1.0,0.0
