日,1.0,51.0,0.019230769230769232,0.9807692307692307
1704,0.0,3.0,0.0,1.0
破冰,0.0,9.0,0.0,1.0
思想,0.0,3.0,0.0,1.0
双汇发展,0.0,2.0,0.0,1.0
EoVtmMxXtvUDJURlRnRkgK7H6OXrexHAd19ogA12icWSGkAlWPFg,0.0,3.0,0.0,1.0
新品,1.0,9.0,0.1,0.9
…,0.0,12.0,0.0,1.0
至,0.0,3.0,0.0,1.0
一切,0.0,3.0,0.0,1.0
城市,0.0,6.0,0.0,1.0
MeKJcQVywUNHF0C2FgGdvibfWlluZtFjSibqrpqwpqpYQEcNSeuJ54Q,0.0,3.0,0.0,1.0
家至,0.0,9.0,0.0,1.0
│,0.0,6.0,0.0,1.0
放缓,0.0,9.0,0.0,1.0
完成,0.0,3.0,0.0,1.0
之家,0.0,69.0,0.0,1.0
邀请,0.0,12.0,0.0,1.0
恢复,0.0,6.0,0.0,1.0
出售,0.0,3.0,0.0,1.0
同比,0.0,12.0,0.0,1.0
市,0.0,3.0,0.0,1.0
有礼,1.0,0.0,1.0,0.0
限时,0.0,9.0,0.0,1.0
太平,0.0,15.0,0.0,1.0
个位数,0.0,6.0,0.0,1.0
彰显,0.0,6.0,0.0,1.0
中国,0.0,14.0,0.0,1.0
厅,0.0,6.0,0.0,1.0
:,0.0,48.0,0.0,1.0
总结,0.0,3.0,0.0,1.0
占,0.0,6.0,0.0,1.0
601566,0.0,3.0,0.0,1.0
2013,0.0,3.0,0.0,1.0
0,0.0,105.0,0.0,1.0
哲学,0.0,3.0,0.0,1.0
光头,0.0,3.0,0.0,1.0
睿智,0.0,3.0,0.0,1.0
吴总,0.0,3.0,0.0,1.0
复苏,0.0,9.0,0.0,1.0
占据,0.0,6.0,0.0,1.0
实际,0.0,3.0,0.0,1.0
管们,0.0,3.0,0.0,1.0
高位,0.0,6.0,0.0,1.0
待,0.0,6.0,0.0,1.0
标准,0.0,3.0,0.0,1.0
激情,0.0,3.0,0.0,1.0
光大,0.0,9.0,0.0,1.0
员工,0.0,6.0,0.0,1.0
加码,0.0,12.0,0.0,1.0
深化改革,0.0,3.0,0.0,1.0
坚持,0.0,3.0,0.0,1.0
19,0.0,15.0,0.0,1.0
同店,0.0,3.0,0.0,1.0
成都,0.0,3.0,0.0,1.0
丨,0.0,48.0,0.0,1.0
特卖,0.0,12.0,0.0,1.0
热线,0.0,3.0,0.0,1.0
10,0.0,18.0,0.0,1.0
16.28,0.0,3.0,0.0,1.0
净利润率,0.0,6.0,0.0,1.0
股份,0.0,23.0,0.0,1.0
内容,0.0,9.0,0.0,1.0
亿元,0.0,27.0,0.0,1.0
出,0.0,6.0,0.0,1.0
苏林,0.0,9.0,0.0,1.0
深层,0.0,6.0,0.0,1.0
zSeP3ibIeuf0I0AlRdmu4J7gbefmvcpiaX4TnHWtKxZnkkIng4t8htZR2f6aSBdsd4mhbIBXw,0.0,3.0,0.0,1.0
知识点,0.0,3.0,0.0,1.0
越来越,0.0,3.0,0.0,1.0
九盛,0.0,18.0,0.0,1.0
喜欢,0.0,9.0,0.0,1.0
概率,0.0,3.0,0.0,1.0
化,0.0,15.0,0.0,1.0
1847,0.0,3.0,0.0,1.0
mmbiz,0.0,96.0,0.0,1.0
过硬,0.0,6.0,0.0,1.0
年末,0.0,3.0,0.0,1.0
游戏,0.0,9.0,0.0,1.0
年龄,0.0,3.0,0.0,1.0
↓,0.0,3.0,0.0,1.0
118,0.0,3.0,0.0,1.0
格力电器,0.0,2.0,0.0,1.0
几乎,0.0,3.0,0.0,1.0
png,0.0,30.0,0.0,1.0
产融,0.0,9.0,0.0,1.0
7,0.0,21.0,0.0,1.0
还是,0.0,6.0,0.0,1.0
留下,0.0,6.0,0.0,1.0
还有,0.0,6.0,0.0,1.0
粽,0.0,12.0,0.0,1.0
】,0.0,21.0,0.0,1.0
上,0.0,12.0,0.0,1.0
单位,0.0,3.0,0.0,1.0
增速,0.0,33.0,0.0,1.0
动因,0.0,6.0,0.0,1.0
沟通,0.0,3.0,0.0,1.0
农业银行,0.0,2.0,0.0,1.0
发力,0.0,12.0,0.0,1.0
发展,0.0,33.0,0.0,1.0
当时,0.0,6.0,0.0,1.0
从,0.0,90.0,0.0,1.0
50,0.0,6.0,0.0,1.0
=,0.0,165.0,0.0,1.0
6.68,0.0,3.0,0.0,1.0
+,0.0,21.0,0.0,1.0
2000,0.0,3.0,0.0,1.0
进展,0.0,3.0,0.0,1.0
带来,0.0,6.0,0.0,1.0
出手,0.0,6.0,0.0,1.0
视线,0.0,3.0,0.0,1.0
其次,0.0,6.0,0.0,1.0
研究员,0.0,9.0,0.0,1.0
专业,0.0,12.0,0.0,1.0
金利来,1.0,0.0,1.0,0.0
资金,0.0,3.0,0.0,1.0
361,0.0,3.0,0.0,1.0
生态,0.0,6.0,0.0,1.0
都,0.0,18.0,0.0,1.0
展,0.0,6.0,0.0,1.0
零售额,0.0,6.0,0.0,1.0
设立,0.0,15.0,0.0,1.0
三星,1.0,0.0,1.0,0.0
企稳,0.0,6.0,0.0,1.0
营销,0.0,18.0,0.0,1.0
奥康,0.0,3.0,0.0,1.0
编号,0.0,3.0,0.0,1.0
休闲,0.0,6.0,0.0,1.0
经营策略,0.0,3.0,0.0,1.0
顾客,0.0,6.0,0.0,1.0
同比增加,0.0,6.0,0.0,1.0
购物,1.0,3.0,0.25,0.75
乘数,0.0,6.0,0.0,1.0
超过,0.0,6.0,0.0,1.0
集,0.0,3.0,0.0,1.0
需求,0.0,6.0,0.0,1.0
有所提高,0.0,6.0,0.0,1.0
提倡,0.0,6.0,0.0,1.0
当前,0.0,6.0,0.0,1.0
回升,0.0,15.0,0.0,1.0
大边,0.0,6.0,0.0,1.0
45,0.0,6.0,0.0,1.0
倒逼,0.0,6.0,0.0,1.0
英雄,0.0,3.0,0.0,1.0
初步判断,0.0,3.0,0.0,1.0
热闹,0.0,6.0,0.0,1.0
效率,0.0,12.0,0.0,1.0
关闭,0.0,9.0,0.0,1.0
零售业,0.0,6.0,0.0,1.0
裁剪,0.0,3.0,0.0,1.0
消费品,0.0,3.0,0.0,1.0
增长,0.0,69.0,0.0,1.0
三季,0.0,3.0,0.0,1.0
慕,0.0,12.0,0.0,1.0
集团股份,0.0,6.0,0.0,1.0
符合,0.0,9.0,0.0,1.0
签约,0.0,6.0,0.0,1.0
 ,31.0,297.0,0.09451219512195122,0.9054878048780488
科学,0.0,3.0,0.0,1.0
坚定,0.0,3.0,0.0,1.0
4uQAjPFDXHcuLC9tCyE3vj0o0SdXfbRJ4x16SwWQzS09Sy63opK1ibahjsaE87w1pkdXeaXiaMFg,0.0,3.0,0.0,1.0
少量,0.0,3.0,0.0,1.0
府,0.0,3.0,0.0,1.0
思考,0.0,6.0,0.0,1.0
部分,1.0,3.0,0.25,0.75
》,0.0,3.0,0.0,1.0
风范,0.0,6.0,0.0,1.0
男裤,0.0,39.0,0.0,1.0
现有,0.0,3.0,0.0,1.0
华金,0.0,18.0,0.0,1.0
咨询,0.0,9.0,0.0,1.0
热衷,0.0,6.0,0.0,1.0
刀,0.0,3.0,0.0,1.0
接下来,0.0,6.0,0.0,1.0
工商银行,0.0,2.0,0.0,1.0
会,0.0,18.0,0.0,1.0
尽情,0.0,12.0,0.0,1.0
馆,2.0,0.0,1.0,0.0
惊喜,1.0,0.0,1.0,0.0
苛刻,0.0,3.0,0.0,1.0
串,0.0,3.0,0.0,1.0
敬请期待,0.0,12.0,0.0,1.0
请,0.0,3.0,0.0,1.0
创业投资,0.0,6.0,0.0,1.0
股权,0.0,24.0,0.0,1.0
营运,0.0,3.0,0.0,1.0
5,0.0,36.0,0.0,1.0
高度,0.0,3.0,0.0,1.0
立即,0.0,3.0,0.0,1.0
150,0.0,3.0,0.0,1.0
开始,0.0,54.0,0.0,1.0
获得,0.0,9.0,0.0,1.0
对,0.0,33.0,0.0,1.0
万针,0.0,3.0,0.0,1.0
单品,0.0,3.0,0.0,1.0
外,0.0,6.0,0.0,1.0
月,0.0,69.0,0.0,1.0
特价,2.0,0.0,1.0,0.0
人,0.0,3.0,0.0,1.0
两次,0.0,6.0,0.0,1.0
迹象,0.0,6.0,0.0,1.0
影视剧,0.0,6.0,0.0,1.0
专家,0.0,30.0,0.0,1.0
收益,0.0,6.0,0.0,1.0
转正,0.0,6.0,0.0,1.0
QAjPFDXHcuLC9tCyE32POJW0TZnicmTqDib0hbMibG8zLP92ZiaYFYpBHS7lMCMf9YTD5ibM5SI0g,0.0,3.0,0.0,1.0
西街,0.0,3.0,0.0,1.0
2033339,0.0,3.0,0.0,1.0
—,0.0,48.0,0.0,1.0
以下,0.0,15.0,0.0,1.0
受益,0.0,3.0,0.0,1.0
洁,0.0,6.0,0.0,1.0
°,0.0,3.0,0.0,1.0
维格,0.0,9.0,0.0,1.0
18,0.0,3.0,0.0,1.0
事件,0.0,3.0,0.0,1.0
端倪,0.0,6.0,0.0,1.0
解读,0.0,12.0,0.0,1.0
拟,0.0,21.0,0.0,1.0
种种,0.0,6.0,0.0,1.0
平衡,0.0,6.0,0.0,1.0
关小开,0.0,3.0,0.0,1.0
其中,0.0,9.0,0.0,1.0
两个,0.0,6.0,0.0,1.0
内部,0.0,9.0,0.0,1.0
品位,0.0,6.0,0.0,1.0
历史,0.0,2.0,0.0,1.0
正是,0.0,9.0,0.0,1.0
高端,0.0,12.0,0.0,1.0
服装行业,0.0,12.0,0.0,1.0
2016,0.0,21.0,0.0,1.0
赢得,0.0,6.0,0.0,1.0
激励,0.0,6.0,0.0,1.0
公开,0.0,6.0,0.0,1.0
名店,0.0,3.0,0.0,1.0
详细,0.0,3.0,0.0,1.0
2019,0.0,9.0,0.0,1.0
考虑,0.0,3.0,0.0,1.0
等你拿,0.0,9.0,0.0,1.0
专柜,1.0,3.0,0.25,0.75
东方,0.0,3.0,0.0,1.0
品鉴,0.0,3.0,0.0,1.0
后,0.0,12.0,0.0,1.0
办法,0.0,3.0,0.0,1.0
之,0.0,6.0,0.0,1.0
显然,0.0,6.0,0.0,1.0
概括,0.0,3.0,0.0,1.0
大型,0.0,9.0,0.0,1.0
折,1.0,15.0,0.0625,0.9375
华电,0.0,2.0,0.0,1.0
28.81,0.0,3.0,0.0,1.0
欢迎,0.0,3.0,0.0,1.0
事业,0.0,6.0,0.0,1.0
两件,0.0,12.0,0.0,1.0
领先,0.0,3.0,0.0,1.0
管理,0.0,21.0,0.0,1.0
宇通,0.0,2.0,0.0,1.0
OPPO,1.0,0.0,1.0,0.0
天,0.0,3.0,0.0,1.0
31,0.0,12.0,0.0,1.0
充分,0.0,6.0,0.0,1.0
VMVL33IrGZMStwo7eHV8pZIumZQyI48f6F8Gbcssib8xq6UpX9VCJSDyIriaiaiaBb7JKWWLVyZ9FqtGw,0.0,3.0,0.0,1.0
MNdCQr9bNuR7MhPKkShhpWCjhaHSmB1vUaSaIaOg,0.0,3.0,0.0,1.0
得出,0.0,3.0,0.0,1.0
’,0.0,9.0,0.0,1.0
调研,0.0,3.0,0.0,1.0
改变,0.0,15.0,0.0,1.0
精妙绝伦,0.0,3.0,0.0,1.0
话语权,0.0,6.0,0.0,1.0
强,0.0,3.0,0.0,1.0
商都,0.0,3.0,0.0,1.0
旗下,0.0,21.0,0.0,1.0
商品,0.0,12.0,0.0,1.0
2011,0.0,3.0,0.0,1.0
使,0.0,9.0,0.0,1.0
线上,0.0,3.0,0.0,1.0
落地生根,0.0,3.0,0.0,1.0
稳扎稳打,0.0,6.0,0.0,1.0
件,0.0,3.0,0.0,1.0
低,0.0,12.0,0.0,1.0
300,0.0,3.0,0.0,1.0
且,0.0,12.0,0.0,1.0
订货会,0.0,6.0,0.0,1.0
然后,0.0,3.0,0.0,1.0
始终如一,0.0,6.0,0.0,1.0
眼下,0.0,3.0,0.0,1.0
流程,0.0,3.0,0.0,1.0
区域,0.0,3.0,0.0,1.0
一楼,0.0,3.0,0.0,1.0
服务,0.0,18.0,0.0,1.0
可以,0.0,6.0,0.0,1.0
gAMibdPPVJBCPUVFvN4oGPXbr9ru8FGFKQwavBtiabuScrZMAuUG9qplaB8zMCBK4IvibaOiakpH6dSye3SojedIEg,0.0,3.0,0.0,1.0
紧抓,0.0,6.0,0.0,1.0
限额,0.0,3.0,0.0,1.0
小,0.0,9.0,0.0,1.0
版块,0.0,3.0,0.0,1.0
工布江达县,0.0,6.0,0.0,1.0
2.3,0.0,3.0,0.0,1.0
安徽,0.0,3.0,0.0,1.0
有所,0.0,6.0,0.0,1.0
Mictic6brLDliaAklK5ynVfg,0.0,3.0,0.0,1.0
您,0.0,9.0,0.0,1.0
：,1.0,89.0,0.011111111111111112,0.9888888888888889
解析,0.0,3.0,0.0,1.0
风雨,0.0,6.0,0.0,1.0
打造,0.0,9.0,0.0,1.0
原理,0.0,3.0,0.0,1.0
增量,0.0,3.0,0.0,1.0
手机,2.0,0.0,1.0,0.0
长运,0.0,3.0,0.0,1.0
）,0.0,85.0,0.0,1.0
希望,0.0,9.0,0.0,1.0
保持,0.0,15.0,0.0,1.0
延续,0.0,6.0,0.0,1.0
6,0.0,39.0,0.0,1.0
正在,0.0,12.0,0.0,1.0
渠道,0.0,78.0,0.0,1.0
94,0.0,3.0,0.0,1.0
满赠,1.0,0.0,1.0,0.0
形成,0.0,3.0,0.0,1.0
有效,0.0,6.0,0.0,1.0
相继,0.0,3.0,0.0,1.0
上市,0.0,42.0,0.0,1.0
利率,0.0,12.0,0.0,1.0
后续,0.0,9.0,0.0,1.0
上半年,0.0,3.0,0.0,1.0
优衣库,0.0,3.0,0.0,1.0
鸟,0.0,21.0,0.0,1.0
正,0.0,21.0,0.0,1.0
6WeZyQ9STPl7bgF52uXO98jkEibLQtxYZF8iaelVJ18q7iaoAnC2icGZMELBVmXA,0.0,3.0,0.0,1.0
决策层,0.0,3.0,0.0,1.0
衍生,0.0,6.0,0.0,1.0
五年,0.0,3.0,0.0,1.0
一直,0.0,45.0,0.0,1.0
2018,0.0,3.0,0.0,1.0
终端,0.0,9.0,0.0,1.0
80,0.0,12.0,0.0,1.0
保持稳定,0.0,6.0,0.0,1.0
事实上,0.0,12.0,0.0,1.0
大秦铁路,0.0,2.0,0.0,1.0
波动,0.0,6.0,0.0,1.0
平均,0.0,7.0,0.0,1.0
四大,0.0,12.0,0.0,1.0
操作,0.0,3.0,0.0,1.0
公布,0.0,3.0,0.0,1.0
jpeg,0.0,87.0,0.0,1.0
108,0.0,3.0,0.0,1.0
基本,0.0,3.0,0.0,1.0
一个,0.0,12.0,0.0,1.0
地位,0.0,3.0,0.0,1.0
成型,0.0,3.0,0.0,1.0
没有,0.0,12.0,0.0,1.0
J1,0.0,15.0,0.0,1.0
一面,0.0,9.0,0.0,1.0
文化,0.0,12.0,0.0,1.0
优雅,0.0,6.0,0.0,1.0
布局,0.0,21.0,0.0,1.0
1200,0.0,3.0,0.0,1.0
杜蕾斯,0.0,3.0,0.0,1.0
化为,0.0,6.0,0.0,1.0
现在,0.0,9.0,0.0,1.0
趋势,0.0,18.0,0.0,1.0
近三年,0.0,4.0,0.0,1.0
纷纷,0.0,6.0,0.0,1.0
上下,0.0,3.0,0.0,1.0
任意,0.0,3.0,0.0,1.0
Sic5d8xW2NFekNTsnchCzlEkCBAUExttfkAZPoVjVGpJKgXdS7WcSjQ8VyP977hJpmUAsDCXqxDPQwg,0.0,3.0,0.0,1.0
社会,0.0,6.0,0.0,1.0
事关,0.0,6.0,0.0,1.0
来看,0.0,63.0,0.0,1.0
泉州,0.0,3.0,0.0,1.0
深圳华强,0.0,6.0,0.0,1.0
一体,0.0,3.0,0.0,1.0
确认,0.0,3.0,0.0,1.0
派,0.0,3.0,0.0,1.0
非常明显,0.0,3.0,0.0,1.0
狗,0.0,3.0,0.0,1.0
各家,0.0,3.0,0.0,1.0
乐活,0.0,6.0,0.0,1.0
产品,0.0,48.0,0.0,1.0
这次,0.0,3.0,0.0,1.0
足以,0.0,3.0,0.0,1.0
主题,0.0,15.0,0.0,1.0
时代,0.0,9.0,0.0,1.0
公司业绩,0.0,9.0,0.0,1.0
以新绅,0.0,3.0,0.0,1.0
放,0.0,12.0,0.0,1.0
美邦,0.0,57.0,0.0,1.0
战略,0.0,51.0,0.0,1.0
品味,0.0,3.0,0.0,1.0
VIP,1.0,0.0,1.0,0.0
btAyBs4ibdo57Kiap5Zziakic45oJcFZ0nzGPJ61Ra0jw,0.0,3.0,0.0,1.0
品牌,2.0,198.0,0.01,0.99
围绕,0.0,9.0,0.0,1.0
显示,0.0,3.0,0.0,1.0
特卖会,0.0,6.0,0.0,1.0
礼,1.0,0.0,1.0,0.0
转型,0.0,12.0,0.0,1.0
招,0.0,6.0,0.0,1.0
精致,0.0,6.0,0.0,1.0
用心,0.0,6.0,0.0,1.0
交流,0.0,6.0,0.0,1.0
项目,0.0,15.0,0.0,1.0
宾馆,0.0,3.0,0.0,1.0
折扣,1.0,0.0,1.0,0.0
森马,0.0,9.0,0.0,1.0
地址,0.0,15.0,0.0,1.0
大幅,0.0,6.0,0.0,1.0
ZrwI7jSe4L3LUlQwIIJEBYv0GhgZa8Uz7iaW3dcv0W4350U0T6xGg0wTjSMHmeZibicIib93Iia140iaW29TKc2lEsjw,0.0,3.0,0.0,1.0
取裤,0.0,9.0,0.0,1.0
率,0.0,2.0,0.0,1.0
简称,0.0,15.0,0.0,1.0
I5,0.0,6.0,0.0,1.0
区,0.0,6.0,0.0,1.0
牧,0.0,12.0,0.0,1.0
哈药,0.0,2.0,0.0,1.0
发生,0.0,6.0,0.0,1.0
领导者,0.0,3.0,0.0,1.0
方案,0.0,3.0,0.0,1.0
通过,0.0,36.0,0.0,1.0
核心,0.0,6.0,0.0,1.0
2581,0.0,3.0,0.0,1.0
子公司,0.0,6.0,0.0,1.0
应用,0.0,3.0,0.0,1.0
高,0.0,25.0,0.0,1.0
R11Xmp1rGM1TGx9KofFo3B0PJLhIASqic98LibA8ybQgsuGT9ILIIn2BHWK6kMCiaMoQKzkBC5GWQps888NnRPkzg,0.0,3.0,0.0,1.0
一次次,0.0,9.0,0.0,1.0
进一步,0.0,18.0,0.0,1.0
经济,0.0,6.0,0.0,1.0
中国式,0.0,6.0,0.0,1.0
比例,0.0,3.0,0.0,1.0
高品质,0.0,6.0,0.0,1.0
竞争力,0.0,12.0,0.0,1.0
年来,0.0,12.0,0.0,1.0
可比,0.0,3.0,0.0,1.0
启动,0.0,6.0,0.0,1.0
投资,0.0,84.0,0.0,1.0
124,0.0,3.0,0.0,1.0
逐步,0.0,6.0,0.0,1.0
确立,0.0,6.0,0.0,1.0
10.69,0.0,3.0,0.0,1.0
微增,0.0,3.0,0.0,1.0
特色,0.0,3.0,0.0,1.0
宣布,0.0,24.0,0.0,1.0
全,0.0,15.0,0.0,1.0
其,0.0,18.0,0.0,1.0
9,0.0,21.0,0.0,1.0
措施,0.0,6.0,0.0,1.0
当代,0.0,6.0,0.0,1.0
生活馆,0.0,3.0,0.0,1.0
fmt,0.0,117.0,0.0,1.0
全年,0.0,3.0,0.0,1.0
KbRBOyZlibjLZiaSM69VBc7SUjvnlicMtHObia07AzuPZSwo4axeibJ5rUOFSSmiaz3kmia0GAxAKW9QF6WU7UzV9C0gw,0.0,3.0,0.0,1.0
8,0.0,6.0,0.0,1.0
具备,0.0,3.0,0.0,1.0
9.91,0.0,3.0,0.0,1.0
仍,0.0,12.0,0.0,1.0
cn,0.0,48.0,0.0,1.0
专心,0.0,6.0,0.0,1.0
新兴产业,0.0,6.0,0.0,1.0
分别,0.0,33.0,0.0,1.0
优化,0.0,9.0,0.0,1.0
便,0.0,6.0,0.0,1.0
精耕细作,0.0,6.0,0.0,1.0
热点,0.0,6.0,0.0,1.0
全资,0.0,6.0,0.0,1.0
现,0.0,3.0,0.0,1.0
模式,0.0,30.0,0.0,1.0
前,0.0,14.0,0.0,1.0
认为,0.0,9.0,0.0,1.0
中来,0.0,3.0,0.0,1.0
带领,0.0,6.0,0.0,1.0
线下,0.0,6.0,0.0,1.0
哦,0.0,3.0,0.0,1.0
经过,0.0,9.0,0.0,1.0
龙,0.0,3.0,0.0,1.0
定于,0.0,3.0,0.0,1.0
效果,0.0,6.0,0.0,1.0
低调,0.0,9.0,0.0,1.0
深入,0.0,3.0,0.0,1.0
风雅颂,0.0,9.0,0.0,1.0
大店,0.0,6.0,0.0,1.0
归,0.0,3.0,0.0,1.0
多,0.0,30.0,0.0,1.0
不仅,0.0,3.0,0.0,1.0
精英,0.0,12.0,0.0,1.0
而言,0.0,3.0,0.0,1.0
四个,0.0,3.0,0.0,1.0
际遇,0.0,6.0,0.0,1.0
定制,0.0,6.0,0.0,1.0
划分,0.0,3.0,0.0,1.0
包括,0.0,12.0,0.0,1.0
下半年,0.0,12.0,0.0,1.0
混乱,0.0,3.0,0.0,1.0
除美邦,0.0,6.0,0.0,1.0
不同,0.0,9.0,0.0,1.0
载,0.0,3.0,0.0,1.0
季报,0.0,9.0,0.0,1.0
显著,0.0,6.0,0.0,1.0
涉足,0.0,12.0,0.0,1.0
考量,0.0,6.0,0.0,1.0
iceCIr7qokrMn8n8oum4Ohc5dgbb04DtrHAfia7QDa5KozAXV7BsHVXaJpTbFghxsic2RX5UJfA,0.0,3.0,0.0,1.0
一点,0.0,6.0,0.0,1.0
珍珠,0.0,3.0,0.0,1.0
心理,0.0,3.0,0.0,1.0
采购,0.0,3.0,0.0,1.0
深耕,0.0,6.0,0.0,1.0
店效,0.0,12.0,0.0,1.0
gif,0.0,12.0,0.0,1.0
qpic,0.0,48.0,0.0,1.0
联名,0.0,6.0,0.0,1.0
发表,0.0,3.0,0.0,1.0
上海,0.0,18.0,0.0,1.0
生活,0.0,6.0,0.0,1.0
恭候,0.0,3.0,0.0,1.0
几年,0.0,24.0,0.0,1.0
2F,1.0,0.0,1.0,0.0
差异化,0.0,12.0,0.0,1.0
10.84,0.0,3.0,0.0,1.0
建设银行,0.0,2.0,0.0,1.0
中期,0.0,9.0,0.0,1.0
男袜,0.0,3.0,0.0,1.0
实施,0.0,3.0,0.0,1.0
减少,0.0,12.0,0.0,1.0
定位,0.0,18.0,0.0,1.0
.,0.0,114.0,0.0,1.0
5OCcYe,0.0,3.0,0.0,1.0
服装,0.0,27.0,0.0,1.0
优质,0.0,6.0,0.0,1.0
新绅,0.0,30.0,0.0,1.0
重装,0.0,3.0,0.0,1.0
门店,0.0,15.0,0.0,1.0
致力于,0.0,6.0,0.0,1.0
阐述,0.0,3.0,0.0,1.0
水杯,0.0,3.0,0.0,1.0
去年,0.0,9.0,0.0,1.0
探寻,0.0,3.0,0.0,1.0
近况,0.0,3.0,0.0,1.0
提高,0.0,3.0,0.0,1.0
缝制,0.0,6.0,0.0,1.0
地为,0.0,3.0,0.0,1.0
背后,0.0,6.0,0.0,1.0
多款,0.0,3.0,0.0,1.0
下,0.0,15.0,0.0,1.0
上市公司,0.0,27.0,0.0,1.0
运营,0.0,12.0,0.0,1.0
落地,0.0,18.0,0.0,1.0
收入,0.0,27.0,0.0,1.0
母公司,0.0,3.0,0.0,1.0
年前,0.0,3.0,0.0,1.0
商之,0.0,6.0,0.0,1.0
情况,0.0,21.0,0.0,1.0
理性,0.0,6.0,0.0,1.0
、,3.0,478.0,0.006237006237006237,0.9937629937629938
服装业,0.0,6.0,0.0,1.0
扣,0.0,12.0,0.0,1.0
万左右,0.0,6.0,0.0,1.0
年轻,0.0,9.0,0.0,1.0
848,0.0,3.0,0.0,1.0
激活,0.0,12.0,0.0,1.0
组织,0.0,12.0,0.0,1.0
转向,0.0,3.0,0.0,1.0
但,0.0,18.0,0.0,1.0
课程,0.0,3.0,0.0,1.0
无锡,0.0,6.0,0.0,1.0
男装,1.0,132.0,0.007518796992481203,0.9924812030075187
万元,0.0,6.0,0.0,1.0
派送,1.0,0.0,1.0,0.0
穿,0.0,3.0,0.0,1.0
主导产品,0.0,9.0,0.0,1.0
课后,0.0,3.0,0.0,1.0
只有,0.0,6.0,0.0,1.0
不断,0.0,12.0,0.0,1.0
理解,0.0,3.0,0.0,1.0
重要,0.0,6.0,0.0,1.0
特步,0.0,3.0,0.0,1.0
夏,0.0,9.0,0.0,1.0
分析,0.0,23.0,0.0,1.0
歌力思,0.0,9.0,0.0,1.0
一次,0.0,6.0,0.0,1.0
a1NoqibpFiaY8bSu2FlwiblKn0sadQUHjJUSEZEpAicSfIicSB19JjBOUAGIGibEllPZrQ,0.0,3.0,0.0,1.0
董事长,0.0,6.0,0.0,1.0
叠加,0.0,3.0,0.0,1.0
实行,0.0,6.0,0.0,1.0
原文,0.0,3.0,0.0,1.0
平后,0.0,6.0,0.0,1.0
凭借,0.0,3.0,0.0,1.0
数,0.0,3.0,0.0,1.0
扣除,0.0,3.0,0.0,1.0
2,0.0,18.0,0.0,1.0
未见,0.0,3.0,0.0,1.0
权益,0.0,6.0,0.0,1.0
良好,0.0,3.0,0.0,1.0
VibYrVZcnPqaYjLficpOocbURmWbmARAGa4Bt8MwfD9SzcAwbgndylI6nCzvkCRUr1LRVQ,0.0,3.0,0.0,1.0
92,0.0,3.0,0.0,1.0
稳定,0.0,18.0,0.0,1.0
款,0.0,6.0,0.0,1.0
粉,0.0,3.0,0.0,1.0
排,0.0,6.0,0.0,1.0
焦点,0.0,6.0,0.0,1.0
计划,0.0,3.0,0.0,1.0
Hud3Bnp1yib0MejJEeBY83epY4vVVp0r41ym4WT2rXfVjyCalO89xDT51mdH4bThmg,0.0,3.0,0.0,1.0
武商,0.0,3.0,0.0,1.0
追求,0.0,3.0,0.0,1.0
著称,0.0,15.0,0.0,1.0
洁则,0.0,3.0,0.0,1.0
市场,0.0,54.0,0.0,1.0
0557,0.0,3.0,0.0,1.0
聘请,0.0,24.0,0.0,1.0
2017.5,0.0,3.0,0.0,1.0
BDknq61FVwcAcaXNtBhCnhx72Xib2LnickE1DXk9hEwzofaCGgTYtCzjic6kYSqpiaVA2vCTzTjRRkp6wkOoM13wcA,0.0,3.0,0.0,1.0
海燕,0.0,3.0,0.0,1.0
全程,0.0,3.0,0.0,1.0
地税,0.0,3.0,0.0,1.0
4P,0.0,6.0,0.0,1.0
掌握,0.0,3.0,0.0,1.0
5.30,0.0,3.0,0.0,1.0
誉,0.0,12.0,0.0,1.0
品质,0.0,24.0,0.0,1.0
资深,0.0,3.0,0.0,1.0
QxE0nZMmZY3f16WrVfOdZfXLMx3ibrNz1cf40l8beA2omN3bGyPpNJgBvK575icr4Yq6yRGkKuwqSMibPQszLBEYw,0.0,3.0,0.0,1.0
商标,0.0,30.0,0.0,1.0
不失,0.0,6.0,0.0,1.0
四家,0.0,6.0,0.0,1.0
较大,0.0,6.0,0.0,1.0
反其道而行之,0.0,6.0,0.0,1.0
25.1,0.0,3.0,0.0,1.0
正式,0.0,6.0,0.0,1.0
经,0.0,3.0,0.0,1.0
单店,0.0,12.0,0.0,1.0
1989,0.0,3.0,0.0,1.0
400,0.0,12.0,0.0,1.0
历年来,0.0,6.0,0.0,1.0
5.57,0.0,3.0,0.0,1.0
放大,0.0,6.0,0.0,1.0
名流,0.0,3.0,0.0,1.0
主要,0.0,9.0,0.0,1.0
继续,0.0,12.0,0.0,1.0
绅士,1.0,3.0,0.25,0.75
一,0.0,3.0,0.0,1.0
起,0.0,9.0,0.0,1.0
外部环境,0.0,3.0,0.0,1.0
今年,0.0,33.0,0.0,1.0
北,0.0,3.0,0.0,1.0
较为,0.0,18.0,0.0,1.0
这种,0.0,9.0,0.0,1.0
PVJBBhMN6QxlG3Lul8gVZA8stwrltH2icFgTbK2jaJ5MkLhgSCOjSnIvUaib96sO79t61GyaAo2ASWI3OQ,0.0,3.0,0.0,1.0
27.9,0.0,3.0,0.0,1.0
精工,0.0,24.0,0.0,1.0
原因,0.0,12.0,0.0,1.0
上汽,0.0,2.0,0.0,1.0
一款,0.0,9.0,0.0,1.0
诉求,0.0,12.0,0.0,1.0
买,0.0,12.0,0.0,1.0
别致,1.0,0.0,1.0,0.0
有利于,0.0,9.0,0.0,1.0
号,0.0,12.0,0.0,1.0
成为,0.0,6.0,0.0,1.0
零售店,0.0,3.0,0.0,1.0
示人,0.0,9.0,0.0,1.0
可,0.0,6.0,0.0,1.0
基于,0.0,12.0,0.0,1.0
自有,0.0,3.0,0.0,1.0
荣获,0.0,6.0,0.0,1.0
总资产,0.0,12.0,0.0,1.0
同时,0.0,6.0,0.0,1.0
30,0.0,9.0,0.0,1.0
‘,0.0,9.0,0.0,1.0
满,0.0,6.0,0.0,1.0
贡,0.0,3.0,0.0,1.0
98,0.0,3.0,0.0,1.0
开业,0.0,21.0,0.0,1.0
技术,0.0,3.0,0.0,1.0
多元化,0.0,24.0,0.0,1.0
那时,0.0,3.0,0.0,1.0
数据,0.0,9.0,0.0,1.0
多家,0.0,12.0,0.0,1.0
满足,0.0,3.0,0.0,1.0
深刻,0.0,6.0,0.0,1.0
认知,0.0,12.0,0.0,1.0
销售,0.0,63.0,0.0,1.0
增长幅度,0.0,6.0,0.0,1.0
融合,0.0,6.0,0.0,1.0
灰标,0.0,3.0,0.0,1.0
光临,0.0,6.0,0.0,1.0
数量,0.0,18.0,0.0,1.0
年春夏,0.0,3.0,0.0,1.0
位居,0.0,9.0,0.0,1.0
家庭,0.0,6.0,0.0,1.0
重点,0.0,6.0,0.0,1.0
净利润,0.0,24.0,0.0,1.0
大,1.0,30.0,0.03225806451612903,0.967741935483871
26,0.0,3.0,0.0,1.0
王者,0.0,9.0,0.0,1.0
陆毅,0.0,30.0,0.0,1.0
将绅,0.0,6.0,0.0,1.0
回馈,0.0,3.0,0.0,1.0
中路,0.0,9.0,0.0,1.0
大奖,0.0,9.0,0.0,1.0
双层,0.0,3.0,0.0,1.0
排名,0.0,2.0,0.0,1.0
如此,0.0,6.0,0.0,1.0
如何,0.0,21.0,0.0,1.0
要放,0.0,6.0,0.0,1.0
服装类,0.0,3.0,0.0,1.0
层面,0.0,3.0,0.0,1.0
最好,0.0,3.0,0.0,1.0
轻松,0.0,6.0,0.0,1.0
位置,0.0,3.0,0.0,1.0
时尚服饰,0.0,3.0,0.0,1.0
十几万,0.0,3.0,0.0,1.0
财务,0.0,6.0,0.0,1.0
一套,0.0,3.0,0.0,1.0
熨烫,0.0,3.0,0.0,1.0
几件事,0.0,3.0,0.0,1.0
无忧,0.0,9.0,0.0,1.0
聪颖,0.0,18.0,0.0,1.0
中高层,0.0,6.0,0.0,1.0
筛选,0.0,3.0,0.0,1.0
电话,0.0,12.0,0.0,1.0
客户,0.0,3.0,0.0,1.0
让,0.0,15.0,0.0,1.0
影视明星,0.0,6.0,0.0,1.0
踏过,0.0,3.0,0.0,1.0
决心,0.0,9.0,0.0,1.0
新增,0.0,3.0,0.0,1.0
下跌,0.0,6.0,0.0,1.0
最大,0.0,12.0,0.0,1.0
SRC,0.0,48.0,0.0,1.0
生产,0.0,12.0,0.0,1.0
端自,0.0,3.0,0.0,1.0
杠杆,0.0,6.0,0.0,1.0
担当,0.0,6.0,0.0,1.0
视以,0.0,3.0,0.0,1.0
提速,0.0,6.0,0.0,1.0
呈现,0.0,6.0,0.0,1.0
态势,0.0,3.0,0.0,1.0
记者,0.0,6.0,0.0,1.0
如今,0.0,3.0,0.0,1.0
电子商务,0.0,6.0,0.0,1.0
品牌战略,0.0,12.0,0.0,1.0
宁沪高速,0.0,2.0,0.0,1.0
深化,0.0,6.0,0.0,1.0
客车,0.0,2.0,0.0,1.0
晚报,0.0,3.0,0.0,1.0
2056222,0.0,3.0,0.0,1.0
yqVAqoZvDibFdT5SgkkibedjPqHmHgugvSxtfUyDOHokCDnElBoD6G2JUR2KCZaZVuaspo08Kj6adYBSkmDRQQww,0.0,3.0,0.0,1.0
微降,0.0,3.0,0.0,1.0
7.2,0.0,3.0,0.0,1.0
展现,0.0,3.0,0.0,1.0
加盟店,0.0,6.0,0.0,1.0
以主,0.0,3.0,0.0,1.0
据介绍,0.0,9.0,0.0,1.0
指出,0.0,18.0,0.0,1.0
灰分,0.0,3.0,0.0,1.0
月末,0.0,3.0,0.0,1.0
注脚,0.0,6.0,0.0,1.0
一季度,0.0,12.0,0.0,1.0
资本,0.0,12.0,0.0,1.0
高性价比,0.0,3.0,0.0,1.0
增幅,0.0,3.0,0.0,1.0
频频,0.0,6.0,0.0,1.0
核算,0.0,3.0,0.0,1.0
协议,0.0,12.0,0.0,1.0
空间,0.0,6.0,0.0,1.0
较,0.0,24.0,0.0,1.0
二十六,0.0,3.0,0.0,1.0
PK,0.0,9.0,0.0,1.0
促销,0.0,3.0,0.0,1.0
4.80,0.0,3.0,0.0,1.0
......,0.0,12.0,0.0,1.0
回暖,0.0,9.0,0.0,1.0
低效,0.0,6.0,0.0,1.0
元,0.0,6.0,0.0,1.0
640,0.0,21.0,0.0,1.0
发芽,0.0,3.0,0.0,1.0
林,0.0,18.0,0.0,1.0
广场,0.0,6.0,0.0,1.0
榆星,0.0,3.0,0.0,1.0
版型,0.0,3.0,0.0,1.0
过程,0.0,3.0,0.0,1.0
领军者,0.0,6.0,0.0,1.0
到,1.0,6.0,0.14285714285714285,0.8571428571428571
4.07,0.0,3.0,0.0,1.0
一批,0.0,6.0,0.0,1.0
IPO,0.0,3.0,0.0,1.0
加盟,0.0,12.0,0.0,1.0
事情,0.0,3.0,0.0,1.0
主,0.0,27.0,0.0,1.0
拥有,0.0,6.0,0.0,1.0
纺服,0.0,6.0,0.0,1.0
反映,0.0,3.0,0.0,1.0
中泰,0.0,3.0,0.0,1.0
银泰,0.0,3.0,0.0,1.0
新开,0.0,6.0,0.0,1.0
下降,0.0,3.0,0.0,1.0
地,0.0,18.0,0.0,1.0
年轻人,0.0,3.0,0.0,1.0
补充,0.0,3.0,0.0,1.0
龙头,0.0,9.0,0.0,1.0
文化产业,0.0,6.0,0.0,1.0
本文,0.0,6.0,0.0,1.0
没,0.0,3.0,0.0,1.0
二,0.0,6.0,0.0,1.0
思路,0.0,6.0,0.0,1.0
贵人,0.0,3.0,0.0,1.0
经营方式,0.0,3.0,0.0,1.0
全场,0.0,12.0,0.0,1.0
能,0.0,3.0,0.0,1.0
会员,0.0,30.0,0.0,1.0
6.18,0.0,3.0,0.0,1.0
质量,0.0,21.0,0.0,1.0
季度,0.0,3.0,0.0,1.0
补货,0.0,3.0,0.0,1.0
创立,0.0,9.0,0.0,1.0
合伙人,0.0,6.0,0.0,1.0
中,0.0,36.0,0.0,1.0
闪耀,0.0,6.0,0.0,1.0
百货,0.0,6.0,0.0,1.0
;,0.0,3.0,0.0,1.0
影响,0.0,3.0,0.0,1.0
形象,0.0,12.0,0.0,1.0
辅助,0.0,3.0,0.0,1.0
华域,0.0,2.0,0.0,1.0
街边,0.0,3.0,0.0,1.0
米,0.0,9.0,0.0,1.0
自我,0.0,3.0,0.0,1.0
持续,0.0,27.0,0.0,1.0
红包,1.0,0.0,1.0,0.0
《,0.0,3.0,0.0,1.0
扩展,0.0,6.0,0.0,1.0
业内人士,0.0,6.0,0.0,1.0
203.69,0.0,3.0,0.0,1.0
对此,0.0,12.0,0.0,1.0
除,0.0,6.0,0.0,1.0
选择,0.0,3.0,0.0,1.0
分红,0.0,4.0,0.0,1.0
非常,0.0,3.0,0.0,1.0
未来,0.0,15.0,0.0,1.0
放在首位,0.0,3.0,0.0,1.0
比,0.0,9.0,0.0,1.0
总,0.0,3.0,0.0,1.0
<,0.0,51.0,0.0,1.0
快速,0.0,15.0,0.0,1.0
zMj0U3aDvYFF3mGUmENSp1dB7x2oKZSeCicPBUbFUIQ,0.0,3.0,0.0,1.0
慕华,0.0,12.0,0.0,1.0
品牌形象,0.0,15.0,0.0,1.0
生动,0.0,6.0,0.0,1.0
推进,0.0,24.0,0.0,1.0
表示,0.0,12.0,0.0,1.0
国内,0.0,33.0,0.0,1.0
而海澜,0.0,3.0,0.0,1.0
重要讲话,0.0,3.0,0.0,1.0
业绩,0.0,12.0,0.0,1.0
新店,0.0,12.0,0.0,1.0
其实,0.0,9.0,0.0,1.0
冰火,0.0,6.0,0.0,1.0
改善,0.0,3.0,0.0,1.0
预期,0.0,6.0,0.0,1.0
同类产品,0.0,6.0,0.0,1.0
功能,0.0,3.0,0.0,1.0
决策,0.0,3.0,0.0,1.0
?,0.0,132.0,0.0,1.0
为,0.0,48.0,0.0,1.0
不佳,0.0,3.0,0.0,1.0
板块,0.0,3.0,0.0,1.0
周年,0.0,12.0,0.0,1.0
年略,0.0,3.0,0.0,1.0
潜在,0.0,3.0,0.0,1.0
相关,0.0,6.0,0.0,1.0
印象,0.0,6.0,0.0,1.0
体系,0.0,9.0,0.0,1.0
标,0.0,3.0,0.0,1.0
利润,0.0,6.0,0.0,1.0
收窄,0.0,3.0,0.0,1.0
线,0.0,6.0,0.0,1.0
向,0.0,21.0,0.0,1.0
直营,0.0,12.0,0.0,1.0
联袂,1.0,0.0,1.0,0.0
第一,0.0,12.0,0.0,1.0
43,0.0,3.0,0.0,1.0
秋季,0.0,21.0,0.0,1.0
很,0.0,15.0,0.0,1.0
格局,0.0,6.0,0.0,1.0
首付,1.0,0.0,1.0,0.0
满额,1.0,0.0,1.0,0.0
开发,0.0,6.0,0.0,1.0
针对,0.0,3.0,0.0,1.0
6.77,0.0,3.0,0.0,1.0
尚,0.0,9.0,0.0,1.0
宝马,1.0,0.0,1.0,0.0
礼聘,0.0,6.0,0.0,1.0
七匹狼,0.0,78.0,0.0,1.0
大厦,0.0,3.0,0.0,1.0
十二年,0.0,3.0,0.0,1.0
有限责任,0.0,6.0,0.0,1.0
值得,0.0,3.0,0.0,1.0
关注,0.0,6.0,0.0,1.0
自,0.0,18.0,0.0,1.0
35,0.0,6.0,0.0,1.0
级,0.0,3.0,0.0,1.0
毛利率,0.0,21.0,0.0,1.0
收益率,0.0,12.0,0.0,1.0
百货店,0.0,6.0,0.0,1.0
预计,0.0,21.0,0.0,1.0
基金,0.0,18.0,0.0,1.0
万,0.0,6.0,0.0,1.0
合作伙伴,0.0,3.0,0.0,1.0
享有,0.0,6.0,0.0,1.0
),0.0,30.0,0.0,1.0
营业,0.0,15.0,0.0,1.0
意欲何为,0.0,6.0,0.0,1.0
缩减,0.0,3.0,0.0,1.0
Get,0.0,6.0,0.0,1.0
高层,0.0,6.0,0.0,1.0
把,0.0,9.0,0.0,1.0
环比,0.0,6.0,0.0,1.0
若线,0.0,3.0,0.0,1.0
店铺,0.0,36.0,0.0,1.0
纪要,0.0,15.0,0.0,1.0
肩负,0.0,6.0,0.0,1.0
企业,0.0,75.0,0.0,1.0
步步高,1.0,0.0,1.0,0.0
两重天,0.0,6.0,0.0,1.0
配货,0.0,3.0,0.0,1.0
zGVrT59M5NMUKRNJaPibcpGz08cmv2mKaeZWh1liascBoqLyTGsO9vJNfXjVcaZyiaK9g,0.0,3.0,0.0,1.0
目前,0.0,33.0,0.0,1.0
2014,0.0,6.0,0.0,1.0
高于,0.0,24.0,0.0,1.0
明显好转,0.0,6.0,0.0,1.0
经历,0.0,6.0,0.0,1.0
2017,0.0,65.0,0.0,1.0
之力,0.0,3.0,0.0,1.0
上方,0.0,3.0,0.0,1.0
3.7,0.0,3.0,0.0,1.0
以上,0.0,6.0,0.0,1.0
；,1.0,36.0,0.02702702702702703,0.972972972972973
增加,0.0,12.0,0.0,1.0
修养,0.0,6.0,0.0,1.0
变脸,0.0,21.0,0.0,1.0
2050789,0.0,3.0,0.0,1.0
消费,0.0,12.0,0.0,1.0
额,0.0,3.0,0.0,1.0
产业,0.0,24.0,0.0,1.0
之一,0.0,6.0,0.0,1.0
全线,0.0,3.0,0.0,1.0
对应,0.0,3.0,0.0,1.0
净,0.0,21.0,0.0,1.0
亏损,0.0,3.0,0.0,1.0
由负,0.0,6.0,0.0,1.0
商务,0.0,6.0,0.0,1.0
营收,0.0,21.0,0.0,1.0
兴海,0.0,3.0,0.0,1.0
重新,0.0,6.0,0.0,1.0
培训,0.0,3.0,0.0,1.0
魅力,1.0,0.0,1.0,0.0
结果,0.0,9.0,0.0,1.0
娜,0.0,9.0,0.0,1.0
华能,0.0,2.0,0.0,1.0
双位数,0.0,3.0,0.0,1.0
新老,0.0,3.0,0.0,1.0
净资产,0.0,12.0,0.0,1.0
kp0ZOOMDd5iaJuiafhF3HEkbdibcOjLvgCWSCicxfJAV9icLx6gxjs1DV07F30oJxzNAjIWsrwicg,0.0,3.0,0.0,1.0
管理层,0.0,3.0,0.0,1.0
看来,0.0,6.0,0.0,1.0
181,0.0,3.0,0.0,1.0
最,0.0,6.0,0.0,1.0
攀升,0.0,3.0,0.0,1.0
六周年,0.0,3.0,0.0,1.0
能够,0.0,3.0,0.0,1.0
至今,0.0,3.0,0.0,1.0
21.59,0.0,3.0,0.0,1.0
创业,0.0,3.0,0.0,1.0
3F,1.0,0.0,1.0,0.0
要,0.0,9.0,0.0,1.0
四年,0.0,3.0,0.0,1.0
宿州,0.0,3.0,0.0,1.0
功夫,0.0,3.0,0.0,1.0
总体,0.0,15.0,0.0,1.0
一场,0.0,3.0,0.0,1.0
辅导,0.0,6.0,0.0,1.0
助力,0.0,6.0,0.0,1.0
2052222,0.0,3.0,0.0,1.0
订阅,0.0,3.0,0.0,1.0
区别,0.0,3.0,0.0,1.0
更好,0.0,15.0,0.0,1.0
服饰品牌,0.0,3.0,0.0,1.0
进入,0.0,9.0,0.0,1.0
略有,0.0,6.0,0.0,1.0
该,0.0,6.0,0.0,1.0
专卖,0.0,6.0,0.0,1.0
一店,0.0,3.0,0.0,1.0
前所未有,0.0,6.0,0.0,1.0
冬,0.0,3.0,0.0,1.0
超市,0.0,3.0,0.0,1.0
强势,0.0,3.0,0.0,1.0
补单,0.0,3.0,0.0,1.0
代表,0.0,18.0,0.0,1.0
近期,0.0,9.0,0.0,1.0
以来,0.0,33.0,0.0,1.0
答谢,1.0,0.0,1.0,0.0
报,0.0,6.0,0.0,1.0
二级,0.0,6.0,0.0,1.0
海澜,0.0,60.0,0.0,1.0
两年,0.0,3.0,0.0,1.0
内,0.0,9.0,0.0,1.0
想到,0.0,3.0,0.0,1.0
不再,0.0,9.0,0.0,1.0
一名,0.0,6.0,0.0,1.0
1.66,0.0,3.0,0.0,1.0
【,0.0,21.0,0.0,1.0
jpg,0.0,30.0,0.0,1.0
另外,0.0,21.0,0.0,1.0
再,0.0,6.0,0.0,1.0
最新,0.0,6.0,0.0,1.0
寻找,0.0,3.0,0.0,1.0
保障,0.0,3.0,0.0,1.0
立命,0.0,3.0,0.0,1.0
时尚,0.0,33.0,0.0,1.0
17Q1,0.0,12.0,0.0,1.0
牧心者,0.0,12.0,0.0,1.0
圈,0.0,3.0,0.0,1.0
产能,0.0,3.0,0.0,1.0
股价,0.0,6.0,0.0,1.0
作为,0.0,18.0,0.0,1.0
表明,0.0,6.0,0.0,1.0
epoGN0OHQ3UYIl81MhoqVmsibKRcb7w,0.0,3.0,0.0,1.0
岗西,0.0,3.0,0.0,1.0
两家,0.0,6.0,0.0,1.0
连续,0.0,21.0,0.0,1.0
截至,0.0,3.0,0.0,1.0
裤,0.0,6.0,0.0,1.0
去,0.0,3.0,0.0,1.0
已经,0.0,36.0,0.0,1.0
84,0.0,3.0,0.0,1.0
调整,0.0,21.0,0.0,1.0
公告,0.0,6.0,0.0,1.0
秉承,0.0,3.0,0.0,1.0
做,0.0,21.0,0.0,1.0
裤子,0.0,9.0,0.0,1.0
面向,0.0,3.0,0.0,1.0
候亮,0.0,6.0,0.0,1.0
代言人,0.0,30.0,0.0,1.0
四百多万,0.0,3.0,0.0,1.0
阅读,0.0,3.0,0.0,1.0
本土,0.0,6.0,0.0,1.0
已,0.0,27.0,0.0,1.0
知名品牌,0.0,3.0,0.0,1.0
年秋冬,0.0,3.0,0.0,1.0
1jA9RMicF3lvuUHvdeo07xwdfRhD9t3fBVTibHEbFD,0.0,3.0,0.0,1.0
定下,0.0,3.0,0.0,1.0
㎡,0.0,3.0,0.0,1.0
120,0.0,3.0,0.0,1.0
第二,0.0,3.0,0.0,1.0
以人为本,0.0,3.0,0.0,1.0
分化,0.0,3.0,0.0,1.0
长治,0.0,3.0,0.0,1.0
根据,0.0,6.0,0.0,1.0
始终不变,0.0,3.0,0.0,1.0
三类,0.0,6.0,0.0,1.0
多元,0.0,6.0,0.0,1.0
升级,0.0,27.0,0.0,1.0
状况,0.0,3.0,0.0,1.0
推广,0.0,6.0,0.0,1.0
魏,0.0,6.0,0.0,1.0
近几年,0.0,9.0,0.0,1.0
扩大,0.0,3.0,0.0,1.0
全国,0.0,21.0,0.0,1.0
多个,0.0,6.0,0.0,1.0
无论是,0.0,6.0,0.0,1.0
期,0.0,6.0,0.0,1.0
过,0.0,3.0,0.0,1.0
平效,0.0,6.0,0.0,1.0
红利,0.0,3.0,0.0,1.0
牛仔裤,0.0,3.0,0.0,1.0
看出,0.0,3.0,0.0,1.0
广文影,0.0,6.0,0.0,1.0
女装,0.0,6.0,0.0,1.0
搭载,0.0,6.0,0.0,1.0
最高,0.0,12.0,0.0,1.0
热烈祝贺,0.0,3.0,0.0,1.0
闽,0.0,3.0,0.0,1.0
K01,0.0,3.0,0.0,1.0
每一件,0.0,6.0,0.0,1.0
比较,0.0,15.0,0.0,1.0
流线型,0.0,3.0,0.0,1.0
专卖店,0.0,9.0,0.0,1.0
一起,0.0,3.0,0.0,1.0
直接,0.0,3.0,0.0,1.0
经典,0.0,6.0,0.0,1.0
趋弱,0.0,6.0,0.0,1.0
3,1.0,27.0,0.03571428571428571,0.9642857142857143
不论,0.0,3.0,0.0,1.0
系统,0.0,6.0,0.0,1.0
17,0.0,21.0,0.0,1.0
销售额,0.0,12.0,0.0,1.0
表现,0.0,12.0,0.0,1.0
主业,0.0,3.0,0.0,1.0
~,0.0,15.0,0.0,1.0
精神,0.0,9.0,0.0,1.0
为了,0.0,3.0,0.0,1.0
16,0.0,6.0,0.0,1.0
好,0.0,21.0,0.0,1.0
有限,0.0,12.0,0.0,1.0
还,0.0,18.0,0.0,1.0
奉行,0.0,9.0,0.0,1.0
率高,0.0,2.0,0.0,1.0
抢占,0.0,12.0,0.0,1.0
目标,0.0,6.0,0.0,1.0
I,0.0,3.0,0.0,1.0
并,0.0,3.0,0.0,1.0
用,0.0,6.0,0.0,1.0
能换,0.0,3.0,0.0,1.0
洞察,0.0,6.0,0.0,1.0
投资者,0.0,12.0,0.0,1.0
讲解,0.0,3.0,0.0,1.0
拓展,0.0,3.0,0.0,1.0
在,0.0,171.0,0.0,1.0
黑,0.0,3.0,0.0,1.0
送礼,2.0,0.0,1.0,0.0
仕,0.0,39.0,0.0,1.0
|,0.0,6.0,0.0,1.0
　,0.0,636.0,0.0,1.0
近两年,0.0,9.0,0.0,1.0
49,0.0,3.0,0.0,1.0
人所共知,0.0,6.0,0.0,1.0
透露,0.0,3.0,0.0,1.0
一颗颗,0.0,3.0,0.0,1.0
但海澜,0.0,6.0,0.0,1.0
研发,0.0,3.0,0.0,1.0
整合,0.0,12.0,0.0,1.0
整体,0.0,9.0,0.0,1.0
NjniaT9VngRvfa2iaT6WeZyQL41FPuekricFoU0ib73dvoPAgEdndfiapNn4afgYogdbzmKDwMDjDuUqw,0.0,3.0,0.0,1.0
共享,0.0,3.0,0.0,1.0
大招,0.0,6.0,0.0,1.0
提效,0.0,3.0,0.0,1.0
影视,0.0,18.0,0.0,1.0
大多数,0.0,3.0,0.0,1.0
细分,0.0,6.0,0.0,1.0
势头,0.0,6.0,0.0,1.0
全面,0.0,3.0,0.0,1.0
前列,0.0,6.0,0.0,1.0
主义,0.0,3.0,0.0,1.0
四,0.0,2.0,0.0,1.0
即将,0.0,12.0,0.0,1.0
年,0.0,128.0,0.0,1.0
2876686,0.0,3.0,0.0,1.0
领军,0.0,6.0,0.0,1.0
具体,0.0,6.0,0.0,1.0
使得,0.0,3.0,0.0,1.0
只,0.0,6.0,0.0,1.0
/,0.0,339.0,0.0,1.0
FUN,0.0,30.0,0.0,1.0
精细化,0.0,3.0,0.0,1.0
鼎鼎,0.0,3.0,0.0,1.0
寻求,0.0,3.0,0.0,1.0
业内,0.0,3.0,0.0,1.0
基调,0.0,6.0,0.0,1.0
归属于,0.0,3.0,0.0,1.0
面料,0.0,3.0,0.0,1.0
九牧王,1.0,668.0,0.0014947683109118087,0.9985052316890882
天下,0.0,12.0,0.0,1.0
交,1.0,0.0,1.0,0.0
累计,0.0,3.0,0.0,1.0
们,0.0,3.0,0.0,1.0
宣言,0.0,6.0,0.0,1.0
奋力,0.0,6.0,0.0,1.0
传统,0.0,6.0,0.0,1.0
40,0.0,3.0,0.0,1.0
话费,1.0,0.0,1.0,0.0
一家,0.0,3.0,0.0,1.0
这是,0.0,6.0,0.0,1.0
首次,0.0,27.0,0.0,1.0
主权,0.0,6.0,0.0,1.0
而且,0.0,3.0,0.0,1.0
推出,1.0,21.0,0.045454545454545456,0.9545454545454546
自身,0.0,3.0,0.0,1.0
电力,0.0,2.0,0.0,1.0
王冯,0.0,6.0,0.0,1.0
占有率,0.0,6.0,0.0,1.0
串联,0.0,3.0,0.0,1.0
着,0.0,27.0,0.0,1.0
位于,0.0,6.0,0.0,1.0
此时,0.0,6.0,0.0,1.0
合伙,0.0,18.0,0.0,1.0
诸多,0.0,6.0,0.0,1.0
周转率,0.0,12.0,0.0,1.0
mvzrnC3ic0KSegVO25quxeN6fdwzVrMrkF8uBjIIJQZv4xMVbaiaU271CUohMGOaA3rQ10Mbf2WxKfgbN0ibLd9Cg,0.0,3.0,0.0,1.0
明显,0.0,9.0,0.0,1.0
%,0.0,87.0,0.0,1.0
董秘,0.0,3.0,0.0,1.0
IMAGE,0.0,51.0,0.0,1.0
2iaT6WeZyQYal6FvyxCHbpppKkhibiaBwstfY7HodvibTl4LPlzPJnfz6Nvmx1fQ8Cw,0.0,3.0,0.0,1.0
班,0.0,3.0,0.0,1.0
足,0.0,3.0,0.0,1.0
茄克,0.0,6.0,0.0,1.0
活动,0.0,12.0,0.0,1.0
认购,0.0,6.0,0.0,1.0
报表,0.0,6.0,0.0,1.0
可见,0.0,6.0,0.0,1.0
零散,0.0,6.0,0.0,1.0
jqiaz8Ge3UsPDdhBsqsvbdmia1NoqibpFiaYJ6qNicKEK8ovdSTl0j6gwZJQfYGGPV4qY5VgKV7FkldxPUYuD0oiabEQ,0.0,3.0,0.0,1.0
老师,0.0,9.0,0.0,1.0
纺服婕,0.0,3.0,0.0,1.0
13.27,0.0,3.0,0.0,1.0
28,0.0,24.0,0.0,1.0
清晰,0.0,9.0,0.0,1.0
背景,0.0,9.0,0.0,1.0
集中,0.0,3.0,0.0,1.0
Vigano,0.0,6.0,0.0,1.0
多数,0.0,3.0,0.0,1.0
地素,0.0,3.0,0.0,1.0
贡献率,0.0,3.0,0.0,1.0
中广,0.0,6.0,0.0,1.0
适合,0.0,3.0,0.0,1.0
三家,0.0,18.0,0.0,1.0
流行色,0.0,3.0,0.0,1.0
一位,0.0,3.0,0.0,1.0
诠释,0.0,6.0,0.0,1.0
1000,0.0,12.0,0.0,1.0
60,0.0,6.0,0.0,1.0
平,0.0,9.0,0.0,1.0
鞠,0.0,3.0,0.0,1.0
管理者,0.0,3.0,0.0,1.0
为什么,0.0,6.0,0.0,1.0
面积,0.0,12.0,0.0,1.0
下滑,0.0,15.0,0.0,1.0
四季度,0.0,3.0,0.0,1.0
Lfqp61gOyMxYAOrMd6UEy0AkZoVdQibWB8mDeAaU0aw8Rh1JVe9GJUfprPyXSiczg,0.0,3.0,0.0,1.0
多位,0.0,3.0,0.0,1.0
一把,0.0,6.0,0.0,1.0
想要,0.0,6.0,0.0,1.0
年底,0.0,6.0,0.0,1.0
取得,0.0,3.0,0.0,1.0
方特,0.0,6.0,0.0,1.0
始终,0.0,3.0,0.0,1.0
21,0.0,3.0,0.0,1.0
Dae7MkibKypt2tfEx86VJbKgVTuy3pUY4sph1wVlI1gTuaRSic8NPLHU4l1rXEID0tEM7icqmJFqicDDV4ZGa2aCRg,0.0,3.0,0.0,1.0
将会,0.0,6.0,0.0,1.0
每年,0.0,15.0,0.0,1.0
对于,0.0,21.0,0.0,1.0
产品质量,0.0,3.0,0.0,1.0
早,0.0,9.0,0.0,1.0
求变,0.0,12.0,0.0,1.0
地点,0.0,3.0,0.0,1.0
每个,0.0,3.0,0.0,1.0
三四,0.0,6.0,0.0,1.0
1204,0.0,3.0,0.0,1.0
进行,0.0,27.0,0.0,1.0
将,0.0,66.0,0.0,1.0
演员,0.0,6.0,0.0,1.0
随着,0.0,6.0,0.0,1.0
着装,0.0,6.0,0.0,1.0
力求,0.0,3.0,0.0,1.0
链接,0.0,3.0,0.0,1.0
长兴,0.0,6.0,0.0,1.0
658,0.0,3.0,0.0,1.0
楼下,0.0,3.0,0.0,1.0
一贯,0.0,9.0,0.0,1.0
只以,0.0,9.0,0.0,1.0
显效,0.0,3.0,0.0,1.0
决定,0.0,9.0,0.0,1.0
开拓创新,0.0,3.0,0.0,1.0
购物中心,0.0,12.0,0.0,1.0
金字招牌,0.0,3.0,0.0,1.0
降幅,0.0,3.0,0.0,1.0
于,0.0,15.0,0.0,1.0
所,0.0,12.0,0.0,1.0
开辟,0.0,6.0,0.0,1.0
三大,0.0,3.0,0.0,1.0
快,0.0,3.0,0.0,1.0
13,0.0,3.0,0.0,1.0
微,0.0,6.0,0.0,1.0
近年来,0.0,6.0,0.0,1.0
bUw97xNw,0.0,3.0,0.0,1.0
参加,0.0,6.0,0.0,1.0
加速,0.0,3.0,0.0,1.0
学习,0.0,3.0,0.0,1.0
梯队,0.0,6.0,0.0,1.0
LEe2B4XaM4lMs3szSeP3ibIeuf0I0AlRdo4WHKrAaByRPm56h4GiakMO4OrzDMIgcuxIPRj7FWoXr0Boibk1ThDibw,0.0,3.0,0.0,1.0
http,0.0,48.0,0.0,1.0
百丽,0.0,3.0,0.0,1.0
零售,0.0,21.0,0.0,1.0
潮流,0.0,9.0,0.0,1.0
证券,0.0,12.0,0.0,1.0
路上,0.0,3.0,0.0,1.0
杭州,0.0,12.0,0.0,1.0
发行,0.0,6.0,0.0,1.0
植入,0.0,6.0,0.0,1.0
特别,0.0,3.0,0.0,1.0
垂询,0.0,3.0,0.0,1.0
流量,1.0,3.0,0.25,0.75
执行,0.0,3.0,0.0,1.0
之前,0.0,9.0,0.0,1.0
设计,0.0,6.0,0.0,1.0
服饰,0.0,51.0,0.0,1.0
高调,0.0,6.0,0.0,1.0
第一天,0.0,3.0,0.0,1.0
百万,0.0,3.0,0.0,1.0
女人,1.0,0.0,1.0,0.0
点击,0.0,3.0,0.0,1.0
均,0.0,15.0,0.0,1.0
LEe2B4XaM4lMs3szSeP3ibIeuf0I0AlRdDfpJhpINQvn3JLOiaDMHCOhlfoVAiaI8icXpoA5B0u4guU5cUl7ib7X2iaw,0.0,3.0,0.0,1.0
等,0.0,45.0,0.0,1.0
市场占有率,0.0,9.0,0.0,1.0
A,0.0,3.0,0.0,1.0
有些,0.0,3.0,0.0,1.0
电商,0.0,9.0,0.0,1.0
时尚化,0.0,3.0,0.0,1.0
预定,1.0,0.0,1.0,0.0
本,0.0,3.0,0.0,1.0
9.58,0.0,3.0,0.0,1.0
道,0.0,3.0,0.0,1.0
影响力,0.0,3.0,0.0,1.0
搭建,0.0,3.0,0.0,1.0
套数,0.0,3.0,0.0,1.0
财务状况,0.0,3.0,0.0,1.0
匠心,0.0,9.0,0.0,1.0
提供,0.0,3.0,0.0,1.0
医院,0.0,3.0,0.0,1.0
浙能,0.0,2.0,0.0,1.0
特钢,0.0,2.0,0.0,1.0
基数,0.0,3.0,0.0,1.0
平价,0.0,3.0,0.0,1.0
重塑,0.0,18.0,0.0,1.0
出席,0.0,3.0,0.0,1.0
考察,0.0,3.0,0.0,1.0
仅,0.0,9.0,0.0,1.0
股票,0.0,21.0,0.0,1.0
持平,0.0,9.0,0.0,1.0
神华,0.0,2.0,0.0,1.0
店,1.0,15.0,0.0625,0.9375
关店,0.0,12.0,0.0,1.0
汽车,0.0,2.0,0.0,1.0
利用,0.0,3.0,0.0,1.0
低位,0.0,6.0,0.0,1.0
一年,0.0,6.0,0.0,1.0
速度,0.0,3.0,0.0,1.0
制定,0.0,18.0,0.0,1.0
定义,0.0,6.0,0.0,1.0
分析师,0.0,3.0,0.0,1.0
参课,0.0,3.0,0.0,1.0
提出,0.0,3.0,0.0,1.0
以,0.0,15.0,0.0,1.0
工序,0.0,3.0,0.0,1.0
最近,0.0,6.0,0.0,1.0
进军,0.0,6.0,0.0,1.0
收购,0.0,6.0,0.0,1.0
3.39,0.0,3.0,0.0,1.0
内生性,0.0,3.0,0.0,1.0
1.33,0.0,3.0,0.0,1.0
进驻,0.0,6.0,0.0,1.0
wx,0.0,117.0,0.0,1.0
人群,0.0,3.0,0.0,1.0
稳健,0.0,33.0,0.0,1.0
永辉,0.0,3.0,0.0,1.0
二楼,0.0,6.0,0.0,1.0
以前,0.0,6.0,0.0,1.0
购买,0.0,9.0,0.0,1.0
阿米巴,0.0,42.0,0.0,1.0
这些,0.0,9.0,0.0,1.0
关爱,0.0,3.0,0.0,1.0
送,1.0,6.0,0.14285714285714285,0.8571428571428571
实现,0.0,18.0,0.0,1.0
综合,0.0,21.0,0.0,1.0
LEe2B4XaM4kDztP9ia2RLQQ8VicEKXVDxzbgs1Z7qZNC1bQkgYsrFz3Drkby1Ky07XjDGRBSHe4QZZuEP5yQB0sQ,0.0,3.0,0.0,1.0
二店,0.0,3.0,0.0,1.0
理念,0.0,3.0,0.0,1.0
男士,0.0,9.0,0.0,1.0
是,0.0,86.0,0.0,1.0
变革,0.0,15.0,0.0,1.0
同款,0.0,15.0,0.0,1.0
刷新,0.0,9.0,0.0,1.0
好转,0.0,6.0,0.0,1.0
因,0.0,3.0,0.0,1.0
观察,0.0,6.0,0.0,1.0
规模,0.0,6.0,0.0,1.0
>,0.0,123.0,0.0,1.0
启航,0.0,3.0,0.0,1.0
规划,0.0,3.0,0.0,1.0
变化,0.0,3.0,0.0,1.0
2015,0.0,2.0,0.0,1.0
远远,0.0,12.0,0.0,1.0
15,0.0,9.0,0.0,1.0
处于,0.0,6.0,0.0,1.0
消费者,0.0,18.0,0.0,1.0
做出,0.0,6.0,0.0,1.0
还手,0.0,3.0,0.0,1.0
西藏,0.0,6.0,0.0,1.0
结合,0.0,15.0,0.0,1.0
亿,0.0,6.0,0.0,1.0
时间,0.0,3.0,0.0,1.0
200,0.0,3.0,0.0,1.0
方面,0.0,15.0,0.0,1.0
毛利,0.0,3.0,0.0,1.0
出现,0.0,6.0,0.0,1.0
中国银行,0.0,2.0,0.0,1.0
活跃度,0.0,3.0,0.0,1.0
文化教育,0.0,12.0,0.0,1.0
经营,0.0,42.0,0.0,1.0
90,0.0,3.0,0.0,1.0
讲述,0.0,3.0,0.0,1.0
55,0.0,3.0,0.0,1.0
接近,0.0,3.0,0.0,1.0
股息,0.0,4.0,0.0,1.0
所得,0.0,3.0,0.0,1.0
最多,0.0,6.0,0.0,1.0
几十年如一日,0.0,3.0,0.0,1.0
出来,0.0,3.0,0.0,1.0
93,0.0,3.0,0.0,1.0
Z57ZUHsFpVNjniaT9VngRvfa2iaT6WeZyQa2NWt4shrIhamow2x6BfFmE3eTLYpgy5w0VwI29hxhRFcfq5mFFXkQ,0.0,3.0,0.0,1.0
经验,0.0,3.0,0.0,1.0
诞生,0.0,3.0,0.0,1.0
行业,0.0,15.0,0.0,1.0
个性化,0.0,9.0,0.0,1.0
20,0.0,11.0,0.0,1.0
边际,0.0,3.0,0.0,1.0
明星,0.0,21.0,0.0,1.0
岁,0.0,3.0,0.0,1.0
领域,0.0,27.0,0.0,1.0
达到,0.0,9.0,0.0,1.0
转好,0.0,6.0,0.0,1.0
有限公司,0.0,27.0,0.0,1.0
着实,0.0,6.0,0.0,1.0
长治市,0.0,12.0,0.0,1.0
期待,0.0,6.0,0.0,1.0
南,0.0,3.0,0.0,1.0
虚实,0.0,6.0,0.0,1.0
之外,0.0,6.0,0.0,1.0
走,0.0,3.0,0.0,1.0
个,0.0,18.0,0.0,1.0
商城,0.0,6.0,0.0,1.0
丝,0.0,9.0,0.0,1.0
参与,0.0,15.0,0.0,1.0
积极,0.0,12.0,0.0,1.0
下划,0.0,6.0,0.0,1.0
3718888,0.0,3.0,0.0,1.0
集团,0.0,20.0,0.0,1.0
扫码,1.0,0.0,1.0,0.0
100,0.0,15.0,0.0,1.0
订货,0.0,6.0,0.0,1.0
引进,0.0,3.0,0.0,1.0
奉献,0.0,3.0,0.0,1.0
交通银行,0.0,2.0,0.0,1.0
竞争,0.0,6.0,0.0,1.0
4,0.0,15.0,0.0,1.0
知名,0.0,6.0,0.0,1.0
面前,0.0,3.0,0.0,1.0
这一,0.0,12.0,0.0,1.0
渗透,0.0,3.0,0.0,1.0
份额,0.0,3.0,0.0,1.0
雅戈尔,1.0,5.0,0.16666666666666666,0.8333333333333334
更是,0.0,6.0,0.0,1.0
古井,0.0,3.0,0.0,1.0
41,0.0,3.0,0.0,1.0
30.5,0.0,3.0,0.0,1.0
_,0.0,159.0,0.0,1.0
谋变,0.0,6.0,0.0,1.0
实力,0.0,3.0,0.0,1.0
总裁,0.0,3.0,0.0,1.0
一些,0.0,3.0,0.0,1.0
akp0ZOOMDd5iaJuiafhF0aZ8d69H7rjDKfN5jzYjkEYI6b9xX9u9SWmWhpPbT1Jjgia9iboHNpFA,0.0,3.0,0.0,1.0
达成,0.0,6.0,0.0,1.0
特征,0.0,6.0,0.0,1.0
资源,0.0,12.0,0.0,1.0
强化,0.0,12.0,0.0,1.0
超导,0.0,3.0,0.0,1.0
学满,0.0,3.0,0.0,1.0
个股,0.0,4.0,0.0,1.0
主打,0.0,3.0,0.0,1.0
科技,0.0,6.0,0.0,1.0
风格,0.0,9.0,0.0,1.0
直配,0.0,3.0,0.0,1.0
晚,0.0,3.0,0.0,1.0
机构,0.0,6.0,0.0,1.0
方大,0.0,2.0,0.0,1.0
为主,0.0,3.0,0.0,1.0
2.00,0.0,3.0,0.0,1.0
2.72,0.0,3.0,0.0,1.0
平台,0.0,39.0,0.0,1.0
怎样,0.0,6.0,0.0,1.0
男人,0.0,6.0,0.0,1.0
起来,0.0,6.0,0.0,1.0
4.1,0.0,2.0,0.0,1.0
代言,0.0,6.0,0.0,1.0
签署,0.0,6.0,0.0,1.0
更加,0.0,6.0,0.0,1.0
国际,0.0,7.0,0.0,1.0
创牌,0.0,6.0,0.0,1.0
fa2iaT6WeZyQVsQCkjl2Q0TwWwLUgvhz00ErXz77CshsZzffeJtgJ29iaa5DR5h1Gog,0.0,3.0,0.0,1.0
发展趋势,0.0,3.0,0.0,1.0
新,0.0,54.0,0.0,1.0
4.3,0.0,3.0,0.0,1.0
金,0.0,3.0,0.0,1.0
系列,0.0,12.0,0.0,1.0
(,0.0,30.0,0.0,1.0
（,0.0,49.0,0.0,1.0
作出,0.0,6.0,0.0,1.0
依据,0.0,6.0,0.0,1.0
方法,0.0,3.0,0.0,1.0
更,0.0,24.0,0.0,1.0
标准化,0.0,3.0,0.0,1.0
做好,0.0,6.0,0.0,1.0
1,0.0,33.0,0.0,1.0
架构,0.0,3.0,0.0,1.0
高管,0.0,3.0,0.0,1.0
十大,0.0,3.0,0.0,1.0
柏明顿,0.0,15.0,0.0,1.0
以及,0.0,6.0,0.0,1.0
左右,0.0,3.0,0.0,1.0
盛宴,0.0,12.0,0.0,1.0
突破,0.0,9.0,0.0,1.0
林董,0.0,6.0,0.0,1.0
直营店,0.0,3.0,0.0,1.0
充分体现,0.0,3.0,0.0,1.0
网购,0.0,3.0,0.0,1.0
公司,0.0,104.0,0.0,1.0
位次,0.0,3.0,0.0,1.0
策略,0.0,18.0,0.0,1.0
春夏,0.0,6.0,0.0,1.0
2695,0.0,3.0,0.0,1.0
秋,0.0,3.0,0.0,1.0
-,0.0,68.0,0.0,1.0
三年,0.0,3.0,0.0,1.0
度,0.0,6.0,0.0,1.0
需要,0.0,3.0,0.0,1.0
合作,0.0,12.0,0.0,1.0
美誉,0.0,6.0,0.0,1.0
提升,0.0,18.0,0.0,1.0
先吸,0.0,3.0,0.0,1.0
未有,0.0,6.0,0.0,1.0
