日,0.0,147.0,0.0,1.0
累积,0.0,3.0,0.0,1.0
越大,0.0,3.0,0.0,1.0
奇妙,0.0,3.0,0.0,1.0
广大,0.0,3.0,0.0,1.0
炉,0.0,6.0,0.0,1.0
新品,0.0,33.0,0.0,1.0
…,0.0,6.0,0.0,1.0
至,0.0,12.0,0.0,1.0
一切,0.0,6.0,0.0,1.0
17.60,0.0,3.0,0.0,1.0
工场,0.0,3.0,0.0,1.0
显然,0.0,6.0,0.0,1.0
AWE,0.0,3.0,0.0,1.0
接入,0.0,9.0,0.0,1.0
买方,0.0,3.0,0.0,1.0
垂直,0.0,3.0,0.0,1.0
完成,0.0,9.0,0.0,1.0
书面,0.0,3.0,0.0,1.0
无论,0.0,3.0,0.0,1.0
先得,0.0,3.0,0.0,1.0
创意,0.0,15.0,0.0,1.0
健在,0.0,3.0,0.0,1.0
回归,0.0,9.0,0.0,1.0
jrj,0.0,6.0,0.0,1.0
同比,0.0,51.0,0.0,1.0
涨幅,0.0,27.0,0.0,1.0
余杭区,0.0,3.0,0.0,1.0
面对面,0.0,3.0,0.0,1.0
为何,0.0,6.0,0.0,1.0
才刚,0.0,3.0,0.0,1.0
107.37,0.0,3.0,0.0,1.0
乐趣,0.0,15.0,0.0,1.0
11.2,0.0,3.0,0.0,1.0
中国,0.0,63.0,0.0,1.0
37.9,0.0,3.0,0.0,1.0
深耕,0.0,6.0,0.0,1.0
!,0.0,3.0,0.0,1.0
26.08,0.0,12.0,0.0,1.0
3232.84,0.0,3.0,0.0,1.0
:,0.0,75.0,0.0,1.0
持股,0.0,6.0,0.0,1.0
提示,0.0,3.0,0.0,1.0
2013,0.0,3.0,0.0,1.0
承认,0.0,3.0,0.0,1.0
难破实,0.0,3.0,0.0,1.0
认可,0.0,3.0,0.0,1.0
另外,0.0,12.0,0.0,1.0
晶晶,0.0,3.0,0.0,1.0
8810e9397c36,0.0,3.0,0.0,1.0
表决权,0.0,3.0,0.0,1.0
找到,0.0,6.0,0.0,1.0
实际,0.0,39.0,0.0,1.0
超过,0.0,27.0,0.0,1.0
高位,0.0,9.0,0.0,1.0
一线,0.0,3.0,0.0,1.0
一万七千多,0.0,3.0,0.0,1.0
增幅,0.0,3.0,0.0,1.0
APP,0.0,9.0,0.0,1.0
一批,0.0,9.0,0.0,1.0
备受,0.0,3.0,0.0,1.0
标准,0.0,6.0,0.0,1.0
案例,0.0,3.0,0.0,1.0
对象,0.0,3.0,0.0,1.0
浪潮,0.0,3.0,0.0,1.0
改变,0.0,12.0,0.0,1.0
一波三折,0.0,3.0,0.0,1.0
新体验,0.0,15.0,0.0,1.0
官方,0.0,6.0,0.0,1.0
增持,0.0,6.0,0.0,1.0
b66af9da,0.0,3.0,0.0,1.0
心满意足,0.0,3.0,0.0,1.0
联合国,0.0,3.0,0.0,1.0
坚持,0.0,12.0,0.0,1.0
账户,0.0,3.0,0.0,1.0
程度,0.0,3.0,0.0,1.0
忘,0.0,6.0,0.0,1.0
chart,0.0,6.0,0.0,1.0
华为,0.0,36.0,0.0,1.0
灶,0.0,6.0,0.0,1.0
沈国良,0.0,15.0,0.0,1.0
热线,0.0,3.0,0.0,1.0
10,0.0,15.0,0.0,1.0
80,0.0,3.0,0.0,1.0
65,0.0,3.0,0.0,1.0
股份,0.0,51.0,0.0,1.0
由此,0.0,3.0,0.0,1.0
承担责任,0.0,3.0,0.0,1.0
亿元,0.0,141.0,0.0,1.0
跑,0.0,3.0,0.0,1.0
出,0.0,12.0,0.0,1.0
摘,0.0,3.0,0.0,1.0
换取,0.0,3.0,0.0,1.0
8384,0.0,3.0,0.0,1.0
来自,0.0,18.0,0.0,1.0
农业,0.0,3.0,0.0,1.0
苏泊尔,0.0,15.0,0.0,1.0
A30,0.0,3.0,0.0,1.0
用户,0.0,36.0,0.0,1.0
建成,0.0,3.0,0.0,1.0
终极,0.0,3.0,0.0,1.0
热,0.0,3.0,0.0,1.0
5700,0.0,6.0,0.0,1.0
杭州市,0.0,6.0,0.0,1.0
53d673a5ee123d34,0.0,3.0,0.0,1.0
怀孕,0.0,3.0,0.0,1.0
步伐,0.0,9.0,0.0,1.0
逢,0.0,3.0,0.0,1.0
A32,0.0,3.0,0.0,1.0
jrjimg,0.0,6.0,0.0,1.0
要点,0.0,3.0,0.0,1.0
20.73,0.0,3.0,0.0,1.0
成员,0.0,9.0,0.0,1.0
前所未有,0.0,6.0,0.0,1.0
复杂,0.0,3.0,0.0,1.0
幸运,0.0,6.0,0.0,1.0
一枝独秀,0.0,3.0,0.0,1.0
畅享,0.0,3.0,0.0,1.0
中华,0.0,6.0,0.0,1.0
33.98,0.0,3.0,0.0,1.0
资格,0.0,3.0,0.0,1.0
总部,0.0,3.0,0.0,1.0
65.81,0.0,12.0,0.0,1.0
9.82,0.0,3.0,0.0,1.0
临平,0.0,3.0,0.0,1.0
网友,0.0,6.0,0.0,1.0
能源,0.0,6.0,0.0,1.0
领先,0.0,15.0,0.0,1.0
山,0.0,3.0,0.0,1.0
抛,0.0,3.0,0.0,1.0
格力电器,0.0,9.0,0.0,1.0
期间,0.0,9.0,0.0,1.0
发扬,0.0,3.0,0.0,1.0
燕麦,0.0,3.0,0.0,1.0
png,0.0,12.0,0.0,1.0
初衷,0.0,3.0,0.0,1.0
7,0.0,24.0,0.0,1.0
智慧,0.0,6.0,0.0,1.0
举办,0.0,21.0,0.0,1.0
会上,0.0,3.0,0.0,1.0
归母,0.0,3.0,0.0,1.0
免,0.0,3.0,0.0,1.0
结果显示,0.0,3.0,0.0,1.0
】,0.0,3.0,0.0,1.0
走向世界,0.0,3.0,0.0,1.0
保价,0.0,3.0,0.0,1.0
单位,0.0,3.0,0.0,1.0
条,0.0,3.0,0.0,1.0
深,0.0,3.0,0.0,1.0
高性能,0.0,3.0,0.0,1.0
增速,0.0,30.0,0.0,1.0
操控,0.0,9.0,0.0,1.0
04bb34e02945,0.0,3.0,0.0,1.0
王刚,0.0,12.0,0.0,1.0
发力,0.0,3.0,0.0,1.0
发展,0.0,27.0,0.0,1.0
Feel,0.0,6.0,0.0,1.0
端,0.0,3.0,0.0,1.0
从,0.0,18.0,0.0,1.0
50,0.0,6.0,0.0,1.0
images,0.0,6.0,0.0,1.0
=,0.0,54.0,0.0,1.0
一举,0.0,3.0,0.0,1.0
+,0.0,48.0,0.0,1.0
事故,0.0,3.0,0.0,1.0
529x0,0.0,3.0,0.0,1.0
做法,0.0,3.0,0.0,1.0
新高,0.0,24.0,0.0,1.0
4000,0.0,6.0,0.0,1.0
身上,0.0,3.0,0.0,1.0
深股通,0.0,3.0,0.0,1.0
截至,0.0,24.0,0.0,1.0
其次,0.0,3.0,0.0,1.0
20170628,0.0,9.0,0.0,1.0
公司公告,0.0,3.0,0.0,1.0
高近,0.0,3.0,0.0,1.0
资金,0.0,24.0,0.0,1.0
消息,0.0,21.0,0.0,1.0
零售,0.0,6.0,0.0,1.0
走进,0.0,3.0,0.0,1.0
生态,0.0,36.0,0.0,1.0
都,0.0,48.0,0.0,1.0
9fd414ee,0.0,3.0,0.0,1.0
过大,0.0,3.0,0.0,1.0
如何,0.0,12.0,0.0,1.0
近,0.0,3.0,0.0,1.0
不止,0.0,3.0,0.0,1.0
多少,0.0,6.0,0.0,1.0
微波炉,0.0,6.0,0.0,1.0
神秘,0.0,3.0,0.0,1.0
5.0,0.0,3.0,0.0,1.0
营销,0.0,9.0,0.0,1.0
入场,0.0,3.0,0.0,1.0
带头,0.0,9.0,0.0,1.0
去,0.0,12.0,0.0,1.0
而出,0.0,3.0,0.0,1.0
编号,0.0,3.0,0.0,1.0
跌出,0.0,3.0,0.0,1.0
监管,0.0,6.0,0.0,1.0
创出,0.0,15.0,0.0,1.0
政府,0.0,3.0,0.0,1.0
3,0.0,21.0,0.0,1.0
三十八年,0.0,3.0,0.0,1.0
价格,0.0,18.0,0.0,1.0
63,0.0,6.0,0.0,1.0
浏览,0.0,3.0,0.0,1.0
大礼,0.0,3.0,0.0,1.0
虚假,0.0,3.0,0.0,1.0
碧桂园,0.0,3.0,0.0,1.0
购物,0.0,6.0,0.0,1.0
规则,0.0,3.0,0.0,1.0
噪声,0.0,3.0,0.0,1.0
是否,0.0,3.0,0.0,1.0
有权,0.0,3.0,0.0,1.0
面向,0.0,3.0,0.0,1.0
需求,0.0,15.0,0.0,1.0
真爱粉,0.0,3.0,0.0,1.0
不错,0.0,3.0,0.0,1.0
低于,0.0,3.0,0.0,1.0
交易方式,0.0,30.0,0.0,1.0
学历,0.0,3.0,0.0,1.0
过半,0.0,3.0,0.0,1.0
心仪,0.0,3.0,0.0,1.0
6.45,0.0,6.0,0.0,1.0
竞价,0.0,27.0,0.0,1.0
教,0.0,3.0,0.0,1.0
效率,0.0,3.0,0.0,1.0
互联网,0.0,3.0,0.0,1.0
快讯,0.0,3.0,0.0,1.0
土地,0.0,3.0,0.0,1.0
此次,0.0,33.0,0.0,1.0
i7,0.0,3.0,0.0,1.0
金朝力,0.0,3.0,0.0,1.0
联小,0.0,6.0,0.0,1.0
不断创新,0.0,3.0,0.0,1.0
重量,0.0,3.0,0.0,1.0
优质,0.0,3.0,0.0,1.0
23.55,0.0,3.0,0.0,1.0
38.48,0.0,12.0,0.0,1.0
配,0.0,3.0,0.0,1.0
科学,0.0,3.0,0.0,1.0
资料,0.0,3.0,0.0,1.0
双双,0.0,3.0,0.0,1.0
2217,0.0,3.0,0.0,1.0
有趣,0.0,3.0,0.0,1.0
商品,0.0,3.0,0.0,1.0
26.6,0.0,3.0,0.0,1.0
IPO,0.0,3.0,0.0,1.0
肩负着,0.0,3.0,0.0,1.0
意味着,0.0,12.0,0.0,1.0
部分,0.0,9.0,0.0,1.0
标杆,0.0,3.0,0.0,1.0
不少,0.0,6.0,0.0,1.0
二手房,0.0,9.0,0.0,1.0
》,0.0,9.0,0.0,1.0
步,0.0,3.0,0.0,1.0
共有,0.0,3.0,0.0,1.0
现有,0.0,3.0,0.0,1.0
领略到,0.0,3.0,0.0,1.0
开发区,0.0,3.0,0.0,1.0
消毒柜,0.0,3.0,0.0,1.0
破,0.0,3.0,0.0,1.0
磨合,0.0,3.0,0.0,1.0
民族,0.0,3.0,0.0,1.0
12,0.0,33.0,0.0,1.0
chinanews,0.0,3.0,0.0,1.0
清洗,0.0,6.0,0.0,1.0
接下来,0.0,3.0,0.0,1.0
不休,0.0,3.0,0.0,1.0
总额,0.0,3.0,0.0,1.0
会,0.0,24.0,0.0,1.0
一种,0.0,6.0,0.0,1.0
pics,0.0,6.0,0.0,1.0
推动,0.0,3.0,0.0,1.0
专卖店,0.0,12.0,0.0,1.0
领取,0.0,3.0,0.0,1.0
惊喜,0.0,3.0,0.0,1.0
意义,0.0,6.0,0.0,1.0
认证,0.0,3.0,0.0,1.0
IFA,0.0,3.0,0.0,1.0
一天,0.0,3.0,0.0,1.0
绳子,0.0,3.0,0.0,1.0
纳入,0.0,3.0,0.0,1.0
世界,0.0,6.0,0.0,1.0
拓展,0.0,15.0,0.0,1.0
之旅,0.0,6.0,0.0,1.0
股权,0.0,6.0,0.0,1.0
售后服务,0.0,6.0,0.0,1.0
两者,0.0,6.0,0.0,1.0
外资,0.0,3.0,0.0,1.0
明珠,0.0,3.0,0.0,1.0
销售量,0.0,3.0,0.0,1.0
5,0.0,96.0,0.0,1.0
高度,0.0,6.0,0.0,1.0
立即,0.0,6.0,0.0,1.0
扛起,0.0,3.0,0.0,1.0
庞廷杰,0.0,3.0,0.0,1.0
下行,0.0,6.0,0.0,1.0
媒体,0.0,6.0,0.0,1.0
相信,0.0,3.0,0.0,1.0
优质服务,0.0,3.0,0.0,1.0
由,0.0,18.0,0.0,1.0
严防,0.0,3.0,0.0,1.0
自诩,0.0,3.0,0.0,1.0
大宗,0.0,36.0,0.0,1.0
苏宁,0.0,84.0,0.0,1.0
轻轻松松,0.0,3.0,0.0,1.0
年报,0.0,6.0,0.0,1.0
外,0.0,6.0,0.0,1.0
朋友,0.0,3.0,0.0,1.0
三化,0.0,3.0,0.0,1.0
月,0.0,144.0,0.0,1.0
BottleDream,0.0,3.0,0.0,1.0
人,0.0,36.0,0.0,1.0
忠实,0.0,6.0,0.0,1.0
连线,0.0,3.0,0.0,1.0
此,0.0,3.0,0.0,1.0
接待,0.0,3.0,0.0,1.0
起到,0.0,3.0,0.0,1.0
大风,0.0,3.0,0.0,1.0
尽快,0.0,3.0,0.0,1.0
迹象,0.0,3.0,0.0,1.0
头,0.0,3.0,0.0,1.0
专家,0.0,3.0,0.0,1.0
收益,0.0,12.0,0.0,1.0
报道,0.0,6.0,0.0,1.0
宏源,0.0,3.0,0.0,1.0
每股,0.0,3.0,0.0,1.0
1325,0.0,6.0,0.0,1.0
37.90,0.0,9.0,0.0,1.0
/,0.0,354.0,0.0,1.0
解决,0.0,6.0,0.0,1.0
诊股,0.0,12.0,0.0,1.0
调查报告,0.0,3.0,0.0,1.0
移动,0.0,3.0,0.0,1.0
持续增长,0.0,3.0,0.0,1.0
闹,0.0,3.0,0.0,1.0
img3,0.0,6.0,0.0,1.0
亮相,0.0,12.0,0.0,1.0
领导品牌,0.0,3.0,0.0,1.0
路线,0.0,3.0,0.0,1.0
分为,0.0,3.0,0.0,1.0
高度重视,0.0,3.0,0.0,1.0
争抢,0.0,3.0,0.0,1.0
想,0.0,6.0,0.0,1.0
富凯,0.0,6.0,0.0,1.0
18,0.0,9.0,0.0,1.0
亿至,0.0,3.0,0.0,1.0
事件,0.0,3.0,0.0,1.0
三,0.0,3.0,0.0,1.0
提高,0.0,6.0,0.0,1.0
全球,0.0,15.0,0.0,1.0
两份,0.0,3.0,0.0,1.0
EPS0,0.0,3.0,0.0,1.0
A,0.0,3.0,0.0,1.0
少不了,0.0,3.0,0.0,1.0
8b2d,0.0,3.0,0.0,1.0
2467,0.0,3.0,0.0,1.0
领先地位,0.0,3.0,0.0,1.0
两个,0.0,3.0,0.0,1.0
内部,0.0,21.0,0.0,1.0
2bcfc42e,0.0,3.0,0.0,1.0
公司总裁,0.0,3.0,0.0,1.0
内部人员,0.0,6.0,0.0,1.0
监事会,0.0,3.0,0.0,1.0
历史,0.0,15.0,0.0,1.0
正是,0.0,3.0,0.0,1.0
先生,0.0,6.0,0.0,1.0
龙头,0.0,30.0,0.0,1.0
超大,0.0,3.0,0.0,1.0
第一步,0.0,6.0,0.0,1.0
事务,0.0,24.0,0.0,1.0
行使,0.0,3.0,0.0,1.0
缺乏,0.0,6.0,0.0,1.0
2016,0.0,21.0,0.0,1.0
激励,0.0,9.0,0.0,1.0
重大,0.0,9.0,0.0,1.0
知情,0.0,3.0,0.0,1.0
签署,0.0,3.0,0.0,1.0
厨房,0.0,126.0,0.0,1.0
9794,0.0,3.0,0.0,1.0
一日,0.0,3.0,0.0,1.0
发布会,0.0,21.0,0.0,1.0
多地,0.0,3.0,0.0,1.0
20170605,0.0,6.0,0.0,1.0
后,0.0,33.0,0.0,1.0
替代性,0.0,3.0,0.0,1.0
白电,0.0,9.0,0.0,1.0
市占率,0.0,3.0,0.0,1.0
现代,0.0,6.0,0.0,1.0
办法,0.0,6.0,0.0,1.0
力量,0.0,3.0,0.0,1.0
之,0.0,12.0,0.0,1.0
城市,0.0,12.0,0.0,1.0
原材料,0.0,3.0,0.0,1.0
46.49,0.0,3.0,0.0,1.0
产业,0.0,6.0,0.0,1.0
占,0.0,15.0,0.0,1.0
结算,0.0,3.0,0.0,1.0
强大,0.0,9.0,0.0,1.0
时,0.0,12.0,0.0,1.0
大关,0.0,3.0,0.0,1.0
版,0.0,12.0,0.0,1.0
张,0.0,12.0,0.0,1.0
并且,0.0,3.0,0.0,1.0
总监,0.0,3.0,0.0,1.0
强硬,0.0,3.0,0.0,1.0
办公室,0.0,3.0,0.0,1.0
受,0.0,6.0,0.0,1.0
鼎力支持,0.0,3.0,0.0,1.0
大量,0.0,9.0,0.0,1.0
下,0.0,39.0,0.0,1.0
PE,0.0,3.0,0.0,1.0
一位,0.0,6.0,0.0,1.0
img0,0.0,6.0,0.0,1.0
自筹,0.0,3.0,0.0,1.0
cdn,0.0,3.0,0.0,1.0
串味,0.0,3.0,0.0,1.0
来说,0.0,3.0,0.0,1.0
调研,0.0,3.0,0.0,1.0
互联,0.0,12.0,0.0,1.0
评论,0.0,6.0,0.0,1.0
31.97,0.0,3.0,0.0,1.0
造诣,0.0,3.0,0.0,1.0
创变者,0.0,9.0,0.0,1.0
创新型,0.0,3.0,0.0,1.0
使,0.0,3.0,0.0,1.0
专访,0.0,3.0,0.0,1.0
创始人,0.0,12.0,0.0,1.0
线上,0.0,3.0,0.0,1.0
落地,0.0,3.0,0.0,1.0
加入,0.0,3.0,0.0,1.0
562x0,0.0,3.0,0.0,1.0
重任,0.0,3.0,0.0,1.0
空气,0.0,6.0,0.0,1.0
龙头企业,0.0,9.0,0.0,1.0
大批量,0.0,3.0,0.0,1.0
测评,0.0,3.0,0.0,1.0
传递,0.0,3.0,0.0,1.0
代理商,0.0,3.0,0.0,1.0
转发,0.0,3.0,0.0,1.0
青岛海尔,0.0,3.0,0.0,1.0
且,0.0,9.0,0.0,1.0
典型,0.0,3.0,0.0,1.0
对比,0.0,3.0,0.0,1.0
成绩单,0.0,3.0,0.0,1.0
一步,0.0,3.0,0.0,1.0
近日,0.0,9.0,0.0,1.0
多方面,0.0,3.0,0.0,1.0
17H1,0.0,3.0,0.0,1.0
拆洗,0.0,3.0,0.0,1.0
AP,0.0,3.0,0.0,1.0
f349,0.0,3.0,0.0,1.0
中央,0.0,6.0,0.0,1.0
流程,0.0,3.0,0.0,1.0
负荷,0.0,3.0,0.0,1.0
油烟,0.0,12.0,0.0,1.0
服务,0.0,18.0,0.0,1.0
现将,0.0,3.0,0.0,1.0
白马股,0.0,18.0,0.0,1.0
制造,0.0,60.0,0.0,1.0
传播,0.0,3.0,0.0,1.0
六,0.0,3.0,0.0,1.0
延续,0.0,12.0,0.0,1.0
登记,0.0,15.0,0.0,1.0
本报记者,0.0,3.0,0.0,1.0
小,0.0,6.0,0.0,1.0
杠杆,0.0,6.0,0.0,1.0
餐饮,0.0,3.0,0.0,1.0
须,0.0,3.0,0.0,1.0
洛,0.0,6.0,0.0,1.0
普及,0.0,3.0,0.0,1.0
新天地,0.0,3.0,0.0,1.0
可以,0.0,21.0,0.0,1.0
电机,0.0,3.0,0.0,1.0
、,0.0,372.0,0.0,1.0
回烟,0.0,3.0,0.0,1.0
两日,0.0,3.0,0.0,1.0
专利技术,0.0,3.0,0.0,1.0
徐,0.0,3.0,0.0,1.0
使命,0.0,3.0,0.0,1.0
：,0.0,105.0,0.0,1.0
五月,0.0,3.0,0.0,1.0
代侧,0.0,3.0,0.0,1.0
晚间,0.0,3.0,0.0,1.0
一路,0.0,3.0,0.0,1.0
低迷,0.0,6.0,0.0,1.0
竞拍,0.0,3.0,0.0,1.0
19m,0.0,3.0,0.0,1.0
4478,0.0,3.0,0.0,1.0
发稿,0.0,6.0,0.0,1.0
迎来,0.0,3.0,0.0,1.0
增长率,0.0,3.0,0.0,1.0
）,0.0,99.0,0.0,1.0
欧式,0.0,3.0,0.0,1.0
希望,0.0,9.0,0.0,1.0
保持,0.0,27.0,0.0,1.0
受此,0.0,6.0,0.0,1.0
投资,0.0,27.0,0.0,1.0
正在,0.0,3.0,0.0,1.0
旨在,0.0,6.0,0.0,1.0
渠道,0.0,6.0,0.0,1.0
1331.5,0.0,3.0,0.0,1.0
8,0.0,21.0,0.0,1.0
形成,0.0,3.0,0.0,1.0
已涨,0.0,3.0,0.0,1.0
有效,0.0,12.0,0.0,1.0
智能,0.0,90.0,0.0,1.0
何处,0.0,3.0,0.0,1.0
26.49,0.0,3.0,0.0,1.0
体验,0.0,48.0,0.0,1.0
istocknews,0.0,3.0,0.0,1.0
人类,0.0,3.0,0.0,1.0
one,0.0,6.0,0.0,1.0
厨电类,0.0,6.0,0.0,1.0
能力,0.0,6.0,0.0,1.0
事宜,0.0,3.0,0.0,1.0
厨源店,0.0,6.0,0.0,1.0
占营收,0.0,3.0,0.0,1.0
信息,0.0,3.0,0.0,1.0
挑战,0.0,9.0,0.0,1.0
影响,0.0,21.0,0.0,1.0
公开,0.0,3.0,0.0,1.0
上半年,0.0,27.0,0.0,1.0
博得,0.0,3.0,0.0,1.0
可高达,0.0,3.0,0.0,1.0
正,0.0,15.0,0.0,1.0
快速增长,0.0,6.0,0.0,1.0
26A8B,0.0,3.0,0.0,1.0
大部分,0.0,9.0,0.0,1.0
前期,0.0,3.0,0.0,1.0
公司法,0.0,3.0,0.0,1.0
实际行动,0.0,3.0,0.0,1.0
云,0.0,3.0,0.0,1.0
不管,0.0,6.0,0.0,1.0
多名,0.0,9.0,0.0,1.0
终端,0.0,6.0,0.0,1.0
实验室,0.0,3.0,0.0,1.0
保持稳定,0.0,3.0,0.0,1.0
深知,0.0,3.0,0.0,1.0
特,0.0,3.0,0.0,1.0
预测,0.0,6.0,0.0,1.0
首席,0.0,3.0,0.0,1.0
波动,0.0,6.0,0.0,1.0
质押,0.0,3.0,0.0,1.0
四大,0.0,12.0,0.0,1.0
量,0.0,6.0,0.0,1.0
操作,0.0,6.0,0.0,1.0
92,0.0,3.0,0.0,1.0
1.08,0.0,15.0,0.0,1.0
原力,0.0,12.0,0.0,1.0
螃蟹,0.0,3.0,0.0,1.0
入驻,0.0,3.0,0.0,1.0
十多位,0.0,3.0,0.0,1.0
5.43,0.0,3.0,0.0,1.0
公布,0.0,12.0,0.0,1.0
jpeg,0.0,3.0,0.0,1.0
38,0.0,9.0,0.0,1.0
往日,0.0,3.0,0.0,1.0
任罗忠,0.0,12.0,0.0,1.0
官叶丹芃,0.0,3.0,0.0,1.0
内容,0.0,3.0,0.0,1.0
茶垢,0.0,3.0,0.0,1.0
下去,0.0,3.0,0.0,1.0
3df0,0.0,3.0,0.0,1.0
股本,0.0,3.0,0.0,1.0
地位,0.0,18.0,0.0,1.0
窗,0.0,3.0,0.0,1.0
没有,0.0,6.0,0.0,1.0
开机,0.0,3.0,0.0,1.0
1695,0.0,3.0,0.0,1.0
侧吸,0.0,6.0,0.0,1.0
追捧,0.0,6.0,0.0,1.0
代,0.0,3.0,0.0,1.0
后市,0.0,9.0,0.0,1.0
行业龙头,0.0,9.0,0.0,1.0
换,0.0,3.0,0.0,1.0
此前,0.0,3.0,0.0,1.0
条件,0.0,3.0,0.0,1.0
布局,0.0,12.0,0.0,1.0
炫耀,0.0,3.0,0.0,1.0
恒大,0.0,21.0,0.0,1.0
日晚,0.0,3.0,0.0,1.0
kpic,0.0,6.0,0.0,1.0
今天,0.0,3.0,0.0,1.0
现在,0.0,3.0,0.0,1.0
趋势,0.0,6.0,0.0,1.0
凡,0.0,3.0,0.0,1.0
不懈,0.0,3.0,0.0,1.0
表决,0.0,3.0,0.0,1.0
派送,0.0,3.0,0.0,1.0
证明,0.0,3.0,0.0,1.0
溢价,0.0,6.0,0.0,1.0
597.56,0.0,3.0,0.0,1.0
业务,0.0,3.0,0.0,1.0
五件套,0.0,3.0,0.0,1.0
骑记,0.0,3.0,0.0,1.0
来看,0.0,3.0,0.0,1.0
多种,0.0,3.0,0.0,1.0
90a3,0.0,3.0,0.0,1.0
风险,0.0,6.0,0.0,1.0
三天,0.0,3.0,0.0,1.0
经过,0.0,3.0,0.0,1.0
Euromonitor,0.0,3.0,0.0,1.0
技术升级,0.0,3.0,0.0,1.0
赶紧,0.0,6.0,0.0,1.0
投票,0.0,9.0,0.0,1.0
下午,0.0,3.0,0.0,1.0
常态,0.0,6.0,0.0,1.0
应用,0.0,3.0,0.0,1.0
引领,0.0,12.0,0.0,1.0
tpl,0.0,3.0,0.0,1.0
风暴,0.0,3.0,0.0,1.0
新花样,0.0,6.0,0.0,1.0
泄漏,0.0,3.0,0.0,1.0
需,0.0,3.0,0.0,1.0
产品,0.0,132.0,0.0,1.0
利用,0.0,3.0,0.0,1.0
40.9,0.0,15.0,0.0,1.0
两款,0.0,3.0,0.0,1.0
打造,0.0,48.0,0.0,1.0
主题,0.0,3.0,0.0,1.0
处在,0.0,3.0,0.0,1.0
甚至,0.0,3.0,0.0,1.0
前,0.0,15.0,0.0,1.0
动向,0.0,3.0,0.0,1.0
86c2,0.0,3.0,0.0,1.0
公司,0.0,123.0,0.0,1.0
a77e,0.0,3.0,0.0,1.0
高速,0.0,12.0,0.0,1.0
竞争,0.0,9.0,0.0,1.0
万多,0.0,6.0,0.0,1.0
或者,0.0,6.0,0.0,1.0
肩负,0.0,6.0,0.0,1.0
擦肩而过,0.0,3.0,0.0,1.0
技术创新,0.0,3.0,0.0,1.0
战略,0.0,42.0,0.0,1.0
表现,0.0,6.0,0.0,1.0
原本,0.0,3.0,0.0,1.0
结束,0.0,3.0,0.0,1.0
品牌,0.0,72.0,0.0,1.0
第三届,0.0,3.0,0.0,1.0
039,0.0,3.0,0.0,1.0
宫廷,0.0,3.0,0.0,1.0
真实,0.0,6.0,0.0,1.0
高估,0.0,3.0,0.0,1.0
时期,0.0,3.0,0.0,1.0
首批,0.0,21.0,0.0,1.0
25.7,0.0,3.0,0.0,1.0
阶段,0.0,3.0,0.0,1.0
跌破,0.0,3.0,0.0,1.0
工业用地,0.0,3.0,0.0,1.0
项目,0.0,12.0,0.0,1.0
中庆,0.0,6.0,0.0,1.0
顽固,0.0,3.0,0.0,1.0
位于,0.0,6.0,0.0,1.0
留给,0.0,9.0,0.0,1.0
大幅,0.0,18.0,0.0,1.0
具体操作,0.0,3.0,0.0,1.0
大专,0.0,3.0,0.0,1.0
已,0.0,27.0,0.0,1.0
担忧,0.0,6.0,0.0,1.0
今年以来,0.0,9.0,0.0,1.0
简称,0.0,9.0,0.0,1.0
电器,0.0,981.0,0.0,1.0
依靠,0.0,3.0,0.0,1.0
另据,0.0,3.0,0.0,1.0
被查,0.0,3.0,0.0,1.0
多个,0.0,3.0,0.0,1.0
4a1c,0.0,3.0,0.0,1.0
或许,0.0,3.0,0.0,1.0
发生,0.0,12.0,0.0,1.0
min,0.0,3.0,0.0,1.0
股东会,0.0,3.0,0.0,1.0
步数,0.0,6.0,0.0,1.0
传承者,0.0,3.0,0.0,1.0
值得一提的是,0.0,3.0,0.0,1.0
31.74,0.0,3.0,0.0,1.0
费用,0.0,3.0,0.0,1.0
img2,0.0,3.0,0.0,1.0
殿堂,0.0,6.0,0.0,1.0
核心,0.0,9.0,0.0,1.0
362508,0.0,3.0,0.0,1.0
扬子晚报,0.0,6.0,0.0,1.0
狂欢,0.0,3.0,0.0,1.0
十倍,0.0,9.0,0.0,1.0
许家,0.0,3.0,0.0,1.0
两,0.0,6.0,0.0,1.0
高,0.0,66.0,0.0,1.0
联手,0.0,18.0,0.0,1.0
8.42,0.0,3.0,0.0,1.0
进一步,0.0,15.0,0.0,1.0
披露,0.0,9.0,0.0,1.0
经济,0.0,12.0,0.0,1.0
之下,0.0,3.0,0.0,1.0
以,0.0,45.0,0.0,1.0
带给,0.0,3.0,0.0,1.0
蒸箱,0.0,6.0,0.0,1.0
高品质,0.0,3.0,0.0,1.0
动力,0.0,3.0,0.0,1.0
自家,0.0,3.0,0.0,1.0
23.3,0.0,3.0,0.0,1.0
酝酿,0.0,6.0,0.0,1.0
6,0.0,27.0,0.0,1.0
逐步,0.0,6.0,0.0,1.0
确立,0.0,3.0,0.0,1.0
交出,0.0,3.0,0.0,1.0
国籍,0.0,3.0,0.0,1.0
大涨,0.0,3.0,0.0,1.0
146,0.0,3.0,0.0,1.0
最终,0.0,6.0,0.0,1.0
不得不,0.0,3.0,0.0,1.0
特色,0.0,3.0,0.0,1.0
宣布,0.0,9.0,0.0,1.0
产品质量,0.0,3.0,0.0,1.0
其,0.0,18.0,0.0,1.0
9,0.0,6.0,0.0,1.0
当天,0.0,3.0,0.0,1.0
 ,0.0,312.0,0.0,1.0
靓丽,0.0,6.0,0.0,1.0
姓名,0.0,3.0,0.0,1.0
20.1,0.0,3.0,0.0,1.0
42,0.0,3.0,0.0,1.0
扣非,0.0,6.0,0.0,1.0
至关重要,0.0,3.0,0.0,1.0
给出,0.0,3.0,0.0,1.0
人机,0.0,3.0,0.0,1.0
cn,0.0,18.0,0.0,1.0
酸,0.0,3.0,0.0,1.0
前段时间,0.0,3.0,0.0,1.0
报名,0.0,12.0,0.0,1.0
该股,0.0,6.0,0.0,1.0
称述,0.0,3.0,0.0,1.0
简历,0.0,3.0,0.0,1.0
优化,0.0,3.0,0.0,1.0
便,0.0,9.0,0.0,1.0
欧瑞,0.0,3.0,0.0,1.0
设备,0.0,3.0,0.0,1.0
03,0.0,3.0,0.0,1.0
热点,0.0,3.0,0.0,1.0
关于,0.0,6.0,0.0,1.0
任期,0.0,3.0,0.0,1.0
模式,0.0,3.0,0.0,1.0
月底,0.0,3.0,0.0,1.0
重视,0.0,6.0,0.0,1.0
早就,0.0,3.0,0.0,1.0
认为,0.0,9.0,0.0,1.0
11,0.0,27.0,0.0,1.0
带领,0.0,9.0,0.0,1.0
公益,0.0,3.0,0.0,1.0
零售额,0.0,18.0,0.0,1.0
深圳证券交易所,0.0,3.0,0.0,1.0
线下,0.0,3.0,0.0,1.0
营,0.0,3.0,0.0,1.0
北青报,0.0,9.0,0.0,1.0
物流配送,0.0,3.0,0.0,1.0
互动,0.0,6.0,0.0,1.0
部长,0.0,3.0,0.0,1.0
年度,0.0,6.0,0.0,1.0
遭,0.0,27.0,0.0,1.0
极高,0.0,6.0,0.0,1.0
绿色,0.0,18.0,0.0,1.0
均价,0.0,12.0,0.0,1.0
创新,0.0,42.0,0.0,1.0
了解,0.0,9.0,0.0,1.0
凭借,0.0,6.0,0.0,1.0
不仅,0.0,6.0,0.0,1.0
卓越,0.0,3.0,0.0,1.0
查看,0.0,6.0,0.0,1.0
年内,0.0,3.0,0.0,1.0
定制,0.0,3.0,0.0,1.0
出席,0.0,9.0,0.0,1.0
体育,0.0,3.0,0.0,1.0
通往,0.0,3.0,0.0,1.0
这家,0.0,3.0,0.0,1.0
最高价,0.0,3.0,0.0,1.0
叶丹芃,0.0,3.0,0.0,1.0
不同,0.0,3.0,0.0,1.0
据,0.0,12.0,0.0,1.0
季报,0.0,3.0,0.0,1.0
厂商,0.0,3.0,0.0,1.0
共计,0.0,6.0,0.0,1.0
玩,0.0,6.0,0.0,1.0
A28,0.0,3.0,0.0,1.0
通知,0.0,9.0,0.0,1.0
需要,0.0,9.0,0.0,1.0
小米,0.0,6.0,0.0,1.0
4859,0.0,3.0,0.0,1.0
王冬,0.0,6.0,0.0,1.0
查阅,0.0,3.0,0.0,1.0
餐饮店,0.0,3.0,0.0,1.0
26.75,0.0,3.0,0.0,1.0
心理,0.0,3.0,0.0,1.0
贯穿,0.0,3.0,0.0,1.0
股,0.0,60.0,0.0,1.0
居留权,0.0,3.0,0.0,1.0
换购,0.0,3.0,0.0,1.0
共建,0.0,3.0,0.0,1.0
第,0.0,15.0,0.0,1.0
网,0.0,9.0,0.0,1.0
副总裁,0.0,6.0,0.0,1.0
疲弱,0.0,3.0,0.0,1.0
蜂窝,0.0,3.0,0.0,1.0
cda8,0.0,3.0,0.0,1.0
转换,0.0,3.0,0.0,1.0
生活,0.0,42.0,0.0,1.0
难得,0.0,3.0,0.0,1.0
金额,0.0,33.0,0.0,1.0
238fa923,0.0,3.0,0.0,1.0
促进,0.0,3.0,0.0,1.0
046b,0.0,3.0,0.0,1.0
水源,0.0,3.0,0.0,1.0
金融界,0.0,6.0,0.0,1.0
担任,0.0,3.0,0.0,1.0
增势,0.0,3.0,0.0,1.0
证券时报,0.0,3.0,0.0,1.0
20m,0.0,3.0,0.0,1.0
壁垒,0.0,3.0,0.0,1.0
带来,0.0,18.0,0.0,1.0
大卖,0.0,3.0,0.0,1.0
爱好者,0.0,3.0,0.0,1.0
获利,0.0,3.0,0.0,1.0
造成,0.0,6.0,0.0,1.0
也许,0.0,6.0,0.0,1.0
减少,0.0,3.0,0.0,1.0
创下,0.0,3.0,0.0,1.0
定位,0.0,9.0,0.0,1.0
回报,0.0,3.0,0.0,1.0
可能性,0.0,3.0,0.0,1.0
特斯拉,0.0,6.0,0.0,1.0
水,0.0,3.0,0.0,1.0
门店,0.0,3.0,0.0,1.0
2000kg,0.0,3.0,0.0,1.0
中式,0.0,3.0,0.0,1.0
致力于,0.0,3.0,0.0,1.0
超涨,0.0,3.0,0.0,1.0
巅峰,0.0,3.0,0.0,1.0
上行,0.0,3.0,0.0,1.0
事,0.0,3.0,0.0,1.0
市场竞争,0.0,3.0,0.0,1.0
良好,0.0,6.0,0.0,1.0
去年,0.0,24.0,0.0,1.0
探寻,0.0,3.0,0.0,1.0
二线,0.0,3.0,0.0,1.0
唐根泉,0.0,21.0,0.0,1.0
果壳,0.0,3.0,0.0,1.0
号角,0.0,3.0,0.0,1.0
重组,0.0,3.0,0.0,1.0
烹饪,0.0,78.0,0.0,1.0
多项,0.0,3.0,0.0,1.0
再次,0.0,9.0,0.0,1.0
出席会议,0.0,3.0,0.0,1.0
CCS,0.0,6.0,0.0,1.0
第一届,0.0,3.0,0.0,1.0
三笔,0.0,3.0,0.0,1.0
截图,0.0,3.0,0.0,1.0
运动,0.0,48.0,0.0,1.0
健康,0.0,6.0,0.0,1.0
相对,0.0,3.0,0.0,1.0
上市公司,0.0,30.0,0.0,1.0
运营,0.0,3.0,0.0,1.0
你趣,0.0,3.0,0.0,1.0
2012,0.0,3.0,0.0,1.0
助,0.0,3.0,0.0,1.0
开设,0.0,3.0,0.0,1.0
另一家,0.0,3.0,0.0,1.0
收入,0.0,21.0,0.0,1.0
利空,0.0,3.0,0.0,1.0
情况,0.0,9.0,0.0,1.0
解禁,0.0,3.0,0.0,1.0
一直,0.0,18.0,0.0,1.0
交易市场,0.0,3.0,0.0,1.0
人何享,0.0,3.0,0.0,1.0
公共,0.0,3.0,0.0,1.0
于恒大,0.0,3.0,0.0,1.0
31.98,0.0,3.0,0.0,1.0
长久以来,0.0,3.0,0.0,1.0
一个,0.0,15.0,0.0,1.0
5.5,0.0,6.0,0.0,1.0
组织,0.0,3.0,0.0,1.0
无形中,0.0,3.0,0.0,1.0
直逼,0.0,3.0,0.0,1.0
但,0.0,12.0,0.0,1.0
张惠芬,0.0,6.0,0.0,1.0
过多,0.0,3.0,0.0,1.0
本月,0.0,6.0,0.0,1.0
万元,0.0,9.0,0.0,1.0
各地,0.0,3.0,0.0,1.0
精神,0.0,9.0,0.0,1.0
较为,0.0,3.0,0.0,1.0
金轮,0.0,3.0,0.0,1.0
纷纷,0.0,6.0,0.0,1.0
销售区,0.0,3.0,0.0,1.0
永久,0.0,3.0,0.0,1.0
脱颖而出,0.0,3.0,0.0,1.0
002035,0.0,3.0,0.0,1.0
13,0.0,3.0,0.0,1.0
展开,0.0,6.0,0.0,1.0
立足于,0.0,3.0,0.0,1.0
掀起,0.0,3.0,0.0,1.0
责任,0.0,12.0,0.0,1.0
不断,0.0,18.0,0.0,1.0
燃气灶,0.0,12.0,0.0,1.0
重要,0.0,9.0,0.0,1.0
力争,0.0,6.0,0.0,1.0
25.0,0.0,3.0,0.0,1.0
55.85,0.0,3.0,0.0,1.0
小龙,0.0,3.0,0.0,1.0
报销,0.0,3.0,0.0,1.0
长期,0.0,9.0,0.0,1.0
成分股,0.0,6.0,0.0,1.0
骑车,0.0,3.0,0.0,1.0
48f6,0.0,3.0,0.0,1.0
逆势,0.0,3.0,0.0,1.0
无力,0.0,3.0,0.0,1.0
为,0.0,90.0,0.0,1.0
曾,0.0,9.0,0.0,1.0
董事长,0.0,24.0,0.0,1.0
叠加,0.0,3.0,0.0,1.0
15.9,0.0,3.0,0.0,1.0
超国家,0.0,3.0,0.0,1.0
之间,0.0,3.0,0.0,1.0
66A2,0.0,3.0,0.0,1.0
行情,0.0,36.0,0.0,1.0
刚刚,0.0,3.0,0.0,1.0
计划,0.0,33.0,0.0,1.0
.,0.0,201.0,0.0,1.0
方向,0.0,6.0,0.0,1.0
新,0.0,39.0,0.0,1.0
挑选,0.0,3.0,0.0,1.0
616,0.0,3.0,0.0,1.0
统一,0.0,3.0,0.0,1.0
新一期,0.0,6.0,0.0,1.0
率,0.0,3.0,0.0,1.0
作出,0.0,3.0,0.0,1.0
规定,0.0,3.0,0.0,1.0
2,0.0,12.0,0.0,1.0
心动,0.0,3.0,0.0,1.0
锐减,0.0,3.0,0.0,1.0
厨源,0.0,33.0,0.0,1.0
妻子,0.0,3.0,0.0,1.0
收盘报,0.0,3.0,0.0,1.0
节水,0.0,3.0,0.0,1.0
建立,0.0,3.0,0.0,1.0
享健,0.0,6.0,0.0,1.0
答案,0.0,3.0,0.0,1.0
里程,0.0,3.0,0.0,1.0
来到,0.0,3.0,0.0,1.0
2025,0.0,3.0,0.0,1.0
6000,0.0,3.0,0.0,1.0
首先,0.0,6.0,0.0,1.0
一次,0.0,6.0,0.0,1.0
烤箱,0.0,12.0,0.0,1.0
革新,0.0,3.0,0.0,1.0
伙伴,0.0,3.0,0.0,1.0
变动,0.0,3.0,0.0,1.0
卖点,0.0,3.0,0.0,1.0
太,0.0,3.0,0.0,1.0
迎接,0.0,3.0,0.0,1.0
5.98,0.0,3.0,0.0,1.0
父爱,0.0,3.0,0.0,1.0
市场,0.0,63.0,0.0,1.0
营业执照,0.0,3.0,0.0,1.0
家人,0.0,3.0,0.0,1.0
56B0,0.0,9.0,0.0,1.0
属,0.0,3.0,0.0,1.0
联系方式,0.0,3.0,0.0,1.0
stcn,0.0,3.0,0.0,1.0
0614,0.0,3.0,0.0,1.0
堪称,0.0,3.0,0.0,1.0
818,0.0,27.0,0.0,1.0
华泰,0.0,3.0,0.0,1.0
股遭,0.0,3.0,0.0,1.0
文化,0.0,30.0,0.0,1.0
40.90,0.0,3.0,0.0,1.0
品质,0.0,12.0,0.0,1.0
影视,0.0,3.0,0.0,1.0
494x0,0.0,6.0,0.0,1.0
数量,0.0,21.0,0.0,1.0
一块,0.0,3.0,0.0,1.0
板,0.0,3.0,0.0,1.0
厨电物,0.0,6.0,0.0,1.0
随后,0.0,3.0,0.0,1.0
06,0.0,3.0,0.0,1.0
正式,0.0,3.0,0.0,1.0
一倍,0.0,3.0,0.0,1.0
190200140,0.0,3.0,0.0,1.0
epaper,0.0,6.0,0.0,1.0
趣玩,0.0,3.0,0.0,1.0
com,0.0,42.0,0.0,1.0
400,0.0,9.0,0.0,1.0
减仓,0.0,3.0,0.0,1.0
疲态,0.0,3.0,0.0,1.0
板块,0.0,9.0,0.0,1.0
便宜,0.0,3.0,0.0,1.0
放大,0.0,9.0,0.0,1.0
筹集,0.0,3.0,0.0,1.0
先到,0.0,3.0,0.0,1.0
再创新高,0.0,3.0,0.0,1.0
继续,0.0,12.0,0.0,1.0
与此同时,0.0,9.0,0.0,1.0
一,0.0,15.0,0.0,1.0
起,0.0,6.0,0.0,1.0
契机,0.0,6.0,0.0,1.0
今年,0.0,51.0,0.0,1.0
此后,0.0,3.0,0.0,1.0
市场份额,0.0,21.0,0.0,1.0
5000,0.0,3.0,0.0,1.0
低位,0.0,6.0,0.0,1.0
法人,0.0,3.0,0.0,1.0
半年,0.0,3.0,0.0,1.0
营业部,0.0,15.0,0.0,1.0
打开,0.0,9.0,0.0,1.0
thsi,0.0,3.0,0.0,1.0
约,0.0,45.0,0.0,1.0
减持,0.0,327.0,0.0,1.0
原因,0.0,3.0,0.0,1.0
侧,0.0,30.0,0.0,1.0
双管齐下,0.0,3.0,0.0,1.0
达,0.0,15.0,0.0,1.0
买,0.0,3.0,0.0,1.0
纸币,0.0,3.0,0.0,1.0
化,0.0,6.0,0.0,1.0
号,0.0,3.0,0.0,1.0
成为,0.0,21.0,0.0,1.0
优惠券,0.0,3.0,0.0,1.0
骑行,0.0,3.0,0.0,1.0
瞄准,0.0,9.0,0.0,1.0
不留,0.0,3.0,0.0,1.0
拿下,0.0,3.0,0.0,1.0
贾,0.0,9.0,0.0,1.0
大厨,0.0,6.0,0.0,1.0
可,0.0,27.0,0.0,1.0
旗舰,0.0,15.0,0.0,1.0
显,0.0,3.0,0.0,1.0
繁忙,0.0,6.0,0.0,1.0
20170517215920525,0.0,3.0,0.0,1.0
厨电物联,0.0,3.0,0.0,1.0
一系列,0.0,6.0,0.0,1.0
可视化,0.0,6.0,0.0,1.0
增,0.0,6.0,0.0,1.0
进化,0.0,9.0,0.0,1.0
GE,0.0,3.0,0.0,1.0
同时,0.0,42.0,0.0,1.0
董高,0.0,3.0,0.0,1.0
轰轰烈烈,0.0,3.0,0.0,1.0
吸力,0.0,27.0,0.0,1.0
G20,0.0,6.0,0.0,1.0
套装,0.0,6.0,0.0,1.0
7.64,0.0,6.0,0.0,1.0
含金量,0.0,3.0,0.0,1.0
星期四,0.0,3.0,0.0,1.0
技术,0.0,15.0,0.0,1.0
系列产品,0.0,3.0,0.0,1.0
3.54,0.0,3.0,0.0,1.0
数据,0.0,36.0,0.0,1.0
多家,0.0,9.0,0.0,1.0
出现分歧,0.0,3.0,0.0,1.0
苏州工业园区,0.0,6.0,0.0,1.0
满足,0.0,3.0,0.0,1.0
除此之外,0.0,3.0,0.0,1.0
发布,0.0,21.0,0.0,1.0
集中度,0.0,3.0,0.0,1.0
燃气,0.0,3.0,0.0,1.0
食物,0.0,3.0,0.0,1.0
差价,0.0,3.0,0.0,1.0
趣学全,0.0,3.0,0.0,1.0
销售,0.0,21.0,0.0,1.0
结合,0.0,3.0,0.0,1.0
远程,0.0,12.0,0.0,1.0
无,0.0,12.0,0.0,1.0
销量,0.0,3.0,0.0,1.0
3.0,0.0,6.0,0.0,1.0
达人,0.0,3.0,0.0,1.0
比重,0.0,9.0,0.0,1.0
名单,0.0,6.0,0.0,1.0
手段,0.0,3.0,0.0,1.0
南京,0.0,3.0,0.0,1.0
睿灿,0.0,6.0,0.0,1.0
曝出,0.0,3.0,0.0,1.0
60,0.0,3.0,0.0,1.0
文创,0.0,3.0,0.0,1.0
境外,0.0,3.0,0.0,1.0
福袋,0.0,6.0,0.0,1.0
践行,0.0,3.0,0.0,1.0
搭乘,0.0,3.0,0.0,1.0
大,0.0,30.0,0.0,1.0
精湛,0.0,15.0,0.0,1.0
紧随其后,0.0,3.0,0.0,1.0
感谢,0.0,3.0,0.0,1.0
续签,0.0,3.0,0.0,1.0
26,0.0,12.0,0.0,1.0
全压,0.0,3.0,0.0,1.0
号召,0.0,3.0,0.0,1.0
家族,0.0,12.0,0.0,1.0
妙趣,0.0,3.0,0.0,1.0
放量,0.0,3.0,0.0,1.0
市井,0.0,3.0,0.0,1.0
初步,0.0,6.0,0.0,1.0
代理人,0.0,6.0,0.0,1.0
四成,0.0,6.0,0.0,1.0
粮食,0.0,3.0,0.0,1.0
迅猛,0.0,3.0,0.0,1.0
透支,0.0,3.0,0.0,1.0
领跑,0.0,3.0,0.0,1.0
大潮,0.0,3.0,0.0,1.0
快速,0.0,3.0,0.0,1.0
类,0.0,3.0,0.0,1.0
31.47,0.0,12.0,0.0,1.0
率先,0.0,12.0,0.0,1.0
最好,0.0,3.0,0.0,1.0
余杭,0.0,3.0,0.0,1.0
6b0a67ff,0.0,3.0,0.0,1.0
img1,0.0,9.0,0.0,1.0
例如,0.0,3.0,0.0,1.0
标的,0.0,3.0,0.0,1.0
学者,0.0,3.0,0.0,1.0
聚焦,0.0,12.0,0.0,1.0
2017H1,0.0,6.0,0.0,1.0
温和,0.0,3.0,0.0,1.0
大放异彩,0.0,3.0,0.0,1.0
数据共享,0.0,3.0,0.0,1.0
良渚,0.0,12.0,0.0,1.0
震荡,0.0,9.0,0.0,1.0
人何,0.0,6.0,0.0,1.0
渗透率,0.0,6.0,0.0,1.0
次,0.0,3.0,0.0,1.0
兑换,0.0,9.0,0.0,1.0
同样,0.0,9.0,0.0,1.0
今日,0.0,9.0,0.0,1.0
基地,0.0,3.0,0.0,1.0
有关,0.0,9.0,0.0,1.0
速度,0.0,3.0,0.0,1.0
另有,0.0,3.0,0.0,1.0
如下,0.0,3.0,0.0,1.0
风量,0.0,9.0,0.0,1.0
按照,0.0,3.0,0.0,1.0
让,0.0,51.0,0.0,1.0
凶狠,0.0,3.0,0.0,1.0
26.3,0.0,3.0,0.0,1.0
看好,0.0,9.0,0.0,1.0
robamEC,0.0,3.0,0.0,1.0
很难,0.0,3.0,0.0,1.0
73,0.0,3.0,0.0,1.0
新增,0.0,12.0,0.0,1.0
下跌,0.0,15.0,0.0,1.0
最大,0.0,12.0,0.0,1.0
支撑,0.0,3.0,0.0,1.0
一如既往,0.0,3.0,0.0,1.0
股民,0.0,3.0,0.0,1.0
被,0.0,18.0,0.0,1.0
卖方,0.0,6.0,0.0,1.0
底,0.0,3.0,0.0,1.0
关注,0.0,12.0,0.0,1.0
6.5,0.0,6.0,0.0,1.0
主张,0.0,3.0,0.0,1.0
中信证券,0.0,6.0,0.0,1.0
里斯,0.0,3.0,0.0,1.0
15.5,0.0,3.0,0.0,1.0
痛点,0.0,6.0,0.0,1.0
借助,0.0,6.0,0.0,1.0
上升,0.0,6.0,0.0,1.0
三部,0.0,3.0,0.0,1.0
财经,0.0,9.0,0.0,1.0
撤退,0.0,3.0,0.0,1.0
如今,0.0,9.0,0.0,1.0
2.52,0.0,6.0,0.0,1.0
抛压,0.0,3.0,0.0,1.0
交上,0.0,3.0,0.0,1.0
指标,0.0,6.0,0.0,1.0
深化,0.0,3.0,0.0,1.0
深交所,0.0,33.0,0.0,1.0
以此,0.0,3.0,0.0,1.0
系列,0.0,9.0,0.0,1.0
5800,0.0,12.0,0.0,1.0
悬浮,0.0,6.0,0.0,1.0
大增,0.0,3.0,0.0,1.0
91f46bc5acbd,0.0,3.0,0.0,1.0
除了,0.0,12.0,0.0,1.0
一再强调,0.0,3.0,0.0,1.0
事实上,0.0,3.0,0.0,1.0
144217309,0.0,3.0,0.0,1.0
11.4,0.0,3.0,0.0,1.0
技术相结合,0.0,3.0,0.0,1.0
一元,0.0,21.0,0.0,1.0
月末,0.0,3.0,0.0,1.0
618,0.0,6.0,0.0,1.0
一季度,0.0,21.0,0.0,1.0
资本,0.0,3.0,0.0,1.0
阶梯,0.0,3.0,0.0,1.0
谈到,0.0,3.0,0.0,1.0
一大步,0.0,6.0,0.0,1.0
接受,0.0,6.0,0.0,1.0
股东,0.0,27.0,0.0,1.0
产品升级,0.0,3.0,0.0,1.0
优于,0.0,3.0,0.0,1.0
协议,0.0,3.0,0.0,1.0
2.8,0.0,3.0,0.0,1.0
空间,0.0,9.0,0.0,1.0
较,0.0,3.0,0.0,1.0
供应商,0.0,3.0,0.0,1.0
网点,0.0,9.0,0.0,1.0
34.35,0.0,3.0,0.0,1.0
实用性,0.0,3.0,0.0,1.0
净利,0.0,3.0,0.0,1.0
要么,0.0,6.0,0.0,1.0
值得注意,0.0,3.0,0.0,1.0
元,0.0,66.0,0.0,1.0
局面,0.0,9.0,0.0,1.0
这块,0.0,3.0,0.0,1.0
为首,0.0,3.0,0.0,1.0
能效,0.0,6.0,0.0,1.0
寻找,0.0,6.0,0.0,1.0
千年,0.0,3.0,0.0,1.0
过程,0.0,6.0,0.0,1.0
积极参与,0.0,3.0,0.0,1.0
月份,0.0,3.0,0.0,1.0
到,0.0,54.0,0.0,1.0
力,0.0,9.0,0.0,1.0
密切合作,0.0,3.0,0.0,1.0
专利,0.0,3.0,0.0,1.0
事情,0.0,6.0,0.0,1.0
高管何,0.0,12.0,0.0,1.0
酒驾,0.0,3.0,0.0,1.0
十足,0.0,3.0,0.0,1.0
获得,0.0,9.0,0.0,1.0
yzwb,0.0,3.0,0.0,1.0
初期,0.0,3.0,0.0,1.0
银泰,0.0,3.0,0.0,1.0
新开,0.0,6.0,0.0,1.0
H1,0.0,6.0,0.0,1.0
大牌,0.0,18.0,0.0,1.0
2638,0.0,3.0,0.0,1.0
铸就,0.0,3.0,0.0,1.0
―,0.0,6.0,0.0,1.0
余力,0.0,3.0,0.0,1.0
尚,0.0,3.0,0.0,1.0
称,0.0,6.0,0.0,1.0
00,0.0,6.0,0.0,1.0
二,0.0,3.0,0.0,1.0
750,0.0,3.0,0.0,1.0
距今已有,0.0,3.0,0.0,1.0
日益,0.0,3.0,0.0,1.0
几个,0.0,3.0,0.0,1.0
284,0.0,3.0,0.0,1.0
排烟,0.0,3.0,0.0,1.0
全场,0.0,3.0,0.0,1.0
范围,0.0,6.0,0.0,1.0
能,0.0,24.0,0.0,1.0
挡不住,0.0,3.0,0.0,1.0
会员,0.0,3.0,0.0,1.0
亦,0.0,3.0,0.0,1.0
诱人,0.0,6.0,0.0,1.0
一同,0.0,3.0,0.0,1.0
5.92,0.0,3.0,0.0,1.0
创造,0.0,18.0,0.0,1.0
恐高,0.0,3.0,0.0,1.0
;,0.0,9.0,0.0,1.0
少有,0.0,3.0,0.0,1.0
公司股票,0.0,12.0,0.0,1.0
0.63,0.0,3.0,0.0,1.0
不小,0.0,3.0,0.0,1.0
当日,0.0,9.0,0.0,1.0
|,0.0,3.0,0.0,1.0
高效,0.0,3.0,0.0,1.0
1960,0.0,3.0,0.0,1.0
携手,0.0,12.0,0.0,1.0
抛售,0.0,9.0,0.0,1.0
提醒,0.0,3.0,0.0,1.0
吹响,0.0,3.0,0.0,1.0
复印件,0.0,3.0,0.0,1.0
入选,0.0,12.0,0.0,1.0
指数,0.0,6.0,0.0,1.0
只要,0.0,9.0,0.0,1.0
pngdata,0.0,6.0,0.0,1.0
自我,0.0,3.0,0.0,1.0
一万种,0.0,3.0,0.0,1.0
002508,0.0,60.0,0.0,1.0
持续,0.0,12.0,0.0,1.0
贵州,0.0,3.0,0.0,1.0
越高,0.0,3.0,0.0,1.0
类似,0.0,3.0,0.0,1.0
《,0.0,9.0,0.0,1.0
折扣,0.0,3.0,0.0,1.0
906.21,0.0,3.0,0.0,1.0
建华,0.0,33.0,0.0,1.0
xunannan,0.0,3.0,0.0,1.0
除,0.0,3.0,0.0,1.0
陈伟,0.0,6.0,0.0,1.0
选择,0.0,9.0,0.0,1.0
20170718,0.0,3.0,0.0,1.0
3000,0.0,6.0,0.0,1.0
又,0.0,12.0,0.0,1.0
c7a53c16feeb,0.0,3.0,0.0,1.0
推举,0.0,3.0,0.0,1.0
非常,0.0,3.0,0.0,1.0
里,0.0,9.0,0.0,1.0
未来,0.0,51.0,0.0,1.0
jykx,0.0,21.0,0.0,1.0
合计,0.0,54.0,0.0,1.0
明星,0.0,3.0,0.0,1.0
总,0.0,3.0,0.0,1.0
<,0.0,51.0,0.0,1.0
交易,0.0,36.0,0.0,1.0
错过,0.0,3.0,0.0,1.0
悦界,0.0,6.0,0.0,1.0
文化村,0.0,3.0,0.0,1.0
向着,0.0,3.0,0.0,1.0
股东大会,0.0,15.0,0.0,1.0
getimg,0.0,6.0,0.0,1.0
目的,0.0,3.0,0.0,1.0
生态圈,0.0,15.0,0.0,1.0
首日,0.0,3.0,0.0,1.0
生动,0.0,3.0,0.0,1.0
从营收,0.0,3.0,0.0,1.0
传承,0.0,9.0,0.0,1.0
联合,0.0,9.0,0.0,1.0
推进,0.0,6.0,0.0,1.0
赶快,0.0,3.0,0.0,1.0
国内,0.0,3.0,0.0,1.0
角度,0.0,3.0,0.0,1.0
看看,0.0,3.0,0.0,1.0
47.59,0.0,3.0,0.0,1.0
业绩,0.0,60.0,0.0,1.0
2.0,0.0,3.0,0.0,1.0
其实,0.0,3.0,0.0,1.0
年初,0.0,6.0,0.0,1.0
预期,0.0,3.0,0.0,1.0
购侧,0.0,3.0,0.0,1.0
迅速,0.0,3.0,0.0,1.0
大显,0.0,3.0,0.0,1.0
比率,0.0,3.0,0.0,1.0
净化系统,0.0,3.0,0.0,1.0
即可,0.0,12.0,0.0,1.0
万股,0.0,147.0,0.0,1.0
?,0.0,12.0,0.0,1.0
迅猛发展,0.0,3.0,0.0,1.0
任富佳,0.0,27.0,0.0,1.0
所在,0.0,3.0,0.0,1.0
0.6,0.0,3.0,0.0,1.0
逾,0.0,12.0,0.0,1.0
抽身而退,0.0,3.0,0.0,1.0
青年,0.0,3.0,0.0,1.0
联动,0.0,3.0,0.0,1.0
节能,0.0,3.0,0.0,1.0
这种,0.0,3.0,0.0,1.0
智能化,0.0,15.0,0.0,1.0
排,0.0,3.0,0.0,1.0
凭,0.0,3.0,0.0,1.0
盈利,0.0,3.0,0.0,1.0
利润,0.0,3.0,0.0,1.0
配合,0.0,3.0,0.0,1.0
优惠,0.0,3.0,0.0,1.0
孕妇,0.0,3.0,0.0,1.0
遭遇,0.0,3.0,0.0,1.0
双方,0.0,18.0,0.0,1.0
pic430,0.0,6.0,0.0,1.0
线,0.0,6.0,0.0,1.0
宇宙,0.0,3.0,0.0,1.0
A31,0.0,3.0,0.0,1.0
热效率,0.0,3.0,0.0,1.0
第一,0.0,9.0,0.0,1.0
消费者,0.0,30.0,0.0,1.0
123500,0.0,3.0,0.0,1.0
0.9,0.0,3.0,0.0,1.0
品牌化,0.0,3.0,0.0,1.0
南京城,0.0,3.0,0.0,1.0
很,0.0,6.0,0.0,1.0
54.28,0.0,6.0,0.0,1.0
格局,0.0,6.0,0.0,1.0
时代,0.0,24.0,0.0,1.0
基本,0.0,3.0,0.0,1.0
其他,0.0,15.0,0.0,1.0
巨量,0.0,6.0,0.0,1.0
针对,0.0,6.0,0.0,1.0
增长,0.0,111.0,0.0,1.0
27,0.0,6.0,0.0,1.0
关系,0.0,15.0,0.0,1.0
主要,0.0,9.0,0.0,1.0
多亿元,0.0,3.0,0.0,1.0
945.44,0.0,3.0,0.0,1.0
加速,0.0,3.0,0.0,1.0
体现,0.0,3.0,0.0,1.0
共构,0.0,3.0,0.0,1.0
胜利,0.0,3.0,0.0,1.0
12.06,0.0,6.0,0.0,1.0
张林永,0.0,12.0,0.0,1.0
设施,0.0,3.0,0.0,1.0
给予,0.0,6.0,0.0,1.0
000651,0.0,6.0,0.0,1.0
分别,0.0,24.0,0.0,1.0
相当,0.0,6.0,0.0,1.0
微信会,0.0,3.0,0.0,1.0
各家各户,0.0,3.0,0.0,1.0
家庭,0.0,9.0,0.0,1.0
自,0.0,15.0,0.0,1.0
还有,0.0,3.0,0.0,1.0
级,0.0,6.0,0.0,1.0
预计,0.0,12.0,0.0,1.0
收益率,0.0,3.0,0.0,1.0
带,0.0,9.0,0.0,1.0
2727,0.0,3.0,0.0,1.0
07,0.0,3.0,0.0,1.0
不必,0.0,3.0,0.0,1.0
基金,0.0,3.0,0.0,1.0
整个,0.0,6.0,0.0,1.0
内涵,0.0,3.0,0.0,1.0
销售收入,0.0,3.0,0.0,1.0
45.76,0.0,3.0,0.0,1.0
24,0.0,3.0,0.0,1.0
维持,0.0,6.0,0.0,1.0
所在城市,0.0,3.0,0.0,1.0
参与,0.0,18.0,0.0,1.0
1.0,0.0,3.0,0.0,1.0
人均,0.0,6.0,0.0,1.0
营业,0.0,15.0,0.0,1.0
美好,0.0,6.0,0.0,1.0
签约,0.0,3.0,0.0,1.0
出去,0.0,9.0,0.0,1.0
高层,0.0,6.0,0.0,1.0
全方位,0.0,3.0,0.0,1.0
把,0.0,9.0,0.0,1.0
市值,0.0,12.0,0.0,1.0
逆市,0.0,3.0,0.0,1.0
曾任,0.0,3.0,0.0,1.0
bt,0.0,3.0,0.0,1.0
者,0.0,3.0,0.0,1.0
已有,0.0,3.0,0.0,1.0
网站,0.0,15.0,0.0,1.0
女儿,0.0,3.0,0.0,1.0
看到,0.0,3.0,0.0,1.0
夏志明,0.0,12.0,0.0,1.0
企业,0.0,42.0,0.0,1.0
最新,0.0,15.0,0.0,1.0
户数,0.0,3.0,0.0,1.0
准确,0.0,3.0,0.0,1.0
兹,0.0,3.0,0.0,1.0
目前,0.0,30.0,0.0,1.0
2014,0.0,6.0,0.0,1.0
gtimg,0.0,3.0,0.0,1.0
风口,0.0,6.0,0.0,1.0
EPS1,0.0,3.0,0.0,1.0
高于,0.0,6.0,0.0,1.0
经历,0.0,6.0,0.0,1.0
海量,0.0,3.0,0.0,1.0
2017,0.0,78.0,0.0,1.0
此类,0.0,3.0,0.0,1.0
29,0.0,6.0,0.0,1.0
首个,0.0,3.0,0.0,1.0
董事,0.0,39.0,0.0,1.0
限量,0.0,3.0,0.0,1.0
否决,0.0,3.0,0.0,1.0
以上,0.0,12.0,0.0,1.0
主打,0.0,3.0,0.0,1.0
；,0.0,150.0,0.0,1.0
牵引,0.0,3.0,0.0,1.0
本报讯,0.0,3.0,0.0,1.0
无疑,0.0,3.0,0.0,1.0
17,0.0,24.0,0.0,1.0
价位,0.0,3.0,0.0,1.0
[,0.0,3.0,0.0,1.0
使用,0.0,9.0,0.0,1.0
这片,0.0,3.0,0.0,1.0
hv1,0.0,6.0,0.0,1.0
650x0,0.0,3.0,0.0,1.0
收集,0.0,3.0,0.0,1.0
比手,0.0,3.0,0.0,1.0
五成,0.0,3.0,0.0,1.0
china,0.0,21.0,0.0,1.0
并行,0.0,3.0,0.0,1.0
之一,0.0,3.0,0.0,1.0
32.0,0.0,3.0,0.0,1.0
),0.0,57.0,0.0,1.0
非常低,0.0,3.0,0.0,1.0
对应,0.0,9.0,0.0,1.0
100,0.0,6.0,0.0,1.0
调节,0.0,3.0,0.0,1.0
平安,0.0,3.0,0.0,1.0
进而,0.0,3.0,0.0,1.0
解决方案,0.0,3.0,0.0,1.0
趣味,0.0,3.0,0.0,1.0
营收,0.0,24.0,0.0,1.0
土壤,0.0,3.0,0.0,1.0
倍,0.0,12.0,0.0,1.0
aea00e4e,0.0,3.0,0.0,1.0
成交,0.0,48.0,0.0,1.0
厨电,0.0,144.0,0.0,1.0
抽身,0.0,6.0,0.0,1.0
结果,0.0,3.0,0.0,1.0
新低,0.0,3.0,0.0,1.0
显示,0.0,48.0,0.0,1.0
安装,0.0,3.0,0.0,1.0
风波,0.0,3.0,0.0,1.0
2697,0.0,3.0,0.0,1.0
秒,0.0,3.0,0.0,1.0
地点,0.0,3.0,0.0,1.0
大盘,0.0,12.0,0.0,1.0
攀升,0.0,6.0,0.0,1.0
net,0.0,3.0,0.0,1.0
能够,0.0,15.0,0.0,1.0
潜心,0.0,3.0,0.0,1.0
茅台,0.0,3.0,0.0,1.0
保证,0.0,3.0,0.0,1.0
魅力,0.0,3.0,0.0,1.0
位列,0.0,3.0,0.0,1.0
打造出,0.0,3.0,0.0,1.0
http,0.0,54.0,0.0,1.0
迎宾路,0.0,3.0,0.0,1.0
要求,0.0,6.0,0.0,1.0
暨,0.0,3.0,0.0,1.0
位,0.0,24.0,0.0,1.0
19.22,0.0,12.0,0.0,1.0
40,0.0,30.0,0.0,1.0
报告,0.0,9.0,0.0,1.0
最低价,0.0,3.0,0.0,1.0
德国,0.0,3.0,0.0,1.0
4238,0.0,3.0,0.0,1.0
打响,0.0,3.0,0.0,1.0
爆炒,0.0,3.0,0.0,1.0
超级,0.0,3.0,0.0,1.0
信赖,0.0,3.0,0.0,1.0
大道,0.0,3.0,0.0,1.0
申万,0.0,3.0,0.0,1.0
值得,0.0,3.0,0.0,1.0
45.32,0.0,3.0,0.0,1.0
回吐,0.0,3.0,0.0,1.0
情形,0.0,3.0,0.0,1.0
出货,0.0,3.0,0.0,1.0
游节,0.0,30.0,0.0,1.0
日讯,0.0,3.0,0.0,1.0
一场,0.0,3.0,0.0,1.0
推动者,0.0,6.0,0.0,1.0
性能,0.0,3.0,0.0,1.0
15,0.0,54.0,0.0,1.0
通过,0.0,45.0,0.0,1.0
创变,0.0,15.0,0.0,1.0
utuku,0.0,21.0,0.0,1.0
总经理,0.0,12.0,0.0,1.0
携,0.0,6.0,0.0,1.0
开放,0.0,3.0,0.0,1.0
进入,0.0,9.0,0.0,1.0
领域,0.0,42.0,0.0,1.0
地产,0.0,18.0,0.0,1.0
该,0.0,15.0,0.0,1.0
支持,0.0,6.0,0.0,1.0
海外,0.0,3.0,0.0,1.0
硬币,0.0,3.0,0.0,1.0
因素,0.0,3.0,0.0,1.0
女士,0.0,9.0,0.0,1.0
以该,0.0,3.0,0.0,1.0
享受,0.0,24.0,0.0,1.0
份额,0.0,3.0,0.0,1.0
产品线,0.0,3.0,0.0,1.0
高峰期,0.0,3.0,0.0,1.0
烟,0.0,3.0,0.0,1.0
强势,0.0,6.0,0.0,1.0
满,0.0,3.0,0.0,1.0
据此,0.0,3.0,0.0,1.0
盘中,0.0,24.0,0.0,1.0
代表,0.0,42.0,0.0,1.0
2.1,0.0,3.0,0.0,1.0
这是,0.0,3.0,0.0,1.0
以来,0.0,12.0,0.0,1.0
牛股,0.0,3.0,0.0,1.0
订单,0.0,6.0,0.0,1.0
报,0.0,9.0,0.0,1.0
27.56,0.0,3.0,0.0,1.0
功能,0.0,12.0,0.0,1.0
12.07,0.0,6.0,0.0,1.0
亿多元,0.0,3.0,0.0,1.0
内,0.0,6.0,0.0,1.0
吃,0.0,6.0,0.0,1.0
ROKI,0.0,21.0,0.0,1.0
000166,0.0,3.0,0.0,1.0
便是,0.0,3.0,0.0,1.0
悠久,0.0,3.0,0.0,1.0
高颜值,0.0,3.0,0.0,1.0
【,0.0,3.0,0.0,1.0
jpg,0.0,33.0,0.0,1.0
乏力,0.0,9.0,0.0,1.0
再,0.0,15.0,0.0,1.0
嘉宾,0.0,3.0,0.0,1.0
急于,0.0,3.0,0.0,1.0
有望,0.0,3.0,0.0,1.0
参与者,0.0,3.0,0.0,1.0
集体,0.0,54.0,0.0,1.0
每月,0.0,3.0,0.0,1.0
咕咚,0.0,6.0,0.0,1.0
才能,0.0,3.0,0.0,1.0
烟道,0.0,6.0,0.0,1.0
李子,0.0,3.0,0.0,1.0
飘红,0.0,3.0,0.0,1.0
股价,0.0,102.0,0.0,1.0
作为,0.0,48.0,0.0,1.0
实控,0.0,3.0,0.0,1.0
董事会,0.0,9.0,0.0,1.0
白马,0.0,9.0,0.0,1.0
入池,0.0,6.0,0.0,1.0
通道,0.0,6.0,0.0,1.0
34.4,0.0,3.0,0.0,1.0
两家,0.0,6.0,0.0,1.0
连续,0.0,21.0,0.0,1.0
程宬,0.0,3.0,0.0,1.0
相同,0.0,3.0,0.0,1.0
人员,0.0,30.0,0.0,1.0
113,0.0,3.0,0.0,1.0
自身,0.0,6.0,0.0,1.0
沈萍萍,0.0,12.0,0.0,1.0
优质产品,0.0,6.0,0.0,1.0
向,0.0,15.0,0.0,1.0
持有,0.0,3.0,0.0,1.0
调整,0.0,6.0,0.0,1.0
跌至,0.0,12.0,0.0,1.0
重责,0.0,3.0,0.0,1.0
张钦,0.0,3.0,0.0,1.0
高涨,0.0,3.0,0.0,1.0
国富,0.0,12.0,0.0,1.0
公告,0.0,15.0,0.0,1.0
世纪,0.0,3.0,0.0,1.0
],0.0,3.0,0.0,1.0
低开,0.0,18.0,0.0,1.0
买入,0.0,21.0,0.0,1.0
HiLink,0.0,3.0,0.0,1.0
迈出,0.0,3.0,0.0,1.0
做,0.0,9.0,0.0,1.0
赵继宏,0.0,12.0,0.0,1.0
开启,0.0,3.0,0.0,1.0
采用,0.0,3.0,0.0,1.0
19.8,0.0,3.0,0.0,1.0
委托书,0.0,6.0,0.0,1.0
证券部,0.0,6.0,0.0,1.0
李诞,0.0,3.0,0.0,1.0
示范,0.0,3.0,0.0,1.0
其中,0.0,27.0,0.0,1.0
创造性,0.0,3.0,0.0,1.0
蒸汽,0.0,6.0,0.0,1.0
多发,0.0,3.0,0.0,1.0
社会,0.0,21.0,0.0,1.0
结业式,0.0,3.0,0.0,1.0
可能,0.0,15.0,0.0,1.0
有机,0.0,3.0,0.0,1.0
零售量,0.0,6.0,0.0,1.0
第二,0.0,6.0,0.0,1.0
稀缺,0.0,3.0,0.0,1.0
实力,0.0,12.0,0.0,1.0
配备,0.0,3.0,0.0,1.0
根据,0.0,12.0,0.0,1.0
升级,0.0,39.0,0.0,1.0
居于,0.0,3.0,0.0,1.0
答卷,0.0,3.0,0.0,1.0
2.6,0.0,3.0,0.0,1.0
状况,0.0,6.0,0.0,1.0
形势,0.0,3.0,0.0,1.0
推广,0.0,12.0,0.0,1.0
委托,0.0,6.0,0.0,1.0
监们,0.0,3.0,0.0,1.0
年收入,0.0,3.0,0.0,1.0
满意,0.0,3.0,0.0,1.0
洗,0.0,3.0,0.0,1.0
出逃,0.0,3.0,0.0,1.0
尤其,0.0,9.0,0.0,1.0
向往,0.0,6.0,0.0,1.0
快车,0.0,3.0,0.0,1.0
一度,0.0,15.0,0.0,1.0
全国,0.0,12.0,0.0,1.0
趣,0.0,30.0,0.0,1.0
名,0.0,15.0,0.0,1.0
自家人,0.0,12.0,0.0,1.0
态势,0.0,9.0,0.0,1.0
监事,0.0,24.0,0.0,1.0
复权,0.0,3.0,0.0,1.0
要闻,0.0,3.0,0.0,1.0
过,0.0,6.0,0.0,1.0
IP,0.0,9.0,0.0,1.0
恪守,0.0,3.0,0.0,1.0
达成,0.0,6.0,0.0,1.0
输送,0.0,3.0,0.0,1.0
红利,0.0,6.0,0.0,1.0
权威,0.0,3.0,0.0,1.0
全年,0.0,9.0,0.0,1.0
2.69,0.0,3.0,0.0,1.0
亲授,0.0,6.0,0.0,1.0
京,0.0,3.0,0.0,1.0
搭载,0.0,6.0,0.0,1.0
芯,0.0,6.0,0.0,1.0
最高,0.0,9.0,0.0,1.0
5610,0.0,9.0,0.0,1.0
层去,0.0,6.0,0.0,1.0
e,0.0,3.0,0.0,1.0
前者,0.0,3.0,0.0,1.0
净水器,0.0,6.0,0.0,1.0
交易系统,0.0,3.0,0.0,1.0
急速,0.0,3.0,0.0,1.0
馆,0.0,6.0,0.0,1.0
一起,0.0,3.0,0.0,1.0
演讲,0.0,3.0,0.0,1.0
114048455,0.0,3.0,0.0,1.0
余杭县,0.0,3.0,0.0,1.0
中华民族,0.0,3.0,0.0,1.0
悄然,0.0,3.0,0.0,1.0
沪,0.0,3.0,0.0,1.0
1babebc5,0.0,3.0,0.0,1.0
点,0.0,3.0,0.0,1.0
现象,0.0,3.0,0.0,1.0
估值,0.0,12.0,0.0,1.0
系统,0.0,21.0,0.0,1.0
pct,0.0,6.0,0.0,1.0
完整,0.0,3.0,0.0,1.0
双劲,0.0,3.0,0.0,1.0
顾问,0.0,6.0,0.0,1.0
跌幅,0.0,18.0,0.0,1.0
销售额,0.0,9.0,0.0,1.0
自然,0.0,3.0,0.0,1.0
东升,0.0,9.0,0.0,1.0
董秘,0.0,12.0,0.0,1.0
第二次,0.0,12.0,0.0,1.0
定向,0.0,6.0,0.0,1.0
第三,0.0,9.0,0.0,1.0
3.5,0.0,3.0,0.0,1.0
为了,0.0,9.0,0.0,1.0
16,0.0,21.0,0.0,1.0
各异,0.0,3.0,0.0,1.0
细微处,0.0,3.0,0.0,1.0
三成,0.0,3.0,0.0,1.0
避免,0.0,3.0,0.0,1.0
还,0.0,18.0,0.0,1.0
装,0.0,3.0,0.0,1.0
问题,0.0,6.0,0.0,1.0
每天,0.0,3.0,0.0,1.0
初显,0.0,3.0,0.0,1.0
a54d,0.0,3.0,0.0,1.0
紧密,0.0,3.0,0.0,1.0
ln,0.0,6.0,0.0,1.0
强国,0.0,3.0,0.0,1.0
目标,0.0,15.0,0.0,1.0
并,0.0,24.0,0.0,1.0
用,0.0,6.0,0.0,1.0
半年度,0.0,3.0,0.0,1.0
55.04,0.0,3.0,0.0,1.0
环境,0.0,3.0,0.0,1.0
投资者,0.0,12.0,0.0,1.0
香港,0.0,3.0,0.0,1.0
合理,0.0,3.0,0.0,1.0
自有,0.0,12.0,0.0,1.0
在,0.0,318.0,0.0,1.0
88e8,0.0,3.0,0.0,1.0
惨烈,0.0,3.0,0.0,1.0
19,0.0,6.0,0.0,1.0
净利润,0.0,39.0,0.0,1.0
油烟机,0.0,42.0,0.0,1.0
创建,0.0,3.0,0.0,1.0
信号,0.0,3.0,0.0,1.0
轻松,0.0,18.0,0.0,1.0
扩大,0.0,12.0,0.0,1.0
43.53,0.0,3.0,0.0,1.0
记者,0.0,21.0,0.0,1.0
创领,0.0,3.0,0.0,1.0
跌,0.0,12.0,0.0,1.0
现身,0.0,3.0,0.0,1.0
消费,0.0,21.0,0.0,1.0
告知,0.0,6.0,0.0,1.0
透露,0.0,6.0,0.0,1.0
呈现,0.0,6.0,0.0,1.0
13.73,0.0,12.0,0.0,1.0
这个,0.0,12.0,0.0,1.0
张松,0.0,9.0,0.0,1.0
2214,0.0,3.0,0.0,1.0
研发,0.0,21.0,0.0,1.0
整合,0.0,6.0,0.0,1.0
收盘,0.0,12.0,0.0,1.0
洗碗机,0.0,24.0,0.0,1.0
整体,0.0,9.0,0.0,1.0
已超,0.0,3.0,0.0,1.0
受到,0.0,6.0,0.0,1.0
草木皆兵,0.0,3.0,0.0,1.0
的确,0.0,3.0,0.0,1.0
Hilink,0.0,15.0,0.0,1.0
套现,0.0,57.0,0.0,1.0
开展,0.0,6.0,0.0,1.0
下降,0.0,3.0,0.0,1.0
昨日,0.0,6.0,0.0,1.0
易,0.0,3.0,0.0,1.0
多为,0.0,3.0,0.0,1.0
细分,0.0,3.0,0.0,1.0
多只,0.0,6.0,0.0,1.0
提,0.0,3.0,0.0,1.0
翻,0.0,3.0,0.0,1.0
水平,0.0,6.0,0.0,1.0
全面,0.0,9.0,0.0,1.0
强强联合,0.0,6.0,0.0,1.0
董高监,0.0,3.0,0.0,1.0
持续保持,0.0,3.0,0.0,1.0
成本费用,0.0,3.0,0.0,1.0
即将,0.0,6.0,0.0,1.0
年,0.0,144.0,0.0,1.0
上攻,0.0,6.0,0.0,1.0
浪费,0.0,12.0,0.0,1.0
感应,0.0,27.0,0.0,1.0
41.37,0.0,3.0,0.0,1.0
扎根,0.0,3.0,0.0,1.0
使得,0.0,6.0,0.0,1.0
办,0.0,3.0,0.0,1.0
只,0.0,9.0,0.0,1.0
高新科技,0.0,3.0,0.0,1.0
5300,0.0,3.0,0.0,1.0
hexun,0.0,3.0,0.0,1.0
日常,0.0,3.0,0.0,1.0
为侧,0.0,3.0,0.0,1.0
记载,0.0,3.0,0.0,1.0
家电,0.0,51.0,0.0,1.0
2773,0.0,3.0,0.0,1.0
6.0,0.0,6.0,0.0,1.0
6.88,0.0,6.0,0.0,1.0
较大,0.0,3.0,0.0,1.0
归属于,0.0,3.0,0.0,1.0
证券网,0.0,3.0,0.0,1.0
曝光,0.0,3.0,0.0,1.0
跌跌,0.0,3.0,0.0,1.0
扩张,0.0,3.0,0.0,1.0
努力,0.0,6.0,0.0,1.0
跳水,0.0,15.0,0.0,1.0
累计,0.0,9.0,0.0,1.0
们,0.0,6.0,0.0,1.0
半年报,0.0,3.0,0.0,1.0
报收,0.0,9.0,0.0,1.0
积累,0.0,3.0,0.0,1.0
气势,0.0,3.0,0.0,1.0
传统,0.0,3.0,0.0,1.0
开始,0.0,15.0,0.0,1.0
引擎,0.0,3.0,0.0,1.0
为主,0.0,3.0,0.0,1.0
尊贵,0.0,3.0,0.0,1.0
一家,0.0,6.0,0.0,1.0
近期,0.0,24.0,0.0,1.0
气味,0.0,3.0,0.0,1.0
05,0.0,9.0,0.0,1.0
兼,0.0,3.0,0.0,1.0
超劲,0.0,3.0,0.0,1.0
一定,0.0,6.0,0.0,1.0
降低,0.0,3.0,0.0,1.0
推出,0.0,12.0,0.0,1.0
首发,0.0,12.0,0.0,1.0
已经,0.0,6.0,0.0,1.0
对,0.0,36.0,0.0,1.0
余,0.0,3.0,0.0,1.0
着,0.0,3.0,0.0,1.0
67A1,0.0,6.0,0.0,1.0
遗漏,0.0,3.0,0.0,1.0
用于,0.0,3.0,0.0,1.0
北京,0.0,12.0,0.0,1.0
www,0.0,6.0,0.0,1.0
明显,0.0,9.0,0.0,1.0
%,0.0,258.0,0.0,1.0
共同,0.0,9.0,0.0,1.0
IMAGE,0.0,51.0,0.0,1.0
出生,0.0,3.0,0.0,1.0
雄踞一方,0.0,3.0,0.0,1.0
拉动,0.0,6.0,0.0,1.0
收达,0.0,3.0,0.0,1.0
作品,0.0,3.0,0.0,1.0
供应链,0.0,3.0,0.0,1.0
活动,0.0,42.0,0.0,1.0
好事,0.0,3.0,0.0,1.0
基础,0.0,3.0,0.0,1.0
20170517215918524,0.0,3.0,0.0,1.0
手艺,0.0,6.0,0.0,1.0
关键字,0.0,3.0,0.0,1.0
深度,0.0,9.0,0.0,1.0
可见,0.0,6.0,0.0,1.0
雍和宫,0.0,3.0,0.0,1.0
继,0.0,18.0,0.0,1.0
26.27,0.0,3.0,0.0,1.0
将要,0.0,3.0,0.0,1.0
比赛,0.0,3.0,0.0,1.0
举行,0.0,3.0,0.0,1.0
投身,0.0,3.0,0.0,1.0
降温,0.0,3.0,0.0,1.0
队伍,0.0,3.0,0.0,1.0
清晰,0.0,3.0,0.0,1.0
27A3,0.0,3.0,0.0,1.0
偏远,0.0,3.0,0.0,1.0
面对,0.0,9.0,0.0,1.0
国际,0.0,3.0,0.0,1.0
万科,0.0,6.0,0.0,1.0
集中,0.0,6.0,0.0,1.0
43.92,0.0,12.0,0.0,1.0
①,0.0,3.0,0.0,1.0
吸粉,0.0,3.0,0.0,1.0
加剧,0.0,3.0,0.0,1.0
规格,0.0,3.0,0.0,1.0
讯,0.0,9.0,0.0,1.0
印,0.0,3.0,0.0,1.0
花费,0.0,3.0,0.0,1.0
559,0.0,3.0,0.0,1.0
比如,0.0,3.0,0.0,1.0
营造,0.0,3.0,0.0,1.0
位高管,0.0,6.0,0.0,1.0
走低,0.0,6.0,0.0,1.0
成长,0.0,6.0,0.0,1.0
一些,0.0,3.0,0.0,1.0
走势,0.0,9.0,0.0,1.0
方式,0.0,6.0,0.0,1.0
上述,0.0,3.0,0.0,1.0
为什么,0.0,6.0,0.0,1.0
592,0.0,3.0,0.0,1.0
领略,0.0,3.0,0.0,1.0
审核,0.0,3.0,0.0,1.0
孝行,0.0,3.0,0.0,1.0
计算,0.0,3.0,0.0,1.0
建构,0.0,3.0,0.0,1.0
多位,0.0,6.0,0.0,1.0
尊享,0.0,9.0,0.0,1.0
年底,0.0,3.0,0.0,1.0
实现,0.0,39.0,0.0,1.0
社交,0.0,3.0,0.0,1.0
吸住,0.0,3.0,0.0,1.0
不会,0.0,3.0,0.0,1.0
摊薄,0.0,3.0,0.0,1.0
7.1,0.0,3.0,0.0,1.0
将会,0.0,9.0,0.0,1.0
高端化,0.0,3.0,0.0,1.0
愈发,0.0,3.0,0.0,1.0
一二三四五,0.0,3.0,0.0,1.0
风压,0.0,6.0,0.0,1.0
攻坚战,0.0,3.0,0.0,1.0
现金额,0.0,3.0,0.0,1.0
对于,0.0,21.0,0.0,1.0
全,0.0,3.0,0.0,1.0
早,0.0,12.0,0.0,1.0
信心,0.0,3.0,0.0,1.0
控制,0.0,36.0,0.0,1.0
编辑,0.0,3.0,0.0,1.0
天内,0.0,3.0,0.0,1.0
最,0.0,18.0,0.0,1.0
每个,0.0,3.0,0.0,1.0
三四,0.0,6.0,0.0,1.0
售后,0.0,3.0,0.0,1.0
增添,0.0,3.0,0.0,1.0
一切都是,0.0,3.0,0.0,1.0
上市,0.0,21.0,0.0,1.0
认识,0.0,6.0,0.0,1.0
近三成,0.0,3.0,0.0,1.0
随着,0.0,3.0,0.0,1.0
A股,0.0,9.0,0.0,1.0
配套率,0.0,3.0,0.0,1.0
美感,0.0,3.0,0.0,1.0
收于,0.0,3.0,0.0,1.0
法定代表,0.0,6.0,0.0,1.0
4.31,0.0,6.0,0.0,1.0
长兴,0.0,3.0,0.0,1.0
病从口入,0.0,3.0,0.0,1.0
510x0,0.0,3.0,0.0,1.0
误导性,0.0,3.0,0.0,1.0
研究,0.0,9.0,0.0,1.0
华帝,0.0,3.0,0.0,1.0
决定,0.0,3.0,0.0,1.0
149,0.0,3.0,0.0,1.0
人士,0.0,9.0,0.0,1.0
网络,0.0,3.0,0.0,1.0
质疑,0.0,3.0,0.0,1.0
美的,0.0,66.0,0.0,1.0
至今,0.0,9.0,0.0,1.0
发送至,0.0,3.0,0.0,1.0
之处,0.0,3.0,0.0,1.0
所,0.0,15.0,0.0,1.0
20170726,0.0,3.0,0.0,1.0
前不久,0.0,3.0,0.0,1.0
认购,0.0,6.0,0.0,1.0
帮助,0.0,3.0,0.0,1.0
快,0.0,3.0,0.0,1.0
数月,0.0,3.0,0.0,1.0
极速,0.0,3.0,0.0,1.0
加快,0.0,6.0,0.0,1.0
省心,0.0,3.0,0.0,1.0
微,0.0,6.0,0.0,1.0
大牛股,0.0,6.0,0.0,1.0
优势,0.0,21.0,0.0,1.0
参加,0.0,12.0,0.0,1.0
上,0.0,63.0,0.0,1.0
一份,0.0,6.0,0.0,1.0
现场,0.0,3.0,0.0,1.0
人任,0.0,21.0,0.0,1.0
应,0.0,3.0,0.0,1.0
瓶颈,0.0,6.0,0.0,1.0
花,0.0,6.0,0.0,1.0
473d,0.0,3.0,0.0,1.0
证券,0.0,30.0,0.0,1.0
高管,0.0,93.0,0.0,1.0
杭州,0.0,36.0,0.0,1.0
三个,0.0,6.0,0.0,1.0
仍,0.0,12.0,0.0,1.0
套,0.0,6.0,0.0,1.0
老板,0.0,1002.0,0.0,1.0
注册资本,0.0,6.0,0.0,1.0
还是,0.0,12.0,0.0,1.0
访问,0.0,3.0,0.0,1.0
发布公告,0.0,12.0,0.0,1.0
涉嫌,0.0,3.0,0.0,1.0
长远,0.0,3.0,0.0,1.0
之前,0.0,3.0,0.0,1.0
设计,0.0,3.0,0.0,1.0
20,0.0,18.0,0.0,1.0
八件,0.0,3.0,0.0,1.0
要,0.0,15.0,0.0,1.0
掌控,0.0,6.0,0.0,1.0
截止,0.0,6.0,0.0,1.0
d17ca5cd4b2b,0.0,3.0,0.0,1.0
牢牢,0.0,3.0,0.0,1.0
重点,0.0,3.0,0.0,1.0
点击,0.0,3.0,0.0,1.0
商报讯,0.0,3.0,0.0,1.0
均,0.0,24.0,0.0,1.0
8.55,0.0,3.0,0.0,1.0
打,0.0,3.0,0.0,1.0
等,0.0,45.0,0.0,1.0
跑步,0.0,3.0,0.0,1.0
容易,0.0,6.0,0.0,1.0
钻研,0.0,3.0,0.0,1.0
成功,0.0,12.0,0.0,1.0
费,0.0,6.0,0.0,1.0
代码,0.0,6.0,0.0,1.0
高端,0.0,51.0,0.0,1.0
电商,0.0,30.0,0.0,1.0
4645,0.0,3.0,0.0,1.0
调查,0.0,3.0,0.0,1.0
全购免,0.0,3.0,0.0,1.0
本,0.0,12.0,0.0,1.0
蓝筹,0.0,3.0,0.0,1.0
1.3,0.0,3.0,0.0,1.0
影响力,0.0,6.0,0.0,1.0
汉族,0.0,3.0,0.0,1.0
勋章,0.0,6.0,0.0,1.0
搭建,0.0,9.0,0.0,1.0
强强,0.0,3.0,0.0,1.0
牢固,0.0,3.0,0.0,1.0
300,0.0,9.0,0.0,1.0
提供,0.0,18.0,0.0,1.0
同行,0.0,3.0,0.0,1.0
精彩,0.0,3.0,0.0,1.0
董监,0.0,36.0,0.0,1.0
—,0.0,57.0,0.0,1.0
程序,0.0,3.0,0.0,1.0
斤,0.0,3.0,0.0,1.0
中,0.0,84.0,0.0,1.0
以下,0.0,6.0,0.0,1.0
临时,0.0,12.0,0.0,1.0
晋级,0.0,3.0,0.0,1.0
抽取,0.0,3.0,0.0,1.0
前一天,0.0,6.0,0.0,1.0
国宴,0.0,6.0,0.0,1.0
中怡康,0.0,12.0,0.0,1.0
向下,0.0,3.0,0.0,1.0
登录,0.0,3.0,0.0,1.0
加深,0.0,3.0,0.0,1.0
任何,0.0,3.0,0.0,1.0
灵魂,0.0,6.0,0.0,1.0
烟灶,0.0,15.0,0.0,1.0
股票,0.0,18.0,0.0,1.0
显现,0.0,3.0,0.0,1.0
台,0.0,3.0,0.0,1.0
天下,0.0,3.0,0.0,1.0
突破,0.0,3.0,0.0,1.0
助推,0.0,3.0,0.0,1.0
中标,0.0,3.0,0.0,1.0
57.95,0.0,3.0,0.0,1.0
554x0,0.0,3.0,0.0,1.0
开办,0.0,3.0,0.0,1.0
浙江,0.0,36.0,0.0,1.0
工程师,0.0,3.0,0.0,1.0
吸式,0.0,12.0,0.0,1.0
路,0.0,6.0,0.0,1.0
最近,0.0,3.0,0.0,1.0
25,0.0,9.0,0.0,1.0
提出,0.0,6.0,0.0,1.0
人民币,0.0,9.0,0.0,1.0
堵塞,0.0,3.0,0.0,1.0
才,0.0,3.0,0.0,1.0
8806,0.0,3.0,0.0,1.0
各类,0.0,6.0,0.0,1.0
引发,0.0,3.0,0.0,1.0
赋予,0.0,3.0,0.0,1.0
专区,0.0,3.0,0.0,1.0
灶具,0.0,18.0,0.0,1.0
唯一,0.0,3.0,0.0,1.0
工作,0.0,6.0,0.0,1.0
存在,0.0,3.0,0.0,1.0
巩固,0.0,3.0,0.0,1.0
从而,0.0,9.0,0.0,1.0
本人,0.0,3.0,0.0,1.0
显著,0.0,6.0,0.0,1.0
稳健,0.0,3.0,0.0,1.0
会议,0.0,3.0,0.0,1.0
002032,0.0,3.0,0.0,1.0
微信,0.0,3.0,0.0,1.0
购买,0.0,15.0,0.0,1.0
明确,0.0,3.0,0.0,1.0
近现代史,0.0,3.0,0.0,1.0
这些,0.0,3.0,0.0,1.0
百亿,0.0,3.0,0.0,1.0
向上,0.0,6.0,0.0,1.0
涨势,0.0,3.0,0.0,1.0
机会,0.0,6.0,0.0,1.0
卡路里,0.0,21.0,0.0,1.0
同期,0.0,3.0,0.0,1.0
行动,0.0,3.0,0.0,1.0
吸油烟机,0.0,51.0,0.0,1.0
送,0.0,3.0,0.0,1.0
12.35,0.0,21.0,0.0,1.0
厨房电器,0.0,24.0,0.0,1.0
特权,0.0,12.0,0.0,1.0
稳步,0.0,3.0,0.0,1.0
挖掘,0.0,3.0,0.0,1.0
理念,0.0,9.0,0.0,1.0
挥手,0.0,3.0,0.0,1.0
上涨,0.0,9.0,0.0,1.0
是,0.0,168.0,0.0,1.0
需挥,0.0,3.0,0.0,1.0
变革,0.0,6.0,0.0,1.0
自动,0.0,3.0,0.0,1.0
41.4,0.0,6.0,0.0,1.0
房地产,0.0,9.0,0.0,1.0
排放,0.0,3.0,0.0,1.0
众多,0.0,6.0,0.0,1.0
无关,0.0,3.0,0.0,1.0
遭高管,0.0,9.0,0.0,1.0
授权,0.0,6.0,0.0,1.0
5.07,0.0,3.0,0.0,1.0
高管层,0.0,3.0,0.0,1.0
疯狂,0.0,18.0,0.0,1.0
专属,0.0,6.0,0.0,1.0
2753,0.0,3.0,0.0,1.0
嵌入式,0.0,39.0,0.0,1.0
规模,0.0,12.0,0.0,1.0
压力,0.0,6.0,0.0,1.0
>,0.0,51.0,0.0,1.0
切身,0.0,3.0,0.0,1.0
2015,0.0,6.0,0.0,1.0
烟机,0.0,18.0,0.0,1.0
tx1,0.0,3.0,0.0,1.0
哪样,0.0,3.0,0.0,1.0
处于,0.0,3.0,0.0,1.0
引起,0.0,9.0,0.0,1.0
做出,0.0,6.0,0.0,1.0
产生,0.0,6.0,0.0,1.0
融合,0.0,9.0,0.0,1.0
21,0.0,3.0,0.0,1.0
尽显,0.0,3.0,0.0,1.0
亿,0.0,3.0,0.0,1.0
感受,0.0,9.0,0.0,1.0
时间,0.0,6.0,0.0,1.0
雪上加霜,0.0,3.0,0.0,1.0
方面,0.0,27.0,0.0,1.0
奖品,0.0,6.0,0.0,1.0
签到,0.0,9.0,0.0,1.0
溪口,0.0,3.0,0.0,1.0
出现,0.0,9.0,0.0,1.0
驱动,0.0,3.0,0.0,1.0
产品开发,0.0,3.0,0.0,1.0
weixin,0.0,6.0,0.0,1.0
界面,0.0,3.0,0.0,1.0
电子商务,0.0,6.0,0.0,1.0
经营,0.0,18.0,0.0,1.0
为数不多,0.0,3.0,0.0,1.0
理想,0.0,3.0,0.0,1.0
上演,0.0,6.0,0.0,1.0
接近,0.0,3.0,0.0,1.0
收报,0.0,6.0,0.0,1.0
吸大,0.0,12.0,0.0,1.0
·,0.0,3.0,0.0,1.0
000333,0.0,12.0,0.0,1.0
先进,0.0,6.0,0.0,1.0
一级,0.0,6.0,0.0,1.0
SRC,0.0,54.0,0.0,1.0
千股,0.0,3.0,0.0,1.0
品类,0.0,36.0,0.0,1.0
日起,0.0,6.0,0.0,1.0
地,0.0,9.0,0.0,1.0
尾盘,0.0,3.0,0.0,1.0
相比,0.0,6.0,0.0,1.0
饮食文化,0.0,18.0,0.0,1.0
选择性,0.0,3.0,0.0,1.0
诞生,0.0,3.0,0.0,1.0
行业,0.0,54.0,0.0,1.0
父子关系,0.0,3.0,0.0,1.0
个性化,0.0,6.0,0.0,1.0
3358.38,0.0,3.0,0.0,1.0
点亮,0.0,6.0,0.0,1.0
8a6a5a7e9329,0.0,3.0,0.0,1.0
MSCIACWI,0.0,3.0,0.0,1.0
上证,0.0,3.0,0.0,1.0
比,0.0,9.0,0.0,1.0
上扬,0.0,3.0,0.0,1.0
走势图,0.0,3.0,0.0,1.0
达到,0.0,12.0,0.0,1.0
生产,0.0,9.0,0.0,1.0
有限公司,0.0,36.0,0.0,1.0
改善,0.0,3.0,0.0,1.0
撇清,0.0,3.0,0.0,1.0
　,0.0,180.0,0.0,1.0
趣游,0.0,3.0,0.0,1.0
蛋糕,0.0,3.0,0.0,1.0
一件,0.0,3.0,0.0,1.0
构建,0.0,3.0,0.0,1.0
减,0.0,3.0,0.0,1.0
任,0.0,12.0,0.0,1.0
召开,0.0,15.0,0.0,1.0
走,0.0,9.0,0.0,1.0
个,0.0,15.0,0.0,1.0
商城,0.0,3.0,0.0,1.0
MSCI,0.0,9.0,0.0,1.0
可寻,0.0,3.0,0.0,1.0
两周,0.0,3.0,0.0,1.0
短期,0.0,3.0,0.0,1.0
YoY,0.0,21.0,0.0,1.0
使用权,0.0,3.0,0.0,1.0
孵化,0.0,3.0,0.0,1.0
集团,0.0,54.0,0.0,1.0
接连,0.0,9.0,0.0,1.0
再度,0.0,9.0,0.0,1.0
提速,0.0,3.0,0.0,1.0
成交量,0.0,12.0,0.0,1.0
全体,0.0,3.0,0.0,1.0
6.36,0.0,6.0,0.0,1.0
新货,0.0,3.0,0.0,1.0
折服,0.0,3.0,0.0,1.0
必将会,0.0,6.0,0.0,1.0
远,0.0,3.0,0.0,1.0
多,0.0,33.0,0.0,1.0
4,0.0,24.0,0.0,1.0
详见,0.0,3.0,0.0,1.0
143988875,0.0,3.0,0.0,1.0
发现,0.0,6.0,0.0,1.0
284.44,0.0,30.0,0.0,1.0
稳固,0.0,3.0,0.0,1.0
后续,0.0,3.0,0.0,1.0
吓,0.0,6.0,0.0,1.0
乡镇,0.0,3.0,0.0,1.0
这一,0.0,3.0,0.0,1.0
据悉,0.0,12.0,0.0,1.0
9663,0.0,3.0,0.0,1.0
更是,0.0,3.0,0.0,1.0
而是,0.0,6.0,0.0,1.0
新兴,0.0,3.0,0.0,1.0
上午,0.0,3.0,0.0,1.0
专注,0.0,18.0,0.0,1.0
必须,0.0,3.0,0.0,1.0
等等,0.0,6.0,0.0,1.0
楼盘,0.0,3.0,0.0,1.0
_,0.0,12.0,0.0,1.0
翻倍,0.0,3.0,0.0,1.0
美德,0.0,3.0,0.0,1.0
总裁,0.0,9.0,0.0,1.0
龙虾节,0.0,3.0,0.0,1.0
地产商,0.0,3.0,0.0,1.0
高级别,0.0,9.0,0.0,1.0
九千多,0.0,3.0,0.0,1.0
亚东,0.0,12.0,0.0,1.0
资源,0.0,9.0,0.0,1.0
之后,0.0,21.0,0.0,1.0
展会,0.0,3.0,0.0,1.0
重挫,0.0,3.0,0.0,1.0
违规,0.0,6.0,0.0,1.0
于,0.0,30.0,0.0,1.0
8700,0.0,3.0,0.0,1.0
分析,0.0,6.0,0.0,1.0
吸引,0.0,12.0,0.0,1.0
个股,0.0,3.0,0.0,1.0
树,0.0,3.0,0.0,1.0
倡导,0.0,3.0,0.0,1.0
科技,0.0,57.0,0.0,1.0
21.66,0.0,3.0,0.0,1.0
4685,0.0,3.0,0.0,1.0
附件,0.0,9.0,0.0,1.0
仅为,0.0,3.0,0.0,1.0
可谓,0.0,3.0,0.0,1.0
持,0.0,3.0,0.0,1.0
全体成员,0.0,3.0,0.0,1.0
机构,0.0,9.0,0.0,1.0
更好,0.0,3.0,0.0,1.0
U513P955DT20170614192130,0.0,3.0,0.0,1.0
可补回,0.0,3.0,0.0,1.0
26.63,0.0,6.0,0.0,1.0
紧随,0.0,3.0,0.0,1.0
京东,0.0,15.0,0.0,1.0
展示,0.0,3.0,0.0,1.0
前天,0.0,6.0,0.0,1.0
不仅仅,0.0,3.0,0.0,1.0
30,0.0,18.0,0.0,1.0
而且,0.0,9.0,0.0,1.0
平台,0.0,30.0,0.0,1.0
每年,0.0,12.0,0.0,1.0
223,0.0,3.0,0.0,1.0
建设,0.0,3.0,0.0,1.0
包括,0.0,18.0,0.0,1.0
caijing,0.0,3.0,0.0,1.0
之初,0.0,3.0,0.0,1.0
在内,0.0,12.0,0.0,1.0
将,0.0,72.0,0.0,1.0
处地,0.0,3.0,0.0,1.0
外界,0.0,6.0,0.0,1.0
研习营,0.0,3.0,0.0,1.0
诠释,0.0,3.0,0.0,1.0
公司章程,0.0,3.0,0.0,1.0
启程,0.0,6.0,0.0,1.0
2844400,0.0,3.0,0.0,1.0
(,0.0,57.0,0.0,1.0
4.35,0.0,24.0,0.0,1.0
明晟,0.0,3.0,0.0,1.0
在于,0.0,3.0,0.0,1.0
亲传,0.0,6.0,0.0,1.0
（,0.0,99.0,0.0,1.0
5198e4f21e4b,0.0,3.0,0.0,1.0
美食,0.0,24.0,0.0,1.0
细微,0.0,3.0,0.0,1.0
更,0.0,30.0,0.0,1.0
1,0.0,39.0,0.0,1.0
表示,0.0,48.0,0.0,1.0
残留,0.0,3.0,0.0,1.0
猜测,0.0,3.0,0.0,1.0
以烟,0.0,3.0,0.0,1.0
之妙,0.0,3.0,0.0,1.0
以及,0.0,18.0,0.0,1.0
直到,0.0,3.0,0.0,1.0
控人,0.0,3.0,0.0,1.0
作用,0.0,3.0,0.0,1.0
人们,0.0,12.0,0.0,1.0
商品价格,0.0,3.0,0.0,1.0
对待,0.0,3.0,0.0,1.0
喝,0.0,3.0,0.0,1.0
14,0.0,3.0,0.0,1.0
将侧,0.0,3.0,0.0,1.0
材料,0.0,3.0,0.0,1.0
巨头,0.0,9.0,0.0,1.0
本次,0.0,18.0,0.0,1.0
工作人员,0.0,3.0,0.0,1.0
从不,0.0,3.0,0.0,1.0
易购,0.0,24.0,0.0,1.0
任务,0.0,3.0,0.0,1.0
小时,0.0,3.0,0.0,1.0
不再,0.0,3.0,0.0,1.0
进行,0.0,21.0,0.0,1.0
88,0.0,3.0,0.0,1.0
数据分析,0.0,3.0,0.0,1.0
拟以,0.0,6.0,0.0,1.0
礼品,0.0,3.0,0.0,1.0
揣着,0.0,3.0,0.0,1.0
小天鹅,0.0,3.0,0.0,1.0
全新,0.0,6.0,0.0,1.0
疑为,0.0,3.0,0.0,1.0
智能家居,0.0,21.0,0.0,1.0
共,0.0,3.0,0.0,1.0
-,0.0,126.0,0.0,1.0
三年,0.0,9.0,0.0,1.0
四年,0.0,3.0,0.0,1.0
粉丝,0.0,81.0,0.0,1.0
度,0.0,3.0,0.0,1.0
厨卫,0.0,9.0,0.0,1.0
贴心,0.0,6.0,0.0,1.0
看,0.0,9.0,0.0,1.0
记录,0.0,3.0,0.0,1.0
合作,0.0,66.0,0.0,1.0
左右,0.0,12.0,0.0,1.0
img,0.0,3.0,0.0,1.0
1.078,0.0,18.0,0.0,1.0
屡,0.0,3.0,0.0,1.0
高管会,0.0,3.0,0.0,1.0
提升,0.0,27.0,0.0,1.0
异,0.0,3.0,0.0,1.0
探索,0.0,9.0,0.0,1.0
不得而知,0.0,3.0,0.0,1.0
