多头,0.0,18.0,0.0,1.0
链接,0.0,3.0,0.0,1.0
广度,6.0,0.0,1.0,0.0
钛白,0.0,6.0,0.0,1.0
快报,0.0,6.0,0.0,1.0
软件,0.0,3.0,0.0,1.0
兰州,0.0,24.0,0.0,1.0
会,9.0,33.0,0.21428571428571427,0.7857142857142857
5.68,0.0,3.0,0.0,1.0
8315.1415,0.0,6.0,0.0,1.0
三聚,0.0,201.0,0.0,1.0
千元,0.0,3.0,0.0,1.0
含税,0.0,3.0,0.0,1.0
2.7521,0.0,3.0,0.0,1.0
新气象,9.0,3.0,0.75,0.25
1.75,0.0,3.0,0.0,1.0
卖场,0.0,3.0,0.0,1.0
3113.4913,0.0,3.0,0.0,1.0
展示中心,0.0,3.0,0.0,1.0
88,0.0,15.0,0.0,1.0
30326.83,0.0,3.0,0.0,1.0
600599,0.0,6.0,0.0,1.0
大兴,3.0,9.0,0.25,0.75
开幕,0.0,3.0,0.0,1.0
华夏,3.0,9.0,0.25,0.75
2.3016,0.0,3.0,0.0,1.0
以前,0.0,6.0,0.0,1.0
奥莱,0.0,3.0,0.0,1.0
出具,0.0,3.0,0.0,1.0
上海浦东,0.0,6.0,0.0,1.0
合百,0.0,12.0,0.0,1.0
破解,6.0,0.0,1.0,0.0
4138.2938,0.0,3.0,0.0,1.0
0.407,0.0,3.0,0.0,1.0
屋面,0.0,3.0,0.0,1.0
停止,12.0,0.0,1.0,0.0
检测,0.0,3.0,0.0,1.0
证书,0.0,6.0,0.0,1.0
同仁医院,3.0,0.0,1.0,0.0
融入,0.0,3.0,0.0,1.0
840.90600861,0.0,12.0,0.0,1.0
5.272,0.0,3.0,0.0,1.0
百货,6.0,219.0,0.02666666666666667,0.9733333333333334
私有化,0.0,12.0,0.0,1.0
筹资,3.0,0.0,1.0,0.0
否则,0.0,3.0,0.0,1.0
370.90600868,0.0,12.0,0.0,1.0
农产品,0.0,6.0,0.0,1.0
上柴,0.0,9.0,0.0,1.0
商标权,0.0,3.0,0.0,1.0
3.009,0.0,3.0,0.0,1.0
0.459,0.0,3.0,0.0,1.0
华侨,0.0,3.0,0.0,1.0
1.481,0.0,3.0,0.0,1.0
竣工,0.0,3.0,0.0,1.0
烽火,0.0,6.0,0.0,1.0
600758,0.0,3.0,0.0,1.0
不要,0.0,9.0,0.0,1.0
1.1312,0.0,3.0,0.0,1.0
0.4058,0.0,3.0,0.0,1.0
603268,0.0,3.0,0.0,1.0
1.701,0.0,3.0,0.0,1.0
震荡,0.0,48.0,0.0,1.0
大悦,18.0,6.0,0.75,0.25
763,0.0,6.0,0.0,1.0
2.8810,0.0,3.0,0.0,1.0
600764,0.0,12.0,0.0,1.0
金额,0.0,12.0,0.0,1.0
产值,0.0,3.0,0.0,1.0
點,0.0,6.0,0.0,1.0
流通股东,0.0,132.0,0.0,1.0
3.35,0.0,3.0,0.0,1.0
8.31,0.0,3.0,0.0,1.0
三是,0.0,12.0,0.0,1.0
010.90601898,0.0,3.0,0.0,1.0
600362,0.0,6.0,0.0,1.0
130,0.0,6.0,0.0,1.0
270.61000890,0.0,3.0,0.0,1.0
9919300015,0.0,6.0,0.0,1.0
841.00,0.0,3.0,0.0,1.0
选,0.0,3.0,0.0,1.0
确权,0.0,3.0,0.0,1.0
华发,0.0,3.0,0.0,1.0
另一家,9.0,3.0,0.75,0.25
旗帜,0.0,3.0,0.0,1.0
简单,6.0,0.0,1.0,0.0
允许,3.0,0.0,1.0,0.0
参与,0.0,12.0,0.0,1.0
5.17,0.0,3.0,0.0,1.0
号楼,0.0,6.0,0.0,1.0
宣布,0.0,9.0,0.0,1.0
分,0.0,87.0,0.0,1.0
中央,0.0,6.0,0.0,1.0
下滑,0.0,18.0,0.0,1.0
285.865,0.0,3.0,0.0,1.0
年均,9.0,165.0,0.05172413793103448,0.9482758620689655
641.43600861,0.0,6.0,0.0,1.0
占据,0.0,9.0,0.0,1.0
3.4812,0.0,3.0,0.0,1.0
南京港,0.0,6.0,0.0,1.0
康盛,0.0,12.0,0.0,1.0
页,0.0,33.0,0.0,1.0
云南白药,0.0,3.0,0.0,1.0
603123,0.0,3.0,0.0,1.0
1000,0.0,6.0,0.0,1.0
37.00,0.0,6.0,0.0,1.0
‘,0.0,39.0,0.0,1.0
有线,0.0,6.0,0.0,1.0
决议,0.0,12.0,0.0,1.0
所在,0.0,3.0,0.0,1.0
家家,0.0,6.0,0.0,1.0
0.7611,0.0,3.0,0.0,1.0
股份有限,0.0,3.0,0.0,1.0
万里,0.0,6.0,0.0,1.0
牡,0.0,3.0,0.0,1.0
784.47,0.0,3.0,0.0,1.0
14,0.0,27.0,0.0,1.0
600266,0.0,18.0,0.0,1.0
这不前,0.0,3.0,0.0,1.0
担保,0.0,3.0,0.0,1.0
1.58,0.0,3.0,0.0,1.0
四是,0.0,3.0,0.0,1.0
0.660,0.0,3.0,0.0,1.0
涨停,0.0,48.0,0.0,1.0
000926,0.0,3.0,0.0,1.0
好,0.0,36.0,0.0,1.0
100,0.0,66.0,0.0,1.0
资料,0.0,9.0,0.0,1.0
800.000,0.0,3.0,0.0,1.0
急,0.0,3.0,0.0,1.0
收回,0.0,12.0,0.0,1.0
高出,0.0,3.0,0.0,1.0
季报,0.0,126.0,0.0,1.0
讲解,0.0,3.0,0.0,1.0
我,3.0,27.0,0.1,0.9
1419000776,0.0,3.0,0.0,1.0
注入,0.0,33.0,0.0,1.0
每次,0.0,3.0,0.0,1.0
个人所得税,3.0,0.0,1.0,0.0
分析,0.0,9.0,0.0,1.0
33,0.0,3.0,0.0,1.0
公顷,0.0,6.0,0.0,1.0
门道,0.0,6.0,0.0,1.0
老凤祥,0.0,12.0,0.0,1.0
38.01,0.0,15.0,0.0,1.0
现有,0.0,12.0,0.0,1.0
布局,0.0,24.0,0.0,1.0
要闻,0.0,3.0,0.0,1.0
宗申,0.0,3.0,0.0,1.0
科技园,0.0,3.0,0.0,1.0
举办,0.0,3.0,0.0,1.0
蓝靛,0.0,3.0,0.0,1.0
45,0.0,3.0,0.0,1.0
店,9.0,3.0,0.75,0.25
金控,0.0,12.0,0.0,1.0
这样,0.0,9.0,0.0,1.0
生产,0.0,3.0,0.0,1.0
改善,0.0,3.0,0.0,1.0
70,0.0,15.0,0.0,1.0
磁体,0.0,6.0,0.0,1.0
鄂,0.0,129.0,0.0,1.0
用地,12.0,204.0,0.05555555555555555,0.9444444444444444
2120,0.0,3.0,0.0,1.0
程序,0.0,3.0,0.0,1.0
选入,0.0,6.0,0.0,1.0
为准,0.0,6.0,0.0,1.0
锗,0.0,3.0,0.0,1.0
414.00,0.0,3.0,0.0,1.0
协议,0.0,21.0,0.0,1.0
903913,0.0,6.0,0.0,1.0
此票,0.0,18.0,0.0,1.0
600856,0.0,12.0,0.0,1.0
stcn,0.0,3.0,0.0,1.0
万达,0.0,3.0,0.0,1.0
上,3.0,108.0,0.02702702702702703,0.972972972972973
0.32,0.0,3.0,0.0,1.0
编号,0.0,6.0,0.0,1.0
171.003,0.0,3.0,0.0,1.0
村为,3.0,0.0,1.0,0.0
3.0,0.0,3.0,0.0,1.0
锌,0.0,3.0,0.0,1.0
现场会议,0.0,3.0,0.0,1.0
开,0.0,12.0,0.0,1.0
公司债,0.0,3.0,0.0,1.0
贸易,0.0,36.0,0.0,1.0
【,0.0,48.0,0.0,1.0
此外,0.0,12.0,0.0,1.0
T,0.0,3.0,0.0,1.0
限期,6.0,0.0,1.0,0.0
行,0.0,15.0,0.0,1.0
2016,6.0,309.0,0.01904761904761905,0.9809523809523809
2911.6011,0.0,3.0,0.0,1.0
相比,0.0,9.0,0.0,1.0
很多,0.0,9.0,0.0,1.0
吗,6.0,18.0,0.25,0.75
yc20170420A06,0.0,3.0,0.0,1.0
蔡奇,9.0,123.0,0.06818181818181818,0.9318181818181818
选择,0.0,5.0,0.0,1.0
1.81,0.0,3.0,0.0,1.0
其中,9.0,264.0,0.03296703296703297,0.967032967032967
破天荒,0.0,3.0,0.0,1.0
提至,0.0,3.0,0.0,1.0
正,0.0,15.0,0.0,1.0
掌管,0.0,15.0,0.0,1.0
现状,0.0,3.0,0.0,1.0
留言,0.0,3.0,0.0,1.0
考虑,0.0,24.0,0.0,1.0
万平,0.0,9.0,0.0,1.0
雄安,96.0,33.0,0.7441860465116279,0.2558139534883721
离开,0.0,3.0,0.0,1.0
单位,0.0,18.0,0.0,1.0
城乡居民,0.0,18.0,0.0,1.0
破年线,0.0,18.0,0.0,1.0
始于,0.0,3.0,0.0,1.0
乡,6.0,3.0,0.6666666666666666,0.3333333333333333
2017,18.0,291.0,0.05825242718446602,0.941747572815534
4.17,0.0,3.0,0.0,1.0
03,3.0,3.0,0.5,0.5
总,0.0,21.0,0.0,1.0
线,0.0,15.0,0.0,1.0
混合,0.0,21.0,0.0,1.0
条,6.0,3.0,0.6666666666666666,0.3333333333333333
乐凯,9.0,0.0,1.0,0.0
牛肉,0.0,3.0,0.0,1.0
新龙头,27.0,0.0,1.0,0.0
员工,0.0,24.0,0.0,1.0
078.028,0.0,6.0,0.0,1.0
鲁商,0.0,3.0,0.0,1.0
解析,0.0,3.0,0.0,1.0
海利,0.0,9.0,0.0,1.0
5.81,0.0,3.0,0.0,1.0
厦华,0.0,12.0,0.0,1.0
214,0.0,6.0,0.0,1.0
97,0.0,3.0,0.0,1.0
+,0.0,66.0,0.0,1.0
罗顿,0.0,3.0,0.0,1.0
600418,0.0,3.0,0.0,1.0
一家人,18.0,0.0,1.0,0.0
毛利率,0.0,6.0,0.0,1.0
后续,0.0,15.0,0.0,1.0
安康,0.0,3.0,0.0,1.0
640.83600861,0.0,3.0,0.0,1.0
600869,0.0,9.0,0.0,1.0
恒锋,0.0,6.0,0.0,1.0
7.040,0.0,6.0,0.0,1.0
5.91,0.0,3.0,0.0,1.0
天,0.0,30.0,0.0,1.0
4.04,0.0,6.0,0.0,1.0
11.00,0.0,3.0,0.0,1.0
1992.1131,0.0,3.0,0.0,1.0
2.671,0.0,3.0,0.0,1.0
告示,6.0,0.0,1.0,0.0
-,54.0,1347.0,0.03854389721627409,0.961456102783726
拥有,0.0,33.0,0.0,1.0
最低,0.0,3.0,0.0,1.0
汉商,0.0,42.0,0.0,1.0
负责,0.0,3.0,0.0,1.0
；,0.0,666.0,0.0,1.0
渝,0.0,3.0,0.0,1.0
451.80000628,0.0,3.0,0.0,1.0
000.959600872,0.0,3.0,0.0,1.0
发布公告,0.0,15.0,0.0,1.0
巩固,0.0,3.0,0.0,1.0
面包,0.0,3.0,0.0,1.0
式,0.0,3.0,0.0,1.0
提速,0.0,24.0,0.0,1.0
保,0.0,3.0,0.0,1.0
淡水,0.0,3.0,0.0,1.0
603616,0.0,6.0,0.0,1.0
20170420,0.0,3.0,0.0,1.0
资产重组,0.0,45.0,0.0,1.0
秘密,21.0,3.0,0.875,0.125
核查,0.0,3.0,0.0,1.0
000050,0.0,3.0,0.0,1.0
参加,0.0,9.0,0.0,1.0
龙头企业,6.0,12.0,0.3333333333333333,0.6666666666666666
韩建,0.0,6.0,0.0,1.0
3.810,0.0,3.0,0.0,1.0
躺,0.0,3.0,0.0,1.0
中百,0.0,108.0,0.0,1.0
铜陵,0.0,12.0,0.0,1.0
西藏,0.0,6.0,0.0,1.0
月,18.0,150.0,0.10714285714285714,0.8928571428571429
659,0.0,9.0,0.0,1.0
华润,0.0,6.0,0.0,1.0
25.61,0.0,3.0,0.0,1.0
西部,0.0,12.0,0.0,1.0
公司,0.0,489.0,0.0,1.0
000.000,0.0,15.0,0.0,1.0
北方,0.0,6.0,0.0,1.0
600833,0.0,96.0,0.0,1.0
风险,3.0,6.0,0.3333333333333333,0.6666666666666666
沈,0.0,3.0,0.0,1.0
一度,0.0,6.0,0.0,1.0
利民,0.0,3.0,0.0,1.0
露笑,0.0,3.0,0.0,1.0
张江,0.0,3.0,0.0,1.0
并存,0.0,3.0,0.0,1.0
崭新,0.0,3.0,0.0,1.0
000028,0.0,3.0,0.0,1.0
座谈会,0.0,12.0,0.0,1.0
0.69,0.0,6.0,0.0,1.0
福成,0.0,3.0,0.0,1.0
0.710,0.0,3.0,0.0,1.0
估计,0.0,9.0,0.0,1.0
潜伏,0.0,3.0,0.0,1.0
210.34300194,0.0,3.0,0.0,1.0
全市,9.0,168.0,0.05084745762711865,0.9491525423728814
602.26,0.0,3.0,0.0,1.0
mmbiz,0.0,12.0,0.0,1.0
材料,0.0,18.0,0.0,1.0
0.4513,0.0,3.0,0.0,1.0
起,0.0,6.0,0.0,1.0
PE,0.0,6.0,0.0,1.0
性,0.0,3.0,0.0,1.0
14.0,0.0,3.0,0.0,1.0
潜力,0.0,120.0,0.0,1.0
按此,0.0,3.0,0.0,1.0
客流,0.0,3.0,0.0,1.0
0.2437,0.0,3.0,0.0,1.0
重仓股,0.0,78.0,0.0,1.0
佳创,0.0,3.0,0.0,1.0
差距,6.0,0.0,1.0,0.0
总额,0.0,3.0,0.0,1.0
33.49,0.0,3.0,0.0,1.0
262,0.0,3.0,0.0,1.0
净资产,0.0,15.0,0.0,1.0
阿,0.0,21.0,0.0,1.0
以长情,0.0,12.0,0.0,1.0
钢构,0.0,27.0,0.0,1.0
长期,3.0,0.0,1.0,0.0
010.3434,0.0,3.0,0.0,1.0
注,0.0,18.0,0.0,1.0
也样,0.0,3.0,0.0,1.0
悦达,0.0,6.0,0.0,1.0
国有企业,0.0,3.0,0.0,1.0
184.002,0.0,3.0,0.0,1.0
7,6.0,21.0,0.2222222222222222,0.7777777777777778
利润总额,0.0,3.0,0.0,1.0
增仓,0.0,9.0,0.0,1.0
改股,0.0,3.0,0.0,1.0
0.27106,0.0,3.0,0.0,1.0
园,0.0,3.0,0.0,1.0
08600861,0.0,3.0,0.0,1.0
真的,0.0,3.0,0.0,1.0
测算,0.0,6.0,0.0,1.0
品,0.0,3.0,0.0,1.0
470.2726,0.0,3.0,0.0,1.0
951,0.0,6.0,0.0,1.0
及国改,0.0,6.0,0.0,1.0
排名,0.0,3.0,0.0,1.0
设备,3.0,3.0,0.5,0.5
两只,0.0,30.0,0.0,1.0
田,0.0,3.0,0.0,1.0
600819,0.0,3.0,0.0,1.0
16411,0.0,12.0,0.0,1.0
看中,0.0,6.0,0.0,1.0
纺机,0.0,15.0,0.0,1.0
一路,0.0,12.0,0.0,1.0
利好,0.0,9.0,0.0,1.0
600,0.0,6.0,0.0,1.0
公布,0.0,9.0,0.0,1.0
城乡,298.0,2912.0,0.09283489096573208,0.907165109034268
质地,0.0,6.0,0.0,1.0
712,0.0,3.0,0.0,1.0
1410,0.0,6.0,0.0,1.0
完工,0.0,3.0,0.0,1.0
002743,0.0,6.0,0.0,1.0
单季,0.0,3.0,0.0,1.0
产生,3.0,3.0,0.5,0.5
4200,3.0,0.0,1.0,0.0
日上,0.0,3.0,0.0,1.0
0.58,0.0,6.0,0.0,1.0
00048,0.0,12.0,0.0,1.0
用电,0.0,3.0,0.0,1.0
住房面积,0.0,3.0,0.0,1.0
13.42,0.0,3.0,0.0,1.0
创投,0.0,9.0,0.0,1.0
磁卡,0.0,9.0,0.0,1.0
除首商,0.0,9.0,0.0,1.0
B2,0.0,3.0,0.0,1.0
分行,0.0,3.0,0.0,1.0
巨化,0.0,3.0,0.0,1.0
批零,0.0,9.0,0.0,1.0
高速,0.0,9.0,0.0,1.0
id,0.0,36.0,0.0,1.0
22.44,0.0,3.0,0.0,1.0
盈利,0.0,27.0,0.0,1.0
0.29,0.0,3.0,0.0,1.0
身份,0.0,3.0,0.0,1.0
一,3.0,36.0,0.07692307692307693,0.9230769230769231
重庆,0.0,21.0,0.0,1.0
保持,0.0,3.0,0.0,1.0
投资,9.0,465.0,0.0189873417721519,0.9810126582278481
585,0.0,3.0,0.0,1.0
电广,0.0,33.0,0.0,1.0
溢价,0.0,9.0,0.0,1.0
昌平县,0.0,3.0,0.0,1.0
51,0.0,3.0,0.0,1.0
520,0.0,6.0,0.0,1.0
日讯,0.0,6.0,0.0,1.0
ST,0.0,54.0,0.0,1.0
0.0958,0.0,3.0,0.0,1.0
1.08,0.0,3.0,0.0,1.0
850.88600847,0.0,3.0,0.0,1.0
股权,0.0,159.0,0.0,1.0
（,6.0,1197.0,0.004987531172069825,0.9950124688279302
按,0.0,45.0,0.0,1.0
和,24.0,1014.0,0.023121387283236993,0.976878612716763
参考,0.0,3.0,0.0,1.0
2.261,0.0,3.0,0.0,1.0
13.28,0.0,15.0,0.0,1.0
3000,0.0,6.0,0.0,1.0
独有,0.0,6.0,0.0,1.0
980.53300021,0.0,3.0,0.0,1.0
603020,0.0,3.0,0.0,1.0
坚强,0.0,9.0,0.0,1.0
15.62,0.0,6.0,0.0,1.0
1,9.0,261.0,0.03333333333333333,0.9666666666666667
587.702,0.0,6.0,0.0,1.0
标的,0.0,24.0,0.0,1.0
000540,0.0,3.0,0.0,1.0
附近,0.0,3.0,0.0,1.0
点击,0.0,6.0,0.0,1.0
节水,0.0,6.0,0.0,1.0
2.85002788,0.0,3.0,0.0,1.0
所持,0.0,3.0,0.0,1.0
空,0.0,6.0,0.0,1.0
女,0.0,3.0,0.0,1.0
病变,3.0,0.0,1.0,0.0
本地,0.0,3.0,0.0,1.0
向,3.0,6.0,0.3333333333333333,0.6666666666666666
296.00,0.0,3.0,0.0,1.0
8615.2715,0.0,3.0,0.0,1.0
味业,0.0,3.0,0.0,1.0
1800,0.0,12.0,0.0,1.0
0610.5010,0.0,3.0,0.0,1.0
家庙,0.0,9.0,0.0,1.0
低成本,0.0,60.0,0.0,1.0
环渤海,6.0,0.0,1.0,0.0
编辑,3.0,6.0,0.3333333333333333,0.6666666666666666
970.06600861,0.0,3.0,0.0,1.0
披露,0.0,138.0,0.0,1.0
着,0.0,24.0,0.0,1.0
8.32,0.0,3.0,0.0,1.0
38,3.0,3.0,0.5,0.5
0115.5315,0.0,3.0,0.0,1.0
食品饮料,0.0,3.0,0.0,1.0
四川,0.0,12.0,0.0,1.0
002654,0.0,3.0,0.0,1.0
002144,0.0,3.0,0.0,1.0
划归,0.0,3.0,0.0,1.0
华邦颖泰,0.0,3.0,0.0,1.0
追高,0.0,3.0,0.0,1.0
四大,0.0,9.0,0.0,1.0
600866,0.0,15.0,0.0,1.0
该,6.0,3.0,0.6666666666666666,0.3333333333333333
200,0.0,27.0,0.0,1.0
北青报,6.0,0.0,1.0,0.0
打通,0.0,15.0,0.0,1.0
打压,0.0,3.0,0.0,1.0
结束,0.0,9.0,0.0,1.0
母,0.0,3.0,0.0,1.0
加盖,6.0,0.0,1.0,0.0
统计,0.0,96.0,0.0,1.0
人乐,0.0,3.0,0.0,1.0
一下,0.0,12.0,0.0,1.0
资源优势,0.0,6.0,0.0,1.0
高纤,0.0,3.0,0.0,1.0
00,0.0,42.0,0.0,1.0
年初,0.0,15.0,0.0,1.0
3.038,0.0,3.0,0.0,1.0
房地产,0.0,6.0,0.0,1.0
小翠,0.0,6.0,0.0,1.0
给,0.0,12.0,0.0,1.0
回应,6.0,0.0,1.0,0.0
长城汽车,0.0,6.0,0.0,1.0
增加,3.0,30.0,0.09090909090909091,0.9090909090909091
立足,0.0,51.0,0.0,1.0
600848,0.0,9.0,0.0,1.0
开盘,0.0,3.0,0.0,1.0
能源,0.0,102.0,0.0,1.0
但,0.0,24.0,0.0,1.0
720.00,0.0,3.0,0.0,1.0
发生额,3.0,0.0,1.0,0.0
回顾,0.0,6.0,0.0,1.0
次,0.0,24.0,0.0,1.0
方案,0.0,9.0,0.0,1.0
可能,9.0,27.0,0.25,0.75
.,6.0,1653.0,0.003616636528028933,0.9963833634719711
多元化,0.0,6.0,0.0,1.0
1.190,0.0,3.0,0.0,1.0
精选,0.0,27.0,0.0,1.0
强烈,0.0,6.0,0.0,1.0
091,0.0,3.0,0.0,1.0
③,0.0,24.0,0.0,1.0
景气,0.0,6.0,0.0,1.0
3Q,0.0,3.0,0.0,1.0
解百,0.0,21.0,0.0,1.0
829.449,0.0,3.0,0.0,1.0
134,0.0,6.0,0.0,1.0
0.56,0.0,3.0,0.0,1.0
各省市,0.0,3.0,0.0,1.0
希,0.0,3.0,0.0,1.0
601588,0.0,18.0,0.0,1.0
0.7312,0.0,3.0,0.0,1.0
446.286,0.0,3.0,0.0,1.0
瓶颈,6.0,15.0,0.2857142857142857,0.7142857142857143
速,0.0,3.0,0.0,1.0
39.40,0.0,6.0,0.0,1.0
波及,9.0,0.0,1.0,0.0
市政府,0.0,3.0,0.0,1.0
310.82600986,0.0,3.0,0.0,1.0
期内,0.0,9.0,0.0,1.0
奉献,0.0,3.0,0.0,1.0
办公室,0.0,3.0,0.0,1.0
002120,0.0,3.0,0.0,1.0
一切,0.0,6.0,0.0,1.0
2.140,0.0,3.0,0.0,1.0
广州,0.0,39.0,0.0,1.0
格上,0.0,147.0,0.0,1.0
1.49,0.0,3.0,0.0,1.0
粤港澳,0.0,3.0,0.0,1.0
证券化,0.0,9.0,0.0,1.0
同样,3.0,0.0,1.0,0.0
美股,0.0,12.0,0.0,1.0
4812600861,0.0,3.0,0.0,1.0
600855,0.0,15.0,0.0,1.0
人大,0.0,3.0,0.0,1.0
736,0.0,3.0,0.0,1.0
季度,0.0,6.0,0.0,1.0
生化,0.0,6.0,0.0,1.0
拟以,0.0,27.0,0.0,1.0
半年线,0.0,3.0,0.0,1.0
一线,6.0,0.0,1.0,0.0
597,0.0,6.0,0.0,1.0
第九,0.0,30.0,0.0,1.0
5034.1234,0.0,3.0,0.0,1.0
海,0.0,12.0,0.0,1.0
最大,0.0,6.0,0.0,1.0
943.0,0.0,3.0,0.0,1.0
电器,0.0,3.0,0.0,1.0
９,3.0,0.0,1.0,0.0
020.91600305,0.0,3.0,0.0,1.0
拆除,12.0,0.0,1.0,0.0
左右,0.0,42.0,0.0,1.0
构成,0.0,12.0,0.0,1.0
起来,0.0,3.0,0.0,1.0
值得,0.0,30.0,0.0,1.0
加油,9.0,0.0,1.0,0.0
普遍,0.0,18.0,0.0,1.0
三网,0.0,3.0,0.0,1.0
城管,12.0,0.0,1.0,0.0
292,0.0,369.0,0.0,1.0
水厂,1.0,0.0,1.0,0.0
故意,0.0,3.0,0.0,1.0
黑,0.0,3.0,0.0,1.0
低档,0.0,3.0,0.0,1.0
323.35000633,0.0,3.0,0.0,1.0
房屋,0.0,12.0,0.0,1.0
商改,12.0,0.0,1.0,0.0
枪,0.0,3.0,0.0,1.0
再,0.0,36.0,0.0,1.0
不是,0.0,9.0,0.0,1.0
业绩,0.0,63.0,0.0,1.0
深度,6.0,51.0,0.10526315789473684,0.8947368421052632
华域,0.0,18.0,0.0,1.0
宝硕,0.0,3.0,0.0,1.0
21.31,0.0,3.0,0.0,1.0
新中基,0.0,3.0,0.0,1.0
沃鑫,0.0,3.0,0.0,1.0
燃气,0.0,3.0,0.0,1.0
打仗,3.0,0.0,1.0,0.0
一八,3.0,0.0,1.0,0.0
175,0.0,3.0,0.0,1.0
古越,0.0,3.0,0.0,1.0
觉得,0.0,6.0,0.0,1.0
领导者,0.0,12.0,0.0,1.0
000785,0.0,3.0,0.0,1.0
散户,0.0,3.0,0.0,1.0
9515.3315,0.0,3.0,0.0,1.0
金王,0.0,24.0,0.0,1.0
的话,0.0,12.0,0.0,1.0
区间,0.0,12.0,0.0,1.0
一定,0.0,6.0,0.0,1.0
900.32603288,0.0,3.0,0.0,1.0
1.59,0.0,9.0,0.0,1.0
为宜,0.0,99.0,0.0,1.0
衔接,0.0,6.0,0.0,1.0
3.093,0.0,3.0,0.0,1.0
调后,0.0,9.0,0.0,1.0
文峰,0.0,3.0,0.0,1.0
复牌,0.0,6.0,0.0,1.0
涨跌幅,0.0,6.0,0.0,1.0
1.390,0.0,6.0,0.0,1.0
华懋,0.0,6.0,0.0,1.0
990.57600266,0.0,3.0,0.0,1.0
0.930,0.0,3.0,0.0,1.0
000671,0.0,3.0,0.0,1.0
561.01002147,0.0,3.0,0.0,1.0
逐步,1.0,0.0,1.0,0.0
0.80,0.0,3.0,0.0,1.0
大型,0.0,6.0,0.0,1.0
甲,0.0,3.0,0.0,1.0
0.901,0.0,3.0,0.0,1.0
990.87600106,0.0,12.0,0.0,1.0
所致,6.0,0.0,1.0,0.0
显示,0.0,210.0,0.0,1.0
痴人说梦,0.0,9.0,0.0,1.0
0.45,0.0,6.0,0.0,1.0
呢,0.0,90.0,0.0,1.0
无非,0.0,3.0,0.0,1.0
436.726,0.0,3.0,0.0,1.0
桃李,0.0,3.0,0.0,1.0
东方,3.0,30.0,0.09090909090909091,0.9090909090909091
永鼎,0.0,3.0,0.0,1.0
骆驼,0.0,6.0,0.0,1.0
1.23,0.0,3.0,0.0,1.0
现代,0.0,3.0,0.0,1.0
2.11,0.0,3.0,0.0,1.0
青塔店,0.0,3.0,0.0,1.0
000971,0.0,3.0,0.0,1.0
895,0.0,3.0,0.0,1.0
500,0.0,15.0,0.0,1.0
今年,0.0,15.0,0.0,1.0
990.06600548,0.0,3.0,0.0,1.0
问龙探,0.0,3.0,0.0,1.0
如,0.0,168.0,0.0,1.0
看热闹,0.0,6.0,0.0,1.0
优待,3.0,0.0,1.0,0.0
增强,0.0,12.0,0.0,1.0
铺平,0.0,9.0,0.0,1.0
150.22,0.0,3.0,0.0,1.0
约,0.0,18.0,0.0,1.0
实行,0.0,30.0,0.0,1.0
700.002,0.0,3.0,0.0,1.0
笼罩着,0.0,3.0,0.0,1.0
弱,0.0,108.0,0.0,1.0
趴着不动,0.0,9.0,0.0,1.0
未来,6.0,6.0,0.5,0.5
950.92601377,0.0,3.0,0.0,1.0
坚,0.0,6.0,0.0,1.0
借款,0.0,3.0,0.0,1.0
第一季度,0.0,3.0,0.0,1.0
7015.4015,0.0,3.0,0.0,1.0
特区,12.0,3.0,0.8,0.2
大幅,0.0,63.0,0.0,1.0
2.110,0.0,3.0,0.0,1.0
领,0.0,6.0,0.0,1.0
三处,9.0,3.0,0.75,0.25
紧跟,0.0,6.0,0.0,1.0
人员,6.0,0.0,1.0,0.0
旅为,0.0,12.0,0.0,1.0
老区,0.0,9.0,0.0,1.0
100.003,0.0,3.0,0.0,1.0
9.33,0.0,3.0,0.0,1.0
9.42601311,0.0,3.0,0.0,1.0
书记,0.0,3.0,0.0,1.0
4.070,0.0,3.0,0.0,1.0
天正,0.0,18.0,0.0,1.0
突破,0.0,15.0,0.0,1.0
0.78,0.0,3.0,0.0,1.0
92,0.0,3.0,0.0,1.0
多多,0.0,9.0,0.0,1.0
一些,0.0,3.0,0.0,1.0
2910.5010,0.0,3.0,0.0,1.0
南路,0.0,6.0,0.0,1.0
要,0.0,30.0,0.0,1.0
3.112,0.0,3.0,0.0,1.0
二层,9.0,3.0,0.75,0.25
■,0.0,3.0,0.0,1.0
较前,0.0,3.0,0.0,1.0
0.26,0.0,3.0,0.0,1.0
广深铁路,0.0,3.0,0.0,1.0
5.885,0.0,3.0,0.0,1.0
07,3.0,6.0,0.3333333333333333,0.6666666666666666
控制,0.0,99.0,0.0,1.0
梅泰诺,0.0,6.0,0.0,1.0
纪千合,0.0,3.0,0.0,1.0
缩减,0.0,3.0,0.0,1.0
2.2817,0.0,3.0,0.0,1.0
年,15.0,624.0,0.023474178403755867,0.9765258215962441
01000,0.0,3.0,0.0,1.0
立即,6.0,0.0,1.0,0.0
一区,0.0,3.0,0.0,1.0
超微,0.0,3.0,0.0,1.0
太多,0.0,3.0,0.0,1.0
使用权,0.0,3.0,0.0,1.0
选出,0.0,6.0,0.0,1.0
低吸,0.0,63.0,0.0,1.0
下个,0.0,18.0,0.0,1.0
脱胎换骨,6.0,0.0,1.0,0.0
上海石化,0.0,9.0,0.0,1.0
5615.2815,0.0,3.0,0.0,1.0
所有制,0.0,12.0,0.0,1.0
全,0.0,15.0,0.0,1.0
051,0.0,6.0,0.0,1.0
连续,0.0,9.0,0.0,1.0
洪涛,0.0,3.0,0.0,1.0
601375,0.0,3.0,0.0,1.0
14.600,0.0,12.0,0.0,1.0
工程,0.0,9.0,0.0,1.0
证券法,0.0,6.0,0.0,1.0
日常,0.0,3.0,0.0,1.0
糖尿病,3.0,0.0,1.0,0.0
零售业,0.0,18.0,0.0,1.0
值极,0.0,6.0,0.0,1.0
000.00,0.0,48.0,0.0,1.0
今晚,6.0,0.0,1.0,0.0
永辉,0.0,36.0,0.0,1.0
年薪,3.0,0.0,1.0,0.0
600894,0.0,3.0,0.0,1.0
2.091,0.0,3.0,0.0,1.0
日,15.0,99.0,0.13157894736842105,0.868421052631579
490.09,0.0,3.0,0.0,1.0
农业,6.0,114.0,0.05,0.95
诸多,0.0,3.0,0.0,1.0
哈投,0.0,57.0,0.0,1.0
0.22,0.0,3.0,0.0,1.0
持续,6.0,3.0,0.6666666666666666,0.3333333333333333
雏形,0.0,12.0,0.0,1.0
1.220,0.0,3.0,0.0,1.0
多种,0.0,12.0,0.0,1.0
下个星期,0.0,9.0,0.0,1.0
申请,0.0,3.0,0.0,1.0
双雄,9.0,0.0,1.0,0.0
榆,3.0,0.0,1.0,0.0
钢研,0.0,3.0,0.0,1.0
救助,0.0,3.0,0.0,1.0
必不可少,3.0,0.0,1.0,0.0
幅增,0.0,3.0,0.0,1.0
真,0.0,9.0,0.0,1.0
离,18.0,0.0,1.0,0.0
涵盖,0.0,12.0,0.0,1.0
控人,0.0,3.0,0.0,1.0
最快,0.0,3.0,0.0,1.0
孙扣,0.0,3.0,0.0,1.0
红太阳,0.0,3.0,0.0,1.0
25018.9918,0.0,3.0,0.0,1.0
8,0.0,123.0,0.0,1.0
600784,0.0,6.0,0.0,1.0
00896,0.0,12.0,0.0,1.0
信,0.0,3.0,0.0,1.0
1.251,0.0,12.0,0.0,1.0
归母,0.0,9.0,0.0,1.0
1.46,0.0,153.0,0.0,1.0
农发,0.0,3.0,0.0,1.0
第二,0.0,3.0,0.0,1.0
阳萎,0.0,6.0,0.0,1.0
冷门,0.0,3.0,0.0,1.0
辽宁,0.0,3.0,0.0,1.0
也,36.0,57.0,0.3870967741935484,0.6129032258064516
30.97,0.0,3.0,0.0,1.0
167.557,0.0,3.0,0.0,1.0
&,0.0,60.0,0.0,1.0
海通,0.0,9.0,0.0,1.0
比较,18.0,45.0,0.2857142857142857,0.7142857142857143
0.14,0.0,6.0,0.0,1.0
审核,0.0,12.0,0.0,1.0
住房,0.0,3.0,0.0,1.0
大家,9.0,105.0,0.07894736842105263,0.9210526315789473
产权,0.0,15.0,0.0,1.0
后,1.0,45.0,0.021739130434782608,0.9782608695652174
5.94,0.0,3.0,0.0,1.0
390.3315,0.0,3.0,0.0,1.0
0010601633,0.0,3.0,0.0,1.0
4.11,9.0,0.0,1.0,0.0
0.60,0.0,3.0,0.0,1.0
1.422,0.0,3.0,0.0,1.0
就,15.0,282.0,0.050505050505050504,0.9494949494949495
保险资金,0.0,3.0,0.0,1.0
越秀,0.0,3.0,0.0,1.0
83.345,0.0,3.0,0.0,1.0
东睦,0.0,3.0,0.0,1.0
取缔,6.0,0.0,1.0,0.0
0839,0.0,3.0,0.0,1.0
得出,3.0,0.0,1.0,0.0
跳空,0.0,9.0,0.0,1.0
1418600861,0.0,3.0,0.0,1.0
1.050,0.0,3.0,0.0,1.0
地区,15.0,6.0,0.7142857142857143,0.2857142857142857
前景,0.0,9.0,0.0,1.0
商报,27.0,18.0,0.6,0.4
4.77000739,0.0,3.0,0.0,1.0
0.565,0.0,3.0,0.0,1.0
公允,0.0,9.0,0.0,1.0
民百,0.0,24.0,0.0,1.0
吸纳,0.0,3.0,0.0,1.0
调研,0.0,18.0,0.0,1.0
600774,0.0,3.0,0.0,1.0
拟,0.0,99.0,0.0,1.0
038.54,0.0,3.0,0.0,1.0
悬念,0.0,6.0,0.0,1.0
两大,0.0,3.0,0.0,1.0
折合,0.0,6.0,0.0,1.0
432.00,0.0,3.0,0.0,1.0
水平,0.0,3.0,0.0,1.0
啤酒,0.0,6.0,0.0,1.0
博士,0.0,15.0,0.0,1.0
南通,0.0,3.0,0.0,1.0
个股,0.0,459.0,0.0,1.0
十三,9.0,150.0,0.05660377358490566,0.9433962264150944
就是,27.0,12.0,0.6923076923076923,0.3076923076923077
0.87,0.0,6.0,0.0,1.0
600741,0.0,18.0,0.0,1.0
持,0.0,42.0,0.0,1.0
档,0.0,3.0,0.0,1.0
分散,0.0,3.0,0.0,1.0
351.20600969,0.0,3.0,0.0,1.0
43,0.0,3.0,0.0,1.0
4.7,9.0,0.0,1.0,0.0
股,0.0,171.0,0.0,1.0
009002450,0.0,9.0,0.0,1.0
特别,0.0,3.0,0.0,1.0
161,0.0,138.0,0.0,1.0
澄星,0.0,3.0,0.0,1.0
东,0.0,3.0,0.0,1.0
社局,0.0,3.0,0.0,1.0
0.2277,0.0,3.0,0.0,1.0
高,0.0,87.0,0.0,1.0
法律,0.0,15.0,0.0,1.0
长城,0.0,3.0,0.0,1.0
可高,0.0,66.0,0.0,1.0
定为,9.0,141.0,0.06,0.94
赚钱,6.0,0.0,1.0,0.0
6528300008,0.0,3.0,0.0,1.0
亿,0.0,48.0,0.0,1.0
有研,0.0,33.0,0.0,1.0
全面,0.0,24.0,0.0,1.0
人士,0.0,3.0,0.0,1.0
廊坊,0.0,9.0,0.0,1.0
58,0.0,6.0,0.0,1.0
高科,0.0,78.0,0.0,1.0
网络,0.0,3.0,0.0,1.0
集团,0.0,489.0,0.0,1.0
勿,0.0,3.0,0.0,1.0
16.40,0.0,3.0,0.0,1.0
大户,0.0,6.0,0.0,1.0
1.110,0.0,3.0,0.0,1.0
累计,0.0,3.0,0.0,1.0
邪性,0.0,9.0,0.0,1.0
’,0.0,33.0,0.0,1.0
002264,0.0,3.0,0.0,1.0
6.63,0.0,12.0,0.0,1.0
分是,0.0,18.0,0.0,1.0
建设,40.0,102.0,0.28169014084507044,0.7183098591549296
申贝,0.0,9.0,0.0,1.0
具有,0.0,27.0,0.0,1.0
呈现,0.0,3.0,0.0,1.0
600791,0.0,12.0,0.0,1.0
佛山,0.0,3.0,0.0,1.0
租金,0.0,3.0,0.0,1.0
茅台,0.0,3.0,0.0,1.0
简称,0.0,60.0,0.0,1.0
0.3123,0.0,3.0,0.0,1.0
走势,0.0,48.0,0.0,1.0
提出,0.0,9.0,0.0,1.0
300008,0.0,3.0,0.0,1.0
发电,0.0,3.0,0.0,1.0
吓了一跳,3.0,0.0,1.0,0.0
银,0.0,3.0,0.0,1.0
0.440,0.0,3.0,0.0,1.0
5215.3415,0.0,3.0,0.0,1.0
4215.4015,0.0,3.0,0.0,1.0
诧异,0.0,3.0,0.0,1.0
相关,6.0,57.0,0.09523809523809523,0.9047619047619048
1.175,0.0,3.0,0.0,1.0
审议,0.0,6.0,0.0,1.0
637,0.0,3.0,0.0,1.0
分红,0.0,6.0,0.0,1.0
基数,0.0,3.0,0.0,1.0
前提,0.0,3.0,0.0,1.0
3.81000665,0.0,3.0,0.0,1.0
0.00,0.0,84.0,0.0,1.0
并,6.0,195.0,0.029850746268656716,0.9701492537313433
哪里,0.0,3.0,0.0,1.0
用选,0.0,3.0,0.0,1.0
000560,0.0,3.0,0.0,1.0
A000023,0.0,12.0,0.0,1.0
看点,0.0,3.0,0.0,1.0
600258,0.0,51.0,0.0,1.0
不敢,6.0,0.0,1.0,0.0
合作,0.0,39.0,0.0,1.0
元到,0.0,3.0,0.0,1.0
夹,0.0,18.0,0.0,1.0
新区,18.0,21.0,0.46153846153846156,0.5384615384615384
40,0.0,6.0,0.0,1.0
影响,3.0,9.0,0.25,0.75
环能,0.0,3.0,0.0,1.0
19.36,0.0,3.0,0.0,1.0
有限公司,9.0,180.0,0.047619047619047616,0.9523809523809523
9420.1320,0.0,3.0,0.0,1.0
方大,0.0,12.0,0.0,1.0
数倍,0.0,3.0,0.0,1.0
偏低,0.0,3.0,0.0,1.0
谨慎,0.0,81.0,0.0,1.0
置业,0.0,39.0,0.0,1.0
',9.0,9.0,0.5,0.5
过来,0.0,3.0,0.0,1.0
广东,3.0,12.0,0.2,0.8
入市,3.0,0.0,1.0,0.0
的,130.0,1814.0,0.0668724279835391,0.9331275720164609
112.642014,0.0,3.0,0.0,1.0
府,0.0,3.0,0.0,1.0
万寿路,0.0,3.0,0.0,1.0
外延,0.0,18.0,0.0,1.0
1014.2214,0.0,3.0,0.0,1.0
180,0.0,138.0,0.0,1.0
养老,6.0,0.0,1.0,0.0
73,0.0,3.0,0.0,1.0
0115.4715,0.0,3.0,0.0,1.0
出租,0.0,36.0,0.0,1.0
旗下,0.0,495.0,0.0,1.0
交投,0.0,9.0,0.0,1.0
商贸,0.0,27.0,0.0,1.0
场景,0.0,6.0,0.0,1.0
煤炭,0.0,3.0,0.0,1.0
一直,0.0,12.0,0.0,1.0
序号,0.0,18.0,0.0,1.0
600827,0.0,3.0,0.0,1.0
受益,0.0,192.0,0.0,1.0
;,0.0,27.0,0.0,1.0
适合,0.0,6.0,0.0,1.0
协同,0.0,18.0,0.0,1.0
优质,0.0,78.0,0.0,1.0
深厚,0.0,6.0,0.0,1.0
公司法,0.0,6.0,0.0,1.0
685,0.0,6.0,0.0,1.0
涨,0.0,120.0,0.0,1.0
老师,0.0,30.0,0.0,1.0
2.100,0.0,3.0,0.0,1.0
601668,0.0,6.0,0.0,1.0
_,0.0,39.0,0.0,1.0
国改,0.0,99.0,0.0,1.0
％,0.0,9.0,0.0,1.0
创办,0.0,3.0,0.0,1.0
九州,0.0,3.0,0.0,1.0
中山,0.0,9.0,0.0,1.0
榆树,0.0,6.0,0.0,1.0
改革,0.0,51.0,0.0,1.0
772,0.0,3.0,0.0,1.0
另外,0.0,132.0,0.0,1.0
647,0.0,3.0,0.0,1.0
959,0.0,6.0,0.0,1.0
500.002,0.0,9.0,0.0,1.0
外贸,0.0,195.0,0.0,1.0
372,0.0,3.0,0.0,1.0
手机,0.0,3.0,0.0,1.0
形成,6.0,6.0,0.5,0.5
945.38,0.0,3.0,0.0,1.0
全体,0.0,3.0,0.0,1.0
130.37002240,0.0,3.0,0.0,1.0
4.77600455,0.0,3.0,0.0,1.0
出租汽车,0.0,9.0,0.0,1.0
减少,18.0,177.0,0.09230769230769231,0.9076923076923077
562.003,0.0,3.0,0.0,1.0
0.490,0.0,3.0,0.0,1.0
通知,0.0,15.0,0.0,1.0
济南市,0.0,12.0,0.0,1.0
柜台,0.0,3.0,0.0,1.0
才,0.0,14.0,0.0,1.0
527.000,0.0,3.0,0.0,1.0
综治办,3.0,0.0,1.0,0.0
开板,0.0,6.0,0.0,1.0
1.160,0.0,3.0,0.0,1.0
600622,0.0,18.0,0.0,1.0
4714.7814,0.0,6.0,0.0,1.0
百货商场,0.0,12.0,0.0,1.0
路机,0.0,6.0,0.0,1.0
违规,6.0,0.0,1.0,0.0
重组,0.0,96.0,0.0,1.0
旅游,6.0,162.0,0.03571428571428571,0.9642857142857143
41.31,0.0,3.0,0.0,1.0
京城,0.0,66.0,0.0,1.0
健民,0.0,3.0,0.0,1.0
手持,0.0,3.0,0.0,1.0
化学,0.0,3.0,0.0,1.0
收到,3.0,0.0,1.0,0.0
000890,0.0,3.0,0.0,1.0
字号,0.0,3.0,0.0,1.0
天威,0.0,1005.0,0.0,1.0
诚益通,0.0,3.0,0.0,1.0
1.89,0.0,3.0,0.0,1.0
冠豪,0.0,3.0,0.0,1.0
惊雷,0.0,3.0,0.0,1.0
打破,0.0,15.0,0.0,1.0
社会,0.0,3.0,0.0,1.0
河山,0.0,6.0,0.0,1.0
电等,0.0,3.0,0.0,1.0
9,0.0,30.0,0.0,1.0
300197,0.0,3.0,0.0,1.0
回填,6.0,0.0,1.0,0.0
37,0.0,3.0,0.0,1.0
熊市,6.0,0.0,1.0,0.0
600820,0.0,18.0,0.0,1.0
一阳,0.0,9.0,0.0,1.0
002450,0.0,3.0,0.0,1.0
1515.2615,0.0,12.0,0.0,1.0
安,0.0,12.0,0.0,1.0
7420,0.0,3.0,0.0,1.0
三江,0.0,24.0,0.0,1.0
系列产品,0.0,276.0,0.0,1.0
看看,0.0,102.0,0.0,1.0
600985,0.0,6.0,0.0,1.0
3.50,0.0,3.0,0.0,1.0
360.62601699,0.0,3.0,0.0,1.0
保本,0.0,3.0,0.0,1.0
12.47,0.0,3.0,0.0,1.0
大佬,0.0,9.0,0.0,1.0
24,6.0,3.0,0.6666666666666666,0.3333333333333333
不知,0.0,15.0,0.0,1.0
审计,0.0,12.0,0.0,1.0
133.000,0.0,3.0,0.0,1.0
支撑,0.0,3.0,0.0,1.0
提升,0.0,12.0,0.0,1.0
上线,0.0,15.0,0.0,1.0
18.51,0.0,3.0,0.0,1.0
600969,0.0,6.0,0.0,1.0
088.638,0.0,3.0,0.0,1.0
8233,0.0,3.0,0.0,1.0
5.2,0.0,3.0,0.0,1.0
310.07000831,0.0,3.0,0.0,1.0
000523,0.0,3.0,0.0,1.0
成果,3.0,0.0,1.0,0.0
确认,0.0,3.0,0.0,1.0
对应,0.0,3.0,0.0,1.0
773,0.0,6.0,0.0,1.0
除了,0.0,33.0,0.0,1.0
以及,0.0,24.0,0.0,1.0
压减,0.0,3.0,0.0,1.0
表现,0.0,42.0,0.0,1.0
雄安买,6.0,0.0,1.0,0.0
4.03,0.0,9.0,0.0,1.0
动态,0.0,3.0,0.0,1.0
重估,0.0,3.0,0.0,1.0
常住人口,0.0,15.0,0.0,1.0
格外,0.0,3.0,0.0,1.0
》,9.0,123.0,0.06818181818181818,0.9318181818181818
二十万,0.0,3.0,0.0,1.0
补缺,0.0,9.0,0.0,1.0
浦东,0.0,3.0,0.0,1.0
87,0.0,3.0,0.0,1.0
益民,0.0,33.0,0.0,1.0
磅,0.0,3.0,0.0,1.0
混合型,0.0,9.0,0.0,1.0
重庆百货,0.0,18.0,0.0,1.0
630.35600861,0.0,3.0,0.0,1.0
动作,0.0,6.0,0.0,1.0
000778,0.0,3.0,0.0,1.0
集合,0.0,423.0,0.0,1.0
1.5,0.0,9.0,0.0,1.0
2814300197,0.0,3.0,0.0,1.0
荣家,0.0,3.0,0.0,1.0
最新,0.0,69.0,0.0,1.0
`,0.0,6.0,0.0,1.0
稽,0.0,6.0,0.0,1.0
经贸,0.0,3.0,0.0,1.0
600862,0.0,57.0,0.0,1.0
3Q16,0.0,3.0,0.0,1.0
必要,0.0,3.0,0.0,1.0
1.408,0.0,6.0,0.0,1.0
600206,0.0,12.0,0.0,1.0
4.73,0.0,3.0,0.0,1.0
600463,0.0,18.0,0.0,1.0
599.209,0.0,3.0,0.0,1.0
国盛,3.0,3.0,0.5,0.5
文化,0.0,18.0,0.0,1.0
丹,0.0,3.0,0.0,1.0
丰体,0.0,6.0,0.0,1.0
实业,0.0,84.0,0.0,1.0
亩,0.0,6.0,0.0,1.0
三季度,0.0,573.0,0.0,1.0
002818,0.0,3.0,0.0,1.0
上升,0.0,33.0,0.0,1.0
追求,0.0,3.0,0.0,1.0
赵军,0.0,30.0,0.0,1.0
氯碱,0.0,12.0,0.0,1.0
网店,0.0,3.0,0.0,1.0
600056,0.0,3.0,0.0,1.0
4.61,0.0,6.0,0.0,1.0
大涨,0.0,12.0,0.0,1.0
jpg,0.0,6.0,0.0,1.0
128.5,0.0,6.0,0.0,1.0
国资,0.0,21.0,0.0,1.0
中兴,0.0,57.0,0.0,1.0
违反,6.0,0.0,1.0,0.0
具体实施,0.0,3.0,0.0,1.0
0.851,0.0,3.0,0.0,1.0
有关,6.0,9.0,0.4,0.6
导致,0.0,9.0,0.0,1.0
000.002,0.0,6.0,0.0,1.0
137,0.0,3.0,0.0,1.0
9.4,0.0,3.0,0.0,1.0
新能源,0.0,48.0,0.0,1.0
600386,0.0,69.0,0.0,1.0
0.2924,0.0,3.0,0.0,1.0
卢沟桥,0.0,6.0,0.0,1.0
这个,0.0,6.0,0.0,1.0
神农,0.0,12.0,0.0,1.0
鲁,0.0,6.0,0.0,1.0
带有,0.0,3.0,0.0,1.0
家化,0.0,6.0,0.0,1.0
Ⅱ,0.0,3.0,0.0,1.0
申通,0.0,18.0,0.0,1.0
12,3.0,45.0,0.0625,0.9375
讯,0.0,6.0,0.0,1.0
金桥,0.0,3.0,0.0,1.0
现价,0.0,6.0,0.0,1.0
32,0.0,18.0,0.0,1.0
补贴,0.0,3.0,0.0,1.0
3.631,0.0,12.0,0.0,1.0
地底下,0.0,6.0,0.0,1.0
判断,0.0,6.0,0.0,1.0
扩大,0.0,9.0,0.0,1.0
782.66,0.0,3.0,0.0,1.0
finance,0.0,3.0,0.0,1.0
55,0.0,39.0,0.0,1.0
能力,0.0,12.0,0.0,1.0
别涨,0.0,3.0,0.0,1.0
9143,0.0,3.0,0.0,1.0
国有,0.0,39.0,0.0,1.0
审查,0.0,3.0,0.0,1.0
本网,0.0,6.0,0.0,1.0
341,0.0,231.0,0.0,1.0
恒大,0.0,3.0,0.0,1.0
1.780,0.0,6.0,0.0,1.0
2.63,0.0,3.0,0.0,1.0
span,0.0,33.0,0.0,1.0
乐园,18.0,0.0,1.0,0.0
利润,0.0,12.0,0.0,1.0
36,0.0,6.0,0.0,1.0
7611600861,0.0,3.0,0.0,1.0
当下,0.0,3.0,0.0,1.0
14.17,0.0,6.0,0.0,1.0
0.61,0.0,123.0,0.0,1.0
XXXXX,0.0,18.0,0.0,1.0
市属,0.0,12.0,0.0,1.0
629.00,0.0,3.0,0.0,1.0
合计,0.0,195.0,0.0,1.0
参差不齐,0.0,12.0,0.0,1.0
60,0.0,96.0,0.0,1.0
纺织,0.0,3.0,0.0,1.0
陕西,0.0,9.0,0.0,1.0
推进,0.0,33.0,0.0,1.0
2921,6.0,183.0,0.031746031746031744,0.9682539682539683
2.18,0.0,3.0,0.0,1.0
771.12600847,0.0,3.0,0.0,1.0
平台,0.0,33.0,0.0,1.0
2.32,0.0,6.0,0.0,1.0
补,0.0,3.0,0.0,1.0
(,0.0,1083.0,0.0,1.0
002587,0.0,3.0,0.0,1.0
11.19,0.0,15.0,0.0,1.0
0.28,0.0,6.0,0.0,1.0
1.369,0.0,6.0,0.0,1.0
248247.72,0.0,3.0,0.0,1.0
6324600322,0.0,6.0,0.0,1.0
320.257,0.0,3.0,0.0,1.0
减仓,0.0,84.0,0.0,1.0
19,3.0,15.0,0.16666666666666666,0.8333333333333334
700.85600861,0.0,3.0,0.0,1.0
SH,0.0,330.0,0.0,1.0
紫荆,0.0,3.0,0.0,1.0
领头羊,0.0,3.0,0.0,1.0
1.26,0.0,3.0,0.0,1.0
39.610,0.0,6.0,0.0,1.0
采用,0.0,3.0,0.0,1.0
智慧,0.0,9.0,0.0,1.0
5.0,0.0,3.0,0.0,1.0
建,0.0,39.0,0.0,1.0
商圈,0.0,9.0,0.0,1.0
552.00,0.0,3.0,0.0,1.0
多只,0.0,30.0,0.0,1.0
每人每年,0.0,3.0,0.0,1.0
4.05000632,0.0,3.0,0.0,1.0
13.57,0.0,3.0,0.0,1.0
行情,0.0,366.0,0.0,1.0
分钟,0.0,3.0,0.0,1.0
一两个,0.0,3.0,0.0,1.0
流行病学,3.0,0.0,1.0,0.0
600000,0.0,3.0,0.0,1.0
完成,0.0,15.0,0.0,1.0
695106,0.0,3.0,0.0,1.0
本,0.0,21.0,0.0,1.0
可以,9.0,30.0,0.23076923076923078,0.7692307692307693
三家,0.0,24.0,0.0,1.0
酒,0.0,15.0,0.0,1.0
燕京啤酒,0.0,171.0,0.0,1.0
兴业,3.0,6.0,0.3333333333333333,0.6666666666666666
商标,0.0,3.0,0.0,1.0
炒个,0.0,9.0,0.0,1.0
474.00,0.0,3.0,0.0,1.0
511.23600433,0.0,3.0,0.0,1.0
4.21,0.0,3.0,0.0,1.0
133,0.0,6.0,0.0,1.0
330.77000417,0.0,3.0,0.0,1.0
科瑞,0.0,3.0,0.0,1.0
换股,0.0,3.0,0.0,1.0
600184,0.0,3.0,0.0,1.0
将,25.0,108.0,0.18796992481203006,0.8120300751879699
潞安,0.0,3.0,0.0,1.0
商,0.0,99.0,0.0,1.0
586.00,0.0,3.0,0.0,1.0
发起人,0.0,3.0,0.0,1.0
抄底,0.0,3.0,0.0,1.0
新光,0.0,6.0,0.0,1.0
京报,0.0,3.0,0.0,1.0
5.00,0.0,3.0,0.0,1.0
8815.4015,0.0,3.0,0.0,1.0
新海,0.0,3.0,0.0,1.0
期末余额,3.0,0.0,1.0,0.0
天源,0.0,3.0,0.0,1.0
股经,0.0,3.0,0.0,1.0
562.00,0.0,3.0,0.0,1.0
银泰,0.0,12.0,0.0,1.0
首都,3.0,6.0,0.3333333333333333,0.6666666666666666
仨,0.0,3.0,0.0,1.0
对原,0.0,15.0,0.0,1.0
平衡,1.0,0.0,1.0,0.0
673,0.0,6.0,0.0,1.0
2212.1612,0.0,12.0,0.0,1.0
整体,6.0,18.0,0.25,0.75
分别,9.0,648.0,0.0136986301369863,0.9863013698630136
格局,0.0,9.0,0.0,1.0
VINCE,0.0,6.0,0.0,1.0
秋林,0.0,12.0,0.0,1.0
年底,0.0,3.0,0.0,1.0
沃土,0.0,3.0,0.0,1.0
~,0.0,57.0,0.0,1.0
280,0.0,3.0,0.0,1.0
600429,0.0,51.0,0.0,1.0
政策,6.0,18.0,0.25,0.75
638.458,0.0,12.0,0.0,1.0
开业,0.0,3.0,0.0,1.0
坚持,0.0,3.0,0.0,1.0
258332.98,0.0,3.0,0.0,1.0
代表,0.0,15.0,0.0,1.0
签订协议,0.0,3.0,0.0,1.0
摇钱树,0.0,3.0,0.0,1.0
认知度,0.0,9.0,0.0,1.0
存量,9.0,150.0,0.05660377358490566,0.9433962264150944
稍微,0.0,15.0,0.0,1.0
只票,0.0,3.0,0.0,1.0
=,0.0,105.0,0.0,1.0
回升,0.0,6.0,0.0,1.0
高科多空,0.0,9.0,0.0,1.0
信息,0.0,45.0,0.0,1.0
铁龙,0.0,12.0,0.0,1.0
573.6,0.0,3.0,0.0,1.0
珠宝,0.0,3.0,0.0,1.0
鼠辈,18.0,0.0,1.0,0.0
金融街,0.0,36.0,0.0,1.0
0.864,0.0,3.0,0.0,1.0
流动资产,3.0,0.0,1.0,0.0
各省,0.0,3.0,0.0,1.0
6.96,0.0,3.0,0.0,1.0
600681,0.0,9.0,0.0,1.0
巨幅,0.0,15.0,0.0,1.0
富,0.0,9.0,0.0,1.0
永远,0.0,3.0,0.0,1.0
746,0.0,6.0,0.0,1.0
762,0.0,3.0,0.0,1.0
事前,0.0,9.0,0.0,1.0
1.951,0.0,9.0,0.0,1.0
高涨,0.0,12.0,0.0,1.0
568600872,0.0,3.0,0.0,1.0
n,0.0,3.0,0.0,1.0
1.85,0.0,3.0,0.0,1.0
浪潮,0.0,6.0,0.0,1.0
江南,0.0,3.0,0.0,1.0
002561,0.0,3.0,0.0,1.0
贵航,0.0,3.0,0.0,1.0
6007191,0.0,3.0,0.0,1.0
策略,0.0,3.0,0.0,1.0
000419,0.0,6.0,0.0,1.0
间接,0.0,12.0,0.0,1.0
进,0.0,30.0,0.0,1.0
382.02,0.0,3.0,0.0,1.0
600860,0.0,57.0,0.0,1.0
规模,0.0,168.0,0.0,1.0
3.2814,0.0,3.0,0.0,1.0
1.69,0.0,3.0,0.0,1.0
爱尔,0.0,6.0,0.0,1.0
服务中心,0.0,6.0,0.0,1.0
地位,0.0,15.0,0.0,1.0
本周,0.0,3.0,0.0,1.0
enQianMianDe1TiaoBoKeWenZiLianJie32,0.0,3.0,0.0,1.0
西桥店,0.0,3.0,0.0,1.0
669,0.0,3.0,0.0,1.0
居然,0.0,3.0,0.0,1.0
1.7920,0.0,3.0,0.0,1.0
没买,0.0,3.0,0.0,1.0
端弱,0.0,9.0,0.0,1.0
申购,0.0,3.0,0.0,1.0
往来,0.0,9.0,0.0,1.0
中,6.0,222.0,0.02631578947368421,0.9736842105263158
金隅,0.0,24.0,0.0,1.0
600779,0.0,3.0,0.0,1.0
标题,0.0,3.0,0.0,1.0
－,9.0,6.0,0.6,0.4
香烟,0.0,6.0,0.0,1.0
化妆品,0.0,15.0,0.0,1.0
5.311,0.0,3.0,0.0,1.0
京东,0.0,9.0,0.0,1.0
600863,0.0,57.0,0.0,1.0
26.89,0.0,21.0,0.0,1.0
星期一,0.0,3.0,0.0,1.0
购置,0.0,9.0,0.0,1.0
版,0.0,12.0,0.0,1.0
400,0.0,9.0,0.0,1.0
近,18.0,3.0,0.8571428571428571,0.14285714285714285
科达,0.0,3.0,0.0,1.0
网为,0.0,3.0,0.0,1.0
多方,0.0,6.0,0.0,1.0
17,3.0,18.0,0.14285714285714285,0.8571428571428571
21.24,0.0,3.0,0.0,1.0
仍,0.0,105.0,0.0,1.0
1417000686,0.0,3.0,0.0,1.0
京东方,0.0,3.0,0.0,1.0
福建,0.0,12.0,0.0,1.0
600723,0.0,51.0,0.0,1.0
成渝,0.0,3.0,0.0,1.0
博通,0.0,3.0,0.0,1.0
建化,0.0,6.0,0.0,1.0
2.061,0.0,6.0,0.0,1.0
接合部,9.0,0.0,1.0,0.0
960.92600861,0.0,3.0,0.0,1.0
湘电,0.0,3.0,0.0,1.0
青岛,0.0,24.0,0.0,1.0
002421,0.0,3.0,0.0,1.0
118,0.0,6.0,0.0,1.0
持股,0.0,219.0,0.0,1.0
万东,0.0,6.0,0.0,1.0
775.4,0.0,9.0,0.0,1.0
糖业,0.0,3.0,0.0,1.0
精工,0.0,9.0,0.0,1.0
中环,0.0,3.0,0.0,1.0
实施办法,0.0,12.0,0.0,1.0
:,12.0,135.0,0.08163265306122448,0.9183673469387755
11.67,0.0,3.0,0.0,1.0
油服,0.0,9.0,0.0,1.0
10.04,0.0,3.0,0.0,1.0
交易额,0.0,6.0,0.0,1.0
914,0.0,3.0,0.0,1.0
现金流量,3.0,9.0,0.25,0.75
363.80,0.0,3.0,0.0,1.0
导向,0.0,3.0,0.0,1.0
6639.41300519,0.0,3.0,0.0,1.0
0130.7930,0.0,3.0,0.0,1.0
300280,0.0,3.0,0.0,1.0
带动,0.0,15.0,0.0,1.0
9.97,0.0,6.0,0.0,1.0
嘉宝,0.0,18.0,0.0,1.0
300264,0.0,3.0,0.0,1.0
公告,0.0,75.0,0.0,1.0
怎么,6.0,0.0,1.0,0.0
573.602015,0.0,3.0,0.0,1.0
西单,9.0,3.0,0.75,0.25
份,0.0,6.0,0.0,1.0
宏远,0.0,3.0,0.0,1.0
控制目标,9.0,141.0,0.06,0.94
主力,6.0,30.0,0.16666666666666666,0.8333333333333334
都,9.0,99.0,0.08333333333333333,0.9166666666666666
601003,0.0,6.0,0.0,1.0
因,0.0,3.0,0.0,1.0
隧道,0.0,18.0,0.0,1.0
位置,0.0,12.0,0.0,1.0
为主,0.0,3.0,0.0,1.0
高纳,0.0,3.0,0.0,1.0
903,0.0,6.0,0.0,1.0
000,0.0,87.0,0.0,1.0
气,0.0,9.0,0.0,1.0
纪,0.0,117.0,0.0,1.0
铁汉,0.0,6.0,0.0,1.0
部分,0.0,63.0,0.0,1.0
五环,9.0,6.0,0.6,0.4
京津冀,0.0,33.0,0.0,1.0
领域,0.0,48.0,0.0,1.0
优先股,0.0,3.0,0.0,1.0
限购,3.0,0.0,1.0,0.0
目的,0.0,12.0,0.0,1.0
558.938,0.0,3.0,0.0,1.0
600898,0.0,3.0,0.0,1.0
速度,0.0,15.0,0.0,1.0
京巴,0.0,3.0,0.0,1.0
1.24,0.0,9.0,0.0,1.0
长电,0.0,3.0,0.0,1.0
3.621,0.0,3.0,0.0,1.0
变更,0.0,3.0,0.0,1.0
突然,0.0,24.0,0.0,1.0
600156,0.0,6.0,0.0,1.0
了,30.0,540.0,0.05263157894736842,0.9473684210526315
280.3313,0.0,3.0,0.0,1.0
73.814,0.0,3.0,0.0,1.0
1.40,0.0,3.0,0.0,1.0
涉足,0.0,6.0,0.0,1.0
金,0.0,114.0,0.0,1.0
一致,0.0,3.0,0.0,1.0
钨业,0.0,6.0,0.0,1.0
首次,0.0,3.0,0.0,1.0
wa,0.0,9.0,0.0,1.0
及,3.0,45.0,0.0625,0.9375
2.52,0.0,3.0,0.0,1.0
结构,0.0,24.0,0.0,1.0
丰台区,3.0,15.0,0.16666666666666666,0.8333333333333334
密集,0.0,3.0,0.0,1.0
↓,0.0,6.0,0.0,1.0
标志,0.0,6.0,0.0,1.0
由,0.0,12.0,0.0,1.0
600729,0.0,6.0,0.0,1.0
泉,0.0,3.0,0.0,1.0
满足,0.0,3.0,0.0,1.0
与,3.0,93.0,0.03125,0.96875
运营,0.0,6.0,0.0,1.0
2.471,0.0,3.0,0.0,1.0
无锡,0.0,3.0,0.0,1.0
300.83600500,0.0,3.0,0.0,1.0
位于,18.0,12.0,0.6,0.4
三元,0.0,57.0,0.0,1.0
购物,0.0,18.0,0.0,1.0
管网,0.0,3.0,0.0,1.0
您好,3.0,3.0,0.5,0.5
摘要,0.0,9.0,0.0,1.0
重点,0.0,63.0,0.0,1.0
特多,0.0,9.0,0.0,1.0
静,0.0,6.0,0.0,1.0
商社,0.0,6.0,0.0,1.0
通灵,0.0,3.0,0.0,1.0
有望,0.0,66.0,0.0,1.0
比例,0.0,54.0,0.0,1.0
爆发,0.0,3.0,0.0,1.0
新农,0.0,3.0,0.0,1.0
汇等,0.0,3.0,0.0,1.0
459000521,0.0,3.0,0.0,1.0
0.239,0.0,3.0,0.0,1.0
钢铁,0.0,3.0,0.0,1.0
707.840,0.0,3.0,0.0,1.0
0.02179,0.0,3.0,0.0,1.0
航空,0.0,3.0,0.0,1.0
784.472,0.0,3.0,0.0,1.0
地铁,0.0,18.0,0.0,1.0
企稳,0.0,3.0,0.0,1.0
0.3622,0.0,3.0,0.0,1.0
回,0.0,9.0,0.0,1.0
柳工,0.0,6.0,0.0,1.0
股票,0.0,183.0,0.0,1.0
第四季度,0.0,3.0,0.0,1.0
抬升,0.0,3.0,0.0,1.0
150,0.0,36.0,0.0,1.0
歌华有线,0.0,279.0,0.0,1.0
楼市,0.0,3.0,0.0,1.0
参保,0.0,6.0,0.0,1.0
270.94600516,0.0,12.0,0.0,1.0
厂东,0.0,3.0,0.0,1.0
23.09,0.0,3.0,0.0,1.0
违法,24.0,0.0,1.0,0.0
空前,0.0,12.0,0.0,1.0
002051,0.0,3.0,0.0,1.0
面,0.0,3.0,0.0,1.0
车,0.0,3.0,0.0,1.0
研究员,0.0,3.0,0.0,1.0
278.948,0.0,3.0,0.0,1.0
734.58,0.0,3.0,0.0,1.0
600674,0.0,6.0,0.0,1.0
差,0.0,3.0,0.0,1.0
贺超,0.0,3.0,0.0,1.0
1.98600861,0.0,3.0,0.0,1.0
62300099,0.0,3.0,0.0,1.0
修复,0.0,6.0,0.0,1.0
749.729,0.0,3.0,0.0,1.0
送股,0.0,9.0,0.0,1.0
第十七次,0.0,6.0,0.0,1.0
2015.4015,0.0,3.0,0.0,1.0
3.96,0.0,3.0,0.0,1.0
3.66,0.0,12.0,0.0,1.0
95,0.0,237.0,0.0,1.0
百联,0.0,129.0,0.0,1.0
富达,0.0,3.0,0.0,1.0
2317.8918,0.0,3.0,0.0,1.0
边际,0.0,12.0,0.0,1.0
公开,0.0,3.0,0.0,1.0
涨幅,0.0,120.0,0.0,1.0
文斯,0.0,6.0,0.0,1.0
产品,0.0,138.0,0.0,1.0
新赛,0.0,6.0,0.0,1.0
之,9.0,60.0,0.13043478260869565,0.8695652173913043
3.21,0.0,6.0,0.0,1.0
发起,0.0,3.0,0.0,1.0
款项,0.0,3.0,0.0,1.0
圆成,0.0,3.0,0.0,1.0
诉讼,0.0,3.0,0.0,1.0
郴电,0.0,6.0,0.0,1.0
低于,0.0,3.0,0.0,1.0
0.4410,0.0,3.0,0.0,1.0
互娱,0.0,3.0,0.0,1.0
全聚德,0.0,66.0,0.0,1.0
金一拟,0.0,3.0,0.0,1.0
2030,0.0,21.0,0.0,1.0
0.001,0.0,6.0,0.0,1.0
汽车,0.0,165.0,0.0,1.0
范围,0.0,6.0,0.0,1.0
530.81300021,0.0,3.0,0.0,1.0
川,0.0,6.0,0.0,1.0
冷藏,0.0,3.0,0.0,1.0
经办,0.0,9.0,0.0,1.0
140,0.0,3.0,0.0,1.0
尾盘,0.0,6.0,0.0,1.0
省市,0.0,3.0,0.0,1.0
裘国根,0.0,30.0,0.0,1.0
卡帕,0.0,9.0,0.0,1.0
抵押权人,0.0,6.0,0.0,1.0
重机,0.0,3.0,0.0,1.0
4715600332,0.0,3.0,0.0,1.0
595.065,0.0,3.0,0.0,1.0
用,6.0,3.0,0.6666666666666666,0.3333333333333333
2.371,0.0,3.0,0.0,1.0
3.17,0.0,6.0,0.0,1.0
眼镜,0.0,9.0,0.0,1.0
所纪,0.0,3.0,0.0,1.0
买入,0.0,441.0,0.0,1.0
认定,0.0,6.0,0.0,1.0
巨大,0.0,6.0,0.0,1.0
更,0.0,24.0,0.0,1.0
摊,0.0,60.0,0.0,1.0
对此,6.0,0.0,1.0,0.0
国有资产,0.0,6.0,0.0,1.0
要求,9.0,141.0,0.06,0.94
50015.6615,0.0,3.0,0.0,1.0
711.70,0.0,3.0,0.0,1.0
新疆,0.0,3.0,0.0,1.0
昀,0.0,1089.0,0.0,1.0
定位,0.0,3.0,0.0,1.0
竟,0.0,6.0,0.0,1.0
及华懋,0.0,3.0,0.0,1.0
较为,0.0,3.0,0.0,1.0
东百睿,0.0,3.0,0.0,1.0
区,0.0,3.0,0.0,1.0
46.300,0.0,6.0,0.0,1.0
3.4313,0.0,3.0,0.0,1.0
几年,0.0,3.0,0.0,1.0
780.7715,0.0,3.0,0.0,1.0
新世界,0.0,15.0,0.0,1.0
明显,0.0,15.0,0.0,1.0
华联,0.0,3.0,0.0,1.0
135,0.0,9.0,0.0,1.0
1.171,0.0,3.0,0.0,1.0
升级,0.0,3.0,0.0,1.0
崛起,0.0,24.0,0.0,1.0
省定,0.0,3.0,0.0,1.0
96.55,0.0,3.0,0.0,1.0
三区,0.0,3.0,0.0,1.0
三周年,0.0,6.0,0.0,1.0
模式,0.0,3.0,0.0,1.0
老龄,0.0,6.0,0.0,1.0
15.280,0.0,12.0,0.0,1.0
来袭,0.0,6.0,0.0,1.0
开始,3.0,6.0,0.3333333333333333,0.6666666666666666
百,0.0,3.0,0.0,1.0
据格,0.0,9.0,0.0,1.0
兰生,0.0,30.0,0.0,1.0
工作站,0.0,3.0,0.0,1.0
列,0.0,51.0,0.0,1.0
8714.2214,0.0,3.0,0.0,1.0
猥琐,0.0,3.0,0.0,1.0
加仓时,0.0,6.0,0.0,1.0
清华同方,0.0,3.0,0.0,1.0
24.9,0.0,6.0,0.0,1.0
百亿,0.0,3.0,0.0,1.0
资产,0.0,147.0,0.0,1.0
重蹈覆辙,0.0,6.0,0.0,1.0
行上,0.0,6.0,0.0,1.0
26,3.0,6.0,0.3333333333333333,0.6666666666666666
A,0.0,72.0,0.0,1.0
聚焦,6.0,0.0,1.0,0.0
p,0.0,3.0,0.0,1.0
600.002,0.0,3.0,0.0,1.0
耐心,0.0,6.0,0.0,1.0
7312600056,0.0,3.0,0.0,1.0
1.57,0.0,6.0,0.0,1.0
大会决议,0.0,9.0,0.0,1.0
北京市委,3.0,0.0,1.0,0.0
严重,0.0,3.0,0.0,1.0
000505,0.0,18.0,0.0,1.0
从不,0.0,9.0,0.0,1.0
上攻,0.0,3.0,0.0,1.0
以人本,0.0,3.0,0.0,1.0
郊,0.0,15.0,0.0,1.0
上工,0.0,9.0,0.0,1.0
合肥,0.0,36.0,0.0,1.0
347.347,0.0,3.0,0.0,1.0
3.99,0.0,3.0,0.0,1.0
2.35,0.0,3.0,0.0,1.0
充足,0.0,3.0,0.0,1.0
投,0.0,12.0,0.0,1.0
9455600865,0.0,3.0,0.0,1.0
股东,0.0,222.0,0.0,1.0
15,3.0,27.0,0.1,0.9
全过程,0.0,3.0,0.0,1.0
厦门信达,0.0,3.0,0.0,1.0
黄村镇,0.0,3.0,0.0,1.0
3.9,0.0,3.0,0.0,1.0
559.00,0.0,3.0,0.0,1.0
差挤,0.0,3.0,0.0,1.0
环保,0.0,213.0,0.0,1.0
6.14,0.0,3.0,0.0,1.0
2.6324,0.0,3.0,0.0,1.0
威远,0.0,6.0,0.0,1.0
600777,0.0,3.0,0.0,1.0
600871,0.0,9.0,0.0,1.0
600240,0.0,3.0,0.0,1.0
总面积,0.0,12.0,0.0,1.0
结论,3.0,0.0,1.0,0.0
制药,0.0,9.0,0.0,1.0
第八届,0.0,6.0,0.0,1.0
法院,0.0,3.0,0.0,1.0
内行,0.0,6.0,0.0,1.0
哪怕,0.0,3.0,0.0,1.0
屯河,0.0,3.0,0.0,1.0
豆,6.0,0.0,1.0,0.0
11.47,0.0,3.0,0.0,1.0
持卡,3.0,0.0,1.0,0.0
1.023,0.0,3.0,0.0,1.0
当前,0.0,21.0,0.0,1.0
勉费,0.0,3.0,0.0,1.0
正式,0.0,3.0,0.0,1.0
郊区,0.0,42.0,0.0,1.0
黄金,0.0,27.0,0.0,1.0
600821,0.0,9.0,0.0,1.0
知道,0.0,93.0,0.0,1.0
350,0.0,3.0,0.0,1.0
仓储,9.0,9.0,0.5,0.5
海信,0.0,3.0,0.0,1.0
摊低,0.0,3.0,0.0,1.0
优选,0.0,6.0,0.0,1.0
恢复,0.0,12.0,0.0,1.0
项目,3.0,42.0,0.06666666666666667,0.9333333333333333
账面,0.0,6.0,0.0,1.0
量,0.0,3.0,0.0,1.0
总分,0.0,60.0,0.0,1.0
华电,0.0,57.0,0.0,1.0
一轮,0.0,9.0,0.0,1.0
物业管理,0.0,75.0,0.0,1.0
4.10000632,0.0,3.0,0.0,1.0
300279,0.0,3.0,0.0,1.0
红包,0.0,3.0,0.0,1.0
后市,0.0,18.0,0.0,1.0
悦,0.0,6.0,0.0,1.0
概念股,0.0,744.0,0.0,1.0
民生,0.0,3.0,0.0,1.0
↑,0.0,21.0,0.0,1.0
2318000521,0.0,3.0,0.0,1.0
下,0.0,51.0,0.0,1.0
单体,0.0,3.0,0.0,1.0
力度,0.0,3.0,0.0,1.0
*,0.0,42.0,0.0,1.0
原,0.0,24.0,0.0,1.0
3.691,0.0,3.0,0.0,1.0
600857,0.0,57.0,0.0,1.0
1.80,0.0,6.0,0.0,1.0
绩优股,0.0,3.0,0.0,1.0
欧亚,0.0,108.0,0.0,1.0
002145,0.0,3.0,0.0,1.0
超低,0.0,6.0,0.0,1.0
建研,0.0,3.0,0.0,1.0
14.61,0.0,15.0,0.0,1.0
村庄,3.0,0.0,1.0,0.0
决策,6.0,0.0,1.0,0.0
南,0.0,9.0,0.0,1.0
860,0.0,3.0,0.0,1.0
S,9.0,0.0,1.0,0.0
乐普,0.0,3.0,0.0,1.0
数量,0.0,33.0,0.0,1.0
横盘,0.0,48.0,0.0,1.0
日一字,0.0,9.0,0.0,1.0
676,0.0,3.0,0.0,1.0
1.60,0.0,6.0,0.0,1.0
一是,0.0,6.0,0.0,1.0
42,0.0,3.0,0.0,1.0
注重,0.0,3.0,0.0,1.0
公司化,0.0,3.0,0.0,1.0
恢复原状,6.0,0.0,1.0,0.0
财政补贴,0.0,3.0,0.0,1.0
习近平,6.0,0.0,1.0,0.0
园林,0.0,3.0,0.0,1.0
大立,0.0,3.0,0.0,1.0
增长,0.0,45.0,0.0,1.0
142.201,0.0,3.0,0.0,1.0
走访,12.0,0.0,1.0,0.0
城乡结合,0.0,6.0,0.0,1.0
杭钢,0.0,3.0,0.0,1.0
门店,21.0,3.0,0.875,0.125
2.26,0.0,6.0,0.0,1.0
逢,0.0,39.0,0.0,1.0
类似,3.0,3.0,0.5,0.5
周边,9.0,0.0,1.0,0.0
机会,0.0,42.0,0.0,1.0
如果,0.0,6.0,0.0,1.0
复星,0.0,3.0,0.0,1.0
《,9.0,123.0,0.06818181818181818,0.9318181818181818
460,0.0,6.0,0.0,1.0
上年,3.0,0.0,1.0,0.0
醋业,0.0,3.0,0.0,1.0
4.561,0.0,3.0,0.0,1.0
内蒙,0.0,57.0,0.0,1.0
2.87,0.0,3.0,0.0,1.0
么,0.0,15.0,0.0,1.0
金融,6.0,9.0,0.4,0.6
爱施德,0.0,3.0,0.0,1.0
2.10,0.0,12.0,0.0,1.0
具备,0.0,3.0,0.0,1.0
大兴区,0.0,3.0,0.0,1.0
000417,0.0,6.0,0.0,1.0
600644,0.0,3.0,0.0,1.0
提示,0.0,6.0,0.0,1.0
0.19,0.0,6.0,0.0,1.0
1018.7418,0.0,3.0,0.0,1.0
母公司,0.0,3.0,0.0,1.0
牛,0.0,15.0,0.0,1.0
5.93,0.0,3.0,0.0,1.0
1.130,0.0,3.0,0.0,1.0
上涨,0.0,66.0,0.0,1.0
784,0.0,3.0,0.0,1.0
277.23,0.0,3.0,0.0,1.0
3.83,0.0,3.0,0.0,1.0
德,0.0,3.0,0.0,1.0
用户,0.0,6.0,0.0,1.0
玻,0.0,3.0,0.0,1.0
490.58600644,0.0,3.0,0.0,1.0
物业,0.0,111.0,0.0,1.0
买菜,3.0,3.0,0.5,0.5
预增国机,0.0,3.0,0.0,1.0
0.3914,0.0,6.0,0.0,1.0
600416,0.0,3.0,0.0,1.0
态势,0.0,9.0,0.0,1.0
0.2315,0.0,3.0,0.0,1.0
招商,0.0,3.0,0.0,1.0
67,0.0,6.0,0.0,1.0
旧爱,0.0,15.0,0.0,1.0
600170,0.0,18.0,0.0,1.0
建筑,0.0,6.0,0.0,1.0
配置,0.0,6.0,0.0,1.0
及其,0.0,12.0,0.0,1.0
所,0.0,39.0,0.0,1.0
净额,3.0,0.0,1.0,0.0
亿元,0.0,51.0,0.0,1.0
万,3.0,39.0,0.07142857142857142,0.9285714285714286
五千,0.0,9.0,0.0,1.0
15.75,0.0,9.0,0.0,1.0
农行,6.0,0.0,1.0,0.0
线图,0.0,9.0,0.0,1.0
有国改,0.0,57.0,0.0,1.0
南京,0.0,36.0,0.0,1.0
737.107,0.0,3.0,0.0,1.0
一季度,0.0,12.0,0.0,1.0
531,0.0,6.0,0.0,1.0
社区,0.0,3.0,0.0,1.0
971.27600712,0.0,6.0,0.0,1.0
2726.5126,0.0,3.0,0.0,1.0
别的,6.0,0.0,1.0,0.0
3912600452,0.0,3.0,0.0,1.0
刚刚,9.0,0.0,1.0,0.0
趋势,0.0,153.0,0.0,1.0
而,12.0,87.0,0.12121212121212122,0.8787878787878788
进国改,0.0,15.0,0.0,1.0
地产,0.0,114.0,0.0,1.0
A股,0.0,3.0,0.0,1.0
600105,0.0,3.0,0.0,1.0
如此,0.0,3.0,0.0,1.0
2.03,0.0,6.0,0.0,1.0
中化,0.0,3.0,0.0,1.0
研报,0.0,24.0,0.0,1.0
贝尔蒙,0.0,3.0,0.0,1.0
１,6.0,0.0,1.0,0.0
利润分配,0.0,3.0,0.0,1.0
044,0.0,3.0,0.0,1.0
B,0.0,6.0,0.0,1.0
天地,0.0,12.0,0.0,1.0
udu147XYsvrNextagAtsaytsay,0.0,3.0,0.0,1.0
徐家汇,0.0,39.0,0.0,1.0
：,12.0,786.0,0.015037593984962405,0.9849624060150376
估值,0.0,69.0,0.0,1.0
金红利,0.0,6.0,0.0,1.0
多空,0.0,72.0,0.0,1.0
新兴,0.0,6.0,0.0,1.0
白云山,0.0,9.0,0.0,1.0
达刚,0.0,6.0,0.0,1.0
0.3910,0.0,3.0,0.0,1.0
4.56600861,0.0,3.0,0.0,1.0
利用,0.0,12.0,0.0,1.0
占,0.0,315.0,0.0,1.0
炭素,0.0,12.0,0.0,1.0
1.690,0.0,3.0,0.0,1.0
还,15.0,264.0,0.053763440860215055,0.946236559139785
当年,0.0,3.0,0.0,1.0
顺便,0.0,3.0,0.0,1.0
138.4,0.0,3.0,0.0,1.0
短期,0.0,9.0,0.0,1.0
集体,3.0,0.0,1.0,0.0
世纪,30.0,18.0,0.625,0.375
岳阳林纸,0.0,3.0,0.0,1.0
我们,0.0,27.0,0.0,1.0
参股,0.0,3.0,0.0,1.0
000701,0.0,3.0,0.0,1.0
25.83,0.0,9.0,0.0,1.0
3.39,0.0,3.0,0.0,1.0
588,0.0,3.0,0.0,1.0
FsPCYp9BngUCRCV31BnuROjkrbvdyZge2EYX6kOM5zD5TQdy82L,0.0,3.0,0.0,1.0
啥,9.0,0.0,1.0,0.0
460.11002136,0.0,3.0,0.0,1.0
75,0.0,3.0,0.0,1.0
以上,0.0,15.0,0.0,1.0
第一,0.0,927.0,0.0,1.0
空涨,0.0,3.0,0.0,1.0
擅自,0.0,3.0,0.0,1.0
5.341,0.0,3.0,0.0,1.0
20000166,0.0,3.0,0.0,1.0
天价,0.0,3.0,0.0,1.0
890.78601579,0.0,3.0,0.0,1.0
679.299,0.0,12.0,0.0,1.0
3.05,0.0,3.0,0.0,1.0
8815.2715,0.0,3.0,0.0,1.0
11.14,0.0,3.0,0.0,1.0
通信,0.0,9.0,0.0,1.0
附股,0.0,9.0,0.0,1.0
商业,6.0,252.0,0.023255813953488372,0.9767441860465116
低位,0.0,3.0,0.0,1.0
太,0.0,12.0,0.0,1.0
000729,0.0,12.0,0.0,1.0
日期,0.0,21.0,0.0,1.0
科士达,0.0,3.0,0.0,1.0
注意,9.0,15.0,0.375,0.625
tl,0.0,9.0,0.0,1.0
极度,0.0,9.0,0.0,1.0
予以,6.0,0.0,1.0,0.0
600712,0.0,9.0,0.0,1.0
第,12.0,57.0,0.17391304347826086,0.8260869565217391
每股,0.0,15.0,0.0,1.0
持有,0.0,765.0,0.0,1.0
001696,0.0,3.0,0.0,1.0
旅游事业,0.0,3.0,0.0,1.0
600325,0.0,3.0,0.0,1.0
东北,0.0,3.0,0.0,1.0
涪陵,0.0,9.0,0.0,1.0
3.501,0.0,6.0,0.0,1.0
特发,0.0,3.0,0.0,1.0
122387,0.0,6.0,0.0,1.0
716.15,0.0,3.0,0.0,1.0
0814.3214,0.0,3.0,0.0,1.0
上市,0.0,15.0,0.0,1.0
132,0.0,9.0,0.0,1.0
其,6.0,30.0,0.16666666666666666,0.8333333333333334
9018.7418,0.0,3.0,0.0,1.0
中航,0.0,72.0,0.0,1.0
新华,0.0,30.0,0.0,1.0
东南,9.0,3.0,0.75,0.25
透露,0.0,66.0,0.0,1.0
600166,0.0,48.0,0.0,1.0
瑞益,0.0,6.0,0.0,1.0
0.425,0.0,3.0,0.0,1.0
资格,0.0,3.0,0.0,1.0
8810600861,0.0,9.0,0.0,1.0
弹性,0.0,69.0,0.0,1.0
正在,0.0,18.0,0.0,1.0
700,0.0,3.0,0.0,1.0
开具,0.0,3.0,0.0,1.0
理论,0.0,3.0,0.0,1.0
新阳,0.0,3.0,0.0,1.0
没用,0.0,6.0,0.0,1.0
052,0.0,3.0,0.0,1.0
中国农业银行,0.0,3.0,0.0,1.0
2.150,0.0,3.0,0.0,1.0
600496,0.0,6.0,0.0,1.0
精准,0.0,3.0,0.0,1.0
美菱电器,0.0,12.0,0.0,1.0
002518,0.0,3.0,0.0,1.0
进行,0.0,75.0,0.0,1.0
600826,0.0,3.0,0.0,1.0
管理中心,0.0,18.0,0.0,1.0
另一只,0.0,3.0,0.0,1.0
18,0.0,12.0,0.0,1.0
345.42,0.0,3.0,0.0,1.0
生活,3.0,6.0,0.3333333333333333,0.6666666666666666
220,0.0,12.0,0.0,1.0
［,0.0,24.0,0.0,1.0
议事规则,0.0,6.0,0.0,1.0
P,0.0,9.0,0.0,1.0
科技,0.0,36.0,0.0,1.0
称该,6.0,0.0,1.0,0.0
中原,0.0,6.0,0.0,1.0
6329000876,0.0,3.0,0.0,1.0
蓉,0.0,3.0,0.0,1.0
商业城,0.0,3.0,0.0,1.0
过,3.0,0.0,1.0,0.0
406,0.0,6.0,0.0,1.0
临,0.0,6.0,0.0,1.0
3.67,0.0,3.0,0.0,1.0
260.29603167,0.0,3.0,0.0,1.0
威华,0.0,3.0,0.0,1.0
60089,0.0,3.0,0.0,1.0
感觉,0.0,9.0,0.0,1.0
宣传材料,0.0,3.0,0.0,1.0
议案,0.0,18.0,0.0,1.0
34.325,0.0,3.0,0.0,1.0
13.82,0.0,3.0,0.0,1.0
44.90,0.0,6.0,0.0,1.0
合法,3.0,0.0,1.0,0.0
安泰,0.0,15.0,0.0,1.0
i,0.0,3.0,0.0,1.0
又,0.0,15.0,0.0,1.0
理财,0.0,216.0,0.0,1.0
颜值,0.0,12.0,0.0,1.0
各位,0.0,6.0,0.0,1.0
好奇,0.0,3.0,0.0,1.0
亿左右,0.0,18.0,0.0,1.0
1.1711,0.0,3.0,0.0,1.0
建投,0.0,6.0,0.0,1.0
大会,0.0,3.0,0.0,1.0
没有,0.0,6.0,0.0,1.0
可能性,0.0,6.0,0.0,1.0
972.51600861,0.0,3.0,0.0,1.0
中华人民共和国,0.0,6.0,0.0,1.0
上海,9.0,369.0,0.023809523809523808,0.9761904761904762
实施,0.0,3.0,0.0,1.0
核心人物,0.0,3.0,0.0,1.0
Amazon,0.0,3.0,0.0,1.0
符合,0.0,27.0,0.0,1.0
概念,24.0,288.0,0.07692307692307693,0.9230769230769231
680.00,0.0,3.0,0.0,1.0
2.58,0.0,3.0,0.0,1.0
创新,6.0,9.0,0.4,0.6
11002.23,0.0,6.0,0.0,1.0
零售,0.0,87.0,0.0,1.0
b,0.0,3.0,0.0,1.0
com,0.0,9.0,0.0,1.0
天马,0.0,6.0,0.0,1.0
指,3.0,0.0,1.0,0.0
创业,0.0,6.0,0.0,1.0
有色,0.0,12.0,0.0,1.0
0.719,0.0,3.0,0.0,1.0
开展,0.0,12.0,0.0,1.0
到底,9.0,0.0,1.0,0.0
◆,0.0,3.0,0.0,1.0
—,0.0,81.0,0.0,1.0
起动,0.0,3.0,0.0,1.0
股法,0.0,3.0,0.0,1.0
政府,0.0,15.0,0.0,1.0
卖,0.0,9.0,0.0,1.0
继续,6.0,51.0,0.10526315789473684,0.8947368421052632
出售,0.0,3.0,0.0,1.0
申达,0.0,3.0,0.0,1.0
431.05600497,0.0,3.0,0.0,1.0
山东,0.0,81.0,0.0,1.0
周年,0.0,3.0,0.0,1.0
化工,0.0,48.0,0.0,1.0
400.92002069,0.0,3.0,0.0,1.0
重阳,0.0,3.0,0.0,1.0
0.0763,0.0,3.0,0.0,1.0
列入,0.0,3.0,0.0,1.0
触及,0.0,3.0,0.0,1.0
642,0.0,15.0,0.0,1.0
14.27600435,0.0,3.0,0.0,1.0
资金占用,0.0,9.0,0.0,1.0
520.00,0.0,3.0,0.0,1.0
15.400,0.0,12.0,0.0,1.0
648,0.0,3.0,0.0,1.0
1.380,0.0,6.0,0.0,1.0
湖南投资,0.0,6.0,0.0,1.0
现在,0.0,18.0,0.0,1.0
0677.9778,0.0,3.0,0.0,1.0
51600838,0.0,3.0,0.0,1.0
600864,0.0,57.0,0.0,1.0
翠微,0.0,87.0,0.0,1.0
B2C,0.0,6.0,0.0,1.0
七,0.0,3.0,0.0,1.0
3016600861,0.0,3.0,0.0,1.0
和晶,0.0,3.0,0.0,1.0
时,12.0,9.0,0.5714285714285714,0.42857142857142855
张家港,0.0,3.0,0.0,1.0
逻辑,0.0,3.0,0.0,1.0
红阳,0.0,9.0,0.0,1.0
15.21,0.0,3.0,0.0,1.0
城市核心,0.0,3.0,0.0,1.0
5.334,0.0,3.0,0.0,1.0
2.22,0.0,9.0,0.0,1.0
一分钟,0.0,3.0,0.0,1.0
233,0.0,6.0,0.0,1.0
房租,3.0,0.0,1.0,0.0
43.91,0.0,3.0,0.0,1.0
600021,0.0,3.0,0.0,1.0
京,0.0,18.0,0.0,1.0
300103,0.0,6.0,0.0,1.0
房价,0.0,9.0,0.0,1.0
无偿,0.0,12.0,0.0,1.0
新潮,0.0,6.0,0.0,1.0
600332,0.0,3.0,0.0,1.0
4113.3213,0.0,3.0,0.0,1.0
不断,0.0,3.0,0.0,1.0
138,0.0,3.0,0.0,1.0
演绎,0.0,6.0,0.0,1.0
一条,0.0,3.0,0.0,1.0
作为,0.0,6.0,0.0,1.0
回调,9.0,9.0,0.5,0.5
上述,7.0,0.0,1.0,0.0
驰宏,0.0,3.0,0.0,1.0
至,3.0,21.0,0.125,0.875
发力,0.0,6.0,0.0,1.0
泰,0.0,3.0,0.0,1.0
成为,9.0,12.0,0.42857142857142855,0.5714285714285714
300072,0.0,42.0,0.0,1.0
23.58,0.0,3.0,0.0,1.0
潜在,0.0,3.0,0.0,1.0
联华,0.0,3.0,0.0,1.0
同期,3.0,3.0,0.5,0.5
600666,0.0,3.0,0.0,1.0
购房,0.0,3.0,0.0,1.0
0.270,0.0,3.0,0.0,1.0
1.250,0.0,3.0,0.0,1.0
精伦,0.0,12.0,0.0,1.0
或,6.0,30.0,0.16666666666666666,0.8333333333333334
570,0.0,3.0,0.0,1.0
3.2215,0.0,3.0,0.0,1.0
非经营性,0.0,9.0,0.0,1.0
要点,0.0,15.0,0.0,1.0
看,6.0,21.0,0.2222222222222222,0.7777777777777778
推荐,0.0,111.0,0.0,1.0
规定,6.0,15.0,0.2857142857142857,0.7142857142857143
6,0.0,291.0,0.0,1.0
介入,6.0,6.0,0.5,0.5
界,0.0,3.0,0.0,1.0
软蛋,9.0,0.0,1.0,0.0
何原因,0.0,12.0,0.0,1.0
10.01,0.0,3.0,0.0,1.0
视网膜,3.0,0.0,1.0,0.0
初期,0.0,3.0,0.0,1.0
五稀,0.0,3.0,0.0,1.0
000715,0.0,3.0,0.0,1.0
特意,0.0,3.0,0.0,1.0
自下而上,0.0,12.0,0.0,1.0
002277,0.0,3.0,0.0,1.0
63,0.0,9.0,0.0,1.0
风雨,6.0,0.0,1.0,0.0
78,0.0,6.0,0.0,1.0
凯乐,0.0,3.0,0.0,1.0
方向,15.0,63.0,0.19230769230769232,0.8076923076923077
700.000,0.0,3.0,0.0,1.0
促,0.0,6.0,0.0,1.0
赎回,0.0,3.0,0.0,1.0
724,0.0,3.0,0.0,1.0
4.06,0.0,3.0,0.0,1.0
落成,0.0,3.0,0.0,1.0
Ⅰ,0.0,3.0,0.0,1.0
410.82600969,0.0,3.0,0.0,1.0
客观性,0.0,6.0,0.0,1.0
代码,0.0,18.0,0.0,1.0
信托,0.0,615.0,0.0,1.0
大连,0.0,126.0,0.0,1.0
121.18600987,0.0,3.0,0.0,1.0
相对,0.0,36.0,0.0,1.0
涨价,0.0,6.0,0.0,1.0
本期,6.0,0.0,1.0,0.0
乐山,0.0,9.0,0.0,1.0
草案,0.0,3.0,0.0,1.0
皮城,0.0,27.0,0.0,1.0
嫖,9.0,0.0,1.0,0.0
新,9.0,138.0,0.061224489795918366,0.9387755102040817
2254600861,0.0,3.0,0.0,1.0
主攻,3.0,0.0,1.0,0.0
视讯,0.0,1008.0,0.0,1.0
264,0.0,3.0,0.0,1.0
9.2,0.0,3.0,0.0,1.0
先后,0.0,3.0,0.0,1.0
能,3.0,9.0,0.25,0.75
达,0.0,12.0,0.0,1.0
②,0.0,24.0,0.0,1.0
萎缩,0.0,9.0,0.0,1.0
793,0.0,21.0,0.0,1.0
庆典,0.0,3.0,0.0,1.0
409,0.0,3.0,0.0,1.0
人,9.0,33.0,0.21428571428571427,0.7857142857142857
0.818,0.0,3.0,0.0,1.0
340,0.0,6.0,0.0,1.0
晨光,0.0,6.0,0.0,1.0
3.23,0.0,3.0,0.0,1.0
找,0.0,3.0,0.0,1.0
3.09,0.0,3.0,0.0,1.0
600322,0.0,3.0,0.0,1.0
一干,0.0,3.0,0.0,1.0
管委会,0.0,6.0,0.0,1.0
分户,0.0,3.0,0.0,1.0
14.76,0.0,3.0,0.0,1.0
2.7122,0.0,3.0,0.0,1.0
573,0.0,3.0,0.0,1.0
陷入,0.0,12.0,0.0,1.0
方,0.0,3.0,0.0,1.0
341.31,0.0,123.0,0.0,1.0
来,0.0,6.0,0.0,1.0
1.68,0.0,12.0,0.0,1.0
基本,0.0,12.0,0.0,1.0
提高,6.0,9.0,0.4,0.6
000521,0.0,6.0,0.0,1.0
坚守,0.0,96.0,0.0,1.0
北京城,0.0,102.0,0.0,1.0
商城,3.0,3.0,0.5,0.5
PPP,0.0,3.0,0.0,1.0
表达,0.0,3.0,0.0,1.0
华新水泥,0.0,6.0,0.0,1.0
托,0.0,3.0,0.0,1.0
530.94600644,0.0,3.0,0.0,1.0
固定资产,0.0,6.0,0.0,1.0
成立,0.0,6.0,0.0,1.0
波导,0.0,3.0,0.0,1.0
0.08100,0.0,3.0,0.0,1.0
sourcepic,0.0,3.0,0.0,1.0
亿千瓦时,0.0,3.0,0.0,1.0
600618,0.0,9.0,0.0,1.0
0.568,0.0,6.0,0.0,1.0
23.43,0.0,3.0,0.0,1.0
貌似,18.0,0.0,1.0,0.0
控股,0.0,105.0,0.0,1.0
花乡,0.0,6.0,0.0,1.0
扒,0.0,6.0,0.0,1.0
494,0.0,3.0,0.0,1.0
新年,9.0,0.0,1.0,0.0
集团股份,0.0,6.0,0.0,1.0
真邪,0.0,3.0,0.0,1.0
很,0.0,3.0,0.0,1.0
马路,0.0,9.0,0.0,1.0
胜利,0.0,3.0,0.0,1.0
老年,0.0,3.0,0.0,1.0
0.97,0.0,6.0,0.0,1.0
北京市,3.0,225.0,0.013157894736842105,0.9868421052631579
延期,0.0,3.0,0.0,1.0
类,0.0,12.0,0.0,1.0
原因无他,0.0,3.0,0.0,1.0
路桥,0.0,24.0,0.0,1.0
供水,1.0,0.0,1.0,0.0
高多,0.0,6.0,0.0,1.0
从,0.0,186.0,0.0,1.0
家庭,0.0,24.0,0.0,1.0
777,0.0,3.0,0.0,1.0
跌,0.0,42.0,0.0,1.0
辣,0.0,12.0,0.0,1.0
3.27,0.0,12.0,0.0,1.0
002640,0.0,3.0,0.0,1.0
投银泰,0.0,18.0,0.0,1.0
皖能,0.0,12.0,0.0,1.0
535,0.0,9.0,0.0,1.0
必有,0.0,9.0,0.0,1.0
资源,0.0,6.0,0.0,1.0
事务所律师,0.0,3.0,0.0,1.0
发,0.0,3.0,0.0,1.0
湖北,0.0,6.0,0.0,1.0
149.74,0.0,3.0,0.0,1.0
余宗,3.0,0.0,1.0,0.0
00XD,0.0,3.0,0.0,1.0
077.100,0.0,3.0,0.0,1.0
0.000,0.0,9.0,0.0,1.0
款,9.0,0.0,1.0,0.0
10.00,0.0,6.0,0.0,1.0
海天,0.0,3.0,0.0,1.0
燕兴,0.0,36.0,0.0,1.0
863,0.0,12.0,0.0,1.0
共计,0.0,33.0,0.0,1.0
499,0.0,6.0,0.0,1.0
生态,0.0,6.0,0.0,1.0
3111.2511,0.0,3.0,0.0,1.0
副,0.0,3.0,0.0,1.0
民营,0.0,3.0,0.0,1.0
1.06,0.0,12.0,0.0,1.0
实践经验,0.0,3.0,0.0,1.0
英文名称,12.0,0.0,1.0,0.0
责令,12.0,0.0,1.0,0.0
490.56600510,0.0,3.0,0.0,1.0
产权证,0.0,9.0,0.0,1.0
2.410,0.0,3.0,0.0,1.0
眼科,0.0,9.0,0.0,1.0
宣传部,3.0,0.0,1.0,0.0
定额,0.0,3.0,0.0,1.0
吆喝,0.0,3.0,0.0,1.0
效用,6.0,0.0,1.0,0.0
11.99,0.0,3.0,0.0,1.0
],0.0,21.0,0.0,1.0
14.77,0.0,3.0,0.0,1.0
龙山,0.0,3.0,0.0,1.0
007,0.0,3.0,0.0,1.0
空间,6.0,66.0,0.08333333333333333,0.9166666666666666
1.300,0.0,12.0,0.0,1.0
贴,6.0,3.0,0.6666666666666666,0.3333333333333333
珠江,0.0,24.0,0.0,1.0
下行,0.0,9.0,0.0,1.0
01,0.0,12.0,0.0,1.0
11.16,0.0,3.0,0.0,1.0
整治,3.0,6.0,0.3333333333333333,0.6666666666666666
海南省,0.0,6.0,0.0,1.0
广电,0.0,3.0,0.0,1.0
47,0.0,3.0,0.0,1.0
16.89,0.0,9.0,0.0,1.0
中机,0.0,3.0,0.0,1.0
处于,0.0,30.0,0.0,1.0
4.82,0.0,15.0,0.0,1.0
868.00,0.0,3.0,0.0,1.0
972,0.0,3.0,0.0,1.0
20600418,0.0,3.0,0.0,1.0
工具,0.0,6.0,0.0,1.0
比,0.0,147.0,0.0,1.0
宏达,0.0,3.0,0.0,1.0
南宁,0.0,42.0,0.0,1.0
这三大,0.0,3.0,0.0,1.0
电,0.0,12.0,0.0,1.0
个别,0.0,3.0,0.0,1.0
3915.5315,0.0,3.0,0.0,1.0
中昆,0.0,3.0,0.0,1.0
49.8,0.0,3.0,0.0,1.0
下单,0.0,3.0,0.0,1.0
效应,0.0,3.0,0.0,1.0
宁波,0.0,72.0,0.0,1.0
48.092,0.0,3.0,0.0,1.0
439.509,0.0,6.0,0.0,1.0
隆平,0.0,6.0,0.0,1.0
本期发生,3.0,0.0,1.0,0.0
300065,0.0,3.0,0.0,1.0
30016.2815,0.0,3.0,0.0,1.0
为了,0.0,9.0,0.0,1.0
湖南,0.0,15.0,0.0,1.0
所有,0.0,24.0,0.0,1.0
入股,0.0,3.0,0.0,1.0
238.52,0.0,3.0,0.0,1.0
国机,0.0,411.0,0.0,1.0
个,0.0,12.0,0.0,1.0
国企改革,0.0,966.0,0.0,1.0
945.382,0.0,3.0,0.0,1.0
50.472,0.0,3.0,0.0,1.0
1.630,0.0,6.0,0.0,1.0
排除,0.0,6.0,0.0,1.0
减量,0.0,30.0,0.0,1.0
东扩,0.0,3.0,0.0,1.0
一旦,0.0,3.0,0.0,1.0
副镇长,0.0,3.0,0.0,1.0
）,6.0,1206.0,0.0049504950495049506,0.995049504950495
据,0.0,6.0,0.0,1.0
9000,0.0,6.0,0.0,1.0
2.6723,0.0,3.0,0.0,1.0
002657,0.0,3.0,0.0,1.0
弘业,0.0,3.0,0.0,1.0
智能,0.0,3.0,0.0,1.0
反弹,0.0,9.0,0.0,1.0
净值,0.0,9.0,0.0,1.0
有所,0.0,9.0,0.0,1.0
48,0.0,9.0,0.0,1.0
48002538,0.0,3.0,0.0,1.0
金从,0.0,3.0,0.0,1.0
首开,0.0,21.0,0.0,1.0
351.02600313,0.0,3.0,0.0,1.0
357.948,0.0,3.0,0.0,1.0
2.84,0.0,3.0,0.0,1.0
投票,0.0,3.0,0.0,1.0
1.411,0.0,12.0,0.0,1.0
天虹,0.0,153.0,0.0,1.0
国际,0.0,63.0,0.0,1.0
律师,0.0,12.0,0.0,1.0
B2B,0.0,12.0,0.0,1.0
603968,0.0,3.0,0.0,1.0
002344,0.0,3.0,0.0,1.0
三十五万,0.0,3.0,0.0,1.0
<,0.0,9.0,0.0,1.0
278,0.0,3.0,0.0,1.0
34,0.0,6.0,0.0,1.0
65,0.0,6.0,0.0,1.0
何去何从,0.0,9.0,0.0,1.0
广场,30.0,18.0,0.625,0.375
022,0.0,3.0,0.0,1.0
开滦,0.0,3.0,0.0,1.0
5.353,0.0,3.0,0.0,1.0
购买,3.0,3.0,0.5,0.5
富兴,0.0,15.0,0.0,1.0
诉至,0.0,3.0,0.0,1.0
747.75,0.0,3.0,0.0,1.0
5.55,0.0,3.0,0.0,1.0
SRC,0.0,9.0,0.0,1.0
更是,0.0,3.0,0.0,1.0
634.20,0.0,3.0,0.0,1.0
前多,0.0,3.0,0.0,1.0
盲目,0.0,9.0,0.0,1.0
以,3.0,24.0,0.1111111111111111,0.8888888888888888
彬,0.0,6.0,0.0,1.0
目标,0.0,15.0,0.0,1.0
逾期,6.0,0.0,1.0,0.0
千万吨,0.0,3.0,0.0,1.0
步步,0.0,12.0,0.0,1.0
619,0.0,3.0,0.0,1.0
等待,0.0,57.0,0.0,1.0
遭,0.0,3.0,0.0,1.0
小,27.0,33.0,0.45,0.55
国家,0.0,12.0,0.0,1.0
纳,0.0,3.0,0.0,1.0
0.3912,0.0,3.0,0.0,1.0
品种,0.0,33.0,0.0,1.0
井,0.0,3.0,0.0,1.0
鹏,0.0,6.0,0.0,1.0
带来,0.0,15.0,0.0,1.0
退出,0.0,15.0,0.0,1.0
不能,0.0,12.0,0.0,1.0
4410600861,0.0,3.0,0.0,1.0
孕育,0.0,3.0,0.0,1.0
交易,0.0,105.0,0.0,1.0
股除,0.0,3.0,0.0,1.0
600128,0.0,3.0,0.0,1.0
第三季,0.0,9.0,0.0,1.0
阿里,0.0,21.0,0.0,1.0
1.230,0.0,3.0,0.0,1.0
业务,0.0,81.0,0.0,1.0
经,0.0,18.0,0.0,1.0
11.3910,0.0,3.0,0.0,1.0
4311603020,0.0,3.0,0.0,1.0
传统,0.0,24.0,0.0,1.0
398,0.0,3.0,0.0,1.0
需求,0.0,3.0,0.0,1.0
/,0.0,99.0,0.0,1.0
逐渐,0.0,6.0,0.0,1.0
08,0.0,6.0,0.0,1.0
另一方面,0.0,3.0,0.0,1.0
申万,0.0,3.0,0.0,1.0
陈建平,0.0,3.0,0.0,1.0
490,0.0,6.0,0.0,1.0
洛,0.0,3.0,0.0,1.0
地图搜索,9.0,3.0,0.75,0.25
这项,3.0,0.0,1.0,0.0
旅行社,0.0,6.0,0.0,1.0
服饰,0.0,3.0,0.0,1.0
阳光,0.0,3.0,0.0,1.0
友,0.0,21.0,0.0,1.0
明年,0.0,3.0,0.0,1.0
执法,6.0,6.0,0.5,0.5
7.86,0.0,12.0,0.0,1.0
农村,0.0,3.0,0.0,1.0
证券网,0.0,3.0,0.0,1.0
耀皮,0.0,3.0,0.0,1.0
0.569,0.0,3.0,0.0,1.0
GO,0.0,3.0,0.0,1.0
6917.1217,0.0,3.0,0.0,1.0
600870,0.0,12.0,0.0,1.0
必然,0.0,3.0,0.0,1.0
天津港,0.0,3.0,0.0,1.0
铜业,0.0,9.0,0.0,1.0
昨日,0.0,3.0,0.0,1.0
有限责任,0.0,126.0,0.0,1.0
挂,0.0,12.0,0.0,1.0
14.73,0.0,3.0,0.0,1.0
1311.9611,0.0,3.0,0.0,1.0
248,0.0,6.0,0.0,1.0
600683,0.0,18.0,0.0,1.0
时前,6.0,0.0,1.0,0.0
573.60,0.0,3.0,0.0,1.0
3,15.0,213.0,0.06578947368421052,0.9342105263157895
记者,30.0,24.0,0.5555555555555556,0.4444444444444444
第四十二,0.0,3.0,0.0,1.0
作价,0.0,36.0,0.0,1.0
新增,0.0,12.0,0.0,1.0
助力,0.0,9.0,0.0,1.0
北区,0.0,3.0,0.0,1.0
931.13600806,0.0,3.0,0.0,1.0
空港,0.0,30.0,0.0,1.0
万润,0.0,3.0,0.0,1.0
万华,0.0,3.0,0.0,1.0
谁,3.0,0.0,1.0,0.0
昆机,0.0,3.0,0.0,1.0
网点,0.0,3.0,0.0,1.0
中工,0.0,3.0,0.0,1.0
第六,0.0,30.0,0.0,1.0
第三梯队,0.0,3.0,0.0,1.0
452.80,0.0,3.0,0.0,1.0
把握,0.0,3.0,0.0,1.0
504,0.0,3.0,0.0,1.0
710.83600743,0.0,3.0,0.0,1.0
000528,0.0,6.0,0.0,1.0
厦门,0.0,12.0,0.0,1.0
州长,0.0,3.0,0.0,1.0
业余,0.0,3.0,0.0,1.0
九百,0.0,3.0,0.0,1.0
两会,0.0,3.0,0.0,1.0
初现,0.0,12.0,0.0,1.0
435,0.0,3.0,0.0,1.0
发展前景,0.0,15.0,0.0,1.0
5430600861,0.0,3.0,0.0,1.0
969.189,0.0,3.0,0.0,1.0
775,0.0,3.0,0.0,1.0
11,3.0,12.0,0.2,0.8
七年,0.0,3.0,0.0,1.0
4.67,0.0,15.0,0.0,1.0
北巴,0.0,69.0,0.0,1.0
公司公告,0.0,12.0,0.0,1.0
欧股,0.0,12.0,0.0,1.0
长白山,0.0,3.0,0.0,1.0
其他,3.0,6.0,0.3333333333333333,0.6666666666666666
400.57600861,0.0,3.0,0.0,1.0
000548,0.0,6.0,0.0,1.0
儿,0.0,3.0,0.0,1.0
千合,0.0,78.0,0.0,1.0
水泥,0.0,6.0,0.0,1.0
海淀区,0.0,3.0,0.0,1.0
监察,0.0,6.0,0.0,1.0
0.74,0.0,3.0,0.0,1.0
广百,0.0,15.0,0.0,1.0
京客隆,0.0,3.0,0.0,1.0
98,0.0,3.0,0.0,1.0
2.34,0.0,6.0,0.0,1.0
20161004,0.0,3.0,0.0,1.0
浙能,0.0,6.0,0.0,1.0
同比增加,0.0,3.0,0.0,1.0
支行,0.0,3.0,0.0,1.0
法,0.0,6.0,0.0,1.0
910.98600895,0.0,3.0,0.0,1.0
PMI,0.0,6.0,0.0,1.0
1416000783,0.0,3.0,0.0,1.0
吧,30.0,105.0,0.2222222222222222,0.7777777777777778
3195,6.0,0.0,1.0,0.0
暨,0.0,21.0,0.0,1.0
世名,0.0,3.0,0.0,1.0
兴华,0.0,3.0,0.0,1.0
跌幅,0.0,15.0,0.0,1.0
煤炉,0.0,3.0,0.0,1.0
顶,0.0,3.0,0.0,1.0
594,0.0,9.0,0.0,1.0
早,3.0,0.0,1.0,0.0
名称,0.0,9.0,0.0,1.0
期间,0.0,3.0,0.0,1.0
出来,0.0,3.0,0.0,1.0
走出,0.0,3.0,0.0,1.0
光电,0.0,6.0,0.0,1.0
反映,0.0,9.0,0.0,1.0
722.18600301,0.0,3.0,0.0,1.0
779.909,0.0,12.0,0.0,1.0
7521600861,0.0,6.0,0.0,1.0
中关村,0.0,3.0,0.0,1.0
不佳,0.0,6.0,0.0,1.0
概率,0.0,15.0,0.0,1.0
第二次,0.0,9.0,0.0,1.0
注册商标,0.0,3.0,0.0,1.0
工,0.0,3.0,0.0,1.0
把,0.0,6.0,0.0,1.0
】,0.0,48.0,0.0,1.0
0.6100,0.0,3.0,0.0,1.0
物产,0.0,3.0,0.0,1.0
603167,0.0,3.0,0.0,1.0
1.074,0.0,12.0,0.0,1.0
600626,0.0,3.0,0.0,1.0
门前,6.0,0.0,1.0,0.0
16.14,0.0,9.0,0.0,1.0
北京城乡贸易中心,0.0,12.0,0.0,1.0
电力,0.0,63.0,0.0,1.0
0.682,0.0,3.0,0.0,1.0
窃以为,6.0,0.0,1.0,0.0
临时,0.0,60.0,0.0,1.0
超过,0.0,21.0,0.0,1.0
394.604,0.0,3.0,0.0,1.0
速递,0.0,6.0,0.0,1.0
098,0.0,6.0,0.0,1.0
520.88600355,0.0,12.0,0.0,1.0
cn,0.0,12.0,0.0,1.0
高档,0.0,3.0,0.0,1.0
661.20601339,0.0,3.0,0.0,1.0
382.613,0.0,3.0,0.0,1.0
醋化,0.0,3.0,0.0,1.0
来临,0.0,3.0,0.0,1.0
昂立,0.0,3.0,0.0,1.0
资金,0.0,483.0,0.0,1.0
优势,0.0,18.0,0.0,1.0
行为,6.0,0.0,1.0,0.0
养老保险,0.0,12.0,0.0,1.0
399,0.0,3.0,0.0,1.0
640.68,0.0,6.0,0.0,1.0
002302,0.0,6.0,0.0,1.0
放量,0.0,3.0,0.0,1.0
板块,0.0,45.0,0.0,1.0
中钢,0.0,6.0,0.0,1.0
000007,0.0,12.0,0.0,1.0
锁仓,0.0,3.0,0.0,1.0
角度,0.0,3.0,0.0,1.0
xml,0.0,3.0,0.0,1.0
2.77,0.0,6.0,0.0,1.0
5117.8017,0.0,3.0,0.0,1.0
希望,0.0,3.0,0.0,1.0
三七,0.0,3.0,0.0,1.0
5311.5911,0.0,3.0,0.0,1.0
华业,0.0,3.0,0.0,1.0
综合,3.0,6.0,0.3333333333333333,0.6666666666666666
生物,0.0,6.0,0.0,1.0
三只,0.0,3.0,0.0,1.0
强制,6.0,0.0,1.0,0.0
日至,0.0,3.0,0.0,1.0
董事会,0.0,30.0,0.0,1.0
出,24.0,3.0,0.8888888888888888,0.1111111111111111
680,0.0,3.0,0.0,1.0
宗旨,0.0,3.0,0.0,1.0
展示,3.0,0.0,1.0,0.0
4.1,0.0,3.0,0.0,1.0
601333,0.0,3.0,0.0,1.0
去过,0.0,6.0,0.0,1.0
19572.62,0.0,3.0,0.0,1.0
而且,0.0,12.0,0.0,1.0
中档,0.0,3.0,0.0,1.0
32300065,0.0,3.0,0.0,1.0
文件,0.0,3.0,0.0,1.0
清松,0.0,9.0,0.0,1.0
21352,0.0,9.0,0.0,1.0
d,0.0,3.0,0.0,1.0
示范,0.0,3.0,0.0,1.0
信拟,0.0,3.0,0.0,1.0
600814,0.0,3.0,0.0,1.0
台阶,0.0,18.0,0.0,1.0
穿,0.0,9.0,0.0,1.0
独立,0.0,9.0,0.0,1.0
百隆,0.0,3.0,0.0,1.0
系,0.0,6.0,0.0,1.0
0.004,0.0,3.0,0.0,1.0
点评,0.0,3.0,0.0,1.0
128,0.0,3.0,0.0,1.0
重仓,0.0,18.0,0.0,1.0
组合,0.0,33.0,0.0,1.0
经济,0.0,12.0,0.0,1.0
供暖,0.0,6.0,0.0,1.0
672,0.0,3.0,0.0,1.0
增量,0.0,51.0,0.0,1.0
折价,0.0,6.0,0.0,1.0
热电,0.0,123.0,0.0,1.0
成长,0.0,3.0,0.0,1.0
四川长虹,0.0,6.0,0.0,1.0
流通股,0.0,255.0,0.0,1.0
升值,0.0,15.0,0.0,1.0
前期,0.0,3.0,0.0,1.0
路店,0.0,6.0,0.0,1.0
2.771,0.0,3.0,0.0,1.0
钢,0.0,3.0,0.0,1.0
51.43,3.0,0.0,1.0,0.0
抢,0.0,3.0,0.0,1.0
胜,0.0,9.0,0.0,1.0
五毛,0.0,9.0,0.0,1.0
VICTORIAS,3.0,0.0,1.0,0.0
4,0.0,570.0,0.0,1.0
今日,0.0,18.0,0.0,1.0
1.11,0.0,3.0,0.0,1.0
牌中,0.0,3.0,0.0,1.0
龙建,0.0,3.0,0.0,1.0
酒店,0.0,114.0,0.0,1.0
海宁,0.0,27.0,0.0,1.0
734.582,0.0,6.0,0.0,1.0
570.63002787,0.0,3.0,0.0,1.0
OCOU,0.0,3.0,0.0,1.0
车辆,0.0,6.0,0.0,1.0
医药,0.0,963.0,0.0,1.0
可逢,0.0,3.0,0.0,1.0
382.61,0.0,3.0,0.0,1.0
王府井,0.0,206.0,0.0,1.0
391.3314,0.0,3.0,0.0,1.0
一样,0.0,3.0,0.0,1.0
委员会,0.0,3.0,0.0,1.0
对,0.0,150.0,0.0,1.0
256,0.0,12.0,0.0,1.0
600688,0.0,3.0,0.0,1.0
专项,0.0,9.0,0.0,1.0
敬请,0.0,9.0,0.0,1.0
聚飞,0.0,3.0,0.0,1.0
落地,0.0,15.0,0.0,1.0
银座,0.0,207.0,0.0,1.0
黑猫,0.0,6.0,0.0,1.0
2815.4115,0.0,3.0,0.0,1.0
3.8,0.0,3.0,0.0,1.0
债券,0.0,84.0,0.0,1.0
传媒,0.0,72.0,0.0,1.0
602.262,0.0,6.0,0.0,1.0
东百,0.0,24.0,0.0,1.0
靠,0.0,3.0,0.0,1.0
山,0.0,6.0,0.0,1.0
东方电子,0.0,3.0,0.0,1.0
则,9.0,78.0,0.10344827586206896,0.896551724137931
289,0.0,3.0,0.0,1.0
压力,0.0,18.0,0.0,1.0
卖點,0.0,3.0,0.0,1.0
盘面,0.0,3.0,0.0,1.0
似乎,0.0,6.0,0.0,1.0
中科,0.0,6.0,0.0,1.0
露露,0.0,6.0,0.0,1.0
53.56,0.0,3.0,0.0,1.0
小商品,0.0,24.0,0.0,1.0
00005,0.0,3.0,0.0,1.0
600858,0.0,66.0,0.0,1.0
认可,0.0,9.0,0.0,1.0
660.82600578,0.0,3.0,0.0,1.0
召集,0.0,3.0,0.0,1.0
化纤,0.0,15.0,0.0,1.0
财富,0.0,12.0,0.0,1.0
部门,6.0,0.0,1.0,0.0
报告,0.0,93.0,0.0,1.0
工业,0.0,15.0,0.0,1.0
家,6.0,120.0,0.047619047619047616,0.9523809523809523
包括,0.0,24.0,0.0,1.0
济川,0.0,3.0,0.0,1.0
功底,0.0,3.0,0.0,1.0
0.02,0.0,3.0,0.0,1.0
产业协会,0.0,3.0,0.0,1.0
华源,0.0,3.0,0.0,1.0
商场,0.0,138.0,0.0,1.0
一方面,0.0,3.0,0.0,1.0
4752.07,0.0,3.0,0.0,1.0
3715.2615,0.0,3.0,0.0,1.0
陈升,0.0,3.0,0.0,1.0
还有,0.0,6.0,0.0,1.0
6115.4715,0.0,3.0,0.0,1.0
静待,0.0,69.0,0.0,1.0
23.14,0.0,3.0,0.0,1.0
空头,0.0,57.0,0.0,1.0
85.4,0.0,3.0,0.0,1.0
易方达,0.0,6.0,0.0,1.0
两天,0.0,3.0,0.0,1.0
还是,0.0,141.0,0.0,1.0
40.861,0.0,3.0,0.0,1.0
014.56,0.0,3.0,0.0,1.0
X,0.0,18.0,0.0,1.0
营业,0.0,21.0,0.0,1.0
首旅,0.0,99.0,0.0,1.0
441.63600861,0.0,3.0,0.0,1.0
消费,0.0,24.0,0.0,1.0
神州,0.0,3.0,0.0,1.0
正确,0.0,5.0,0.0,1.0
熊猫,0.0,6.0,0.0,1.0
中信银行,0.0,12.0,0.0,1.0
中色,0.0,6.0,0.0,1.0
791.01600362,0.0,3.0,0.0,1.0
题材,0.0,3.0,0.0,1.0
0.2801,0.0,3.0,0.0,1.0
恰逢,0.0,3.0,0.0,1.0
有效,0.0,6.0,0.0,1.0
滴滴,27.0,0.0,1.0,0.0
叶群,0.0,3.0,0.0,1.0
西三环,0.0,3.0,0.0,1.0
清洁,0.0,6.0,0.0,1.0
隆基,0.0,6.0,0.0,1.0
君正,0.0,3.0,0.0,1.0
724.82,0.0,3.0,0.0,1.0
1.421,0.0,12.0,0.0,1.0
预计,0.0,6.0,0.0,1.0
056.003,0.0,3.0,0.0,1.0
292.8884,0.0,3.0,0.0,1.0
17.71,0.0,3.0,0.0,1.0
17.90,0.0,18.0,0.0,1.0
均线,0.0,87.0,0.0,1.0
500.00,0.0,9.0,0.0,1.0
维多利亚,21.0,3.0,0.875,0.125
以内,9.0,141.0,0.06,0.94
100.00,3.0,3.0,0.5,0.5
地址,9.0,3.0,0.75,0.25
1.4221,0.0,3.0,0.0,1.0
类别,0.0,3.0,0.0,1.0
200.13,3.0,0.0,1.0,0.0
三个,0.0,9.0,0.0,1.0
交房,0.0,6.0,0.0,1.0
第五,0.0,12.0,0.0,1.0
840.52000069,0.0,3.0,0.0,1.0
享受,3.0,0.0,1.0,0.0
必需,0.0,3.0,0.0,1.0
892,0.0,3.0,0.0,1.0
扩张,0.0,15.0,0.0,1.0
广深,0.0,6.0,0.0,1.0
774.3599300303,0.0,3.0,0.0,1.0
中核,0.0,6.0,0.0,1.0
王亚伟,0.0,657.0,0.0,1.0
手段,6.0,0.0,1.0,0.0
必死无疑,0.0,6.0,0.0,1.0
捏把汗,0.0,15.0,0.0,1.0
9720600418,0.0,3.0,0.0,1.0
810.23002057,0.0,3.0,0.0,1.0
…,0.0,84.0,0.0,1.0
江淮,0.0,9.0,0.0,1.0
值较,0.0,9.0,0.0,1.0
彻底,0.0,6.0,0.0,1.0
8018.3818,0.0,3.0,0.0,1.0
合金,0.0,3.0,0.0,1.0
350.06603098,0.0,3.0,0.0,1.0
司,0.0,3.0,0.0,1.0
烟草,0.0,3.0,0.0,1.0
物流,9.0,21.0,0.3,0.7
简直,0.0,9.0,0.0,1.0
自,0.0,24.0,0.0,1.0
总经理,3.0,0.0,1.0,0.0
临港,0.0,9.0,0.0,1.0
无量,0.0,3.0,0.0,1.0
3933002185,0.0,3.0,0.0,1.0
增长点,0.0,6.0,0.0,1.0
里,0.0,6.0,0.0,1.0
760.002,0.0,3.0,0.0,1.0
更名,0.0,6.0,0.0,1.0
当时,0.0,12.0,0.0,1.0
0.350,0.0,3.0,0.0,1.0
已经,0.0,21.0,0.0,1.0
558,0.0,3.0,0.0,1.0
不入,0.0,15.0,0.0,1.0
7122000971,0.0,6.0,0.0,1.0
公共汽车,3.0,0.0,1.0,0.0
渤海,0.0,9.0,0.0,1.0
50,0.0,48.0,0.0,1.0
 ,228.0,3495.0,0.06124093473005641,0.9387590652699436
食品,0.0,48.0,0.0,1.0
一半,0.0,21.0,0.0,1.0
843.26,0.0,3.0,0.0,1.0
17.19,0.0,3.0,0.0,1.0
专家,3.0,0.0,1.0,0.0
私募,0.0,78.0,0.0,1.0
便,0.0,3.0,0.0,1.0
600719,0.0,18.0,0.0,1.0
下坡,0.0,9.0,0.0,1.0
002419,0.0,6.0,0.0,1.0
数,0.0,3.0,0.0,1.0
根据,0.0,39.0,0.0,1.0
778,0.0,3.0,0.0,1.0
0.980,0.0,3.0,0.0,1.0
大厦,0.0,3.0,0.0,1.0
锅炉房,0.0,3.0,0.0,1.0
净利润,0.0,33.0,0.0,1.0
挖掘,0.0,3.0,0.0,1.0
61,0.0,3.0,0.0,1.0
倍,0.0,24.0,0.0,1.0
倾斜,0.0,3.0,0.0,1.0
除,0.0,18.0,0.0,1.0
使用,0.0,6.0,0.0,1.0
内限行,0.0,3.0,0.0,1.0
睿,0.0,3.0,0.0,1.0
会议,0.0,24.0,0.0,1.0
以下,0.0,72.0,0.0,1.0
五,9.0,177.0,0.04838709677419355,0.9516129032258065
亚洲,0.0,3.0,0.0,1.0
资本,0.0,81.0,0.0,1.0
381.78000600,0.0,3.0,0.0,1.0
16,0.0,21.0,0.0,1.0
dycjrb,0.0,3.0,0.0,1.0
计算,0.0,3.0,0.0,1.0
天城,0.0,6.0,0.0,1.0
3.40,0.0,3.0,0.0,1.0
600122,0.0,3.0,0.0,1.0
0.90,0.0,3.0,0.0,1.0
www,0.0,3.0,0.0,1.0
157.287,0.0,3.0,0.0,1.0
FsPCYp9BngUCRCV31BnuROjkrbvdyZge2EYX6kOM5zD5TQdy8,0.0,3.0,0.0,1.0
眼前,6.0,3.0,0.6666666666666666,0.3333333333333333
兑现,0.0,3.0,0.0,1.0
低水平,0.0,3.0,0.0,1.0
600865,0.0,63.0,0.0,1.0
迎接,0.0,6.0,0.0,1.0
览,0.0,12.0,0.0,1.0
关联,0.0,60.0,0.0,1.0
0.121,0.0,3.0,0.0,1.0
市长,6.0,123.0,0.046511627906976744,0.9534883720930233
首商,0.0,105.0,0.0,1.0
654,0.0,12.0,0.0,1.0
800.00,0.0,3.0,0.0,1.0
浦发银行,0.0,6.0,0.0,1.0
国元,0.0,12.0,0.0,1.0
加码,0.0,3.0,0.0,1.0
大有用武之地,3.0,0.0,1.0,0.0
002094,0.0,3.0,0.0,1.0
640.682015,0.0,3.0,0.0,1.0
27,3.0,15.0,0.16666666666666666,0.8333333333333334
顶层,0.0,3.0,0.0,1.0
浪奇,0.0,30.0,0.0,1.0
400.89600125,0.0,12.0,0.0,1.0
416.00,0.0,6.0,0.0,1.0
真实性,0.0,6.0,0.0,1.0
银行贷款,3.0,0.0,1.0,0.0
内生,0.0,3.0,0.0,1.0
041.64000070,0.0,3.0,0.0,1.0
本次,0.0,48.0,0.0,1.0
光环,0.0,3.0,0.0,1.0
浙江,0.0,3.0,0.0,1.0
511,0.0,3.0,0.0,1.0
1.79,0.0,3.0,0.0,1.0
大龙,0.0,18.0,0.0,1.0
电商,0.0,3.0,0.0,1.0
000.3807,0.0,3.0,0.0,1.0
2760,0.0,18.0,0.0,1.0
休市,0.0,18.0,0.0,1.0
期初余额,6.0,0.0,1.0,0.0
开放,0.0,3.0,0.0,1.0
深,0.0,21.0,0.0,1.0
、,21.0,5868.0,0.003565970453387672,0.9964340295466123
厕所,0.0,6.0,0.0,1.0
4.12,0.0,3.0,0.0,1.0
神马,0.0,3.0,0.0,1.0
0.1477,0.0,3.0,0.0,1.0
3.038600729,0.0,9.0,0.0,1.0
鲁银投资,0.0,6.0,0.0,1.0
广告设计,0.0,3.0,0.0,1.0
分享,0.0,6.0,0.0,1.0
建议,0.0,99.0,0.0,1.0
2.11300236,0.0,3.0,0.0,1.0
600636,0.0,3.0,0.0,1.0
动力,0.0,9.0,0.0,1.0
1715.4415,0.0,3.0,0.0,1.0
600731,0.0,9.0,0.0,1.0
外,9.0,30.0,0.23076923076923078,0.7692307692307693
再度,0.0,3.0,0.0,1.0
优,0.0,3.0,0.0,1.0
2020,6.0,168.0,0.034482758620689655,0.9655172413793104
手续,0.0,9.0,0.0,1.0
0001,0.0,3.0,0.0,1.0
往,18.0,0.0,1.0,0.0
输出,0.0,12.0,0.0,1.0
城贸,0.0,3.0,0.0,1.0
扶贫,0.0,6.0,0.0,1.0
二手车,0.0,3.0,0.0,1.0
白云机场,0.0,12.0,0.0,1.0
601.00,0.0,3.0,0.0,1.0
600444,0.0,39.0,0.0,1.0
昨夜,0.0,6.0,0.0,1.0
2.161,0.0,3.0,0.0,1.0
观点,0.0,6.0,0.0,1.0
潮,0.0,12.0,0.0,1.0
研究,6.0,6.0,0.5,0.5
亚泰,0.0,3.0,0.0,1.0
是,45.0,713.0,0.059366754617414245,0.9406332453825857
商户,0.0,6.0,0.0,1.0
540.40600078,0.0,3.0,0.0,1.0
038.338,0.0,3.0,0.0,1.0
竞争力,0.0,3.0,0.0,1.0
23.30,0.0,3.0,0.0,1.0
7356600976,0.0,3.0,0.0,1.0
万股,0.0,1896.0,0.0,1.0
这大,6.0,0.0,1.0,0.0
600498,0.0,3.0,0.0,1.0
锻压,0.0,3.0,0.0,1.0
伟,0.0,3.0,0.0,1.0
美域,0.0,3.0,0.0,1.0
活跃,0.0,3.0,0.0,1.0
两百亩,12.0,0.0,1.0,0.0
德利,0.0,9.0,0.0,1.0
一个,0.0,30.0,0.0,1.0
侵害,0.0,3.0,0.0,1.0
5231600000,0.0,3.0,0.0,1.0
意见书,0.0,15.0,0.0,1.0
160,0.0,372.0,0.0,1.0
0.370,0.0,3.0,0.0,1.0
30,6.0,156.0,0.037037037037037035,0.9629629629629629
000065,0.0,3.0,0.0,1.0
拿,0.0,9.0,0.0,1.0
1.554,0.0,3.0,0.0,1.0
IMAGE,0.0,9.0,0.0,1.0
495,0.0,3.0,0.0,1.0
331,0.0,3.0,0.0,1.0
不在话下,0.0,3.0,0.0,1.0
187.30,0.0,3.0,0.0,1.0
深圳,0.0,219.0,0.0,1.0
对象,3.0,0.0,1.0,0.0
311.13600926,0.0,3.0,0.0,1.0
6314.7814,0.0,3.0,0.0,1.0
258,0.0,3.0,0.0,1.0
金属,0.0,12.0,0.0,1.0
309.219,0.0,3.0,0.0,1.0
现行,0.0,3.0,0.0,1.0
讲,0.0,3.0,0.0,1.0
上周,0.0,15.0,0.0,1.0
374.00,0.0,3.0,0.0,1.0
玻璃,0.0,6.0,0.0,1.0
6324.8224,0.0,3.0,0.0,1.0
comment,0.0,3.0,0.0,1.0
规则,0.0,3.0,0.0,1.0
2.06,0.0,3.0,0.0,1.0
可爱,0.0,9.0,0.0,1.0
承兑汇票,0.0,3.0,0.0,1.0
出台,3.0,15.0,0.16666666666666666,0.8333333333333334
一波,0.0,3.0,0.0,1.0
优良,0.0,9.0,0.0,1.0
背景,0.0,6.0,0.0,1.0
尚未,6.0,15.0,0.2857142857142857,0.7142857142857143
600530,0.0,3.0,0.0,1.0
南昌,0.0,3.0,0.0,1.0
南纺,0.0,15.0,0.0,1.0
宣读,0.0,3.0,0.0,1.0
技术,0.0,3.0,0.0,1.0
Ａ,0.0,18.0,0.0,1.0
496,0.0,3.0,0.0,1.0
小作坊,0.0,12.0,0.0,1.0
正对面,0.0,12.0,0.0,1.0
000928,0.0,3.0,0.0,1.0
暂停,0.0,3.0,0.0,1.0
卢街,0.0,6.0,0.0,1.0
银河,0.0,6.0,0.0,1.0
领先,0.0,3.0,0.0,1.0
459,0.0,6.0,0.0,1.0
小散,0.0,18.0,0.0,1.0
品牌,0.0,18.0,0.0,1.0
524145.03,0.0,3.0,0.0,1.0
600737,0.0,6.0,0.0,1.0
0.650,0.0,3.0,0.0,1.0
基础,0.0,9.0,0.0,1.0
0026362,0.0,3.0,0.0,1.0
223,0.0,3.0,0.0,1.0
遇到,6.0,0.0,1.0,0.0
284.002,0.0,3.0,0.0,1.0
改造,0.0,3.0,0.0,1.0
四,0.0,15.0,0.0,1.0
董事,0.0,12.0,0.0,1.0
0022382,0.0,3.0,0.0,1.0
苏宁,0.0,3.0,0.0,1.0
600.00,0.0,3.0,0.0,1.0
承包,0.0,12.0,0.0,1.0
鹭燕,0.0,3.0,0.0,1.0
为,15.0,774.0,0.019011406844106463,0.9809885931558935
路,0.0,3.0,0.0,1.0
位列,0.0,30.0,0.0,1.0
接下来,0.0,6.0,0.0,1.0
597.26,0.0,3.0,0.0,1.0
津滨发展,0.0,6.0,0.0,1.0
PP,0.0,3.0,0.0,1.0
长江,0.0,3.0,0.0,1.0
两阳,0.0,18.0,0.0,1.0
260.64,0.0,3.0,0.0,1.0
0.590,0.0,3.0,0.0,1.0
股和津,0.0,3.0,0.0,1.0
幸福,0.0,6.0,0.0,1.0
自有,0.0,12.0,0.0,1.0
83,0.0,3.0,0.0,1.0
二十三年,6.0,0.0,1.0,0.0
0552600857,0.0,3.0,0.0,1.0
070.59,0.0,3.0,0.0,1.0
吉祥,0.0,12.0,0.0,1.0
醇,0.0,15.0,0.0,1.0
激励,0.0,3.0,0.0,1.0
北湖,0.0,3.0,0.0,1.0
大,6.0,165.0,0.03508771929824561,0.9649122807017544
510.62600861,0.0,3.0,0.0,1.0
000.2009,0.0,3.0,0.0,1.0
中心,0.0,6.0,0.0,1.0
石化,0.0,9.0,0.0,1.0
拉升,0.0,3.0,0.0,1.0
减半,3.0,0.0,1.0,0.0
王,3.0,3.0,0.5,0.5
催化剂,0.0,3.0,0.0,1.0
760.52,0.0,3.0,0.0,1.0
于,6.0,6.0,0.5,0.5
近期,0.0,15.0,0.0,1.0
8521.7421,0.0,3.0,0.0,1.0
央企,0.0,15.0,0.0,1.0
通,0.0,36.0,0.0,1.0
呐,0.0,3.0,0.0,1.0
道路,0.0,24.0,0.0,1.0
3335.5535,0.0,3.0,0.0,1.0
4.33,0.0,3.0,0.0,1.0
9.5,0.0,3.0,0.0,1.0
发布会,3.0,6.0,0.3333333333333333,0.6666666666666666
4.74,0.0,3.0,0.0,1.0
213,0.0,3.0,0.0,1.0
挣,0.0,3.0,0.0,1.0
发现,21.0,9.0,0.7,0.3
评论,0.0,3.0,0.0,1.0
3.44600810,0.0,3.0,0.0,1.0
吉林,0.0,12.0,0.0,1.0
积极,0.0,6.0,0.0,1.0
4.55,0.0,3.0,0.0,1.0
减速,0.0,9.0,0.0,1.0
335.795,0.0,12.0,0.0,1.0
1.3210,0.0,6.0,0.0,1.0
派思,0.0,3.0,0.0,1.0
吃香,0.0,9.0,0.0,1.0
智谷,0.0,3.0,0.0,1.0
暂时,0.0,105.0,0.0,1.0
土地,0.0,3.0,0.0,1.0
上海浦东新区,0.0,3.0,0.0,1.0
盼超,0.0,6.0,0.0,1.0
300,0.0,3.0,0.0,1.0
现身,0.0,63.0,0.0,1.0
大西洋,0.0,3.0,0.0,1.0
493,0.0,3.0,0.0,1.0
层,0.0,15.0,0.0,1.0
投资者,0.0,21.0,0.0,1.0
621.80,0.0,3.0,0.0,1.0
qpic,0.0,6.0,0.0,1.0
7715.2815,0.0,6.0,0.0,1.0
煤,0.0,3.0,0.0,1.0
显著,0.0,3.0,0.0,1.0
持股会,0.0,3.0,0.0,1.0
问题,6.0,18.0,0.25,0.75
8239.14600861,0.0,3.0,0.0,1.0
］,0.0,24.0,0.0,1.0
行业,0.0,135.0,0.0,1.0
刺激,0.0,12.0,0.0,1.0
贵族,0.0,3.0,0.0,1.0
全年,0.0,3.0,0.0,1.0
或是,0.0,3.0,0.0,1.0
003,0.0,3.0,0.0,1.0
郊旅,0.0,39.0,0.0,1.0
共同,3.0,0.0,1.0,0.0
完善,0.0,27.0,0.0,1.0
729,0.0,12.0,0.0,1.0
天富,0.0,3.0,0.0,1.0
签约,0.0,3.0,0.0,1.0
挺住,0.0,9.0,0.0,1.0
期末,0.0,24.0,0.0,1.0
高达,0.0,9.0,0.0,1.0
湖南省,0.0,6.0,0.0,1.0
交大,0.0,3.0,0.0,1.0
条例,6.0,0.0,1.0,0.0
中粮,0.0,6.0,0.0,1.0
债,0.0,3.0,0.0,1.0
3.1,0.0,3.0,0.0,1.0
c,0.0,3.0,0.0,1.0
4.52,0.0,3.0,0.0,1.0
尔,0.0,9.0,0.0,1.0
鲁信,0.0,9.0,0.0,1.0
770.28601377,0.0,3.0,0.0,1.0
进去,6.0,0.0,1.0,0.0
110,0.0,3.0,0.0,1.0
想,9.0,0.0,1.0,0.0
1.2,0.0,6.0,0.0,1.0
庄,0.0,12.0,0.0,1.0
新建,0.0,3.0,0.0,1.0
肿,0.0,3.0,0.0,1.0
融合,0.0,18.0,0.0,1.0
不,13.0,33.0,0.2826086956521739,0.717391304347826
证券,0.0,504.0,0.0,1.0
原因,0.0,3.0,0.0,1.0
451.14002555,0.0,3.0,0.0,1.0
特,0.0,6.0,0.0,1.0
929,0.0,3.0,0.0,1.0
燃煤,0.0,3.0,0.0,1.0
2015,0.0,15.0,0.0,1.0
劝业,0.0,126.0,0.0,1.0
png,0.0,15.0,0.0,1.0
上港,0.0,18.0,0.0,1.0
营村,3.0,0.0,1.0,0.0
事项,0.0,21.0,0.0,1.0
吴为,0.0,3.0,0.0,1.0
2.54,0.0,3.0,0.0,1.0
630112.17,0.0,3.0,0.0,1.0
触发,0.0,3.0,0.0,1.0
10jqka,0.0,3.0,0.0,1.0
8760.7260,0.0,3.0,0.0,1.0
观望,0.0,114.0,0.0,1.0
52,0.0,6.0,0.0,1.0
14.71,0.0,3.0,0.0,1.0
1.821,0.0,3.0,0.0,1.0
171.00,0.0,3.0,0.0,1.0
年末,0.0,12.0,0.0,1.0
020,0.0,3.0,0.0,1.0
601992,0.0,3.0,0.0,1.0
23.34,0.0,3.0,0.0,1.0
318.458,0.0,3.0,0.0,1.0
2.2318,0.0,3.0,0.0,1.0
9.36,0.0,3.0,0.0,1.0
20000,0.0,9.0,0.0,1.0
2,3.0,216.0,0.0136986301369863,0.9863013698630136
平方公里,27.0,543.0,0.04736842105263158,0.9526315789473684
50a010d19cccac1f9316,0.0,3.0,0.0,1.0
2.4715,0.0,3.0,0.0,1.0
856,0.0,6.0,0.0,1.0
市盈率,0.0,21.0,0.0,1.0
杭州,0.0,27.0,0.0,1.0
22,3.0,9.0,0.25,0.75
本所及,0.0,9.0,0.0,1.0
柳钢,0.0,6.0,0.0,1.0
额为,3.0,0.0,1.0,0.0
玉甫,3.0,0.0,1.0,0.0
非常,3.0,3.0,0.5,0.5
通用,0.0,408.0,0.0,1.0
千龙网,0.0,3.0,0.0,1.0
2.342,0.0,6.0,0.0,1.0
通程,0.0,6.0,0.0,1.0
推到,0.0,3.0,0.0,1.0
290.26,0.0,3.0,0.0,1.0
1.53,0.0,3.0,0.0,1.0
住,12.0,0.0,1.0,0.0
平稳,0.0,3.0,0.0,1.0
且,0.0,96.0,0.0,1.0
393,0.0,3.0,0.0,1.0
热点,0.0,3.0,0.0,1.0
一哥,0.0,120.0,0.0,1.0
PDF,0.0,36.0,0.0,1.0
综合体,0.0,12.0,0.0,1.0
特色,0.0,3.0,0.0,1.0
建工,0.0,27.0,0.0,1.0
600859,0.0,60.0,0.0,1.0
老人,3.0,0.0,1.0,0.0
http,0.0,9.0,0.0,1.0
96,0.0,6.0,0.0,1.0
49,0.0,30.0,0.0,1.0
0.7,0.0,3.0,0.0,1.0
870.25600861,0.0,3.0,0.0,1.0
科委,0.0,3.0,0.0,1.0
购物中心,0.0,18.0,0.0,1.0
药业,0.0,15.0,0.0,1.0
科化,0.0,3.0,0.0,1.0
798.238,0.0,3.0,0.0,1.0
平米,0.0,6.0,0.0,1.0
高送,0.0,3.0,0.0,1.0
机制,0.0,3.0,0.0,1.0
宏基,0.0,6.0,0.0,1.0
815.72,0.0,3.0,0.0,1.0
最低标准,0.0,3.0,0.0,1.0
涉及,0.0,9.0,0.0,1.0
936.456,0.0,3.0,0.0,1.0
VICTORIA,9.0,0.0,1.0,0.0
请,0.0,9.0,0.0,1.0
商业贸易,0.0,15.0,0.0,1.0
时间,0.0,18.0,0.0,1.0
凌云,0.0,3.0,0.0,1.0
3.02603198,0.0,3.0,0.0,1.0
7615.8015,0.0,3.0,0.0,1.0
物流园,0.0,6.0,0.0,1.0
60016.2016,0.0,3.0,0.0,1.0
纪实,6.0,0.0,1.0,0.0
4513601375,0.0,3.0,0.0,1.0
发表,3.0,0.0,1.0,0.0
收创,0.0,12.0,0.0,1.0
407,0.0,6.0,0.0,1.0
2.94,0.0,6.0,0.0,1.0
平均,0.0,3.0,0.0,1.0
391.66601015,0.0,6.0,0.0,1.0
真是,0.0,6.0,0.0,1.0
出现,0.0,21.0,0.0,1.0
型,0.0,6.0,0.0,1.0
可,3.0,57.0,0.05,0.95
2411.2011,0.0,6.0,0.0,1.0
23.44,0.0,3.0,0.0,1.0
发布,6.0,15.0,0.2857142857142857,0.7142857142857143
887,0.0,3.0,0.0,1.0
潍柴,0.0,3.0,0.0,1.0
680.4949,0.0,3.0,0.0,1.0
幅,0.0,126.0,0.0,1.0
支撑位,0.0,18.0,0.0,1.0
油,0.0,3.0,0.0,1.0
选股法,0.0,3.0,0.0,1.0
水井坊,0.0,6.0,0.0,1.0
被,0.0,30.0,0.0,1.0
370.2515,0.0,3.0,0.0,1.0
以来,0.0,45.0,0.0,1.0
国贸,0.0,21.0,0.0,1.0
年度报告,0.0,12.0,0.0,1.0
〇,0.0,3.0,0.0,1.0
滨海,0.0,3.0,0.0,1.0
性质,0.0,3.0,0.0,1.0
筑底,0.0,12.0,0.0,1.0
新材,0.0,33.0,0.0,1.0
负责人,0.0,3.0,0.0,1.0
未,0.0,24.0,0.0,1.0
选举,0.0,3.0,0.0,1.0
提供,0.0,3.0,0.0,1.0
发展,12.0,42.0,0.2222222222222222,0.7777777777777778
600697,0.0,9.0,0.0,1.0
业务范围,0.0,6.0,0.0,1.0
1.123,0.0,3.0,0.0,1.0
同比,0.0,48.0,0.0,1.0
170,0.0,6.0,0.0,1.0
332.98,0.0,3.0,0.0,1.0
沪科,0.0,3.0,0.0,1.0
加速,0.0,12.0,0.0,1.0
著称,0.0,12.0,0.0,1.0
68,0.0,3.0,0.0,1.0
房产,0.0,3.0,0.0,1.0
1.720,0.0,3.0,0.0,1.0
有色金属,0.0,3.0,0.0,1.0
下午,0.0,15.0,0.0,1.0
2900,0.0,3.0,0.0,1.0
保证,0.0,6.0,0.0,1.0
核心,0.0,9.0,0.0,1.0
2.29,0.0,3.0,0.0,1.0
结果,0.0,3.0,0.0,1.0
a,0.0,3.0,0.0,1.0
森特,0.0,3.0,0.0,1.0
设计,0.0,3.0,0.0,1.0
连锁,0.0,27.0,0.0,1.0
850.00600861,0.0,3.0,0.0,1.0
金牛,0.0,3.0,0.0,1.0
总体规划,0.0,3.0,0.0,1.0
只,0.0,366.0,0.0,1.0
1.341,0.0,3.0,0.0,1.0
募投,0.0,6.0,0.0,1.0
分公司,0.0,12.0,0.0,1.0
922.4,0.0,3.0,0.0,1.0
经销,0.0,6.0,0.0,1.0
总规,0.0,6.0,0.0,1.0
600982,0.0,3.0,0.0,1.0
601107,0.0,3.0,0.0,1.0
恒升,0.0,3.0,0.0,1.0
危机,0.0,12.0,0.0,1.0
600824,0.0,12.0,0.0,1.0
栽,0.0,12.0,0.0,1.0
低,0.0,69.0,0.0,1.0
看到,6.0,9.0,0.4,0.6
510,0.0,3.0,0.0,1.0
自身,0.0,60.0,0.0,1.0
801.05600861,0.0,3.0,0.0,1.0
民政局,0.0,3.0,0.0,1.0
跑,0.0,9.0,0.0,1.0
松发,0.0,3.0,0.0,1.0
挣钱,0.0,3.0,0.0,1.0
建仓,6.0,0.0,1.0,0.0
第二批,6.0,0.0,1.0,0.0
欧洲,0.0,6.0,0.0,1.0
启动,39.0,12.0,0.7647058823529411,0.23529411764705882
管理水平,0.0,6.0,0.0,1.0
村是,27.0,0.0,1.0,0.0
677.687,0.0,3.0,0.0,1.0
中期,0.0,57.0,0.0,1.0
联合,3.0,0.0,1.0,0.0
扩充,0.0,6.0,0.0,1.0
安国,0.0,114.0,0.0,1.0
600310,0.0,6.0,0.0,1.0
杀入,0.0,51.0,0.0,1.0
实际,0.0,12.0,0.0,1.0
相继,0.0,3.0,0.0,1.0
增持,0.0,255.0,0.0,1.0
苗静,0.0,3.0,0.0,1.0
广日,0.0,3.0,0.0,1.0
同时,0.0,198.0,0.0,1.0
525,0.0,3.0,0.0,1.0
追认,0.0,6.0,0.0,1.0
涨到,0.0,9.0,0.0,1.0
1992,0.0,3.0,0.0,1.0
1.64600858,0.0,3.0,0.0,1.0
吃饭,3.0,0.0,1.0,0.0
门,0.0,3.0,0.0,1.0
450.30601579,0.0,3.0,0.0,1.0
284.00,0.0,3.0,0.0,1.0
得,3.0,3.0,0.5,0.5
飞亚达,0.0,36.0,0.0,1.0
320.60002039,0.0,3.0,0.0,1.0
678.680,0.0,3.0,0.0,1.0
近日,0.0,33.0,0.0,1.0
前十,0.0,6.0,0.0,1.0
数额,0.0,3.0,0.0,1.0
得到,0.0,6.0,0.0,1.0
好几条,0.0,9.0,0.0,1.0
通州区,3.0,0.0,1.0,0.0
亿股,0.0,15.0,0.0,1.0
20.77,0.0,3.0,0.0,1.0
1.010,0.0,6.0,0.0,1.0
17.52,0.0,3.0,0.0,1.0
英股,0.0,6.0,0.0,1.0
什么,0.0,3.0,0.0,1.0
职工,0.0,3.0,0.0,1.0
0.4800,0.0,3.0,0.0,1.0
3.371,0.0,3.0,0.0,1.0
啊,9.0,6.0,0.6,0.4
唯一,0.0,14.0,0.0,1.0
数据,0.0,288.0,0.0,1.0
召开,3.0,51.0,0.05555555555555555,0.9444444444444444
2910.8010,0.0,3.0,0.0,1.0
510.24002310,0.0,3.0,0.0,1.0
四季度,0.0,72.0,0.0,1.0
6912.3112,0.0,3.0,0.0,1.0
600682,0.0,3.0,0.0,1.0
长,0.0,15.0,0.0,1.0
大多,0.0,228.0,0.0,1.0
10600779,0.0,3.0,0.0,1.0
十三陵,0.0,3.0,0.0,1.0
异动,0.0,9.0,0.0,1.0
抛弃,0.0,3.0,0.0,1.0
解决,1.0,18.0,0.05263157894736842,0.9473684210526315
符合条件,0.0,3.0,0.0,1.0
随时,0.0,3.0,0.0,1.0
Ⅲ,0.0,3.0,0.0,1.0
他,0.0,63.0,0.0,1.0
水利,0.0,12.0,0.0,1.0
争夺,0.0,84.0,0.0,1.0
办公楼,0.0,3.0,0.0,1.0
津,0.0,123.0,0.0,1.0
业态,0.0,21.0,0.0,1.0
瑞士,0.0,6.0,0.0,1.0
64,0.0,9.0,0.0,1.0
京能,0.0,42.0,0.0,1.0
用于,0.0,6.0,0.0,1.0
少,0.0,9.0,0.0,1.0
707.84,0.0,3.0,0.0,1.0
1.50,0.0,9.0,0.0,1.0
剥离,0.0,3.0,0.0,1.0
),0.0,1083.0,0.0,1.0
精,0.0,3.0,0.0,1.0
三爱富,0.0,3.0,0.0,1.0
主业,0.0,6.0,0.0,1.0
1.400,0.0,3.0,0.0,1.0
久联,0.0,3.0,0.0,1.0
名单,0.0,78.0,0.0,1.0
46,0.0,12.0,0.0,1.0
724.822,0.0,6.0,0.0,1.0
160.3317,0.0,3.0,0.0,1.0
0.92,0.0,3.0,0.0,1.0
商品,0.0,15.0,0.0,1.0
兆,0.0,3.0,0.0,1.0
增幅,0.0,30.0,0.0,1.0
减持,0.0,30.0,0.0,1.0
662.00,0.0,3.0,0.0,1.0
大事儿,9.0,0.0,1.0,0.0
南化,0.0,3.0,0.0,1.0
1.25,0.0,6.0,0.0,1.0
291.22600861,0.0,3.0,0.0,1.0
水电,0.0,12.0,0.0,1.0
严禁,3.0,0.0,1.0,0.0
减至,0.0,36.0,0.0,1.0
价值,0.0,36.0,0.0,1.0
aimg,0.0,3.0,0.0,1.0
44,0.0,3.0,0.0,1.0
企业,6.0,102.0,0.05555555555555555,0.9444444444444444
未经许可,0.0,3.0,0.0,1.0
429.859,0.0,3.0,0.0,1.0
55.4,0.0,3.0,0.0,1.0
每,0.0,3.0,0.0,1.0
809.004,0.0,3.0,0.0,1.0
远,0.0,9.0,0.0,1.0
非,3.0,15.0,0.16666666666666666,0.8333333333333334
0.20,0.0,3.0,0.0,1.0
投资信托,0.0,66.0,0.0,1.0
0.83,0.0,3.0,0.0,1.0
供热,0.0,6.0,0.0,1.0
0.330,0.0,3.0,0.0,1.0
上调,3.0,6.0,0.3333333333333333,0.6666666666666666
实体,0.0,12.0,0.0,1.0
王亚,0.0,129.0,0.0,1.0
最为,0.0,15.0,0.0,1.0
洗盘,0.0,15.0,0.0,1.0
第一次,0.0,42.0,0.0,1.0
760.00,0.0,3.0,0.0,1.0
高于,0.0,6.0,0.0,1.0
保利,0.0,3.0,0.0,1.0
高新,0.0,6.0,0.0,1.0
北辰,0.0,42.0,0.0,1.0
庞大,0.0,12.0,0.0,1.0
587.70,0.0,3.0,0.0,1.0
长春,0.0,3.0,0.0,1.0
200.00,0.0,3.0,0.0,1.0
464,0.0,126.0,0.0,1.0
715.000,0.0,3.0,0.0,1.0
城区,0.0,12.0,0.0,1.0
中拓,0.0,6.0,0.0,1.0
449,3.0,0.0,1.0,0.0
031,0.0,3.0,0.0,1.0
下降,0.0,21.0,0.0,1.0
COLLECTION,12.0,0.0,1.0,0.0
市,0.0,3.0,0.0,1.0
07300522,0.0,3.0,0.0,1.0
几天,0.0,3.0,0.0,1.0
贸,0.0,63.0,0.0,1.0
2.447,0.0,3.0,0.0,1.0
41,0.0,3.0,0.0,1.0
３,3.0,0.0,1.0,0.0
最近,0.0,6.0,0.0,1.0
居民,0.0,3.0,0.0,1.0
大禹,0.0,6.0,0.0,1.0
产业化,6.0,0.0,1.0,0.0
21,3.0,33.0,0.08333333333333333,0.9166666666666666
系统,0.0,3.0,0.0,1.0
宏图,0.0,15.0,0.0,1.0
App,0.0,3.0,0.0,1.0
987,0.0,3.0,0.0,1.0
电气,0.0,6.0,0.0,1.0
支,0.0,3.0,0.0,1.0
21.981,0.0,3.0,0.0,1.0
交易日,0.0,18.0,0.0,1.0
Z,0.0,3.0,0.0,1.0
东安动力,0.0,3.0,0.0,1.0
支持,6.0,3.0,0.6666666666666666,0.3333333333333333
网,0.0,3.0,0.0,1.0
主任,0.0,3.0,0.0,1.0
需,0.0,3.0,0.0,1.0
这些,0.0,96.0,0.0,1.0
6917.1717,0.0,3.0,0.0,1.0
23,6.0,27.0,0.18181818181818182,0.8181818181818182
重估价,0.0,75.0,0.0,1.0
雷鸣,0.0,3.0,0.0,1.0
250,0.0,15.0,0.0,1.0
15.44,0.0,3.0,0.0,1.0
精神,0.0,3.0,0.0,1.0
龙头,9.0,78.0,0.10344827586206896,0.896551724137931
15.45,0.0,3.0,0.0,1.0
标准,3.0,33.0,0.08333333333333333,0.9166666666666666
超讯,0.0,3.0,0.0,1.0
区域,0.0,162.0,0.0,1.0
开发,0.0,57.0,0.0,1.0
～,0.0,3.0,0.0,1.0
走,0.0,18.0,0.0,1.0
0002,0.0,3.0,0.0,1.0
0.03990,0.0,3.0,0.0,1.0
黔源,0.0,3.0,0.0,1.0
尤,0.0,3.0,0.0,1.0
深圳华强,0.0,3.0,0.0,1.0
收入,3.0,39.0,0.07142857142857142,0.9285714285714286
截至,0.0,15.0,0.0,1.0
600841,0.0,9.0,0.0,1.0
28,0.0,42.0,0.0,1.0
600340,0.0,3.0,0.0,1.0
撤,0.0,3.0,0.0,1.0
会议议程,0.0,3.0,0.0,1.0
2.49,0.0,3.0,0.0,1.0
看好,0.0,36.0,0.0,1.0
4425.5425,0.0,3.0,0.0,1.0
1.4,0.0,3.0,0.0,1.0
指出,9.0,15.0,0.375,0.625
表决,0.0,6.0,0.0,1.0
1.393,0.0,12.0,0.0,1.0
28.27,0.0,3.0,0.0,1.0
671.388,0.0,3.0,0.0,1.0
44600859,0.0,3.0,0.0,1.0
一体化,6.0,6.0,0.5,0.5
定期,0.0,3.0,0.0,1.0
送到,0.0,3.0,0.0,1.0
隐形,0.0,3.0,0.0,1.0
武夷,0.0,3.0,0.0,1.0
58002734,0.0,3.0,0.0,1.0
000501,0.0,3.0,0.0,1.0
年度,0.0,30.0,0.0,1.0
圣亚,0.0,3.0,0.0,1.0
扎实,0.0,3.0,0.0,1.0
043.15,0.0,3.0,0.0,1.0
0.427,0.0,3.0,0.0,1.0
销售,3.0,3.0,0.5,0.5
为什么,0.0,3.0,0.0,1.0
29,0.0,6.0,0.0,1.0
[,0.0,27.0,0.0,1.0
武汉,0.0,30.0,0.0,1.0
1.56300488,0.0,3.0,0.0,1.0
收益,0.0,42.0,0.0,1.0
000876,0.0,3.0,0.0,1.0
计划,0.0,429.0,0.0,1.0
天房,0.0,3.0,0.0,1.0
2.33,0.0,12.0,0.0,1.0
国企股,0.0,9.0,0.0,1.0
福星,0.0,3.0,0.0,1.0
000860,0.0,45.0,0.0,1.0
天津,0.0,12.0,0.0,1.0
轮渡,0.0,6.0,0.0,1.0
874,3.0,0.0,1.0,0.0
6723600688,0.0,6.0,0.0,1.0
stock,0.0,36.0,0.0,1.0
告诉,3.0,9.0,0.25,0.75
4.242,0.0,6.0,0.0,1.0
每跌,0.0,9.0,0.0,1.0
884.78,3.0,0.0,1.0,0.0
汇,3.0,0.0,1.0,0.0
82,0.0,3.0,0.0,1.0
工作,3.0,0.0,1.0,0.0
富安,0.0,3.0,0.0,1.0
300127,0.0,3.0,0.0,1.0
368,0.0,3.0,0.0,1.0
追,0.0,9.0,0.0,1.0
0.03,0.0,9.0,0.0,1.0
600037,0.0,75.0,0.0,1.0
强势,0.0,6.0,0.0,1.0
>,0.0,60.0,0.0,1.0
去,0.0,9.0,0.0,1.0
物美,0.0,9.0,0.0,1.0
768.949,0.0,3.0,0.0,1.0
股雄安,0.0,3.0,0.0,1.0
位,0.0,18.0,0.0,1.0
来源,3.0,12.0,0.2,0.8
该股,0.0,6.0,0.0,1.0
港,0.0,3.0,0.0,1.0
560.19603568,0.0,3.0,0.0,1.0
武商,0.0,129.0,0.0,1.0
世,0.0,3.0,0.0,1.0
明天,0.0,12.0,0.0,1.0
600822,0.0,9.0,0.0,1.0
中新网,0.0,3.0,0.0,1.0
机械设备,0.0,3.0,0.0,1.0
1.67,0.0,12.0,0.0,1.0
做,3.0,3.0,0.5,0.5
威达,0.0,3.0,0.0,1.0
认购,0.0,18.0,0.0,1.0
高升,0.0,9.0,0.0,1.0
获悉,0.0,6.0,0.0,1.0
称,0.0,3.0,0.0,1.0
中国证券监督管理委员会,0.0,3.0,0.0,1.0
131,0.0,3.0,0.0,1.0
现场,6.0,0.0,1.0,0.0
433,0.0,3.0,0.0,1.0
扫描,0.0,3.0,0.0,1.0
赵伟,0.0,36.0,0.0,1.0
5.19,0.0,3.0,0.0,1.0
说明书,0.0,9.0,0.0,1.0
望,0.0,6.0,0.0,1.0
名为,12.0,3.0,0.8,0.2
种业,0.0,3.0,0.0,1.0
7911.7111,0.0,3.0,0.0,1.0
牛散,0.0,18.0,0.0,1.0
0.55,0.0,3.0,0.0,1.0
然后,0.0,12.0,0.0,1.0
994.68,0.0,3.0,0.0,1.0
fxwkzyh4195360,0.0,3.0,0.0,1.0
俺,0.0,9.0,0.0,1.0
680.2711,0.0,3.0,0.0,1.0
600853,0.0,3.0,0.0,1.0
在于,0.0,3.0,0.0,1.0
组织,6.0,0.0,1.0,0.0
187.302,0.0,6.0,0.0,1.0
转型,0.0,72.0,0.0,1.0
25,0.0,9.0,0.0,1.0
000998,0.0,6.0,0.0,1.0
拆,6.0,0.0,1.0,0.0
630.06002617,0.0,3.0,0.0,1.0
10.97600861,0.0,3.0,0.0,1.0
阳光城,0.0,3.0,0.0,1.0
按照,0.0,3.0,0.0,1.0
支付,0.0,3.0,0.0,1.0
度,0.0,6.0,0.0,1.0
论文,3.0,0.0,1.0,0.0
运城,0.0,6.0,0.0,1.0
015,0.0,3.0,0.0,1.0
4.10,0.0,3.0,0.0,1.0
5753600859,0.0,3.0,0.0,1.0
方式,0.0,27.0,0.0,1.0
002238,0.0,120.0,0.0,1.0
操作,0.0,21.0,0.0,1.0
高减,0.0,3.0,0.0,1.0
一带,0.0,12.0,0.0,1.0
已,12.0,21.0,0.36363636363636365,0.6363636363636364
养老金,0.0,6.0,0.0,1.0
航民,0.0,3.0,0.0,1.0
4313002145,0.0,3.0,0.0,1.0
952.5214000928,0.0,3.0,0.0,1.0
3.16,0.0,6.0,0.0,1.0
著名,0.0,12.0,0.0,1.0
191,0.0,3.0,0.0,1.0
300093,0.0,3.0,0.0,1.0
931,0.0,3.0,0.0,1.0
一文,6.0,0.0,1.0,0.0
历史,0.0,12.0,0.0,1.0
5.283,0.0,3.0,0.0,1.0
10,6.0,81.0,0.06896551724137931,0.9310344827586207
大成,0.0,6.0,0.0,1.0
乘坐,3.0,0.0,1.0,0.0
000682,0.0,3.0,0.0,1.0
评级,0.0,3.0,0.0,1.0
租赁,0.0,30.0,0.0,1.0
7.74,0.0,3.0,0.0,1.0
3.02002141,0.0,3.0,0.0,1.0
新华社,6.0,0.0,1.0,0.0
17.9,0.0,3.0,0.0,1.0
0003,0.0,30.0,0.0,1.0
预付,3.0,0.0,1.0,0.0
写字楼,0.0,18.0,0.0,1.0
广发,0.0,6.0,0.0,1.0
７,3.0,0.0,1.0,0.0
批准,0.0,3.0,0.0,1.0
k,0.0,9.0,0.0,1.0
关于,0.0,66.0,0.0,1.0
跨境,0.0,3.0,0.0,1.0
三联,0.0,6.0,0.0,1.0
481.31600462,0.0,6.0,0.0,1.0
9.99,0.0,3.0,0.0,1.0
采掘,0.0,3.0,0.0,1.0
九有,0.0,6.0,0.0,1.0
越,0.0,6.0,0.0,1.0
粤,0.0,27.0,0.0,1.0
4813.3213,0.0,3.0,0.0,1.0
194.374,0.0,3.0,0.0,1.0
1.730,0.0,3.0,0.0,1.0
规划,15.0,159.0,0.08620689655172414,0.9137931034482759
2817000050,0.0,3.0,0.0,1.0
上市公司,0.0,243.0,0.0,1.0
星湖,0.0,15.0,0.0,1.0
缩影,27.0,0.0,1.0,0.0
58850,0.0,9.0,0.0,1.0
万元,0.0,51.0,0.0,1.0
国有资本,0.0,18.0,0.0,1.0
寻找,0.0,3.0,0.0,1.0
0.11,0.0,3.0,0.0,1.0
送,0.0,6.0,0.0,1.0
停牌,0.0,72.0,0.0,1.0
54,0.0,6.0,0.0,1.0
债务,0.0,12.0,0.0,1.0
亿要,0.0,6.0,0.0,1.0
马上,0.0,3.0,0.0,1.0
其新进,0.0,9.0,0.0,1.0
8872.59,0.0,18.0,0.0,1.0
福安,0.0,3.0,0.0,1.0
宿舍楼,0.0,3.0,0.0,1.0
600415,0.0,3.0,0.0,1.0
顺鑫,0.0,63.0,0.0,1.0
六,0.0,3.0,0.0,1.0
负增长,0.0,3.0,0.0,1.0
普洛,0.0,3.0,0.0,1.0
走强,0.0,3.0,0.0,1.0
宜,0.0,3.0,0.0,1.0
小京巴,0.0,6.0,0.0,1.0
手里,0.0,3.0,0.0,1.0
180.51002037,0.0,3.0,0.0,1.0
那,12.0,0.0,1.0,0.0
定增,0.0,12.0,0.0,1.0
开发商,0.0,15.0,0.0,1.0
600350,0.0,3.0,0.0,1.0
今晨,0.0,6.0,0.0,1.0
冠农,0.0,3.0,0.0,1.0
均,0.0,9.0,0.0,1.0
553,0.0,3.0,0.0,1.0
爷爷,0.0,3.0,0.0,1.0
交易所,0.0,6.0,0.0,1.0
0684,0.0,3.0,0.0,1.0
红旗,0.0,24.0,0.0,1.0
2194.8,0.0,6.0,0.0,1.0
股份,0.0,1140.0,0.0,1.0
城乡建设,9.0,171.0,0.05,0.95
1.38,0.0,6.0,0.0,1.0
6004441,0.0,3.0,0.0,1.0
改投,0.0,3.0,0.0,1.0
1.1,0.0,45.0,0.0,1.0
77,0.0,3.0,0.0,1.0
本店,0.0,3.0,0.0,1.0
海淀法院,0.0,3.0,0.0,1.0
老,9.0,12.0,0.42857142857142855,0.5714285714285714
600593,0.0,3.0,0.0,1.0
你,0.0,42.0,0.0,1.0
鳖,0.0,3.0,0.0,1.0
下跌,0.0,6.0,0.0,1.0
国资委,0.0,48.0,0.0,1.0
公司章程,0.0,3.0,0.0,1.0
492,0.0,3.0,0.0,1.0
成功,0.0,6.0,0.0,1.0
948,0.0,3.0,0.0,1.0
转,0.0,3.0,0.0,1.0
青松,0.0,6.0,0.0,1.0
人均,3.0,15.0,0.16666666666666666,0.8333333333333334
两个,9.0,15.0,0.375,0.625
13,12.0,21.0,0.36363636363636365,0.6363636363636364
经信委组,0.0,3.0,0.0,1.0
口,0.0,9.0,0.0,1.0
２,18.0,0.0,1.0,0.0
公募,0.0,24.0,0.0,1.0
收购,0.0,116.0,0.0,1.0
丰园,0.0,3.0,0.0,1.0
设施,0.0,6.0,0.0,1.0
募集,0.0,6.0,0.0,1.0
医疗,0.0,6.0,0.0,1.0
601727,0.0,3.0,0.0,1.0
非银,0.0,3.0,0.0,1.0
3.29,0.0,3.0,0.0,1.0
厉害,0.0,3.0,0.0,1.0
梅雁,0.0,12.0,0.0,1.0
混改,0.0,36.0,0.0,1.0
4.09,0.0,6.0,0.0,1.0
通过,9.0,96.0,0.08571428571428572,0.9142857142857143
天士力,0.0,3.0,0.0,1.0
900,3.0,12.0,0.2,0.8
前五,0.0,15.0,0.0,1.0
070.593,0.0,9.0,0.0,1.0
0.6510,0.0,3.0,0.0,1.0
601798,0.0,3.0,0.0,1.0
我要,0.0,3.0,0.0,1.0
富煌,0.0,9.0,0.0,1.0
８,3.0,0.0,1.0,0.0
共现,0.0,3.0,0.0,1.0
办法,0.0,12.0,0.0,1.0
灵活,0.0,6.0,0.0,1.0
环境,0.0,6.0,0.0,1.0
翻番,0.0,6.0,0.0,1.0
2215002421,0.0,3.0,0.0,1.0
有,12.0,258.0,0.044444444444444446,0.9555555555555556
中天,0.0,33.0,0.0,1.0
牛股,0.0,9.0,0.0,1.0
江苏,0.0,27.0,0.0,1.0
北京晨报,0.0,3.0,0.0,1.0
贷款,0.0,12.0,0.0,1.0
司机,0.0,12.0,0.0,1.0
600755,0.0,3.0,0.0,1.0
暗中,0.0,3.0,0.0,1.0
雄县,30.0,0.0,1.0,0.0
康得,0.0,12.0,0.0,1.0
优质服务,0.0,3.0,0.0,1.0
用品,0.0,3.0,0.0,1.0
你们,0.0,3.0,0.0,1.0
金一,0.0,9.0,0.0,1.0
1.880,0.0,3.0,0.0,1.0
期,0.0,15.0,0.0,1.0
720,0.0,6.0,0.0,1.0
SZ,0.0,102.0,0.0,1.0
抵押,0.0,27.0,0.0,1.0
12.99,0.0,15.0,0.0,1.0
笔者,0.0,3.0,0.0,1.0
601018,0.0,6.0,0.0,1.0
预期,0.0,45.0,0.0,1.0
600861,0.0,540.0,0.0,1.0
金财,0.0,3.0,0.0,1.0
00821,0.0,3.0,0.0,1.0
人民币,9.0,12.0,0.42857142857142855,0.5714285714285714
7600618,0.0,3.0,0.0,1.0
号,0.0,288.0,0.0,1.0
·,0.0,6.0,0.0,1.0
157.22,0.0,3.0,0.0,1.0
控盘,0.0,3.0,0.0,1.0
北京郊区,0.0,3.0,0.0,1.0
王延奎,0.0,6.0,0.0,1.0
①,0.0,6.0,0.0,1.0
长峰,0.0,15.0,0.0,1.0
3.04,0.0,3.0,0.0,1.0
缴费,0.0,12.0,0.0,1.0
沿续,0.0,3.0,0.0,1.0
805,0.0,3.0,0.0,1.0
0.15,0.0,6.0,0.0,1.0
26.88,0.0,3.0,0.0,1.0
广泛,0.0,3.0,0.0,1.0
加仓,0.0,222.0,0.0,1.0
002186,0.0,51.0,0.0,1.0
安全,0.0,12.0,0.0,1.0
2.621,0.0,3.0,0.0,1.0
金刚,0.0,3.0,0.0,1.0
0.5610,0.0,3.0,0.0,1.0
241.500,0.0,3.0,0.0,1.0
快,0.0,21.0,0.0,1.0
大城市,0.0,3.0,0.0,1.0
物贸,0.0,12.0,0.0,1.0
轻纺城,0.0,15.0,0.0,1.0
770.62300034,0.0,3.0,0.0,1.0
大巴车,0.0,15.0,0.0,1.0
如今,0.0,9.0,0.0,1.0
68.00,0.0,3.0,0.0,1.0
表示,0.0,54.0,0.0,1.0
002026,0.0,3.0,0.0,1.0
5.67,0.0,3.0,0.0,1.0
各庄,6.0,0.0,1.0,0.0
天康,0.0,3.0,0.0,1.0
药,0.0,3.0,0.0,1.0
并购,0.0,3.0,0.0,1.0
永赢,0.0,6.0,0.0,1.0
矿业,0.0,6.0,0.0,1.0
市值,0.0,93.0,0.0,1.0
股派,0.0,3.0,0.0,1.0
176.682,0.0,9.0,0.0,1.0
华升,0.0,6.0,0.0,1.0
战略,0.0,12.0,0.0,1.0
北京,370.0,3692.0,0.09108813392417528,0.9089118660758247
176.68,0.0,3.0,0.0,1.0
进程,0.0,30.0,0.0,1.0
规范,3.0,0.0,1.0,0.0
600879,0.0,6.0,0.0,1.0
珠,0.0,6.0,0.0,1.0
睿鑫,0.0,3.0,0.0,1.0
0,3.0,27.0,0.1,0.9
收藏品,0.0,3.0,0.0,1.0
吉峰,0.0,12.0,0.0,1.0
3852,0.0,3.0,0.0,1.0
因素,0.0,21.0,0.0,1.0
面积,0.0,6.0,0.0,1.0
桂东,0.0,6.0,0.0,1.0
0.397,0.0,3.0,0.0,1.0
7126.5226,0.0,3.0,0.0,1.0
13.1,0.0,3.0,0.0,1.0
868.328,0.0,3.0,0.0,1.0
092,0.0,3.0,0.0,1.0
中炬高新,0.0,9.0,0.0,1.0
8110.7410,0.0,3.0,0.0,1.0
福田,0.0,51.0,0.0,1.0
百大,0.0,75.0,0.0,1.0
2.97,0.0,3.0,0.0,1.0
411,0.0,3.0,0.0,1.0
存在,0.0,12.0,0.0,1.0
14.99,0.0,3.0,0.0,1.0
跟着,0.0,15.0,0.0,1.0
全国,0.0,12.0,0.0,1.0
长青,0.0,3.0,0.0,1.0
9.8,0.0,6.0,0.0,1.0
每周,0.0,3.0,0.0,1.0
伟大,0.0,129.0,0.0,1.0
结合部,27.0,6.0,0.8181818181818182,0.18181818181818182
明确,0.0,63.0,0.0,1.0
二是,0.0,6.0,0.0,1.0
招募,0.0,9.0,0.0,1.0
2.24,0.0,6.0,0.0,1.0
0.04,0.0,9.0,0.0,1.0
进驻,0.0,3.0,0.0,1.0
外行,0.0,6.0,0.0,1.0
办理,0.0,18.0,0.0,1.0
4317.2217,0.0,3.0,0.0,1.0
应,0.0,3.0,0.0,1.0
步步高,0.0,9.0,0.0,1.0
7.703,0.0,3.0,0.0,1.0
大喊,0.0,3.0,0.0,1.0
专卖,0.0,3.0,0.0,1.0
498.94,0.0,3.0,0.0,1.0
测,0.0,3.0,0.0,1.0
呀,0.0,9.0,0.0,1.0
情况,1.0,24.0,0.04,0.96
家园,0.0,3.0,0.0,1.0
中储,0.0,3.0,0.0,1.0
股票代码,0.0,3.0,0.0,1.0
城,18.0,33.0,0.35294117647058826,0.6470588235294118
600834,0.0,18.0,0.0,1.0
说明,0.0,21.0,0.0,1.0
591.13600861,0.0,3.0,0.0,1.0
元,12.0,93.0,0.11428571428571428,0.8857142857142857
棚改,0.0,6.0,0.0,1.0
7157601010,0.0,3.0,0.0,1.0
第三,3.0,0.0,1.0,0.0
吸筹,0.0,3.0,0.0,1.0
服务,6.0,24.0,0.2,0.8
电子,0.0,36.0,0.0,1.0
不变,0.0,3.0,0.0,1.0
4.80,0.0,3.0,0.0,1.0
去年,3.0,153.0,0.019230769230769232,0.9807692307692307
一般,0.0,3.0,0.0,1.0
720.81600038,0.0,3.0,0.0,1.0
115,0.0,6.0,0.0,1.0
13.47,0.0,3.0,0.0,1.0
11000540,0.0,3.0,0.0,1.0
圈,0.0,12.0,0.0,1.0
8.98,0.0,3.0,0.0,1.0
数条,0.0,9.0,0.0,1.0
1.040,0.0,3.0,0.0,1.0
农机,0.0,12.0,0.0,1.0
国,0.0,9.0,0.0,1.0
意见,0.0,9.0,0.0,1.0
献礼,0.0,3.0,0.0,1.0
今天,0.0,33.0,0.0,1.0
贡献,0.0,51.0,0.0,1.0
8.37,0.0,3.0,0.0,1.0
实质性,0.0,3.0,0.0,1.0
首选,0.0,12.0,0.0,1.0
进展,0.0,3.0,0.0,1.0
在,63.0,411.0,0.13291139240506328,0.8670886075949367
1.3,0.0,3.0,0.0,1.0
不可,0.0,3.0,0.0,1.0
12.4,0.0,3.0,0.0,1.0
3815.2815,0.0,3.0,0.0,1.0
09,6.0,3.0,0.6666666666666666,0.3333333333333333
6.2,0.0,3.0,0.0,1.0
出资,0.0,3.0,0.0,1.0
国机实,0.0,3.0,0.0,1.0
治理,0.0,12.0,0.0,1.0
公用,0.0,9.0,0.0,1.0
中长期,0.0,24.0,0.0,1.0
562,0.0,15.0,0.0,1.0
管理,0.0,48.0,0.0,1.0
机构,0.0,18.0,0.0,1.0
重要,0.0,9.0,0.0,1.0
就让,0.0,3.0,0.0,1.0
060.93600584,0.0,3.0,0.0,1.0
獐岛,0.0,3.0,0.0,1.0
进一步,0.0,84.0,0.0,1.0
二线,24.0,0.0,1.0,0.0
滚,0.0,3.0,0.0,1.0
00126,0.0,3.0,0.0,1.0
驻守,3.0,0.0,1.0,0.0
31,3.0,18.0,0.14285714285714285,0.8571428571428571
菜篮子,0.0,3.0,0.0,1.0
所以,3.0,12.0,0.2,0.8
股价,0.0,9.0,0.0,1.0
984.00,0.0,3.0,0.0,1.0
230,0.0,6.0,0.0,1.0
4002,0.0,63.0,0.0,1.0
目前,15.0,303.0,0.04716981132075472,0.9528301886792453
开启,0.0,3.0,0.0,1.0
可达,0.0,3.0,0.0,1.0
21600861,0.0,3.0,0.0,1.0
易果,0.0,3.0,0.0,1.0
持仓,0.0,54.0,0.0,1.0
一批,9.0,3.0,0.75,0.25
2.19,0.0,6.0,0.0,1.0
%,6.0,1194.0,0.005,0.995
1.871,0.0,3.0,0.0,1.0
学习,0.0,3.0,0.0,1.0
0.5079,0.0,3.0,0.0,1.0
27.29,0.0,3.0,0.0,1.0
利空,0.0,9.0,0.0,1.0
结合,0.0,3.0,0.0,1.0
旅所持,0.0,3.0,0.0,1.0
人口,0.0,12.0,0.0,1.0
森美,0.0,9.0,0.0,1.0
关注度,0.0,9.0,0.0,1.0
子公司,9.0,27.0,0.25,0.75
600023,0.0,3.0,0.0,1.0
定调,0.0,9.0,0.0,1.0
transform,0.0,3.0,0.0,1.0
6.03600861,0.0,3.0,0.0,1.0
136,0.0,3.0,0.0,1.0
莫高,0.0,6.0,0.0,1.0
600843,0.0,9.0,0.0,1.0
昆,0.0,3.0,0.0,1.0
新百,0.0,6.0,0.0,1.0
1.760,0.0,3.0,0.0,1.0
不会,9.0,9.0,0.5,0.5
派,0.0,15.0,0.0,1.0
前,3.0,231.0,0.01282051282051282,0.9871794871794872
属于,0.0,3.0,0.0,1.0
最高,0.0,3.0,0.0,1.0
04,0.0,9.0,0.0,1.0
084,0.0,6.0,0.0,1.0
不少,3.0,3.0,0.5,0.5
920,0.0,3.0,0.0,1.0
村,0.0,3.0,0.0,1.0
2522.6522,0.0,3.0,0.0,1.0
主要,6.0,12.0,0.3333333333333333,0.6666666666666666
000833,0.0,6.0,0.0,1.0
恒顺,0.0,3.0,0.0,1.0
321.31000726,0.0,3.0,0.0,1.0
迎驾,0.0,3.0,0.0,1.0
000402,0.0,12.0,0.0,1.0
金智,0.0,3.0,0.0,1.0
0.567,0.0,3.0,0.0,1.0
0.837,0.0,3.0,0.0,1.0
有利,0.0,6.0,0.0,1.0
700.00,0.0,6.0,0.0,1.0
知晓,0.0,3.0,0.0,1.0
较,6.0,75.0,0.07407407407407407,0.9259259259259259
低保,3.0,18.0,0.14285714285714285,0.8571428571428571
售价,0.0,3.0,0.0,1.0
等,15.0,519.0,0.028089887640449437,0.9719101123595506
卡,0.0,3.0,0.0,1.0
责编,0.0,3.0,0.0,1.0
399.402,0.0,6.0,0.0,1.0
归属,0.0,9.0,0.0,1.0
基金,0.0,108.0,0.0,1.0
2.76600130,0.0,3.0,0.0,1.0
0.3921,0.0,3.0,0.0,1.0
若,0.0,3.0,0.0,1.0
偿还,3.0,0.0,1.0,0.0
具体,0.0,135.0,0.0,1.0
市场化,0.0,6.0,0.0,1.0
佳豪,0.0,6.0,0.0,1.0
130.98,0.0,3.0,0.0,1.0
同意,0.0,6.0,0.0,1.0
另据格,0.0,57.0,0.0,1.0
财富网,3.0,12.0,0.2,0.8
3.33,0.0,12.0,0.0,1.0
昨天,0.0,9.0,0.0,1.0
导航,0.0,3.0,0.0,1.0
变化,0.0,6.0,0.0,1.0
整合,0.0,27.0,0.0,1.0
歌尔,0.0,3.0,0.0,1.0
经纬,0.0,15.0,0.0,1.0
海运,0.0,6.0,0.0,1.0
顶置,0.0,3.0,0.0,1.0
之前,0.0,21.0,0.0,1.0
时代,3.0,15.0,0.16666666666666666,0.8333333333333334
26.6,0.0,6.0,0.0,1.0
停盘,0.0,9.0,0.0,1.0
四个,0.0,57.0,0.0,1.0
600250,0.0,6.0,0.0,1.0
1.8,0.0,12.0,0.0,1.0
溦,0.0,3.0,0.0,1.0
市场,0.0,45.0,0.0,1.0
总公司,0.0,3.0,0.0,1.0
4.321,0.0,3.0,0.0,1.0
起止,0.0,3.0,0.0,1.0
国药,0.0,3.0,0.0,1.0
买,12.0,12.0,0.5,0.5
不明,0.0,54.0,0.0,1.0
小盘子,0.0,3.0,0.0,1.0
5.26,0.0,3.0,0.0,1.0
★,0.0,6.0,0.0,1.0
23.02,0.0,15.0,0.0,1.0
国泰,0.0,9.0,0.0,1.0
民生银行,0.0,3.0,0.0,1.0
这,9.0,174.0,0.04918032786885246,0.9508196721311475
股市,0.0,6.0,0.0,1.0
股东大会,0.0,99.0,0.0,1.0
见证,0.0,3.0,0.0,1.0
玉蜓桥,0.0,6.0,0.0,1.0
000632,0.0,3.0,0.0,1.0
黄金珠宝,0.0,12.0,0.0,1.0
好消息,0.0,6.0,0.0,1.0
三木,0.0,9.0,0.0,1.0
交通银行,0.0,3.0,0.0,1.0
指大涨,0.0,3.0,0.0,1.0
队于,6.0,0.0,1.0,0.0
以爱企,0.0,3.0,0.0,1.0
举牌,0.0,6.0,0.0,1.0
已达,0.0,3.0,0.0,1.0
每年,0.0,3.0,0.0,1.0
16.16,0.0,3.0,0.0,1.0
1.650,0.0,6.0,0.0,1.0
51533.93,0.0,3.0,0.0,1.0
说,12.0,18.0,0.4,0.6
０,18.0,0.0,1.0,0.0
风口,0.0,3.0,0.0,1.0
新闻,6.0,6.0,0.5,0.5
办妥,0.0,6.0,0.0,1.0
混,0.0,3.0,0.0,1.0
5,0.0,111.0,0.0,1.0
认为,0.0,33.0,0.0,1.0
振幅,0.0,6.0,0.0,1.0
实现,0.0,33.0,0.0,1.0
准,0.0,3.0,0.0,1.0
6.40,0.0,3.0,0.0,1.0
茂业,0.0,3.0,0.0,1.0
1.450,0.0,3.0,0.0,1.0
35,0.0,18.0,0.0,1.0
年报,0.0,51.0,0.0,1.0
695,0.0,3.0,0.0,1.0
6420.3820,0.0,3.0,0.0,1.0
66,0.0,3.0,0.0,1.0
7.4,0.0,3.0,0.0,1.0
值,0.0,9.0,0.0,1.0
直接,0.0,3.0,0.0,1.0
924,0.0,9.0,0.0,1.0
646,0.0,3.0,0.0,1.0
成交量,0.0,9.0,0.0,1.0
530,0.0,3.0,0.0,1.0
1.090,0.0,3.0,0.0,1.0
铸管,0.0,6.0,0.0,1.0
查看,0.0,48.0,0.0,1.0
108,0.0,3.0,0.0,1.0
朝阳,9.0,3.0,0.75,0.25
商厦,0.0,6.0,0.0,1.0
熬东,0.0,3.0,0.0,1.0
现金,0.0,27.0,0.0,1.0
银行,0.0,6.0,0.0,1.0
新进,0.0,315.0,0.0,1.0
宏源,0.0,3.0,0.0,1.0
城市,0.0,3.0,0.0,1.0
6008331,0.0,6.0,0.0,1.0
超市,6.0,60.0,0.09090909090909091,0.9090909090909091
603866,0.0,3.0,0.0,1.0
集中,0.0,6.0,0.0,1.0
分类,0.0,21.0,0.0,1.0
1.151,0.0,3.0,0.0,1.0
新动向,0.0,6.0,0.0,1.0
市场走势,0.0,3.0,0.0,1.0
梯队,0.0,3.0,0.0,1.0
落后,0.0,6.0,0.0,1.0
地,0.0,12.0,0.0,1.0
体育用品,0.0,3.0,0.0,1.0
6008611,0.0,12.0,0.0,1.0
IPO,0.0,3.0,0.0,1.0
产业链,0.0,12.0,0.0,1.0
第九届,0.0,3.0,0.0,1.0
奥拓,0.0,3.0,0.0,1.0
典型,12.0,3.0,0.8,0.2
15.66,0.0,3.0,0.0,1.0
728,0.0,6.0,0.0,1.0
贡酒,0.0,3.0,0.0,1.0
唐胜明,0.0,3.0,0.0,1.0
了解,0.0,12.0,0.0,1.0
产业,3.0,18.0,0.14285714285714285,0.8571428571428571
多能,0.0,3.0,0.0,1.0
博弈,0.0,3.0,0.0,1.0
阴下个,0.0,18.0,0.0,1.0
关注,0.0,282.0,0.0,1.0
作站,0.0,3.0,0.0,1.0
20,0.0,78.0,0.0,1.0
准备,0.0,3.0,0.0,1.0
﹑,0.0,3.0,0.0,1.0
玩,0.0,3.0,0.0,1.0
迎来,0.0,9.0,0.0,1.0
爱普,0.0,6.0,0.0,1.0
媒体,0.0,6.0,0.0,1.0
0.070,0.0,3.0,0.0,1.0
来看,0.0,189.0,0.0,1.0
保变,0.0,3.0,0.0,1.0
0.4311,0.0,3.0,0.0,1.0
反转,0.0,69.0,0.0,1.0
19.520,0.0,12.0,0.0,1.0
8872.6,0.0,3.0,0.0,1.0
活动,3.0,3.0,0.5,0.5
到,0.0,81.0,0.0,1.0
如何,0.0,93.0,0.0,1.0
工业生产,0.0,3.0,0.0,1.0
低收入,0.0,6.0,0.0,1.0
江西,0.0,9.0,0.0,1.0
华远,0.0,3.0,0.0,1.0
小盘,0.0,6.0,0.0,1.0
1.530,0.0,3.0,0.0,1.0
证券时报,0.0,3.0,0.0,1.0
二季度,0.0,21.0,0.0,1.0
2.45,0.0,3.0,0.0,1.0
网讯,0.0,6.0,0.0,1.0
二,0.0,15.0,0.0,1.0
章程,0.0,3.0,0.0,1.0
890,0.0,6.0,0.0,1.0
刚,15.0,3.0,0.8333333333333334,0.16666666666666666
安徽,0.0,24.0,0.0,1.0
契合,3.0,0.0,1.0,0.0
止盈,9.0,0.0,1.0,0.0
设立,0.0,9.0,0.0,1.0
获,0.0,36.0,0.0,1.0
　,6.0,1233.0,0.004842615012106538,0.9951573849878934
城乡规划,6.0,0.0,1.0,0.0
0216.3016,0.0,3.0,0.0,1.0
400.89600783,0.0,3.0,0.0,1.0
北,0.0,18.0,0.0,1.0
金壳加,0.0,15.0,0.0,1.0
主题,0.0,6.0,0.0,1.0
1.43,0.0,3.0,0.0,1.0
幅度,0.0,3.0,0.0,1.0
终止,0.0,15.0,0.0,1.0
8211.6111,0.0,3.0,0.0,1.0
弥补,0.0,6.0,0.0,1.0
股份制,0.0,3.0,0.0,1.0
共,0.0,75.0,0.0,1.0
345.422,0.0,3.0,0.0,1.0
划转,0.0,15.0,0.0,1.0
上限,0.0,6.0,0.0,1.0
657,0.0,3.0,0.0,1.0
那么,0.0,6.0,0.0,1.0
大约,0.0,3.0,0.0,1.0
2.31,0.0,12.0,0.0,1.0
消息,0.0,18.0,0.0,1.0
换手率,0.0,3.0,0.0,1.0
老大,0.0,3.0,0.0,1.0
1.350,0.0,6.0,0.0,1.0
178,0.0,6.0,0.0,1.0
600872,0.0,3.0,0.0,1.0
服装,0.0,6.0,0.0,1.0
5.290,0.0,3.0,0.0,1.0
1.23600628,0.0,3.0,0.0,1.0
回暖,0.0,9.0,0.0,1.0
原文,0.0,42.0,0.0,1.0
?,0.0,69.0,0.0,1.0
采暖,0.0,12.0,0.0,1.0
沣,0.0,1086.0,0.0,1.0
53,0.0,3.0,0.0,1.0
达成,0.0,3.0,0.0,1.0
040,0.0,3.0,0.0,1.0
23.57,0.0,3.0,0.0,1.0
试点,0.0,15.0,0.0,1.0
国军,0.0,3.0,0.0,1.0
排列,0.0,75.0,0.0,1.0
值高,0.0,51.0,0.0,1.0
呈,0.0,3.0,0.0,1.0
新高,0.0,12.0,0.0,1.0
0012.1412,0.0,3.0,0.0,1.0
城市群,6.0,0.0,1.0,0.0
于无声处,0.0,3.0,0.0,1.0
2.710,0.0,3.0,0.0,1.0
稳健,0.0,3.0,0.0,1.0
张裕,0.0,3.0,0.0,1.0
0.05,0.0,6.0,0.0,1.0
精神文明,0.0,3.0,0.0,1.0
底部,0.0,27.0,0.0,1.0
贵州,0.0,3.0,0.0,1.0
Wind,0.0,12.0,0.0,1.0
宁波港,0.0,6.0,0.0,1.0
排头兵,0.0,3.0,0.0,1.0
十大,0.0,237.0,0.0,1.0
三,0.0,33.0,0.0,1.0
重大,0.0,63.0,0.0,1.0
16.48,0.0,9.0,0.0,1.0
煤能,0.0,3.0,0.0,1.0
106,0.0,12.0,0.0,1.0
免费,3.0,0.0,1.0,0.0
02,3.0,21.0,0.125,0.875
浙商,0.0,3.0,0.0,1.0
国企,0.0,45.0,0.0,1.0
06,6.0,6.0,0.5,0.5
1.800,0.0,3.0,0.0,1.0
如果说,0.0,12.0,0.0,1.0
600452,0.0,3.0,0.0,1.0
9.7,0.0,3.0,0.0,1.0
垃圾,0.0,3.0,0.0,1.0
2800,6.0,144.0,0.04,0.96
仓位,0.0,75.0,0.0,1.0
价格,0.0,18.0,0.0,1.0
股本,0.0,27.0,0.0,1.0
素来,0.0,12.0,0.0,1.0
时均,3.0,0.0,1.0,0.0
较大,6.0,12.0,0.3333333333333333,0.6666666666666666
港九,0.0,3.0,0.0,1.0
汪立亭,0.0,9.0,0.0,1.0
600519,0.0,3.0,0.0,1.0
重回,0.0,3.0,0.0,1.0
筹划,0.0,9.0,0.0,1.0
北京分行,6.0,0.0,1.0,0.0
181,0.0,3.0,0.0,1.0
庆贺,0.0,9.0,0.0,1.0
云商,0.0,3.0,0.0,1.0
抛,0.0,66.0,0.0,1.0
承德,0.0,6.0,0.0,1.0
0.23,0.0,3.0,0.0,1.0
曾经,0.0,24.0,0.0,1.0
600963,0.0,3.0,0.0,1.0
36.52,0.0,3.0,0.0,1.0
600783,0.0,6.0,0.0,1.0
期待,0.0,30.0,0.0,1.0
3000722,0.0,3.0,0.0,1.0
每天,0.0,3.0,0.0,1.0
2.5214,0.0,3.0,0.0,1.0
056.00,0.0,3.0,0.0,1.0
金自,0.0,18.0,0.0,1.0
大胆,0.0,3.0,0.0,1.0
中国,0.0,39.0,0.0,1.0
经营,0.0,252.0,0.0,1.0
海兰信,0.0,6.0,0.0,1.0
多,9.0,27.0,0.25,0.75
391.73600543,0.0,6.0,0.0,1.0
一年,0.0,3.0,0.0,1.0
2860,0.0,18.0,0.0,1.0
6020.9820,0.0,3.0,0.0,1.0
3.61,0.0,3.0,0.0,1.0
航天,0.0,27.0,0.0,1.0
591.42002593,0.0,3.0,0.0,1.0
121.27600463,0.0,6.0,0.0,1.0
十多年,3.0,0.0,1.0,0.0
56,0.0,21.0,0.0,1.0
朋友,0.0,12.0,0.0,1.0
调整,0.0,24.0,0.0,1.0
所属,0.0,3.0,0.0,1.0
频繁,0.0,3.0,0.0,1.0
复苏,0.0,135.0,0.0,1.0
1.09,0.0,3.0,0.0,1.0
清淡,0.0,9.0,0.0,1.0
发行,0.0,3.0,0.0,1.0
