日,3.0,623.0,0.004792332268370607,0.9952076677316294
正中,0.0,3.0,0.0,1.0
家校,0.0,72.0,0.0,1.0
1.34,0.0,3.0,0.0,1.0
汇,0.0,3.0,0.0,1.0
媒介,0.0,3.0,0.0,1.0
中华人民共和国,0.0,3.0,0.0,1.0
一点,0.0,6.0,0.0,1.0
跟进,0.0,6.0,0.0,1.0
90,0.0,27.0,0.0,1.0
完成,0.0,27.0,0.0,1.0
同一,0.0,15.0,0.0,1.0
邀请,0.0,3.0,0.0,1.0
1dc30004af2fb77d2214,0.0,3.0,0.0,1.0
回归,0.0,6.0,0.0,1.0
万至,0.0,6.0,0.0,1.0
jrj,0.0,9.0,0.0,1.0
同比,0.0,147.0,0.0,1.0
沦落,0.0,6.0,0.0,1.0
取代,0.0,21.0,0.0,1.0
搜狐,0.0,3.0,0.0,1.0
像样,0.0,3.0,0.0,1.0
两千年,0.0,3.0,0.0,1.0
采购,0.0,21.0,0.0,1.0
大肆,0.0,3.0,0.0,1.0
色彩,0.0,9.0,0.0,1.0
1.93,0.0,9.0,0.0,1.0
investide,0.0,6.0,0.0,1.0
dcgg050804,0.0,3.0,0.0,1.0
狂飙,0.0,9.0,0.0,1.0
jieshuo,0.0,3.0,0.0,1.0
0,0.0,48.0,0.0,1.0
推高,0.0,3.0,0.0,1.0
重拳,0.0,3.0,0.0,1.0
知网,0.0,9.0,0.0,1.0
退场,0.0,3.0,0.0,1.0
叫做,0.0,3.0,0.0,1.0
高职,0.0,3.0,0.0,1.0
从中,0.0,3.0,0.0,1.0
转转,0.0,3.0,0.0,1.0
至,0.0,144.0,0.0,1.0
一线,0.0,3.0,0.0,1.0
感叹,0.0,6.0,0.0,1.0
保险产品,0.0,3.0,0.0,1.0
承压,0.0,6.0,0.0,1.0
案例,0.0,3.0,0.0,1.0
光大,0.0,3.0,0.0,1.0
员工,0.0,3.0,0.0,1.0
148.97,0.0,12.0,0.0,1.0
及其,0.0,117.0,0.0,1.0
最后,0.0,12.0,0.0,1.0
就定,0.0,9.0,0.0,1.0
银都,0.0,3.0,0.0,1.0
梳理,0.0,18.0,0.0,1.0
chart,0.0,3.0,0.0,1.0
地方,0.0,3.0,0.0,1.0
刘玉明,0.0,12.0,0.0,1.0
附近,0.0,15.0,0.0,1.0
股份,1.0,207.0,0.004807692307692308,0.9951923076923077
内容,0.0,6.0,0.0,1.0
潜力,0.0,3.0,0.0,1.0
首度,0.0,3.0,0.0,1.0
个案,0.0,3.0,0.0,1.0
市盈率,0.0,57.0,0.0,1.0
陌生,0.0,3.0,0.0,1.0
在线教育,1.0,195.0,0.00510204081632653,0.9948979591836735
六家,0.0,3.0,0.0,1.0
来自,0.0,30.0,0.0,1.0
唱反调,0.0,3.0,0.0,1.0
三个,0.0,6.0,0.0,1.0
越来越,0.0,3.0,0.0,1.0
反复,0.0,6.0,0.0,1.0
走高,0.0,9.0,0.0,1.0
稳步发展,0.0,6.0,0.0,1.0
跌宕起伏,0.0,3.0,0.0,1.0
镜子,0.0,6.0,0.0,1.0
费用,0.0,6.0,0.0,1.0
步伐,0.0,9.0,0.0,1.0
正逢,0.0,3.0,0.0,1.0
道理,0.0,3.0,0.0,1.0
内外勾结,0.0,3.0,0.0,1.0
产品成本,0.0,3.0,0.0,1.0
幸运,0.0,3.0,0.0,1.0
心痛,0.0,3.0,0.0,1.0
获批,0.0,18.0,0.0,1.0
率先,0.0,3.0,0.0,1.0
参考,0.0,3.0,0.0,1.0
总部,0.0,3.0,0.0,1.0
专家学者,0.0,3.0,0.0,1.0
接着,0.0,3.0,0.0,1.0
事实,0.0,6.0,0.0,1.0
跌到,0.0,12.0,0.0,1.0
4.88,0.0,18.0,0.0,1.0
png,0.0,60.0,0.0,1.0
第三届,0.0,12.0,0.0,1.0
7,0.0,269.0,0.0,1.0
变迁,0.0,9.0,0.0,1.0
5174.15,0.0,3.0,0.0,1.0
还有,0.0,36.0,0.0,1.0
】,0.0,18.0,0.0,1.0
股全通,0.0,3.0,0.0,1.0
条,0.0,6.0,0.0,1.0
老公,0.0,3.0,0.0,1.0
地通,0.0,3.0,0.0,1.0
数据处理,0.0,3.0,0.0,1.0
不到,0.0,24.0,0.0,1.0
2006,0.0,3.0,0.0,1.0
现实情况,0.0,3.0,0.0,1.0
当时,0.0,90.0,0.0,1.0
人忙,0.0,3.0,0.0,1.0
纠纷案,0.0,3.0,0.0,1.0
隆盛,0.0,3.0,0.0,1.0
计算机领域,0.0,6.0,0.0,1.0
+,0.0,18.0,0.0,1.0
清零,0.0,3.0,0.0,1.0
L,0.0,6.0,0.0,1.0
第二天,0.0,3.0,0.0,1.0
重心,0.0,3.0,0.0,1.0
4000,0.0,6.0,0.0,1.0
带来,0.0,9.0,0.0,1.0
幅度,0.0,3.0,0.0,1.0
副董事长,0.0,15.0,0.0,1.0
收涨,0.0,6.0,0.0,1.0
涨幅,0.0,18.0,0.0,1.0
变化,0.0,42.0,0.0,1.0
资金,0.0,66.0,0.0,1.0
消息,0.0,35.0,0.0,1.0
大佬,0.0,24.0,0.0,1.0
京天利们,0.0,9.0,0.0,1.0
都,0.0,93.0,0.0,1.0
衰退,0.0,3.0,0.0,1.0
如何,0.0,21.0,0.0,1.0
慧谷,0.0,9.0,0.0,1.0
设立,0.0,6.0,0.0,1.0
不止,0.0,6.0,0.0,1.0
除权,0.0,6.0,0.0,1.0
形容,0.0,6.0,0.0,1.0
不小,0.0,3.0,0.0,1.0
涨停板,0.0,6.0,0.0,1.0
预亏,0.0,54.0,0.0,1.0
最长,0.0,3.0,0.0,1.0
政府,0.0,9.0,0.0,1.0
3,0.0,180.0,0.0,1.0
机遇,0.0,3.0,0.0,1.0
价格,0.0,72.0,0.0,1.0
过百后,0.0,3.0,0.0,1.0
采访,0.0,27.0,0.0,1.0
399,0.0,3.0,0.0,1.0
22.22,0.0,3.0,0.0,1.0
回报率,0.0,3.0,0.0,1.0
举办,0.0,12.0,0.0,1.0
是否,0.0,27.0,0.0,1.0
人林,0.0,12.0,0.0,1.0
阶层,0.0,3.0,0.0,1.0
按,0.0,18.0,0.0,1.0
国际化,0.0,3.0,0.0,1.0
东方财富网,0.0,12.0,0.0,1.0
交易方式,0.0,6.0,0.0,1.0
无法,0.0,3.0,0.0,1.0
市场,0.0,192.0,0.0,1.0
起至,0.0,6.0,0.0,1.0
45,0.0,24.0,0.0,1.0
sinajs,0.0,6.0,0.0,1.0
极度,0.0,9.0,0.0,1.0
广西,0.0,9.0,0.0,1.0
承建,0.0,9.0,0.0,1.0
调整,0.0,23.0,0.0,1.0
如掌趣,0.0,12.0,0.0,1.0
i7,0.0,2.0,0.0,1.0
312,0.0,3.0,0.0,1.0
增长,0.0,114.0,0.0,1.0
韭菜,0.0,6.0,0.0,1.0
1dbe00000b0a36e1e8be,0.0,3.0,0.0,1.0
一手,0.0,12.0,0.0,1.0
符合,0.0,3.0,0.0,1.0
阴线,0.0,3.0,0.0,1.0
1600,0.0,21.0,0.0,1.0
曾力,0.0,12.0,0.0,1.0
中国,0.0,54.0,0.0,1.0
范秀莲,0.0,12.0,0.0,1.0
成长性,0.0,6.0,0.0,1.0
登基,0.0,3.0,0.0,1.0
状态,0.0,12.0,0.0,1.0
通知书,0.0,78.0,0.0,1.0
违规行为,0.0,3.0,0.0,1.0
显得,0.0,3.0,0.0,1.0
腾讯,0.0,6.0,0.0,1.0
美好,0.0,3.0,0.0,1.0
解救,0.0,3.0,0.0,1.0
再融资,0.0,3.0,0.0,1.0
意味着,0.0,12.0,0.0,1.0
预报,0.0,3.0,0.0,1.0
m,0.0,6.0,0.0,1.0
翻番,0.0,3.0,0.0,1.0
早已,0.0,12.0,0.0,1.0
现代化,0.0,6.0,0.0,1.0
现有,0.0,3.0,0.0,1.0
咨询,0.0,6.0,0.0,1.0
涵盖,3.0,3.0,0.5,0.5
资产重组,0.0,132.0,0.0,1.0
见习,0.0,3.0,0.0,1.0
第一阶段,0.0,3.0,0.0,1.0
邮箱,0.0,3.0,0.0,1.0
嘉盟,0.0,48.0,0.0,1.0
接下来,0.0,3.0,0.0,1.0
一种,0.0,15.0,0.0,1.0
推动,6.0,9.0,0.4,0.6
剧烈,0.0,9.0,0.0,1.0
激烈,0.0,6.0,0.0,1.0
负数,0.0,3.0,0.0,1.0
昆仑,0.0,3.0,0.0,1.0
期初,0.0,3.0,0.0,1.0
一天,0.0,18.0,0.0,1.0
拓展,0.0,12.0,0.0,1.0
亏,0.0,6.0,0.0,1.0
庄家,0.0,18.0,0.0,1.0
股权,0.0,111.0,0.0,1.0
日子,0.0,6.0,0.0,1.0
成名,0.0,6.0,0.0,1.0
营运,0.0,3.0,0.0,1.0
5,0.0,204.0,0.0,1.0
高度,0.0,21.0,0.0,1.0
中心,0.0,54.0,0.0,1.0
不算,0.0,3.0,0.0,1.0
涉信,0.0,9.0,0.0,1.0
关联,0.0,6.0,0.0,1.0
像是,0.0,3.0,0.0,1.0
最高峰,0.0,33.0,0.0,1.0
开启,0.0,18.0,0.0,1.0
湄姐,0.0,3.0,0.0,1.0
家长,0.0,21.0,0.0,1.0
完全,0.0,12.0,0.0,1.0
拓张,0.0,3.0,0.0,1.0
外,0.0,9.0,0.0,1.0
也就是说,0.0,6.0,0.0,1.0
列举,0.0,3.0,0.0,1.0
入股,0.0,3.0,0.0,1.0
此,0.0,9.0,0.0,1.0
2066.68,0.0,3.0,0.0,1.0
王登基,0.0,3.0,0.0,1.0
5.14,0.0,3.0,0.0,1.0
大楼,0.0,3.0,0.0,1.0
每股,0.0,45.0,0.0,1.0
差等生,0.0,3.0,0.0,1.0
多万,0.0,3.0,0.0,1.0
持续增长,0.0,3.0,0.0,1.0
—,0.0,24.0,0.0,1.0
套,0.0,9.0,0.0,1.0
河北,0.0,57.0,0.0,1.0
分为,0.0,3.0,0.0,1.0
齐飞,0.0,3.0,0.0,1.0
想,0.0,9.0,0.0,1.0
18,0.0,18.0,0.0,1.0
通信,0.0,9.0,0.0,1.0
亿至,0.0,3.0,0.0,1.0
500,0.0,39.0,0.0,1.0
拟,0.0,11.0,0.0,1.0
通知,0.0,21.0,0.0,1.0
控股,0.0,270.0,0.0,1.0
在内,0.0,6.0,0.0,1.0
增长点,0.0,12.0,0.0,1.0
点名,0.0,9.0,0.0,1.0
千万,0.0,9.0,0.0,1.0
内幕,0.0,3.0,0.0,1.0
01,0.0,3.0,0.0,1.0
*,0.0,9.0,0.0,1.0
正是,0.0,15.0,0.0,1.0
依然,0.0,27.0,0.0,1.0
盛宴,0.0,3.0,0.0,1.0
2016,3.0,219.0,0.013513513513513514,0.9864864864864865
副总,0.0,3.0,0.0,1.0
支付,0.0,3.0,0.0,1.0
屡告,0.0,3.0,0.0,1.0
企业家,0.0,6.0,0.0,1.0
8539839578102265650,0.0,3.0,0.0,1.0
金,0.0,15.0,0.0,1.0
微信,0.0,6.0,0.0,1.0
0.8,0.0,6.0,0.0,1.0
东方,0.0,3.0,0.0,1.0
后,0.0,180.0,0.0,1.0
提升,0.0,6.0,0.0,1.0
之,0.0,24.0,0.0,1.0
显然,0.0,6.0,0.0,1.0
查处,0.0,3.0,0.0,1.0
耗资,0.0,24.0,0.0,1.0
产业,0.0,9.0,0.0,1.0
由,0.0,21.0,0.0,1.0
阻挡,0.0,3.0,0.0,1.0
LIN,0.0,15.0,0.0,1.0
重演,0.0,9.0,0.0,1.0
前半生,0.0,9.0,0.0,1.0
挤下,0.0,3.0,0.0,1.0
厉害,0.0,3.0,0.0,1.0
一部分,0.0,3.0,0.0,1.0
大关,0.0,12.0,0.0,1.0
报告,3.0,24.0,0.1111111111111111,0.8888888888888888
层,0.0,9.0,0.0,1.0
版,0.0,3.0,0.0,1.0
学习,6.0,3.0,0.6666666666666666,0.3333333333333333
16.45,0.0,6.0,0.0,1.0
424,0.0,3.0,0.0,1.0
质疑,0.0,27.0,0.0,1.0
几乎,0.0,15.0,0.0,1.0
消费,0.0,3.0,0.0,1.0
受,0.0,39.0,0.0,1.0
皮,0.0,3.0,0.0,1.0
31,0.0,27.0,0.0,1.0
跳空,0.0,12.0,0.0,1.0
袁驷的,0.0,3.0,0.0,1.0
生于,0.0,3.0,0.0,1.0
106.67,0.0,3.0,0.0,1.0
cdn,0.0,3.0,0.0,1.0
名称,0.0,9.0,0.0,1.0
上市公司,0.0,126.0,0.0,1.0
朱敏,0.0,3.0,0.0,1.0
家庭教育,0.0,6.0,0.0,1.0
评论,0.0,3.0,0.0,1.0
运营,0.0,42.0,0.0,1.0
招股书,0.0,15.0,0.0,1.0
告诉,0.0,12.0,0.0,1.0
竞争对手,0.0,3.0,0.0,1.0
共,0.0,9.0,0.0,1.0
2011,0.0,15.0,0.0,1.0
已不复,0.0,6.0,0.0,1.0
内为,0.0,3.0,0.0,1.0
珠江,0.0,3.0,0.0,1.0
遭受,0.0,3.0,0.0,1.0
陆续,0.0,9.0,0.0,1.0
令人费解,0.0,9.0,0.0,1.0
重头,0.0,3.0,0.0,1.0
两位,0.0,15.0,0.0,1.0
强劲,0.0,9.0,0.0,1.0
像不像,0.0,3.0,0.0,1.0
底层,0.0,3.0,0.0,1.0
大本营,0.0,9.0,0.0,1.0
典型,0.0,18.0,0.0,1.0
英国,0.0,6.0,0.0,1.0
最受,0.0,3.0,0.0,1.0
问询,0.0,9.0,0.0,1.0
沉醉于,0.0,3.0,0.0,1.0
猪,0.0,6.0,0.0,1.0
撤离,0.0,6.0,0.0,1.0
低,0.0,3.0,0.0,1.0
解禁,0.0,21.0,0.0,1.0
服务,0.0,123.0,0.0,1.0
可以,3.0,27.0,0.1,0.9
实控人,0.0,6.0,0.0,1.0
本报记者,0.0,21.0,0.0,1.0
体验,0.0,3.0,0.0,1.0
压,0.0,12.0,0.0,1.0
日复牌,0.0,12.0,0.0,1.0
交易价格,0.0,24.0,0.0,1.0
普及,0.0,3.0,0.0,1.0
程度,0.0,3.0,0.0,1.0
之高,0.0,3.0,0.0,1.0
TOB,0.0,3.0,0.0,1.0
发人深省,0.0,9.0,0.0,1.0
确认,0.0,9.0,0.0,1.0
帮手,0.0,3.0,0.0,1.0
打造,0.0,6.0,0.0,1.0
806.93,0.0,3.0,0.0,1.0
手机,3.0,0.0,1.0,0.0
0.16,0.0,9.0,0.0,1.0
巨头,0.0,12.0,0.0,1.0
发稿,0.0,3.0,0.0,1.0
陈小,0.0,3.0,0.0,1.0
增长率,0.0,6.0,0.0,1.0
无以为继,0.0,6.0,0.0,1.0
策划,0.0,15.0,0.0,1.0
希望,0.0,12.0,0.0,1.0
1.16,0.0,3.0,0.0,1.0
展示,3.0,0.0,1.0,0.0
更得,0.0,3.0,0.0,1.0
渠道,0.0,12.0,0.0,1.0
靓丽,0.0,6.0,0.0,1.0
8,0.0,86.0,0.0,1.0
形成,0.0,3.0,0.0,1.0
有效,0.0,9.0,0.0,1.0
158.18,0.0,9.0,0.0,1.0
力压,0.0,3.0,0.0,1.0
曾一度,0.0,6.0,0.0,1.0
雅各,0.0,3.0,0.0,1.0
价值,0.0,9.0,0.0,1.0
one,0.0,9.0,0.0,1.0
事宜,0.0,3.0,0.0,1.0
蛋,0.0,3.0,0.0,1.0
上市,0.0,246.0,0.0,1.0
03,0.0,6.0,0.0,1.0
47,0.0,3.0,0.0,1.0
上半年,0.0,114.0,0.0,1.0
建立,3.0,3.0,0.5,0.5
正,0.0,15.0,0.0,1.0
财务报告,0.0,3.0,0.0,1.0
转向,0.0,3.0,0.0,1.0
B,0.0,9.0,0.0,1.0
推波助澜,0.0,3.0,0.0,1.0
前期,0.0,3.0,0.0,1.0
不管,0.0,3.0,0.0,1.0
工作者,0.0,3.0,0.0,1.0
事实上,0.0,39.0,0.0,1.0
利润表,0.0,3.0,0.0,1.0
首席,0.0,3.0,0.0,1.0
校园,9.0,36.0,0.2,0.8
现金流量,0.0,3.0,0.0,1.0
一遍,0.0,18.0,0.0,1.0
讯通,0.0,78.0,0.0,1.0
hXRXm8waLHs588x5sqgJtFAVBI15dNIZ3JITCEzjDicAwjSPKxkDL5gLXXxb0ZyndcjW59xHkPLUWw,0.0,3.0,0.0,1.0
波利,0.0,3.0,0.0,1.0
诱因,0.0,6.0,0.0,1.0
愿意,0.0,3.0,0.0,1.0
过山车,0.0,6.0,0.0,1.0
学业,6.0,0.0,1.0,0.0
丰富,0.0,6.0,0.0,1.0
jpeg,0.0,15.0,0.0,1.0
80.04,0.0,3.0,0.0,1.0
往日,0.0,6.0,0.0,1.0
炒,0.0,9.0,0.0,1.0
一个,0.0,48.0,0.0,1.0
挂牌,0.0,15.0,0.0,1.0
到,0.0,165.0,0.0,1.0
疲软,0.0,3.0,0.0,1.0
疼,0.0,3.0,0.0,1.0
全国,0.0,15.0,0.0,1.0
东区,0.0,3.0,0.0,1.0
上天,0.0,3.0,0.0,1.0
追捧,0.0,12.0,0.0,1.0
争议,0.0,6.0,0.0,1.0
赚到,0.0,9.0,0.0,1.0
全体,0.0,9.0,0.0,1.0
示,0.0,3.0,0.0,1.0
天然,0.0,3.0,0.0,1.0
出,0.0,18.0,0.0,1.0
身陷,0.0,3.0,0.0,1.0
实力雄厚,0.0,3.0,0.0,1.0
凡,0.0,3.0,0.0,1.0
2.87,0.0,3.0,0.0,1.0
条件成熟,0.0,9.0,0.0,1.0
惊人,0.0,3.0,0.0,1.0
467,0.0,9.0,0.0,1.0
溢价,0.0,12.0,0.0,1.0
宁波,0.0,3.0,0.0,1.0
论断,0.0,6.0,0.0,1.0
业务,0.0,291.0,0.0,1.0
磋商,0.0,12.0,0.0,1.0
死路一条,0.0,3.0,0.0,1.0
被套,0.0,6.0,0.0,1.0
8.14,0.0,3.0,0.0,1.0
风险,0.0,3.0,0.0,1.0
当月,0.0,6.0,0.0,1.0
除高管,0.0,3.0,0.0,1.0
属于,0.0,21.0,0.0,1.0
3.76,0.0,6.0,0.0,1.0
日讯,0.0,9.0,0.0,1.0
投票,0.0,3.0,0.0,1.0
下午,0.0,9.0,0.0,1.0
额为,0.0,6.0,0.0,1.0
辞职,0.0,6.0,0.0,1.0
getimg,0.0,9.0,0.0,1.0
看盘,0.0,6.0,0.0,1.0
99.95,0.0,3.0,0.0,1.0
标志,0.0,3.0,0.0,1.0
工作量,0.0,15.0,0.0,1.0
贴,0.0,6.0,0.0,1.0
主题,0.0,3.0,0.0,1.0
甚至,0.0,12.0,0.0,1.0
公司业绩,0.0,39.0,0.0,1.0
另一方面,0.0,6.0,0.0,1.0
高速,0.0,9.0,0.0,1.0
或者,0.0,9.0,0.0,1.0
才能,0.0,3.0,0.0,1.0
海量,0.0,3.0,0.0,1.0
你别,0.0,3.0,0.0,1.0
表现,0.0,21.0,0.0,1.0
A12,0.0,3.0,0.0,1.0
品牌,0.0,6.0,0.0,1.0
真正,0.0,15.0,0.0,1.0
重磅,0.0,3.0,0.0,1.0
远超,0.0,3.0,0.0,1.0
丰东,0.0,3.0,0.0,1.0
夫妻,0.0,6.0,0.0,1.0
神话,0.0,39.0,0.0,1.0
群,0.0,21.0,0.0,1.0
狂奔,0.0,15.0,0.0,1.0
百元,0.0,9.0,0.0,1.0
E,0.0,3.0,0.0,1.0
受宠,0.0,6.0,0.0,1.0
泯灭,0.0,3.0,0.0,1.0
号称,0.0,3.0,0.0,1.0
得,0.0,12.0,0.0,1.0
简称,0.0,9.0,0.0,1.0
0.04,0.0,12.0,0.0,1.0
依靠,0.0,6.0,0.0,1.0
区,0.0,3.0,0.0,1.0
信息化,0.0,45.0,0.0,1.0
优点,0.0,3.0,0.0,1.0
或许,0.0,18.0,0.0,1.0
全天,0.0,9.0,0.0,1.0
实现,0.0,57.0,0.0,1.0
300033,0.0,3.0,0.0,1.0
熟悉,0.0,6.0,0.0,1.0
解决目前,0.0,3.0,0.0,1.0
财务总监,0.0,6.0,0.0,1.0
方案,0.0,15.0,0.0,1.0
当,0.0,3.0,0.0,1.0
响应,0.0,3.0,0.0,1.0
签订合同,0.0,3.0,0.0,1.0
img2,0.0,6.0,0.0,1.0
几番,0.0,6.0,0.0,1.0
等到,0.0,3.0,0.0,1.0
证券化,0.0,3.0,0.0,1.0
两,0.0,6.0,0.0,1.0
高,0.0,51.0,0.0,1.0
大体,0.0,3.0,0.0,1.0
进一步,0.0,21.0,0.0,1.0
各个,0.0,3.0,0.0,1.0
之下,0.0,6.0,0.0,1.0
连连,0.0,3.0,0.0,1.0
说明,0.0,6.0,0.0,1.0
难辞其咎,0.0,3.0,0.0,1.0
000025,0.0,3.0,0.0,1.0
大厦将倾,0.0,3.0,0.0,1.0
动力,0.0,6.0,0.0,1.0
启动,0.0,18.0,0.0,1.0
到底,0.0,9.0,0.0,1.0
基因,0.0,3.0,0.0,1.0
大涨,0.0,3.0,0.0,1.0
介绍,0.0,3.0,0.0,1.0
研报,0.0,12.0,0.0,1.0
清华大学,0.0,15.0,0.0,1.0
原形,0.0,3.0,0.0,1.0
深圳,0.0,18.0,0.0,1.0
后来,0.0,21.0,0.0,1.0
进行,0.0,104.0,0.0,1.0
教育界,0.0,3.0,0.0,1.0
年初,0.0,27.0,0.0,1.0
一纸,0.0,6.0,0.0,1.0
社群,0.0,6.0,0.0,1.0
传奇,0.0,6.0,0.0,1.0
至关重要,0.0,3.0,0.0,1.0
中嘉,0.0,3.0,0.0,1.0
动态,3.0,33.0,0.08333333333333333,0.9166666666666666
跌下,0.0,3.0,0.0,1.0
抢,0.0,3.0,0.0,1.0
投资人,0.0,12.0,0.0,1.0
精彩,0.0,3.0,0.0,1.0
很久没,0.0,3.0,0.0,1.0
样,0.0,3.0,0.0,1.0
音信,0.0,6.0,0.0,1.0
收出,0.0,3.0,0.0,1.0
受到冲击,0.0,3.0,0.0,1.0
深度,6.0,15.0,0.2857142857142857,0.7142857142857143
投入资本,0.0,3.0,0.0,1.0
关于,0.0,21.0,0.0,1.0
教育局,3.0,3.0,0.5,0.5
看不到,0.0,15.0,0.0,1.0
赚得,0.0,3.0,0.0,1.0
19257.38,0.0,3.0,0.0,1.0
月底,0.0,9.0,0.0,1.0
滑铁卢,0.0,3.0,0.0,1.0
一起,0.0,21.0,0.0,1.0
线下,0.0,6.0,0.0,1.0
127.97,0.0,9.0,0.0,1.0
年均,0.0,9.0,0.0,1.0
人遭,0.0,9.0,0.0,1.0
其人,0.0,3.0,0.0,1.0
中以,0.0,9.0,0.0,1.0
凭借,0.0,18.0,0.0,1.0
太高,0.0,3.0,0.0,1.0
赶来,0.0,12.0,0.0,1.0
查看,0.0,3.0,0.0,1.0
际遇,0.0,3.0,0.0,1.0
年内,0.0,6.0,0.0,1.0
业界,0.0,3.0,0.0,1.0
TOC,0.0,3.0,0.0,1.0
通往,0.0,3.0,0.0,1.0
这家,0.0,21.0,0.0,1.0
混乱,0.0,6.0,0.0,1.0
不同,0.0,6.0,0.0,1.0
季报,0.0,39.0,0.0,1.0
工作人员,0.0,6.0,0.0,1.0
个人,0.0,60.0,0.0,1.0
下表,0.0,3.0,0.0,1.0
全鼎,0.0,15.0,0.0,1.0
永兴县,0.0,27.0,0.0,1.0
顾问,0.0,6.0,0.0,1.0
股,0.0,222.0,0.0,1.0
贾跃亭,0.0,3.0,0.0,1.0
有无,0.0,3.0,0.0,1.0
拓维,0.0,3.0,0.0,1.0
连接器,0.0,3.0,0.0,1.0
备受,0.0,9.0,0.0,1.0
坐,0.0,3.0,0.0,1.0
300288,0.0,3.0,0.0,1.0
这三大,0.0,3.0,0.0,1.0
空头,0.0,6.0,0.0,1.0
中职,0.0,3.0,0.0,1.0
金额,0.0,72.0,0.0,1.0
崩塌,0.0,3.0,0.0,1.0
审计,0.0,15.0,0.0,1.0
1.6,0.0,9.0,0.0,1.0
归属于,0.0,24.0,0.0,1.0
不要,0.0,9.0,0.0,1.0
沟通,0.0,12.0,0.0,1.0
表决,0.0,9.0,0.0,1.0
严重,0.0,9.0,0.0,1.0
南洋,0.0,3.0,0.0,1.0
就要,0.0,3.0,0.0,1.0
减少,0.0,27.0,0.0,1.0
一大堆,0.0,3.0,0.0,1.0
光电,0.0,3.0,0.0,1.0
15.31,0.0,3.0,0.0,1.0
优质,0.0,6.0,0.0,1.0
时至今日,0.0,3.0,0.0,1.0
江苏,0.0,6.0,0.0,1.0
发展期,0.0,3.0,0.0,1.0
pstatp,0.0,6.0,0.0,1.0
副总裁,0.0,6.0,0.0,1.0
资讯,0.0,9.0,0.0,1.0
K12,0.0,6.0,0.0,1.0
邮件,0.0,12.0,0.0,1.0
增利,0.0,3.0,0.0,1.0
政策,0.0,24.0,0.0,1.0
苦练内功,0.0,3.0,0.0,1.0
配套,0.0,9.0,0.0,1.0
提高,0.0,9.0,0.0,1.0
重组,0.0,117.0,0.0,1.0
扒,0.0,3.0,0.0,1.0
多项,0.0,3.0,0.0,1.0
性不强,0.0,6.0,0.0,1.0
史上,0.0,15.0,0.0,1.0
eastmoney,0.0,12.0,0.0,1.0
秋后算账,0.0,12.0,0.0,1.0
从事,0.0,33.0,0.0,1.0
截图,0.0,3.0,0.0,1.0
陕西,0.0,15.0,0.0,1.0
贵,0.0,3.0,0.0,1.0
暂时,0.0,3.0,0.0,1.0
收入,3.0,93.0,0.03125,0.96875
跌为,0.0,3.0,0.0,1.0
山峰,0.0,3.0,0.0,1.0
丁健,0.0,6.0,0.0,1.0
、,33.0,1026.0,0.031161473087818695,0.9688385269121813
超高,0.0,3.0,0.0,1.0
万左右,0.0,3.0,0.0,1.0
年轻,0.0,3.0,0.0,1.0
群中,0.0,3.0,0.0,1.0
统计,0.0,27.0,0.0,1.0
但,0.0,153.0,0.0,1.0
两人,0.0,15.0,0.0,1.0
20.09,0.0,3.0,0.0,1.0
万元,0.0,219.0,0.0,1.0
只冠,0.0,6.0,0.0,1.0
25.16,0.0,3.0,0.0,1.0
一张,0.0,3.0,0.0,1.0
兴业,0.0,3.0,0.0,1.0
31.44,0.0,30.0,0.0,1.0
声音,0.0,3.0,0.0,1.0
疑云,0.0,6.0,0.0,1.0
不断,0.0,51.0,0.0,1.0
重要,0.0,48.0,0.0,1.0
单位,0.0,6.0,0.0,1.0
两种,0.0,3.0,0.0,1.0
长期,3.0,18.0,0.14285714285714285,0.8571428571428571
贡献,0.0,33.0,0.0,1.0
次为,0.0,3.0,0.0,1.0
注意,0.0,9.0,0.0,1.0
概念,0.0,45.0,0.0,1.0
670,0.0,9.0,0.0,1.0
错题,3.0,0.0,1.0,0.0
尚,0.0,12.0,0.0,1.0
高价股,0.0,114.0,0.0,1.0
实际上,0.0,12.0,0.0,1.0
有人,0.0,9.0,0.0,1.0
股市,0.0,30.0,0.0,1.0
xxsb,0.0,3.0,0.0,1.0
扭亏,0.0,3.0,0.0,1.0
损失惨重,0.0,3.0,0.0,1.0
投资者,0.0,72.0,0.0,1.0
2.7,0.0,21.0,0.0,1.0
增速,0.0,12.0,0.0,1.0
收割,0.0,9.0,0.0,1.0
良好,0.0,3.0,0.0,1.0
巨大,0.0,3.0,0.0,1.0
稳定,0.0,9.0,0.0,1.0
瞠目结舌,0.0,3.0,0.0,1.0
0804,0.0,15.0,0.0,1.0
img,0.0,6.0,0.0,1.0
20170722,0.0,3.0,0.0,1.0
受损,0.0,3.0,0.0,1.0
产生,0.0,12.0,0.0,1.0
计划,0.0,51.0,0.0,1.0
太,0.0,6.0,0.0,1.0
评级,0.0,9.0,0.0,1.0
曾于,0.0,3.0,0.0,1.0
直辖市,0.0,6.0,0.0,1.0
时则,0.0,3.0,0.0,1.0
反而,0.0,12.0,0.0,1.0
高送,0.0,3.0,0.0,1.0
重庆,0.0,9.0,0.0,1.0
数从,0.0,6.0,0.0,1.0
洋相百出,0.0,12.0,0.0,1.0
成交,0.0,3.0,0.0,1.0
市场行情,0.0,3.0,0.0,1.0
直至,0.0,3.0,0.0,1.0
那时,0.0,9.0,0.0,1.0
坐庄,0.0,6.0,0.0,1.0
增值,0.0,6.0,0.0,1.0
资深,0.0,3.0,0.0,1.0
首届,0.0,3.0,0.0,1.0
热血沸腾,0.0,3.0,0.0,1.0
班级,0.0,6.0,0.0,1.0
人为,0.0,15.0,0.0,1.0
暴,0.0,9.0,0.0,1.0
上升,0.0,6.0,0.0,1.0
动作,0.0,9.0,0.0,1.0
股王命,0.0,3.0,0.0,1.0
正式,0.0,12.0,0.0,1.0
经,0.0,3.0,0.0,1.0
投,0.0,9.0,0.0,1.0
吃,0.0,6.0,0.0,1.0
优酷,0.0,3.0,0.0,1.0
放大,0.0,12.0,0.0,1.0
称为,0.0,3.0,0.0,1.0
半年度,0.0,18.0,0.0,1.0
如果说,0.0,3.0,0.0,1.0
1230,0.0,3.0,0.0,1.0
今年,0.0,147.0,0.0,1.0
此后,0.0,27.0,0.0,1.0
港股,0.0,6.0,0.0,1.0
卖出,0.0,21.0,0.0,1.0
湖北,0.0,12.0,0.0,1.0
下移,0.0,3.0,0.0,1.0
较为,0.0,3.0,0.0,1.0
姚文彬,0.0,12.0,0.0,1.0
第四季度,0.0,6.0,0.0,1.0
转增,0.0,3.0,0.0,1.0
年度报告,0.0,9.0,0.0,1.0
总数,0.0,9.0,0.0,1.0
构成,0.0,9.0,0.0,1.0
一款,0.0,3.0,0.0,1.0
此间,0.0,3.0,0.0,1.0
买,0.0,6.0,0.0,1.0
上线,3.0,3.0,0.5,0.5
choice,0.0,3.0,0.0,1.0
号,0.0,12.0,0.0,1.0
湖南省,0.0,6.0,0.0,1.0
堪称,0.0,3.0,0.0,1.0
对受,0.0,6.0,0.0,1.0
拿下,0.0,3.0,0.0,1.0
一段时间,0.0,3.0,0.0,1.0
这笔,0.0,3.0,0.0,1.0
170133,0.0,6.0,0.0,1.0
孙光庆,0.0,9.0,0.0,1.0
自有,0.0,6.0,0.0,1.0
京天利,0.0,9.0,0.0,1.0
回,0.0,6.0,0.0,1.0
视觉,0.0,3.0,0.0,1.0
2078,0.0,9.0,0.0,1.0
周报,0.0,33.0,0.0,1.0
绝大多数,0.0,3.0,0.0,1.0
30.09,0.0,3.0,0.0,1.0
弱市,0.0,3.0,0.0,1.0
诟病,0.0,3.0,0.0,1.0
是因为,0.0,6.0,0.0,1.0
十余年,0.0,6.0,0.0,1.0
对价,0.0,12.0,0.0,1.0
学校,6.0,33.0,0.15384615384615385,0.8461538461538461
位时,0.0,6.0,0.0,1.0
伪装,0.0,3.0,0.0,1.0
直到,0.0,6.0,0.0,1.0
行为,0.0,15.0,0.0,1.0
tA,0.0,3.0,0.0,1.0
多家,0.0,3.0,0.0,1.0
467.57,0.0,123.0,0.0,1.0
反思,0.0,5.0,0.0,1.0
高等,0.0,3.0,0.0,1.0
监事,0.0,9.0,0.0,1.0
看出,0.0,3.0,0.0,1.0
远程,0.0,3.0,0.0,1.0
连接,0.0,3.0,0.0,1.0
官方网站,0.0,3.0,0.0,1.0
数量,0.0,12.0,0.0,1.0
比降,0.0,3.0,0.0,1.0
火热,0.0,9.0,0.0,1.0
栏目,0.0,6.0,0.0,1.0
3JnkxGqwbp9oVjEcQnc6nBpC6RCCYuoCziak28ia2KFPXoWFh64Rz5CdkfqFqjaH0A9uqrgGj40uUw,0.0,3.0,0.0,1.0
层次,0.0,6.0,0.0,1.0
眼熟,0.0,3.0,0.0,1.0
伊始,0.0,3.0,0.0,1.0
重点,0.0,6.0,0.0,1.0
佬,0.0,6.0,0.0,1.0
紧随其后,0.0,3.0,0.0,1.0
特力,0.0,3.0,0.0,1.0
26,0.0,36.0,0.0,1.0
爆出,0.0,9.0,0.0,1.0
中国移动,0.0,36.0,0.0,1.0
兑现,0.0,3.0,0.0,1.0
122.58,0.0,6.0,0.0,1.0
如此,0.0,12.0,0.0,1.0
信号,3.0,5.0,0.375,0.625
省份,0.0,3.0,0.0,1.0
img6,0.0,3.0,0.0,1.0
列席,0.0,6.0,0.0,1.0
摊,0.0,3.0,0.0,1.0
不得,0.0,15.0,0.0,1.0
同意,0.0,15.0,0.0,1.0
资源整合,0.0,3.0,0.0,1.0
多头,0.0,6.0,0.0,1.0
位置,0.0,3.0,0.0,1.0
人大,0.0,3.0,0.0,1.0
上周五,0.0,3.0,0.0,1.0
震荡,0.0,9.0,0.0,1.0
学院,0.0,3.0,0.0,1.0
次,0.0,12.0,0.0,1.0
浦发银行,0.0,3.0,0.0,1.0
惊叹,0.0,3.0,0.0,1.0
可能性,0.0,3.0,0.0,1.0
同样,0.0,24.0,0.0,1.0
今日,0.0,9.0,0.0,1.0
想象,0.0,12.0,0.0,1.0
运作,0.0,15.0,0.0,1.0
让,0.0,54.0,0.0,1.0
利空消息,0.0,6.0,0.0,1.0
重现,0.0,3.0,0.0,1.0
人家,0.0,3.0,0.0,1.0
最大,0.0,36.0,0.0,1.0
净亏损,0.0,9.0,0.0,1.0
四面楚歌,0.0,3.0,0.0,1.0
SRC,0.0,125.0,0.0,1.0
老狄,0.0,6.0,0.0,1.0
期待已久,0.0,3.0,0.0,1.0
关注,3.0,27.0,0.1,0.9
二人,0.0,102.0,0.0,1.0
29.38,0.0,3.0,0.0,1.0
发生变化,0.0,3.0,0.0,1.0
封杀,0.0,3.0,0.0,1.0
幼儿园,0.0,9.0,0.0,1.0
提速,0.0,3.0,0.0,1.0
借助,0.0,12.0,0.0,1.0
较大,0.0,33.0,0.0,1.0
这一,0.0,33.0,0.0,1.0
财经,0.0,12.0,0.0,1.0
只字未提,0.0,3.0,0.0,1.0
携带,0.0,3.0,0.0,1.0
午间,0.0,3.0,0.0,1.0
标题,0.0,9.0,0.0,1.0
创办,0.0,9.0,0.0,1.0
募集,0.0,9.0,0.0,1.0
日渐,0.0,3.0,0.0,1.0
彻底,0.0,12.0,0.0,1.0
29.08,0.0,3.0,0.0,1.0
彼时,0.0,24.0,0.0,1.0
下发,0.0,9.0,0.0,1.0
应用领域,0.0,3.0,0.0,1.0
注解,0.0,6.0,0.0,1.0
17.04,0.0,6.0,0.0,1.0
陷入,0.0,15.0,0.0,1.0
耐人寻味,0.0,9.0,0.0,1.0
选举,0.0,3.0,0.0,1.0
赶超,0.0,9.0,0.0,1.0
免费送,0.0,3.0,0.0,1.0
权利,0.0,6.0,0.0,1.0
人寿保险,0.0,3.0,0.0,1.0
财务报表,0.0,3.0,0.0,1.0
整体,0.0,15.0,0.0,1.0
频频,0.0,12.0,0.0,1.0
重获,0.0,3.0,0.0,1.0
扎堆,0.0,6.0,0.0,1.0
27.25,0.0,3.0,0.0,1.0
回顾,0.0,3.0,0.0,1.0
抛售,0.0,3.0,0.0,1.0
jrjimg,0.0,3.0,0.0,1.0
并列,0.0,3.0,0.0,1.0
摇身,0.0,3.0,0.0,1.0
段,0.0,9.0,0.0,1.0
孙国栋,0.0,6.0,0.0,1.0
20170725065950505,0.0,3.0,0.0,1.0
具体情况,0.0,9.0,0.0,1.0
如戏,0.0,6.0,0.0,1.0
左,0.0,3.0,0.0,1.0
153.99,0.0,3.0,0.0,1.0
元,0.0,471.0,0.0,1.0
640,0.0,3.0,0.0,1.0
fyeyqek8761885,0.0,3.0,0.0,1.0
1.21,0.0,6.0,0.0,1.0
话,0.0,3.0,0.0,1.0
月份,0.0,75.0,0.0,1.0
合伙,0.0,15.0,0.0,1.0
4.07,0.0,15.0,0.0,1.0
力,0.0,3.0,0.0,1.0
不少,0.0,6.0,0.0,1.0
亢奋,0.0,3.0,0.0,1.0
检验,0.0,3.0,0.0,1.0
划入,0.0,3.0,0.0,1.0
主营业务,0.0,42.0,0.0,1.0
十足,0.0,3.0,0.0,1.0
取消,0.0,3.0,0.0,1.0
首季,0.0,6.0,0.0,1.0
故伎重演,0.0,3.0,0.0,1.0
飙升,0.0,12.0,0.0,1.0
供图,0.0,3.0,0.0,1.0
段时间,0.0,3.0,0.0,1.0
八成,0.0,6.0,0.0,1.0
8.43,0.0,3.0,0.0,1.0
并非如此,0.0,3.0,0.0,1.0
补充,0.0,39.0,0.0,1.0
疯涨,0.0,6.0,0.0,1.0
龙头,0.0,3.0,0.0,1.0
购入,0.0,9.0,0.0,1.0
称,0.0,209.0,0.0,1.0
没,0.0,3.0,0.0,1.0
思路,0.0,6.0,0.0,1.0
ID,0.0,3.0,0.0,1.0
所有,3.0,9.0,0.25,0.75
皇典,0.0,48.0,0.0,1.0
行情,0.0,81.0,0.0,1.0
提供,0.0,18.0,0.0,1.0
曝光率,0.0,3.0,0.0,1.0
能,0.0,39.0,0.0,1.0
团队,0.0,9.0,0.0,1.0
捐,0.0,3.0,0.0,1.0
坦言,0.0,3.0,0.0,1.0
M,0.0,3.0,0.0,1.0
公然,0.0,3.0,0.0,1.0
亿多,0.0,3.0,0.0,1.0
摩根,0.0,3.0,0.0,1.0
新浪,0.0,3.0,0.0,1.0
公司股票,0.0,18.0,0.0,1.0
收到,0.0,96.0,0.0,1.0
携手,0.0,3.0,0.0,1.0
第二季度,0.0,6.0,0.0,1.0
tp,0.0,3.0,0.0,1.0
证监会,0.0,129.0,0.0,1.0
6.97,0.0,3.0,0.0,1.0
势头,0.0,3.0,0.0,1.0
查,0.0,6.0,0.0,1.0
迫切性,0.0,6.0,0.0,1.0
福建,0.0,6.0,0.0,1.0
82,0.0,3.0,0.0,1.0
规范,0.0,6.0,0.0,1.0
类似,0.0,6.0,0.0,1.0
成长,0.0,3.0,0.0,1.0
无缘,0.0,12.0,0.0,1.0
对此,0.0,21.0,0.0,1.0
表面,0.0,6.0,0.0,1.0
选择,0.0,3.0,0.0,1.0
采取措施,0.0,9.0,0.0,1.0
分红,0.0,30.0,0.0,1.0
中旬,0.0,3.0,0.0,1.0
体量,0.0,6.0,0.0,1.0
冲击,0.0,3.0,0.0,1.0
非常,0.0,6.0,0.0,1.0
未来,0.0,15.0,0.0,1.0
办理,0.0,21.0,0.0,1.0
注重,3.0,0.0,1.0,0.0
<,0.0,125.0,0.0,1.0
年,4.0,1010.0,0.0039447731755424065,0.9960552268244576
股东大会,0.0,24.0,0.0,1.0
峰汇,0.0,6.0,0.0,1.0
生态圈,0.0,15.0,0.0,1.0
结婚,0.0,3.0,0.0,1.0
亏了,0.0,9.0,0.0,1.0
交出,0.0,3.0,0.0,1.0
推进,0.0,9.0,0.0,1.0
97716.11,0.0,3.0,0.0,1.0
促进,0.0,3.0,0.0,1.0
英雄,0.0,3.0,0.0,1.0
业绩,0.0,306.0,0.0,1.0
两度,0.0,12.0,0.0,1.0
1501831310345,0.0,3.0,0.0,1.0
冰火,0.0,9.0,0.0,1.0
国内外,0.0,6.0,0.0,1.0
预期,0.0,15.0,0.0,1.0
474.14,0.0,3.0,0.0,1.0
即可,3.0,0.0,1.0,0.0
跌落,0.0,36.0,0.0,1.0
讯息,0.0,3.0,0.0,1.0
com,0.0,92.0,0.0,1.0
0.78,0.0,6.0,0.0,1.0
境地,0.0,15.0,0.0,1.0
这种,0.0,6.0,0.0,1.0
智能化,0.0,3.0,0.0,1.0
尝试,0.0,12.0,0.0,1.0
弄潮儿,0.0,3.0,0.0,1.0
如今,0.0,90.0,0.0,1.0
盈利,0.0,66.0,0.0,1.0
夕阳,0.0,6.0,0.0,1.0
快讯,0.0,3.0,0.0,1.0
fyeyqek8518188,0.0,3.0,0.0,1.0
主打产品,0.0,3.0,0.0,1.0
颓势,0.0,3.0,0.0,1.0
利润,0.0,57.0,0.0,1.0
12bt1,0.0,3.0,0.0,1.0
近十年,1.0,0.0,1.0,0.0
凶悍,0.0,6.0,0.0,1.0
双方,0.0,27.0,0.0,1.0
pic430,0.0,3.0,0.0,1.0
大力发展,0.0,3.0,0.0,1.0
加之,0.0,3.0,0.0,1.0
第一,0.0,114.0,0.0,1.0
行动,0.0,144.0,0.0,1.0
光环,0.0,42.0,0.0,1.0
黎珊多,0.0,3.0,0.0,1.0
生死,0.0,3.0,0.0,1.0
其他,0.0,18.0,0.0,1.0
运气,0.0,3.0,0.0,1.0
开发,0.0,9.0,0.0,1.0
6156,0.0,3.0,0.0,1.0
20170716,0.0,6.0,0.0,1.0
次日,0.0,3.0,0.0,1.0
xsb,0.0,3.0,0.0,1.0
总监,0.0,9.0,0.0,1.0
收购案,0.0,6.0,0.0,1.0
业内,0.0,6.0,0.0,1.0
散户,0.0,12.0,0.0,1.0
外国,3.0,0.0,1.0,0.0
败,0.0,6.0,0.0,1.0
大名鼎鼎,0.0,3.0,0.0,1.0
给予,0.0,3.0,0.0,1.0
11.85,0.0,6.0,0.0,1.0
手中,0.0,3.0,0.0,1.0
洪发,0.0,6.0,0.0,1.0
服务收入,0.0,3.0,0.0,1.0
评选,0.0,3.0,0.0,1.0
一出,0.0,6.0,0.0,1.0
及时,0.0,3.0,0.0,1.0
实施,0.0,6.0,0.0,1.0
万,0.0,75.0,0.0,1.0
亿,0.0,111.0,0.0,1.0
维持,0.0,3.0,0.0,1.0
人涉,0.0,3.0,0.0,1.0
合作伙伴,0.0,3.0,0.0,1.0
聘任,0.0,18.0,0.0,1.0
民营企业,0.0,3.0,0.0,1.0
共同,0.0,6.0,0.0,1.0
人民币,0.0,6.0,0.0,1.0
服务公司,0.0,3.0,0.0,1.0
缩减,0.0,3.0,0.0,1.0
报酬率,0.0,3.0,0.0,1.0
高层,0.0,12.0,0.0,1.0
民办教育,0.0,3.0,0.0,1.0
把,0.0,27.0,0.0,1.0
双,0.0,12.0,0.0,1.0
环比,0.0,6.0,0.0,1.0
方便,0.0,6.0,0.0,1.0
刘涛,0.0,6.0,0.0,1.0
过往,0.0,3.0,0.0,1.0
多万元,0.0,3.0,0.0,1.0
维权,0.0,9.0,0.0,1.0
跌跌,0.0,3.0,0.0,1.0
方正,0.0,3.0,0.0,1.0
企业,3.0,30.0,0.09090909090909091,0.9090909090909091
最新,0.0,27.0,0.0,1.0
两重天,0.0,9.0,0.0,1.0
原始股,0.0,12.0,0.0,1.0
前述,0.0,3.0,0.0,1.0
风口,0.0,3.0,0.0,1.0
面向,0.0,18.0,0.0,1.0
11.11,0.0,3.0,0.0,1.0
汪凌,0.0,3.0,0.0,1.0
2017,0.0,271.0,0.0,1.0
此类,0.0,3.0,0.0,1.0
29,0.0,9.0,0.0,1.0
首个,0.0,12.0,0.0,1.0
告终,0.0,15.0,0.0,1.0
模拟,0.0,6.0,0.0,1.0
涌现,0.0,6.0,0.0,1.0
而限售,0.0,3.0,0.0,1.0
增加,0.0,24.0,0.0,1.0
无疑,0.0,3.0,0.0,1.0
价位,0.0,6.0,0.0,1.0
廿载,0.0,6.0,0.0,1.0
归属,0.0,21.0,0.0,1.0
下挫,0.0,3.0,0.0,1.0
garw,0.0,3.0,0.0,1.0
们,0.0,48.0,0.0,1.0
P3hHcEvAEwpkBzVw,0.0,3.0,0.0,1.0
之一,0.0,27.0,0.0,1.0
全线,0.0,18.0,0.0,1.0
对应,0.0,3.0,0.0,1.0
p1,0.0,6.0,0.0,1.0
真的,0.0,3.0,0.0,1.0
来源于,0.0,3.0,0.0,1.0
可,0.0,12.0,0.0,1.0
两天,0.0,3.0,0.0,1.0
高校,0.0,9.0,0.0,1.0
演绎,0.0,9.0,0.0,1.0
观点,0.0,3.0,0.0,1.0
辞去,0.0,21.0,0.0,1.0
尝到,0.0,3.0,0.0,1.0
论坛,0.0,21.0,0.0,1.0
结果,0.0,3.0,0.0,1.0
3.58,0.0,3.0,0.0,1.0
校长,0.0,9.0,0.0,1.0
微博,0.0,12.0,0.0,1.0
太慢,0.0,6.0,0.0,1.0
男,0.0,3.0,0.0,1.0
控盘,0.0,9.0,0.0,1.0
44000,0.0,6.0,0.0,1.0
1900,0.0,9.0,0.0,1.0
加上,0.0,12.0,0.0,1.0
股们,0.0,6.0,0.0,1.0
创业,0.0,6.0,0.0,1.0
一次,0.0,39.0,0.0,1.0
位,0.0,9.0,0.0,1.0
淯,0.0,3.0,0.0,1.0
这才,0.0,3.0,0.0,1.0
投资界,0.0,3.0,0.0,1.0
所处,0.0,6.0,0.0,1.0
7.43,0.0,3.0,0.0,1.0
爆炒,0.0,24.0,0.0,1.0
信赖,0.0,3.0,0.0,1.0
大阳线,0.0,6.0,0.0,1.0
新东方,0.0,36.0,0.0,1.0
仅剩,0.0,3.0,0.0,1.0
1.71,0.0,3.0,0.0,1.0
同时,3.0,63.0,0.045454545454545456,0.9545454545454546
仰仗,0.0,3.0,0.0,1.0
1730,0.0,12.0,0.0,1.0
15,0.0,21.0,0.0,1.0
30,0.0,18.0,0.0,1.0
更好,0.0,3.0,0.0,1.0
国家级,0.0,3.0,0.0,1.0
倒,0.0,3.0,0.0,1.0
开放,0.0,3.0,0.0,1.0
建树,0.0,3.0,0.0,1.0
家校通,0.0,3.0,0.0,1.0
覆灭,0.0,3.0,0.0,1.0
34,0.0,3.0,0.0,1.0
O,0.0,9.0,0.0,1.0
泥潭,0.0,3.0,0.0,1.0
部分,3.0,20.0,0.13043478260869565,0.8695652173913043
cnfolimg,0.0,3.0,0.0,1.0
来回,0.0,3.0,0.0,1.0
孩子,0.0,6.0,0.0,1.0
文,0.0,6.0,0.0,1.0
发,0.0,6.0,0.0,1.0
建设,6.0,9.0,0.4,0.6
之初,0.0,3.0,0.0,1.0
epaper,0.0,24.0,0.0,1.0
牛股,0.0,18.0,0.0,1.0
屡屡,0.0,9.0,0.0,1.0
二级,0.0,33.0,0.0,1.0
记,0.0,3.0,0.0,1.0
夫妇,0.0,39.0,0.0,1.0
财报,0.0,30.0,0.0,1.0
本次,0.0,78.0,0.0,1.0
创业者,0.0,6.0,0.0,1.0
并非,0.0,21.0,0.0,1.0
局限性,0.0,6.0,0.0,1.0
23.42,0.0,12.0,0.0,1.0
内,0.0,12.0,0.0,1.0
发热,0.0,6.0,0.0,1.0
不再,0.0,9.0,0.0,1.0
嘉实,0.0,6.0,0.0,1.0
【,0.0,18.0,0.0,1.0
撕下,0.0,3.0,0.0,1.0
占据,0.0,6.0,0.0,1.0
不服,0.0,3.0,0.0,1.0
指引,0.0,6.0,0.0,1.0
审议,0.0,12.0,0.0,1.0
民生,0.0,3.0,0.0,1.0
避开,0.0,6.0,0.0,1.0
同力,0.0,3.0,0.0,1.0
现今,0.0,3.0,0.0,1.0
丝毫,0.0,3.0,0.0,1.0
被查,0.0,3.0,0.0,1.0
董事会,0.0,26.0,0.0,1.0
窗口,3.0,0.0,1.0,0.0
超乎,0.0,9.0,0.0,1.0
连续,0.0,15.0,0.0,1.0
相同,0.0,6.0,0.0,1.0
职务,0.0,21.0,0.0,1.0
说起,0.0,3.0,0.0,1.0
zzeLM2IvXlRibSjeVvw1s3wiaLIeic53zcHvpKDmX1TotzcgnRapfIpiaWIj5gE09piaHtpibP9VNEn8ibq0Nia6ewIpMw,0.0,3.0,0.0,1.0
去,0.0,12.0,0.0,1.0
令人担忧,0.0,6.0,0.0,1.0
84,0.0,9.0,0.0,1.0
进度,0.0,6.0,0.0,1.0
外延,0.0,21.0,0.0,1.0
2.5,0.0,9.0,0.0,1.0
跌至,0.0,12.0,0.0,1.0
谈及,0.0,6.0,0.0,1.0
一卡通,0.0,3.0,0.0,1.0
高涨,0.0,3.0,0.0,1.0
公告,0.0,231.0,0.0,1.0
世纪,0.0,6.0,0.0,1.0
课堂,0.0,6.0,0.0,1.0
绝大部分,0.0,3.0,0.0,1.0
2003,0.0,3.0,0.0,1.0
中小学,0.0,6.0,0.0,1.0
做,0.0,6.0,0.0,1.0
裤子,0.0,3.0,0.0,1.0
张蜀君,0.0,3.0,0.0,1.0
发生,0.0,12.0,0.0,1.0
信威,0.0,6.0,0.0,1.0
便利,0.0,6.0,0.0,1.0
跟着,0.0,9.0,0.0,1.0
继教,0.0,3.0,0.0,1.0
下跌股,0.0,6.0,0.0,1.0
4.9,0.0,3.0,0.0,1.0
起诉,0.0,3.0,0.0,1.0
挤出,0.0,18.0,0.0,1.0
来袭,0.0,3.0,0.0,1.0
万亿,0.0,12.0,0.0,1.0
根据,0.0,99.0,0.0,1.0
诊断,0.0,6.0,0.0,1.0
教育工作者,0.0,6.0,0.0,1.0
状况,0.0,9.0,0.0,1.0
1.43,0.0,6.0,0.0,1.0
html,0.0,3.0,0.0,1.0
2.74,0.0,9.0,0.0,1.0
扩大,0.0,24.0,0.0,1.0
落幕,0.0,6.0,0.0,1.0
风向,0.0,6.0,0.0,1.0
一度,0.0,72.0,0.0,1.0
中山,0.0,12.0,0.0,1.0
热情,0.0,6.0,0.0,1.0
敲钟,0.0,3.0,0.0,1.0
教育部门,0.0,6.0,0.0,1.0
疑惑,0.0,6.0,0.0,1.0
奖励,0.0,24.0,0.0,1.0
两市,0.0,60.0,0.0,1.0
不行,0.0,3.0,0.0,1.0
自然人,0.0,3.0,0.0,1.0
中报,0.0,3.0,0.0,1.0
我大,0.0,3.0,0.0,1.0
一事,0.0,12.0,0.0,1.0
索赔,0.0,21.0,0.0,1.0
硬件,0.0,3.0,0.0,1.0
用于,0.0,9.0,0.0,1.0
闲得,0.0,3.0,0.0,1.0
放在,0.0,6.0,0.0,1.0
投入,0.0,24.0,0.0,1.0
创投,0.0,3.0,0.0,1.0
速,0.0,3.0,0.0,1.0
当日,0.0,24.0,0.0,1.0
83,0.0,18.0,0.0,1.0
已,0.0,69.0,0.0,1.0
争夺,0.0,9.0,0.0,1.0
114048455,0.0,3.0,0.0,1.0
直接,0.0,84.0,0.0,1.0
精心,0.0,3.0,0.0,1.0
140.38,0.0,3.0,0.0,1.0
浮出,0.0,6.0,0.0,1.0
10.14,0.0,3.0,0.0,1.0
赫赫有名,0.0,3.0,0.0,1.0
强买强卖,0.0,6.0,0.0,1.0
一边,0.0,6.0,0.0,1.0
据统计,0.0,3.0,0.0,1.0
系统,3.0,33.0,0.08333333333333333,0.9166666666666666
腰斩,0.0,6.0,0.0,1.0
点燃,0.0,6.0,0.0,1.0
进程,0.0,6.0,0.0,1.0
办公,3.0,0.0,1.0,0.0
教育经费,0.0,3.0,0.0,1.0
89,0.0,6.0,0.0,1.0
人及,0.0,12.0,0.0,1.0
耳熟能详,0.0,12.0,0.0,1.0
199.90,0.0,12.0,0.0,1.0
2.68,0.0,15.0,0.0,1.0
规定,0.0,42.0,0.0,1.0
有限,0.0,18.0,0.0,1.0
变成,0.0,6.0,0.0,1.0
保持,0.0,15.0,0.0,1.0
问题,0.0,26.0,0.0,1.0
意见,0.0,9.0,0.0,1.0
高达,0.0,57.0,0.0,1.0
买买,0.0,3.0,0.0,1.0
环境,0.0,3.0,0.0,1.0
建设周期,0.0,3.0,0.0,1.0
知,0.0,3.0,0.0,1.0
合理,0.0,3.0,0.0,1.0
林小,0.0,3.0,0.0,1.0
在,6.0,900.0,0.006622516556291391,0.9933774834437086
1.94,0.0,3.0,0.0,1.0
界,0.0,3.0,0.0,1.0
大腕儿,0.0,3.0,0.0,1.0
天价,0.0,21.0,0.0,1.0
净利润,0.0,120.0,0.0,1.0
走出,0.0,3.0,0.0,1.0
有意思,0.0,6.0,0.0,1.0
身败名裂,0.0,3.0,0.0,1.0
停牌,0.0,45.0,0.0,1.0
功用,0.0,3.0,0.0,1.0
告知,0.0,3.0,0.0,1.0
末,0.0,9.0,0.0,1.0
透露,0.0,12.0,0.0,1.0
呈现,0.0,6.0,0.0,1.0
这个,0.0,9.0,0.0,1.0
原有,0.0,24.0,0.0,1.0
收盘,0.0,36.0,0.0,1.0
谈到,0.0,3.0,0.0,1.0
反观,0.0,3.0,0.0,1.0
转衰,0.0,3.0,0.0,1.0
共享,0.0,6.0,0.0,1.0
正常,0.0,3.0,0.0,1.0
上空,0.0,9.0,0.0,1.0
980,0.0,3.0,0.0,1.0
套现,0.0,120.0,0.0,1.0
开展,0.0,3.0,0.0,1.0
基础,3.0,9.0,0.25,0.75
下降,0.0,39.0,0.0,1.0
隆重举行,0.0,3.0,0.0,1.0
大多数,0.0,6.0,0.0,1.0
细分,0.0,6.0,0.0,1.0
多只,0.0,6.0,0.0,1.0
入局,0.0,3.0,0.0,1.0
日本,0.0,3.0,0.0,1.0
全面,0.0,3.0,0.0,1.0
刑事,0.0,3.0,0.0,1.0
通道,0.0,3.0,0.0,1.0
四,0.0,3.0,0.0,1.0
窗口期,0.0,6.0,0.0,1.0
时候,0.0,30.0,0.0,1.0
陈炽昌,0.0,464.0,0.0,1.0
观察报,0.0,3.0,0.0,1.0
擅长,0.0,3.0,0.0,1.0
具体,0.0,36.0,0.0,1.0
5495,0.0,6.0,0.0,1.0
只,3.0,33.0,0.08333333333333333,0.9166666666666666
很大,0.0,3.0,0.0,1.0
091539,0.0,6.0,0.0,1.0
日常,0.0,39.0,0.0,1.0
缩影,0.0,6.0,0.0,1.0
泡沫,0.0,33.0,0.0,1.0
第一支,0.0,3.0,0.0,1.0
报表,0.0,27.0,0.0,1.0
复牌,0.0,3.0,0.0,1.0
0.46,0.0,3.0,0.0,1.0
1.8,0.0,3.0,0.0,1.0
original,0.0,3.0,0.0,1.0
行政处罚,0.0,12.0,0.0,1.0
神州数码,0.0,3.0,0.0,1.0
201707,0.0,3.0,0.0,1.0
努力,1.0,0.0,1.0,0.0
累计,0.0,30.0,0.0,1.0
1.18,0.0,9.0,0.0,1.0
126,0.0,3.0,0.0,1.0
榜单,0.0,12.0,0.0,1.0
开始,0.0,78.0,0.0,1.0
第二名,0.0,3.0,0.0,1.0
科技股份,0.0,3.0,0.0,1.0
而终,0.0,6.0,0.0,1.0
这是,0.0,6.0,0.0,1.0
老师,3.0,0.0,1.0,0.0
首次,0.0,15.0,0.0,1.0
内功,0.0,3.0,0.0,1.0
荣实,0.0,3.0,0.0,1.0
自身,0.0,9.0,0.0,1.0
对,0.0,245.0,0.0,1.0
尽如人意,0.0,3.0,0.0,1.0
笔系,0.0,3.0,0.0,1.0
2571,0.0,9.0,0.0,1.0
后面,0.0,3.0,0.0,1.0
着,0.0,36.0,0.0,1.0
抱团,0.0,3.0,0.0,1.0
群体,0.0,3.0,0.0,1.0
机再,0.0,6.0,0.0,1.0
投身,0.0,6.0,0.0,1.0
对外,3.0,0.0,1.0,0.0
www,0.0,12.0,0.0,1.0
EdSaaS,0.0,51.0,0.0,1.0
IMAGE,0.0,125.0,0.0,1.0
出生,0.0,3.0,0.0,1.0
300380,0.0,12.0,0.0,1.0
毫不留情,0.0,3.0,0.0,1.0
Wind,0.0,6.0,0.0,1.0
底部,0.0,3.0,0.0,1.0
372.79,0.0,3.0,0.0,1.0
闻曦,0.0,21.0,0.0,1.0
zzeLM2IvXlRibSjeVvw1s3wiaLIeic53zcH7S3EzPsN3VnJGJwpgia7hNvfGazEszI5tBMoZwLZRr33m6ibE6YvAknw,0.0,3.0,0.0,1.0
登场,0.0,3.0,0.0,1.0
之所以,0.0,3.0,0.0,1.0
关键字,0.0,3.0,0.0,1.0
莫若,0.0,3.0,0.0,1.0
可见,0.0,6.0,0.0,1.0
案,0.0,6.0,0.0,1.0
终结,0.0,6.0,0.0,1.0
...,0.0,3.0,0.0,1.0
确定,0.0,9.0,0.0,1.0
面临,0.0,18.0,0.0,1.0
离开,0.0,6.0,0.0,1.0
122.56,0.0,3.0,0.0,1.0
退出,0.0,3.0,0.0,1.0
何种,0.0,3.0,0.0,1.0
背景,0.0,3.0,0.0,1.0
次年,0.0,3.0,0.0,1.0
集中,0.0,6.0,0.0,1.0
填实,0.0,3.0,0.0,1.0
一口气,0.0,3.0,0.0,1.0
鲜花,0.0,3.0,0.0,1.0
蛇吞象,0.0,21.0,0.0,1.0
收尾,0.0,6.0,0.0,1.0
间接,0.0,9.0,0.0,1.0
无需,0.0,3.0,0.0,1.0
雄鹰,0.0,6.0,0.0,1.0
帮助,0.0,6.0,0.0,1.0
1000,0.0,6.0,0.0,1.0
换个,0.0,3.0,0.0,1.0
虽,0.0,3.0,0.0,1.0
限制,0.0,6.0,0.0,1.0
截止,0.0,12.0,0.0,1.0
最多,0.0,3.0,0.0,1.0
为什么,0.0,6.0,0.0,1.0
起底,0.0,3.0,0.0,1.0
务,0.0,3.0,0.0,1.0
习悦,0.0,87.0,0.0,1.0
通字,0.0,12.0,0.0,1.0
漫漫,0.0,3.0,0.0,1.0
开拓,0.0,6.0,0.0,1.0
这方面,0.0,3.0,0.0,1.0
计算,0.0,27.0,0.0,1.0
巩固,0.0,3.0,0.0,1.0
风风光光,0.0,12.0,0.0,1.0
中科,0.0,3.0,0.0,1.0
致电,0.0,6.0,0.0,1.0
爬坡,0.0,3.0,0.0,1.0
议题,0.0,9.0,0.0,1.0
lanjingapp,0.0,6.0,0.0,1.0
社交,0.0,6.0,0.0,1.0
号召,0.0,3.0,0.0,1.0
更胜一筹,0.0,3.0,0.0,1.0
人网,0.0,3.0,0.0,1.0
前来,0.0,9.0,0.0,1.0
始终,0.0,3.0,0.0,1.0
招股,0.0,24.0,0.0,1.0
将会,0.0,9.0,0.0,1.0
两次,0.0,33.0,0.0,1.0
愈发,0.0,3.0,0.0,1.0
每年,0.0,3.0,0.0,1.0
1300,0.0,51.0,0.0,1.0
51,0.0,6.0,0.0,1.0
现首,0.0,3.0,0.0,1.0
不如人意,0.0,3.0,0.0,1.0
在校,0.0,3.0,0.0,1.0
涉及,0.0,24.0,0.0,1.0
早,0.0,12.0,0.0,1.0
软件开发,0.0,6.0,0.0,1.0
大有,0.0,3.0,0.0,1.0
创下,0.0,24.0,0.0,1.0
中欧,0.0,3.0,0.0,1.0
中信,0.0,3.0,0.0,1.0
留学,0.0,6.0,0.0,1.0
功成身退,0.0,3.0,0.0,1.0
将,3.0,84.0,0.034482758620689655,0.9655172413793104
席位,0.0,6.0,0.0,1.0
面,0.0,6.0,0.0,1.0
随着,0.0,54.0,0.0,1.0
A股,0.0,195.0,0.0,1.0
同年,3.0,6.0,0.3333333333333333,0.6666666666666666
收于,0.0,3.0,0.0,1.0
泥淖,0.0,3.0,0.0,1.0
校,0.0,66.0,0.0,1.0
4.31,0.0,9.0,0.0,1.0
选项,0.0,6.0,0.0,1.0
端的,3.0,3.0,0.5,0.5
决定,0.0,51.0,0.0,1.0
强烈推荐,0.0,6.0,0.0,1.0
推荐,0.0,9.0,0.0,1.0
外地,0.0,6.0,0.0,1.0
水面,0.0,6.0,0.0,1.0
青睐,0.0,3.0,0.0,1.0
一位,0.0,6.0,0.0,1.0
所,0.0,48.0,0.0,1.0
20170726,0.0,3.0,0.0,1.0
摔死,0.0,3.0,0.0,1.0
成,0.0,27.0,0.0,1.0
解题,3.0,0.0,1.0,0.0
标的,0.0,54.0,0.0,1.0
收益,0.0,15.0,0.0,1.0
公平,0.0,3.0,0.0,1.0
张明,0.0,3.0,0.0,1.0
oeeee,0.0,9.0,0.0,1.0
个人行为,0.0,12.0,0.0,1.0
13,0.0,99.0,0.0,1.0
段子,0.0,3.0,0.0,1.0
近年来,0.0,6.0,0.0,1.0
出具,0.0,3.0,0.0,1.0
游资,0.0,21.0,0.0,1.0
执行官,0.0,3.0,0.0,1.0
分行,0.0,3.0,0.0,1.0
上,0.0,150.0,0.0,1.0
一份,0.0,6.0,0.0,1.0
15.32,0.0,3.0,0.0,1.0
投资收益,0.0,12.0,0.0,1.0
下列,0.0,3.0,0.0,1.0
8000,0.0,9.0,0.0,1.0
优秀,0.0,9.0,0.0,1.0
证券,0.0,21.0,0.0,1.0
当前,0.0,6.0,0.0,1.0
动能,0.0,3.0,0.0,1.0
以校,0.0,9.0,0.0,1.0
总价值,0.0,21.0,0.0,1.0
园林,3.0,3.0,0.5,0.5
执行,0.0,9.0,0.0,1.0
收盘价,0.0,24.0,0.0,1.0
示范,0.0,3.0,0.0,1.0
涉嫌,0.0,30.0,0.0,1.0
设计,0.0,6.0,0.0,1.0
15.43,0.0,9.0,0.0,1.0
收费,0.0,3.0,0.0,1.0
下行,0.0,3.0,0.0,1.0
并购,0.0,267.0,0.0,1.0
下来,0.0,3.0,0.0,1.0
动听,0.0,6.0,0.0,1.0
大跌,0.0,15.0,0.0,1.0
等,3.0,222.0,0.013333333333333334,0.9866666666666667
转赢,0.0,3.0,0.0,1.0
上述,0.0,27.0,0.0,1.0
有些,0.0,3.0,0.0,1.0
参看,0.0,3.0,0.0,1.0
称系,0.0,12.0,0.0,1.0
调查,0.0,372.0,0.0,1.0
分歧,0.0,27.0,0.0,1.0
飞,0.0,6.0,0.0,1.0
千方百计,0.0,6.0,0.0,1.0
却是,0.0,3.0,0.0,1.0
拖入,0.0,3.0,0.0,1.0
4398,0.0,3.0,0.0,1.0
转变,0.0,6.0,0.0,1.0
2.58,0.0,21.0,0.0,1.0
300,0.0,42.0,0.0,1.0
604.79,0.0,3.0,0.0,1.0
同行,0.0,6.0,0.0,1.0
低点,0.0,6.0,0.0,1.0
信息技术,6.0,3.0,0.6666666666666666,0.3333333333333333
程序,0.0,15.0,0.0,1.0
以下,0.0,12.0,0.0,1.0
临时,0.0,6.0,0.0,1.0
讲故事,0.0,18.0,0.0,1.0
这位,0.0,15.0,0.0,1.0
人生,0.0,9.0,0.0,1.0
皆,0.0,3.0,0.0,1.0
一道,0.0,3.0,0.0,1.0
考察,0.0,6.0,0.0,1.0
极低,0.0,3.0,0.0,1.0
同花顺,0.0,3.0,0.0,1.0
商报,0.0,15.0,0.0,1.0
导致,0.0,33.0,0.0,1.0
敢死队,0.0,3.0,0.0,1.0
875.37,0.0,3.0,0.0,1.0
股票,0.0,29.0,0.0,1.0
wind,0.0,9.0,0.0,1.0
11.3,0.0,24.0,0.0,1.0
101,0.0,3.0,0.0,1.0
教育,40.0,3499.0,0.011302627860977677,0.9886973721390223
助推,0.0,3.0,0.0,1.0
头戴,0.0,6.0,0.0,1.0
于,0.0,138.0,0.0,1.0
贡献奖,0.0,3.0,0.0,1.0
一年,0.0,51.0,0.0,1.0
所谓,0.0,3.0,0.0,1.0
受阻,0.0,3.0,0.0,1.0
多重,0.0,3.0,0.0,1.0
25,0.0,30.0,0.0,1.0
视野,0.0,3.0,0.0,1.0
操盘手,0.0,3.0,0.0,1.0
以,0.0,132.0,0.0,1.0
披,0.0,9.0,0.0,1.0
81.69,0.0,3.0,0.0,1.0
去年同期,0.0,9.0,0.0,1.0
知道,0.0,3.0,0.0,1.0
并购案,0.0,6.0,0.0,1.0
报收,0.0,12.0,0.0,1.0
工作,0.0,24.0,0.0,1.0
耀眼,0.0,3.0,0.0,1.0
从而,0.0,3.0,0.0,1.0
按照,0.0,24.0,0.0,1.0
一例,0.0,6.0,0.0,1.0
想要,0.0,3.0,0.0,1.0
会议,0.0,3.0,0.0,1.0
光脚,0.0,6.0,0.0,1.0
以前,0.0,21.0,0.0,1.0
794,0.0,6.0,0.0,1.0
通天,0.0,3.0,0.0,1.0
折戟,0.0,12.0,0.0,1.0
这些,0.0,3.0,0.0,1.0
争相,0.0,3.0,0.0,1.0
51.93,0.0,3.0,0.0,1.0
26.31,0.0,9.0,0.0,1.0
落尽,0.0,3.0,0.0,1.0
越,0.0,6.0,0.0,1.0
年底,0.0,3.0,0.0,1.0
本报,0.0,3.0,0.0,1.0
手法,0.0,6.0,0.0,1.0
圈内,0.0,3.0,0.0,1.0
SaaS,0.0,6.0,0.0,1.0
宏大,0.0,3.0,0.0,1.0
373,0.0,3.0,0.0,1.0
上涨,0.0,24.0,0.0,1.0
是,6.0,471.0,0.012578616352201259,0.9874213836477987
同款,0.0,3.0,0.0,1.0
议案,0.0,18.0,0.0,1.0
错过,0.0,12.0,0.0,1.0
后者,0.0,3.0,0.0,1.0
ed,0.0,3.0,0.0,1.0
高等教育,0.0,3.0,0.0,1.0
3003592,0.0,12.0,0.0,1.0
30.31,0.0,15.0,0.0,1.0
疯狂,0.0,15.0,0.0,1.0
专属,3.0,0.0,1.0,0.0
img4,0.0,6.0,0.0,1.0
加,0.0,18.0,0.0,1.0
规模,0.0,12.0,0.0,1.0
打开,0.0,3.0,0.0,1.0
>,0.0,137.0,0.0,1.0
骤降,0.0,3.0,0.0,1.0
头顶,0.0,18.0,0.0,1.0
盛极而衰,0.0,3.0,0.0,1.0
技术,0.0,36.0,0.0,1.0
164.46,0.0,6.0,0.0,1.0
或是,0.0,3.0,0.0,1.0
合同,0.0,6.0,0.0,1.0
轨迹,3.0,3.0,0.5,0.5
寄予,0.0,6.0,0.0,1.0
王,0.0,9.0,0.0,1.0
200,0.0,9.0,0.0,1.0
通宇,3.0,3.0,0.5,0.5
逐年,0.0,3.0,0.0,1.0
千倍,0.0,3.0,0.0,1.0
例如,0.0,9.0,0.0,1.0
证券法,0.0,3.0,0.0,1.0
海,0.0,12.0,0.0,1.0
777,0.0,3.0,0.0,1.0
weixin,0.0,9.0,0.0,1.0
电子商务,0.0,3.0,0.0,1.0
55,0.0,9.0,0.0,1.0
接近,0.0,15.0,0.0,1.0
宣告,0.0,18.0,0.0,1.0
夭折,0.0,3.0,0.0,1.0
信心,0.0,12.0,0.0,1.0
一级,0.0,21.0,0.0,1.0
千股,0.0,6.0,0.0,1.0
日起,0.0,3.0,0.0,1.0
地,0.0,21.0,0.0,1.0
相比,0.0,36.0,0.0,1.0
5SLd8plXn16ANPTIftttX9YSuqvqBE18WRRyn8JNpAvNH1CQra1qZo4UCFFo3AZ59CMdA60Y5f6ts0yibKwNT1A,0.0,3.0,0.0,1.0
人尽皆知,0.0,3.0,0.0,1.0
涨停,0.0,9.0,0.0,1.0
节节,0.0,12.0,0.0,1.0
相似,0.0,12.0,0.0,1.0
岁,0.0,9.0,0.0,1.0
名小,0.0,3.0,0.0,1.0
折翼,0.0,3.0,0.0,1.0
达到,0.0,93.0,0.0,1.0
新股,0.0,3.0,0.0,1.0
300359,0.0,114.0,0.0,1.0
停留,0.0,3.0,0.0,1.0
　,0.0,829.0,0.0,1.0
条款,0.0,45.0,0.0,1.0
期待,0.0,3.0,0.0,1.0
公募,0.0,12.0,0.0,1.0
兜底,0.0,3.0,0.0,1.0
以后,0.0,3.0,0.0,1.0
王牌,0.0,3.0,0.0,1.0
走,0.0,12.0,0.0,1.0
丧失,0.0,3.0,0.0,1.0
负责人,0.0,3.0,0.0,1.0
参与,0.0,12.0,0.0,1.0
国家,0.0,39.0,0.0,1.0
短期,0.0,3.0,0.0,1.0
190342185,0.0,2.0,0.0,1.0
三分之二,0.0,3.0,0.0,1.0
波,0.0,3.0,0.0,1.0
10.04,0.0,3.0,0.0,1.0
84.75,0.0,3.0,0.0,1.0
112,0.0,3.0,0.0,1.0
挤,0.0,3.0,0.0,1.0
爆料,0.0,3.0,0.0,1.0
弱,0.0,3.0,0.0,1.0
4,0.0,51.0,0.0,1.0
发现,0.0,18.0,0.0,1.0
所持,0.0,6.0,0.0,1.0
虚高,0.0,12.0,0.0,1.0
知名,0.0,12.0,0.0,1.0
并无二致,0.0,6.0,0.0,1.0
彩云,0.0,3.0,0.0,1.0
据悉,0.0,3.0,0.0,1.0
编辑,0.0,12.0,0.0,1.0
更是,0.0,18.0,0.0,1.0
记者,0.0,144.0,0.0,1.0
新兴,0.0,3.0,0.0,1.0
说,0.0,12.0,0.0,1.0
这起,0.0,12.0,0.0,1.0
333.33,0.0,6.0,0.0,1.0
尴尬,0.0,24.0,0.0,1.0
重出江湖,0.0,3.0,0.0,1.0
踩点,0.0,3.0,0.0,1.0
松德,0.0,3.0,0.0,1.0
实力,0.0,3.0,0.0,1.0
以外,0.0,15.0,0.0,1.0
一致意见,0.0,15.0,0.0,1.0
一些,0.0,18.0,0.0,1.0
国内,1.0,15.0,0.0625,0.9375
而安硕,0.0,3.0,0.0,1.0
移动,6.0,0.0,1.0,0.0
深交所,0.0,12.0,0.0,1.0
特征,0.0,3.0,0.0,1.0
满腔,0.0,6.0,0.0,1.0
点,0.0,12.0,0.0,1.0
自然,0.0,3.0,0.0,1.0
伴随,0.0,6.0,0.0,1.0
科技,0.0,42.0,0.0,1.0
冲至,0.0,3.0,0.0,1.0
重合,0.0,3.0,0.0,1.0
发力点,0.0,3.0,0.0,1.0
仅为,0.0,15.0,0.0,1.0
几何,0.0,3.0,0.0,1.0
比增,0.0,3.0,0.0,1.0
相对,0.0,18.0,0.0,1.0
赔偿,0.0,3.0,0.0,1.0
回落,0.0,18.0,0.0,1.0
奇虎,0.0,3.0,0.0,1.0
0.39,0.0,3.0,0.0,1.0
软件,0.0,12.0,0.0,1.0
公开,0.0,12.0,0.0,1.0
吴治邦,0.0,9.0,0.0,1.0
平台,12.0,69.0,0.14814814814814814,0.8518518518518519
223,0.0,9.0,0.0,1.0
日后,0.0,3.0,0.0,1.0
教育家,0.0,3.0,0.0,1.0
分是,0.0,9.0,0.0,1.0
caijing,0.0,18.0,0.0,1.0
摘要,0.0,3.0,0.0,1.0
联系电话,0.0,3.0,0.0,1.0
突然,0.0,3.0,0.0,1.0
新,0.0,69.0,0.0,1.0
走低,0.0,12.0,0.0,1.0
司张,0.0,3.0,0.0,1.0
灰飞烟灭,0.0,21.0,0.0,1.0
血洗,0.0,3.0,0.0,1.0
剩下,0.0,9.0,0.0,1.0
（,1.0,197.0,0.005050505050505051,0.9949494949494949
方法,0.0,3.0,0.0,1.0
更,0.0,36.0,0.0,1.0
1.15,0.0,6.0,0.0,1.0
司机,0.0,3.0,0.0,1.0
表示,0.0,93.0,0.0,1.0
78.84,0.0,3.0,0.0,1.0
全通,22.0,3208.0,0.006811145510835914,0.993188854489164
十大,3.0,9.0,0.25,0.75
以及,0.0,69.0,0.0,1.0
作用,0.0,3.0,0.0,1.0
110.97,0.0,18.0,0.0,1.0
解释,0.0,39.0,0.0,1.0
14,0.0,48.0,0.0,1.0
严格,0.0,12.0,0.0,1.0
初次,0.0,3.0,0.0,1.0
为止,0.0,6.0,0.0,1.0
优秀教师,0.0,3.0,0.0,1.0
因信批,0.0,3.0,0.0,1.0
多倍,0.0,3.0,0.0,1.0
波为,0.0,3.0,0.0,1.0
微官,3.0,0.0,1.0,0.0
遂愿,0.0,3.0,0.0,1.0
持,0.0,9.0,0.0,1.0
谢,0.0,3.0,0.0,1.0
股票价格,0.0,3.0,0.0,1.0
验证,0.0,3.0,0.0,1.0
网则,0.0,3.0,0.0,1.0
上扬,0.0,6.0,0.0,1.0
脱离,0.0,6.0,0.0,1.0
-,0.0,190.0,0.0,1.0
三年,0.0,39.0,0.0,1.0
频道,0.0,3.0,0.0,1.0
周末,0.0,3.0,0.0,1.0
鸿辰,0.0,6.0,0.0,1.0
创,0.0,21.0,0.0,1.0
看,0.0,36.0,0.0,1.0
中国证券监督管理委员会,0.0,24.0,0.0,1.0
募,0.0,6.0,0.0,1.0
美誉,0.0,3.0,0.0,1.0
年任,0.0,18.0,0.0,1.0
一切正常,0.0,21.0,0.0,1.0
一个月,0.0,21.0,0.0,1.0
呈,0.0,6.0,0.0,1.0
到期,0.0,3.0,0.0,1.0
12,0.0,24.0,0.0,1.0
累积,0.0,9.0,0.0,1.0
信批,0.0,3.0,0.0,1.0
1501831204263,0.0,3.0,0.0,1.0
50d22e8b,0.0,3.0,0.0,1.0
走向,0.0,6.0,0.0,1.0
高中,0.0,3.0,0.0,1.0
裁员,0.0,6.0,0.0,1.0
190143981,0.0,3.0,0.0,1.0
陈炽昌花,0.0,3.0,0.0,1.0
…,0.0,42.0,0.0,1.0
多月,0.0,3.0,0.0,1.0
管理系统,9.0,0.0,1.0,0.0
一筹,0.0,3.0,0.0,1.0
1500,0.0,9.0,0.0,1.0
陈,0.0,9.0,0.0,1.0
地被,0.0,6.0,0.0,1.0
6.10,0.0,9.0,0.0,1.0
公积金,0.0,3.0,0.0,1.0
认购,0.0,9.0,0.0,1.0
控人及,0.0,3.0,0.0,1.0
广东省,0.0,12.0,0.0,1.0
领导,0.0,3.0,0.0,1.0
市,0.0,6.0,0.0,1.0
兜兜,0.0,3.0,0.0,1.0
16.14,0.0,30.0,0.0,1.0
21.25,0.0,3.0,0.0,1.0
一方面,0.0,9.0,0.0,1.0
对手,0.0,3.0,0.0,1.0
赔惨,0.0,6.0,0.0,1.0
此次,0.0,9.0,0.0,1.0
陈炽昌则,0.0,3.0,0.0,1.0
查询,0.0,6.0,0.0,1.0
预告,0.0,90.0,0.0,1.0
:,0.0,137.0,0.0,1.0
持股,0.0,72.0,0.0,1.0
补仓,0.0,3.0,0.0,1.0
捧,0.0,3.0,0.0,1.0
2013,0.0,30.0,0.0,1.0
光头,0.0,6.0,0.0,1.0
473.640,0.0,3.0,0.0,1.0
子承父业,0.0,3.0,0.0,1.0
建设项目,0.0,3.0,0.0,1.0
暂且,0.0,3.0,0.0,1.0
全靠,0.0,6.0,0.0,1.0
实际,0.0,141.0,0.0,1.0
超过,0.0,96.0,0.0,1.0
必要性,0.0,6.0,0.0,1.0
高位,0.0,27.0,0.0,1.0
待,0.0,9.0,0.0,1.0
阵营,0.0,12.0,0.0,1.0
大礼堂,0.0,6.0,0.0,1.0
难行,0.0,3.0,0.0,1.0
暴利,0.0,3.0,0.0,1.0
快报,0.0,51.0,0.0,1.0
对象,0.0,15.0,0.0,1.0
加大,0.0,6.0,0.0,1.0
狂跌,0.0,6.0,0.0,1.0
秘书,0.0,3.0,0.0,1.0
计算机,0.0,3.0,0.0,1.0
加码,0.0,3.0,0.0,1.0
官方,0.0,6.0,0.0,1.0
往,0.0,9.0,0.0,1.0
增持,0.0,15.0,0.0,1.0
原,0.0,9.0,0.0,1.0
猎豹,0.0,3.0,0.0,1.0
平凡,0.0,3.0,0.0,1.0
大于,0.0,12.0,0.0,1.0
large,0.0,6.0,0.0,1.0
具备,3.0,0.0,1.0,0.0
允许,0.0,3.0,0.0,1.0
10,0.0,123.0,0.0,1.0
80,0.0,18.0,0.0,1.0
难以为继,0.0,3.0,0.0,1.0
亿元,0.0,429.0,0.0,1.0
跑,0.0,3.0,0.0,1.0
无人不知,0.0,27.0,0.0,1.0
快,0.0,9.0,0.0,1.0
12.44,0.0,3.0,0.0,1.0
端,3.0,18.0,0.14285714285714285,0.8571428571428571
150071159850833400,0.0,3.0,0.0,1.0
获,0.0,3.0,0.0,1.0
名下,0.0,3.0,0.0,1.0
用户,0.0,30.0,0.0,1.0
垃圾,0.0,6.0,0.0,1.0
全课,3.0,39.0,0.07142857142857142,0.9285714285714286
形式,0.0,3.0,0.0,1.0
离场,0.0,9.0,0.0,1.0
竟然,0.0,3.0,0.0,1.0
出色,0.0,3.0,0.0,1.0
1901.32,0.0,6.0,0.0,1.0
显露,0.0,3.0,0.0,1.0
在所难免,0.0,3.0,0.0,1.0
解说,0.0,3.0,0.0,1.0
mmbiz,0.0,51.0,0.0,1.0
物理,0.0,3.0,0.0,1.0
逾,0.0,12.0,0.0,1.0
04,0.0,3.0,0.0,1.0
空间,3.0,6.0,0.3333333333333333,0.6666666666666666
经过,1.0,24.0,0.04,0.96
克服,0.0,3.0,0.0,1.0
总金额,0.0,3.0,0.0,1.0
较,0.0,45.0,0.0,1.0
期间,0.0,27.0,0.0,1.0
反弹,0.0,9.0,0.0,1.0
1.35,0.0,3.0,0.0,1.0
hqpick,0.0,12.0,0.0,1.0
智慧,0.0,36.0,0.0,1.0
八,0.0,3.0,0.0,1.0
还是,0.0,45.0,0.0,1.0
第,0.0,18.0,0.0,1.0
可持续性,0.0,9.0,0.0,1.0
妻子,0.0,12.0,0.0,1.0
囊中,3.0,3.0,0.5,0.5
创建,0.0,3.0,0.0,1.0
时隔,0.0,9.0,0.0,1.0
王到,0.0,12.0,0.0,1.0
出身,0.0,9.0,0.0,1.0
好景不长,0.0,12.0,0.0,1.0
积蓄,0.0,3.0,0.0,1.0
扶摇直上,0.0,3.0,0.0,1.0
遭到,0.0,24.0,0.0,1.0
@,0.0,3.0,0.0,1.0
发展,0.0,78.0,0.0,1.0
成立,1.0,12.0,0.07692307692307693,0.9230769230769231
放弃,0.0,9.0,0.0,1.0
从,0.0,180.0,0.0,1.0
50,0.0,21.0,0.0,1.0
images,0.0,15.0,0.0,1.0
=,0.0,155.0,0.0,1.0
式,0.0,57.0,0.0,1.0
天,0.0,9.0,0.0,1.0
2000,0.0,6.0,0.0,1.0
szsb,0.0,3.0,0.0,1.0
fgnkxfGnn,0.0,3.0,0.0,1.0
进展,0.0,6.0,0.0,1.0
发送到,0.0,3.0,0.0,1.0
均拉出,0.0,6.0,0.0,1.0
坐拥,0.0,3.0,0.0,1.0
专业,0.0,30.0,0.0,1.0
五方,0.0,15.0,0.0,1.0
值得注意,0.0,39.0,0.0,1.0
i8,0.0,3.0,0.0,1.0
PE,0.0,3.0,0.0,1.0
所示,0.0,6.0,0.0,1.0
13.21,0.0,9.0,0.0,1.0
近,0.0,72.0,0.0,1.0
限售,0.0,6.0,0.0,1.0
脚步,0.0,3.0,0.0,1.0
加强,0.0,12.0,0.0,1.0
互动,0.0,81.0,0.0,1.0
营销,0.0,3.0,0.0,1.0
增减,0.0,3.0,0.0,1.0
辞任,0.0,3.0,0.0,1.0
监管,0.0,42.0,0.0,1.0
创出,0.0,6.0,0.0,1.0
林,0.0,312.0,0.0,1.0
守恒,0.0,3.0,0.0,1.0
赵笛,0.0,12.0,0.0,1.0
虚假,0.0,9.0,0.0,1.0
网传,0.0,3.0,0.0,1.0
三,3.0,6.0,0.3333333333333333,0.6666666666666666
大且,0.0,15.0,0.0,1.0
机制,0.0,6.0,0.0,1.0
需求,0.0,3.0,0.0,1.0
超,0.0,24.0,0.0,1.0
账面,0.0,9.0,0.0,1.0
杭州,0.0,3.0,0.0,1.0
桃林,0.0,3.0,0.0,1.0
发行,0.0,27.0,0.0,1.0
继续,0.0,27.0,0.0,1.0
过程,0.0,18.0,0.0,1.0
效率,0.0,9.0,0.0,1.0
互联网,0.0,48.0,0.0,1.0
本质,0.0,3.0,0.0,1.0
532.81,0.0,3.0,0.0,1.0
0.08,0.0,3.0,0.0,1.0
齐刷刷,0.0,3.0,0.0,1.0
借此,0.0,3.0,0.0,1.0
收,0.0,6.0,0.0,1.0
一名,0.0,6.0,0.0,1.0
请求,0.0,6.0,0.0,1.0
20170725065946499,0.0,3.0,0.0,1.0
打击,0.0,6.0,0.0,1.0
 ,0.0,1008.0,0.0,1.0
attachment,0.0,3.0,0.0,1.0
跨越式,0.0,3.0,0.0,1.0
大概,0.0,3.0,0.0,1.0
梁艳燕,0.0,3.0,0.0,1.0
财富,0.0,15.0,0.0,1.0
会计师,0.0,3.0,0.0,1.0
双双,0.0,9.0,0.0,1.0
视网,0.0,6.0,0.0,1.0
new,0.0,6.0,0.0,1.0
258.33,0.0,3.0,0.0,1.0
跟上,0.0,3.0,0.0,1.0
系列,0.0,3.0,0.0,1.0
11.15,0.0,18.0,0.0,1.0
破烂,0.0,3.0,0.0,1.0
赌,0.0,9.0,0.0,1.0
刚,0.0,3.0,0.0,1.0
东西部,0.0,3.0,0.0,1.0
命运,0.0,12.0,0.0,1.0
》,0.0,117.0,0.0,1.0
中学,0.0,6.0,0.0,1.0
216.16,0.0,6.0,0.0,1.0
例席,0.0,3.0,0.0,1.0
不久,0.0,9.0,0.0,1.0
春节,0.0,9.0,0.0,1.0
EME7,0.0,12.0,0.0,1.0
潮,0.0,15.0,0.0,1.0
一股,0.0,3.0,0.0,1.0
复权,0.0,66.0,0.0,1.0
再视,0.0,9.0,0.0,1.0
会,0.0,30.0,0.0,1.0
覆盖,0.0,18.0,0.0,1.0
先后,0.0,39.0,0.0,1.0
一地,0.0,9.0,0.0,1.0
1.99,0.0,12.0,0.0,1.0
88.08,0.0,3.0,0.0,1.0
悲喜剧,0.0,3.0,0.0,1.0
七,0.0,3.0,0.0,1.0
5.38,0.0,3.0,0.0,1.0
估算,0.0,6.0,0.0,1.0
投后,0.0,6.0,0.0,1.0
国有资产,0.0,3.0,0.0,1.0
2.10,0.0,3.0,0.0,1.0
反映,0.0,3.0,0.0,1.0
易,0.0,3.0,0.0,1.0
脸面,0.0,3.0,0.0,1.0
一下,0.0,6.0,0.0,1.0
基本面,0.0,12.0,0.0,1.0
一只,0.0,6.0,0.0,1.0
立即,0.0,3.0,0.0,1.0
吴鹰,0.0,45.0,0.0,1.0
亦,0.0,12.0,0.0,1.0
媒体,0.0,36.0,0.0,1.0
获得,0.0,21.0,0.0,1.0
宝座,0.0,15.0,0.0,1.0
8.48,0.0,3.0,0.0,1.0
下称,0.0,12.0,0.0,1.0
大宗,0.0,18.0,0.0,1.0
11453.86,0.0,6.0,0.0,1.0
光芒,0.0,6.0,0.0,1.0
月,3.0,905.0,0.003303964757709251,0.9966960352422908
列,0.0,6.0,0.0,1.0
汕头市,3.0,0.0,1.0,0.0
人,0.0,288.0,0.0,1.0
赚,0.0,9.0,0.0,1.0
由盈,0.0,18.0,0.0,1.0
大幅,0.0,69.0,0.0,1.0
尽快,0.0,3.0,0.0,1.0
迹象,0.0,3.0,0.0,1.0
考题,3.0,0.0,1.0,0.0
专家,0.0,6.0,0.0,1.0
1501831167365,0.0,3.0,0.0,1.0
报道,0.0,9.0,0.0,1.0
2.9,0.0,3.0,0.0,1.0
曾,0.0,156.0,0.0,1.0
亿股,0.0,24.0,0.0,1.0
传出,0.0,3.0,0.0,1.0
热门,0.0,3.0,0.0,1.0
诊股,0.0,51.0,0.0,1.0
mrjjxw,0.0,12.0,0.0,1.0
漫长,0.0,3.0,0.0,1.0
锦,0.0,3.0,0.0,1.0
流向,0.0,6.0,0.0,1.0
套路,0.0,9.0,0.0,1.0
伤害,0.0,9.0,0.0,1.0
客户端,0.0,6.0,0.0,1.0
创业板,0.0,123.0,0.0,1.0
245,0.0,3.0,0.0,1.0
34.16,0.0,3.0,0.0,1.0
市场占有率,0.0,3.0,0.0,1.0
事件,0.0,6.0,0.0,1.0
解读,0.0,9.0,0.0,1.0
第一季度,0.0,9.0,0.0,1.0
内审,0.0,6.0,0.0,1.0
全球,0.0,3.0,0.0,1.0
俞敏洪,0.0,15.0,0.0,1.0
崛起,0.0,9.0,0.0,1.0
代码,0.0,6.0,0.0,1.0
两个,0.0,15.0,0.0,1.0
急忙,0.0,3.0,0.0,1.0
一岁,0.0,6.0,0.0,1.0
明显,0.0,6.0,0.0,1.0
先生,0.0,36.0,0.0,1.0
掐点,0.0,27.0,0.0,1.0
行使,0.0,3.0,0.0,1.0
缺乏,0.0,12.0,0.0,1.0
应对,0.0,6.0,0.0,1.0
重大,0.0,99.0,0.0,1.0
签署,0.0,6.0,0.0,1.0
理解,0.0,6.0,0.0,1.0
中泽,0.0,48.0,0.0,1.0
老股,0.0,6.0,0.0,1.0
服务化,0.0,3.0,0.0,1.0
600519,0.0,12.0,0.0,1.0
2.23,0.0,3.0,0.0,1.0
专注,0.0,3.0,0.0,1.0
建议,0.0,3.0,0.0,1.0
力量,0.0,3.0,0.0,1.0
96,0.0,9.0,0.0,1.0
城市,0.0,6.0,0.0,1.0
詹钰叶,0.0,3.0,0.0,1.0
其于,0.0,9.0,0.0,1.0
1.74,0.0,6.0,0.0,1.0
占,0.0,90.0,0.0,1.0
2.2,0.0,3.0,0.0,1.0
强大,3.0,0.0,1.0,0.0
成行,0.0,3.0,0.0,1.0
难于登天,0.0,3.0,0.0,1.0
时,0.0,117.0,0.0,1.0
47.88,0.0,3.0,0.0,1.0
短板,0.0,6.0,0.0,1.0
22,0.0,12.0,0.0,1.0
并且,0.0,9.0,0.0,1.0
管理,3.0,32.0,0.08571428571428572,0.9142857142857143
深,0.0,24.0,0.0,1.0
急速,0.0,3.0,0.0,1.0
收获,0.0,9.0,0.0,1.0
大量,0.0,24.0,0.0,1.0
心,0.0,3.0,0.0,1.0
择机,0.0,9.0,0.0,1.0
得出,0.0,3.0,0.0,1.0
阅卷,6.0,6.0,0.5,0.5
互联,0.0,24.0,0.0,1.0
渠道商,0.0,6.0,0.0,1.0
造诣,0.0,6.0,0.0,1.0
LucasEDU,0.0,3.0,0.0,1.0
旗下,0.0,6.0,0.0,1.0
买卖,0.0,15.0,0.0,1.0
最高点,0.0,30.0,0.0,1.0
券商,0.0,12.0,0.0,1.0
不休,0.0,3.0,0.0,1.0
财通,0.0,6.0,0.0,1.0
处在,0.0,3.0,0.0,1.0
本期,0.0,33.0,0.0,1.0
每经,0.0,24.0,0.0,1.0
地步,0.0,3.0,0.0,1.0
频繁,0.0,12.0,0.0,1.0
报出,0.0,3.0,0.0,1.0
成熟,0.0,6.0,0.0,1.0
义务,0.0,12.0,0.0,1.0
抓住,0.0,3.0,0.0,1.0
急需,0.0,6.0,0.0,1.0
饱受,0.0,3.0,0.0,1.0
个省,0.0,6.0,0.0,1.0
江南春,0.0,6.0,0.0,1.0
且,0.0,21.0,0.0,1.0
交易日,0.0,15.0,0.0,1.0
基础设施,0.0,3.0,0.0,1.0
0.59,0.0,3.0,0.0,1.0
然后,0.0,3.0,0.0,1.0
近日,0.0,42.0,0.0,1.0
有近,0.0,9.0,0.0,1.0
答复,0.0,6.0,0.0,1.0
历史,0.0,57.0,0.0,1.0
融合,6.0,6.0,0.5,0.5
创始人,0.0,18.0,0.0,1.0
化,3.0,0.0,1.0,0.0
区域,0.0,21.0,0.0,1.0
预案,0.0,15.0,0.0,1.0
季度,0.0,9.0,0.0,1.0
主营,0.0,3.0,0.0,1.0
永兴,0.0,3.0,0.0,1.0
一根,0.0,9.0,0.0,1.0
关心,0.0,6.0,0.0,1.0
小,0.0,21.0,0.0,1.0
现金,0.0,15.0,0.0,1.0
3840,0.0,6.0,0.0,1.0
出资,0.0,3.0,0.0,1.0
澄清,0.0,9.0,0.0,1.0
长江,0.0,12.0,0.0,1.0
您,0.0,3.0,0.0,1.0
：,0.0,203.0,0.0,1.0
b5N86QkiaRKxH0,0.0,3.0,0.0,1.0
未能,0.0,33.0,0.0,1.0
期,0.0,27.0,0.0,1.0
姜诗,0.0,3.0,0.0,1.0
不出,0.0,3.0,0.0,1.0
桂松蕾,0.0,3.0,0.0,1.0
火遍,0.0,3.0,0.0,1.0
要说,0.0,3.0,0.0,1.0
）,1.0,194.0,0.005128205128205128,0.9948717948717949
最为,0.0,12.0,0.0,1.0
出名,0.0,3.0,0.0,1.0
投资,0.0,93.0,0.0,1.0
之时,0.0,3.0,0.0,1.0
最低,0.0,15.0,0.0,1.0
那些,0.0,9.0,0.0,1.0
神坛,0.0,33.0,0.0,1.0
51.37,0.0,9.0,0.0,1.0
昨天,0.0,9.0,0.0,1.0
智能,0.0,9.0,0.0,1.0
32.95,0.0,3.0,0.0,1.0
一众,0.0,3.0,0.0,1.0
中小企业,0.0,18.0,0.0,1.0
辉煌,0.0,24.0,0.0,1.0
开盘价,0.0,3.0,0.0,1.0
而来,0.0,3.0,0.0,1.0
0.45,0.0,3.0,0.0,1.0
2005,1.0,18.0,0.05263157894736842,0.9473684210526315
创新能力,3.0,0.0,1.0,0.0
后续,0.0,15.0,0.0,1.0
阳线,0.0,6.0,0.0,1.0
一跌,0.0,3.0,0.0,1.0
89.5,0.0,3.0,0.0,1.0
快速增长,0.0,6.0,0.0,1.0
字眼,0.0,3.0,0.0,1.0
周二,0.0,3.0,0.0,1.0
一直,0.0,45.0,0.0,1.0
其中,3.0,117.0,0.025,0.975
云,12.0,24.0,0.3333333333333333,0.6666666666666666
远高于,0.0,3.0,0.0,1.0
国鼎,0.0,6.0,0.0,1.0
曾经,0.0,108.0,0.0,1.0
夫妻关系,0.0,24.0,0.0,1.0
三板,0.0,6.0,0.0,1.0
统计数据,0.0,6.0,0.0,1.0
恶化,0.0,3.0,0.0,1.0
注册,0.0,24.0,0.0,1.0
其它,0.0,3.0,0.0,1.0
前三天,0.0,6.0,0.0,1.0
口袋,0.0,3.0,0.0,1.0
四大,0.0,6.0,0.0,1.0
实控,0.0,30.0,0.0,1.0
主战场,0.0,6.0,0.0,1.0
拉,0.0,9.0,0.0,1.0
万达,0.0,3.0,0.0,1.0
公布,0.0,27.0,0.0,1.0
时跌,0.0,3.0,0.0,1.0
2500,0.0,6.0,0.0,1.0
旋涡,0.0,3.0,0.0,1.0
股本,0.0,57.0,0.0,1.0
发行人,0.0,12.0,0.0,1.0
没有,0.0,54.0,0.0,1.0
34.96,0.0,3.0,0.0,1.0
副校长,0.0,3.0,0.0,1.0
10.47,0.0,21.0,0.0,1.0
有所,0.0,9.0,0.0,1.0
放量,0.0,9.0,0.0,1.0
换,0.0,3.0,0.0,1.0
莹洁,0.0,3.0,0.0,1.0
Ed,0.0,6.0,0.0,1.0
一波,0.0,3.0,0.0,1.0
日晚,0.0,21.0,0.0,1.0
今天,0.0,3.0,0.0,1.0
现在,0.0,18.0,0.0,1.0
达华,0.0,6.0,0.0,1.0
趋势,0.0,6.0,0.0,1.0
在线,0.0,24.0,0.0,1.0
实践,0.0,3.0,0.0,1.0
门户,6.0,0.0,1.0,0.0
多轮,0.0,6.0,0.0,1.0
众,0.0,3.0,0.0,1.0
主因,0.0,3.0,0.0,1.0
来看,0.0,21.0,0.0,1.0
充满,0.0,6.0,0.0,1.0
教网,0.0,3.0,0.0,1.0
令,0.0,9.0,0.0,1.0
往前,0.0,3.0,0.0,1.0
山东,0.0,3.0,0.0,1.0
得到,0.0,12.0,0.0,1.0
workercn,0.0,3.0,0.0,1.0
无限,0.0,24.0,0.0,1.0
今年以来,0.0,24.0,0.0,1.0
逻辑,0.0,12.0,0.0,1.0
名词,0.0,6.0,0.0,1.0
风暴,0.0,3.0,0.0,1.0
经理,0.0,6.0,0.0,1.0
木,3.0,3.0,0.5,0.5
当初,0.0,6.0,0.0,1.0
需,0.0,3.0,0.0,1.0
产品,0.0,54.0,0.0,1.0
这次,0.0,3.0,0.0,1.0
协同效应,0.0,3.0,0.0,1.0
中标,0.0,27.0,0.0,1.0
诺基亚,0.0,6.0,0.0,1.0
348,0.0,3.0,0.0,1.0
铜色,0.0,6.0,0.0,1.0
节节上涨,0.0,9.0,0.0,1.0
启发,0.0,3.0,0.0,1.0
wkpic,0.0,3.0,0.0,1.0
an,0.0,3.0,0.0,1.0
理财,0.0,9.0,0.0,1.0
sz300359,0.0,6.0,0.0,1.0
网站,0.0,3.0,0.0,1.0
债券,0.0,6.0,0.0,1.0
持续,0.0,87.0,0.0,1.0
签订,0.0,3.0,0.0,1.0
思科,0.0,12.0,0.0,1.0
结束,0.0,3.0,0.0,1.0
高点,0.0,24.0,0.0,1.0
围绕,0.0,3.0,0.0,1.0
显示,0.0,168.0,0.0,1.0
第四,0.0,3.0,0.0,1.0
转型,0.0,42.0,0.0,1.0
可其,0.0,3.0,0.0,1.0
十,0.0,6.0,0.0,1.0
历历在目,0.0,3.0,0.0,1.0
难,0.0,9.0,0.0,1.0
阶段,0.0,21.0,0.0,1.0
称该,0.0,3.0,0.0,1.0
胡润,0.0,6.0,0.0,1.0
跌破,0.0,6.0,0.0,1.0
项目,0.0,78.0,0.0,1.0
升温,0.0,3.0,0.0,1.0
赛尔,0.0,12.0,0.0,1.0
粤证,0.0,12.0,0.0,1.0
有着,0.0,12.0,0.0,1.0
交流,0.0,3.0,0.0,1.0
300431,0.0,3.0,0.0,1.0
1.22,0.0,9.0,0.0,1.0
区间,0.0,36.0,0.0,1.0
因涉嫌,0.0,99.0,0.0,1.0
一笔,0.0,3.0,0.0,1.0
朗玛,0.0,6.0,0.0,1.0
能否,0.0,21.0,0.0,1.0
10.5,0.0,12.0,0.0,1.0
作价,0.0,3.0,0.0,1.0
值得一提的是,0.0,12.0,0.0,1.0
104,0.0,3.0,0.0,1.0
配偶,0.0,3.0,0.0,1.0
主演,0.0,3.0,0.0,1.0
惨烈,0.0,6.0,0.0,1.0
1636.22,0.0,3.0,0.0,1.0
无疾而终,0.0,6.0,0.0,1.0
入口,3.0,3.0,0.5,0.5
回撤,0.0,3.0,0.0,1.0
子公司,0.0,15.0,0.0,1.0
终止,0.0,63.0,0.0,1.0
应用,3.0,39.0,0.07142857142857142,0.9285714285714286
试错,0.0,3.0,0.0,1.0
执掌,0.0,3.0,0.0,1.0
披露,0.0,207.0,0.0,1.0
经济,0.0,15.0,0.0,1.0
大涨大跌,0.0,3.0,0.0,1.0
34.44,0.0,9.0,0.0,1.0
20170505,0.0,9.0,0.0,1.0
受此,0.0,3.0,0.0,1.0
指向,0.0,3.0,0.0,1.0
6,0.0,12.0,0.0,1.0
逐步,0.0,12.0,0.0,1.0
引人关注,0.0,3.0,0.0,1.0
正在,0.0,6.0,0.0,1.0
最终,3.0,54.0,0.05263157894736842,0.9473684210526315
其后,0.0,6.0,0.0,1.0
宣布,0.0,60.0,0.0,1.0
万个,0.0,3.0,0.0,1.0
其,0.0,186.0,0.0,1.0
9,0.0,33.0,0.0,1.0
当天,0.0,3.0,0.0,1.0
13.4,0.0,42.0,0.0,1.0
姓名,0.0,3.0,0.0,1.0
降幅,0.0,6.0,0.0,1.0
人工成本,0.0,3.0,0.0,1.0
10.15,0.0,15.0,0.0,1.0
粘性,0.0,3.0,0.0,1.0
仍,0.0,15.0,0.0,1.0
11.80,0.0,9.0,0.0,1.0
300399,0.0,6.0,0.0,1.0
便,0.0,12.0,0.0,1.0
戏剧性,0.0,3.0,0.0,1.0
提到,0.0,6.0,0.0,1.0
热点,0.0,6.0,0.0,1.0
54.25,0.0,9.0,0.0,1.0
全资,0.0,6.0,0.0,1.0
002653,0.0,3.0,0.0,1.0
唯一,0.0,6.0,0.0,1.0
服务行业,0.0,3.0,0.0,1.0
澄海区,3.0,0.0,1.0,0.0
地板,0.0,21.0,0.0,1.0
合计,0.0,51.0,0.0,1.0
百倍,0.0,3.0,0.0,1.0
渐冷,0.0,3.0,0.0,1.0
顶层,0.0,6.0,0.0,1.0
联营企业,0.0,3.0,0.0,1.0
年度,0.0,63.0,0.0,1.0
用脚,0.0,3.0,0.0,1.0
遭,0.0,54.0,0.0,1.0
老,0.0,3.0,0.0,1.0
创新,0.0,9.0,0.0,1.0
来讲,0.0,3.0,0.0,1.0
相,0.0,6.0,0.0,1.0
西安,0.0,87.0,0.0,1.0
多,0.0,75.0,0.0,1.0
11,6.0,21.0,0.2222222222222222,0.7777777777777778
第四次,0.0,9.0,0.0,1.0
精英,0.0,6.0,0.0,1.0
难看,0.0,3.0,0.0,1.0
而言,0.0,18.0,0.0,1.0
昔,0.0,9.0,0.0,1.0
7VC38IC0OhXRXm8waLHs588x5sqgJtFAINx6OFsenZ409DVhxPVSuOSOHKBmFMmumzstd8bNaibkSkmeaYKZryg,0.0,3.0,0.0,1.0
周期,0.0,3.0,0.0,1.0
俞敏,0.0,6.0,0.0,1.0
包括,3.0,21.0,0.125,0.875
处境,0.0,3.0,0.0,1.0
本地,0.0,3.0,0.0,1.0
最高价,0.0,42.0,0.0,1.0
358.16,0.0,3.0,0.0,1.0
据,3.0,51.0,0.05555555555555555,0.9444444444444444
24.18,0.0,3.0,0.0,1.0
异常,0.0,6.0,0.0,1.0
涉足,0.0,3.0,0.0,1.0
困境,0.0,21.0,0.0,1.0
走红,0.0,3.0,0.0,1.0
极为,0.0,6.0,0.0,1.0
wx,0.0,30.0,0.0,1.0
需要,3.0,27.0,0.1,0.9
596abe3bc962f,0.0,6.0,0.0,1.0
这份,0.0,9.0,0.0,1.0
dcgg050803,0.0,3.0,0.0,1.0
抗议,0.0,6.0,0.0,1.0
增收,0.0,3.0,0.0,1.0
建,0.0,3.0,0.0,1.0
旁听,0.0,12.0,0.0,1.0
流通,0.0,3.0,0.0,1.0
技术人员,0.0,9.0,0.0,1.0
共建,0.0,3.0,0.0,1.0
gif,0.0,12.0,0.0,1.0
qpic,0.0,27.0,0.0,1.0
断崖,0.0,9.0,0.0,1.0
12.13,0.0,21.0,0.0,1.0
上海,0.0,21.0,0.0,1.0
0.80,0.0,3.0,0.0,1.0
群则,0.0,3.0,0.0,1.0
几年,0.0,6.0,0.0,1.0
担任,0.0,6.0,0.0,1.0
影子,0.0,3.0,0.0,1.0
那个,0.0,9.0,0.0,1.0
委员会,0.0,3.0,0.0,1.0
身上,0.0,9.0,0.0,1.0
第一波,0.0,3.0,0.0,1.0
事务所,0.0,3.0,0.0,1.0
获利,0.0,6.0,0.0,1.0
造成,0.0,45.0,0.0,1.0
购买,0.0,21.0,0.0,1.0
回报,0.0,9.0,0.0,1.0
群为,0.0,3.0,0.0,1.0
ynet,0.0,3.0,0.0,1.0
3590.88,0.0,3.0,0.0,1.0
多次,0.0,15.0,0.0,1.0
巅峰,0.0,9.0,0.0,1.0
筹划,0.0,87.0,0.0,1.0
市场竞争,0.0,3.0,0.0,1.0
去年,0.0,27.0,0.0,1.0
郑,0.0,3.0,0.0,1.0
失去,0.0,9.0,0.0,1.0
再次,0.0,36.0,0.0,1.0
背后,0.0,48.0,0.0,1.0
一群,0.0,3.0,0.0,1.0
一定,0.0,3.0,0.0,1.0
下,0.0,63.0,0.0,1.0
来说,0.0,24.0,0.0,1.0
43,0.0,3.0,0.0,1.0
发起,0.0,3.0,0.0,1.0
风光,0.0,30.0,0.0,1.0
送上,0.0,3.0,0.0,1.0
作者,0.0,3.0,0.0,1.0
情况,0.0,27.0,0.0,1.0
2.22,0.0,6.0,0.0,1.0
并未,0.0,6.0,0.0,1.0
天津,0.0,6.0,0.0,1.0
培生,0.0,6.0,0.0,1.0
迎来,0.0,6.0,0.0,1.0
重,0.0,6.0,0.0,1.0
组织,0.0,3.0,0.0,1.0
业,0.0,6.0,0.0,1.0
死,0.0,3.0,0.0,1.0
岂止,0.0,6.0,0.0,1.0
游戏,0.0,3.0,0.0,1.0
纷纷,0.0,30.0,0.0,1.0
主力,0.0,3.0,0.0,1.0
不减,0.0,3.0,0.0,1.0
只有,0.0,33.0,0.0,1.0
掀起,0.0,3.0,0.0,1.0
责任,0.0,3.0,0.0,1.0
得活,0.0,3.0,0.0,1.0
RXm8waLHs588x5sqgJtFAmuGWRuiaClTJdH5IAK70dhznRbVmayyuMJkpxWJAibiaedhlpGquT49oQ,0.0,3.0,0.0,1.0
更加,0.0,21.0,0.0,1.0
分析,0.0,9.0,0.0,1.0
王们,0.0,3.0,0.0,1.0
基础教育,0.0,3.0,0.0,1.0
监,0.0,3.0,0.0,1.0
从股,0.0,12.0,0.0,1.0
安全,0.0,3.0,0.0,1.0
究其原因,0.0,3.0,0.0,1.0
困难,0.0,3.0,0.0,1.0
标杆,0.0,3.0,0.0,1.0
任期,0.0,6.0,0.0,1.0
刚刚,0.0,3.0,0.0,1.0
手段,0.0,6.0,0.0,1.0
.,0.0,471.0,0.0,1.0
方向,0.0,6.0,0.0,1.0
人数,0.0,3.0,0.0,1.0
数,0.0,3.0,0.0,1.0
迫不及待,0.0,3.0,0.0,1.0
百分点,0.0,6.0,0.0,1.0
勤修,0.0,3.0,0.0,1.0
前四均,0.0,6.0,0.0,1.0
2,0.0,177.0,0.0,1.0
预算,0.0,3.0,0.0,1.0
补偿,0.0,9.0,0.0,1.0
焦网,0.0,3.0,0.0,1.0
质押,0.0,66.0,0.0,1.0
答案,0.0,3.0,0.0,1.0
通讯,3.0,3.0,0.5,0.5
注,0.0,3.0,0.0,1.0
一系列,0.0,6.0,0.0,1.0
焦点,0.0,12.0,0.0,1.0
之路,0.0,6.0,0.0,1.0
300680,0.0,3.0,0.0,1.0
惨不忍睹,0.0,3.0,0.0,1.0
业务收入,0.0,9.0,0.0,1.0
文体,0.0,3.0,0.0,1.0
桶,0.0,3.0,0.0,1.0
操作,0.0,6.0,0.0,1.0
4213,0.0,3.0,0.0,1.0
99,0.0,3.0,0.0,1.0
曾触,0.0,3.0,0.0,1.0
顶,0.0,6.0,0.0,1.0
紧急,0.0,3.0,0.0,1.0
资本运作,0.0,3.0,0.0,1.0
致力于,0.0,3.0,0.0,1.0
4487,0.0,3.0,0.0,1.0
决策,0.0,5.0,0.0,1.0
641,0.0,3.0,0.0,1.0
sinaimg,0.0,6.0,0.0,1.0
最大化,0.0,3.0,0.0,1.0
突出,0.0,3.0,0.0,1.0
亲们,0.0,3.0,0.0,1.0
一番话,0.0,3.0,0.0,1.0
缩水,0.0,63.0,0.0,1.0
SS,0.0,3.0,0.0,1.0
成本费用,0.0,18.0,0.0,1.0
零六,0.0,3.0,0.0,1.0
成果,0.0,3.0,0.0,1.0
登顶,0.0,15.0,0.0,1.0
6.44,0.0,3.0,0.0,1.0
06,0.0,3.0,0.0,1.0
47.33,0.0,12.0,0.0,1.0
曙光,0.0,3.0,0.0,1.0
多有,0.0,3.0,0.0,1.0
股于,0.0,3.0,0.0,1.0
讽刺,0.0,3.0,0.0,1.0
面具,0.0,3.0,0.0,1.0
400,0.0,27.0,0.0,1.0
妖股,0.0,48.0,0.0,1.0
抬高,0.0,3.0,0.0,1.0
主要,0.0,111.0,0.0,1.0
领涨,0.0,6.0,0.0,1.0
全过程,0.0,3.0,0.0,1.0
暴跌,0.0,18.0,0.0,1.0
与此同时,0.0,12.0,0.0,1.0
某些,0.0,3.0,0.0,1.0
一,0.0,69.0,0.0,1.0
起,0.0,27.0,0.0,1.0
随意性,0.0,6.0,0.0,1.0
前线,0.0,6.0,0.0,1.0
确实,0.0,3.0,0.0,1.0
案件,0.0,3.0,0.0,1.0
低位,0.0,9.0,0.0,1.0
实,0.0,3.0,0.0,1.0
半年,0.0,12.0,0.0,1.0
压力,0.0,9.0,0.0,1.0
跌,0.0,27.0,0.0,1.0
全部,0.0,6.0,0.0,1.0
时买,0.0,6.0,0.0,1.0
扎实,0.0,3.0,0.0,1.0
原因,0.0,63.0,0.0,1.0
现如今,0.0,3.0,0.0,1.0
碰,0.0,3.0,0.0,1.0
达,0.0,36.0,0.0,1.0
呈现出,0.0,3.0,0.0,1.0
市值,0.0,198.0,0.0,1.0
成为,1.0,153.0,0.006493506493506494,0.9935064935064936
蒸发,0.0,3.0,0.0,1.0
到来,0.0,3.0,0.0,1.0
相关,0.0,90.0,0.0,1.0
正试图,0.0,9.0,0.0,1.0
知识,0.0,6.0,0.0,1.0
昨日,0.0,9.0,0.0,1.0
炒作,0.0,24.0,0.0,1.0
股王,0.0,204.0,0.0,1.0
没什么,0.0,3.0,0.0,1.0
善终,0.0,3.0,0.0,1.0
上年,0.0,18.0,0.0,1.0
75.1,0.0,9.0,0.0,1.0
仅靠,0.0,3.0,0.0,1.0
1308,0.0,3.0,0.0,1.0
祸不单行,0.0,9.0,0.0,1.0
满,0.0,15.0,0.0,1.0
98,0.0,12.0,0.0,1.0
处于,0.0,18.0,0.0,1.0
昔日,0.0,30.0,0.0,1.0
界限,0.0,6.0,0.0,1.0
数据,6.0,84.0,0.06666666666666667,0.9333333333333333
jiemian,0.0,6.0,0.0,1.0
处罚,0.0,3.0,0.0,1.0
除此之外,0.0,3.0,0.0,1.0
发布,3.0,111.0,0.02631578947368421,0.9736842105263158
体系,0.0,3.0,0.0,1.0
笔,0.0,15.0,0.0,1.0
高级,0.0,3.0,0.0,1.0
江西,0.0,6.0,0.0,1.0
1.03,0.0,33.0,0.0,1.0
冠以,0.0,9.0,0.0,1.0
主管部门,0.0,3.0,0.0,1.0
资管,0.0,15.0,0.0,1.0
谈判,0.0,3.0,0.0,1.0
陈述,0.0,3.0,0.0,1.0
10.94,0.0,3.0,0.0,1.0
b,0.0,12.0,0.0,1.0
名单,0.0,9.0,0.0,1.0
事项,0.0,81.0,0.0,1.0
策略,0.0,3.0,0.0,1.0
资料,0.0,48.0,0.0,1.0
3500,0.0,6.0,0.0,1.0
立案,0.0,228.0,0.0,1.0
总资产,0.0,15.0,0.0,1.0
火箭,0.0,3.0,0.0,1.0
家庭,0.0,12.0,0.0,1.0
竟,0.0,3.0,0.0,1.0
大,3.0,99.0,0.029411764705882353,0.9705882352941176
配合,0.0,15.0,0.0,1.0
170134,0.0,6.0,0.0,1.0
诞生记,0.0,3.0,0.0,1.0
命令,0.0,3.0,0.0,1.0
系其,0.0,3.0,0.0,1.0
28,0.0,90.0,0.0,1.0
接连,0.0,6.0,0.0,1.0
褪去,0.0,9.0,0.0,1.0
清楚,0.0,12.0,0.0,1.0
诡异,0.0,6.0,0.0,1.0
成本,0.0,6.0,0.0,1.0
20170731015317959773290,0.0,3.0,0.0,1.0
类,0.0,21.0,0.0,1.0
层面,0.0,3.0,0.0,1.0
最好,0.0,9.0,0.0,1.0
利空,0.0,6.0,0.0,1.0
一时,0.0,6.0,0.0,1.0
33.32,0.0,3.0,0.0,1.0
聚焦,0.0,3.0,0.0,1.0
此前,0.0,57.0,0.0,1.0
付费,0.0,9.0,0.0,1.0
sznews,0.0,3.0,0.0,1.0
马信琪,0.0,3.0,0.0,1.0
打,0.0,3.0,0.0,1.0
相当于,0.0,12.0,0.0,1.0
买单,0.0,6.0,0.0,1.0
很多,0.0,18.0,0.0,1.0
19.79,0.0,3.0,0.0,1.0
出现,0.0,96.0,0.0,1.0
基地,0.0,3.0,0.0,1.0
有关,0.0,24.0,0.0,1.0
速度,0.0,6.0,0.0,1.0
有三大,0.0,3.0,0.0,1.0
如下,0.0,15.0,0.0,1.0
客户,0.0,9.0,0.0,1.0
SH,0.0,3.0,0.0,1.0
服务提供商,0.0,3.0,0.0,1.0
产品开发,0.0,6.0,0.0,1.0
路径,0.0,3.0,0.0,1.0
垄断,0.0,3.0,0.0,1.0
涨,0.0,15.0,0.0,1.0
下跌,0.0,150.0,0.0,1.0
0.75,0.0,3.0,0.0,1.0
支撑,0.0,21.0,0.0,1.0
年份,0.0,6.0,0.0,1.0
股民,0.0,12.0,0.0,1.0
被,0.0,282.0,0.0,1.0
卖方,0.0,3.0,0.0,1.0
生产,0.0,21.0,0.0,1.0
中国科学院,0.0,3.0,0.0,1.0
召开,0.0,9.0,0.0,1.0
已比,0.0,6.0,0.0,1.0
指,0.0,3.0,0.0,1.0
逐渐,0.0,18.0,0.0,1.0
之日起,0.0,6.0,0.0,1.0
两名,0.0,3.0,0.0,1.0
竞价,0.0,9.0,0.0,1.0
批复,0.0,3.0,0.0,1.0
证实,0.0,6.0,0.0,1.0
夫妇俩,0.0,9.0,0.0,1.0
16.10,0.0,3.0,0.0,1.0
总结,0.0,8.0,0.0,1.0
依赖,0.0,9.0,0.0,1.0
各地,0.0,3.0,0.0,1.0
关键,0.0,15.0,0.0,1.0
454.48,0.0,30.0,0.0,1.0
比上,0.0,9.0,0.0,1.0
产品销售,0.0,6.0,0.0,1.0
非全通,0.0,3.0,0.0,1.0
除了,0.0,39.0,0.0,1.0
洗牌,0.0,3.0,0.0,1.0
98.67,0.0,3.0,0.0,1.0
触及,0.0,36.0,0.0,1.0
多亿,0.0,6.0,0.0,1.0
1100,0.0,9.0,0.0,1.0
疯长,0.0,3.0,0.0,1.0
杨帆,0.0,3.0,0.0,1.0
数码,0.0,9.0,0.0,1.0
注脚,0.0,3.0,0.0,1.0
意向书,0.0,9.0,0.0,1.0
一季度,0.0,39.0,0.0,1.0
逆袭,0.0,3.0,0.0,1.0
沧海桑田,0.0,3.0,0.0,1.0
资本,0.0,72.0,0.0,1.0
时来,0.0,3.0,0.0,1.0
增幅,0.0,24.0,0.0,1.0
超越,0.0,42.0,0.0,1.0
接受,0.0,6.0,0.0,1.0
股东,0.0,642.0,0.0,1.0
刚好,0.0,6.0,0.0,1.0
知识产权,3.0,0.0,1.0,0.0
银行,0.0,9.0,0.0,1.0
董亮,0.0,3.0,0.0,1.0
叫停,0.0,3.0,0.0,1.0
中国证监会,0.0,33.0,0.0,1.0
实体,0.0,3.0,0.0,1.0
历次,3.0,6.0,0.3333333333333333,0.6666666666666666
成涨,0.0,3.0,0.0,1.0
忙,0.0,6.0,0.0,1.0
......,0.0,3.0,0.0,1.0
出尽,0.0,3.0,0.0,1.0
补贴,0.0,9.0,0.0,1.0
安排,0.0,15.0,0.0,1.0
系,0.0,60.0,0.0,1.0
成就,0.0,6.0,0.0,1.0
h,0.0,3.0,0.0,1.0
怎么样,0.0,3.0,0.0,1.0
有待,0.0,6.0,0.0,1.0
副总经理,0.0,27.0,0.0,1.0
IPO,0.0,9.0,0.0,1.0
暴风,0.0,27.0,0.0,1.0
主,0.0,3.0,0.0,1.0
拥有,3.0,3.0,0.5,0.5
针对,0.0,68.0,0.0,1.0
估值,0.0,36.0,0.0,1.0
初期,0.0,3.0,0.0,1.0
就此,0.0,3.0,0.0,1.0
跌去,0.0,27.0,0.0,1.0
涨至,0.0,6.0,0.0,1.0
刺激,0.0,6.0,0.0,1.0
二,0.0,18.0,0.0,1.0
750,0.0,9.0,0.0,1.0
紧接着,0.0,3.0,0.0,1.0
42.27,0.0,3.0,0.0,1.0
风光一时,0.0,3.0,0.0,1.0
任全通,0.0,6.0,0.0,1.0
公立学校,0.0,3.0,0.0,1.0
三大涨,0.0,3.0,0.0,1.0
曾健辉,0.0,9.0,0.0,1.0
发行价,0.0,6.0,0.0,1.0
前后,0.0,3.0,0.0,1.0
陨落,0.0,42.0,0.0,1.0
申请,0.0,9.0,0.0,1.0
登上,0.0,18.0,0.0,1.0
诱人,0.0,3.0,0.0,1.0
创立,0.0,18.0,0.0,1.0
创造,0.0,12.0,0.0,1.0
中,3.0,153.0,0.019230769230769232,0.9807692307692307
日至,0.0,21.0,0.0,1.0
;,0.0,15.0,0.0,1.0
istocknews,0.0,5.0,0.0,1.0
影响,0.0,90.0,0.0,1.0
实验室,0.0,24.0,0.0,1.0
分成,0.0,12.0,0.0,1.0
600150,0.0,6.0,0.0,1.0
望,0.0,6.0,0.0,1.0
教授,0.0,3.0,0.0,1.0
中有,0.0,3.0,0.0,1.0
红刊,0.0,6.0,0.0,1.0
43.1,0.0,3.0,0.0,1.0
贵州,0.0,69.0,0.0,1.0
10.46,0.0,3.0,0.0,1.0
《,0.0,117.0,0.0,1.0
CIO,0.0,3.0,0.0,1.0
信披,0.0,33.0,0.0,1.0
除,0.0,9.0,0.0,1.0
31.89,0.0,3.0,0.0,1.0
以家校,0.0,3.0,0.0,1.0
3000,0.0,33.0,0.0,1.0
又,0.0,81.0,0.0,1.0
375,0.0,6.0,0.0,1.0
分别,0.0,84.0,0.0,1.0
里,0.0,51.0,0.0,1.0
跌超,0.0,3.0,0.0,1.0
比,0.0,27.0,0.0,1.0
总,0.0,123.0,0.0,1.0
意向,0.0,9.0,0.0,1.0
汇添富,0.0,3.0,0.0,1.0
社保,0.0,6.0,0.0,1.0
交易,0.0,186.0,0.0,1.0
快速,0.0,30.0,0.0,1.0
数字,0.0,3.0,0.0,1.0
6.2,0.0,6.0,0.0,1.0
最低价,0.0,6.0,0.0,1.0
非常明显,0.0,3.0,0.0,1.0
50.65,0.0,3.0,0.0,1.0
期限,0.0,9.0,0.0,1.0
联合,0.0,9.0,0.0,1.0
极大,0.0,3.0,0.0,1.0
0.66,0.0,3.0,0.0,1.0
角度,0.0,3.0,0.0,1.0
看看,0.0,18.0,0.0,1.0
9.77,0.0,9.0,0.0,1.0
老路,0.0,3.0,0.0,1.0
WIND,0.0,3.0,0.0,1.0
突进,0.0,3.0,0.0,1.0
732173f66053,0.0,3.0,0.0,1.0
多年,0.0,6.0,0.0,1.0
其实,0.0,21.0,0.0,1.0
迅速,0.0,15.0,0.0,1.0
管理状况,0.0,5.0,0.0,1.0
搞家校,0.0,3.0,0.0,1.0
万股,0.0,114.0,0.0,1.0
?,0.0,42.0,0.0,1.0
为,3.0,404.0,0.007371007371007371,0.9926289926289926
不佳,0.0,3.0,0.0,1.0
板块,0.0,6.0,0.0,1.0
好消息,0.0,3.0,0.0,1.0
院士,0.0,6.0,0.0,1.0
支柱,0.0,6.0,0.0,1.0
已陷,0.0,3.0,0.0,1.0
■,0.0,3.0,0.0,1.0
主推,0.0,3.0,0.0,1.0
一改,0.0,3.0,0.0,1.0
res,0.0,9.0,0.0,1.0
高价,0.0,12.0,0.0,1.0
叶学展,0.0,6.0,0.0,1.0
山,0.0,3.0,0.0,1.0
遭遇,0.0,27.0,0.0,1.0
操纵,0.0,33.0,0.0,1.0
极力,0.0,9.0,0.0,1.0
波则,0.0,6.0,0.0,1.0
向,3.0,33.0,0.08333333333333333,0.9166666666666666
运去,0.0,3.0,0.0,1.0
第七次,0.0,3.0,0.0,1.0
曾多次,0.0,9.0,0.0,1.0
08,0.0,29.0,0.0,1.0
得以,0.0,9.0,0.0,1.0
利润率,0.0,15.0,0.0,1.0
很,0.0,15.0,0.0,1.0
乐,0.0,6.0,0.0,1.0
时代,0.0,42.0,0.0,1.0
基本,0.0,12.0,0.0,1.0
随后,0.0,21.0,0.0,1.0
广东,1.0,57.0,0.017241379310344827,0.9827586206896551
跨越,0.0,3.0,0.0,1.0
daily,0.0,6.0,0.0,1.0
到达,0.0,3.0,0.0,1.0
27,0.0,30.0,0.0,1.0
关系,0.0,36.0,0.0,1.0
多亿元,0.0,6.0,0.0,1.0
190.07,0.0,3.0,0.0,1.0
盯上,0.0,3.0,0.0,1.0
教师,0.0,9.0,0.0,1.0
加速,0.0,6.0,0.0,1.0
1901,0.0,6.0,0.0,1.0
在此期间,0.0,6.0,0.0,1.0
个,0.0,87.0,0.0,1.0
打破,0.0,3.0,0.0,1.0
translate,0.0,3.0,0.0,1.0
反向,0.0,3.0,0.0,1.0
素质,3.0,3.0,0.5,0.5
李未,0.0,3.0,0.0,1.0
拿不出手,0.0,3.0,0.0,1.0
网,3.0,27.0,0.1,0.9
故事,0.0,30.0,0.0,1.0
盛况,0.0,3.0,0.0,1.0
自,0.0,66.0,0.0,1.0
35,0.0,6.0,0.0,1.0
应用服务,0.0,3.0,0.0,1.0
均现,0.0,3.0,0.0,1.0
07,0.0,23.0,0.0,1.0
毛利率,0.0,12.0,0.0,1.0
一木难支,0.0,3.0,0.0,1.0
依托,3.0,0.0,1.0,0.0
预计,0.0,84.0,0.0,1.0
基金,0.0,111.0,0.0,1.0
整个,0.0,3.0,0.0,1.0
24,0.0,93.0,0.0,1.0
n,0.0,15.0,0.0,1.0
image,0.0,3.0,0.0,1.0
充分发挥,0.0,3.0,0.0,1.0
),0.0,216.0,0.0,1.0
事业部,0.0,3.0,0.0,1.0
仅仅,0.0,24.0,0.0,1.0
营收近,0.0,3.0,0.0,1.0
无果,0.0,6.0,0.0,1.0
积极,0.0,27.0,0.0,1.0
热潮,0.0,3.0,0.0,1.0
竞逐,0.0,3.0,0.0,1.0
说明书,0.0,15.0,0.0,1.0
文件,0.0,3.0,0.0,1.0
jpg,0.0,62.0,0.0,1.0
准确,0.0,6.0,0.0,1.0
新晋,0.0,9.0,0.0,1.0
目前,0.0,129.0,0.0,1.0
2014,0.0,171.0,0.0,1.0
优先选择,0.0,3.0,0.0,1.0
k,0.0,12.0,0.0,1.0
鸡毛,0.0,9.0,0.0,1.0
战略,3.0,9.0,0.25,0.75
以上,0.0,36.0,0.0,1.0
宣传,0.0,6.0,0.0,1.0
婚后,0.0,3.0,0.0,1.0
妖王,0.0,3.0,0.0,1.0
尤其,0.0,3.0,0.0,1.0
17,0.0,12.0,0.0,1.0
V1,0.0,3.0,0.0,1.0
变脸,0.0,18.0,0.0,1.0
罚,0.0,3.0,0.0,1.0
10.06,0.0,3.0,0.0,1.0
小雅,0.0,318.0,0.0,1.0
主任,0.0,3.0,0.0,1.0
五成,0.0,3.0,0.0,1.0
降到,0.0,3.0,0.0,1.0
4.06,0.0,3.0,0.0,1.0
改革,0.0,3.0,0.0,1.0
人均,0.0,3.0,0.0,1.0
率低,0.0,3.0,0.0,1.0
即将,0.0,9.0,0.0,1.0
100,0.0,57.0,0.0,1.0
c,0.0,3.0,0.0,1.0
亏损,0.0,165.0,0.0,1.0
5.53,0.0,3.0,0.0,1.0
筹建,0.0,9.0,0.0,1.0
零头,0.0,21.0,0.0,1.0
倍,0.0,96.0,0.0,1.0
来源,0.0,12.0,0.0,1.0
早盘,0.0,6.0,0.0,1.0
QjtB,0.0,3.0,0.0,1.0
OphficJUUiaJ6naGAx,0.0,3.0,0.0,1.0
粗略,0.0,6.0,0.0,1.0
新低,0.0,21.0,0.0,1.0
800,0.0,15.0,0.0,1.0
评价,3.0,6.0,0.3333333333333333,0.6666666666666666
.....,0.0,3.0,0.0,1.0
年代,0.0,15.0,0.0,1.0
管理层,0.0,13.0,0.0,1.0
发送,0.0,12.0,0.0,1.0
蔷,0.0,3.0,0.0,1.0
蹊跷,0.0,3.0,0.0,1.0
大盘,0.0,6.0,0.0,1.0
拉升,0.0,3.0,0.0,1.0
茅台,0.0,99.0,0.0,1.0
至今,0.0,27.0,0.0,1.0
称号,0.0,3.0,0.0,1.0
大牛市,0.0,3.0,0.0,1.0
要求,0.0,15.0,0.0,1.0
暨,0.0,18.0,0.0,1.0
要,0.0,12.0,0.0,1.0
股票行情,0.0,6.0,0.0,1.0
该份,0.0,6.0,0.0,1.0
超级,0.0,12.0,0.0,1.0
若论,0.0,3.0,0.0,1.0
值得,0.0,3.0,0.0,1.0
newchart,0.0,6.0,0.0,1.0
本人,0.0,3.0,0.0,1.0
lanjinger,0.0,6.0,0.0,1.0
辅导,0.0,3.0,0.0,1.0
工程,0.0,30.0,0.0,1.0
结构,0.0,33.0,0.0,1.0
2007,0.0,6.0,0.0,1.0
通过,0.0,90.0,0.0,1.0
教育领域,0.0,12.0,0.0,1.0
发改委,0.0,3.0,0.0,1.0
收报,0.0,9.0,0.0,1.0
60.98,0.0,3.0,0.0,1.0
生成,3.0,0.0,1.0,0.0
董事长,0.0,53.0,0.0,1.0
小散,0.0,3.0,0.0,1.0
者,0.0,12.0,0.0,1.0
标签,0.0,6.0,0.0,1.0
支持,0.0,15.0,0.0,1.0
海外,3.0,3.0,0.5,0.5
浮沉,0.0,3.0,0.0,1.0
女士,0.0,9.0,0.0,1.0
为例,0.0,3.0,0.0,1.0
9.99,0.0,18.0,0.0,1.0
产品线,0.0,9.0,0.0,1.0
算,0.0,9.0,0.0,1.0
发来,0.0,6.0,0.0,1.0
强势,0.0,3.0,0.0,1.0
pngdata,0.0,3.0,0.0,1.0
盘中,0.0,33.0,0.0,1.0
代表,0.0,9.0,0.0,1.0
暴涨,0.0,15.0,0.0,1.0
普通,0.0,3.0,0.0,1.0
以来,0.0,107.0,0.0,1.0
报,0.0,30.0,0.0,1.0
再度,0.0,24.0,0.0,1.0
看到,0.0,3.0,0.0,1.0
已跌,0.0,9.0,0.0,1.0
功能,3.0,0.0,1.0,0.0
课外,0.0,3.0,0.0,1.0
资源库,3.0,0.0,1.0,0.0
想到,0.0,6.0,0.0,1.0
未经,0.0,6.0,0.0,1.0
本财季,0.0,3.0,0.0,1.0
495,0.0,9.0,0.0,1.0
易方达,0.0,6.0,0.0,1.0
引入,0.0,6.0,0.0,1.0
另外,0.0,21.0,0.0,1.0
表决权,0.0,3.0,0.0,1.0
夯实,0.0,3.0,0.0,1.0
有望,0.0,6.0,0.0,1.0
20000,0.0,3.0,0.0,1.0
一举,0.0,6.0,0.0,1.0
每月,0.0,6.0,0.0,1.0
蓝鲸,0.0,6.0,0.0,1.0
失败,0.0,69.0,0.0,1.0
以约,0.0,6.0,0.0,1.0
股价,0.0,729.0,0.0,1.0
作为,3.0,72.0,0.04,0.96
综合,0.0,3.0,0.0,1.0
748.2,0.0,3.0,0.0,1.0
关键性,0.0,3.0,0.0,1.0
管理部,0.0,9.0,0.0,1.0
榜,0.0,3.0,0.0,1.0
两家,0.0,27.0,0.0,1.0
截至,0.0,42.0,0.0,1.0
提振,0.0,3.0,0.0,1.0
不乏,0.0,12.0,0.0,1.0
人员,0.0,9.0,0.0,1.0
上午,0.0,3.0,0.0,1.0
看似,0.0,3.0,0.0,1.0
持有,0.0,120.0,0.0,1.0
日冲,0.0,3.0,0.0,1.0
C,0.0,12.0,0.0,1.0
曾几何时,0.0,6.0,0.0,1.0
买近,0.0,9.0,0.0,1.0
高管们,0.0,15.0,0.0,1.0
国信,0.0,6.0,0.0,1.0
经验丰富,0.0,3.0,0.0,1.0
不比乐,0.0,3.0,0.0,1.0
分布,0.0,3.0,0.0,1.0
低开,0.0,18.0,0.0,1.0
站,0.0,6.0,0.0,1.0
作,0.0,8.0,0.0,1.0
叶飞,0.0,3.0,0.0,1.0
年报,0.0,27.0,0.0,1.0
1228.95,0.0,3.0,0.0,1.0
SP,0.0,18.0,0.0,1.0
笔由,0.0,3.0,0.0,1.0
证券部,0.0,6.0,0.0,1.0
阅读,0.0,3.0,0.0,1.0
届满,0.0,12.0,0.0,1.0
撤退,0.0,9.0,0.0,1.0
支付现金,0.0,15.0,0.0,1.0
依旧,0.0,3.0,0.0,1.0
广发,0.0,3.0,0.0,1.0
帮,0.0,3.0,0.0,1.0
黑马,0.0,3.0,0.0,1.0
tx1,0.0,3.0,0.0,1.0
_,0.0,96.0,0.0,1.0
地级市,0.0,6.0,0.0,1.0
可能,0.0,30.0,0.0,1.0
通通,0.0,9.0,0.0,1.0
4.39,0.0,9.0,0.0,1.0
第二,0.0,3.0,0.0,1.0
晋升为,0.0,3.0,0.0,1.0
回应,0.0,6.0,0.0,1.0
火速,0.0,3.0,0.0,1.0
数学老师,0.0,6.0,0.0,1.0
升级,0.0,15.0,0.0,1.0
董秘,0.0,45.0,0.0,1.0
了解,3.0,24.0,0.1111111111111111,0.8888888888888888
是不是,0.0,3.0,0.0,1.0
中山市,0.0,15.0,0.0,1.0
推手,0.0,9.0,0.0,1.0
推广,0.0,6.0,0.0,1.0
考试,3.0,0.0,1.0,0.0
早间,0.0,8.0,0.0,1.0
近几年,0.0,3.0,0.0,1.0
场景,0.0,6.0,0.0,1.0
董事,0.0,18.0,0.0,1.0
双杀,0.0,6.0,0.0,1.0
1971,0.0,3.0,0.0,1.0
近九成,0.0,9.0,0.0,1.0
晚间,0.0,45.0,0.0,1.0
名,0.0,6.0,0.0,1.0
多个,0.0,12.0,0.0,1.0
无论是,0.0,3.0,0.0,1.0
函,0.0,9.0,0.0,1.0
获取信息,0.0,6.0,0.0,1.0
当年,0.0,18.0,0.0,1.0
过,0.0,24.0,0.0,1.0
副,0.0,3.0,0.0,1.0
毁灭,0.0,6.0,0.0,1.0
红利,0.0,6.0,0.0,1.0
24.3,0.0,6.0,0.0,1.0
全年,0.0,3.0,0.0,1.0
一致,0.0,147.0,0.0,1.0
日收出,0.0,3.0,0.0,1.0
转亏,0.0,18.0,0.0,1.0
最高,0.0,57.0,0.0,1.0
由此可见,0.0,6.0,0.0,1.0
；,0.0,42.0,0.0,1.0
安硕,0.0,48.0,0.0,1.0
学生,21.0,12.0,0.6363636363636364,0.36363636363636365
赶,0.0,3.0,0.0,1.0
330,0.0,3.0,0.0,1.0
近四百,0.0,6.0,0.0,1.0
悸动,0.0,9.0,0.0,1.0
嫌疑,0.0,3.0,0.0,1.0
盆满,0.0,15.0,0.0,1.0
沪,0.0,24.0,0.0,1.0
300315,0.0,6.0,0.0,1.0
首亏,0.0,21.0,0.0,1.0
戴维斯,0.0,6.0,0.0,1.0
IN,0.0,6.0,0.0,1.0
上游,0.0,3.0,0.0,1.0
9525,0.0,3.0,0.0,1.0
1501831332450,0.0,3.0,0.0,1.0
跌幅,0.0,33.0,0.0,1.0
教学,9.0,3.0,0.75,0.25
持平,0.0,9.0,0.0,1.0
拳头产品,0.0,3.0,0.0,1.0
~,0.0,45.0,0.0,1.0
第二次,0.0,6.0,0.0,1.0
第三,0.0,12.0,0.0,1.0
贴近,0.0,6.0,0.0,1.0
为了,0.0,6.0,0.0,1.0
16,0.0,45.0,0.0,1.0
20170725070601541,0.0,3.0,0.0,1.0
还,3.0,66.0,0.043478260869565216,0.9565217391304348
视差,0.0,3.0,0.0,1.0
隐现,0.0,3.0,0.0,1.0
原始,0.0,21.0,0.0,1.0
启用,3.0,0.0,1.0,0.0
个股,0.0,24.0,0.0,1.0
看点,0.0,3.0,0.0,1.0
1964,0.0,3.0,0.0,1.0
伤疤,0.0,3.0,0.0,1.0
潜伏,0.0,3.0,0.0,1.0
目标,0.0,9.0,0.0,1.0
靠,0.0,3.0,0.0,1.0
维护,0.0,6.0,0.0,1.0
并,3.0,102.0,0.02857142857142857,0.9714285714285714
用,0.0,12.0,0.0,1.0
23,0.0,24.0,0.0,1.0
额度,0.0,6.0,0.0,1.0
出击,3.0,3.0,0.5,0.5
登陆,0.0,57.0,0.0,1.0
弱于,0.0,3.0,0.0,1.0
赏识,0.0,3.0,0.0,1.0
19,0.0,3.0,0.0,1.0
886c,0.0,3.0,0.0,1.0
商界,0.0,9.0,0.0,1.0
核心,3.0,60.0,0.047619047619047616,0.9523809523809523
已较,0.0,6.0,0.0,1.0
受制于,0.0,6.0,0.0,1.0
|,0.0,6.0,0.0,1.0
近两年,0.0,3.0,0.0,1.0
4199,0.0,3.0,0.0,1.0
9.08,0.0,6.0,0.0,1.0
会否,0.0,3.0,0.0,1.0
4200,0.0,3.0,0.0,1.0
完美,0.0,3.0,0.0,1.0
dcgg050801,0.0,3.0,0.0,1.0
表,0.0,15.0,0.0,1.0
研发,0.0,27.0,0.0,1.0
指出,0.0,21.0,0.0,1.0
投资规模,0.0,9.0,0.0,1.0
继教网,0.0,99.0,0.0,1.0
课程,3.0,0.0,1.0,0.0
67.59,0.0,3.0,0.0,1.0
可谓,0.0,9.0,0.0,1.0
隐情,0.0,3.0,0.0,1.0
主体,0.0,12.0,0.0,1.0
历年,0.0,9.0,0.0,1.0
抛出,0.0,9.0,0.0,1.0
1800,0.0,42.0,0.0,1.0
复杂,0.0,15.0,0.0,1.0
水平,0.0,3.0,0.0,1.0
掐,0.0,12.0,0.0,1.0
精准,0.0,6.0,0.0,1.0
协议,0.0,12.0,0.0,1.0
中小,0.0,21.0,0.0,1.0
上攻,0.0,6.0,0.0,1.0
1.7,0.0,3.0,0.0,1.0
使得,0.0,12.0,0.0,1.0
办,0.0,42.0,0.0,1.0
/,0.0,893.0,0.0,1.0
永远的痛,0.0,6.0,0.0,1.0
hexun,0.0,5.0,0.0,1.0
300168,0.0,3.0,0.0,1.0
多点,0.0,3.0,0.0,1.0
免费,0.0,6.0,0.0,1.0
寻求,0.0,6.0,0.0,1.0
敦促,0.0,15.0,0.0,1.0
周一,0.0,12.0,0.0,1.0
之间,0.0,6.0,0.0,1.0
人才,0.0,3.0,0.0,1.0
陈炽昌林,0.0,3.0,0.0,1.0
证券网,0.0,6.0,0.0,1.0
曝光,0.0,9.0,0.0,1.0
四百元,0.0,3.0,0.0,1.0
199.9,0.0,9.0,0.0,1.0
扩张,0.0,21.0,0.0,1.0
天后,0.0,3.0,0.0,1.0
理智,0.0,3.0,0.0,1.0
附上,0.0,3.0,0.0,1.0
半年报,0.0,24.0,0.0,1.0
蒙眼,0.0,3.0,0.0,1.0
陪伴,0.0,3.0,0.0,1.0
母公司,0.0,12.0,0.0,1.0
跟踪,3.0,0.0,1.0,0.0
勇攀高峰,0.0,3.0,0.0,1.0
传统,0.0,12.0,0.0,1.0
万维,0.0,3.0,0.0,1.0
意识,0.0,6.0,0.0,1.0
随时,0.0,3.0,0.0,1.0
营收,0.0,39.0,0.0,1.0
一家,0.0,27.0,0.0,1.0
接盘,0.0,9.0,0.0,1.0
近期,0.0,30.0,0.0,1.0
05,0.0,12.0,0.0,1.0
img5,0.0,3.0,0.0,1.0
天地,0.0,3.0,0.0,1.0
抗,0.0,3.0,0.0,1.0
推出,0.0,15.0,0.0,1.0
首发,0.0,27.0,0.0,1.0
中小学生,0.0,3.0,0.0,1.0
已经,0.0,90.0,0.0,1.0
大学校长,0.0,6.0,0.0,1.0
买入,0.0,21.0,0.0,1.0
转,0.0,9.0,0.0,1.0
825.23,0.0,12.0,0.0,1.0
374.59,0.0,6.0,0.0,1.0
抢先,0.0,3.0,0.0,1.0
此时,0.0,12.0,0.0,1.0
龙文,0.0,3.0,0.0,1.0
不确定性,0.0,15.0,0.0,1.0
北京,0.0,15.0,0.0,1.0
蹭,0.0,9.0,0.0,1.0
%,0.0,651.0,0.0,1.0
20170504,0.0,3.0,0.0,1.0
元多,0.0,9.0,0.0,1.0
好,0.0,12.0,0.0,1.0
主力军,0.0,6.0,0.0,1.0
拉动,0.0,3.0,0.0,1.0
条线,0.0,6.0,0.0,1.0
2131.22,0.0,3.0,0.0,1.0
活动,0.0,63.0,0.0,1.0
再,0.0,57.0,0.0,1.0
履行,0.0,12.0,0.0,1.0
从此,0.0,3.0,0.0,1.0
院长,0.0,3.0,0.0,1.0
勤上,0.0,6.0,0.0,1.0
继,0.0,12.0,0.0,1.0
路,0.0,12.0,0.0,1.0
妖,0.0,18.0,0.0,1.0
修订,0.0,3.0,0.0,1.0
做错,0.0,6.0,0.0,1.0
效应,0.0,6.0,0.0,1.0
8366,0.0,9.0,0.0,1.0
原创,0.0,3.0,0.0,1.0
前限售,0.0,12.0,0.0,1.0
转化,0.0,3.0,0.0,1.0
国际,0.0,6.0,0.0,1.0
权威人物,0.0,3.0,0.0,1.0
十分,0.0,3.0,0.0,1.0
41f873f2505fe9d5e4c1c15abc77f18a,0.0,6.0,0.0,1.0
时报讯,0.0,3.0,0.0,1.0
组合,0.0,3.0,0.0,1.0
沦为,0.0,3.0,0.0,1.0
究竟,0.0,3.0,0.0,1.0
加剧,0.0,30.0,0.0,1.0
□,0.0,3.0,0.0,1.0
控制,0.0,147.0,0.0,1.0
讯,0.0,11.0,0.0,1.0
过去,0.0,12.0,0.0,1.0
三家,0.0,39.0,0.0,1.0
跌停,0.0,12.0,0.0,1.0
养肥,0.0,6.0,0.0,1.0
119,0.0,3.0,0.0,1.0
诠释,0.0,3.0,0.0,1.0
具有,0.0,12.0,0.0,1.0
比如,0.0,9.0,0.0,1.0
释放,0.0,3.0,0.0,1.0
走势,0.0,21.0,0.0,1.0
方式,0.0,51.0,0.0,1.0
结论,0.0,3.0,0.0,1.0
期末,0.0,3.0,0.0,1.0
先,0.0,6.0,0.0,1.0
曰,0.0,9.0,0.0,1.0
下滑,0.0,18.0,0.0,1.0
1755,0.0,9.0,0.0,1.0
多位,0.0,6.0,0.0,1.0
九成,0.0,12.0,0.0,1.0
275.58,0.0,3.0,0.0,1.0
233.75,0.0,3.0,0.0,1.0
取得,0.0,6.0,0.0,1.0
70,0.0,6.0,0.0,1.0
2009,0.0,3.0,0.0,1.0
不会,0.0,39.0,0.0,1.0
一大批,0.0,3.0,0.0,1.0
亏损累累,0.0,9.0,0.0,1.0
21,0.0,159.0,0.0,1.0
捐赠,0.0,3.0,0.0,1.0
开盘,0.0,12.0,0.0,1.0
(,0.0,213.0,0.0,1.0
占领,0.0,3.0,0.0,1.0
现金额,0.0,9.0,0.0,1.0
对于,0.0,36.0,0.0,1.0
全,0.0,3.0,0.0,1.0
出台,0.0,6.0,0.0,1.0
13.04,0.0,3.0,0.0,1.0
传媒,0.0,3.0,0.0,1.0
最,0.0,39.0,0.0,1.0
管理人员,0.0,3.0,0.0,1.0
日内,0.0,15.0,0.0,1.0
仅用,0.0,3.0,0.0,1.0
媒体报道,0.0,12.0,0.0,1.0
现象,0.0,15.0,0.0,1.0
多前,0.0,18.0,0.0,1.0
47.01,0.0,6.0,0.0,1.0
省,0.0,9.0,0.0,1.0
短短,0.0,21.0,0.0,1.0
法定代表,0.0,3.0,0.0,1.0
紫马,0.0,3.0,0.0,1.0
2.95,0.0,3.0,0.0,1.0
QQ,0.0,3.0,0.0,1.0
研究,0.0,33.0,0.0,1.0
分享,0.0,6.0,0.0,1.0
48,0.0,12.0,0.0,1.0
人士,0.0,90.0,0.0,1.0
船舶,0.0,9.0,0.0,1.0
致力,0.0,3.0,0.0,1.0
fmt,0.0,30.0,0.0,1.0
土豆,0.0,3.0,0.0,1.0
三大,0.0,3.0,0.0,1.0
可惜,0.0,3.0,0.0,1.0
视为,0.0,3.0,0.0,1.0
1,0.0,153.0,0.0,1.0
加快,0.0,6.0,0.0,1.0
微,3.0,5.0,0.375,0.625
大牛股,0.0,6.0,0.0,1.0
数以万计,0.0,3.0,0.0,1.0
发去,0.0,3.0,0.0,1.0
优势,0.0,12.0,0.0,1.0
参加,0.0,6.0,0.0,1.0
棕榈,3.0,3.0,0.5,0.5
起任,0.0,3.0,0.0,1.0
后市,0.0,3.0,0.0,1.0
http,0.0,125.0,0.0,1.0
大多,0.0,3.0,0.0,1.0
现场,0.0,6.0,0.0,1.0
应,0.0,3.0,0.0,1.0
半,0.0,3.0,0.0,1.0
给出,0.0,3.0,0.0,1.0
路上,0.0,3.0,0.0,1.0
名不见经传,0.0,3.0,0.0,1.0
600485,0.0,3.0,0.0,1.0
承诺,0.0,36.0,0.0,1.0
富豪,0.0,3.0,0.0,1.0
特别,3.0,0.0,1.0,0.0
cn,0.0,75.0,0.0,1.0
同期相比,0.0,6.0,0.0,1.0
季节性,0.0,3.0,0.0,1.0
发布公告,0.0,47.0,0.0,1.0
之前,0.0,24.0,0.0,1.0
即校,0.0,3.0,0.0,1.0
身影,0.0,24.0,0.0,1.0
掌控,0.0,3.0,0.0,1.0
百出,0.0,6.0,0.0,1.0
6.87,0.0,9.0,0.0,1.0
商报讯,0.0,6.0,0.0,1.0
均,6.0,60.0,0.09090909090909091,0.9090909090909091
75,0.0,12.0,0.0,1.0
回忆,0.0,6.0,0.0,1.0
成功,0.0,12.0,0.0,1.0
A,0.0,12.0,0.0,1.0
折射,0.0,6.0,0.0,1.0
直线,0.0,3.0,0.0,1.0
本,0.0,6.0,0.0,1.0
道,0.0,6.0,0.0,1.0
坚军,0.0,6.0,0.0,1.0
影响力,0.0,6.0,0.0,1.0
五大,0.0,6.0,0.0,1.0
概念股,0.0,3.0,0.0,1.0
因素,0.0,33.0,0.0,1.0
钵,0.0,15.0,0.0,1.0
申报,0.0,6.0,0.0,1.0
22.64,0.0,3.0,0.0,1.0
48000,0.0,9.0,0.0,1.0
一路,0.0,48.0,0.0,1.0
5.56,0.0,3.0,0.0,1.0
千评,0.0,6.0,0.0,1.0
一飞冲天,0.0,3.0,0.0,1.0
1501831295704,0.0,3.0,0.0,1.0
前一天,0.0,9.0,0.0,1.0
能力,0.0,47.0,0.0,1.0
高歌,0.0,3.0,0.0,1.0
莫属,0.0,3.0,0.0,1.0
仅,0.0,24.0,0.0,1.0
跌掉,0.0,3.0,0.0,1.0
GS21,0.0,9.0,0.0,1.0
任何,0.0,21.0,0.0,1.0
营业,0.0,51.0,0.0,1.0
显现,0.0,3.0,0.0,1.0
没法,0.0,3.0,0.0,1.0
湖南,0.0,3.0,0.0,1.0
共计,0.0,9.0,0.0,1.0
很强,0.0,6.0,0.0,1.0
浙江,0.0,6.0,0.0,1.0
否认,0.0,3.0,0.0,1.0
落寞,0.0,12.0,0.0,1.0
鳄,0.0,15.0,0.0,1.0
运营商,0.0,12.0,0.0,1.0
最近,0.0,24.0,0.0,1.0
提出,0.0,3.0,0.0,1.0
crawl,0.0,3.0,0.0,1.0
完善,0.0,9.0,0.0,1.0
才,0.0,39.0,0.0,1.0
智,6.0,6.0,0.5,0.5
引发,0.0,9.0,0.0,1.0
近一年来,0.0,3.0,0.0,1.0
试图,0.0,9.0,0.0,1.0
情形,0.0,3.0,0.0,1.0
上面,0.0,3.0,0.0,1.0
收购,0.0,135.0,0.0,1.0
前,0.0,93.0,0.0,1.0
存在,0.0,50.0,0.0,1.0
程序员,0.0,9.0,0.0,1.0
烈火烹油,0.0,3.0,0.0,1.0
K,0.0,21.0,0.0,1.0
default,0.0,6.0,0.0,1.0
稳健,0.0,3.0,0.0,1.0
办事处,0.0,3.0,0.0,1.0
着重,0.0,3.0,0.0,1.0
提示性,0.0,6.0,0.0,1.0
洋相,0.0,6.0,0.0,1.0
违法,0.0,108.0,0.0,1.0
资产,0.0,57.0,0.0,1.0
明确,0.0,6.0,0.0,1.0
先机,0.0,3.0,0.0,1.0
百亿,0.0,3.0,0.0,1.0
禁售,0.0,6.0,0.0,1.0
义无反顾,0.0,3.0,0.0,1.0
机会,0.0,12.0,0.0,1.0
强调,0.0,6.0,0.0,1.0
同期,0.0,36.0,0.0,1.0
模式,0.0,36.0,0.0,1.0
总经理,0.0,36.0,0.0,1.0
zzeLM2IvXlRibSjeVvw1s3wiaLIeic53zcHHXzOD7kh4ibmp0J9E7ibGwibxWVCgXMrGnfDh5EBoytT9Arqw0PMftaDw,0.0,3.0,0.0,1.0
掌趣,0.0,3.0,0.0,1.0
波动,0.0,15.0,0.0,1.0
第一股,0.0,48.0,0.0,1.0
抛弃,0.0,12.0,0.0,1.0
机构,0.0,123.0,0.0,1.0
变革,0.0,6.0,0.0,1.0
集合竞价,0.0,3.0,0.0,1.0
就职,0.0,3.0,0.0,1.0
众多,0.0,15.0,0.0,1.0
无关,0.0,60.0,0.0,1.0
认为,0.0,24.0,0.0,1.0
40,0.0,63.0,0.0,1.0
财经网,0.0,3.0,0.0,1.0
因,0.0,42.0,0.0,1.0
但仅,0.0,15.0,0.0,1.0
本周一,0.0,3.0,0.0,1.0
东莞,0.0,3.0,0.0,1.0
多一点,0.0,6.0,0.0,1.0
约,0.0,12.0,0.0,1.0
模块,3.0,0.0,1.0,0.0
价为,0.0,3.0,0.0,1.0
2015,0.0,372.0,0.0,1.0
甜头,0.0,3.0,0.0,1.0
陈炽昌于,0.0,6.0,0.0,1.0
龙虎榜,0.0,15.0,0.0,1.0
今后,0.0,3.0,0.0,1.0
结合,0.0,6.0,0.0,1.0
破灭,0.0,6.0,0.0,1.0
障碍,0.0,3.0,0.0,1.0
个人简历,0.0,3.0,0.0,1.0
索然无味,0.0,3.0,0.0,1.0
深圳证券交易所,0.0,6.0,0.0,1.0
时间,0.0,90.0,0.0,1.0
雪上加霜,0.0,3.0,0.0,1.0
涌入,0.0,3.0,0.0,1.0
方面,0.0,48.0,0.0,1.0
涨涨跌跌,0.0,3.0,0.0,1.0
契机,0.0,6.0,0.0,1.0
思讯,0.0,3.0,0.0,1.0
偏居,0.0,3.0,0.0,1.0
经营,0.0,105.0,0.0,1.0
07LucasEDU,0.0,3.0,0.0,1.0
上演,0.0,3.0,0.0,1.0
股息,0.0,3.0,0.0,1.0
·,0.0,6.0,0.0,1.0
朱银双,0.0,3.0,0.0,1.0
谋求,0.0,3.0,0.0,1.0
进入,0.0,15.0,0.0,1.0
诞生,0.0,6.0,0.0,1.0
行业,0.0,27.0,0.0,1.0
人事,0.0,6.0,0.0,1.0
千载难逢,0.0,3.0,0.0,1.0
教育部,0.0,39.0,0.0,1.0
回头,0.0,3.0,0.0,1.0
网为,0.0,3.0,0.0,1.0
20,0.0,39.0,0.0,1.0
坠落,0.0,6.0,0.0,1.0
日前,0.0,9.0,0.0,1.0
5iyo,0.0,3.0,0.0,1.0
明星,0.0,18.0,0.0,1.0
细数,0.0,6.0,0.0,1.0
领域,1.0,39.0,0.025,0.975
行,0.0,3.0,0.0,1.0
有限公司,1.0,72.0,0.0136986301369863,0.9863013698630136
改善,0.0,11.0,0.0,1.0
撇清,0.0,12.0,0.0,1.0
易信,0.0,3.0,0.0,1.0
构建,0.0,6.0,0.0,1.0
私募,0.0,3.0,0.0,1.0
任,0.0,18.0,0.0,1.0
该,4.0,66.0,0.05714285714285714,0.9428571428571428
之外,0.0,18.0,0.0,1.0
走势图,0.0,3.0,0.0,1.0
参观,0.0,6.0,0.0,1.0
林森,3.0,3.0,0.5,0.5
阴跌,0.0,3.0,0.0,1.0
巡视员,0.0,3.0,0.0,1.0
流通股,0.0,3.0,0.0,1.0
中证网,0.0,3.0,0.0,1.0
毕竟,0.0,6.0,0.0,1.0
集团,7.0,45.0,0.1346153846153846,0.8653846153846154
屡次,0.0,6.0,0.0,1.0
收录,3.0,0.0,1.0,0.0
15000,0.0,3.0,0.0,1.0
成交量,0.0,6.0,0.0,1.0
自由,0.0,3.0,0.0,1.0
评估,3.0,15.0,0.16666666666666666,0.8333333333333334
短信,0.0,6.0,0.0,1.0
讲,0.0,6.0,0.0,1.0
比例,0.0,66.0,0.0,1.0
竞争,0.0,33.0,0.0,1.0
走下坡路,0.0,3.0,0.0,1.0
不仅,0.0,21.0,0.0,1.0
信息,3.0,276.0,0.010752688172043012,0.989247311827957
近半年,0.0,6.0,0.0,1.0
特殊,0.0,3.0,0.0,1.0
130.73,0.0,3.0,0.0,1.0
业内人士,0.0,9.0,0.0,1.0
爱龙,0.0,3.0,0.0,1.0
大笔,0.0,3.0,0.0,1.0
回复,0.0,12.0,0.0,1.0
牛市,0.0,21.0,0.0,1.0
广州,0.0,3.0,0.0,1.0
好景,0.0,3.0,0.0,1.0
摔,0.0,3.0,0.0,1.0
含义,0.0,6.0,0.0,1.0
热,0.0,3.0,0.0,1.0
沈右,0.0,3.0,0.0,1.0
6.1,0.0,6.0,0.0,1.0
平等,0.0,3.0,0.0,1.0
5.05,0.0,3.0,0.0,1.0
用户数,0.0,15.0,0.0,1.0
达成,3.0,18.0,0.14285714285714285,0.8571428571428571
资源,0.0,3.0,0.0,1.0
之后,0.0,108.0,0.0,1.0
违规,0.0,147.0,0.0,1.0
着力,0.0,3.0,0.0,1.0
指数,0.0,3.0,0.0,1.0
主打,0.0,6.0,0.0,1.0
徘徊,0.0,6.0,0.0,1.0
1.59,0.0,3.0,0.0,1.0
飙涨,0.0,24.0,0.0,1.0
合同书,0.0,3.0,0.0,1.0
佼佼者,1.0,0.0,1.0,0.0
颁奖典礼,0.0,18.0,0.0,1.0
定制,3.0,0.0,1.0,0.0
辅以,0.0,3.0,0.0,1.0
发达,0.0,3.0,0.0,1.0
块钱,0.0,3.0,0.0,1.0
一半,0.0,6.0,0.0,1.0
而且,0.0,6.0,0.0,1.0
paperdata,0.0,6.0,0.0,1.0
反转,0.0,12.0,0.0,1.0
繁华,0.0,3.0,0.0,1.0
受到,0.0,12.0,0.0,1.0
减持,0.0,219.0,0.0,1.0
全省,0.0,3.0,0.0,1.0
名义,0.0,3.0,0.0,1.0
鉴于,0.0,6.0,0.0,1.0
老大,0.0,6.0,0.0,1.0
大户,0.0,3.0,0.0,1.0
牵头,0.0,3.0,0.0,1.0
640.67,0.0,12.0,0.0,1.0
发光,0.0,6.0,0.0,1.0
保卫战,0.0,9.0,0.0,1.0
在于,0.0,9.0,0.0,1.0
由盛,0.0,3.0,0.0,1.0
锁定,0.0,3.0,0.0,1.0
未,0.0,24.0,0.0,1.0
已缩水,0.0,12.0,0.0,1.0
事儿,0.0,3.0,0.0,1.0
股灾,0.0,3.0,0.0,1.0
2010,0.0,33.0,0.0,1.0
高管,0.0,18.0,0.0,1.0
al,0.0,3.0,0.0,1.0
施一公,0.0,3.0,0.0,1.0
陈炽昌及,0.0,3.0,0.0,1.0
SZ,0.0,42.0,0.0,1.0
寻迹,0.0,3.0,0.0,1.0
人们,0.0,3.0,0.0,1.0
左右,0.0,30.0,0.0,1.0
持仓,0.0,3.0,0.0,1.0
缝隙,0.0,9.0,0.0,1.0
突破,0.0,21.0,0.0,1.0
pg,0.0,3.0,0.0,1.0
澄海,6.0,0.0,1.0,0.0
files,0.0,3.0,0.0,1.0
自全通,0.0,3.0,0.0,1.0
居前,0.0,3.0,0.0,1.0
变现,0.0,3.0,0.0,1.0
证券市场,0.0,3.0,0.0,1.0
81.51,0.0,9.0,0.0,1.0
接触,0.0,3.0,0.0,1.0
公司,1.0,758.0,0.0013175230566534915,0.9986824769433466
进,0.0,3.0,0.0,1.0
股亿安,0.0,3.0,0.0,1.0
拟以,0.0,6.0,0.0,1.0
一旦,0.0,6.0,0.0,1.0
出来,0.0,6.0,0.0,1.0
裸泳,0.0,33.0,0.0,1.0
finance,0.0,6.0,0.0,1.0
X,0.0,3.0,0.0,1.0
碎裂,0.0,3.0,0.0,1.0
jzqsp2016,0.0,3.0,0.0,1.0
招标,0.0,6.0,0.0,1.0
合并,0.0,24.0,0.0,1.0
379,0.0,9.0,0.0,1.0
增至,0.0,3.0,0.0,1.0
两年,0.0,126.0,0.0,1.0
度,0.0,3.0,0.0,1.0
记录,3.0,3.0,0.5,0.5
合作,3.0,12.0,0.2,0.8
协同,3.0,9.0,0.25,0.75
尾市,0.0,3.0,0.0,1.0
屡,0.0,3.0,0.0,1.0
期内,0.0,9.0,0.0,1.0
每日,0.0,3.0,0.0,1.0
哪个,0.0,3.0,0.0,1.0
各项,0.0,9.0,0.0,1.0
G,0.0,9.0,0.0,1.0
图,0.0,9.0,0.0,1.0
翻阅,0.0,3.0,0.0,1.0
