日,0.0,15.0,0.0,1.0
受到,0.0,3.0,0.0,1.0
5,0.0,21.0,0.0,1.0
0.57,0.0,12.0,0.0,1.0
中标,0.0,27.0,0.0,1.0
营业,0.0,3.0,0.0,1.0
天铁,0.0,6.0,0.0,1.0
亏损,0.0,30.0,0.0,1.0
立即,0.0,3.0,0.0,1.0
2334,0.0,3.0,0.0,1.0
高斯,0.0,3.0,0.0,1.0
赛车,0.0,27.0,0.0,1.0
对,0.0,3.0,0.0,1.0
厦门,0.0,3.0,0.0,1.0
300587,0.0,3.0,0.0,1.0
更大,0.0,12.0,0.0,1.0
jrjimg,0.0,3.0,0.0,1.0
显示,0.0,3.0,0.0,1.0
智慧,0.0,3.0,0.0,1.0
创意,0.0,6.0,0.0,1.0
月,0.0,18.0,0.0,1.0
196,0.0,3.0,0.0,1.0
300616,0.0,3.0,0.0,1.0
/,0.0,18.0,0.0,1.0
263,0.0,3.0,0.0,1.0
.,0.0,9.0,0.0,1.0
元,0.0,27.0,0.0,1.0
丝路,0.0,3.0,0.0,1.0
皮鞋,0.0,6.0,0.0,1.0
http,0.0,3.0,0.0,1.0
每股,0.0,12.0,0.0,1.0
工服,0.0,6.0,0.0,1.0
环保,0.0,3.0,0.0,1.0
通知书,0.0,12.0,0.0,1.0
网站,0.0,3.0,0.0,1.0
:,0.0,3.0,0.0,1.0
签订,0.0,3.0,0.0,1.0
产生,0.0,3.0,0.0,1.0
78.185,0.0,3.0,0.0,1.0
18,0.0,9.0,0.0,1.0
是,0.0,12.0,0.0,1.0
被装,0.0,3.0,0.0,1.0
宅配,0.0,15.0,0.0,1.0
汇纳,0.0,6.0,0.0,1.0
电气,0.0,3.0,0.0,1.0
 ,0.0,27.0,0.0,1.0
称,0.0,6.0,0.0,1.0
三晖,0.0,3.0,0.0,1.0
>,0.0,3.0,0.0,1.0
员工,0.0,6.0,0.0,1.0
收益,0.0,12.0,0.0,1.0
买入,0.0,3.0,0.0,1.0
已,0.0,3.0,0.0,1.0
发来,0.0,9.0,0.0,1.0
pngdata,0.0,3.0,0.0,1.0
合同,0.0,6.0,0.0,1.0
光科,0.0,3.0,0.0,1.0
万元,0.0,15.0,0.0,1.0
中,0.0,6.0,0.0,1.0
2019,0.0,3.0,0.0,1.0
300579,0.0,3.0,0.0,1.0
416,0.0,3.0,0.0,1.0
收到,0.0,9.0,0.0,1.0
IMAGE,0.0,3.0,0.0,1.0
贝尔,0.0,3.0,0.0,1.0
国际航空,0.0,9.0,0.0,1.0
股份,0.0,15.0,0.0,1.0
300591,0.0,15.0,0.0,1.0
经营,0.0,3.0,0.0,1.0
角度看,0.0,3.0,0.0,1.0
kpic,0.0,3.0,0.0,1.0
包男,0.0,3.0,0.0,1.0
1.02,0.0,12.0,0.0,1.0
两,0.0,3.0,0.0,1.0
经,0.0,3.0,0.0,1.0
495,0.0,3.0,0.0,1.0
位,0.0,3.0,0.0,1.0
占,0.0,3.0,0.0,1.0
项目,0.0,18.0,0.0,1.0
行业,0.0,3.0,0.0,1.0
一,0.0,12.0,0.0,1.0
今年,0.0,15.0,0.0,1.0
5730,0.0,3.0,0.0,1.0
分别,0.0,18.0,0.0,1.0
新股,0.0,15.0,0.0,1.0
有限公司,0.0,9.0,0.0,1.0
107.08,0.0,3.0,0.0,1.0
合计,0.0,3.0,0.0,1.0
两家,0.0,12.0,0.0,1.0
年,0.0,9.0,0.0,1.0
总金额,0.0,3.0,0.0,1.0
事故,0.0,12.0,0.0,1.0
<,0.0,3.0,0.0,1.0
2.25,0.0,3.0,0.0,1.0
300556,0.0,3.0,0.0,1.0
数字,0.0,3.0,0.0,1.0
降幅,0.0,6.0,0.0,1.0
237,0.0,3.0,0.0,1.0
cn,0.0,3.0,0.0,1.0
发布公告,0.0,3.0,0.0,1.0
png,0.0,3.0,0.0,1.0
积极,0.0,3.0,0.0,1.0
影响,0.0,6.0,0.0,1.0
还有,0.0,3.0,0.0,1.0
业绩,0.0,6.0,0.0,1.0
前,0.0,3.0,0.0,1.0
德创,0.0,3.0,0.0,1.0
视觉,0.0,3.0,0.0,1.0
日讯,0.0,3.0,0.0,1.0
其中,0.0,12.0,0.0,1.0
从,0.0,3.0,0.0,1.0
　,0.0,72.0,0.0,1.0
=,0.0,3.0,0.0,1.0
为,0.0,18.0,0.0,1.0
1354,0.0,3.0,0.0,1.0
年度,0.0,6.0,0.0,1.0
记者,0.0,3.0,0.0,1.0
!,0.0,3.0,0.0,1.0
说,0.0,12.0,0.0,1.0
幅度,0.0,12.0,0.0,1.0
71.35,0.0,3.0,0.0,1.0
1353.7,0.0,3.0,0.0,1.0
华凯,0.0,6.0,0.0,1.0
■,0.0,3.0,0.0,1.0
查看,0.0,3.0,0.0,1.0
现将,0.0,3.0,0.0,1.0
讯,0.0,6.0,0.0,1.0
300557,0.0,3.0,0.0,1.0
将,0.0,3.0,0.0,1.0
1353,0.0,6.0,0.0,1.0
如何,0.0,3.0,0.0,1.0
300609,0.0,3.0,0.0,1.0
思齐特,0.0,3.0,0.0,1.0
2016,0.0,3.0,0.0,1.0
pic430,0.0,3.0,0.0,1.0
季报,0.0,12.0,0.0,1.0
个股,0.0,3.0,0.0,1.0
装具,0.0,6.0,0.0,1.0
科技,0.0,6.0,0.0,1.0
顾问,0.0,3.0,0.0,1.0
采购,0.0,15.0,0.0,1.0
证券网,0.0,3.0,0.0,1.0
6825,0.0,3.0,0.0,1.0
于,0.0,6.0,0.0,1.0
第,0.0,3.0,0.0,1.0
544,0.0,3.0,0.0,1.0
chart,0.0,3.0,0.0,1.0
）,0.0,33.0,0.0,1.0
%,0.0,18.0,0.0,1.0
金额,0.0,3.0,0.0,1.0
投资,0.0,3.0,0.0,1.0
马失前蹄,0.0,12.0,0.0,1.0
审计,0.0,3.0,0.0,1.0
国航,0.0,9.0,0.0,1.0
(,0.0,33.0,0.0,1.0
中证网,0.0,3.0,0.0,1.0
（,0.0,30.0,0.0,1.0
实施,0.0,3.0,0.0,1.0
天洋,0.0,3.0,0.0,1.0
物资,0.0,3.0,0.0,1.0
上市,0.0,15.0,0.0,1.0
表示,0.0,3.0,0.0,1.0
3,0.0,3.0,0.0,1.0
正,0.0,3.0,0.0,1.0
万,0.0,27.0,0.0,1.0
中国,0.0,12.0,0.0,1.0
总收入,0.0,3.0,0.0,1.0
季节性,0.0,3.0,0.0,1.0
84.24,0.0,3.0,0.0,1.0
万里,0.0,63.0,0.0,1.0
左右,0.0,3.0,0.0,1.0
理工,0.0,3.0,0.0,1.0
),0.0,33.0,0.0,1.0
有关,0.0,3.0,0.0,1.0
172.45,0.0,3.0,0.0,1.0
、,0.0,66.0,0.0,1.0
除思特奇,0.0,3.0,0.0,1.0
夏子航,0.0,3.0,0.0,1.0
上海,0.0,3.0,0.0,1.0
465,0.0,3.0,0.0,1.0
公告,0.0,6.0,0.0,1.0
第一季度,0.0,3.0,0.0,1.0
操作,0.0,3.0,0.0,1.0
尚品,0.0,15.0,0.0,1.0
公司,0.0,18.0,0.0,1.0
以及,0.0,3.0,0.0,1.0
力盛,0.0,27.0,0.0,1.0
刚,0.0,12.0,0.0,1.0
本,0.0,3.0,0.0,1.0
马,0.0,63.0,0.0,1.0
SRC,0.0,3.0,0.0,1.0
五大,0.0,3.0,0.0,1.0
配外,0.0,3.0,0.0,1.0
车毁人亡,0.0,12.0,0.0,1.0
而思特奇,0.0,12.0,0.0,1.0
而是,0.0,12.0,0.0,1.0
2017,0.0,12.0,0.0,1.0
情况,0.0,3.0,0.0,1.0
午间,0.0,9.0,0.0,1.0
-,0.0,54.0,0.0,1.0
19,0.0,9.0,0.0,1.0
公,0.0,3.0,0.0,1.0
后市,0.0,3.0,0.0,1.0
和尚,0.0,3.0,0.0,1.0
行情,0.0,3.0,0.0,1.0
79,0.0,3.0,0.0,1.0
认证,0.0,3.0,0.0,1.0
变脸,0.0,24.0,0.0,1.0
顺利,0.0,3.0,0.0,1.0
金融界,0.0,3.0,0.0,1.0
300592,0.0,3.0,0.0,1.0
告知,0.0,3.0,0.0,1.0
品宅,0.0,3.0,0.0,1.0
陶丹,0.0,3.0,0.0,1.0
亏,0.0,3.0,0.0,1.0
