日,36.0,0.0,1.0,0.0
拥护,6.0,0.0,1.0,0.0
agreement,3.0,0.0,1.0,0.0
加上,3.0,0.0,1.0,0.0
TPP,36.0,0.0,1.0,0.0
西太平洋,9.0,0.0,1.0,0.0
结合部,3.0,0.0,1.0,0.0
585.59,0.0,3.0,0.0,1.0
提及,3.0,0.0,1.0,0.0
一切,3.0,0.0,1.0,0.0
铁路运输,3.0,0.0,1.0,0.0
RCEP,9.0,0.0,1.0,0.0
5500,6.0,0.0,1.0,0.0
其实,0.0,3.0,0.0,1.0
489,0.0,3.0,0.0,1.0
完成,3.0,0.0,1.0,0.0
颠覆,3.0,0.0,1.0,0.0
重返,9.0,0.0,1.0,0.0
亚细安,6.0,0.0,1.0,0.0
国境,3.0,0.0,1.0,0.0
同比,3.0,12.0,0.2,0.8
2,12.0,9.0,0.5714285714285714,0.42857142857142855
优先,3.0,0.0,1.0,0.0
某骏,0.0,3.0,0.0,1.0
此次,3.0,0.0,1.0,0.0
环保,0.0,3.0,0.0,1.0
!,6.0,0.0,1.0,0.0
:,12.0,6.0,0.6666666666666666,0.3333333333333333
西南,0.0,3.0,0.0,1.0
2013,0.0,3.0,0.0,1.0
承认,3.0,0.0,1.0,0.0
拦截,3.0,0.0,1.0,0.0
抬头,3.0,0.0,1.0,0.0
年销量,3.0,0.0,1.0,0.0
导弹,6.0,0.0,1.0,0.0
继续,0.0,3.0,0.0,1.0
某川张,0.0,3.0,0.0,1.0
当地,9.0,0.0,1.0,0.0
吉姆,3.0,0.0,1.0,0.0
没想,3.0,0.0,1.0,0.0
保险产品,3.0,0.0,1.0,0.0
科蒂,3.0,0.0,1.0,0.0
货运,6.0,0.0,1.0,0.0
情报,3.0,0.0,1.0,0.0
光大,0.0,3.0,0.0,1.0
员工,3.0,0.0,1.0,0.0
秘书,0.0,3.0,0.0,1.0
利益,0.0,3.0,0.0,1.0
官方,3.0,0.0,1.0,0.0
同为,3.0,0.0,1.0,0.0
1.5,0.0,3.0,0.0,1.0
601377,0.0,3.0,0.0,1.0
接受,3.0,0.0,1.0,0.0
原,3.0,0.0,1.0,0.0
世界,6.0,0.0,1.0,0.0
中朝美,3.0,0.0,1.0,0.0
华为,9.0,0.0,1.0,0.0
基础设施,3.0,0.0,1.0,0.0
地方,6.0,0.0,1.0,0.0
允许,3.0,0.0,1.0,0.0
全球化,3.0,0.0,1.0,0.0
10,6.0,9.0,0.4,0.6
股份,0.0,34.0,0.0,1.0
华夏,3.0,0.0,1.0,0.0
蒙,3.0,0.0,1.0,0.0
跑,6.0,0.0,1.0,0.0
出,3.0,0.0,1.0,0.0
自营,0.0,3.0,0.0,1.0
尚未,3.0,3.0,0.5,0.5
金红利,0.0,3.0,0.0,1.0
来自,9.0,0.0,1.0,0.0
周岚,0.0,3.0,0.0,1.0
哈里斯,21.0,0.0,1.0,0.0
90,3.0,0.0,1.0,0.0
听到,3.0,0.0,1.0,0.0
1.75,3.0,3.0,0.5,0.5
议员,9.0,0.0,1.0,0.0
西亚,3.0,0.0,1.0,0.0
风驰电掣,3.0,0.0,1.0,0.0
各个,3.0,0.0,1.0,0.0
135.07,0.0,6.0,0.0,1.0
日本政府,3.0,0.0,1.0,0.0
智能手机,6.0,0.0,1.0,0.0
片约,3.0,0.0,1.0,0.0
框架,1.0,0.0,1.0,0.0
挫折,3.0,0.0,1.0,0.0
获批,3.0,0.0,1.0,0.0
山东半岛,3.0,0.0,1.0,0.0
较,3.0,6.0,0.3333333333333333,0.6666666666666666
货币政策,3.0,0.0,1.0,0.0
总部,6.0,0.0,1.0,0.0
0.68,0.0,3.0,0.0,1.0
管理,15.0,15.0,0.5,0.5
次之,0.0,3.0,0.0,1.0
7,3.0,0.0,1.0,0.0
参加,3.0,0.0,1.0,0.0
段,3.0,0.0,1.0,0.0
争端,3.0,0.0,1.0,0.0
兴业,0.0,3.0,0.0,1.0
条,6.0,0.0,1.0,0.0
共和党,6.0,0.0,1.0,0.0
增速,3.0,3.0,0.5,0.5
军工,0.0,3.0,0.0,1.0
不到,0.0,3.0,0.0,1.0
发展,6.0,6.0,0.5,0.5
当时,3.0,0.0,1.0,0.0
放弃,9.0,0.0,1.0,0.0
此事,3.0,0.0,1.0,0.0
=,12.0,0.0,1.0,0.0
贵阳,3.0,0.0,1.0,0.0
搏击,3.0,0.0,1.0,0.0
2000,3.0,0.0,1.0,0.0
600558,6.0,0.0,1.0,0.0
哈里,6.0,0.0,1.0,0.0
身上,3.0,0.0,1.0,0.0
载货量,9.0,0.0,1.0,0.0
其次,6.0,0.0,1.0,0.0
研究员,3.0,0.0,1.0,0.0
专业,3.0,0.0,1.0,0.0
周岚以,0.0,3.0,0.0,1.0
想当年,3.0,0.0,1.0,0.0
保已,3.0,0.0,1.0,0.0
消息,3.0,0.0,1.0,0.0
生态,3.0,0.0,1.0,0.0
601318,3.0,0.0,1.0,0.0
都,15.0,0.0,1.0,0.0
d3b835b97fca255a,3.0,0.0,1.0,0.0
如何,6.0,0.0,1.0,0.0
近,6.0,3.0,0.6666666666666666,0.3333333333333333
转而,0.0,3.0,0.0,1.0
用途,0.0,14.0,0.0,1.0
加强,3.0,0.0,1.0,0.0
造成,0.0,3.0,0.0,1.0
营销,3.0,0.0,1.0,0.0
去,3.0,0.0,1.0,0.0
日称,3.0,0.0,1.0,0.0
休闲,0.0,3.0,0.0,1.0
途中,3.0,0.0,1.0,0.0
陷入,3.0,0.0,1.0,0.0
补给舰,6.0,0.0,1.0,0.0
政府,24.0,0.0,1.0,0.0
核,3.0,0.0,1.0,0.0
强烈,3.0,0.0,1.0,0.0
马尼拉,3.0,0.0,1.0,0.0
采访,3.0,0.0,1.0,0.0
弱势,3.0,0.0,1.0,0.0
披露,0.0,3.0,0.0,1.0
开航,3.0,0.0,1.0,0.0
超过,15.0,9.0,0.625,0.375
地震带,9.0,0.0,1.0,0.0
李长伟,0.0,3.0,0.0,1.0
超,3.0,0.0,1.0,0.0
000750,0.0,6.0,0.0,1.0
低于,3.0,0.0,1.0,0.0
杭州,0.0,3.0,0.0,1.0
运输,1.0,0.0,1.0,0.0
直升机,6.0,0.0,1.0,0.0
45,3.0,0.0,1.0,0.0
开通,9.0,0.0,1.0,0.0
东来,3.0,0.0,1.0,0.0
冲绳,3.0,0.0,1.0,0.0
比仅,3.0,0.0,1.0,0.0
效率,0.0,3.0,0.0,1.0
监管,0.0,6.0,0.0,1.0
特别,0.0,3.0,0.0,1.0
行动,6.0,0.0,1.0,0.0
高风险,3.0,0.0,1.0,0.0
增长,36.0,12.0,0.75,0.25
行政命令,6.0,0.0,1.0,0.0
603227,0.0,3.0,0.0,1.0
贝壳,3.0,0.0,1.0,0.0
神剧,3.0,0.0,1.0,0.0
创了,3.0,0.0,1.0,0.0
摒弃,6.0,0.0,1.0,0.0
虾,3.0,0.0,1.0,0.0
海底,3.0,0.0,1.0,0.0
协调,3.0,0.0,1.0,0.0
科学,3.0,0.0,1.0,0.0
状态,3.0,0.0,1.0,0.0
独占,0.0,3.0,0.0,1.0
远东,3.0,0.0,1.0,0.0
旗下,3.0,0.0,1.0,0.0
美好,0.0,3.0,0.0,1.0
岛国,3.0,0.0,1.0,0.0
公告,0.0,3.0,0.0,1.0
战胜,3.0,0.0,1.0,0.0
它强,3.0,0.0,1.0,0.0
部分,6.0,17.0,0.2608695652173913,0.7391304347826086
弹药,3.0,0.0,1.0,0.0
美国国务院,6.0,0.0,1.0,0.0
填权行情,0.0,3.0,0.0,1.0
上将,3.0,0.0,1.0,0.0
班列,3.0,0.0,1.0,0.0
》,21.0,9.0,0.7,0.3
早已,3.0,0.0,1.0,0.0
准,3.0,0.0,1.0,0.0
均衡,3.0,3.0,0.5,0.5
189085225,3.0,0.0,1.0,0.0
频,3.0,0.0,1.0,0.0
持股,0.0,3.0,0.0,1.0
12,12.0,0.0,1.0,0.0
会,6.0,0.0,1.0,0.0
一种,3.0,0.0,1.0,0.0
设,3.0,0.0,1.0,0.0
推动,6.0,0.0,1.0,0.0
此种,3.0,0.0,1.0,0.0
内地,9.0,0.0,1.0,0.0
顾问,3.0,0.0,1.0,0.0
半岛,6.0,0.0,1.0,0.0
深山老林,3.0,0.0,1.0,0.0
纳入,3.0,0.0,1.0,0.0
中国,54.0,3.0,0.9473684210526315,0.05263157894736842
之旅,6.0,0.0,1.0,0.0
日数,3.0,0.0,1.0,0.0
股权,0.0,3.0,0.0,1.0
挣钱,0.0,9.0,0.0,1.0
铁路,18.0,0.0,1.0,0.0
向上,0.0,3.0,0.0,1.0
中心,3.0,0.0,1.0,0.0
6.67,0.0,3.0,0.0,1.0
000686,0.0,3.0,0.0,1.0
媒体,3.0,0.0,1.0,0.0
政治,3.0,0.0,1.0,0.0
宝座,0.0,3.0,0.0,1.0
对,39.0,6.0,0.8666666666666667,0.13333333333333333
国情,3.0,0.0,1.0,0.0
对话,3.0,0.0,1.0,0.0
797e7eb4325cb029,3.0,0.0,1.0,0.0
年报,0.0,9.0,0.0,1.0
外,3.0,0.0,1.0,0.0
月,36.0,15.0,0.7058823529411765,0.29411764705882354
人,9.0,0.0,1.0,0.0
消失,0.0,3.0,0.0,1.0
几类,0.0,3.0,0.0,1.0
建投,0.0,3.0,0.0,1.0
Harris,9.0,0.0,1.0,0.0
首席,3.0,3.0,0.5,0.5
波斯湾,3.0,0.0,1.0,0.0
收益,9.0,0.0,1.0,0.0
报道,6.0,0.0,1.0,0.0
转正,0.0,3.0,0.0,1.0
宙斯,6.0,0.0,1.0,0.0
国际友人,3.0,0.0,1.0,0.0
不受,3.0,0.0,1.0,0.0
笔者,3.0,0.0,1.0,0.0
区域性,3.0,0.0,1.0,0.0
凯利,6.0,0.0,1.0,0.0
指挥部,3.0,0.0,1.0,0.0
汽车行业,3.0,0.0,1.0,0.0
—,18.0,12.0,0.6,0.4
以下,0.0,10.0,0.0,1.0
路线,0.0,3.0,0.0,1.0
贸易,9.0,0.0,1.0,0.0
大降,0.0,3.0,0.0,1.0
波罗的海,1.0,0.0,1.0,0.0
伤害,6.0,0.0,1.0,0.0
通信,0.0,3.0,0.0,1.0
森,3.0,0.0,1.0,0.0
500,6.0,0.0,1.0,0.0
食品,0.0,3.0,0.0,1.0
成功,3.0,0.0,1.0,0.0
华林,0.0,3.0,0.0,1.0
荣誉,3.0,0.0,1.0,0.0
+,3.0,0.0,1.0,0.0
经济圈,6.0,0.0,1.0,0.0
http,12.0,0.0,1.0,0.0
两个,0.0,3.0,0.0,1.0
内部,9.0,0.0,1.0,0.0
之大,3.0,0.0,1.0,0.0
监事会,0.0,3.0,0.0,1.0
森林,3.0,0.0,1.0,0.0
明显,3.0,0.0,1.0,0.0
基本上,0.0,3.0,0.0,1.0
分配利润,0.0,3.0,0.0,1.0
事务,12.0,0.0,1.0,0.0
泛华,3.0,0.0,1.0,0.0
2016,15.0,14.0,0.5172413793103449,0.4827586206896552
0.1,0.0,3.0,0.0,1.0
欧,3.0,0.0,1.0,0.0
签署,12.0,0.0,1.0,0.0
考虑,6.0,0.0,1.0,0.0
林超贤,3.0,0.0,1.0,0.0
三方,3.0,0.0,1.0,0.0
后,15.0,3.0,0.8333333333333334,0.16666666666666666
收容,3.0,0.0,1.0,0.0
后半程,3.0,0.0,1.0,0.0
坚硬,3.0,0.0,1.0,0.0
创造,3.0,0.0,1.0,0.0
前往,3.0,0.0,1.0,0.0
大使,3.0,0.0,1.0,0.0
之,3.0,0.0,1.0,0.0
城市,3.0,0.0,1.0,0.0
快乐,3.0,0.0,1.0,0.0
南翼,3.0,0.0,1.0,0.0
建设性,3.0,0.0,1.0,0.0
大型,3.0,0.0,1.0,0.0
Trump,6.0,0.0,1.0,0.0
占,9.0,3.0,0.75,0.25
熊晓鸽,3.0,0.0,1.0,0.0
陈建,3.0,0.0,1.0,0.0
强大,3.0,0.0,1.0,0.0
高原,3.0,0.0,1.0,0.0
时,9.0,0.0,1.0,0.0
并且,6.0,0.0,1.0,0.0
几乎,6.0,0.0,1.0,0.0
强硬,3.0,0.0,1.0,0.0
267.79,0.0,3.0,0.0,1.0
雅芳,3.0,0.0,1.0,0.0
大量,6.0,0.0,1.0,0.0
填权,0.0,9.0,0.0,1.0
承担,3.0,0.0,1.0,0.0
来说,3.0,0.0,1.0,0.0
跨,42.0,0.0,1.0,0.0
分化,0.0,3.0,0.0,1.0
下达,3.0,0.0,1.0,0.0
提交,3.0,0.0,1.0,0.0
保护,6.0,0.0,1.0,0.0
对朝,3.0,0.0,1.0,0.0
宋旻淳,3.0,0.0,1.0,0.0
券商,0.0,21.0,0.0,1.0
锦龙,0.0,6.0,0.0,1.0
中央,3.0,0.0,1.0,0.0
创业投资,3.0,0.0,1.0,0.0
含税,0.0,9.0,0.0,1.0
视频,3.0,0.0,1.0,0.0
留置,3.0,0.0,1.0,0.0
强劲,3.0,0.0,1.0,0.0
排挤,3.0,0.0,1.0,0.0
显扬,3.0,0.0,1.0,0.0
派发,0.0,3.0,0.0,1.0
对比,0.0,3.0,0.0,1.0
68,0.0,3.0,0.0,1.0
团队,3.0,0.0,1.0,0.0
一步,3.0,0.0,1.0,0.0
拉尼,3.0,0.0,1.0,0.0
大洋,3.0,0.0,1.0,0.0
化,3.0,0.0,1.0,0.0
区域,9.0,0.0,1.0,0.0
Barack,3.0,0.0,1.0,0.0
新型,3.0,0.0,1.0,0.0
F16,3.0,0.0,1.0,0.0
国务卿,12.0,0.0,1.0,0.0
可以,6.0,0.0,1.0,0.0
当然,3.0,0.0,1.0,0.0
亲口,3.0,0.0,1.0,0.0
体,3.0,0.0,1.0,0.0
相继,3.0,0.0,1.0,0.0
国际品牌,3.0,0.0,1.0,0.0
利率,3.0,0.0,1.0,0.0
现金,3.0,3.0,0.5,0.5
运到,3.0,0.0,1.0,0.0
之际,3.0,0.0,1.0,0.0
必要,6.0,3.0,0.6666666666666666,0.3333333333333333
接拍,3.0,0.0,1.0,0.0
出资,3.0,0.0,1.0,0.0
Initiative,6.0,0.0,1.0,0.0
对岸,3.0,0.0,1.0,0.0
：,15.0,9.0,0.625,0.375
创立,3.0,0.0,1.0,0.0
一路,9.0,0.0,1.0,0.0
发言人,3.0,0.0,1.0,0.0
期,0.0,3.0,0.0,1.0
真实,3.0,0.0,1.0,0.0
Donald,3.0,0.0,1.0,0.0
希尔,3.0,0.0,1.0,0.0
增长率,0.0,3.0,0.0,1.0
）,207.0,124.0,0.6253776435045317,0.37462235649546827
广泛性,3.0,0.0,1.0,0.0
希望,3.0,0.0,1.0,0.0
保持,6.0,0.0,1.0,0.0
降水,3.0,0.0,1.0,0.0
投资,15.0,3.0,0.8333333333333334,0.16666666666666666
养家,3.0,0.0,1.0,0.0
正在,9.0,0.0,1.0,0.0
通胀,6.0,0.0,1.0,0.0
通不过,3.0,0.0,1.0,0.0
单价,3.0,0.0,1.0,0.0
8,12.0,0.0,1.0,0.0
形成,1.0,0.0,1.0,0.0
难民,9.0,0.0,1.0,0.0
延伸,3.0,0.0,1.0,0.0
突破,3.0,0.0,1.0,0.0
繁荣,3.0,0.0,1.0,0.0
人类,3.0,0.0,1.0,0.0
联盟,3.0,0.0,1.0,0.0
上市,3.0,18.0,0.14285714285714285,0.8571428571428571
挑战,3.0,0.0,1.0,0.0
委员会,3.0,0.0,1.0,0.0
建立,12.0,0.0,1.0,0.0
鸟,3.0,0.0,1.0,0.0
哈萨克斯坦,3.0,0.0,1.0,0.0
扶持,3.0,3.0,0.5,0.5
发表声明,3.0,0.0,1.0,0.0
附近,6.0,0.0,1.0,0.0
天目,0.0,3.0,0.0,1.0
四国,3.0,0.0,1.0,0.0
同花顺,3.0,0.0,1.0,0.0
三板,0.0,3.0,0.0,1.0
阻止,6.0,0.0,1.0,0.0
韩,9.0,0.0,1.0,0.0
这事,3.0,0.0,1.0,0.0
中程,3.0,0.0,1.0,0.0
仅,0.0,3.0,0.0,1.0
詹姆斯,3.0,0.0,1.0,0.0
两人,3.0,0.0,1.0,0.0
分布,3.0,0.0,1.0,0.0
次官,3.0,0.0,1.0,0.0
公布,0.0,3.0,0.0,1.0
002673,0.0,9.0,0.0,1.0
营业部,0.0,12.0,0.0,1.0
第一次,3.0,0.0,1.0,0.0
资中,3.0,0.0,1.0,0.0
中银,0.0,2.0,0.0,1.0
58.06,0.0,3.0,0.0,1.0
基本,4.0,0.0,1.0,0.0
汇合,3.0,0.0,1.0,0.0
前三甲,3.0,0.0,1.0,0.0
不安,3.0,0.0,1.0,0.0
一个,12.0,3.0,0.8,0.2
两处,3.0,0.0,1.0,0.0
奥马哈,9.0,0.0,1.0,0.0
明林,0.0,3.0,0.0,1.0
成型,3.0,0.0,1.0,0.0
没有,12.0,0.0,1.0,0.0
联系,3.0,0.0,1.0,0.0
舰载,3.0,0.0,1.0,0.0
叫,9.0,0.0,1.0,0.0
亚洲,33.0,0.0,1.0,0.0
422.52,0.0,3.0,0.0,1.0
此前,9.0,0.0,1.0,0.0
新西兰,6.0,0.0,1.0,0.0
00218,0.0,3.0,0.0,1.0
今天,3.0,0.0,1.0,0.0
力推,3.0,0.0,1.0,0.0
现在,3.0,0.0,1.0,0.0
实力雄厚,3.0,0.0,1.0,0.0
1860,3.0,0.0,1.0,0.0
飞抵,3.0,0.0,1.0,0.0
实践,6.0,0.0,1.0,0.0
IDG,3.0,0.0,1.0,0.0
逃出,3.0,0.0,1.0,0.0
业务,6.0,9.0,0.4,0.6
高薪,0.0,3.0,0.0,1.0
来看,3.0,0.0,1.0,0.0
路子,3.0,0.0,1.0,0.0
小麦,3.0,0.0,1.0,0.0
令,3.0,0.0,1.0,0.0
尺度,3.0,0.0,1.0,0.0
东南亚,9.0,0.0,1.0,0.0
存在,0.0,3.0,0.0,1.0
属于,0.0,3.0,0.0,1.0
泰,0.0,3.0,0.0,1.0
公积金,0.0,3.0,0.0,1.0
辗转,3.0,0.0,1.0,0.0
得到,6.0,0.0,1.0,0.0
驻美,3.0,0.0,1.0,0.0
红塔,0.0,3.0,0.0,1.0
逻辑,3.0,0.0,1.0,0.0
铁路网,3.0,0.0,1.0,0.0
龙江,1.0,0.0,1.0,0.0
朝鲜,12.0,0.0,1.0,0.0
佐佐江贤,3.0,0.0,1.0,0.0
产品,3.0,0.0,1.0,0.0
过,15.0,0.0,1.0,0.0
世外桃源,3.0,0.0,1.0,0.0
甚至,9.0,3.0,0.75,0.25
前,15.0,18.0,0.45454545454545453,0.5454545454545454
中国外交部,3.0,0.0,1.0,0.0
丹麦,18.0,0.0,1.0,0.0
46,6.0,0.0,1.0,0.0
人寿,6.0,0.0,1.0,0.0
或者,3.0,0.0,1.0,0.0
化纤,0.0,3.0,0.0,1.0
债券,9.0,3.0,0.75,0.25
以上,6.0,3.0,0.6666666666666666,0.3333333333333333
Obama,3.0,0.0,1.0,0.0
真正,3.0,0.0,1.0,0.0
所谓,6.0,0.0,1.0,0.0
电视,3.0,0.0,1.0,0.0
难有,3.0,0.0,1.0,0.0
地处,6.0,0.0,1.0,0.0
万人,3.0,0.0,1.0,0.0
配置,3.0,0.0,1.0,0.0
十,6.0,0.0,1.0,0.0
重要,12.0,0.0,1.0,0.0
Trans,6.0,0.0,1.0,0.0
文山,0.0,3.0,0.0,1.0
爱国者,3.0,0.0,1.0,0.0
项目,6.0,0.0,1.0,0.0
握手,3.0,0.0,1.0,0.0
大同,0.0,3.0,0.0,1.0
大气,3.0,0.0,1.0,0.0
大幅,3.0,0.0,1.0,0.0
夏威夷,9.0,0.0,1.0,0.0
交流,3.0,0.0,1.0,0.0
听,3.0,0.0,1.0,0.0
已,15.0,3.0,0.8333333333333334,0.16666666666666666
简称,6.0,4.0,0.6,0.4
长,3.0,0.0,1.0,0.0
区,6.0,0.0,1.0,0.0
埋,3.0,0.0,1.0,0.0
多个,0.0,3.0,0.0,1.0
耒阳,6.0,0.0,1.0,0.0
发生,3.0,3.0,0.5,0.5
300033,3.0,0.0,1.0,0.0
财务总监,0.0,6.0,0.0,1.0
足球,3.0,0.0,1.0,0.0
钢铁,0.0,3.0,0.0,1.0
贡献,3.0,0.0,1.0,0.0
0.30,0.0,3.0,0.0,1.0
提出,18.0,0.0,1.0,0.0
1.96,0.0,3.0,0.0,1.0
核心,3.0,0.0,1.0,0.0
集结,0.0,3.0,0.0,1.0
子公司,3.0,0.0,1.0,0.0
两,3.0,0.0,1.0,0.0
高,0.0,6.0,0.0,1.0
倡议,9.0,0.0,1.0,0.0
蒜泥,3.0,0.0,1.0,0.0
一筹莫展,3.0,0.0,1.0,0.0
彭顺,3.0,0.0,1.0,0.0
之下,0.0,3.0,0.0,1.0
推崇,3.0,0.0,1.0,0.0
比例,3.0,3.0,0.5,0.5
西太平洋地区,3.0,0.0,1.0,0.0
6,3.0,3.0,0.5,0.5
纯,3.0,0.0,1.0,0.0
相金,3.0,0.0,1.0,0.0
加息,6.0,0.0,1.0,0.0
交易中心,3.0,0.0,1.0,0.0
最终,3.0,0.0,1.0,0.0
环能,0.0,6.0,0.0,1.0
充分,3.0,0.0,1.0,0.0
专注,3.0,0.0,1.0,0.0
引入,3.0,0.0,1.0,0.0
宣布,15.0,0.0,1.0,0.0
58,0.0,3.0,0.0,1.0
其,9.0,6.0,0.6,0.4
进行,9.0,0.0,1.0,0.0
 ,120.0,312.0,0.2777777777777778,0.7222222222222222
覆盖,18.0,0.0,1.0,0.0
徐克,3.0,0.0,1.0,0.0
核查,0.0,11.0,0.0,1.0
降幅,0.0,3.0,0.0,1.0
全年,3.0,0.0,1.0,0.0
重生,3.0,0.0,1.0,0.0
马斯克,3.0,0.0,1.0,0.0
仍,9.0,0.0,1.0,0.0
cn,12.0,0.0,1.0,0.0
合法利益,0.0,3.0,0.0,1.0
声明,3.0,0.0,1.0,0.0
上海证券交易所,0.0,3.0,0.0,1.0
直言,3.0,0.0,1.0,0.0
密切,3.0,0.0,1.0,0.0
眼前,3.0,0.0,1.0,0.0
优化,0.0,3.0,0.0,1.0
航空,3.0,0.0,1.0,0.0
便,6.0,0.0,1.0,0.0
John,6.0,0.0,1.0,0.0
2.47,0.0,3.0,0.0,1.0
设备,0.0,3.0,0.0,1.0
千人,3.0,0.0,1.0,0.0
关于,3.0,5.0,0.375,0.625
云南,0.0,12.0,0.0,1.0
捕食者,6.0,0.0,1.0,0.0
局局长,3.0,0.0,1.0,0.0
模式,3.0,0.0,1.0,0.0
月底,3.0,0.0,1.0,0.0
某子,0.0,3.0,0.0,1.0
中国社会科学院,3.0,0.0,1.0,0.0
耶伦,3.0,0.0,1.0,0.0
合计,3.0,0.0,1.0,0.0
审查,3.0,0.0,1.0,0.0
龙,3.0,0.0,1.0,0.0
部长,6.0,0.0,1.0,0.0
文森号,3.0,0.0,1.0,0.0
年度,0.0,6.0,0.0,1.0
年均,3.0,0.0,1.0,0.0
遭,3.0,0.0,1.0,0.0
创新,0.0,3.0,0.0,1.0
研究所,6.0,0.0,1.0,0.0
乌兹别克斯坦,3.0,0.0,1.0,0.0
相,3.0,0.0,1.0,0.0
新一代,3.0,0.0,1.0,0.0
法国,6.0,0.0,1.0,0.0
11,12.0,0.0,1.0,0.0
而言,6.0,0.0,1.0,0.0
年内,0.0,6.0,0.0,1.0
定制,3.0,0.0,1.0,0.0
周期,0.0,3.0,0.0,1.0
包括,3.0,3.0,0.5,0.5
蚝,21.0,0.0,1.0,0.0
华创,0.0,3.0,0.0,1.0
新任,3.0,0.0,1.0,0.0
据,15.0,0.0,1.0,0.0
季报,0.0,3.0,0.0,1.0
军,3.0,0.0,1.0,0.0
李晓明,0.0,3.0,0.0,1.0
辣椒酱,3.0,0.0,1.0,0.0
127,3.0,0.0,1.0,0.0
联储,3.0,3.0,0.5,0.5
极为,3.0,0.0,1.0,0.0
需要,6.0,0.0,1.0,0.0
许多,6.0,0.0,1.0,0.0
59.54,0.0,3.0,0.0,1.0
出售,3.0,0.0,1.0,0.0
采购,3.0,0.0,1.0,0.0
股,16.0,6.0,0.7272727272727273,0.2727272727272727
办法,0.0,6.0,0.0,1.0
科委,3.0,0.0,1.0,0.0
发表,0.0,3.0,0.0,1.0
上海,9.0,3.0,0.75,0.25
贸易逆差,3.0,0.0,1.0,0.0
生活,3.0,0.0,1.0,0.0
官员,3.0,0.0,1.0,0.0
几年,3.0,0.0,1.0,0.0
证据,3.0,0.0,1.0,0.0
山西,0.0,6.0,0.0,1.0
酒,3.0,0.0,1.0,0.0
一侧,6.0,0.0,1.0,0.0
入侵,6.0,0.0,1.0,0.0
1993,3.0,0.0,1.0,0.0
穿越,3.0,0.0,1.0,0.0
油气,9.0,0.0,1.0,0.0
实施,6.0,0.0,1.0,0.0
工具,3.0,0.0,1.0,0.0
.,45.0,3.0,0.9375,0.0625
回报,3.0,0.0,1.0,0.0
服装,0.0,3.0,0.0,1.0
负责,12.0,0.0,1.0,0.0
特斯拉,3.0,0.0,1.0,0.0
规范性,0.0,3.0,0.0,1.0
中方,3.0,0.0,1.0,0.0
600210,0.0,3.0,0.0,1.0
消息人士,3.0,0.0,1.0,0.0
谷阳,0.0,3.0,0.0,1.0
生存,3.0,0.0,1.0,0.0
撤出,3.0,0.0,1.0,0.0
南太平洋,15.0,0.0,1.0,0.0
去年,6.0,0.0,1.0,0.0
健身房,3.0,0.0,1.0,0.0
运作,3.0,0.0,1.0,0.0
提高,0.0,3.0,0.0,1.0
一辆,3.0,0.0,1.0,0.0
美海军,3.0,0.0,1.0,0.0
屈居,0.0,3.0,0.0,1.0
建筑,0.0,3.0,0.0,1.0
进程,3.0,0.0,1.0,0.0
发明,3.0,0.0,1.0,0.0
局,3.0,0.0,1.0,0.0
建造,3.0,0.0,1.0,0.0
运动,12.0,0.0,1.0,0.0
下,9.0,3.0,0.75,0.25
过境,3.0,0.0,1.0,0.0
上市公司,0.0,21.0,0.0,1.0
运营,3.0,0.0,1.0,0.0
限,3.0,0.0,1.0,0.0
收入,3.0,3.0,0.5,0.5
作者,3.0,0.0,1.0,0.0
年前,3.0,0.0,1.0,0.0
辛克,3.0,0.0,1.0,0.0
情况,6.0,3.0,0.6666666666666666,0.3333333333333333
72.3,3.0,0.0,1.0,0.0
、,145.0,186.0,0.4380664652567976,0.5619335347432024
铀,3.0,0.0,1.0,0.0
应对,3.0,0.0,1.0,0.0
奥巴马,12.0,0.0,1.0,0.0
筠,3.0,0.0,1.0,0.0
东吴,0.0,3.0,0.0,1.0
划定,3.0,0.0,1.0,0.0
还有,0.0,3.0,0.0,1.0
但,18.0,0.0,1.0,0.0
统一规划,3.0,0.0,1.0,0.0
国瑞,0.0,3.0,0.0,1.0
万元,0.0,30.0,0.0,1.0
半程,3.0,0.0,1.0,0.0
夜间,6.0,0.0,1.0,0.0
任何人,3.0,0.0,1.0,0.0
展开,3.0,0.0,1.0,0.0
PBOC,0.0,3.0,0.0,1.0
亚太,9.0,0.0,1.0,0.0
航母,6.0,0.0,1.0,0.0
技术,6.0,0.0,1.0,0.0
一条,3.0,0.0,1.0,0.0
基督教,3.0,0.0,1.0,0.0
运费,3.0,0.0,1.0,0.0
蒋某,0.0,3.0,0.0,1.0
长期,0.0,3.0,0.0,1.0
分析,3.0,0.0,1.0,0.0
概念,3.0,0.0,1.0,0.0
更大,3.0,0.0,1.0,0.0
安全,3.0,0.0,1.0,0.0
洪涝,3.0,0.0,1.0,0.0
16,0.0,3.0,0.0,1.0
困难,3.0,0.0,1.0,0.0
深度,6.0,0.0,1.0,0.0
整车,3.0,0.0,1.0,0.0
491.10,0.0,3.0,0.0,1.0
生,21.0,0.0,1.0,0.0
方向,3.0,0.0,1.0,0.0
铁骑,3.0,0.0,1.0,0.0
助理,12.0,0.0,1.0,0.0
最红,3.0,0.0,1.0,0.0
游泳池,3.0,0.0,1.0,0.0
黄赌,3.0,0.0,1.0,0.0
南海,12.0,0.0,1.0,0.0
政策,9.0,3.0,0.75,0.25
雪峰,0.0,3.0,0.0,1.0
稳定,3.0,0.0,1.0,0.0
反舰,3.0,0.0,1.0,0.0
Union,3.0,0.0,1.0,0.0
显示,3.0,0.0,1.0,0.0
img,12.0,0.0,1.0,0.0
0.8,0.0,3.0,0.0,1.0
首先,3.0,0.0,1.0,0.0
焦点,3.0,0.0,1.0,0.0
常务理事,6.0,0.0,1.0,0.0
大导,3.0,0.0,1.0,0.0
计划,15.0,6.0,0.7142857142857143,0.2857142857142857
204,0.0,3.0,0.0,1.0
台州市,0.0,3.0,0.0,1.0
姜锡柱,3.0,0.0,1.0,0.0
沿岸,4.0,0.0,1.0,0.0
好,0.0,6.0,0.0,1.0
一项,3.0,0.0,1.0,0.0
市场,18.0,0.0,1.0,0.0
高送,0.0,6.0,0.0,1.0
攀冰,3.0,0.0,1.0,0.0
99,3.0,0.0,1.0,0.0
墨菲,3.0,0.0,1.0,0.0
其余,0.0,3.0,0.0,1.0
加州,3.0,0.0,1.0,0.0
从,18.0,6.0,0.75,0.25
干线,3.0,0.0,1.0,0.0
Partnership,6.0,0.0,1.0,0.0
紧急,3.0,0.0,1.0,0.0
驱逐舰,6.0,0.0,1.0,0.0
<,12.0,0.0,1.0,0.0
背,6.0,0.0,1.0,0.0
警惕,3.0,0.0,1.0,0.0
同意,3.0,3.0,0.5,0.5
规定,0.0,3.0,0.0,1.0
最初,9.0,0.0,1.0,0.0
架,3.0,0.0,1.0,0.0
战斗机,3.0,0.0,1.0,0.0
股派,0.0,3.0,0.0,1.0
俄罗斯外交部,3.0,0.0,1.0,0.0
上升,6.0,0.0,1.0,0.0
旅游,12.0,0.0,1.0,0.0
崔天凯,3.0,0.0,1.0,0.0
东润,0.0,6.0,0.0,1.0
06,3.0,0.0,1.0,0.0
亚非,3.0,0.0,1.0,0.0
Squid,3.0,0.0,1.0,0.0
因,6.0,0.0,1.0,0.0
Bobtail,3.0,0.0,1.0,0.0
com,3.0,0.0,1.0,0.0
伴,3.0,0.0,1.0,0.0
9515.51,0.0,3.0,0.0,1.0
主要,6.0,0.0,1.0,0.0
称为,9.0,0.0,1.0,0.0
防御,3.0,0.0,1.0,0.0
一,3.0,3.0,0.5,0.5
今年,0.0,3.0,0.0,1.0
此后,3.0,0.0,1.0,0.0
市场份额,6.0,0.0,1.0,0.0
卖出,3.0,0.0,1.0,0.0
率团,3.0,0.0,1.0,0.0
自卫队,3.0,0.0,1.0,0.0
谈,3.0,0.0,1.0,0.0
进口,6.0,0.0,1.0,0.0
降雨,3.0,0.0,1.0,0.0
打开,3.0,0.0,1.0,0.0
贝类,3.0,0.0,1.0,0.0
全部,3.0,0.0,1.0,0.0
thsi,9.0,0.0,1.0,0.0
>,18.0,0.0,1.0,0.0
更显,3.0,0.0,1.0,0.0
原因,3.0,3.0,0.5,0.5
县,3.0,0.0,1.0,0.0
上线,3.0,0.0,1.0,0.0
中共党员,3.0,0.0,1.0,0.0
有利于,0.0,3.0,0.0,1.0
号,6.0,9.0,0.4,0.6
成为,12.0,9.0,0.5714285714285714,0.42857142857142855
601997,3.0,0.0,1.0,0.0
双边贸易,3.0,0.0,1.0,0.0
必要条件,0.0,3.0,0.0,1.0
一系列,3.0,0.0,1.0,0.0
行将,3.0,0.0,1.0,0.0
上年,9.0,0.0,1.0,0.0
同时,6.0,0.0,1.0,0.0
Limfjord,6.0,0.0,1.0,0.0
30,3.0,0.0,1.0,0.0
601628,3.0,0.0,1.0,0.0
在,144.0,24.0,0.8571428571428571,0.14285714285714285
活跃,6.0,0.0,1.0,0.0
开业,3.0,0.0,1.0,0.0
净收入,0.0,3.0,0.0,1.0
主席,3.0,0.0,1.0,0.0
海洋,3.0,0.0,1.0,0.0
特朗普,33.0,0.0,1.0,0.0
数据,12.0,3.0,0.8,0.2
多家,3.0,3.0,0.5,0.5
不幸,3.0,0.0,1.0,0.0
陈可辛,3.0,0.0,1.0,0.0
发布,6.0,3.0,0.6666666666666666,0.3333333333333333
东北,0.0,3.0,0.0,1.0
资金,3.0,23.0,0.11538461538461539,0.8846153846153846
股本,0.0,3.0,0.0,1.0
0.17,0.0,3.0,0.0,1.0
Stability,6.0,0.0,1.0,0.0
10.9,3.0,0.0,1.0,0.0
会谈,6.0,0.0,1.0,0.0
伯灵顿,3.0,0.0,1.0,0.0
记者会,3.0,0.0,1.0,0.0
谈判,3.0,0.0,1.0,0.0
比重,0.0,3.0,0.0,1.0
名单,0.0,9.0,0.0,1.0
事项,0.0,3.0,0.0,1.0
履行,0.0,3.0,0.0,1.0
政权,3.0,0.0,1.0,0.0
马拉松,3.0,0.0,1.0,0.0
位居,3.0,6.0,0.3333333333333333,0.6666666666666666
组网,3.0,0.0,1.0,0.0
事务局,3.0,0.0,1.0,0.0
正常,3.0,0.0,1.0,0.0
境外,6.0,0.0,1.0,0.0
高新科技,3.0,0.0,1.0,0.0
大,9.0,3.0,0.75,0.25
配合,3.0,0.0,1.0,0.0
命令,6.0,0.0,1.0,0.0
最高者,0.0,3.0,0.0,1.0
28,3.0,3.0,0.5,0.5
致富,3.0,0.0,1.0,0.0
排名,0.0,9.0,0.0,1.0
经济带,6.0,0.0,1.0,0.0
会议,6.0,0.0,1.0,0.0
领跑,0.0,3.0,0.0,1.0
方面,0.0,3.0,0.0,1.0
次席,0.0,3.0,0.0,1.0
开采权,3.0,0.0,1.0,0.0
三个,3.0,0.0,1.0,0.0
601099,220.0,42.0,0.8396946564885496,0.16030534351145037
圣太菲,3.0,0.0,1.0,0.0
援引,6.0,0.0,1.0,0.0
农,3.0,0.0,1.0,0.0
位置,0.0,3.0,0.0,1.0
全体,0.0,3.0,0.0,1.0
上周五,3.0,0.0,1.0,0.0
SRC,12.0,0.0,1.0,0.0
马信琪,0.0,6.0,0.0,1.0
ly,3.0,0.0,1.0,0.0
明年,3.0,0.0,1.0,0.0
戛然而止,6.0,0.0,1.0,0.0
基地,6.0,0.0,1.0,0.0
有关,3.0,0.0,1.0,0.0
子,0.0,3.0,0.0,1.0
印度洋,3.0,0.0,1.0,0.0
公司,45.0,36.0,0.5555555555555556,0.4444444444444444
未曾,3.0,0.0,1.0,0.0
跌,3.0,0.0,1.0,0.0
让,15.0,0.0,1.0,0.0
看好,3.0,0.0,1.0,0.0
紫江企业,0.0,3.0,0.0,1.0
下跌,3.0,0.0,1.0,0.0
牡蛎,3.0,0.0,1.0,0.0
资源配置,0.0,3.0,0.0,1.0
海,3.0,0.0,1.0,0.0
被,12.0,0.0,1.0,0.0
9,3.0,3.0,0.5,0.5
关注,3.0,0.0,1.0,0.0
势力,3.0,0.0,1.0,0.0
Scott,3.0,0.0,1.0,0.0
中信证券,0.0,3.0,0.0,1.0
第一,0.0,15.0,0.0,1.0
导师,3.0,0.0,1.0,0.0
新加坡,6.0,0.0,1.0,0.0
字,3.0,0.0,1.0,0.0
态势,3.0,0.0,1.0,0.0
记者,3.0,0.0,1.0,0.0
募集,0.0,23.0,0.0,1.0
刘某,0.0,3.0,0.0,1.0
世界银行,3.0,0.0,1.0,0.0
指标,0.0,3.0,0.0,1.0
欧洲,9.0,0.0,1.0,0.0
匆匆,3.0,0.0,1.0,0.0
州,3.0,0.0,1.0,0.0
展现,3.0,0.0,1.0,0.0
经纪,0.0,3.0,0.0,1.0
与会,3.0,0.0,1.0,0.0
除了,3.0,0.0,1.0,0.0
蒂勒,3.0,0.0,1.0,0.0
周边,3.0,0.0,1.0,0.0
工业,0.0,3.0,0.0,1.0
商行,3.0,0.0,1.0,0.0
李某,0.0,3.0,0.0,1.0
601788,0.0,3.0,0.0,1.0
当面,3.0,0.0,1.0,0.0
经贸关系,3.0,0.0,1.0,0.0
一季度,3.0,12.0,0.2,0.8
西部,0.0,12.0,0.0,1.0
资本,3.0,3.0,0.5,0.5
增幅,0.0,3.0,0.0,1.0
郑亚南,0.0,9.0,0.0,1.0
般的,3.0,0.0,1.0,0.0
很,3.0,0.0,1.0,0.0
股东,0.0,12.0,0.0,1.0
赛,3.0,0.0,1.0,0.0
经,0.0,6.0,0.0,1.0
协议,3.0,0.0,1.0,0.0
2.8,0.0,3.0,0.0,1.0
时候,3.0,0.0,1.0,0.0
协定,42.0,0.0,1.0,0.0
年薪,0.0,21.0,0.0,1.0
600109,0.0,3.0,0.0,1.0
海岸线,9.0,0.0,1.0,0.0
净利,0.0,9.0,0.0,1.0
自由贸易,6.0,0.0,1.0,0.0
值得注意,3.0,0.0,1.0,0.0
元,0.0,9.0,0.0,1.0
为首,3.0,0.0,1.0,0.0
广场,3.0,0.0,1.0,0.0
外相,3.0,0.0,1.0,0.0
走廊,3.0,0.0,1.0,0.0
郭子健,3.0,0.0,1.0,0.0
月份,0.0,9.0,0.0,1.0
横跨,4.0,0.0,1.0,0.0
到,27.0,0.0,1.0,0.0
繁盛,3.0,0.0,1.0,0.0
不少,3.0,0.0,1.0,0.0
薪酬,0.0,6.0,0.0,1.0
拥有,3.0,0.0,1.0,0.0
红珊瑚,0.0,3.0,0.0,1.0
肯定,3.0,0.0,1.0,0.0
业务管理,0.0,3.0,0.0,1.0
美,3.0,0.0,1.0,0.0
半边天,3.0,0.0,1.0,0.0
三,0.0,6.0,0.0,1.0
一带,9.0,0.0,1.0,0.0
称,9.0,0.0,1.0,0.0
可行,3.0,0.0,1.0,0.0
战,3.0,0.0,1.0,0.0
需求,3.0,0.0,1.0,0.0
阳光,3.0,0.0,1.0,0.0
行情,42.0,54.0,0.4375,0.5625
前三大,3.0,0.0,1.0,0.0
指挥官,3.0,0.0,1.0,0.0
范围,6.0,0.0,1.0,0.0
消灭,3.0,0.0,1.0,0.0
司令,18.0,0.0,1.0,0.0
李,0.0,3.0,0.0,1.0
行业,6.0,9.0,0.4,0.6
亚,3.0,0.0,1.0,0.0
用品,0.0,3.0,0.0,1.0
法律法规,0.0,3.0,0.0,1.0
33,3.0,0.0,1.0,0.0
大选,6.0,0.0,1.0,0.0
南天信,0.0,3.0,0.0,1.0
中,12.0,42.0,0.2222222222222222,0.7777777777777778
吃货,3.0,0.0,1.0,0.0
备忘录,3.0,0.0,1.0,0.0
49.76,0.0,3.0,0.0,1.0
Musical,3.0,0.0,1.0,0.0
不以,0.0,3.0,0.0,1.0
教授,3.0,0.0,1.0,0.0
水平,3.0,0.0,1.0,0.0
金昌,3.0,0.0,1.0,0.0
舞,3.0,0.0,1.0,0.0
回到,3.0,0.0,1.0,0.0
近海,9.0,0.0,1.0,0.0
类似,3.0,0.0,1.0,0.0
《,21.0,9.0,0.7,0.3
除,3.0,0.0,1.0,0.0
亿美元,3.0,0.0,1.0,0.0
东北亚,3.0,0.0,1.0,0.0
游泳,6.0,0.0,1.0,0.0
又,6.0,6.0,0.5,0.5
射程,3.0,0.0,1.0,0.0
不止一次,3.0,0.0,1.0,0.0
非常,6.0,0.0,1.0,0.0
里,6.0,0.0,1.0,0.0
未来,3.0,0.0,1.0,0.0
Pacific,18.0,0.0,1.0,0.0
一定,3.0,0.0,1.0,0.0
总,9.0,0.0,1.0,0.0
105.93,0.0,3.0,0.0,1.0
阿列克谢耶夫,3.0,0.0,1.0,0.0
寿险,6.0,0.0,1.0,0.0
翁子光,3.0,0.0,1.0,0.0
港股,0.0,6.0,0.0,1.0
日照港,3.0,0.0,1.0,0.0
达到,6.0,3.0,0.6666666666666666,0.3333333333333333
联合,9.0,0.0,1.0,0.0
推进,6.0,0.0,1.0,0.0
呼吁,3.0,0.0,1.0,0.0
国内,9.0,0.0,1.0,0.0
Hawaiian,3.0,0.0,1.0,0.0
代表团,3.0,0.0,1.0,0.0
603883,3.0,0.0,1.0,0.0
业绩,0.0,12.0,0.0,1.0
研究,6.0,6.0,0.5,0.5
案件,3.0,0.0,1.0,0.0
更迭,3.0,0.0,1.0,0.0
多年,3.0,0.0,1.0,0.0
呆,3.0,0.0,1.0,0.0
预期,3.0,0.0,1.0,0.0
迅速,3.0,0.0,1.0,0.0
名为,6.0,0.0,1.0,0.0
研究会,3.0,0.0,1.0,0.0
中称,3.0,0.0,1.0,0.0
ENSO,3.0,0.0,1.0,0.0
帝国主义,3.0,0.0,1.0,0.0
马克,3.0,0.0,1.0,0.0
转增,0.0,3.0,0.0,1.0
相关,3.0,0.0,1.0,0.0
Roman,3.0,0.0,1.0,0.0
盈利,0.0,6.0,0.0,1.0
管理模式,3.0,0.0,1.0,0.0
义务,3.0,0.0,1.0,0.0
体系,4.0,0.0,1.0,0.0
路易斯安那,6.0,0.0,1.0,0.0
澳,3.0,0.0,1.0,0.0
利润,6.0,0.0,1.0,0.0
伟以,0.0,3.0,0.0,1.0
双方,6.0,0.0,1.0,0.0
很多,3.0,0.0,1.0,0.0
向,3.0,0.0,1.0,0.0
西北,6.0,0.0,1.0,0.0
不能,3.0,0.0,1.0,0.0
中科院,3.0,0.0,1.0,0.0
赴,3.0,0.0,1.0,0.0
共同社,6.0,0.0,1.0,0.0
青少年,3.0,0.0,1.0,0.0
核武器,3.0,0.0,1.0,0.0
五角大楼,3.0,0.0,1.0,0.0
韩联社,3.0,0.0,1.0,0.0
系,0.0,3.0,0.0,1.0
其他,18.0,0.0,1.0,0.0
随后,3.0,3.0,0.5,0.5
规模,3.0,0.0,1.0,0.0
先河,6.0,0.0,1.0,0.0
关系,6.0,0.0,1.0,0.0
在外,3.0,0.0,1.0,0.0
赤道,3.0,0.0,1.0,0.0
不难想象,3.0,0.0,1.0,0.0
捞,3.0,0.0,1.0,0.0
官场,3.0,0.0,1.0,0.0
有限责任,0.0,7.0,0.0,1.0
更名,3.0,0.0,1.0,0.0
下战书,3.0,0.0,1.0,0.0
箴言,3.0,0.0,1.0,0.0
自,3.0,0.0,1.0,0.0
32,0.0,3.0,0.0,1.0
前瞻,3.0,0.0,1.0,0.0
打破,3.0,0.0,1.0,0.0
带,7.0,0.0,1.0,0.0
符合,0.0,9.0,0.0,1.0
预计,3.0,0.0,1.0,0.0
基金,9.0,3.0,0.75,0.25
保险公司,9.0,0.0,1.0,0.0
整个,6.0,0.0,1.0,0.0
第一家,3.0,0.0,1.0,0.0
转下,0.0,3.0,0.0,1.0
stability,3.0,0.0,1.0,0.0
维持,9.0,0.0,1.0,0.0
景气,0.0,6.0,0.0,1.0
1.0,0.0,3.0,0.0,1.0
),172.0,96.0,0.6417910447761194,0.3582089552238806
营业,3.0,3.0,0.5,0.5
地区,15.0,0.0,1.0,0.0
保荐,0.0,14.0,0.0,1.0
娜,3.0,0.0,1.0,0.0
Mattis,6.0,0.0,1.0,0.0
金融,6.0,3.0,0.6666666666666666,0.3333333333333333
LVMH,3.0,0.0,1.0,0.0
初,3.0,0.0,1.0,0.0
环比,0.0,18.0,0.0,1.0
拍摄,3.0,0.0,1.0,0.0
号文,3.0,0.0,1.0,0.0
挤进,0.0,3.0,0.0,1.0
聘用,3.0,0.0,1.0,0.0
右,3.0,0.0,1.0,0.0
核力量,3.0,0.0,1.0,0.0
方正,0.0,6.0,0.0,1.0
文件,0.0,3.0,0.0,1.0
企业,15.0,3.0,0.8333333333333334,0.16666666666666666
Harry,9.0,0.0,1.0,0.0
周五,3.0,0.0,1.0,0.0
前排,0.0,3.0,0.0,1.0
某碧王,0.0,3.0,0.0,1.0
10.8,3.0,0.0,1.0,0.0
目前,12.0,3.0,0.8,0.2
2014,3.0,0.0,1.0,0.0
凯撒,6.0,0.0,1.0,0.0
团长,3.0,0.0,1.0,0.0
存单,3.0,0.0,1.0,0.0
补给,3.0,0.0,1.0,0.0
29,0.0,3.0,0.0,1.0
珊瑚礁,3.0,0.0,1.0,0.0
今年初,3.0,0.0,1.0,0.0
吃喝拉撒,3.0,0.0,1.0,0.0
644.88,0.0,6.0,0.0,1.0
跨境,1.0,0.0,1.0,0.0
否决,3.0,0.0,1.0,0.0
表现,0.0,6.0,0.0,1.0
；,15.0,27.0,0.35714285714285715,0.6428571428571429
独立,0.0,3.0,0.0,1.0
McCain,6.0,0.0,1.0,0.0
陆基,3.0,0.0,1.0,0.0
麦凯恩,9.0,0.0,1.0,0.0
游客,3.0,0.0,1.0,0.0
归属,0.0,3.0,0.0,1.0
23,3.0,0.0,1.0,0.0
朝鲜外务省,6.0,0.0,1.0,0.0
消费,0.0,3.0,0.0,1.0
额,3.0,0.0,1.0,0.0
最快,3.0,0.0,1.0,0.0
之一,9.0,0.0,1.0,0.0
使馆,6.0,0.0,1.0,0.0
PIMCO,0.0,3.0,0.0,1.0
净,3.0,0.0,1.0,0.0
亏损,0.0,15.0,0.0,1.0
平安,3.0,0.0,1.0,0.0
职员,3.0,0.0,1.0,0.0
解决方案,3.0,0.0,1.0,0.0
601375,0.0,3.0,0.0,1.0
1000,3.0,0.0,1.0,0.0
05,3.0,3.0,0.5,0.5
滇企,0.0,3.0,0.0,1.0
重新,6.0,0.0,1.0,0.0
西北地区,3.0,0.0,1.0,0.0
撤换,3.0,0.0,1.0,0.0
财务,3.0,0.0,1.0,0.0
决议,6.0,0.0,1.0,0.0
举行,3.0,0.0,1.0,0.0
榜单,3.0,0.0,1.0,0.0
波段,3.0,0.0,1.0,0.0
天方夜谭,3.0,0.0,1.0,0.0
另一侧,3.0,0.0,1.0,0.0
房,3.0,0.0,1.0,0.0
没关系,3.0,0.0,1.0,0.0
70,6.0,0.0,1.0,0.0
谈来,3.0,0.0,1.0,0.0
桂冠,3.0,0.0,1.0,0.0
1.40,0.0,3.0,0.0,1.0
香奈儿,3.0,0.0,1.0,0.0
位于,3.0,0.0,1.0,0.0
彭博,3.0,0.0,1.0,0.0
指示,3.0,0.0,1.0,0.0
丝路,1.0,0.0,1.0,0.0
评估,6.0,0.0,1.0,0.0
创业,3.0,12.0,0.2,0.8
要求,3.0,3.0,0.5,0.5
位,21.0,0.0,1.0,0.0
要,9.0,0.0,1.0,0.0
报告,3.0,0.0,1.0,0.0
沙子,3.0,0.0,1.0,0.0
美股,3.0,0.0,1.0,0.0
小布什,3.0,0.0,1.0,0.0
挤,0.0,3.0,0.0,1.0
主流,6.0,0.0,1.0,0.0
巨额,3.0,0.0,1.0,0.0
大道,0.0,3.0,0.0,1.0
浓缩,3.0,0.0,1.0,0.0
安置,3.0,0.0,1.0,0.0
卡,3.0,0.0,1.0,0.0
情形,3.0,3.0,0.5,0.5
定为,3.0,0.0,1.0,0.0
暂时性,3.0,0.0,1.0,0.0
4,21.0,24.0,0.4666666666666667,0.5333333333333333
一场,3.0,0.0,1.0,0.0
Emergence,3.0,0.0,1.0,0.0
大妈,3.0,0.0,1.0,0.0
15,6.0,3.0,0.6666666666666666,0.3333333333333333
今后,3.0,0.0,1.0,0.0
亿,3.0,3.0,0.5,0.5
长城,0.0,3.0,0.0,1.0
进入,12.0,0.0,1.0,0.0
领域,3.0,3.0,0.5,0.5
瑙鲁,3.0,0.0,1.0,0.0
该,6.0,0.0,1.0,0.0
支持,15.0,0.0,1.0,0.0
如期,3.0,0.0,1.0,0.0
06178,0.0,3.0,0.0,1.0
一家,9.0,6.0,0.6,0.4
终点站,3.0,0.0,1.0,0.0
临时,3.0,0.0,1.0,0.0
强势,0.0,3.0,0.0,1.0
离心机,3.0,0.0,1.0,0.0
负债,12.0,0.0,1.0,0.0
度高,0.0,3.0,0.0,1.0
一半,3.0,3.0,0.5,0.5
建设,3.0,0.0,1.0,0.0
孙立金,3.0,0.0,1.0,0.0
仍然,3.0,0.0,1.0,0.0
普通,0.0,15.0,0.0,1.0
第三次,3.0,0.0,1.0,0.0
刚,0.0,3.0,0.0,1.0
报,3.0,0.0,1.0,0.0
雷达,3.0,0.0,1.0,0.0
财报,6.0,0.0,1.0,0.0
是从,3.0,0.0,1.0,0.0
分别,6.0,9.0,0.4,0.6
两年,3.0,0.0,1.0,0.0
0.33,0.0,3.0,0.0,1.0
内,6.0,0.0,1.0,0.0
刘道,0.0,3.0,0.0,1.0
不足,6.0,0.0,1.0,0.0
000166,0.0,6.0,0.0,1.0
化工原料,0.0,3.0,0.0,1.0
jpg,3.0,0.0,1.0,0.0
另外,3.0,0.0,1.0,0.0
占据,3.0,3.0,0.5,0.5
指引,0.0,3.0,0.0,1.0
大西洋,9.0,0.0,1.0,0.0
人民,3.0,0.0,1.0,0.0
用友,0.0,3.0,0.0,1.0
审议,0.0,3.0,0.0,1.0
民生,0.0,3.0,0.0,1.0
林肯,3.0,0.0,1.0,0.0
丝毫,3.0,0.0,1.0,0.0
学会,3.0,0.0,1.0,0.0
股价,3.0,0.0,1.0,0.0
作为,6.0,5.0,0.5454545454545454,0.45454545454545453
董事会,0.0,6.0,0.0,1.0
九州,0.0,3.0,0.0,1.0
榜,0.0,3.0,0.0,1.0
两家,0.0,3.0,0.0,1.0
学部委员,3.0,0.0,1.0,0.0
变化,3.0,0.0,1.0,0.0
万辆,3.0,0.0,1.0,0.0
航线,12.0,0.0,1.0,0.0
提议,3.0,0.0,1.0,0.0
表外理,3.0,0.0,1.0,0.0
舰船,3.0,0.0,1.0,0.0
持有,0.0,6.0,0.0,1.0
调整,0.0,3.0,0.0,1.0
央行,3.0,3.0,0.5,0.5
煤炭,0.0,3.0,0.0,1.0
欧亚大陆,1.0,0.0,1.0,0.0
世纪,9.0,0.0,1.0,0.0
2003,3.0,0.0,1.0,0.0
起点,3.0,0.0,1.0,0.0
涵盖,3.0,0.0,1.0,0.0
1.2,0.0,3.0,0.0,1.0
驶离,3.0,0.0,1.0,0.0
东端,3.0,0.0,1.0,0.0
化妆品,12.0,0.0,1.0,0.0
诸如,3.0,0.0,1.0,0.0
本土,12.0,0.0,1.0,0.0
其中,0.0,3.0,0.0,1.0
广发,0.0,3.0,0.0,1.0
东亚,15.0,0.0,1.0,0.0
支点,3.0,0.0,1.0,0.0
IFC,3.0,0.0,1.0,0.0
可能,9.0,0.0,1.0,0.0
亚欧大陆桥,6.0,0.0,1.0,0.0
诚泰,3.0,0.0,1.0,0.0
002797,0.0,12.0,0.0,1.0
第二,3.0,3.0,0.5,0.5
中国人民大学,3.0,0.0,1.0,0.0
重点,9.0,0.0,1.0,0.0
澳大利亚,3.0,0.0,1.0,0.0
2017,15.0,0.0,1.0,0.0
根据,9.0,9.0,0.5,0.5
萨德,6.0,0.0,1.0,0.0
产业链,0.0,3.0,0.0,1.0
了解,3.0,0.0,1.0,0.0
状况,3.0,0.0,1.0,0.0
火锅,3.0,0.0,1.0,0.0
风险投资,3.0,0.0,1.0,0.0
大众,3.0,0.0,1.0,0.0
董事,0.0,3.0,0.0,1.0
家财险,3.0,0.0,1.0,0.0
流通股,0.0,9.0,0.0,1.0
名,3.0,0.0,1.0,0.0
这样的话,3.0,0.0,1.0,0.0
无烟煤,3.0,0.0,1.0,0.0
同学,3.0,0.0,1.0,0.0
中小,3.0,6.0,0.3333333333333333,0.6666666666666666
地下,3.0,0.0,1.0,0.0
连结,1.0,0.0,1.0,0.0
副,15.0,0.0,1.0,0.0
季度,0.0,3.0,0.0,1.0
航天,0.0,3.0,0.0,1.0
红利,0.0,3.0,0.0,1.0
受到,6.0,0.0,1.0,0.0
往年,0.0,3.0,0.0,1.0
翻译家,3.0,0.0,1.0,0.0
寻梅,3.0,0.0,1.0,0.0
资源,3.0,0.0,1.0,0.0
同业,9.0,0.0,1.0,0.0
毫不掩饰,3.0,0.0,1.0,0.0
美澳,3.0,0.0,1.0,0.0
远程,3.0,0.0,1.0,0.0
属实,3.0,0.0,1.0,0.0
e,12.0,0.0,1.0,0.0
收视率,3.0,0.0,1.0,0.0
跫,3.0,0.0,1.0,0.0
一起,3.0,0.0,1.0,0.0
爆炸式,3.0,0.0,1.0,0.0
中原,0.0,3.0,0.0,1.0
踏血,3.0,0.0,1.0,0.0
直接,3.0,0.0,1.0,0.0
沿海港口,6.0,0.0,1.0,0.0
002500,0.0,6.0,0.0,1.0
无疑,3.0,0.0,1.0,0.0
遥遥,0.0,3.0,0.0,1.0
嘉手纳,3.0,0.0,1.0,0.0
黄,3.0,3.0,0.5,0.5
一边,3.0,0.0,1.0,0.0
系统,15.0,0.0,1.0,0.0
17,0.0,3.0,0.0,1.0
两大,3.0,0.0,1.0,0.0
跌幅,0.0,15.0,0.0,1.0
执行官,3.0,0.0,1.0,0.0
P,0.0,3.0,0.0,1.0
Jim,6.0,0.0,1.0,0.0
旅客,3.0,0.0,1.0,0.0
第三,3.0,3.0,0.5,0.5
为了,3.0,0.0,1.0,0.0
实际上,6.0,0.0,1.0,0.0
邮轮,12.0,0.0,1.0,0.0
有色金属,0.0,3.0,0.0,1.0
两岸,3.0,0.0,1.0,0.0
还,18.0,0.0,1.0,0.0
问题,6.0,0.0,1.0,0.0
个股,0.0,3.0,0.0,1.0
意见,0.0,11.0,0.0,1.0
高达,0.0,3.0,0.0,1.0
目标,3.0,0.0,1.0,0.0
靠,3.0,0.0,1.0,0.0
并,30.0,3.0,0.9090909090909091,0.09090909090909091
用,3.0,0.0,1.0,0.0
额度,0.0,3.0,0.0,1.0
环境,3.0,0.0,1.0,0.0
香港,6.0,0.0,1.0,0.0
参议员,6.0,0.0,1.0,0.0
估算,6.0,0.0,1.0,0.0
电动汽车,3.0,0.0,1.0,0.0
19,0.0,3.0,0.0,1.0
净利润,0.0,27.0,0.0,1.0
|,3.0,0.0,1.0,0.0
篮球,3.0,0.0,1.0,0.0
信号,3.0,0.0,1.0,0.0
巨擘,3.0,0.0,1.0,0.0
不变,3.0,0.0,1.0,0.0
扩大,6.0,0.0,1.0,0.0
总统,18.0,0.0,1.0,0.0
分配,0.0,3.0,0.0,1.0
请求,3.0,0.0,1.0,0.0
这个,6.0,0.0,1.0,0.0
兼任,3.0,0.0,1.0,0.0
指出,3.0,0.0,1.0,0.0
改编,3.0,0.0,1.0,0.0
稻田,3.0,0.0,1.0,0.0
601901,0.0,6.0,0.0,1.0
共享,3.0,0.0,1.0,0.0
创始,3.0,0.0,1.0,0.0
爱,12.0,0.0,1.0,0.0
危及,9.0,0.0,1.0,0.0
B,0.0,3.0,0.0,1.0
下降,0.0,15.0,0.0,1.0
相对,3.0,0.0,1.0,0.0
这边,3.0,0.0,1.0,0.0
强生,3.0,0.0,1.0,0.0
日本,33.0,0.0,1.0,0.0
朝,6.0,0.0,1.0,0.0
全面,6.0,0.0,1.0,0.0
中银国际,0.0,7.0,0.0,1.0
打水漂,3.0,0.0,1.0,0.0
四,0.0,3.0,0.0,1.0
5,9.0,3.0,0.75,0.25
年,39.0,15.0,0.7222222222222222,0.2777777777777778
吨,6.0,0.0,1.0,0.0
中亚,3.0,0.0,1.0,0.0
/,63.0,0.0,1.0,0.0
国会,3.0,0.0,1.0,0.0
侵略,3.0,0.0,1.0,0.0
偿还,3.0,0.0,1.0,0.0
火锅店,3.0,0.0,1.0,0.0
寻求,3.0,0.0,1.0,0.0
保险,12.0,0.0,1.0,0.0
蒂娜,3.0,0.0,1.0,0.0
周一,3.0,0.0,1.0,0.0
0.46,0.0,3.0,0.0,1.0
分析师,6.0,0.0,1.0,0.0
经济,24.0,3.0,0.8888888888888888,0.1111111111111111
赖,3.0,0.0,1.0,0.0
国海,0.0,9.0,0.0,1.0
横须贺,3.0,0.0,1.0,0.0
Mather,3.0,0.0,1.0,0.0
们,6.0,0.0,1.0,0.0
半年报,0.0,3.0,0.0,1.0
母公司,0.0,6.0,0.0,1.0
丝绸之路,9.0,0.0,1.0,0.0
加速,0.0,3.0,0.0,1.0
亚当斯,3.0,0.0,1.0,0.0
传统,0.0,3.0,0.0,1.0
000712,0.0,3.0,0.0,1.0
把,9.0,3.0,0.75,0.25
这是,9.0,0.0,1.0,0.0
首次,3.0,3.0,0.5,0.5
主权,3.0,0.0,1.0,0.0
北冰洋,6.0,0.0,1.0,0.0
兼,0.0,9.0,0.0,1.0
西往,3.0,0.0,1.0,0.0
还要,3.0,0.0,1.0,0.0
已经,9.0,0.0,1.0,0.0
电力,0.0,3.0,0.0,1.0
由,9.0,0.0,1.0,0.0
爱建,0.0,3.0,0.0,1.0
转,0.0,6.0,0.0,1.0
战略,18.0,3.0,0.8571428571428571,0.14285714285714285
着,12.0,0.0,1.0,0.0
预警,3.0,0.0,1.0,0.0
温顺,3.0,0.0,1.0,0.0
李长,0.0,3.0,0.0,1.0
外交部亚洲司,3.0,0.0,1.0,0.0
许第伟以,0.0,3.0,0.0,1.0
用于,6.0,0.0,1.0,0.0
博士生,3.0,0.0,1.0,0.0
北京,9.0,0.0,1.0,0.0
3,18.0,6.0,0.75,0.25
某个,3.0,0.0,1.0,0.0
起来,6.0,0.0,1.0,0.0
共同,3.0,0.0,1.0,0.0
装备,6.0,0.0,1.0,0.0
出生,3.0,0.0,1.0,0.0
国金,0.0,3.0,0.0,1.0
万亿美元,0.0,6.0,0.0,1.0
活动,9.0,0.0,1.0,0.0
基础,3.0,0.0,1.0,0.0
7084.94,0.0,3.0,0.0,1.0
发货量,6.0,0.0,1.0,0.0
中路,0.0,3.0,0.0,1.0
宏源,0.0,6.0,0.0,1.0
美苏,3.0,0.0,1.0,0.0
原则上,6.0,0.0,1.0,0.0
...,3.0,0.0,1.0,0.0
亚太经济,3.0,0.0,1.0,0.0
确定,3.0,0.0,1.0,0.0
修订,0.0,3.0,0.0,1.0
退出,24.0,0.0,1.0,0.0
面对,6.0,0.0,1.0,0.0
武大伟,3.0,0.0,1.0,0.0
集中,0.0,3.0,0.0,1.0
某贵,0.0,3.0,0.0,1.0
见识,3.0,0.0,1.0,0.0
停滞,3.0,0.0,1.0,0.0
休斯顿,3.0,0.0,1.0,0.0
司令部,18.0,0.0,1.0,0.0
发展趋势,0.0,3.0,0.0,1.0
产险,3.0,0.0,1.0,0.0
过去,0.0,3.0,0.0,1.0
美元,3.0,0.0,1.0,0.0
大海,6.0,0.0,1.0,0.0
帮助,3.0,0.0,1.0,0.0
开发,3.0,0.0,1.0,0.0
具有,3.0,3.0,0.5,0.5
比如,3.0,0.0,1.0,0.0
IMAGE,12.0,0.0,1.0,0.0
正义,3.0,0.0,1.0,0.0
限制,6.0,0.0,1.0,0.0
截止,3.0,0.0,1.0,0.0
物种,6.0,0.0,1.0,0.0
禁令,3.0,0.0,1.0,0.0
下滑,6.0,3.0,0.6666666666666666,0.3333333333333333
1930,3.0,0.0,1.0,0.0
百年,3.0,0.0,1.0,0.0
关岛,3.0,0.0,1.0,0.0
议题,3.0,0.0,1.0,0.0
实现,6.0,0.0,1.0,0.0
主旋律,3.0,0.0,1.0,0.0
社交,3.0,0.0,1.0,0.0
日本外务省,3.0,0.0,1.0,0.0
不会,3.0,0.0,1.0,0.0
俄,3.0,0.0,1.0,0.0
App,3.0,0.0,1.0,0.0
21,9.0,0.0,1.0,0.0
有个,3.0,0.0,1.0,0.0
将会,3.0,0.0,1.0,0.0
亏损额,0.0,3.0,0.0,1.0
核裁军,3.0,0.0,1.0,0.0
一郎,3.0,0.0,1.0,0.0
海报,0.0,3.0,0.0,1.0
位高管,0.0,3.0,0.0,1.0
合作,15.0,0.0,1.0,0.0
对于,3.0,0.0,1.0,0.0
联合国安理会,3.0,0.0,1.0,0.0
高速度,3.0,0.0,1.0,0.0
最,6.0,9.0,0.4,0.6
万美元,12.0,0.0,1.0,0.0
后来,3.0,0.0,1.0,0.0
中信,0.0,3.0,0.0,1.0
讯,3.0,0.0,1.0,0.0
国际性,3.0,0.0,1.0,0.0
将,24.0,0.0,1.0,0.0
近三成,0.0,6.0,0.0,1.0
双降,0.0,3.0,0.0,1.0
周四,6.0,0.0,1.0,0.0
海岛,6.0,0.0,1.0,0.0
更,12.0,0.0,1.0,0.0
省,3.0,0.0,1.0,0.0
下令,3.0,0.0,1.0,0.0
海岸,9.0,0.0,1.0,0.0
降至,3.0,0.0,1.0,0.0
鱿鱼,6.0,0.0,1.0,0.0
惊人,3.0,3.0,0.5,0.5
北方,3.0,0.0,1.0,0.0
决定,6.0,0.0,1.0,0.0
一些,3.0,0.0,1.0,0.0
锁定,3.0,0.0,1.0,0.0
户外,3.0,0.0,1.0,0.0
人士,3.0,0.0,1.0,0.0
网络,0.0,3.0,0.0,1.0
57,3.0,0.0,1.0,0.0
所,6.0,0.0,1.0,0.0
专家,3.0,0.0,1.0,0.0
音,3.0,0.0,1.0,0.0
它会,3.0,0.0,1.0,0.0
大陆,3.0,0.0,1.0,0.0
半导体,0.0,3.0,0.0,1.0
部署,6.0,0.0,1.0,0.0
13,3.0,0.0,1.0,0.0
银河证券,0.0,3.0,0.0,1.0
副局长,3.0,0.0,1.0,0.0
财政部,3.0,0.0,1.0,0.0
股灾,0.0,3.0,0.0,1.0
上,36.0,0.0,1.0,0.0
改由,3.0,0.0,1.0,0.0
成立,6.0,0.0,1.0,0.0
简洁,0.0,3.0,0.0,1.0
巴布亚新几内亚,3.0,0.0,1.0,0.0
邪恶,3.0,0.0,1.0,0.0
北美自由贸易协定,3.0,0.0,1.0,0.0
000776,0.0,3.0,0.0,1.0
证券,6.0,198.0,0.029411764705882353,0.9705882352941176
彼岸,6.0,0.0,1.0,0.0
动能,3.0,0.0,1.0,0.0
发行,6.0,3.0,0.6666666666666666,0.3333333333333333
融资,3.0,0.0,1.0,0.0
护航,6.0,0.0,1.0,0.0
释放,3.0,0.0,1.0,0.0
执行,3.0,0.0,1.0,0.0
7.3,0.0,3.0,0.0,1.0
命运,3.0,0.0,1.0,0.0
之前,3.0,0.0,1.0,0.0
自不必说,3.0,0.0,1.0,0.0
学院,3.0,0.0,1.0,0.0
这部,3.0,0.0,1.0,0.0
均,9.0,6.0,0.6,0.4
北欧国家,3.0,0.0,1.0,0.0
75,3.0,0.0,1.0,0.0
等,39.0,15.0,0.7222222222222222,0.2777777777777778
歌诗达,6.0,0.0,1.0,0.0
第一季度,6.0,0.0,1.0,0.0
上述,0.0,3.0,0.0,1.0
整体,6.0,0.0,1.0,0.0
601555,0.0,3.0,0.0,1.0
调查,3.0,0.0,1.0,0.0
路易斯安那州,3.0,0.0,1.0,0.0
本,3.0,6.0,0.3333333333333333,0.6666666666666666
细致,3.0,0.0,1.0,0.0
影响力,3.0,0.0,1.0,0.0
拿出,3.0,0.0,1.0,0.0
白天,3.0,0.0,1.0,0.0
财产保险,3.0,0.0,1.0,0.0
辖区,3.0,0.0,1.0,0.0
提供,6.0,0.0,1.0,0.0
几家,3.0,0.0,1.0,0.0
地震,3.0,0.0,1.0,0.0
程序,0.0,3.0,0.0,1.0
受欢迎,3.0,0.0,1.0,0.0
各国,3.0,0.0,1.0,0.0
山地,3.0,0.0,1.0,0.0
能力,3.0,0.0,1.0,0.0
预测,6.0,0.0,1.0,0.0
辛苦,3.0,0.0,1.0,0.0
纽储,3.0,0.0,1.0,0.0
策略,3.0,0.0,1.0,0.0
亿元,3.0,33.0,0.08333333333333333,0.9166666666666666
601128,3.0,0.0,1.0,0.0
杨育鉴,0.0,3.0,0.0,1.0
海基,3.0,0.0,1.0,0.0
保险行业,3.0,0.0,1.0,0.0
金穗路,0.0,3.0,0.0,1.0
火车站,3.0,0.0,1.0,0.0
纺织,0.0,3.0,0.0,1.0
至,12.0,0.0,1.0,0.0
左,3.0,0.0,1.0,0.0
汽车,3.0,0.0,1.0,0.0
于,15.0,0.0,1.0,0.0
美军,18.0,0.0,1.0,0.0
浙江,0.0,3.0,0.0,1.0
制定,9.0,0.0,1.0,0.0
韩国外交通商部,3.0,0.0,1.0,0.0
重新启动,3.0,0.0,1.0,0.0
质,3.0,0.0,1.0,0.0
25,6.0,0.0,1.0,0.0
1374.26,0.0,3.0,0.0,1.0
才,3.0,0.0,1.0,0.0
以,6.0,6.0,0.5,0.5
对华,3.0,0.0,1.0,0.0
第三方,3.0,0.0,1.0,0.0
试图,3.0,0.0,1.0,0.0
偏多,3.0,0.0,1.0,0.0
防卫,3.0,0.0,1.0,0.0
知道,3.0,0.0,1.0,0.0
消除,3.0,0.0,1.0,0.0
唯一,3.0,6.0,0.3333333333333333,0.6666666666666666
隔,3.0,0.0,1.0,0.0
18,0.0,3.0,0.0,1.0
工作,3.0,0.0,1.0,0.0
四个,3.0,3.0,0.5,0.5
显著,3.0,3.0,0.5,0.5
稳操胜券,3.0,0.0,1.0,0.0
结构,0.0,3.0,0.0,1.0
会后,3.0,0.0,1.0,0.0
太极拳,3.0,0.0,1.0,0.0
趋于,3.0,0.0,1.0,0.0
资产,9.0,9.0,0.5,0.5
明确,0.0,3.0,0.0,1.0
先机,0.0,3.0,0.0,1.0
这些,12.0,0.0,1.0,0.0
无异议,0.0,3.0,0.0,1.0
强调,3.0,0.0,1.0,0.0
总经理,0.0,6.0,0.0,1.0
短尾,6.0,0.0,1.0,0.0
单纯,3.0,0.0,1.0,0.0
征信,6.0,0.0,1.0,0.0
狂徒,3.0,0.0,1.0,0.0
集合,0.0,6.0,0.0,1.0
送股,0.0,3.0,0.0,1.0
上涨,3.0,0.0,1.0,0.0
是,63.0,15.0,0.8076923076923077,0.19230769230769232
能红过,3.0,0.0,1.0,0.0
正式,3.0,0.0,1.0,0.0
一流,3.0,0.0,1.0,0.0
早年,3.0,0.0,1.0,0.0
华泰,0.0,3.0,0.0,1.0
认为,6.0,3.0,0.6666666666666666,0.3333333333333333
远洋,9.0,0.0,1.0,0.0
接触,3.0,0.0,1.0,0.0
使用,3.0,6.0,0.3333333333333333,0.6666666666666666
达美,3.0,0.0,1.0,0.0
52,0.0,3.0,0.0,1.0
压力,3.0,0.0,1.0,0.0
约,6.0,0.0,1.0,0.0
环,6.0,0.0,1.0,0.0
规划,3.0,3.0,0.5,0.5
府,0.0,3.0,0.0,1.0
2015,0.0,3.0,0.0,1.0
美国,117.0,0.0,1.0,0.0
全球,6.0,3.0,0.6666666666666666,0.3333333333333333
鳌头,0.0,3.0,0.0,1.0
做出,3.0,3.0,0.5,0.5
退休,3.0,0.0,1.0,0.0
捕捉,3.0,0.0,1.0,0.0
结合,3.0,0.0,1.0,0.0
湖南,6.0,0.0,1.0,0.0
X,3.0,0.0,1.0,0.0
回国,3.0,0.0,1.0,0.0
通过,3.0,3.0,0.5,0.5
明以,0.0,3.0,0.0,1.0
损害,0.0,3.0,0.0,1.0
时间,9.0,0.0,1.0,0.0
200,0.0,3.0,0.0,1.0
提升,0.0,3.0,0.0,1.0
宝藏,3.0,0.0,1.0,0.0
小岛,3.0,0.0,1.0,0.0
出现,9.0,15.0,0.375,0.625
东部,3.0,0.0,1.0,0.0
各方,3.0,0.0,1.0,0.0
更进一步,3.0,0.0,1.0,0.0
羽毛球,3.0,0.0,1.0,0.0
经营,6.0,3.0,0.6666666666666666,0.3333333333333333
交汇点,3.0,0.0,1.0,0.0
技援线,3.0,0.0,1.0,0.0
环游,6.0,0.0,1.0,0.0
盾,6.0,0.0,1.0,0.0
银行,18.0,0.0,1.0,0.0
最多,3.0,0.0,1.0,0.0
拒绝,6.0,0.0,1.0,0.0
深南,0.0,3.0,0.0,1.0
副总经理,0.0,9.0,0.0,1.0
偶然性,3.0,0.0,1.0,0.0
地,12.0,0.0,1.0,0.0
增聘,3.0,0.0,1.0,0.0
最大,0.0,3.0,0.0,1.0
间,3.0,0.0,1.0,0.0
LG,3.0,0.0,1.0,0.0
20,9.0,6.0,0.6,0.4
海上,15.0,0.0,1.0,0.0
比,3.0,3.0,0.5,0.5
扩表,3.0,0.0,1.0,0.0
足够,3.0,0.0,1.0,0.0
行,3.0,0.0,1.0,0.0
有限公司,0.0,28.0,0.0,1.0
14,3.0,3.0,0.5,0.5
　,60.0,0.0,1.0,0.0
期待,3.0,0.0,1.0,0.0
置业,0.0,3.0,0.0,1.0
汇报,3.0,0.0,1.0,0.0
账户,0.0,15.0,0.0,1.0
李根,3.0,0.0,1.0,0.0
杠杆,3.0,0.0,1.0,0.0
走,0.0,3.0,0.0,1.0
个,12.0,0.0,1.0,0.0
开行,3.0,0.0,1.0,0.0
申万,0.0,6.0,0.0,1.0
元器件,0.0,3.0,0.0,1.0
合资企业,3.0,0.0,1.0,0.0
负责人,3.0,0.0,1.0,0.0
当属,3.0,0.0,1.0,0.0
欧元,3.0,0.0,1.0,0.0
10.4,0.0,3.0,0.0,1.0
国家,10.0,0.0,1.0,0.0
短期,3.0,0.0,1.0,0.0
转战,3.0,0.0,1.0,0.0
Asia,9.0,0.0,1.0,0.0
集团,18.0,0.0,1.0,0.0
马蒂斯,9.0,0.0,1.0,0.0
100,6.0,0.0,1.0,0.0
年代,3.0,0.0,1.0,0.0
北路,0.0,3.0,0.0,1.0
自由,6.0,0.0,1.0,0.0
驻,3.0,0.0,1.0,0.0
讲,3.0,0.0,1.0,0.0
董事长,0.0,12.0,0.0,1.0
远,0.0,3.0,0.0,1.0
弱,3.0,0.0,1.0,0.0
处于,3.0,0.0,1.0,0.0
a308612bdd017a87,3.0,0.0,1.0,0.0
电子,0.0,3.0,0.0,1.0
hexun,3.0,0.0,1.0,0.0
两国政府,3.0,0.0,1.0,0.0
这一,3.0,0.0,1.0,0.0
周,3.0,0.0,1.0,0.0
大逃杀,3.0,0.0,1.0,0.0
而是,6.0,0.0,1.0,0.0
相结合,3.0,0.0,1.0,0.0
说,9.0,0.0,1.0,0.0
广州,0.0,6.0,0.0,1.0
18.2,3.0,0.0,1.0,0.0
这次,3.0,0.0,1.0,0.0
火烧,3.0,0.0,1.0,0.0
所长,6.0,0.0,1.0,0.0
领土,3.0,0.0,1.0,0.0
达成,6.0,0.0,1.0,0.0
特征,0.0,3.0,0.0,1.0
中东,3.0,0.0,1.0,0.0
之后,9.0,0.0,1.0,0.0
点,3.0,0.0,1.0,0.0
下方,3.0,0.0,1.0,0.0
录得,0.0,3.0,0.0,1.0
指数,3.0,0.0,1.0,0.0
科技,0.0,3.0,0.0,1.0
1.59,0.0,3.0,0.0,1.0
现状,0.0,3.0,0.0,1.0
军事,9.0,0.0,1.0,0.0
上任,3.0,0.0,1.0,0.0
机构,0.0,11.0,0.0,1.0
老百姓,3.0,0.0,1.0,0.0
062b3d1d9f80f1e5,3.0,0.0,1.0,0.0
一九五三年,3.0,0.0,1.0,0.0
NAFTA,3.0,0.0,1.0,0.0
开创,6.0,0.0,1.0,0.0
而且,3.0,0.0,1.0,0.0
两部,3.0,0.0,1.0,0.0
生活馆,3.0,0.0,1.0,0.0
软件,0.0,3.0,0.0,1.0
%,48.0,33.0,0.5925925925925926,0.4074074074074074
国防部长,9.0,0.0,1.0,0.0
0.95,0.0,3.0,0.0,1.0
弹道导弹,3.0,0.0,1.0,0.0
减持,0.0,3.0,0.0,1.0
国际,6.0,0.0,1.0,0.0
组织,6.0,0.0,1.0,0.0
脱不开,3.0,0.0,1.0,0.0
突然,6.0,0.0,1.0,0.0
新,12.0,3.0,0.8,0.2
Pimco,6.0,0.0,1.0,0.0
本地,6.0,0.0,1.0,0.0
(,169.0,81.0,0.676,0.324
施加,3.0,0.0,1.0,0.0
随着,6.0,0.0,1.0,0.0
在于,3.0,0.0,1.0,0.0
红线,6.0,0.0,1.0,0.0
（,207.0,124.0,0.6253776435045317,0.37462235649546827
以来,3.0,0.0,1.0,0.0
入侵者,3.0,0.0,1.0,0.0
变更,0.0,14.0,0.0,1.0
记录,3.0,0.0,1.0,0.0
未,0.0,3.0,0.0,1.0
1,24.0,15.0,0.6153846153846154,0.38461538461538464
表示,9.0,0.0,1.0,0.0
渤,3.0,0.0,1.0,0.0
高管,0.0,9.0,0.0,1.0
中部,3.0,0.0,1.0,0.0
十大,0.0,12.0,0.0,1.0
以及,6.0,6.0,0.5,0.5
司长,3.0,0.0,1.0,0.0
作用,3.0,0.0,1.0,0.0
人们,3.0,0.0,1.0,0.0
左右,3.0,0.0,1.0,0.0
出云,6.0,0.0,1.0,0.0
成员国,6.0,0.0,1.0,0.0
导演,6.0,0.0,1.0,0.0
第,0.0,3.0,0.0,1.0
本次,0.0,9.0,0.0,1.0
合资,3.0,0.0,1.0,0.0
朋美,3.0,0.0,1.0,0.0
文化传媒,0.0,3.0,0.0,1.0
为,33.0,12.0,0.7333333333333333,0.26666666666666666
常熟,3.0,0.0,1.0,0.0
总理,3.0,0.0,1.0,0.0
BNSF,3.0,0.0,1.0,0.0
排名第,3.0,0.0,1.0,0.0
美国参议院,3.0,0.0,1.0,0.0
EmmanuelManny,3.0,0.0,1.0,0.0
否则,3.0,0.0,1.0,0.0
出来,3.0,0.0,1.0,0.0
立夏篇,0.0,3.0,0.0,1.0
买入,42.0,54.0,0.4375,0.5625
姜,3.0,0.0,1.0,0.0
黄岩岛,3.0,0.0,1.0,0.0
太平洋,259.0,102.0,0.7174515235457064,0.28254847645429365
航行,3.0,0.0,1.0,0.0
-,36.0,0.0,1.0,0.0
前十,3.0,0.0,1.0,0.0
石油,3.0,0.0,1.0,0.0
看,0.0,3.0,0.0,1.0
机械,0.0,3.0,0.0,1.0
钻探,9.0,0.0,1.0,0.0
光怪陆离,3.0,0.0,1.0,0.0
直到,3.0,0.0,1.0,0.0
伙伴关系,39.0,0.0,1.0,0.0
深圳,0.0,3.0,0.0,1.0
茉莉,12.0,0.0,1.0,0.0
i0,3.0,0.0,1.0,0.0
海域,3.0,0.0,1.0,0.0
韩国,15.0,0.0,1.0,0.0
