日,6.0,127.0,0.045112781954887216,0.9548872180451128
止,0.0,3.0,0.0,1.0
沿着,0.0,3.0,0.0,1.0
客运,0.0,18.0,0.0,1.0
南宁,0.0,3.0,0.0,1.0
不起,0.0,3.0,0.0,1.0
至,0.0,70.0,0.0,1.0
何时,0.0,3.0,0.0,1.0
钢厂,0.0,3.0,0.0,1.0
Ａ,0.0,3.0,0.0,1.0
优惠政策,0.0,3.0,0.0,1.0
700,0.0,6.0,0.0,1.0
远期,0.0,3.0,0.0,1.0
交通枢纽,0.0,3.0,0.0,1.0
完成,0.0,72.0,0.0,1.0
停,0.0,9.0,0.0,1.0
场站,0.0,6.0,0.0,1.0
cZV2hRpuAPhQmPPCyMGfbceYAFImOiaofbodS6SkicVm1zFa3d2lpEtPvO2RiasVB3oZJxpg3qjwLuU7ffw3vFd5w,0.0,3.0,0.0,1.0
回归,0.0,6.0,0.0,1.0
pQOvnwe578iciadBiagYhNIjIKR6X43crQjuMIEDZCDIpuA8HkFy108s9rHPF1HN79HpsVfcCrvV4lcDFg,0.0,3.0,0.0,1.0
同比,0.0,60.0,0.0,1.0
gHT57x2icoibL3yPlGd,0.0,3.0,0.0,1.0
0.1713,0.0,3.0,0.0,1.0
太平,0.0,9.0,0.0,1.0
独家,0.0,3.0,0.0,1.0
经营范围,0.0,3.0,0.0,1.0
新丝路,0.0,9.0,0.0,1.0
头条,0.0,12.0,0.0,1.0
集群,0.0,6.0,0.0,1.0
VALEMAX,0.0,6.0,0.0,1.0
0,0.0,54.0,0.0,1.0
00567,0.0,3.0,0.0,1.0
12,0.0,23.0,0.0,1.0
挪威,0.0,6.0,0.0,1.0
从中,0.0,3.0,0.0,1.0
金普,0.0,6.0,0.0,1.0
布鲁日,0.0,3.0,0.0,1.0
sPibnXh9ako1cibpq9,0.0,3.0,0.0,1.0
不懈努力,0.0,3.0,0.0,1.0
标准,0.0,3.0,0.0,1.0
货运,0.0,3.0,0.0,1.0
员工,0.0,6.0,0.0,1.0
深化改革,0.0,3.0,0.0,1.0
维柯,0.0,3.0,0.0,1.0
梳理,0.0,3.0,0.0,1.0
历时,0.0,1.0,0.0,1.0
地方,0.0,3.0,0.0,1.0
全球化,0.0,3.0,0.0,1.0
股份,0.0,27.0,0.0,1.0
由此,0.0,6.0,0.0,1.0
第一任,0.0,3.0,0.0,1.0
市盈率,0.0,3.0,0.0,1.0
景象,0.0,3.0,0.0,1.0
来自,3.0,18.0,0.14285714285714285,0.8571428571428571
越来越,0.0,3.0,0.0,1.0
建成,0.0,9.0,0.0,1.0
1,0.0,45.0,0.0,1.0
抓手,0.0,3.0,0.0,1.0
OyGN3YAhwa8OCIuBHuosS4LhOVUklKqr0NzNMmkksvQ,0.0,3.0,0.0,1.0
商誉,0.0,6.0,0.0,1.0
同一,0.0,3.0,0.0,1.0
步伐,0.0,9.0,0.0,1.0
采访团,0.0,3.0,0.0,1.0
衔接起来,0.0,6.0,0.0,1.0
图为,0.0,3.0,0.0,1.0
框架,0.0,9.0,0.0,1.0
琴斯卡雅,0.0,3.0,0.0,1.0
快线,0.0,9.0,0.0,1.0
发出,0.0,3.0,0.0,1.0
母港,0.0,24.0,0.0,1.0
png,0.0,24.0,0.0,1.0
辽宁大连,0.0,3.0,0.0,1.0
7,0.0,58.0,0.0,1.0
】,0.0,51.0,0.0,1.0
三项,0.0,3.0,0.0,1.0
条,0.0,45.0,0.0,1.0
363,0.0,3.0,0.0,1.0
2665,0.0,3.0,0.0,1.0
液体,0.0,3.0,0.0,1.0
2006,0.0,3.0,0.0,1.0
连港,0.0,12.0,0.0,1.0
海城市,3.0,0.0,1.0,0.0
哪个,0.0,3.0,0.0,1.0
132.7,0.0,6.0,0.0,1.0
+,0.0,6.0,0.0,1.0
新高,0.0,6.0,0.0,1.0
联通,0.0,3.0,0.0,1.0
带来,0.0,6.0,0.0,1.0
出境,0.0,3.0,0.0,1.0
副董事长,0.0,3.0,0.0,1.0
涨幅,0.0,6.0,0.0,1.0
万众一心,0.0,3.0,0.0,1.0
来说,0.0,6.0,0.0,1.0
资金,0.0,18.0,0.0,1.0
消息,0.0,24.0,0.0,1.0
吨级,0.0,3.0,0.0,1.0
都,0.0,31.0,0.0,1.0
租借,0.0,3.0,0.0,1.0
证书,0.0,3.0,0.0,1.0
盐田港,0.0,3.0,0.0,1.0
万辆,0.0,12.0,0.0,1.0
贡献,0.0,12.0,0.0,1.0
设立,0.0,12.0,0.0,1.0
青岛港,0.0,3.0,0.0,1.0
除权,0.0,3.0,0.0,1.0
集装箱船,0.0,3.0,0.0,1.0
实时,0.0,3.0,0.0,1.0
17.27,0.0,3.0,0.0,1.0
杂货,6.0,0.0,1.0,0.0
机遇,0.0,3.0,0.0,1.0
中新网,3.0,12.0,0.2,0.8
吉布提,0.0,6.0,0.0,1.0
采访,0.0,6.0,0.0,1.0
查兹贝,3.0,0.0,1.0,0.0
说话,0.0,3.0,0.0,1.0
购物,0.0,3.0,0.0,1.0
按,0.0,12.0,0.0,1.0
抗争,0.0,6.0,0.0,1.0
Volume,0.0,6.0,0.0,1.0
运输,0.0,33.0,0.0,1.0
苏方,0.0,3.0,0.0,1.0
ialIFJGHRvS1s1Xnia07ddmL8QTCfzzA,0.0,3.0,0.0,1.0
45,3.0,9.0,0.25,0.75
开通,0.0,33.0,0.0,1.0
sinajs,0.0,3.0,0.0,1.0
英雄,0.0,3.0,0.0,1.0
调整,0.0,42.0,0.0,1.0
长兴岛,0.0,15.0,0.0,1.0
监管,0.0,15.0,0.0,1.0
快讯,0.0,6.0,0.0,1.0
增长,0.0,99.0,0.0,1.0
岸桥,0.0,12.0,0.0,1.0
不断创新,0.0,3.0,0.0,1.0
符合,0.0,3.0,0.0,1.0
贝加尔,0.0,3.0,0.0,1.0
优质,0.0,3.0,0.0,1.0
环保,6.0,12.0,0.3333333333333333,0.6666666666666666
饭,0.0,6.0,0.0,1.0
协调,3.0,6.0,0.3333333333333333,0.6666666666666666
康复,6.0,0.0,1.0,0.0
承载,0.0,6.0,0.0,1.0
腾讯,0.0,3.0,0.0,1.0
注明,0.0,6.0,0.0,1.0
世界领先,0.0,3.0,0.0,1.0
姜学魁,0.0,3.0,0.0,1.0
机车,3.0,0.0,1.0,0.0
大力支持,0.0,3.0,0.0,1.0
合作意向,0.0,3.0,0.0,1.0
国务院,0.0,6.0,0.0,1.0
为期,0.0,3.0,0.0,1.0
独特,0.0,9.0,0.0,1.0
百姓,0.0,3.0,0.0,1.0
枢纽港,0.0,12.0,0.0,1.0
39,0.0,12.0,0.0,1.0
现有,0.0,6.0,0.0,1.0
交货,0.0,3.0,0.0,1.0
物联,0.0,3.0,0.0,1.0
咨询,0.0,6.0,0.0,1.0
承接,0.0,6.0,0.0,1.0
现已,0.0,3.0,0.0,1.0
升,0.0,3.0,0.0,1.0
我国,0.0,3.0,0.0,1.0
推动,0.0,33.0,0.0,1.0
付息,0.0,3.0,0.0,1.0
0.012,0.0,3.0,0.0,1.0
自由贸易区,0.0,3.0,0.0,1.0
03369,0.0,3.0,0.0,1.0
超图,0.0,6.0,0.0,1.0
拓展,0.0,3.0,0.0,1.0
股权,0.0,30.0,0.0,1.0
2013,0.0,3.0,0.0,1.0
营运,0.0,12.0,0.0,1.0
5,3.0,87.0,0.03333333333333333,0.9666666666666667
中心,0.0,135.0,0.0,1.0
变压器,3.0,0.0,1.0,0.0
150,0.0,3.0,0.0,1.0
对,0.0,21.0,0.0,1.0
厦门,0.0,12.0,0.0,1.0
李家,3.0,0.0,1.0,0.0
坚实,0.0,3.0,0.0,1.0
风采,0.0,3.0,0.0,1.0
完全,0.0,3.0,0.0,1.0
指明,0.0,3.0,0.0,1.0
码头,15.0,148.0,0.09202453987730061,0.9079754601226994
驶离,0.0,9.0,0.0,1.0
中铁,0.0,6.0,0.0,1.0
大连港,38.0,1246.0,0.029595015576323987,0.9704049844236761
经贸合作,0.0,9.0,0.0,1.0
习,0.0,3.0,0.0,1.0
大楼,2.0,3.0,0.4,0.6
纯利,0.0,3.0,0.0,1.0
每股,0.0,6.0,0.0,1.0
解决,0.0,6.0,0.0,1.0
沃尔西,0.0,21.0,0.0,1.0
CNCotton,0.0,3.0,0.0,1.0
二维码,0.0,3.0,0.0,1.0
—,0.0,78.0,0.0,1.0
河北,0.0,3.0,0.0,1.0
路线,0.0,3.0,0.0,1.0
贸易,15.0,12.0,0.5555555555555556,0.4444444444444444
南非,6.0,0.0,1.0,0.0
UnitWidth,0.0,6.0,0.0,1.0
网络服务,0.0,3.0,0.0,1.0
18,0.0,9.0,0.0,1.0
大道至简,0.0,3.0,0.0,1.0
届时,0.0,6.0,0.0,1.0
SmHUu39qlezNmyCmQicRCCgEv0iaZFB5u9sGTqOcehX8NA,0.0,3.0,0.0,1.0
提高,0.0,6.0,0.0,1.0
控股,0.0,27.0,0.0,1.0
轮椅,2.0,0.0,1.0,0.0
增长点,0.0,3.0,0.0,1.0
物流园区,0.0,3.0,0.0,1.0
D,0.0,6.0,0.0,1.0
01,3.0,9.0,0.25,0.75
规建字,0.0,9.0,0.0,1.0
黄渤海,0.0,3.0,0.0,1.0
依然,0.0,3.0,0.0,1.0
探访,0.0,12.0,0.0,1.0
2016,0.0,18.0,0.0,1.0
支付,0.0,6.0,0.0,1.0
增强,0.0,3.0,0.0,1.0
布兰卡,0.0,6.0,0.0,1.0
检港,0.0,3.0,0.0,1.0
后,3.0,30.0,0.09090909090909091,0.9090909090909091
沪,0.0,3.0,0.0,1.0
积淀,0.0,3.0,0.0,1.0
美西,0.0,3.0,0.0,1.0
现代,0.0,6.0,0.0,1.0
提升,3.0,39.0,0.07142857142857142,0.9285714285714286
之,0.0,48.0,0.0,1.0
散,0.0,6.0,0.0,1.0
农民,0.0,6.0,0.0,1.0
产业,3.0,33.0,0.08333333333333333,0.9166666666666666
预告,0.0,6.0,0.0,1.0
连接起来,0.0,3.0,0.0,1.0
版权,0.0,6.0,0.0,1.0
非洲,0.0,6.0,0.0,1.0
快,0.0,9.0,0.0,1.0
张,3.0,3.0,0.5,0.5
办公室,0.0,3.0,0.0,1.0
时隔,0.0,3.0,0.0,1.0
安检,0.0,6.0,0.0,1.0
下,0.0,33.0,0.0,1.0
志强,0.0,3.0,0.0,1.0
PE,0.0,3.0,0.0,1.0
’,0.0,6.0,0.0,1.0
调研,0.0,12.0,0.0,1.0
改变,0.0,3.0,0.0,1.0
欧洲地区,0.0,12.0,0.0,1.0
4429301286.00,0.0,3.0,0.0,1.0
或能,0.0,3.0,0.0,1.0
运营,0.0,39.0,0.0,1.0
告诉,0.0,9.0,0.0,1.0
商品,0.0,21.0,0.0,1.0
共,0.0,9.0,0.0,1.0
2011,0.0,3.0,0.0,1.0
油品,0.0,9.0,0.0,1.0
步入,0.0,6.0,0.0,1.0
3.03,0.0,3.0,0.0,1.0
奇瑞,0.0,3.0,0.0,1.0
最佳,0.0,3.0,0.0,1.0
含税,0.0,3.0,0.0,1.0
陆续,0.0,6.0,0.0,1.0
债务,0.0,3.0,0.0,1.0
岸线,0.0,3.0,0.0,1.0
冷库,0.0,3.0,0.0,1.0
联运,0.0,63.0,0.0,1.0
工厂,0.0,6.0,0.0,1.0
强劲,0.0,9.0,0.0,1.0
派发,0.0,3.0,0.0,1.0
开往,0.0,3.0,0.0,1.0
件,3.0,0.0,1.0,0.0
中央,3.0,3.0,0.5,0.5
象屿,0.0,3.0,0.0,1.0
低,0.0,3.0,0.0,1.0
酒店,0.0,6.0,0.0,1.0
油烟,3.0,0.0,1.0,0.0
服务,0.0,75.0,0.0,1.0
可以,0.0,3.0,0.0,1.0
便捷,0.0,3.0,0.0,1.0
当然,0.0,3.0,0.0,1.0
本报记者,0.0,3.0,0.0,1.0
体验,0.0,3.0,0.0,1.0
餐饮,0.0,6.0,0.0,1.0
淡马锡,0.0,3.0,0.0,1.0
督导,0.0,3.0,0.0,1.0
、,20.0,768.0,0.025380710659898477,0.9746192893401016
程度,0.0,6.0,0.0,1.0
比利时,0.0,9.0,0.0,1.0
省政府,0.0,3.0,0.0,1.0
打造,0.0,48.0,0.0,1.0
部,0.0,3.0,0.0,1.0
苏,0.0,7.0,0.0,1.0
希望,0.0,3.0,0.0,1.0
大涨大跌,0.0,3.0,0.0,1.0
展示,0.0,3.0,0.0,1.0
高收,0.0,3.0,0.0,1.0
千家万户,0.0,3.0,0.0,1.0
8,0.0,16.0,0.0,1.0
形成,0.0,33.0,0.0,1.0
有效,0.0,9.0,0.0,1.0
继续加强,0.0,6.0,0.0,1.0
海港,0.0,3.0,0.0,1.0
天庭,0.0,6.0,0.0,1.0
上市,0.0,12.0,0.0,1.0
市委,0.0,9.0,0.0,1.0
重,0.0,3.0,0.0,1.0
海外投资,0.0,3.0,0.0,1.0
产业政策,0.0,3.0,0.0,1.0
协会,0.0,3.0,0.0,1.0
上半年,0.0,72.0,0.0,1.0
建立,0.0,18.0,0.0,1.0
正,0.0,18.0,0.0,1.0
理,3.0,0.0,1.0,0.0
列车,0.0,3.0,0.0,1.0
有色金属,0.0,3.0,0.0,1.0
1950,0.0,6.0,0.0,1.0
同期,0.0,3.0,0.0,1.0
16.3,0.0,6.0,0.0,1.0
当晚,0.0,6.0,0.0,1.0
查处,3.0,0.0,1.0,0.0
期望,0.0,3.0,0.0,1.0
兼具,0.0,3.0,0.0,1.0
船育鹏,3.0,0.0,1.0,0.0
平均,0.0,3.0,0.0,1.0
统治,0.0,3.0,0.0,1.0
OCEANI,0.0,1.0,0.0,1.0
牛羊肉,0.0,3.0,0.0,1.0
余位,0.0,6.0,0.0,1.0
丰富,0.0,12.0,0.0,1.0
jpeg,0.0,39.0,0.0,1.0
完,0.0,6.0,0.0,1.0
38,0.0,3.0,0.0,1.0
中转港,0.0,3.0,0.0,1.0
内容,0.0,6.0,0.0,1.0
一个,0.0,12.0,0.0,1.0
知名企业,0.0,3.0,0.0,1.0
联系,0.0,3.0,0.0,1.0
大鹏,0.0,4.0,0.0,1.0
金融资本,0.0,3.0,0.0,1.0
之中,0.0,15.0,0.0,1.0
结构性,0.0,3.0,0.0,1.0
港湾,0.0,30.0,0.0,1.0
天然,0.0,3.0,0.0,1.0
出,0.0,3.0,0.0,1.0
按年,0.0,3.0,0.0,1.0
详情,0.0,3.0,0.0,1.0
凡,0.0,3.0,0.0,1.0
｜,0.0,6.0,0.0,1.0
宁波,0.0,6.0,0.0,1.0
两到,0.0,3.0,0.0,1.0
社会,3.0,0.0,1.0,0.0
堆场,0.0,12.0,0.0,1.0
磋商,0.0,3.0,0.0,1.0
片区,0.0,6.0,0.0,1.0
海铁,0.0,54.0,0.0,1.0
吞吐,0.0,9.0,0.0,1.0
租用,0.0,6.0,0.0,1.0
一体,0.0,6.0,0.0,1.0
属于,0.0,3.0,0.0,1.0
维度,0.0,3.0,0.0,1.0
下午,0.0,3.0,0.0,1.0
常态,0.0,9.0,0.0,1.0
端,0.0,6.0,0.0,1.0
紧,0.0,3.0,0.0,1.0
满欧,0.0,9.0,0.0,1.0
挂靠,0.0,6.0,0.0,1.0
部室,0.0,3.0,0.0,1.0
高速,0.0,3.0,0.0,1.0
日时,0.0,15.0,0.0,1.0
或者,0.0,3.0,0.0,1.0
肩负,3.0,0.0,1.0,0.0
康复中心,8.0,0.0,1.0,0.0
战略,0.0,12.0,0.0,1.0
以上,0.0,21.0,0.0,1.0
原本,3.0,0.0,1.0,0.0
品牌,0.0,27.0,0.0,1.0
苏州,0.0,3.0,0.0,1.0
岩,3.0,0.0,1.0,0.0
时期,0.0,12.0,0.0,1.0
结构,0.0,3.0,0.0,1.0
接送,0.0,6.0,0.0,1.0
00576,0.0,3.0,0.0,1.0
撑,0.0,3.0,0.0,1.0
海关,3.0,0.0,1.0,0.0
吞吐量,0.0,33.0,0.0,1.0
涉资,0.0,3.0,0.0,1.0
节约,0.0,3.0,0.0,1.0
率,0.0,6.0,0.0,1.0
得,0.0,3.0,0.0,1.0
简称,0.0,9.0,0.0,1.0
知识产权,0.0,3.0,0.0,1.0
长,0.0,3.0,0.0,1.0
区,0.0,6.0,0.0,1.0
0.11,0.0,3.0,0.0,1.0
信息化,0.0,6.0,0.0,1.0
主导权,0.0,3.0,0.0,1.0
巨大变化,0.0,3.0,0.0,1.0
一早,0.0,6.0,0.0,1.0
信息中心,0.0,3.0,0.0,1.0
解决目前,0.0,3.0,0.0,1.0
第十一,3.0,0.0,1.0,0.0
下期,0.0,6.0,0.0,1.0
起步,0.0,9.0,0.0,1.0
东北地区,0.0,27.0,0.0,1.0
列入,3.0,0.0,1.0,0.0
3644.74,0.0,3.0,0.0,1.0
莱州,0.0,3.0,0.0,1.0
两,0.0,12.0,0.0,1.0
高,0.0,3.0,0.0,1.0
卖,0.0,3.0,0.0,1.0
国资,0.0,12.0,0.0,1.0
各个,0.0,3.0,0.0,1.0
最高,0.0,9.0,0.0,1.0
深水,0.0,3.0,0.0,1.0
公众,3.0,3.0,0.5,0.5
57155315,0.0,3.0,0.0,1.0
动力,0.0,3.0,0.0,1.0
启动,0.0,18.0,0.0,1.0
以往,0.0,6.0,0.0,1.0
同日,0.0,3.0,0.0,1.0
贪婪,0.0,3.0,0.0,1.0
大涨,0.0,6.0,0.0,1.0
介绍,0.0,12.0,0.0,1.0
特色,0.0,6.0,0.0,1.0
使舱,0.0,3.0,0.0,1.0
一艘,0.0,3.0,0.0,1.0
全,0.0,3.0,0.0,1.0
安全,0.0,6.0,0.0,1.0
措施,0.0,3.0,0.0,1.0
网络,0.0,9.0,0.0,1.0
fmt,0.0,60.0,0.0,1.0
净利,0.0,3.0,0.0,1.0
第四站,3.0,3.0,0.5,0.5
吸收,0.0,9.0,0.0,1.0
M3,0.0,3.0,0.0,1.0
发布公告,0.0,15.0,0.0,1.0
服务型,0.0,3.0,0.0,1.0
抒情,0.0,12.0,0.0,1.0
滨州,0.0,9.0,0.0,1.0
关于,0.0,21.0,0.0,1.0
现,0.0,3.0,0.0,1.0
模式,0.0,9.0,0.0,1.0
月底,0.0,3.0,0.0,1.0
行情,0.0,34.0,0.0,1.0
关注,0.0,9.0,0.0,1.0
机器,0.0,3.0,0.0,1.0
首条,0.0,3.0,0.0,1.0
全天候,0.0,3.0,0.0,1.0
毗邻,0.0,6.0,0.0,1.0
深入,3.0,24.0,0.1111111111111111,0.8888888888888888
宁波港,0.0,9.0,0.0,1.0
老港,0.0,6.0,0.0,1.0
21.3,0.0,3.0,0.0,1.0
今次,3.0,0.0,1.0,0.0
前提,0.0,3.0,0.0,1.0
不同,0.0,3.0,0.0,1.0
122072,0.0,3.0,0.0,1.0
厂商,0.0,3.0,0.0,1.0
辆,0.0,12.0,0.0,1.0
统一,0.0,9.0,0.0,1.0
繁忙,0.0,3.0,0.0,1.0
始建,0.0,6.0,0.0,1.0
股,0.0,6.0,0.0,1.0
1.5,0.0,27.0,0.0,1.0
世界,0.0,12.0,0.0,1.0
坐,2.0,0.0,1.0,0.0
这三大,0.0,3.0,0.0,1.0
多方,0.0,6.0,0.0,1.0
621,0.0,3.0,0.0,1.0
万吨,0.0,36.0,0.0,1.0
货种,0.0,6.0,0.0,1.0
矿山,0.0,3.0,0.0,1.0
隶属于,0.0,3.0,0.0,1.0
沟通,0.0,3.0,0.0,1.0
元素,0.0,3.0,0.0,1.0
中期,0.0,3.0,0.0,1.0
APP,0.0,12.0,0.0,1.0
投资总额,0.0,12.0,0.0,1.0
连云港,0.0,3.0,0.0,1.0
实施,0.0,9.0,0.0,1.0
据统计,0.0,9.0,0.0,1.0
定位,0.0,6.0,0.0,1.0
日电,3.0,12.0,0.2,0.8
史,0.0,6.0,0.0,1.0
叶,0.0,3.0,0.0,1.0
埠头,0.0,3.0,0.0,1.0
行径,0.0,3.0,0.0,1.0
中方,0.0,3.0,0.0,1.0
致力于,0.0,6.0,0.0,1.0
舆论,0.0,3.0,0.0,1.0
待续,0.0,6.0,0.0,1.0
601880,0.0,40.0,0.0,1.0
保税区,3.0,0.0,1.0,0.0
大窑湾,0.0,28.0,0.0,1.0
通知,0.0,6.0,0.0,1.0
重组,0.0,12.0,0.0,1.0
多项,0.0,3.0,0.0,1.0
重点项目,0.0,3.0,0.0,1.0
天从,0.0,1.0,0.0,1.0
过境,0.0,66.0,0.0,1.0
2012,0.0,3.0,0.0,1.0
收入,0.0,3.0,0.0,1.0
交易市场,0.0,3.0,0.0,1.0
并入,0.0,3.0,0.0,1.0
公共,0.0,15.0,0.0,1.0
02880,0.0,75.0,0.0,1.0
年轻,6.0,0.0,1.0,0.0
11n,0.0,3.0,0.0,1.0
但,0.0,9.0,0.0,1.0
来到,0.0,3.0,0.0,1.0
注入,0.0,6.0,0.0,1.0
冲涨,0.0,3.0,0.0,1.0
船,0.0,9.0,0.0,1.0
万元,0.0,9.0,0.0,1.0
摄,0.0,18.0,0.0,1.0
国家,3.0,36.0,0.07692307692307693,0.9230769230769231
9.8,0.0,3.0,0.0,1.0
交接,0.0,3.0,0.0,1.0
声音,0.0,3.0,0.0,1.0
航母,0.0,9.0,0.0,1.0
不断,0.0,39.0,0.0,1.0
技术,0.0,6.0,0.0,1.0
重要,0.0,36.0,0.0,1.0
被誉为,0.0,3.0,0.0,1.0
首列,0.0,3.0,0.0,1.0
成效,0.0,3.0,0.0,1.0
更大,0.0,12.0,0.0,1.0
车厘子,0.0,1.0,0.0,1.0
股市,0.0,6.0,0.0,1.0
顺其自然,0.0,3.0,0.0,1.0
计划,0.0,18.0,0.0,1.0
凭借,0.0,12.0,0.0,1.0
外贸,0.0,21.0,0.0,1.0
不断丰富,0.0,12.0,0.0,1.0
自贸区,0.0,6.0,0.0,1.0
多疑,0.0,3.0,0.0,1.0
专业化,0.0,3.0,0.0,1.0
良好,0.0,6.0,0.0,1.0
政策,3.0,12.0,0.2,0.8
诚意,0.0,9.0,0.0,1.0
里程,0.0,3.0,0.0,1.0
税收,0.0,3.0,0.0,1.0
拦,0.0,18.0,0.0,1.0
产生,0.0,3.0,0.0,1.0
内蒙古,0.0,3.0,0.0,1.0
旅,0.0,3.0,0.0,1.0
试验区,0.0,9.0,0.0,1.0
全年,0.0,3.0,0.0,1.0
灯塔,0.0,3.0,0.0,1.0
太,0.0,3.0,0.0,1.0
评级,0.0,3.0,0.0,1.0
面向世界,0.0,6.0,0.0,1.0
8.07,0.0,3.0,0.0,1.0
一项,0.0,6.0,0.0,1.0
市场,9.0,39.0,0.1875,0.8125
3.66,0.0,3.0,0.0,1.0
服务网络,0.0,6.0,0.0,1.0
重庆,0.0,3.0,0.0,1.0
欠缺,0.0,3.0,0.0,1.0
成交,0.0,6.0,0.0,1.0
tInJGYgEuY433yBFCwbnLr1P2kM36TS2YmKiaia2iaItibd9nNnomkFcyccQHyZv9KZibZFPEOQ,0.0,6.0,0.0,1.0
全程,0.0,27.0,0.0,1.0
0.957,0.0,3.0,0.0,1.0
庆帮,3.0,0.0,1.0,0.0
文化,0.0,3.0,0.0,1.0
驶入,0.0,21.0,0.0,1.0
肯定,0.0,3.0,0.0,1.0
5.30,0.0,3.0,0.0,1.0
沿岸,0.0,9.0,0.0,1.0
密集,0.0,6.0,0.0,1.0
增值,0.0,3.0,0.0,1.0
同意,0.0,3.0,0.0,1.0
目标,0.0,6.0,0.0,1.0
较大,0.0,12.0,0.0,1.0
智通,0.0,15.0,0.0,1.0
釜山,0.0,6.0,0.0,1.0
正式,0.0,45.0,0.0,1.0
经,0.0,24.0,0.0,1.0
01199,0.0,3.0,0.0,1.0
并,0.0,36.0,0.0,1.0
大幅提高,0.0,3.0,0.0,1.0
BOUTHISTORY,0.0,6.0,0.0,1.0
36000,3.0,0.0,1.0,0.0
艰巨,0.0,3.0,0.0,1.0
再创新高,0.0,6.0,0.0,1.0
今年,0.0,90.0,0.0,1.0
车辆,0.0,6.0,0.0,1.0
市场份额,0.0,3.0,0.0,1.0
中远,0.0,24.0,0.0,1.0
储罐,0.0,3.0,0.0,1.0
进口,0.0,40.0,0.0,1.0
较为,0.0,3.0,0.0,1.0
0.09,0.0,3.0,0.0,1.0
约定,0.0,9.0,0.0,1.0
1.56,0.0,9.0,0.0,1.0
市场报,0.0,3.0,0.0,1.0
加装,0.0,3.0,0.0,1.0
侧,0.0,3.0,0.0,1.0
双向,0.0,6.0,0.0,1.0
试点,3.0,0.0,1.0,0.0
买,0.0,3.0,0.0,1.0
上线,0.0,9.0,0.0,1.0
号,0.0,57.0,0.0,1.0
枢纽,0.0,9.0,0.0,1.0
杨毅,3.0,18.0,0.14285714285714285,0.8571428571428571
贾铁生,0.0,3.0,0.0,1.0
编制工作,0.0,3.0,0.0,1.0
1.32,0.0,3.0,0.0,1.0
珩,0.0,6.0,0.0,1.0
可,0.0,18.0,0.0,1.0
论坛,0.0,24.0,0.0,1.0
CN,0.0,3.0,0.0,1.0
基于,0.0,12.0,0.0,1.0
此前,0.0,3.0,0.0,1.0
群是,0.0,3.0,0.0,1.0
日讯,0.0,7.0,0.0,1.0
票面,0.0,3.0,0.0,1.0
处,3.0,3.0,0.5,0.5
十余年,0.0,3.0,0.0,1.0
行驶,0.0,3.0,0.0,1.0
后者,0.0,3.0,0.0,1.0
该港,0.0,3.0,0.0,1.0
海洋,0.0,4.0,0.0,1.0
扩容,0.0,15.0,0.0,1.0
目的地,0.0,3.0,0.0,1.0
代管,0.0,3.0,0.0,1.0
多家,0.0,6.0,0.0,1.0
],0.0,9.0,0.0,1.0
得天独厚,0.0,6.0,0.0,1.0
满足,0.0,6.0,0.0,1.0
20160801,0.0,3.0,0.0,1.0
固定,0.0,3.0,0.0,1.0
0.17,0.0,3.0,0.0,1.0
大单,0.0,3.0,0.0,1.0
陈钢,0.0,3.0,0.0,1.0
数量,0.0,9.0,0.0,1.0
栏目,0.0,3.0,0.0,1.0
0.67,0.0,3.0,0.0,1.0
停牌,0.0,12.0,0.0,1.0
重点,0.0,6.0,0.0,1.0
践行,0.0,3.0,0.0,1.0
净利润,0.0,9.0,0.0,1.0
协作,0.0,3.0,0.0,1.0
火花,0.0,3.0,0.0,1.0
粮食,6.0,6.0,0.5,0.5
市场需求,0.0,6.0,0.0,1.0
开拓,0.0,3.0,0.0,1.0
如何,0.0,3.0,0.0,1.0
良港,3.0,0.0,1.0,0.0
60006810.91,0.0,3.0,0.0,1.0
融通,0.0,3.0,0.0,1.0
维尔,0.0,3.0,0.0,1.0
标的,0.0,9.0,0.0,1.0
位置,3.0,0.0,1.0,0.0
控,0.0,6.0,0.0,1.0
一套,0.0,3.0,0.0,1.0
产地,3.0,1.0,0.75,0.25
同样,0.0,3.0,0.0,1.0
市委书记,0.0,3.0,0.0,1.0
公开,0.0,3.0,0.0,1.0
目的,0.0,3.0,0.0,1.0
让,0.0,9.0,0.0,1.0
散件,0.0,3.0,0.0,1.0
1898,0.0,3.0,0.0,1.0
突破口,3.0,0.0,1.0,0.0
完美,0.0,3.0,0.0,1.0
最大,0.0,30.0,0.0,1.0
制度,0.0,3.0,0.0,1.0
五六百,0.0,3.0,0.0,1.0
SRC,0.0,54.0,0.0,1.0
受惠,0.0,6.0,0.0,1.0
24.51,0.0,3.0,0.0,1.0
北,3.0,0.0,1.0,0.0
工伤,3.0,0.0,1.0,0.0
新加坡,0.0,30.0,0.0,1.0
借助,0.0,6.0,0.0,1.0
这一,0.0,6.0,0.0,1.0
记者,3.0,55.0,0.05172413793103448,0.9482758620689655
环节,0.0,3.0,0.0,1.0
收购价格,0.0,3.0,0.0,1.0
团队,3.0,0.0,1.0,0.0
日渐,0.0,6.0,0.0,1.0
深化,0.0,12.0,0.0,1.0
章,0.0,3.0,0.0,1.0
空高开,0.0,3.0,0.0,1.0
系列,0.0,12.0,0.0,1.0
下发,0.0,3.0,0.0,1.0
7.93,0.0,3.0,0.0,1.0
明说,0.0,3.0,0.0,1.0
1594,0.0,3.0,0.0,1.0
张乙,0.0,3.0,0.0,1.0
商业,0.0,6.0,0.0,1.0
选举,0.0,6.0,0.0,1.0
放缓,0.0,3.0,0.0,1.0
政府,0.0,12.0,0.0,1.0
HK,0.0,27.0,0.0,1.0
值守,0.0,9.0,0.0,1.0
轮,3.0,0.0,1.0,0.0
英皇,0.0,3.0,0.0,1.0
干线,0.0,3.0,0.0,1.0
监理,0.0,9.0,0.0,1.0
协议,0.0,42.0,0.0,1.0
34.80,0.0,3.0,0.0,1.0
外拓,0.0,3.0,0.0,1.0
空间,0.0,6.0,0.0,1.0
千辆,0.0,6.0,0.0,1.0
归本,0.0,6.0,0.0,1.0
油料,0.0,12.0,0.0,1.0
12531613077158616670,0.0,3.0,0.0,1.0
每手,0.0,3.0,0.0,1.0
回暖,0.0,3.0,0.0,1.0
自由贸易,0.0,6.0,0.0,1.0
西雅图,0.0,6.0,0.0,1.0
就任,0.0,3.0,0.0,1.0
元,0.0,96.0,0.0,1.0
640,0.0,12.0,0.0,1.0
局面,0.0,3.0,0.0,1.0
林,0.0,6.0,0.0,1.0
走廊,2.0,0.0,1.0,0.0
臧永亮,0.0,6.0,0.0,1.0
抵达,0.0,10.0,0.0,1.0
月份,0.0,6.0,0.0,1.0
伴,0.0,3.0,0.0,1.0
日止,0.0,3.0,0.0,1.0
35.8,0.0,6.0,0.0,1.0
成绩斐然,0.0,3.0,0.0,1.0
开门,0.0,3.0,0.0,1.0
不久前,0.0,3.0,0.0,1.0
包装,0.0,3.0,0.0,1.0
相信,0.0,6.0,0.0,1.0
首季,0.0,3.0,0.0,1.0
世界排名,0.0,3.0,0.0,1.0
渤海,0.0,12.0,0.0,1.0
三,0.0,6.0,0.0,1.0
北纬,0.0,9.0,0.0,1.0
工艺,0.0,3.0,0.0,1.0
―,0.0,27.0,0.0,1.0
西欧,0.0,12.0,0.0,1.0
没,0.0,3.0,0.0,1.0
ID,0.0,6.0,0.0,1.0
所有,0.0,15.0,0.0,1.0
信德,0.0,3.0,0.0,1.0
Formula,0.0,6.0,0.0,1.0
6.51,0.0,3.0,0.0,1.0
新区,0.0,12.0,0.0,1.0
能,0.0,3.0,0.0,1.0
冷链,0.0,18.0,0.0,1.0
谷牧来,0.0,3.0,0.0,1.0
首先,0.0,3.0,0.0,1.0
］,0.0,6.0,0.0,1.0
等国,0.0,3.0,0.0,1.0
说,0.0,12.0,0.0,1.0
青岛,0.0,3.0,0.0,1.0
船票,3.0,6.0,0.3333333333333333,0.6666666666666666
经营机制,0.0,3.0,0.0,1.0
艘次,0.0,15.0,0.0,1.0
新浪,0.0,9.0,0.0,1.0
形象,0.0,3.0,0.0,1.0
收到,0.0,6.0,0.0,1.0
日本,0.0,30.0,0.0,1.0
携手,0.0,12.0,0.0,1.0
提醒,0.0,6.0,0.0,1.0
三五百,0.0,3.0,0.0,1.0
服务水平,0.0,9.0,0.0,1.0
钢铁,0.0,9.0,0.0,1.0
选择,0.0,9.0,0.0,1.0
东北亚,0.0,30.0,0.0,1.0
棉花,0.0,3.0,0.0,1.0
天鹅,0.0,3.0,0.0,1.0
未来,0.0,18.0,0.0,1.0
锦上添花,0.0,3.0,0.0,1.0
<,0.0,60.0,0.0,1.0
时候,0.0,3.0,0.0,1.0
存储,0.0,3.0,0.0,1.0
所有制,0.0,3.0,0.0,1.0
日照港,0.0,3.0,0.0,1.0
汽车零件,0.0,9.0,0.0,1.0
推进,3.0,21.0,0.125,0.875
国内,0.0,24.0,0.0,1.0
潜力股,0.0,6.0,0.0,1.0
重要讲话,0.0,9.0,0.0,1.0
业绩,0.0,6.0,0.0,1.0
桥油,0.0,3.0,0.0,1.0
多窗口,0.0,3.0,0.0,1.0
实行,0.0,6.0,0.0,1.0
国内外,0.0,3.0,0.0,1.0
内陆,6.0,9.0,0.4,0.6
小幅度,0.0,3.0,0.0,1.0
上交所,0.0,6.0,0.0,1.0
18.6,0.0,3.0,0.0,1.0
com,0.0,6.0,0.0,1.0
随处可见,2.0,0.0,1.0,0.0
欧将,0.0,6.0,0.0,1.0
智能化,0.0,9.0,0.0,1.0
如今,0.0,6.0,0.0,1.0
国有企业,0.0,9.0,0.0,1.0
盈利,0.0,3.0,0.0,1.0
体系,0.0,6.0,0.0,1.0
龙口,0.0,3.0,0.0,1.0
双方,0.0,9.0,0.0,1.0
沉淀,0.0,3.0,0.0,1.0
大力发展,0.0,9.0,0.0,1.0
资源配置,3.0,0.0,1.0,0.0
山港,0.0,3.0,0.0,1.0
第一,0.0,9.0,0.0,1.0
算不上,0.0,3.0,0.0,1.0
证券,0.0,9.0,0.0,1.0
往来,0.0,3.0,0.0,1.0
品牌化,0.0,3.0,0.0,1.0
精工,0.0,6.0,0.0,1.0
China,0.0,6.0,0.0,1.0
复制到,0.0,3.0,0.0,1.0
1.57,0.0,9.0,0.0,1.0
新闻网,0.0,3.0,0.0,1.0
嘉年华,0.0,6.0,0.0,1.0
百余年,0.0,6.0,0.0,1.0
首航,6.0,3.0,0.6666666666666666,0.3333333333333333
噪声,3.0,0.0,1.0,0.0
宝马,0.0,15.0,0.0,1.0
胜利,0.0,3.0,0.0,1.0
海天,0.0,6.0,0.0,1.0
前世,0.0,6.0,0.0,1.0
镜头,0.0,3.0,0.0,1.0
草木,0.0,3.0,0.0,1.0
焅,0.0,3.0,0.0,1.0
举措,0.0,3.0,0.0,1.0
道路,0.0,12.0,0.0,1.0
现货,0.0,6.0,0.0,1.0
稳定增长,0.0,3.0,0.0,1.0
合作伙伴,0.0,6.0,0.0,1.0
人民币,0.0,18.0,0.0,1.0
主机厂,0.0,6.0,0.0,1.0
低息,0.0,3.0,0.0,1.0
金融,0.0,3.0,0.0,1.0
把,3.0,3.0,0.5,0.5
双,0.0,15.0,0.0,1.0
环比,0.0,9.0,0.0,1.0
维多利亚,0.0,24.0,0.0,1.0
重中之重,0.0,3.0,0.0,1.0
已有,0.0,3.0,0.0,1.0
企业,3.0,66.0,0.043478260869565216,0.9565217391304348
最新,0.0,30.0,0.0,1.0
东,0.0,6.0,0.0,1.0
罗文,0.0,3.0,0.0,1.0
面向,3.0,9.0,0.25,0.75
经历,0.0,3.0,0.0,1.0
银河,0.0,6.0,0.0,1.0
2017,3.0,69.0,0.041666666666666664,0.9583333333333334
产业链,0.0,3.0,0.0,1.0
形势,0.0,6.0,0.0,1.0
首个,0.0,9.0,0.0,1.0
电梯,2.0,0.0,1.0,0.0
模拟,0.0,3.0,0.0,1.0
实地,0.0,3.0,0.0,1.0
淡然,0.0,3.0,0.0,1.0
保税,0.0,12.0,0.0,1.0
增加,0.0,6.0,0.0,1.0
A08,3.0,0.0,1.0,0.0
[,0.0,9.0,0.0,1.0
不俗,0.0,3.0,0.0,1.0
日中苏,0.0,6.0,0.0,1.0
归属,0.0,6.0,0.0,1.0
招投标,0.0,24.0,0.0,1.0
早前,0.0,6.0,0.0,1.0
承揽,0.0,3.0,0.0,1.0
自此,0.0,6.0,0.0,1.0
筑港,0.0,3.0,0.0,1.0
对应,0.0,3.0,0.0,1.0
首艘,3.0,0.0,1.0,0.0
90.4,0.0,6.0,0.0,1.0
多式,0.0,3.0,0.0,1.0
营收,0.0,3.0,0.0,1.0
集箱,0.0,39.0,0.0,1.0
源源不断,0.0,9.0,0.0,1.0
路,0.0,6.0,0.0,1.0
母公司,0.0,3.0,0.0,1.0
new,0.0,3.0,0.0,1.0
攀升,0.0,3.0,0.0,1.0
能够,0.0,6.0,0.0,1.0
指示,0.0,3.0,0.0,1.0
19130.8,0.0,3.0,0.0,1.0
专用,0.0,3.0,0.0,1.0
单独,0.0,3.0,0.0,1.0
位,6.0,3.0,0.6666666666666666,0.3333333333333333
40,0.0,12.0,0.0,1.0
汽车精品,0.0,3.0,0.0,1.0
克,0.0,21.0,0.0,1.0
今年年初,0.0,3.0,0.0,1.0
程泽,0.0,3.0,0.0,1.0
莫斯科,0.0,6.0,0.0,1.0
混,0.0,9.0,0.0,1.0
回吐,0.0,6.0,0.0,1.0
情形,0.0,6.0,0.0,1.0
集装箱运输,0.0,3.0,0.0,1.0
办公区,0.0,3.0,0.0,1.0
同时,0.0,21.0,0.0,1.0
周日,0.0,6.0,0.0,1.0
通用,0.0,6.0,0.0,1.0
运抵,3.0,0.0,1.0,0.0
15,0.0,12.0,0.0,1.0
30,0.0,15.0,0.0,1.0
更好,0.0,3.0,0.0,1.0
久,0.0,3.0,0.0,1.0
专家组,0.0,3.0,0.0,1.0
开放,0.0,30.0,0.0,1.0
进入,0.0,24.0,0.0,1.0
伊尔,0.0,27.0,0.0,1.0
删除,0.0,3.0,0.0,1.0
2.571,0.0,3.0,0.0,1.0
该,0.0,33.0,0.0,1.0
巴西,0.0,3.0,0.0,1.0
旧约,0.0,3.0,0.0,1.0
中海,0.0,18.0,0.0,1.0
10.0,0.0,6.0,0.0,1.0
据此,0.0,3.0,0.0,1.0
一桩,0.0,3.0,0.0,1.0
一汽,0.0,3.0,0.0,1.0
业务量,0.0,3.0,0.0,1.0
建设,3.0,183.0,0.016129032258064516,0.9838709677419355
网讯,0.0,3.0,0.0,1.0
98.5,0.0,12.0,0.0,1.0
牛股,0.0,9.0,0.0,1.0
重钢,3.0,0.0,1.0,0.0
浦发银行,0.0,3.0,0.0,1.0
有力,0.0,9.0,0.0,1.0
本次,0.0,6.0,0.0,1.0
两年,0.0,18.0,0.0,1.0
内,0.0,12.0,0.0,1.0
主导,0.0,6.0,0.0,1.0
不再,0.0,9.0,0.0,1.0
便是,0.0,3.0,0.0,1.0
4.46,0.0,3.0,0.0,1.0
【,0.0,51.0,0.0,1.0
及下,0.0,3.0,0.0,1.0
再,0.0,15.0,0.0,1.0
保障,0.0,6.0,0.0,1.0
沃罗腾斯克,0.0,6.0,0.0,1.0
检验,0.0,12.0,0.0,1.0
审议,0.0,6.0,0.0,1.0
行程,6.0,18.0,0.25,0.75
联姻,0.0,3.0,0.0,1.0
圈,0.0,6.0,0.0,1.0
有序,0.0,3.0,0.0,1.0
废止,0.0,3.0,0.0,1.0
董事会,0.0,12.0,0.0,1.0
现代化,3.0,0.0,1.0,0.0
合纵连横,0.0,3.0,0.0,1.0
连续,0.0,18.0,0.0,1.0
恐惧,0.0,3.0,0.0,1.0
筹划,0.0,3.0,0.0,1.0
豪华,0.0,12.0,0.0,1.0
去,0.0,3.0,0.0,1.0
辽,0.0,12.0,0.0,1.0
解民忧,3.0,0.0,1.0,0.0
分拆,0.0,3.0,0.0,1.0
2.5,0.0,3.0,0.0,1.0
0.3,0.0,3.0,0.0,1.0
油轮,0.0,24.0,0.0,1.0
0683,0.0,3.0,0.0,1.0
语音,0.0,6.0,0.0,1.0
公告,0.0,24.0,0.0,1.0
二日游,12.0,24.0,0.3333333333333333,0.6666666666666666
世纪,0.0,6.0,0.0,1.0
52.4,0.0,3.0,0.0,1.0
湾,0.0,9.0,0.0,1.0
供给,0.0,3.0,0.0,1.0
做,0.0,3.0,0.0,1.0
三资企业,0.0,3.0,0.0,1.0
库,0.0,9.0,0.0,1.0
拟建,0.0,3.0,0.0,1.0
镍合金,0.0,6.0,0.0,1.0
51.3,0.0,9.0,0.0,1.0
150517773373600357,0.0,3.0,0.0,1.0
期货,0.0,9.0,0.0,1.0
3.62,0.0,3.0,0.0,1.0
晚,0.0,9.0,0.0,1.0
根据,0.0,12.0,0.0,1.0
欧蓝德,0.0,9.0,0.0,1.0
微探,0.0,21.0,0.0,1.0
幸福,3.0,0.0,1.0,0.0
于,0.0,78.0,0.0,1.0
6.85,0.0,3.0,0.0,1.0
书记,0.0,9.0,0.0,1.0
扩大,0.0,6.0,0.0,1.0
快车道,0.0,3.0,0.0,1.0
招商,0.0,6.0,0.0,1.0
全国,0.0,27.0,0.0,1.0
热情,0.0,3.0,0.0,1.0
抽调,0.0,3.0,0.0,1.0
利息,0.0,9.0,0.0,1.0
宝铂,0.0,9.0,0.0,1.0
存续,0.0,9.0,0.0,1.0
小商品,0.0,9.0,0.0,1.0
两市,0.0,15.0,0.0,1.0
企中林,0.0,3.0,0.0,1.0
辽满,0.0,6.0,0.0,1.0
硬件,0.0,3.0,0.0,1.0
沿海,0.0,6.0,0.0,1.0
有迹,0.0,3.0,0.0,1.0
简要,0.0,3.0,0.0,1.0
投入,0.0,3.0,0.0,1.0
矿产品,0.0,9.0,0.0,1.0
已,0.0,45.0,0.0,1.0
直接,0.0,3.0,0.0,1.0
沿海港口,0.0,15.0,0.0,1.0
省委,0.0,3.0,0.0,1.0
运行,0.0,15.0,0.0,1.0
系统,0.0,12.0,0.0,1.0
涨近,0.0,3.0,0.0,1.0
余班,0.0,3.0,0.0,1.0
联合会,0.0,3.0,0.0,1.0
两大,0.0,3.0,0.0,1.0
精神,0.0,15.0,0.0,1.0
发布,0.0,9.0,0.0,1.0
邮轮,0.0,186.0,0.0,1.0
规定,0.0,3.0,0.0,1.0
有限,3.0,6.0,0.3333333333333333,0.6666666666666666
保持,0.0,9.0,0.0,1.0
问题,3.0,12.0,0.2,0.8
纷至沓来,0.0,3.0,0.0,1.0
意见,0.0,3.0,0.0,1.0
作业,0.0,39.0,0.0,1.0
高达,0.0,3.0,0.0,1.0
追踪,0.0,3.0,0.0,1.0
环境,0.0,3.0,0.0,1.0
投资者,0.0,12.0,0.0,1.0
海尔,0.0,3.0,0.0,1.0
在,17.0,222.0,0.07112970711297072,0.9288702928870293
自主,0.0,18.0,0.0,1.0
辽满欧,0.0,3.0,0.0,1.0
对标,0.0,3.0,0.0,1.0
走出,0.0,6.0,0.0,1.0
aspx,0.0,6.0,0.0,1.0
1951,0.0,6.0,0.0,1.0
画面,0.0,3.0,0.0,1.0
出去,0.0,9.0,0.0,1.0
驱动力,0.0,3.0,0.0,1.0
呈现,0.0,3.0,0.0,1.0
这个,0.0,3.0,0.0,1.0
整合,0.0,45.0,0.0,1.0
一个个,0.0,3.0,0.0,1.0
共享,0.0,3.0,0.0,1.0
确保,0.0,3.0,0.0,1.0
开展,0.0,12.0,0.0,1.0
昨日,0.0,3.0,0.0,1.0
铁路,0.0,54.0,0.0,1.0
qfgWqN56qzch7Qso2zU6wepFzz3icjCEIHyticF4g,0.0,3.0,0.0,1.0
44,0.0,3.0,0.0,1.0
提,0.0,3.0,0.0,1.0
2622,0.0,3.0,0.0,1.0
全面,3.0,12.0,0.2,0.8
通道,0.0,45.0,0.0,1.0
前列,0.0,3.0,0.0,1.0
四,0.0,3.0,0.0,1.0
03382,0.0,3.0,0.0,1.0
年,3.0,162.0,0.01818181818181818,0.9818181818181818
滚,0.0,6.0,0.0,1.0
具体,0.0,3.0,0.0,1.0
427455011227.00,0.0,3.0,0.0,1.0
东北三省,0.0,3.0,0.0,1.0
复牌,0.0,15.0,0.0,1.0
史江敏,0.0,3.0,0.0,1.0
1.8,0.0,3.0,0.0,1.0
归属于,0.0,3.0,0.0,1.0
努力,0.0,15.0,0.0,1.0
游客,0.0,9.0,0.0,1.0
累计,0.0,42.0,0.0,1.0
省内,0.0,9.0,0.0,1.0
开始,3.0,9.0,0.25,0.75
年利率,0.0,3.0,0.0,1.0
效能,0.0,3.0,0.0,1.0
总面积,0.0,3.0,0.0,1.0
这是,0.0,9.0,0.0,1.0
首次,0.0,24.0,0.0,1.0
资质,0.0,3.0,0.0,1.0
奔跑,0.0,6.0,0.0,1.0
自身,0.0,6.0,0.0,1.0
由,3.0,67.0,0.04285714285714286,0.9571428571428572
散粮,3.0,0.0,1.0,0.0
今年年底,0.0,6.0,0.0,1.0
开展业务,0.0,3.0,0.0,1.0
paAPM5UTze1iczd6jWO8e6yXIWAnqJYWfAjygseIiaQOQLJtvPgvjoGLiaA,0.0,3.0,0.0,1.0
着,2.0,33.0,0.05714285714285714,0.9428571428571428
扩至,0.0,6.0,0.0,1.0
唐山,0.0,3.0,0.0,1.0
9.97,0.0,6.0,0.0,1.0
敏锐地,3.0,0.0,1.0,0.0
对外,3.0,21.0,0.125,0.875
3,0.0,69.0,0.0,1.0
沈阳,0.0,6.0,0.0,1.0
切身感受,0.0,9.0,0.0,1.0
IMAGE,0.0,54.0,0.0,1.0
高效,0.0,6.0,0.0,1.0
基础,3.0,33.0,0.08333333333333333,0.9166666666666666
249,0.0,3.0,0.0,1.0
后方,0.0,3.0,0.0,1.0
港元,0.0,3.0,0.0,1.0
市政府,0.0,9.0,0.0,1.0
确定,0.0,3.0,0.0,1.0
效益,0.0,3.0,0.0,1.0
km2,0.0,6.0,0.0,1.0
集中,0.0,6.0,0.0,1.0
大型化,0.0,3.0,0.0,1.0
李鹏,0.0,3.0,0.0,1.0
转运,0.0,24.0,0.0,1.0
省委常委,0.0,6.0,0.0,1.0
定点医院,3.0,0.0,1.0,0.0
间接,0.0,3.0,0.0,1.0
出发,0.0,9.0,0.0,1.0
1000,0.0,9.0,0.0,1.0
田彤,0.0,3.0,0.0,1.0
上述,0.0,18.0,0.0,1.0
红土,0.0,3.0,0.0,1.0
交接仪式,0.0,3.0,0.0,1.0
价格,0.0,6.0,0.0,1.0
余公里,0.0,3.0,0.0,1.0
第十位,0.0,3.0,0.0,1.0
油脂,0.0,12.0,0.0,1.0
02,0.0,6.0,0.0,1.0
稳不稳,0.0,6.0,0.0,1.0
载货,3.0,0.0,1.0,0.0
这条,0.0,6.0,0.0,1.0
年底,0.0,9.0,0.0,1.0
始终,0.0,6.0,0.0,1.0
7.1,0.0,3.0,0.0,1.0
知名度,0.0,3.0,0.0,1.0
莱德,0.0,3.0,0.0,1.0
12.8,0.0,3.0,0.0,1.0
此,0.0,24.0,0.0,1.0
孙德泉边,0.0,3.0,0.0,1.0
督察组,3.0,0.0,1.0,0.0
51,0.0,3.0,0.0,1.0
收盘,0.0,3.0,0.0,1.0
涉及,0.0,9.0,0.0,1.0
编辑,0.0,6.0,0.0,1.0
大力,3.0,6.0,0.3333333333333333,0.6666666666666666
中欧,0.0,171.0,0.0,1.0
世,0.0,3.0,0.0,1.0
VLCC,0.0,3.0,0.0,1.0
将,12.0,171.0,0.06557377049180328,0.9344262295081968
认识,0.0,3.0,0.0,1.0
随着,0.0,27.0,0.0,1.0
A股,0.0,18.0,0.0,1.0
同年,0.0,3.0,0.0,1.0
师,3.0,0.0,1.0,0.0
专案,0.0,3.0,0.0,1.0
环保局,0.0,3.0,0.0,1.0
承办,0.0,3.0,0.0,1.0
决定,0.0,9.0,0.0,1.0
基础设施,0.0,9.0,0.0,1.0
出处,0.0,6.0,0.0,1.0
商务厅,3.0,0.0,1.0,0.0
外地,0.0,3.0,0.0,1.0
合作方,0.0,3.0,0.0,1.0
600190,0.0,6.0,0.0,1.0
所,6.0,9.0,0.4,0.6
开辟,0.0,15.0,0.0,1.0
成,3.0,15.0,0.16666666666666666,0.8333333333333334
东南,0.0,6.0,0.0,1.0
盘锦,0.0,3.0,0.0,1.0
13,0.0,30.0,0.0,1.0
驻军,0.0,3.0,0.0,1.0
近年来,3.0,15.0,0.16666666666666666,0.8333333333333334
ULCC,0.0,3.0,0.0,1.0
上,6.0,36.0,0.14285714285714285,0.8571428571428571
成立,0.0,9.0,0.0,1.0
达为,0.0,3.0,0.0,1.0
披露,0.0,6.0,0.0,1.0
辽宁,0.0,111.0,0.0,1.0
动能,0.0,3.0,0.0,1.0
发行,0.0,6.0,0.0,1.0
护航,0.0,3.0,0.0,1.0
经贸,0.0,6.0,0.0,1.0
便利化,0.0,3.0,0.0,1.0
执行,0.0,12.0,0.0,1.0
收盘价,0.0,15.0,0.0,1.0
示范,0.0,12.0,0.0,1.0
大石桥,0.0,3.0,0.0,1.0
检疫局,0.0,9.0,0.0,1.0
设计,0.0,6.0,0.0,1.0
换手率,0.0,3.0,0.0,1.0
海青摄,0.0,3.0,0.0,1.0
下行,0.0,6.0,0.0,1.0
等,6.0,165.0,0.03508771929824561,0.9649122807017544
王朝,0.0,6.0,0.0,1.0
整体,0.0,6.0,0.0,1.0
双核心,0.0,6.0,0.0,1.0
化工品,0.0,3.0,0.0,1.0
数据仓库,0.0,3.0,0.0,1.0
混合,0.0,3.0,0.0,1.0
newchart,0.0,3.0,0.0,1.0
尽可能,3.0,0.0,1.0,0.0
转变,0.0,6.0,0.0,1.0
300,0.0,3.0,0.0,1.0
做大,3.0,0.0,1.0,0.0
载体,0.0,9.0,0.0,1.0
COSCO,0.0,1.0,0.0,1.0
各国,0.0,15.0,0.0,1.0
转身,0.0,3.0,0.0,1.0
面积,0.0,18.0,0.0,1.0
皆,0.0,3.0,0.0,1.0
5.25,0.0,3.0,0.0,1.0
考察,0.0,6.0,0.0,1.0
今日,0.0,18.0,0.0,1.0
淡水,0.0,21.0,0.0,1.0
21.9,0.0,3.0,0.0,1.0
股票,0.0,6.0,0.0,1.0
桩,0.0,3.0,0.0,1.0
持平,0.0,3.0,0.0,1.0
分享,0.0,3.0,0.0,1.0
台,3.0,0.0,1.0,0.0
教育,0.0,3.0,0.0,1.0
助推,0.0,24.0,0.0,1.0
驱车,0.0,3.0,0.0,1.0
第一手,0.0,3.0,0.0,1.0
77,0.0,3.0,0.0,1.0
进出,0.0,3.0,0.0,1.0
亚欧,0.0,3.0,0.0,1.0
km,0.0,3.0,0.0,1.0
三星电子,0.0,3.0,0.0,1.0
25,0.0,3.0,0.0,1.0
以,3.0,81.0,0.03571428571428571,0.9642857142857143
各类,3.0,0.0,1.0,0.0
第三方,0.0,6.0,0.0,1.0
话筒,0.0,3.0,0.0,1.0
赋予,0.0,3.0,0.0,1.0
继承,0.0,3.0,0.0,1.0
密切,0.0,3.0,0.0,1.0
迁,0.0,3.0,0.0,1.0
工作,3.0,24.0,0.1111111111111111,0.8888888888888888
嘉能,0.0,6.0,0.0,1.0
从而,0.0,3.0,0.0,1.0
首都,0.0,3.0,0.0,1.0
客户端,0.0,3.0,0.0,1.0
人群,3.0,0.0,1.0,0.0
会议,0.0,9.0,0.0,1.0
提请,0.0,3.0,0.0,1.0
一脉相承,0.0,3.0,0.0,1.0
这些,0.0,6.0,0.0,1.0
婷婷,0.0,3.0,0.0,1.0
市民,6.0,12.0,0.3333333333333333,0.6666666666666666
广泛,0.0,3.0,0.0,1.0
本报,0.0,3.0,0.0,1.0
点,0.0,12.0,0.0,1.0
宇华,0.0,3.0,0.0,1.0
新,0.0,87.0,0.0,1.0
上涨,0.0,9.0,0.0,1.0
是,0.0,114.0,0.0,1.0
一流,0.0,6.0,0.0,1.0
议案,0.0,12.0,0.0,1.0
泽,0.0,3.0,0.0,1.0
拟,0.0,6.0,0.0,1.0
顺应,0.0,3.0,0.0,1.0
疯狂,0.0,3.0,0.0,1.0
标志,0.0,15.0,0.0,1.0
规模,0.0,9.0,0.0,1.0
打开,0.0,21.0,0.0,1.0
物,0.0,21.0,0.0,1.0
启航,0.0,6.0,0.0,1.0
俄,0.0,33.0,0.0,1.0
美国,0.0,2.0,0.0,1.0
全球,0.0,30.0,0.0,1.0
处于,0.0,15.0,0.0,1.0
混改,0.0,3.0,0.0,1.0
做优,0.0,3.0,0.0,1.0
北斗,0.0,6.0,0.0,1.0
中粮,0.0,3.0,0.0,1.0
出现,0.0,12.0,0.0,1.0
改装,0.0,3.0,0.0,1.0
电子商务,0.0,3.0,0.0,1.0
凸现,0.0,3.0,0.0,1.0
照,3.0,0.0,1.0,0.0
55,0.0,3.0,0.0,1.0
舟山,0.0,3.0,0.0,1.0
副总经理,0.0,9.0,0.0,1.0
组织,0.0,9.0,0.0,1.0
千股,0.0,3.0,0.0,1.0
日起,0.0,6.0,0.0,1.0
地,3.0,27.0,0.1,0.9
PSA,0.0,6.0,0.0,1.0
缩短,0.0,3.0,0.0,1.0
急升,0.0,3.0,0.0,1.0
间,0.0,9.0,0.0,1.0
第二代,3.0,0.0,1.0,0.0
单,0.0,3.0,0.0,1.0
物流网,0.0,9.0,0.0,1.0
达到,0.0,15.0,0.0,1.0
开,0.0,9.0,0.0,1.0
PSAChina,0.0,9.0,0.0,1.0
　,0.0,834.0,0.0,1.0
逐渐,0.0,12.0,0.0,1.0
奠定,0.0,3.0,0.0,1.0
08,3.0,18.0,0.14285714285714285,0.8571428571428571
走,0.0,9.0,0.0,1.0
光荣,0.0,3.0,0.0,1.0
中转,3.0,15.0,0.16666666666666666,0.8333333333333334
趁着,3.0,0.0,1.0,0.0
积极,6.0,21.0,0.2222222222222222,0.7777777777777778
飙,0.0,3.0,0.0,1.0
旅行社,0.0,3.0,0.0,1.0
白俄罗斯,0.0,6.0,0.0,1.0
100,0.0,9.0,0.0,1.0
产业园,0.0,9.0,0.0,1.0
功能齐全,0.0,3.0,0.0,1.0
哈欧,0.0,3.0,0.0,1.0
远,0.0,3.0,0.0,1.0
4,3.0,97.0,0.03,0.97
发现,3.0,3.0,0.5,0.5
4.5,0.0,3.0,0.0,1.0
与央,0.0,3.0,0.0,1.0
圈定,0.0,3.0,0.0,1.0
据悉,0.0,6.0,0.0,1.0
更是,0.0,3.0,0.0,1.0
财经,0.0,18.0,0.0,1.0
mVibTWdMH78mzPUxibE2nibphIcVEHd0RcCUNgQcKgx4rVOeJ4PUvtQMFMw58FJBlMSXf5OFmNibcX31iaM551gs9Rw,0.0,3.0,0.0,1.0
新增,0.0,6.0,0.0,1.0
上午,0.0,3.0,0.0,1.0
等等,0.0,3.0,0.0,1.0
统一经营,0.0,12.0,0.0,1.0
无人,0.0,9.0,0.0,1.0
7000,0.0,3.0,0.0,1.0
以外,0.0,3.0,0.0,1.0
远海,0.0,3.0,0.0,1.0
一些,0.0,3.0,0.0,1.0
减产,0.0,3.0,0.0,1.0
新一轮,0.0,12.0,0.0,1.0
226,0.0,24.0,0.0,1.0
TEU,0.0,18.0,0.0,1.0
吸引,0.0,15.0,0.0,1.0
伴随,0.0,15.0,0.0,1.0
科技,0.0,12.0,0.0,1.0
混矿,0.0,36.0,0.0,1.0
条约,0.0,6.0,0.0,1.0
建筑群,0.0,3.0,0.0,1.0
主体,0.0,30.0,0.0,1.0
机构,0.0,6.0,0.0,1.0
矿船,0.0,3.0,0.0,1.0
销往,0.0,3.0,0.0,1.0
不仅仅,0.0,3.0,0.0,1.0
深赤湾,0.0,3.0,0.0,1.0
平台,0.0,66.0,0.0,1.0
全日,0.0,3.0,0.0,1.0
软件,0.0,6.0,0.0,1.0
起来,3.0,0.0,1.0,0.0
取料机,3.0,0.0,1.0,0.0
摘要,0.0,3.0,0.0,1.0
水深,0.0,3.0,0.0,1.0
外界,0.0,3.0,0.0,1.0
发展趋势,0.0,3.0,0.0,1.0
笔者,3.0,0.0,1.0,0.0
粮油,3.0,6.0,0.3333333333333333,0.6666666666666666
争其,0.0,3.0,0.0,1.0
(,3.0,88.0,0.03296703296703297,0.967032967032967
启运,3.0,0.0,1.0,0.0
剩下,0.0,3.0,0.0,1.0
（,9.0,215.0,0.04017857142857143,0.9598214285714286
周四,0.0,6.0,0.0,1.0
缴足,0.0,3.0,0.0,1.0
更,0.0,33.0,0.0,1.0
保留,0.0,3.0,0.0,1.0
司机,0.0,3.0,0.0,1.0
架构,0.0,3.0,0.0,1.0
二期,0.0,1.0,0.0,1.0
以及,3.0,24.0,0.1111111111111111,0.8888888888888888
克到,0.0,6.0,0.0,1.0
作用,3.0,9.0,0.25,0.75
客流量,0.0,3.0,0.0,1.0
长城汽车,0.0,6.0,0.0,1.0
获取,0.0,3.0,0.0,1.0
解释,0.0,3.0,0.0,1.0
14,0.0,36.0,0.0,1.0
顺便,0.0,3.0,0.0,1.0
jZQibHCuicIg6oBBHXribOFNOUMlODGX7586ibm7msO2hREy1CBknqPQEfTNmchJy08wvD8FnDGBcto6ibelgrImXug,0.0,3.0,0.0,1.0
货物运输,0.0,6.0,0.0,1.0
总理,0.0,3.0,0.0,1.0
6018802.92,0.0,3.0,0.0,1.0
日益,0.0,6.0,0.0,1.0
大公报,0.0,3.0,0.0,1.0
世界级,0.0,3.0,0.0,1.0
一个集,0.0,3.0,0.0,1.0
改造,0.0,3.0,0.0,1.0
亦,0.0,9.0,0.0,1.0
验证,0.0,3.0,0.0,1.0
太平洋,0.0,18.0,0.0,1.0
-,6.0,69.0,0.08,0.92
三年,0.0,3.0,0.0,1.0
工程车,0.0,6.0,0.0,1.0
代销,0.0,3.0,0.0,1.0
创,0.0,9.0,0.0,1.0
看,0.0,9.0,0.0,1.0
振兴,0.0,15.0,0.0,1.0
1899,0.0,9.0,0.0,1.0
不言而喻,0.0,3.0,0.0,1.0
办法,0.0,54.0,0.0,1.0
呈,0.0,9.0,0.0,1.0
韩国,0.0,12.0,0.0,1.0
长持,0.0,3.0,0.0,1.0
96,0.0,6.0,0.0,1.0
走向,0.0,3.0,0.0,1.0
…,0.0,6.0,0.0,1.0
木材,0.0,9.0,0.0,1.0
精干,0.0,3.0,0.0,1.0
而今,0.0,3.0,0.0,1.0
1500,0.0,3.0,0.0,1.0
优越,0.0,6.0,0.0,1.0
长三角,0.0,9.0,0.0,1.0
功能区,0.0,6.0,0.0,1.0
组成部分,0.0,3.0,0.0,1.0
600317,0.0,6.0,0.0,1.0
事项,0.0,9.0,0.0,1.0
领导,0.0,6.0,0.0,1.0
大型,3.0,18.0,0.14285714285714285,0.8571428571428571
此次,0.0,12.0,0.0,1.0
一季度,0.0,21.0,0.0,1.0
国门,0.0,6.0,0.0,1.0
中国,3.0,70.0,0.0410958904109589,0.958904109589041
体制,0.0,9.0,0.0,1.0
下属,0.0,6.0,0.0,1.0
:,0.0,63.0,0.0,1.0
持股,0.0,3.0,0.0,1.0
发挥,0.0,9.0,0.0,1.0
大彻大悟,0.0,3.0,0.0,1.0
批,3.0,3.0,0.5,0.5
福田,0.0,15.0,0.0,1.0
资本,0.0,6.0,0.0,1.0
当地,0.0,3.0,0.0,1.0
阵营,0.0,15.0,0.0,1.0
自贸,0.0,3.0,0.0,1.0
大盘股,0.0,3.0,0.0,1.0
瞬间,0.0,3.0,0.0,1.0
新纪元,0.0,3.0,0.0,1.0
对象,0.0,3.0,0.0,1.0
加大,3.0,9.0,0.25,0.75
官方,0.0,3.0,0.0,1.0
增持,0.0,3.0,0.0,1.0
追究,0.0,6.0,0.0,1.0
06169,0.0,6.0,0.0,1.0
原,0.0,15.0,0.0,1.0
成千上万,0.0,3.0,0.0,1.0
辖,0.0,3.0,0.0,1.0
走边,0.0,3.0,0.0,1.0
过半,0.0,9.0,0.0,1.0
响亮,0.0,3.0,0.0,1.0
10,0.0,12.0,0.0,1.0
80,0.0,3.0,0.0,1.0
亿元,0.0,57.0,0.0,1.0
大连商品交易所,0.0,3.0,0.0,1.0
冶炼,0.0,3.0,0.0,1.0
昨,0.0,3.0,0.0,1.0
被套,0.0,3.0,0.0,1.0
碧水,0.0,3.0,0.0,1.0
亟待,0.0,3.0,0.0,1.0
获,0.0,3.0,0.0,1.0
仓储,3.0,12.0,0.2,0.8
形式,0.0,3.0,0.0,1.0
投诉,3.0,0.0,1.0,0.0
齐齐发,0.0,3.0,0.0,1.0
精品,0.0,21.0,0.0,1.0
有流,0.0,9.0,0.0,1.0
mmbiz,0.0,93.0,0.0,1.0
诺,0.0,24.0,0.0,1.0
04,0.0,3.0,0.0,1.0
史册,0.0,6.0,0.0,1.0
经过,3.0,6.0,0.3333333333333333,0.6666666666666666
协定,0.0,3.0,0.0,1.0
感受,0.0,6.0,0.0,1.0
2004,0.0,3.0,0.0,1.0
营口港,3.0,42.0,0.06666666666666667,0.9333333333333333
期间,0.0,3.0,0.0,1.0
大庆市,0.0,3.0,0.0,1.0
K,0.0,6.0,0.0,1.0
智慧,0.0,21.0,0.0,1.0
优势,9.0,39.0,0.1875,0.8125
马士基,0.0,12.0,0.0,1.0
供应商,0.0,9.0,0.0,1.0
还是,0.0,3.0,0.0,1.0
参加,0.0,3.0,0.0,1.0
品读,0.0,6.0,0.0,1.0
短线,0.0,6.0,0.0,1.0
加速,0.0,18.0,0.0,1.0
单位,0.0,21.0,0.0,1.0
联集,0.0,3.0,0.0,1.0
绝,0.0,3.0,0.0,1.0
增速,0.0,3.0,0.0,1.0
经济网,0.0,4.0,0.0,1.0
@,0.0,3.0,0.0,1.0
发展,3.0,120.0,0.024390243902439025,0.975609756097561
从,3.0,57.0,0.05,0.95
50,0.0,30.0,0.0,1.0
=,0.0,144.0,0.0,1.0
更密,0.0,3.0,0.0,1.0
式,0.0,6.0,0.0,1.0
天,0.0,3.0,0.0,1.0
2000,0.0,3.0,0.0,1.0
白砂糖,0.0,3.0,0.0,1.0
48.15,0.0,3.0,0.0,1.0
其次,0.0,3.0,0.0,1.0
南北,0.0,3.0,0.0,1.0
专业,0.0,3.0,0.0,1.0
sUENZ4j2EgOZJnfZWia0iaLwWY7K9CY74euW5dV8Lic4outU55ngLQUbWtscBS21U1gKHNibkcewmLRKBicfJPaVrKA,0.0,3.0,0.0,1.0
长线,0.0,3.0,0.0,1.0
对接,0.0,3.0,0.0,1.0
新港,0.0,3.0,0.0,1.0
走进,6.0,6.0,0.5,0.5
文化娱乐,0.0,3.0,0.0,1.0
北燃,0.0,3.0,0.0,1.0
近,0.0,21.0,0.0,1.0
加强,3.0,6.0,0.3333333333333333,0.6666666666666666
休闲,0.0,3.0,0.0,1.0
央企中林,0.0,6.0,0.0,1.0
卸船,0.0,3.0,0.0,1.0
单月,0.0,3.0,0.0,1.0
库斯,0.0,27.0,0.0,1.0
同比增加,0.0,9.0,0.0,1.0
超过,0.0,6.0,0.0,1.0
集,0.0,6.0,0.0,1.0
机制,0.0,3.0,0.0,1.0
需求,3.0,9.0,0.25,0.75
超,0.0,3.0,0.0,1.0
苑,3.0,6.0,0.3333333333333333,0.6666666666666666
水运,0.0,3.0,0.0,1.0
&,0.0,24.0,0.0,1.0
作业量,0.0,12.0,0.0,1.0
召集,3.0,0.0,1.0,0.0
效率,0.0,12.0,0.0,1.0
news,0.0,3.0,0.0,1.0
港向,0.0,3.0,0.0,1.0
系在,0.0,6.0,0.0,1.0
土地,0.0,3.0,0.0,1.0
53,0.0,3.0,0.0,1.0
达沃斯,0.0,6.0,0.0,1.0
诊断,0.0,3.0,0.0,1.0
qfgWqN56qzdlyibict0NTVy736rBjCX1XOcmF8h5oUdFSRshMf5BW9ziaqFicqd0De4QYK3ricqb5XVGpHe88CicsRGw,0.0,6.0,0.0,1.0
石化,0.0,3.0,0.0,1.0
充分利用,0.0,3.0,0.0,1.0
大概,0.0,6.0,0.0,1.0
荣耀,0.0,3.0,0.0,1.0
外向型,0.0,3.0,0.0,1.0
秦港,0.0,3.0,0.0,1.0
部分,0.0,9.0,0.0,1.0
开得,0.0,6.0,0.0,1.0
储备,0.0,12.0,0.0,1.0
班列,0.0,279.0,0.0,1.0
》,0.0,81.0,0.0,1.0
临港,3.0,18.0,0.14285714285714285,0.8571428571428571
苏联,0.0,12.0,0.0,1.0
服务体系,0.0,6.0,0.0,1.0
历史沿革,0.0,3.0,0.0,1.0
会,0.0,21.0,0.0,1.0
谭作钧,0.0,12.0,0.0,1.0
设,0.0,6.0,0.0,1.0
覆盖,0.0,9.0,0.0,1.0
主动,0.0,6.0,0.0,1.0
意义,0.0,3.0,0.0,1.0
康,0.0,3.0,0.0,1.0
2880,0.0,9.0,0.0,1.0
纳入,0.0,9.0,0.0,1.0
49,0.0,3.0,0.0,1.0
主营业务,0.0,3.0,0.0,1.0
06099,0.0,3.0,0.0,1.0
基本面,0.0,3.0,0.0,1.0
一只,0.0,3.0,0.0,1.0
立即,0.0,3.0,0.0,1.0
第十八条,0.0,3.0,0.0,1.0
媒体,0.0,15.0,0.0,1.0
小麦,0.0,3.0,0.0,1.0
下称,0.0,9.0,0.0,1.0
主办,0.0,6.0,0.0,1.0
未,0.0,12.0,0.0,1.0
自行,0.0,9.0,0.0,1.0
合影,3.0,0.0,1.0,0.0
月,3.0,245.0,0.012096774193548387,0.9879032258064516
故股,0.0,3.0,0.0,1.0
人,0.0,33.0,0.0,1.0
商报讯,0.0,3.0,0.0,1.0
接待,0.0,15.0,0.0,1.0
尽快,3.0,0.0,1.0,0.0
撑起,3.0,0.0,1.0,0.0
专家,0.0,3.0,0.0,1.0
收益,0.0,9.0,0.0,1.0
相应,0.0,3.0,0.0,1.0
群岛,6.0,0.0,1.0,0.0
天津港,0.0,6.0,0.0,1.0
诊股,0.0,16.0,0.0,1.0
林静文,0.0,3.0,0.0,1.0
吸纳,0.0,3.0,0.0,1.0
医院,11.0,0.0,1.0,0.0
以下,0.0,57.0,0.0,1.0
流向,0.0,3.0,0.0,1.0
物流,0.0,210.0,0.0,1.0
滚装船,0.0,6.0,0.0,1.0
13.75,0.0,3.0,0.0,1.0
中新社,0.0,3.0,0.0,1.0
解读,0.0,3.0,0.0,1.0
ImageType,0.0,6.0,0.0,1.0
第一季度,0.0,3.0,0.0,1.0
一带,3.0,96.0,0.030303030303030304,0.9696969696969697
患者,2.0,0.0,1.0,0.0
1904,0.0,3.0,0.0,1.0
所有人,0.0,3.0,0.0,1.0
九三,0.0,3.0,0.0,1.0
两个,0.0,9.0,0.0,1.0
商务部,3.0,0.0,1.0,0.0
明显,0.0,6.0,0.0,1.0
内燃机车,6.0,0.0,1.0,0.0
联动,0.0,3.0,0.0,1.0
0.1,0.0,6.0,0.0,1.0
重大,0.0,9.0,0.0,1.0
签署,0.0,15.0,0.0,1.0
称,0.0,24.0,0.0,1.0
做好,0.0,6.0,0.0,1.0
线路,0.0,24.0,0.0,1.0
意愿,0.0,3.0,0.0,1.0
广揽,0.0,6.0,0.0,1.0
本,0.0,6.0,0.0,1.0
建议,0.0,15.0,0.0,1.0
力量,0.0,3.0,0.0,1.0
前往,0.0,3.0,0.0,1.0
招商局,0.0,36.0,0.0,1.0
城市,0.0,6.0,0.0,1.0
微观,0.0,3.0,0.0,1.0
追寻,0.0,6.0,0.0,1.0
俄罗斯,0.0,72.0,0.0,1.0
占,0.0,30.0,0.0,1.0
04ef3be0,0.0,3.0,0.0,1.0
航线,0.0,18.0,0.0,1.0
追溯,0.0,6.0,0.0,1.0
顺畅,0.0,3.0,0.0,1.0
时,0.0,15.0,0.0,1.0
关连,0.0,6.0,0.0,1.0
680,0.0,6.0,0.0,1.0
22,0.0,6.0,0.0,1.0
领先,0.0,3.0,0.0,1.0
管理,0.0,57.0,0.0,1.0
依次,0.0,6.0,0.0,1.0
沿,0.0,3.0,0.0,1.0
讲话,0.0,3.0,0.0,1.0
收获,0.0,3.0,0.0,1.0
承担,0.0,9.0,0.0,1.0
三星,0.0,18.0,0.0,1.0
21152,0.0,3.0,0.0,1.0
做强,0.0,6.0,0.0,1.0
旗下,0.0,21.0,0.0,1.0
大连市,3.0,12.0,0.2,0.8
使,3.0,12.0,0.2,0.8
30.1,0.0,3.0,0.0,1.0
巨量,0.0,3.0,0.0,1.0
德班港,3.0,0.0,1.0,0.0
寻,0.0,3.0,0.0,1.0
成熟,0.0,3.0,0.0,1.0
港人,0.0,3.0,0.0,1.0
视频,0.0,3.0,0.0,1.0
制约,0.0,3.0,0.0,1.0
区域,0.0,18.0,0.0,1.0
且,0.0,3.0,0.0,1.0
对比,0.0,3.0,0.0,1.0
然后,0.0,9.0,0.0,1.0
爆发式,0.0,3.0,0.0,1.0
近日,0.0,6.0,0.0,1.0
能源,0.0,9.0,0.0,1.0
海城,3.0,0.0,1.0,0.0
前后,3.0,0.0,1.0,0.0
流程,0.0,3.0,0.0,1.0
1905,0.0,6.0,0.0,1.0
投产,0.0,15.0,0.0,1.0
两岸,3.0,0.0,1.0,0.0
关心,0.0,3.0,0.0,1.0
尽致,0.0,3.0,0.0,1.0
相继,0.0,3.0,0.0,1.0
苦熬,0.0,3.0,0.0,1.0
须,0.0,6.0,0.0,1.0
出资,0.0,3.0,0.0,1.0
中心站,0.0,12.0,0.0,1.0
一体化,0.0,18.0,0.0,1.0
交通运输,0.0,3.0,0.0,1.0
业,0.0,3.0,0.0,1.0
走强,0.0,3.0,0.0,1.0
定期,0.0,3.0,0.0,1.0
）,9.0,215.0,0.04017857142857143,0.9598214285714286
环渤海,0.0,6.0,0.0,1.0
威海,0.0,9.0,0.0,1.0
里面,0.0,3.0,0.0,1.0
投资,0.0,36.0,0.0,1.0
正在,0.0,9.0,0.0,1.0
1997,0.0,3.0,0.0,1.0
智能,0.0,12.0,0.0,1.0
低价股,0.0,15.0,0.0,1.0
万立方米,0.0,3.0,0.0,1.0
中小企业,0.0,3.0,0.0,1.0
辉煌,0.0,9.0,0.0,1.0
共计,0.0,6.0,0.0,1.0
联盟,0.0,7.0,0.0,1.0
H股,0.0,12.0,0.0,1.0
信息,0.0,12.0,0.0,1.0
紧密联系,0.0,3.0,0.0,1.0
委员会,0.0,3.0,0.0,1.0
服务业,0.0,9.0,0.0,1.0
勃发,0.0,3.0,0.0,1.0
现金,0.0,12.0,0.0,1.0
落实,0.0,12.0,0.0,1.0
五年,0.0,3.0,0.0,1.0
一直,0.0,3.0,0.0,1.0
配件,3.0,0.0,1.0,0.0
2018,0.0,6.0,0.0,1.0
IT,0.0,3.0,0.0,1.0
保,0.0,3.0,0.0,1.0
参考文献,0.0,6.0,0.0,1.0
6019896.39,0.0,3.0,0.0,1.0
注,0.0,6.0,0.0,1.0
韩,0.0,39.0,0.0,1.0
四大,0.0,3.0,0.0,1.0
量,0.0,15.0,0.0,1.0
操作,0.0,18.0,0.0,1.0
外贸部,0.0,6.0,0.0,1.0
广阔,0.0,3.0,0.0,1.0
分布,0.0,3.0,0.0,1.0
起,0.0,18.0,0.0,1.0
领衔,0.0,3.0,0.0,1.0
壹号,3.0,0.0,1.0,0.0
力撑,0.0,3.0,0.0,1.0
腾飞,0.0,6.0,0.0,1.0
地位,0.0,6.0,0.0,1.0
没有,0.0,3.0,0.0,1.0
亚洲,0.0,6.0,0.0,1.0
QeibaIVqiaqLy76IianDUPFZaSNKvpy7Thyy0kzj98QrYujYZls2q10NC1UM6ftuOjN9usMUCyMe9gh61eyAGfibdA,0.0,3.0,0.0,1.0
种植,0.0,3.0,0.0,1.0
水果,0.0,10.0,0.0,1.0
今天,0.0,3.0,0.0,1.0
仕季,0.0,3.0,0.0,1.0
列为,0.0,3.0,0.0,1.0
美息,0.0,3.0,0.0,1.0
瑞典,0.0,6.0,0.0,1.0
早日,3.0,0.0,1.0,0.0
实践,0.0,3.0,0.0,1.0
门户,0.0,9.0,0.0,1.0
换乘,0.0,3.0,0.0,1.0
滚装,0.0,33.0,0.0,1.0
等级,0.0,6.0,0.0,1.0
海运,0.0,28.0,0.0,1.0
：,3.0,117.0,0.025,0.975
山东,0.0,6.0,0.0,1.0
得到,0.0,3.0,0.0,1.0
今年以来,0.0,12.0,0.0,1.0
引领,0.0,6.0,0.0,1.0
商等,0.0,3.0,0.0,1.0
分,0.0,6.0,0.0,1.0
经理,0.0,6.0,0.0,1.0
0.161,0.0,3.0,0.0,1.0
需,0.0,9.0,0.0,1.0
fPo8AricN2sY3464u1tXxK3M7VosulVLoUEWUqXGuDnxNYZtPz5v6nZzcJLgaEfKgCic4T974d7tvclLtA,0.0,3.0,0.0,1.0
马全宇,0.0,9.0,0.0,1.0
时代,0.0,3.0,0.0,1.0
客运站,0.0,3.0,0.0,1.0
不利因素,0.0,3.0,0.0,1.0
问,0.0,6.0,0.0,1.0
债券,0.0,6.0,0.0,1.0
省区,0.0,3.0,0.0,1.0
这支,3.0,0.0,1.0,0.0
签订,0.0,3.0,0.0,1.0
水域,0.0,3.0,0.0,1.0
万美元,0.0,15.0,0.0,1.0
显示,0.0,6.0,0.0,1.0
力度,0.0,3.0,0.0,1.0
转型,0.0,12.0,0.0,1.0
欧洲各国,0.0,9.0,0.0,1.0
难,0.0,3.0,0.0,1.0
海域,0.0,3.0,0.0,1.0
阶段,0.0,9.0,0.0,1.0
为例,3.0,3.0,0.5,0.5
《,0.0,81.0,0.0,1.0
实缴,0.0,3.0,0.0,1.0
1998,0.0,6.0,0.0,1.0
10.99,0.0,3.0,0.0,1.0
港务,0.0,12.0,0.0,1.0
大幅,0.0,3.0,0.0,1.0
交流,0.0,6.0,0.0,1.0
直航,0.0,4.0,0.0,1.0
万吨级,0.0,12.0,0.0,1.0
多个,0.0,12.0,0.0,1.0
min,0.0,6.0,0.0,1.0
成品油,0.0,3.0,0.0,1.0
0.2934,0.0,3.0,0.0,1.0
104,0.0,3.0,0.0,1.0
核心,3.0,24.0,0.1111111111111111,0.8888888888888888
业态,0.0,3.0,0.0,1.0
货物,0.0,24.0,0.0,1.0
子公司,0.0,15.0,0.0,1.0
应用,0.0,12.0,0.0,1.0
倡议,0.0,21.0,0.0,1.0
经济,0.0,24.0,0.0,1.0
混配,0.0,3.0,0.0,1.0
渔家,3.0,12.0,0.2,0.8
竞争力,3.0,12.0,0.2,0.8
集团公司,0.0,3.0,0.0,1.0
6,0.0,45.0,0.0,1.0
逐步,0.0,3.0,0.0,1.0
开放日,3.0,3.0,0.5,0.5
附属,0.0,18.0,0.0,1.0
最终,0.0,6.0,0.0,1.0
景区,0.0,3.0,0.0,1.0
沿革,0.0,3.0,0.0,1.0
宣布,0.0,6.0,0.0,1.0
其,0.0,30.0,0.0,1.0
9,9.0,18.0,0.3333333333333333,0.6666666666666666
当天,0.0,3.0,0.0,1.0
对内,3.0,3.0,0.5,0.5
华东,0.0,9.0,0.0,1.0
仍,0.0,12.0,0.0,1.0
集装箱,6.0,202.0,0.028846153846153848,0.9711538461538461
夫,0.0,3.0,0.0,1.0
473.7,0.0,3.0,0.0,1.0
多来,0.0,9.0,0.0,1.0
优化,0.0,6.0,0.0,1.0
便,0.0,3.0,0.0,1.0
港区,0.0,39.0,0.0,1.0
设备,0.0,6.0,0.0,1.0
热点,0.0,12.0,0.0,1.0
全资,0.0,18.0,0.0,1.0
唯一,0.0,9.0,0.0,1.0
密,0.0,3.0,0.0,1.0
11,0.0,15.0,0.0,1.0
东莞,0.0,9.0,0.0,1.0
进出港,0.0,12.0,0.0,1.0
延伸,0.0,3.0,0.0,1.0
顶层,0.0,6.0,0.0,1.0
精彩内容,0.0,6.0,0.0,1.0
行,3.0,15.0,0.16666666666666666,0.8333333333333334
老,0.0,33.0,0.0,1.0
均价,0.0,3.0,0.0,1.0
创新,0.0,36.0,0.0,1.0
拟向,0.0,3.0,0.0,1.0
自由,3.0,9.0,0.25,0.75
889.4,0.0,3.0,0.0,1.0
依旧,0.0,3.0,0.0,1.0
中联,0.0,3.0,0.0,1.0
而言,0.0,3.0,0.0,1.0
四个,0.0,3.0,0.0,1.0
编制,0.0,21.0,0.0,1.0
李猛,0.0,6.0,0.0,1.0
包括,0.0,6.0,0.0,1.0
下半年,0.0,3.0,0.0,1.0
据,0.0,12.0,0.0,1.0
空运,0.0,3.0,0.0,1.0
卡卢加,0.0,3.0,0.0,1.0
需要,0.0,3.0,0.0,1.0
内参,0.0,3.0,0.0,1.0
倍增,0.0,9.0,0.0,1.0
采购,3.0,0.0,1.0,0.0
中标,0.0,6.0,0.0,1.0
gif,0.0,12.0,0.0,1.0
qpic,0.0,45.0,0.0,1.0
商贸,0.0,3.0,0.0,1.0
上海,0.0,9.0,0.0,1.0
中国林业,0.0,6.0,0.0,1.0
试,0.0,3.0,0.0,1.0
代储,0.0,3.0,0.0,1.0
促成,0.0,3.0,0.0,1.0
促进,0.0,6.0,0.0,1.0
哈大线,0.0,12.0,0.0,1.0
后续,0.0,3.0,0.0,1.0
增势,0.0,3.0,0.0,1.0
贴心,0.0,9.0,0.0,1.0
箱量,0.0,3.0,0.0,1.0
是否,0.0,3.0,0.0,1.0
事务所,0.0,6.0,0.0,1.0
造成,0.0,3.0,0.0,1.0
12.5,0.0,6.0,0.0,1.0
负责,0.0,6.0,0.0,1.0
经验,0.0,3.0,0.0,1.0
省级,0.0,3.0,0.0,1.0
代种,0.0,3.0,0.0,1.0
亿建,0.0,6.0,0.0,1.0
遍体鳞伤,0.0,3.0,0.0,1.0
去年,0.0,6.0,0.0,1.0
变更,0.0,3.0,0.0,1.0
建筑,0.0,6.0,0.0,1.0
中国芯,0.0,3.0,0.0,1.0
大部分,0.0,3.0,0.0,1.0
31,0.0,16.0,0.0,1.0
上市公司,0.0,6.0,0.0,1.0
港口,0.0,288.0,0.0,1.0
落地,3.0,15.0,0.16666666666666666,0.8333333333333334
情况,0.0,12.0,0.0,1.0
并未,0.0,3.0,0.0,1.0
代理,0.0,9.0,0.0,1.0
天津,3.0,3.0,0.5,0.5
绵长,0.0,3.0,0.0,1.0
迎来,0.0,9.0,0.0,1.0
运往,0.0,9.0,0.0,1.0
黑龙江,0.0,9.0,0.0,1.0
集散地,0.0,3.0,0.0,1.0
图史,0.0,6.0,0.0,1.0
JP89nacmbXYgic,0.0,3.0,0.0,1.0
注视,0.0,3.0,0.0,1.0
带港,0.0,6.0,0.0,1.0
简明,0.0,6.0,0.0,1.0
升幅,0.0,3.0,0.0,1.0
条件,3.0,27.0,0.1,0.9
改电,0.0,3.0,0.0,1.0
货,0.0,3.0,0.0,1.0
试验,0.0,3.0,0.0,1.0
修改,0.0,3.0,0.0,1.0
sh601880,0.0,3.0,0.0,1.0
只有,0.0,3.0,0.0,1.0
党的建设,0.0,3.0,0.0,1.0
责任,3.0,18.0,0.14285714285714285,0.8571428571428571
零距离,0.0,3.0,0.0,1.0
没错,0.0,3.0,0.0,1.0
#,0.0,3.0,0.0,1.0
跨过,0.0,3.0,0.0,1.0
回程,0.0,18.0,0.0,1.0
平仓,0.0,3.0,0.0,1.0
董事长,0.0,9.0,0.0,1.0
通关,0.0,6.0,0.0,1.0
美国进口,0.0,1.0,0.0,1.0
辽宁省政府,0.0,9.0,0.0,1.0
整车,0.0,12.0,0.0,1.0
.,0.0,192.0,0.0,1.0
方向,0.0,3.0,0.0,1.0
0.024,0.0,3.0,0.0,1.0
七星,3.0,6.0,0.3333333333333333,0.6666666666666666
2,0.0,12.0,0.0,1.0
建港,0.0,6.0,0.0,1.0
权益,0.0,3.0,0.0,1.0
适应,0.0,3.0,0.0,1.0
平方公里,0.0,15.0,0.0,1.0
集疏运,0.0,3.0,0.0,1.0
一系列,0.0,9.0,0.0,1.0
焦点,0.0,3.0,0.0,1.0
辽宁省,0.0,6.0,0.0,1.0
伙伴,0.0,3.0,0.0,1.0
央广网,0.0,3.0,0.0,1.0
通商,0.0,3.0,0.0,1.0
多艘,0.0,6.0,0.0,1.0
沃尔沃,0.0,15.0,0.0,1.0
港九,0.0,3.0,0.0,1.0
完备,0.0,3.0,0.0,1.0
网上,0.0,18.0,0.0,1.0
铁矿石,0.0,9.0,0.0,1.0
踩,0.0,6.0,0.0,1.0
其余,0.0,3.0,0.0,1.0
车,0.0,15.0,0.0,1.0
堪称,0.0,3.0,0.0,1.0
航次,0.0,39.0,0.0,1.0
韩世杰,3.0,0.0,1.0,0.0
异动,0.0,3.0,0.0,1.0
决策,0.0,3.0,0.0,1.0
sinaimg,0.0,3.0,0.0,1.0
烟台,0.0,6.0,0.0,1.0
为,3.0,213.0,0.013888888888888888,0.9861111111111112
宋伟,0.0,3.0,0.0,1.0
孤独,0.0,9.0,0.0,1.0
次于,0.0,3.0,0.0,1.0
失之,0.0,3.0,0.0,1.0
旅游,6.0,24.0,0.2,0.8
无流,0.0,9.0,0.0,1.0
06,0.0,12.0,0.0,1.0
亚非,0.0,3.0,0.0,1.0
00144,0.0,9.0,0.0,1.0
建有,0.0,3.0,0.0,1.0
1978,0.0,6.0,0.0,1.0
逾,0.0,6.0,0.0,1.0
岛,12.0,36.0,0.25,0.75
便宜,0.0,3.0,0.0,1.0
重工,0.0,3.0,0.0,1.0
主要,0.0,36.0,0.0,1.0
1.27,0.0,6.0,0.0,1.0
新亮点,0.0,3.0,0.0,1.0
一,3.0,18.0,0.14285714285714285,0.8571428571428571
公布,0.0,42.0,0.0,1.0
fortune,0.0,3.0,0.0,1.0
大军,0.0,3.0,0.0,1.0
代价,0.0,9.0,0.0,1.0
接管,0.0,3.0,0.0,1.0
订立,0.0,15.0,0.0,1.0
互联互通,0.0,3.0,0.0,1.0
这种,0.0,3.0,0.0,1.0
群于,0.0,3.0,0.0,1.0
全部,0.0,9.0,0.0,1.0
>,0.0,84.0,0.0,1.0
扎实,0.0,3.0,0.0,1.0
碰撞,0.0,3.0,0.0,1.0
原因,0.0,9.0,0.0,1.0
交通部,0.0,3.0,0.0,1.0
达,0.0,18.0,0.0,1.0
化,0.0,12.0,0.0,1.0
聘任,0.0,3.0,0.0,1.0
有利于,0.0,6.0,0.0,1.0
成为,0.0,43.0,0.0,1.0
今生,0.0,6.0,0.0,1.0
联检,0.0,3.0,0.0,1.0
海事,0.0,3.0,0.0,1.0
泄露,0.0,3.0,0.0,1.0
运输量,0.0,9.0,0.0,1.0
旗舰,0.0,9.0,0.0,1.0
炒作,0.0,12.0,0.0,1.0
可达,0.0,3.0,0.0,1.0
增,0.0,6.0,0.0,1.0
010PictureProducter,0.0,6.0,0.0,1.0
国铁,0.0,9.0,0.0,1.0
‘,0.0,6.0,0.0,1.0
活跃,0.0,3.0,0.0,1.0
98,0.0,15.0,0.0,1.0
旅顺,0.0,3.0,0.0,1.0
雏形,0.0,3.0,0.0,1.0
大规模,0.0,3.0,0.0,1.0
贷款,0.0,3.0,0.0,1.0
数据,0.0,18.0,0.0,1.0
认真,0.0,3.0,0.0,1.0
东北,3.0,63.0,0.045454545454545456,0.9545454545454546
仪式,0.0,3.0,0.0,1.0
笔,0.0,3.0,0.0,1.0
高级,0.0,3.0,0.0,1.0
转让,0.0,6.0,0.0,1.0
准确无误,0.0,3.0,0.0,1.0
党中央,0.0,3.0,0.0,1.0
事源,0.0,3.0,0.0,1.0
资料,0.0,3.0,0.0,1.0
值,0.0,3.0,0.0,1.0
废除,0.0,3.0,0.0,1.0
粮车,0.0,6.0,0.0,1.0
位居,0.0,3.0,0.0,1.0
大,0.0,33.0,0.0,1.0
出口,0.0,3.0,0.0,1.0
立体,0.0,3.0,0.0,1.0
今年底,0.0,3.0,0.0,1.0
常规,0.0,3.0,0.0,1.0
租地,0.0,3.0,0.0,1.0
初步,0.0,3.0,0.0,1.0
作业区,0.0,3.0,0.0,1.0
葛洲坝,0.0,3.0,0.0,1.0
28,3.0,9.0,0.25,0.75
0.0070,0.0,3.0,0.0,1.0
6740,0.0,3.0,0.0,1.0
增多,3.0,0.0,1.0,0.0
桥头堡,3.0,3.0,0.5,0.5
输出,0.0,3.0,0.0,1.0
成本,0.0,15.0,0.0,1.0
276840221254.00,0.0,3.0,0.0,1.0
解聘,0.0,3.0,0.0,1.0
加密,0.0,3.0,0.0,1.0
层面,0.0,9.0,0.0,1.0
推荐,3.0,9.0,0.25,0.75
聚焦,0.0,15.0,0.0,1.0
伴循,0.0,3.0,0.0,1.0
舒适,0.0,3.0,0.0,1.0
搭,0.0,3.0,0.0,1.0
打,0.0,3.0,0.0,1.0
融入,0.0,27.0,0.0,1.0
布局,0.0,3.0,0.0,1.0
基地,0.0,18.0,0.0,1.0
有关,0.0,6.0,0.0,1.0
口岸,3.0,51.0,0.05555555555555555,0.9444444444444444
按照,0.0,3.0,0.0,1.0
古代,0.0,3.0,0.0,1.0
争揽,0.0,3.0,0.0,1.0
20.75,0.0,3.0,0.0,1.0
涨,0.0,3.0,0.0,1.0
下跌,0.0,9.0,0.0,1.0
批准,0.0,9.0,0.0,1.0
支撑,0.0,3.0,0.0,1.0
罐群,0.0,6.0,0.0,1.0
被,3.0,15.0,0.16666666666666666,0.8333333333333334
沙俄,0.0,6.0,0.0,1.0
卖方,0.0,3.0,0.0,1.0
生产,0.0,12.0,0.0,1.0
坦然,0.0,3.0,0.0,1.0
召开,0.0,9.0,0.0,1.0
上下游,0.0,3.0,0.0,1.0
指,0.0,3.0,0.0,1.0
行列,0.0,12.0,0.0,1.0
态势,0.0,9.0,0.0,1.0
投稿,0.0,3.0,0.0,1.0
行走,0.0,6.0,0.0,1.0
现在,0.0,9.0,0.0,1.0
竞价,0.0,3.0,0.0,1.0
欧洲,0.0,12.0,0.0,1.0
跻身,0.0,6.0,0.0,1.0
源头,3.0,0.0,1.0,0.0
SH,0.0,9.0,0.0,1.0
除了,0.0,3.0,0.0,1.0
纳客,0.0,3.0,0.0,1.0
共赢,0.0,3.0,0.0,1.0
三是,0.0,3.0,0.0,1.0
经贸关系,0.0,3.0,0.0,1.0
62,0.0,3.0,0.0,1.0
建设项目,0.0,15.0,0.0,1.0
增幅,0.0,6.0,0.0,1.0
沪杭甬,0.0,3.0,0.0,1.0
接受,0.0,3.0,0.0,1.0
股东,0.0,45.0,0.0,1.0
冷藏,0.0,18.0,0.0,1.0
机械设备,0.0,12.0,0.0,1.0
标价,0.0,18.0,0.0,1.0
·,0.0,75.0,0.0,1.0
样本,0.0,3.0,0.0,1.0
丁裕,0.0,6.0,0.0,1.0
海岸线,0.0,3.0,0.0,1.0
业务,0.0,57.0,0.0,1.0
西线,0.0,1.0,0.0,1.0
终点,0.0,6.0,0.0,1.0
36.23,0.0,3.0,0.0,1.0
其他,0.0,12.0,0.0,1.0
原汁原味,0.0,6.0,0.0,1.0
有待,0.0,3.0,0.0,1.0
到,0.0,66.0,0.0,1.0
开发,0.0,12.0,0.0,1.0
09,0.0,3.0,0.0,1.0
拥有,0.0,15.0,0.0,1.0
针对,0.0,15.0,0.0,1.0
CweCR6bFU3lib6Q43opdn3HAx8s6267O,0.0,3.0,0.0,1.0
美,0.0,1.0,0.0,1.0
标准箱,0.0,22.0,0.0,1.0
受益,0.0,21.0,0.0,1.0
第八,0.0,3.0,0.0,1.0
刺激,0.0,6.0,0.0,1.0
相比,0.0,15.0,0.0,1.0
二,0.0,3.0,0.0,1.0
第一季,0.0,3.0,0.0,1.0
期自,0.0,3.0,0.0,1.0
议决,0.0,3.0,0.0,1.0
范围,0.0,6.0,0.0,1.0
历史,0.0,30.0,0.0,1.0
行业,0.0,15.0,0.0,1.0
质量,0.0,3.0,0.0,1.0
诺帕尔,0.0,6.0,0.0,1.0
见图,3.0,0.0,1.0,0.0
qq,0.0,3.0,0.0,1.0
中,6.0,81.0,0.06896551724137931,0.9310344827586207
日至,0.0,3.0,0.0,1.0
;,0.0,9.0,0.0,1.0
影响,0.0,3.0,0.0,1.0
矿,0.0,3.0,0.0,1.0
个柜,0.0,1.0,0.0,1.0
团,0.0,9.0,0.0,1.0
最早,0.0,3.0,0.0,1.0
一大,0.0,6.0,0.0,1.0
持续,0.0,12.0,0.0,1.0
9366,0.0,3.0,0.0,1.0
项目,3.0,42.0,0.06666666666666667,0.9333333333333333
公司债券,0.0,6.0,0.0,1.0
111,0.0,3.0,0.0,1.0
除,0.0,6.0,0.0,1.0
命名,0.0,6.0,0.0,1.0
3000,0.0,3.0,0.0,1.0
海上,0.0,15.0,0.0,1.0
毛达恂,0.0,6.0,0.0,1.0
分别,0.0,12.0,0.0,1.0
里,4.0,0.0,1.0,0.0
总,0.0,6.0,0.0,1.0
靠泊,0.0,12.0,0.0,1.0
交易,0.0,12.0,0.0,1.0
快速,0.0,36.0,0.0,1.0
塘沽,0.0,3.0,0.0,1.0
支线,0.0,6.0,0.0,1.0
和场,0.0,3.0,0.0,1.0
北岸,0.0,6.0,0.0,1.0
分拨,0.0,12.0,0.0,1.0
多年,0.0,6.0,0.0,1.0
空闲,3.0,0.0,1.0,0.0
农产品,3.0,0.0,1.0,0.0
详实,0.0,3.0,0.0,1.0
产品,3.0,36.0,0.07692307692307693,0.9230769230769231
万股,0.0,3.0,0.0,1.0
?,0.0,93.0,0.0,1.0
迅猛发展,0.0,3.0,0.0,1.0
所在,0.0,3.0,0.0,1.0
较,0.0,9.0,0.0,1.0
板块,0.0,12.0,0.0,1.0
深入开展,0.0,3.0,0.0,1.0
黑龙江省,0.0,3.0,0.0,1.0
散粮车,0.0,9.0,0.0,1.0
相关,3.0,18.0,0.14285714285714285,0.8571428571428571
■,0.0,3.0,0.0,1.0
油,0.0,3.0,0.0,1.0
有效途径,0.0,3.0,0.0,1.0
包含,3.0,6.0,0.3333333333333333,0.6666666666666666
线,0.0,30.0,0.0,1.0
印证,0.0,9.0,0.0,1.0
1840,0.0,3.0,0.0,1.0
进行,0.0,30.0,0.0,1.0
书上,0.0,3.0,0.0,1.0
格局,0.0,3.0,0.0,1.0
基本,0.0,3.0,0.0,1.0
随后,0.0,6.0,0.0,1.0
菜篮子,0.0,3.0,0.0,1.0
资源优势,0.0,12.0,0.0,1.0
27,0.0,3.0,0.0,1.0
筑巢引凤,0.0,3.0,0.0,1.0
体现,0.0,3.0,0.0,1.0
委任,0.0,3.0,0.0,1.0
设施,0.0,3.0,0.0,1.0
110,0.0,9.0,0.0,1.0
港,9.0,45.0,0.16666666666666666,0.8333333333333334
开行,0.0,42.0,0.0,1.0
组建,0.0,3.0,0.0,1.0
网,0.0,3.0,0.0,1.0
该轮,0.0,3.0,0.0,1.0
自,0.0,9.0,0.0,1.0
35,0.0,3.0,0.0,1.0
32,0.0,3.0,0.0,1.0
申办,0.0,3.0,0.0,1.0
立足,0.0,3.0,0.0,1.0
打破,0.0,3.0,0.0,1.0
依托,3.0,24.0,0.1111111111111111,0.8888888888888888
1907,0.0,3.0,0.0,1.0
预计,0.0,9.0,0.0,1.0
自由港,0.0,6.0,0.0,1.0
整个,0.0,9.0,0.0,1.0
24,0.0,10.0,0.0,1.0
矿石,0.0,9.0,0.0,1.0
参与,0.0,15.0,0.0,1.0
独有,0.0,3.0,0.0,1.0
充分发挥,3.0,3.0,0.5,0.5
),3.0,85.0,0.03409090909090909,0.9659090909090909
营业,0.0,6.0,0.0,1.0
稳步增长,0.0,3.0,0.0,1.0
437,0.0,3.0,0.0,1.0
万,0.0,42.0,0.0,1.0
货品,0.0,6.0,0.0,1.0
只,0.0,54.0,0.0,1.0
午盘,0.0,6.0,0.0,1.0
85.3,0.0,3.0,0.0,1.0
满载,0.0,9.0,0.0,1.0
者,0.0,3.0,0.0,1.0
暴涨,0.0,12.0,0.0,1.0
医疗,3.0,0.0,1.0,0.0
文件,0.0,9.0,0.0,1.0
jpg,0.0,27.0,0.0,1.0
华南,0.0,9.0,0.0,1.0
周五,0.0,6.0,0.0,1.0
人员,0.0,3.0,0.0,1.0
2014,0.0,9.0,0.0,1.0
明斯克,0.0,6.0,0.0,1.0
五个,0.0,6.0,0.0,1.0
郑哲元,0.0,6.0,0.0,1.0
负责制,0.0,6.0,0.0,1.0
董事,0.0,3.0,0.0,1.0
上方,0.0,3.0,0.0,1.0
专门,0.0,3.0,0.0,1.0
表现,0.0,6.0,0.0,1.0
宣传,0.0,15.0,0.0,1.0
独立,0.0,3.0,0.0,1.0
17,0.0,15.0,0.0,1.0
顺利,0.0,6.0,0.0,1.0
23,0.0,12.0,0.0,1.0
DPCM,0.0,3.0,0.0,1.0
港航,0.0,3.0,0.0,1.0
主任,0.0,3.0,0.0,1.0
习近平,0.0,6.0,0.0,1.0
午饭,3.0,0.0,1.0,0.0
多条,0.0,3.0,0.0,1.0
再度,0.0,6.0,0.0,1.0
国际原油,0.0,3.0,0.0,1.0
解决方案,0.0,3.0,0.0,1.0
ITOS,0.0,6.0,0.0,1.0
共进,0.0,3.0,0.0,1.0
倍,0.0,12.0,0.0,1.0
来源,0.0,3.0,0.0,1.0
獐子,12.0,36.0,0.25,0.75
早盘,0.0,6.0,0.0,1.0
围绕,0.0,9.0,0.0,1.0
粉们,0.0,6.0,0.0,1.0
举行,0.0,3.0,0.0,1.0
礁,0.0,3.0,0.0,1.0
蓬勃发展,0.0,3.0,0.0,1.0
建材,0.0,3.0,0.0,1.0
最,0.0,9.0,0.0,1.0
拉升,0.0,9.0,0.0,1.0
试运行,0.0,3.0,0.0,1.0
至今,0.0,9.0,0.0,1.0
丝路,0.0,6.0,0.0,1.0
常务,0.0,6.0,0.0,1.0
http,0.0,54.0,0.0,1.0
要求,0.0,6.0,0.0,1.0
暨,0.0,3.0,0.0,1.0
要,0.0,3.0,0.0,1.0
德国,0.0,12.0,0.0,1.0
名字,0.0,3.0,0.0,1.0
党建,0.0,3.0,0.0,1.0
住宿,3.0,9.0,0.25,0.75
一站式,0.0,3.0,0.0,1.0
1.7506,0.0,3.0,0.0,1.0
巩固,3.0,0.0,1.0,0.0
工程,0.0,9.0,0.0,1.0
堆存,0.0,3.0,0.0,1.0
今后,0.0,3.0,0.0,1.0
通过,0.0,66.0,0.0,1.0
收报,0.0,3.0,0.0,1.0
莲娜,0.0,3.0,0.0,1.0
A轮,0.0,1.0,0.0,1.0
时节,0.0,3.0,0.0,1.0
通讯员,0.0,6.0,0.0,1.0
海外,0.0,3.0,0.0,1.0
提前,0.0,6.0,0.0,1.0
成交量,0.0,3.0,0.0,1.0
地理,0.0,6.0,0.0,1.0
临时,0.0,9.0,0.0,1.0
强势,0.0,6.0,0.0,1.0
代表,0.0,9.0,0.0,1.0
大港区,0.0,6.0,0.0,1.0
以来,0.0,21.0,0.0,1.0
锦州港,0.0,30.0,0.0,1.0
报,0.0,6.0,0.0,1.0
介入,0.0,3.0,0.0,1.0
货运量,0.0,21.0,0.0,1.0
功能,0.0,6.0,0.0,1.0
首套,0.0,6.0,0.0,1.0
未有,0.0,3.0,0.0,1.0
泊位,0.0,30.0,0.0,1.0
开埠,0.0,6.0,0.0,1.0
专列,0.0,12.0,0.0,1.0
续约,0.0,3.0,0.0,1.0
取代,0.0,3.0,0.0,1.0
可知,0.0,3.0,0.0,1.0
油化品,0.0,3.0,0.0,1.0
1996,0.0,6.0,0.0,1.0
继续,0.0,12.0,0.0,1.0
夯实,3.0,0.0,1.0,0.0
打通,0.0,18.0,0.0,1.0
转办,3.0,0.0,1.0,0.0
有望,0.0,3.0,0.0,1.0
招商引资,0.0,12.0,0.0,1.0
集体,0.0,3.0,0.0,1.0
表达,0.0,3.0,0.0,1.0
产能,0.0,3.0,0.0,1.0
股价,0.0,27.0,0.0,1.0
作为,0.0,48.0,0.0,1.0
综合,0.0,15.0,0.0,1.0
下同,0.0,3.0,0.0,1.0
华晨,0.0,6.0,0.0,1.0
竞争,0.0,3.0,0.0,1.0
截至,0.0,15.0,0.0,1.0
拟于,0.0,6.0,0.0,1.0
不乏,0.0,15.0,0.0,1.0
目前,0.0,36.0,0.0,1.0
优做,0.0,3.0,0.0,1.0
货源,0.0,15.0,0.0,1.0
向,6.0,12.0,0.3333333333333333,0.6666666666666666
持有,0.0,6.0,0.0,1.0
吊装,0.0,3.0,0.0,1.0
不仅如此,0.0,6.0,0.0,1.0
装卸,0.0,18.0,0.0,1.0
满铁,0.0,3.0,0.0,1.0
两极分化,0.0,3.0,0.0,1.0
中车,6.0,0.0,1.0,0.0
溢利,0.0,3.0,0.0,1.0
站,0.0,6.0,0.0,1.0
南华,0.0,9.0,0.0,1.0
1.2,0.0,6.0,0.0,1.0
Type,0.0,6.0,0.0,1.0
微影,0.0,3.0,0.0,1.0
争取,3.0,3.0,0.5,0.5
要素,3.0,0.0,1.0,0.0
斥资,0.0,3.0,0.0,1.0
大港,0.0,36.0,0.0,1.0
拆装,0.0,3.0,0.0,1.0
往期,0.0,6.0,0.0,1.0
满洲里,0.0,15.0,0.0,1.0
贯彻落实,0.0,15.0,0.0,1.0
_,0.0,96.0,0.0,1.0
可能,0.0,12.0,0.0,1.0
上边,0.0,3.0,0.0,1.0
第二,0.0,3.0,0.0,1.0
接力,0.0,6.0,0.0,1.0
尚有,0.0,3.0,0.0,1.0
玉米,0.0,3.0,0.0,1.0
无数,0.0,6.0,0.0,1.0
升级,0.0,27.0,0.0,1.0
混矿增,0.0,3.0,0.0,1.0
入职,0.0,3.0,0.0,1.0
了解,0.0,9.0,0.0,1.0
委托,0.0,9.0,0.0,1.0
万人次,0.0,12.0,0.0,1.0
日以,0.0,3.0,0.0,1.0
近几年,0.0,3.0,0.0,1.0
78920221233.00,0.0,3.0,0.0,1.0
大连,9.0,303.0,0.028846153846153848,0.9711538461538461
节点,0.0,3.0,0.0,1.0
国贸,0.0,6.0,0.0,1.0
全力,0.0,18.0,0.0,1.0
名,3.0,6.0,0.3333333333333333,0.6666666666666666
这样的话,0.0,3.0,0.0,1.0
涨停,0.0,3.0,0.0,1.0
控股公司,0.0,3.0,0.0,1.0
函,0.0,3.0,0.0,1.0
过,0.0,3.0,0.0,1.0
副,0.0,3.0,0.0,1.0
火爆,0.0,6.0,0.0,1.0
首批,0.0,1.0,0.0,1.0
近距离,0.0,3.0,0.0,1.0
国际航运,0.0,45.0,0.0,1.0
供应,0.0,3.0,0.0,1.0
大连湾,0.0,12.0,0.0,1.0
j08EItjGkPwIcgUFTpn8LRjLHHEx1oUaibjeueicVW2VtzEwZTZBYFfdFqRvwP7dw,0.0,3.0,0.0,1.0
；,3.0,78.0,0.037037037037037035,0.9629629629629629
e,0.0,3.0,0.0,1.0
丰小恺,0.0,6.0,0.0,1.0
急速,0.0,3.0,0.0,1.0
呼朋引,0.0,3.0,0.0,1.0
一起,0.0,6.0,0.0,1.0
26.75,0.0,9.0,0.0,1.0
华北,0.0,12.0,0.0,1.0
联系人,0.0,3.0,0.0,1.0
［,0.0,6.0,0.0,1.0
169,0.0,21.0,0.0,1.0
议事录,0.0,3.0,0.0,1.0
质变,0.0,3.0,0.0,1.0
101.90,0.0,3.0,0.0,1.0
配套,0.0,3.0,0.0,1.0
教学,3.0,0.0,1.0,0.0
万里,0.0,6.0,0.0,1.0
旅客,0.0,21.0,0.0,1.0
志愿者,0.0,6.0,0.0,1.0
小额,0.0,3.0,0.0,1.0
脉络,0.0,6.0,0.0,1.0
为了,0.0,6.0,0.0,1.0
16,0.0,18.0,0.0,1.0
23.5,0.0,3.0,0.0,1.0
开港,0.0,12.0,0.0,1.0
还,0.0,33.0,0.0,1.0
原始,0.0,3.0,0.0,1.0
人生,0.0,3.0,0.0,1.0
指数,0.0,3.0,0.0,1.0
内生,0.0,3.0,0.0,1.0
河谷,0.0,21.0,0.0,1.0
制度化,0.0,3.0,0.0,1.0
精制,0.0,6.0,0.0,1.0
1906,0.0,3.0,0.0,1.0
联网,0.0,21.0,0.0,1.0
4cMsYLRz01ZzD8O5suIUTePibynUHcfdtJOs,0.0,3.0,0.0,1.0
基础性,3.0,0.0,1.0,0.0
香港,0.0,3.0,0.0,1.0
19,0.0,3.0,0.0,1.0
搭乘,0.0,4.0,0.0,1.0
|,0.0,30.0,0.0,1.0
镍,0.0,3.0,0.0,1.0
2020,0.0,3.0,0.0,1.0
次,0.0,3.0,0.0,1.0
商议,0.0,3.0,0.0,1.0
多用途,3.0,0.0,1.0,0.0
建市,0.0,6.0,0.0,1.0
消费,0.0,3.0,0.0,1.0
日用,0.0,9.0,0.0,1.0
从事,0.0,12.0,0.0,1.0
研发,0.0,15.0,0.0,1.0
工业,0.0,15.0,0.0,1.0
始发,0.0,72.0,0.0,1.0
之一,0.0,9.0,0.0,1.0
爱,0.0,6.0,0.0,1.0
改革,0.0,9.0,0.0,1.0
距今,0.0,3.0,0.0,1.0
引资,0.0,9.0,0.0,1.0
曹,0.0,6.0,0.0,1.0
1800,0.0,15.0,0.0,1.0
vCxxJ0ch6gRXNxKyJjeeJZeaojA,0.0,3.0,0.0,1.0
集铁,0.0,9.0,0.0,1.0
及多式,0.0,3.0,0.0,1.0
座谈会,0.0,6.0,0.0,1.0
金融贸易,0.0,3.0,0.0,1.0
唐,0.0,3.0,0.0,1.0
使得,0.0,3.0,0.0,1.0
吨,0.0,12.0,0.0,1.0
文史,0.0,6.0,0.0,1.0
/,0.0,363.0,0.0,1.0
一步,0.0,9.0,0.0,1.0
零部件,0.0,3.0,0.0,1.0
高峰期,0.0,6.0,0.0,1.0
进港,0.0,3.0,0.0,1.0
进一步,0.0,24.0,0.0,1.0
周一,0.0,6.0,0.0,1.0
一片,0.0,3.0,0.0,1.0
薛强,0.0,3.0,0.0,1.0
每周,0.0,15.0,0.0,1.0
255,0.0,6.0,0.0,1.0
畅通,0.0,6.0,0.0,1.0
们,0.0,3.0,0.0,1.0
入主,0.0,3.0,0.0,1.0
筹建,0.0,3.0,0.0,1.0
丝绸之路,0.0,6.0,0.0,1.0
传统,0.0,3.0,0.0,1.0
意识,0.0,3.0,0.0,1.0
一家,0.0,3.0,0.0,1.0
近期,0.0,6.0,0.0,1.0
管家,0.0,9.0,0.0,1.0
降低,0.0,6.0,0.0,1.0
推出,0.0,9.0,0.0,1.0
内港,0.0,3.0,0.0,1.0
总书记,0.0,9.0,0.0,1.0
已经,0.0,12.0,0.0,1.0
著名,0.0,3.0,0.0,1.0
260,0.0,3.0,0.0,1.0
游览,0.0,3.0,0.0,1.0
DPN,0.0,3.0,0.0,1.0
华丽,0.0,6.0,0.0,1.0
诸多,0.0,3.0,0.0,1.0
不确定性,0.0,3.0,0.0,1.0
北京,0.0,3.0,0.0,1.0
共同,0.0,6.0,0.0,1.0
拉动,0.0,3.0,0.0,1.0
班,0.0,12.0,0.0,1.0
1670,0.0,3.0,0.0,1.0
5.04,0.0,3.0,0.0,1.0
供应链,0.0,6.0,0.0,1.0
活动,0.0,9.0,0.0,1.0
低价,0.0,6.0,0.0,1.0
认购,0.0,3.0,0.0,1.0
见证,0.0,3.0,0.0,1.0
潮汐,0.0,3.0,0.0,1.0
高质量,0.0,9.0,0.0,1.0
客户,0.0,9.0,0.0,1.0
修订,0.0,3.0,0.0,1.0
原创,3.0,3.0,0.5,0.5
线至,0.0,9.0,0.0,1.0
面对,0.0,3.0,0.0,1.0
国际,0.0,216.0,0.0,1.0
十分,0.0,3.0,0.0,1.0
营造,0.0,3.0,0.0,1.0
单以,3.0,0.0,1.0,0.0
辐射,0.0,3.0,0.0,1.0
控制,0.0,3.0,0.0,1.0
先例,0.0,3.0,0.0,1.0
讯,0.0,18.0,0.0,1.0
绩优股,0.0,15.0,0.0,1.0
三家,0.0,9.0,0.0,1.0
齐,0.0,3.0,0.0,1.0
8000,0.0,6.0,0.0,1.0
1.95,0.0,3.0,0.0,1.0
坚决,0.0,3.0,0.0,1.0
60,6.0,6.0,0.5,0.5
方式,0.0,9.0,0.0,1.0
卫星,0.0,3.0,0.0,1.0
带动,0.0,18.0,0.0,1.0
港长,0.0,3.0,0.0,1.0
淋淋,0.0,3.0,0.0,1.0
区位,0.0,3.0,0.0,1.0
下滑,0.0,3.0,0.0,1.0
百年,0.0,18.0,0.0,1.0
职能,0.0,3.0,0.0,1.0
调配,0.0,3.0,0.0,1.0
九成,0.0,6.0,0.0,1.0
签字,0.0,3.0,0.0,1.0
实现,0.0,51.0,0.0,1.0
2009,3.0,0.0,1.0,0.0
盛夏,0.0,3.0,0.0,1.0
21,0.0,27.0,0.0,1.0
人民政府,0.0,3.0,0.0,1.0
开盘,0.0,3.0,0.0,1.0
切换,0.0,3.0,0.0,1.0
研制,3.0,0.0,1.0,0.0
大通道,0.0,36.0,0.0,1.0
占领,0.0,3.0,0.0,1.0
对于,3.0,3.0,0.5,0.5
利好,0.0,12.0,0.0,1.0
电子产品,0.0,3.0,0.0,1.0
2.67,0.0,9.0,0.0,1.0
七八年,3.0,0.0,1.0,0.0
管理人员,0.0,3.0,0.0,1.0
QeibaIVqiaqLy76IianDUPFZaSNKvpy7ThyKC7478FqZ84LgfftWZ46KI2r8DyxtXOBRbFEibxShNIgg2bOzJNqOUA,0.0,3.0,0.0,1.0
省,3.0,0.0,1.0,0.0
型,0.0,3.0,0.0,1.0
加上,0.0,3.0,0.0,1.0
1943,0.0,3.0,0.0,1.0
生产线,0.0,3.0,0.0,1.0
人士,0.0,6.0,0.0,1.0
船舶,0.0,15.0,0.0,1.0
自动化,0.0,3.0,0.0,1.0
57,0.0,3.0,0.0,1.0
矿年,0.0,3.0,0.0,1.0
三大,0.0,3.0,0.0,1.0
港股,0.0,21.0,0.0,1.0
视为,0.0,3.0,0.0,1.0
大陆,0.0,3.0,0.0,1.0
QlciaMrOHAnWWECfvYqKy6dlBVg4MDcmdF1KI4TyLGRreTo1QPdWc4sgOjo6cqHUSmp6AmWH7A,0.0,3.0,0.0,1.0
部署,0.0,3.0,0.0,1.0
加快,0.0,18.0,0.0,1.0
微,0.0,6.0,0.0,1.0
副局长,0.0,9.0,0.0,1.0
具备,0.0,15.0,0.0,1.0
各大,0.0,9.0,0.0,1.0
表示,0.0,27.0,0.0,1.0
投入使用,0.0,3.0,0.0,1.0
后移,0.0,3.0,0.0,1.0
现场,0.0,6.0,0.0,1.0
应,0.0,15.0,0.0,1.0
行李,0.0,3.0,0.0,1.0
939,0.0,3.0,0.0,1.0
特别,0.0,3.0,0.0,1.0
注册资本,0.0,6.0,0.0,1.0
四台,3.0,0.0,1.0,0.0
党员,0.0,18.0,0.0,1.0
一年,0.0,3.0,0.0,1.0
DCT,0.0,3.0,0.0,1.0
先期,0.0,3.0,0.0,1.0
1984,0.0,3.0,0.0,1.0
均,0.0,15.0,0.0,1.0
张乙明,0.0,9.0,0.0,1.0
市场占有率,0.0,3.0,0.0,1.0
成功,0.0,21.0,0.0,1.0
A,0.0,6.0,0.0,1.0
代码,0.0,3.0,0.0,1.0
高端,0.0,25.0,0.0,1.0
直线,0.0,3.0,0.0,1.0
跨界,0.0,3.0,0.0,1.0
广州港,0.0,6.0,0.0,1.0
01day,0.0,6.0,0.0,1.0
陆域,0.0,3.0,0.0,1.0
影响力,0.0,6.0,0.0,1.0
机车车辆,3.0,0.0,1.0,0.0
拿出,0.0,3.0,0.0,1.0
搭建,0.0,39.0,0.0,1.0
1945,0.0,6.0,0.0,1.0
牢固,0.0,3.0,0.0,1.0
现货价,0.0,6.0,0.0,1.0
轮上,0.0,3.0,0.0,1.0
提供,0.0,33.0,0.0,1.0
更为,0.0,3.0,0.0,1.0
0.15,0.0,3.0,0.0,1.0
一路,3.0,99.0,0.029411764705882353,0.9705882352941176
千评,0.0,3.0,0.0,1.0
岸电,0.0,3.0,0.0,1.0
能力,0.0,21.0,0.0,1.0
激发,0.0,3.0,0.0,1.0
长山,6.0,0.0,1.0,0.0
仅,0.0,13.0,0.0,1.0
港口城市,0.0,3.0,0.0,1.0
原油,0.0,33.0,0.0,1.0
信贷,0.0,3.0,0.0,1.0
斥,0.0,3.0,0.0,1.0
其中,0.0,27.0,0.0,1.0
汽车,0.0,66.0,0.0,1.0
利用,0.0,6.0,0.0,1.0
浙江,0.0,3.0,0.0,1.0
第,0.0,6.0,0.0,1.0
面值,0.0,3.0,0.0,1.0
国道,0.0,3.0,0.0,1.0
能否,0.0,3.0,0.0,1.0
提出,0.0,3.0,0.0,1.0
开建,0.0,3.0,0.0,1.0
完善,0.0,3.0,0.0,1.0
才,0.0,6.0,0.0,1.0
总公司,0.0,12.0,0.0,1.0
正餐,0.0,6.0,0.0,1.0
两国,0.0,6.0,0.0,1.0
收购,0.0,21.0,0.0,1.0
前,0.0,30.0,0.0,1.0
存在,0.0,9.0,0.0,1.0
频次,0.0,9.0,0.0,1.0
乔川川,0.0,3.0,0.0,1.0
显著,0.0,3.0,0.0,1.0
wx,0.0,60.0,0.0,1.0
审核,0.0,24.0,0.0,1.0
601633,0.0,3.0,0.0,1.0
移交,0.0,6.0,0.0,1.0
微信,0.0,9.0,0.0,1.0
资产,0.0,6.0,0.0,1.0
明确,0.0,3.0,0.0,1.0
合格,0.0,6.0,0.0,1.0
市场化,0.0,6.0,0.0,1.0
推介,0.0,6.0,0.0,1.0
机会,0.0,3.0,0.0,1.0
260.7,0.0,3.0,0.0,1.0
总经理,0.0,9.0,0.0,1.0
产品报价,0.0,6.0,0.0,1.0
邮船,0.0,12.0,0.0,1.0
稳步,0.0,3.0,0.0,1.0
航运,0.0,24.0,0.0,1.0
造价,0.0,18.0,0.0,1.0
方堆,3.0,0.0,1.0,0.0
众多,0.0,3.0,0.0,1.0
助力,0.0,15.0,0.0,1.0
aSNKvpy7Thy0tw1IdU52aWvalEgFKjmYKSDmfHO26OpCV6HTmjSYjIia3LvyOvuGiaQ,0.0,3.0,0.0,1.0
突出,0.0,3.0,0.0,1.0
播报,0.0,6.0,0.0,1.0
跳,0.0,3.0,0.0,1.0
珠海,0.0,6.0,0.0,1.0
腹地,3.0,9.0,0.25,0.75
压力,0.0,6.0,0.0,1.0
约,0.0,15.0,0.0,1.0
规划,0.0,3.0,0.0,1.0
变化,0.0,12.0,0.0,1.0
2015,0.0,9.0,0.0,1.0
做出,0.0,15.0,0.0,1.0
组成,0.0,3.0,0.0,1.0
融合,3.0,3.0,0.5,0.5
 ,276.0,553.0,0.33293124246079614,0.6670687575392038
时间,3.0,18.0,0.14285714285714285,0.8571428571428571
方面,3.0,42.0,0.06666666666666667,0.9333333333333333
三个,0.0,9.0,0.0,1.0
国家级,0.0,6.0,0.0,1.0
否则,0.0,6.0,0.0,1.0
经营,0.0,54.0,0.0,1.0
第五届,0.0,3.0,0.0,1.0
党委,0.0,3.0,0.0,1.0
以南,0.0,3.0,0.0,1.0
银行,0.0,3.0,0.0,1.0
大豆,0.0,3.0,0.0,1.0
投决委,0.0,3.0,0.0,1.0
转载,0.0,6.0,0.0,1.0
托运,0.0,3.0,0.0,1.0
实习,3.0,0.0,1.0,0.0
ibgrz1Omniaj08EItjGksTbu0ctvynC2X2vsiaF22zSCias7zhzkGib9tKevF0BicUHkgdzs3gJ9TQ,0.0,3.0,0.0,1.0
部门,3.0,3.0,0.5,0.5
站点,0.0,6.0,0.0,1.0
20,0.0,27.0,0.0,1.0
必然,0.0,3.0,0.0,1.0
日前,0.0,6.0,0.0,1.0
车海铁,0.0,3.0,0.0,1.0
领域,0.0,3.0,0.0,1.0
市净率,0.0,3.0,0.0,1.0
有限公司,3.0,54.0,0.05263157894736842,0.9473684210526315
改善,0.0,3.0,0.0,1.0
奋力拼搏,0.0,3.0,0.0,1.0
毅,0.0,1.0,0.0,1.0
汇报,0.0,3.0,0.0,1.0
构建,0.0,6.0,0.0,1.0
船用,0.0,3.0,0.0,1.0
再发,0.0,3.0,0.0,1.0
向南,0.0,3.0,0.0,1.0
个,0.0,52.0,0.0,1.0
参观,0.0,3.0,0.0,1.0
信访,3.0,0.0,1.0,0.0
支持,0.0,9.0,0.0,1.0
image,0.0,3.0,0.0,1.0
地区,0.0,18.0,0.0,1.0
审批,0.0,3.0,0.0,1.0
往返,3.0,6.0,0.3333333333333333,0.6666666666666666
qfgWqN56qzd9YFibox5QPeeOJYOf,0.0,3.0,0.0,1.0
Index,0.0,6.0,0.0,1.0
先天,3.0,0.0,1.0,0.0
集团,0.0,325.0,0.0,1.0
辽东半岛,0.0,3.0,0.0,1.0
028805,0.0,6.0,0.0,1.0
江河,0.0,6.0,0.0,1.0
桥梁,0.0,9.0,0.0,1.0
比例,0.0,3.0,0.0,1.0
多,0.0,24.0,0.0,1.0
电子,0.0,3.0,0.0,1.0
不仅,0.0,18.0,0.0,1.0
西柳,3.0,0.0,1.0,0.0
特殊,3.0,3.0,0.5,0.5
周,0.0,3.0,0.0,1.0
严朝红,0.0,6.0,0.0,1.0
俄中,0.0,3.0,0.0,1.0
广州,0.0,3.0,0.0,1.0
深加工,3.0,0.0,1.0,0.0
香炉,0.0,3.0,0.0,1.0
大市,0.0,3.0,0.0,1.0
蓝天,0.0,3.0,0.0,1.0
第一期,0.0,3.0,0.0,1.0
借,3.0,0.0,1.0,0.0
达成,0.0,9.0,0.0,1.0
资源,0.0,21.0,0.0,1.0
之后,0.0,6.0,0.0,1.0
强化,0.0,15.0,0.0,1.0
高速公路,0.0,12.0,0.0,1.0
个股,0.0,54.0,0.0,1.0
互利互惠,0.0,3.0,0.0,1.0
飙涨,0.0,3.0,0.0,1.0
装船,3.0,0.0,1.0,0.0
可谓,0.0,3.0,0.0,1.0
远古,0.0,3.0,0.0,1.0
文,0.0,6.0,0.0,1.0
承受,0.0,6.0,0.0,1.0
开创,0.0,3.0,0.0,1.0
xinhuanet,0.0,3.0,0.0,1.0
%,0.0,279.0,0.0,1.0
看回,0.0,3.0,0.0,1.0
牵头,0.0,6.0,0.0,1.0
启程,0.0,3.0,0.0,1.0
特货,0.0,3.0,0.0,1.0
4.35,0.0,3.0,0.0,1.0
操作系统,0.0,12.0,0.0,1.0
只能,0.0,3.0,0.0,1.0
短短,0.0,9.0,0.0,1.0
依据,0.0,3.0,0.0,1.0
细微,0.0,3.0,0.0,1.0
验收,0.0,6.0,0.0,1.0
福昌,0.0,3.0,0.0,1.0
升势,0.0,3.0,0.0,1.0
万台,0.0,3.0,0.0,1.0
580,0.0,6.0,0.0,1.0
临近,0.0,6.0,0.0,1.0
顽疾,3.0,0.0,1.0,0.0
申报,0.0,3.0,0.0,1.0
大连市委,0.0,6.0,0.0,1.0
突破,0.0,18.0,0.0,1.0
服务项目,0.0,6.0,0.0,1.0
cn,0.0,51.0,0.0,1.0
n,0.0,6.0,0.0,1.0
合资,0.0,9.0,0.0,1.0
尘封,0.0,6.0,0.0,1.0
任务,0.0,6.0,0.0,1.0
小时,0.0,6.0,0.0,1.0
公司,0.0,165.0,0.0,1.0
iz,0.0,3.0,0.0,1.0
已获,0.0,3.0,0.0,1.0
finance,0.0,3.0,0.0,1.0
地炼,0.0,3.0,0.0,1.0
于亚太,0.0,12.0,0.0,1.0
四套,3.0,0.0,1.0,0.0
树立,0.0,3.0,0.0,1.0
遗留问题,0.0,3.0,0.0,1.0
哈铁,0.0,3.0,0.0,1.0
接卸,0.0,6.0,0.0,1.0
招标,0.0,18.0,0.0,1.0
合并,0.0,27.0,0.0,1.0
增至,0.0,33.0,0.0,1.0
06198,0.0,3.0,0.0,1.0
度,0.0,9.0,0.0,1.0
籍,0.0,6.0,0.0,1.0
2NDHxBcLUpvlVQl,0.0,3.0,0.0,1.0
合作,3.0,93.0,0.03125,0.96875
点评,0.0,3.0,0.0,1.0
务实,0.0,3.0,0.0,1.0
