日,33.0,32.0,0.5076923076923077,0.49230769230769234
海军后勤部,0.0,3.0,0.0,1.0
广大,3.0,0.0,1.0,0.0
北美,6.0,0.0,1.0,0.0
至,6.0,12.0,0.3333333333333333,0.6666666666666666
一切,3.0,0.0,1.0,0.0
住,3.0,0.0,1.0,0.0
孵化,0.0,15.0,0.0,1.0
48,0.0,3.0,0.0,1.0
黄金,3.0,0.0,1.0,0.0
岭,3.0,0.0,1.0,0.0
完成,3.0,0.0,1.0,0.0
书面,0.0,3.0,0.0,1.0
回归,3.0,0.0,1.0,0.0
解,3.0,0.0,1.0,0.0
同比,18.0,0.0,1.0,0.0
涨幅,3.0,3.0,0.5,0.5
大型,3.0,0.0,1.0,0.0
优先,3.0,0.0,1.0,0.0
规则,0.0,3.0,0.0,1.0
大师,6.0,0.0,1.0,0.0
走向,3.0,0.0,1.0,0.0
此次,6.0,0.0,1.0,0.0
问鼎,3.0,0.0,1.0,0.0
中国,463.0,296.0,0.6100131752305665,0.38998682476943347
毕启亮,0.0,3.0,0.0,1.0
329,0.0,6.0,0.0,1.0
头条,3.0,0.0,1.0,0.0
拿到,0.0,3.0,0.0,1.0
:,15.0,3.0,0.8333333333333334,0.16666666666666666
持股,0.0,3.0,0.0,1.0
2013,3.0,0.0,1.0,0.0
现任,0.0,3.0,0.0,1.0
0,3.0,0.0,1.0,0.0
张伟,0.0,3.0,0.0,1.0
消费者,3.0,0.0,1.0,0.0
28.81,3.0,0.0,1.0,0.0
昂扬,3.0,0.0,1.0,0.0
合拍片,3.0,0.0,1.0,0.0
乡村,3.0,0.0,1.0,0.0
12,0.0,12.0,0.0,1.0
从中,3.0,3.0,0.5,0.5
实际,3.0,0.0,1.0,0.0
当地,6.0,0.0,1.0,0.0
一线,6.0,0.0,1.0,0.0
为此,3.0,0.0,1.0,0.0
文章,0.0,3.0,0.0,1.0
激情,9.0,3.0,0.75,0.25
改变,3.0,0.0,1.0,0.0
秘书,3.0,0.0,1.0,0.0
官方,3.0,0.0,1.0,0.0
成,9.0,0.0,1.0,0.0
鼓励,0.0,3.0,0.0,1.0
有望,3.0,3.0,0.5,0.5
村落,3.0,0.0,1.0,0.0
赶美,3.0,0.0,1.0,0.0
更久,3.0,0.0,1.0,0.0
强项,3.0,3.0,0.5,0.5
原,0.0,3.0,0.0,1.0
程度,6.0,3.0,0.6666666666666666,0.3333333333333333
十亿,3.0,0.0,1.0,0.0
成都,3.0,3.0,0.5,0.5
7.81,3.0,0.0,1.0,0.0
各种各样,3.0,0.0,1.0,0.0
上海,9.0,0.0,1.0,0.0
具备,0.0,3.0,0.0,1.0
允许,3.0,0.0,1.0,0.0
请问,0.0,3.0,0.0,1.0
10,0.0,3.0,0.0,1.0
股份,0.0,60.0,0.0,1.0
由此,3.0,0.0,1.0,0.0
华夏,0.0,3.0,0.0,1.0
亿元,39.0,32.0,0.5492957746478874,0.4507042253521127
之中,3.0,0.0,1.0,0.0
出,3.0,0.0,1.0,0.0
来自,3.0,3.0,0.5,0.5
亟待,3.0,0.0,1.0,0.0
Squire,3.0,0.0,1.0,0.0
获,0.0,3.0,0.0,1.0
建成,0.0,3.0,0.0,1.0
已达,0.0,3.0,0.0,1.0
假日,3.0,0.0,1.0,0.0
那年,3.0,0.0,1.0,0.0
鬼吹灯,0.0,3.0,0.0,1.0
上映,18.0,12.0,0.6,0.4
加快,3.0,0.0,1.0,0.0
促进会,0.0,3.0,0.0,1.0
上去,3.0,0.0,1.0,0.0
271.77,6.0,0.0,1.0,0.0
编撰,3.0,0.0,1.0,0.0
要点,0.0,3.0,0.0,1.0
几年,3.0,0.0,1.0,0.0
新闻出版,3.0,3.0,0.5,0.5
速,3.0,0.0,1.0,0.0
经过,3.0,3.0,0.5,0.5
资格,0.0,3.0,0.0,1.0
钢锯,3.0,0.0,1.0,0.0
开幕,3.0,0.0,1.0,0.0
零点,3.0,0.0,1.0,0.0
暑期,0.0,3.0,0.0,1.0
彩墨,0.0,12.0,0.0,1.0
金盾,0.0,3.0,0.0,1.0
加勒比海,6.0,0.0,1.0,0.0
期间,6.0,0.0,1.0,0.0
维维,3.0,0.0,1.0,0.0
7,21.0,15.0,0.5833333333333334,0.4166666666666667
香港电影,6.0,0.0,1.0,0.0
各大,0.0,3.0,0.0,1.0
会上,3.0,0.0,1.0,0.0
盗,6.0,0.0,1.0,0.0
仍显,3.0,0.0,1.0,0.0
】,3.0,0.0,1.0,0.0
上,45.0,5.0,0.9,0.1
单位,0.0,3.0,0.0,1.0
故事,6.0,0.0,1.0,0.0
电影史,9.0,2.0,0.8181818181818182,0.18181818181818182
动画电影,6.0,0.0,1.0,0.0
增速,21.0,9.0,0.7,0.3
不到,3.0,0.0,1.0,0.0
一票,3.0,0.0,1.0,0.0
发展,27.0,21.0,0.5625,0.4375
白金,3.0,0.0,1.0,0.0
从,18.0,15.0,0.5454545454545454,0.45454545454545453
50,6.0,0.0,1.0,0.0
工作,0.0,6.0,0.0,1.0
=,18.0,0.0,1.0,0.0
纪录片,3.0,0.0,1.0,0.0
式,3.0,0.0,1.0,0.0
+,0.0,3.0,0.0,1.0
好莱坞,24.0,0.0,1.0,0.0
联通,0.0,3.0,0.0,1.0
陈晓光,0.0,3.0,0.0,1.0
公映,0.0,3.0,0.0,1.0
专业,6.0,0.0,1.0,0.0
梦园,0.0,3.0,0.0,1.0
造成,9.0,0.0,1.0,0.0
刷新,6.0,0.0,1.0,0.0
资金,3.0,0.0,1.0,0.0
无,9.0,0.0,1.0,0.0
僵尸,3.0,0.0,1.0,0.0
大佬,3.0,0.0,1.0,0.0
研究院,9.0,0.0,1.0,0.0
都,18.0,6.0,0.75,0.25
展,0.0,3.0,0.0,1.0
近,3.0,3.0,0.5,0.5
限售,0.0,15.0,0.0,1.0
英媒,3.0,0.0,1.0,0.0
多少,3.0,3.0,0.5,0.5
邂逅,3.0,0.0,1.0,0.0
想象,3.0,0.0,1.0,0.0
企稳,0.0,3.0,0.0,1.0
营销,0.0,3.0,0.0,1.0
中非,3.0,0.0,1.0,0.0
日早,3.0,0.0,1.0,0.0
压缩,3.0,0.0,1.0,0.0
机遇,0.0,3.0,0.0,1.0
成就,3.0,0.0,1.0,0.0
采访,3.0,0.0,1.0,0.0
披露,3.0,3.0,0.5,0.5
三,3.0,3.0,0.5,0.5
田们,3.0,0.0,1.0,0.0
机制,6.0,0.0,1.0,0.0
需求,6.0,0.0,1.0,0.0
城镇人口,3.0,0.0,1.0,0.0
超,3.0,3.0,0.5,0.5
不错,0.0,3.0,0.0,1.0
低于,3.0,9.0,0.25,0.75
MX,0.0,3.0,0.0,1.0
才,0.0,6.0,0.0,1.0
45,0.0,12.0,0.0,1.0
英雄,6.0,0.0,1.0,0.0
浓厚,3.0,0.0,1.0,0.0
率,0.0,9.0,0.0,1.0
news,3.0,0.0,1.0,0.0
战争,0.0,3.0,0.0,1.0
行动,6.0,0.0,1.0,0.0
科夫斯基,3.0,0.0,1.0,0.0
增长,51.0,3.0,0.9444444444444444,0.05555555555555555
饱和,3.0,0.0,1.0,0.0
往往,6.0,0.0,1.0,0.0
符合,6.0,0.0,1.0,0.0
新华社,6.0,0.0,1.0,0.0
细分化,9.0,0.0,1.0,0.0
影视作品,0.0,3.0,0.0,1.0
恰逢,0.0,3.0,0.0,1.0
很多很多,3.0,0.0,1.0,0.0
真的,3.0,0.0,1.0,0.0
保护,6.0,0.0,1.0,0.0
显得,3.0,0.0,1.0,0.0
后勤保障,0.0,3.0,0.0,1.0
腾讯,3.0,0.0,1.0,0.0
坦桑尼亚,18.0,0.0,1.0,0.0
思考,3.0,0.0,1.0,0.0
大力支持,3.0,6.0,0.3333333333333333,0.6666666666666666
部分,0.0,15.0,0.0,1.0
八一电影制片厂,0.0,3.0,0.0,1.0
m,3.0,0.0,1.0,0.0
小朋友,3.0,0.0,1.0,0.0
独到,3.0,0.0,1.0,0.0
３,3.0,0.0,1.0,0.0
》,150.0,76.0,0.6637168141592921,0.336283185840708
paper,3.0,0.0,1.0,0.0
帐篷,3.0,0.0,1.0,0.0
共有,0.0,3.0,0.0,1.0
总经理,3.0,0.0,1.0,0.0
破,9.0,2.0,0.8181818181818182,0.18181818181818182
国企,0.0,3.0,0.0,1.0
春节,1.0,0.0,1.0,0.0
仔细,3.0,0.0,1.0,0.0
致力于,3.0,0.0,1.0,0.0
会,3.0,0.0,1.0,0.0
一种,3.0,0.0,1.0,0.0
推动,0.0,6.0,0.0,1.0
专业版,6.0,0.0,1.0,0.0
主动,3.0,0.0,1.0,0.0
内地,9.0,0.0,1.0,0.0
意义,3.0,3.0,0.5,0.5
精品化,3.0,0.0,1.0,0.0
动作片,3.0,0.0,1.0,0.0
金融界,0.0,9.0,0.0,1.0
世界,24.0,0.0,1.0,0.0
拓展,3.0,0.0,1.0,0.0
求真务实,0.0,3.0,0.0,1.0
身影,0.0,3.0,0.0,1.0
杨,0.0,3.0,0.0,1.0
不辞辛苦,3.0,0.0,1.0,0.0
向上,3.0,0.0,1.0,0.0
高度,3.0,0.0,1.0,0.0
中心,3.0,6.0,0.3333333333333333,0.6666666666666666
亦,0.0,3.0,0.0,1.0
下行,0.0,3.0,0.0,1.0
开始,15.0,9.0,0.625,0.375
26.7,3.0,0.0,1.0,0.0
宝座,3.0,0.0,1.0,0.0
由,9.0,9.0,0.5,0.5
作,0.0,3.0,0.0,1.0
主办,3.0,0.0,1.0,0.0
大篷车,3.0,0.0,1.0,0.0
专项资金,0.0,3.0,0.0,1.0
新片,0.0,3.0,0.0,1.0
下次,3.0,0.0,1.0,0.0
亮相,3.0,0.0,1.0,0.0
年报,0.0,6.0,0.0,1.0
550x0,3.0,0.0,1.0,0.0
也就是说,3.0,0.0,1.0,0.0
月,39.0,56.0,0.4105263157894737,0.5894736842105263
人,18.0,3.0,0.8571428571428571,0.14285714285714285
221,3.0,0.0,1.0,0.0
８,9.0,0.0,1.0,0.0
赚,3.0,0.0,1.0,0.0
此,3.0,3.0,0.5,0.5
61,3.0,0.0,1.0,0.0
起到,3.0,0.0,1.0,0.0
迹象,6.0,0.0,1.0,0.0
建投,0.0,18.0,0.0,1.0
4.23,0.0,3.0,0.0,1.0
永福,3.0,0.0,1.0,0.0
报道,15.0,0.0,1.0,0.0
曾,3.0,0.0,1.0,0.0
诊股,9.0,3.0,0.75,0.25
因地制宜,3.0,0.0,1.0,0.0
多万,3.0,0.0,1.0,0.0
为,27.0,39.0,0.4090909090909091,0.5909090909090909
—,24.0,0.0,1.0,0.0
以下,3.0,6.0,0.3333333333333333,0.6666666666666666
传导,3.0,0.0,1.0,0.0
挑剔,3.0,0.0,1.0,0.0
想,0.0,3.0,0.0,1.0
王长,3.0,3.0,0.5,0.5
亿至,0.0,3.0,0.0,1.0
事件,0.0,3.0,0.0,1.0
中国文联,3.0,0.0,1.0,0.0
关键词,6.0,0.0,1.0,0.0
拟,0.0,3.0,0.0,1.0
提高,9.0,0.0,1.0,0.0
一带,0.0,9.0,0.0,1.0
控股,0.0,15.0,0.0,1.0
十二个,0.0,3.0,0.0,1.0
增长点,3.0,0.0,1.0,0.0
吴疆勇,0.0,3.0,0.0,1.0
太好了,3.0,0.0,1.0,0.0
面孔,3.0,0.0,1.0,0.0
NGO,3.0,0.0,1.0,0.0
片单,3.0,0.0,1.0,0.0
陪,3.0,0.0,1.0,0.0
负责人,6.0,0.0,1.0,0.0
空间,3.0,0.0,1.0,0.0
明显,3.0,6.0,0.3333333333333333,0.6666666666666666
干部,0.0,3.0,0.0,1.0
先生,0.0,3.0,0.0,1.0
002739,0.0,3.0,0.0,1.0
事务,0.0,6.0,0.0,1.0
放映机,3.0,0.0,1.0,0.0
缺乏,3.0,0.0,1.0,0.0
2016,27.0,15.0,0.6428571428571429,0.35714285714285715
副会长,0.0,3.0,0.0,1.0
分,6.0,0.0,1.0,0.0
公开,0.0,9.0,0.0,1.0
却渐,3.0,0.0,1.0,0.0
理解,3.0,0.0,1.0,0.0
终于,3.0,0.0,1.0,0.0
做好,0.0,6.0,0.0,1.0
东方,3.0,0.0,1.0,0.0
典型,3.0,0.0,1.0,0.0
规模,9.0,0.0,1.0,0.0
比起,3.0,0.0,1.0,0.0
提升,3.0,3.0,0.5,0.5
创造,9.0,3.0,0.75,0.25
ABD,3.0,0.0,1.0,0.0
之,3.0,9.0,0.25,0.75
城市,24.0,0.0,1.0,0.0
理事长,0.0,3.0,0.0,1.0
冲顶,3.0,0.0,1.0,0.0
产业,54.0,24.0,0.6923076923076923,0.3076923076923077
占,3.0,12.0,0.2,0.8
制片人,0.0,3.0,0.0,1.0
事业,0.0,3.0,0.0,1.0
时,6.0,3.0,0.6666666666666666,0.3333333333333333
找,3.0,0.0,1.0,0.0
财政,0.0,3.0,0.0,1.0
大关,3.0,0.0,1.0,0.0
非洲,21.0,0.0,1.0,0.0
建立,3.0,0.0,1.0,0.0
管理,0.0,6.0,0.0,1.0
办公室,0.0,18.0,0.0,1.0
时隔,0.0,3.0,0.0,1.0
上映期间,0.0,3.0,0.0,1.0
天,3.0,0.0,1.0,0.0
单指,0.0,3.0,0.0,1.0
充分,0.0,3.0,0.0,1.0
厂长,0.0,3.0,0.0,1.0
交流中心,0.0,3.0,0.0,1.0
cdn,3.0,0.0,1.0,0.0
上市公司,0.0,6.0,0.0,1.0
调研,0.0,6.0,0.0,1.0
43,3.0,0.0,1.0,0.0
告诉,3.0,0.0,1.0,0.0
旗下,0.0,12.0,0.0,1.0
2011,0.0,12.0,0.0,1.0
11.83,3.0,0.0,1.0,0.0
使,3.0,0.0,1.0,0.0
定格,3.0,0.0,1.0,0.0
处在,3.0,0.0,1.0,0.0
致辞,0.0,3.0,0.0,1.0
根据,0.0,6.0,0.0,1.0
陆续,3.0,0.0,1.0,0.0
明白,0.0,3.0,0.0,1.0
列表,0.0,3.0,0.0,1.0
成熟,6.0,0.0,1.0,0.0
输,3.0,0.0,1.0,0.0
历来,3.0,0.0,1.0,0.0
61.12,0.0,3.0,0.0,1.0
收入,21.0,3.0,0.875,0.125
且,0.0,3.0,0.0,1.0
W020170705579332924083,3.0,0.0,1.0,0.0
0807,3.0,0.0,1.0,0.0
成绩单,3.0,3.0,0.5,0.5
刘安,0.0,3.0,0.0,1.0
一百多年,3.0,0.0,1.0,0.0
近日,6.0,3.0,0.6666666666666666,0.3333333333333333
多方面,0.0,3.0,0.0,1.0
历史,0.0,3.0,0.0,1.0
流程,0.0,3.0,0.0,1.0
区域,0.0,3.0,0.0,1.0
最后,3.0,0.0,1.0,0.0
便,0.0,3.0,0.0,1.0
服务,0.0,3.0,0.0,1.0
可以,9.0,0.0,1.0,0.0
中国人民解放军,0.0,3.0,0.0,1.0
保护期,3.0,0.0,1.0,0.0
传播,3.0,0.0,1.0,0.0
关心,3.0,0.0,1.0,0.0
本报记者,9.0,0.0,1.0,0.0
小,7.0,0.0,1.0,0.0
之际,3.0,0.0,1.0,0.0
有所,3.0,0.0,1.0,0.0
中影,0.0,15.0,0.0,1.0
徐,3.0,0.0,1.0,0.0
您,6.0,0.0,1.0,0.0
中老年,3.0,0.0,1.0,0.0
：,48.0,27.0,0.64,0.36
五月,3.0,0.0,1.0,0.0
变得,3.0,0.0,1.0,0.0
打造,3.0,3.0,0.5,0.5
一路,0.0,12.0,0.0,1.0
呼声,0.0,2.0,0.0,1.0
未能,0.0,3.0,0.0,1.0
部,18.0,15.0,0.5454545454545454,0.45454545454545453
低迷,6.0,0.0,1.0,0.0
亮点,3.0,0.0,1.0,0.0
增长率,3.0,3.0,0.5,0.5
）,22.0,60.0,0.2682926829268293,0.7317073170731707
最为,0.0,3.0,0.0,1.0
时刻,6.0,0.0,1.0,0.0
希望,6.0,0.0,1.0,0.0
保持,3.0,6.0,0.3333333333333333,0.6666666666666666
展示,3.0,3.0,0.5,0.5
投资,3.0,21.0,0.125,0.875
消费力,3.0,0.0,1.0,0.0
正在,27.0,3.0,0.9,0.1
1997,0.0,3.0,0.0,1.0
率先,3.0,0.0,1.0,0.0
8,21.0,20.0,0.5121951219512195,0.4878048780487805
曾一度,3.0,0.0,1.0,0.0
儿童,3.0,0.0,1.0,0.0
繁荣,3.0,3.0,0.5,0.5
追随,3.0,0.0,1.0,0.0
电影,436.0,314.0,0.5813333333333334,0.4186666666666667
上市,0.0,21.0,0.0,1.0
促进,9.0,0.0,1.0,0.0
挑战,12.0,0.0,1.0,0.0
委员会,0.0,9.0,0.0,1.0
协会,0.0,6.0,0.0,1.0
豆瓣,0.0,3.0,0.0,1.0
超英,3.0,0.0,1.0,0.0
正,3.0,0.0,1.0,0.0
快速增长,0.0,3.0,0.0,1.0
相互依存,0.0,3.0,0.0,1.0
若能,3.0,0.0,1.0,0.0
影视制作,0.0,3.0,0.0,1.0
促进作用,3.0,0.0,1.0,0.0
仍有,3.0,0.0,1.0,0.0
但,15.0,9.0,0.625,0.375
1500065035640,3.0,0.0,1.0,0.0
田,0.0,3.0,0.0,1.0
相约,3.0,0.0,1.0,0.0
首席,3.0,0.0,1.0,0.0
湄公河,6.0,0.0,1.0,0.0
其它,0.0,3.0,0.0,1.0
圈地,3.0,0.0,1.0,0.0
四大,3.0,3.0,0.5,0.5
量,3.0,0.0,1.0,0.0
脸,3.0,0.0,1.0,0.0
仅,6.0,3.0,0.6666666666666666,0.3333333333333333
万达,0.0,6.0,0.0,1.0
5,12.0,6.0,0.6666666666666666,0.3333333333333333
公布,3.0,0.0,1.0,0.0
丰富,3.0,0.0,1.0,0.0
本页,0.0,3.0,0.0,1.0
4.16,0.0,3.0,0.0,1.0
内容,6.0,0.0,1.0,0.0
一个,22.0,3.0,0.88,0.12
开馆,0.0,6.0,0.0,1.0
地位,0.0,3.0,0.0,1.0
没有,9.0,0.0,1.0,0.0
爆炸性,3.0,0.0,1.0,0.0
大圣,3.0,0.0,1.0,0.0
以此,3.0,0.0,1.0,0.0
排映,0.0,6.0,0.0,1.0
遇冷,1.0,0.0,1.0,0.0
冰冷,0.0,3.0,0.0,1.0
勇气,3.0,0.0,1.0,0.0
场次,3.0,0.0,1.0,0.0
制作,6.0,3.0,0.6666666666666666,0.3333333333333333
现在,6.0,0.0,1.0,0.0
600,0.0,3.0,0.0,1.0
趋势,3.0,0.0,1.0,0.0
近三年,0.0,3.0,0.0,1.0
摆渡,3.0,0.0,1.0,0.0
打工,3.0,0.0,1.0,0.0
业务,6.0,15.0,0.2857142857142857,0.7142857142857143
来看,3.0,3.0,0.5,0.5
风险,3.0,0.0,1.0,0.0
霸唱以,0.0,3.0,0.0,1.0
其中,15.0,3.0,0.8333333333333334,0.16666666666666666
辗转,3.0,0.0,1.0,0.0
得到,0.0,3.0,0.0,1.0
小镇,0.0,6.0,0.0,1.0
常态,3.0,0.0,1.0,0.0
引领,0.0,3.0,0.0,1.0
辞职,0.0,3.0,0.0,1.0
叶宁则,3.0,0.0,1.0,0.0
代表团,3.0,0.0,1.0,0.0
掌管,3.0,0.0,1.0,0.0
需,3.0,0.0,1.0,0.0
这次,3.0,0.0,1.0,0.0
拆弹,6.0,0.0,1.0,0.0
档,1.0,3.0,0.25,0.75
１,9.0,0.0,1.0,0.0
时代,21.0,0.0,1.0,0.0
甚至,3.0,0.0,1.0,0.0
总和,3.0,0.0,1.0,0.0
喀纳斯,0.0,18.0,0.0,1.0
民心,3.0,0.0,1.0,0.0
高速,18.0,0.0,1.0,0.0
工匠,6.0,0.0,1.0,0.0
或者,0.0,3.0,0.0,1.0
网站,0.0,9.0,0.0,1.0
鬼魂,3.0,0.0,1.0,0.0
战略,0.0,3.0,0.0,1.0
以上,3.0,0.0,1.0,0.0
制片厂,3.0,0.0,1.0,0.0
主办国,3.0,0.0,1.0,0.0
签订,3.0,0.0,1.0,0.0
结束,3.0,0.0,1.0,0.0
品牌,6.0,0.0,1.0,0.0
真正,3.0,0.0,1.0,0.0
显示,12.0,3.0,0.8,0.2
电视,3.0,9.0,0.25,0.75
首映,0.0,3.0,0.0,1.0
喜欢,9.0,0.0,1.0,0.0
时期,3.0,0.0,1.0,0.0
段时间,3.0,0.0,1.0,0.0
难,0.0,3.0,0.0,1.0
形式,0.0,3.0,0.0,1.0
4.22,0.0,3.0,0.0,1.0
这些年来,6.0,0.0,1.0,0.0
奎尔,6.0,0.0,1.0,0.0
群,3.0,0.0,1.0,0.0
项目,0.0,21.0,0.0,1.0
这点,3.0,0.0,1.0,0.0
半小时,0.0,6.0,0.0,1.0
E,0.0,3.0,0.0,1.0
饶,3.0,0.0,1.0,0.0
职工,0.0,6.0,0.0,1.0
听,3.0,0.0,1.0,0.0
总是,3.0,0.0,1.0,0.0
今年以来,3.0,0.0,1.0,0.0
简称,3.0,6.0,0.3333333333333333,0.6666666666666666
依靠,3.0,0.0,1.0,0.0
另据,0.0,3.0,0.0,1.0
发生,0.0,3.0,0.0,1.0
电广传媒,0.0,3.0,0.0,1.0
冠军,12.0,0.0,1.0,0.0
央广,0.0,3.0,0.0,1.0
10.51,3.0,0.0,1.0,0.0
贡献,3.0,6.0,0.3333333333333333,0.6666666666666666
四达,3.0,0.0,1.0,0.0
放映,12.0,12.0,0.5,0.5
核心,3.0,0.0,1.0,0.0
索赔,0.0,3.0,0.0,1.0
学院,3.0,0.0,1.0,0.0
赘述,3.0,0.0,1.0,0.0
子公司,0.0,9.0,0.0,1.0
导演,12.0,3.0,0.8,0.2
受此,0.0,3.0,0.0,1.0
马云,0.0,3.0,0.0,1.0
经济,6.0,0.0,1.0,0.0
c51a9db4,3.0,0.0,1.0,0.0
历任,0.0,3.0,0.0,1.0
说明,6.0,0.0,1.0,0.0
赢家,0.0,3.0,0.0,1.0
比例,0.0,6.0,0.0,1.0
更大,3.0,0.0,1.0,0.0
启动,3.0,0.0,1.0,0.0
550,0.0,3.0,0.0,1.0
合适,3.0,0.0,1.0,0.0
交出,0.0,6.0,0.0,1.0
北上,3.0,0.0,1.0,0.0
钱,3.0,3.0,0.5,0.5
最终,9.0,0.0,1.0,0.0
投放市场,0.0,3.0,0.0,1.0
景区,0.0,3.0,0.0,1.0
特色,0.0,3.0,0.0,1.0
清华大学,3.0,0.0,1.0,0.0
全,6.0,0.0,1.0,0.0
副理事长,0.0,3.0,0.0,1.0
其,3.0,6.0,0.3333333333333333,0.6666666666666666
进行,6.0,3.0,0.6666666666666666,0.3333333333333333
当代,3.0,0.0,1.0,0.0
平台,0.0,6.0,0.0,1.0
前十名,3.0,0.0,1.0,0.0
斯,6.0,0.0,1.0,0.0
成绩,12.0,12.0,0.5,0.5
cn,9.0,0.0,1.0,0.0
盛典,0.0,6.0,0.0,1.0
直言,3.0,0.0,1.0,0.0
分别,3.0,6.0,0.3333333333333333,0.6666666666666666
精彩,6.0,0.0,1.0,0.0
八月,3.0,0.0,1.0,0.0
people,3.0,0.0,1.0,0.0
8572,3.0,0.0,1.0,0.0
暴增,3.0,0.0,1.0,0.0
mrjjxw,6.0,0.0,1.0,0.0
里,0.0,6.0,0.0,1.0
聊,3.0,0.0,1.0,0.0
关于,0.0,15.0,0.0,1.0
模式,6.0,0.0,1.0,0.0
前,6.0,0.0,1.0,0.0
认为,15.0,0.0,1.0,0.0
11,0.0,3.0,0.0,1.0
长影,3.0,3.0,0.5,0.5
170741,0.0,3.0,0.0,1.0
4458,3.0,0.0,1.0,0.0
正是,3.0,0.0,1.0,0.0
审查,6.0,0.0,1.0,0.0
拉涨,0.0,6.0,0.0,1.0
年均,6.0,0.0,1.0,0.0
含有,3.0,0.0,1.0,0.0
深入,3.0,0.0,1.0,0.0
创新,3.0,6.0,0.3333333333333333,0.6666666666666666
观看,12.0,0.0,1.0,0.0
补充协议,3.0,0.0,1.0,0.0
歌舞团,0.0,3.0,0.0,1.0
多,12.0,0.0,1.0,0.0
不仅,3.0,0.0,1.0,0.0
而言,3.0,6.0,0.3333333333333333,0.6666666666666666
喇培康,0.0,6.0,0.0,1.0
关怀,0.0,3.0,0.0,1.0
业界,3.0,0.0,1.0,0.0
包括,3.0,6.0,0.3333333333333333,0.6666666666666666
神,3.0,0.0,1.0,0.0
盛世,3.0,0.0,1.0,0.0
本届,3.0,0.0,1.0,0.0
不同,6.0,3.0,0.6666666666666666,0.3333333333333333
据,9.0,3.0,0.75,0.25
季报,0.0,3.0,0.0,1.0
工作人员,0.0,3.0,0.0,1.0
指导,0.0,3.0,0.0,1.0
通知,0.0,15.0,0.0,1.0
需要,9.0,0.0,1.0,0.0
20170710,3.0,0.0,1.0,0.0
说不清楚,0.0,3.0,0.0,1.0
略高于,3.0,0.0,1.0,0.0
股,3.0,12.0,0.2,0.8
流通,0.0,15.0,0.0,1.0
名片,3.0,0.0,1.0,0.0
专家学者,3.0,0.0,1.0,0.0
观影,21.0,0.0,1.0,0.0
中间,3.0,0.0,1.0,0.0
放映队,3.0,0.0,1.0,0.0
48.89,0.0,3.0,0.0,1.0
信息,0.0,3.0,0.0,1.0
票房,84.0,53.0,0.6131386861313869,0.38686131386861317
谈谈,3.0,0.0,1.0,0.0
炎热,3.0,0.0,1.0,0.0
元素,9.0,0.0,1.0,0.0
既有,3.0,0.0,1.0,0.0
带来,9.0,0.0,1.0,0.0
就要,3.0,0.0,1.0,0.0
难求,3.0,0.0,1.0,0.0
创下,3.0,0.0,1.0,0.0
日电,6.0,0.0,1.0,0.0
史,3.0,0.0,1.0,0.0
长江,12.0,0.0,1.0,0.0
均值,0.0,3.0,0.0,1.0
方占,0.0,6.0,0.0,1.0
上半年,12.0,3.0,0.8,0.2
调整期,3.0,0.0,1.0,0.0
江苏,0.0,3.0,0.0,1.0
春娇,6.0,0.0,1.0,0.0
食,3.0,0.0,1.0,0.0
少数民族,0.0,3.0,0.0,1.0
png,3.0,0.0,1.0,0.0
消化,0.0,3.0,0.0,1.0
30.99,3.0,0.0,1.0,0.0
养成,3.0,0.0,1.0,0.0
文物保护,0.0,3.0,0.0,1.0
去年,7.0,3.0,0.7,0.3
30.72,0.0,2.0,0.0,1.0
泡沫,0.0,3.0,0.0,1.0
20170724,0.0,3.0,0.0,1.0
两亿,3.0,0.0,1.0,0.0
缺口,6.0,0.0,1.0,0.0
全域,0.0,6.0,0.0,1.0
放在,3.0,0.0,1.0,0.0
极大,3.0,0.0,1.0,0.0
乡间,3.0,0.0,1.0,0.0
下,9.0,6.0,0.6,0.4
来说,3.0,0.0,1.0,0.0
运营,3.0,9.0,0.25,0.75
2012,9.0,0.0,1.0,0.0
令人激动,3.0,0.0,1.0,0.0
作者,3.0,6.0,0.3333333333333333,0.6666666666666666
情况,3.0,3.0,0.5,0.5
解禁,0.0,3.0,0.0,1.0
理性,3.0,0.0,1.0,0.0
、,84.0,126.0,0.4,0.6
迎来,3.0,3.0,0.5,0.5
孙野光,3.0,0.0,1.0,0.0
两地,9.0,0.0,1.0,0.0
wpimg,3.0,0.0,1.0,0.0
组织,6.0,6.0,0.5,0.5
工作者,3.0,0.0,1.0,0.0
降,3.0,3.0,0.5,0.5
https,3.0,0.0,1.0,0.0
本月,0.0,3.0,0.0,1.0
远离,3.0,0.0,1.0,0.0
雷鸣,6.0,0.0,1.0,0.0
血战,3.0,0.0,1.0,0.0
游戏,3.0,0.0,1.0,0.0
看待,3.0,0.0,1.0,0.0
软,3.0,0.0,1.0,0.0
欧文,0.0,3.0,0.0,1.0
南方,0.0,15.0,0.0,1.0
主力,0.0,3.0,0.0,1.0
只有,3.0,3.0,0.5,0.5
无论如何,3.0,0.0,1.0,0.0
责任,3.0,0.0,1.0,0.0
不断,6.0,3.0,0.6666666666666666,0.3333333333333333
一条,3.0,0.0,1.0,0.0
cjxw,3.0,0.0,1.0,0.0
阶段,6.0,0.0,1.0,0.0
新高峰,0.0,3.0,0.0,1.0
同志,0.0,3.0,0.0,1.0
分析,3.0,0.0,1.0,0.0
香江,3.0,0.0,1.0,0.0
赞比亚,9.0,0.0,1.0,0.0
注意,3.0,0.0,1.0,0.0
不断扩大,3.0,0.0,1.0,0.0
受欢迎,3.0,0.0,1.0,0.0
130,3.0,0.0,1.0,0.0
以往,3.0,0.0,1.0,0.0
过瘾,3.0,0.0,1.0,0.0
武汉,3.0,0.0,1.0,0.0
核查,0.0,9.0,0.0,1.0
16,0.0,12.0,0.0,1.0
收获,0.0,3.0,0.0,1.0
深度,3.0,0.0,1.0,0.0
行情,15.0,3.0,0.8333333333333334,0.16666666666666666
.,66.0,0.0,1.0,0.0
专业化,9.0,0.0,1.0,0.0
新干线,0.0,15.0,0.0,1.0
助理,0.0,3.0,0.0,1.0
跑马,3.0,0.0,1.0,0.0
投资者,0.0,3.0,0.0,1.0
参投,0.0,3.0,0.0,1.0
华谊,3.0,0.0,1.0,0.0
2,36.0,25.0,0.5901639344262295,0.4098360655737705
上涨,0.0,9.0,0.0,1.0
公益性,0.0,3.0,0.0,1.0
影市,3.0,0.0,1.0,0.0
巨大,6.0,0.0,1.0,0.0
诚意,3.0,0.0,1.0,0.0
南加州,3.0,0.0,1.0,0.0
市场,103.0,15.0,0.8728813559322034,0.1271186440677966
阿姨,3.0,0.0,1.0,0.0
备受瞩目,3.0,0.0,1.0,0.0
已成,3.0,0.0,1.0,0.0
纪录,9.0,0.0,1.0,0.0
首先,3.0,0.0,1.0,0.0
生长,9.0,0.0,1.0,0.0
计划,0.0,6.0,0.0,1.0
旅,0.0,3.0,0.0,1.0
亿人次,3.0,0.0,1.0,0.0
广播,0.0,6.0,0.0,1.0
惨不忍睹,3.0,0.0,1.0,0.0
星,0.0,3.0,0.0,1.0
奖项,3.0,0.0,1.0,0.0
期,0.0,3.0,0.0,1.0
稳坐,3.0,0.0,1.0,0.0
制片,0.0,3.0,0.0,1.0
反而,3.0,0.0,1.0,0.0
评级,0.0,3.0,0.0,1.0
数据,33.0,0.0,1.0,0.0
其余,0.0,3.0,0.0,1.0
独善其身,0.0,3.0,0.0,1.0
人气,3.0,0.0,1.0,0.0
猫眼,9.0,0.0,1.0,0.0
光线,6.0,3.0,0.6666666666666666,0.3333333333333333
异动,0.0,9.0,0.0,1.0
文化,15.0,12.0,0.5555555555555556,0.4444444444444444
突出,3.0,0.0,1.0,0.0
密集,3.0,0.0,1.0,0.0
口味,3.0,0.0,1.0,0.0
保密,0.0,3.0,0.0,1.0
剧情,3.0,0.0,1.0,0.0
影视,6.0,33.0,0.15384615384615385,0.8461538461538461
缩水,0.0,6.0,0.0,1.0
分一杯羹,3.0,0.0,1.0,0.0
暂休,3.0,0.0,1.0,0.0
登顶,3.0,0.0,1.0,0.0
上升,3.0,0.0,1.0,0.0
旅游,0.0,9.0,0.0,1.0
广电,0.0,3.0,0.0,1.0
天日,3.0,0.0,1.0,0.0
一倍,3.0,0.0,1.0,0.0
曙光,3.0,0.0,1.0,0.0
峰值,3.0,0.0,1.0,0.0
26.94,0.0,3.0,0.0,1.0
中影集团,0.0,3.0,0.0,1.0
疲态,3.0,0.0,1.0,0.0
CEPA,9.0,0.0,1.0,0.0
研究部,3.0,0.0,1.0,0.0
当道,3.0,0.0,1.0,0.0
主要,6.0,3.0,0.6666666666666666,0.3333333333333333
妖塔,0.0,3.0,0.0,1.0
法律事务,0.0,3.0,0.0,1.0
如果说,3.0,0.0,1.0,0.0
审美,6.0,0.0,1.0,0.0
一,3.0,3.0,0.5,0.5
十多年,3.0,0.0,1.0,0.0
生命,3.0,0.0,1.0,0.0
今年,6.0,3.0,0.6666666666666666,0.3333333333333333
注重,3.0,0.0,1.0,0.0
市场份额,0.0,3.0,0.0,1.0
湖北,3.0,0.0,1.0,0.0
二是,0.0,3.0,0.0,1.0
较为,3.0,0.0,1.0,0.0
这种,3.0,6.0,0.3333333333333333,0.6666666666666666
拍,3.0,0.0,1.0,0.0
变形金刚,6.0,0.0,1.0,0.0
剑,3.0,0.0,1.0,0.0
约,0.0,6.0,0.0,1.0
碰撞,3.0,0.0,1.0,0.0
原因,3.0,0.0,1.0,0.0
修复,0.0,3.0,0.0,1.0
稳定性,0.0,6.0,0.0,1.0
达,18.0,6.0,0.75,0.25
制片方,6.0,3.0,0.6666666666666666,0.3333333333333333
这批,3.0,0.0,1.0,0.0
唯二,0.0,3.0,0.0,1.0
有利于,0.0,3.0,0.0,1.0
光影,0.0,12.0,0.0,1.0
市值,3.0,9.0,0.25,0.75
成为,15.0,5.0,0.75,0.25
安生,3.0,0.0,1.0,0.0
分众,3.0,0.0,1.0,0.0
齐聚,3.0,0.0,1.0,0.0
大业,0.0,39.0,0.0,1.0
可,0.0,3.0,0.0,1.0
论坛,6.0,0.0,1.0,0.0
电影院线,3.0,0.0,1.0,0.0
此前,3.0,3.0,0.5,0.5
管委会,0.0,3.0,0.0,1.0
进入,6.0,3.0,0.6666666666666666,0.3333333333333333
同时,15.0,9.0,0.625,0.375
前三甲,3.0,3.0,0.5,0.5
30,15.0,6.0,0.7142857142857143,0.2857142857142857
宝莱坞,3.0,0.0,1.0,0.0
主席,3.0,0.0,1.0,0.0
局长,3.0,0.0,1.0,0.0
页,0.0,3.0,0.0,1.0
扩容,3.0,0.0,1.0,0.0
两款,0.0,3.0,0.0,1.0
颇为,3.0,0.0,1.0,0.0
多家,0.0,3.0,0.0,1.0
],0.0,6.0,0.0,1.0
涅,3.0,0.0,1.0,0.0
补足,3.0,0.0,1.0,0.0
静下心来,3.0,0.0,1.0,0.0
反思,3.0,0.0,1.0,0.0
流量,3.0,0.0,1.0,0.0
高级,3.0,0.0,1.0,0.0
遇上,3.0,0.0,1.0,0.0
建军,0.0,30.0,0.0,1.0
大单,0.0,3.0,0.0,1.0
转让,0.0,3.0,0.0,1.0
融合,6.0,0.0,1.0,0.0
消息,6.0,12.0,0.3333333333333333,0.6666666666666666
连接,6.0,0.0,1.0,0.0
03,3.0,0.0,1.0,0.0
数量,30.0,0.0,1.0,0.0
国际化,6.0,0.0,1.0,0.0
参赛,6.0,0.0,1.0,0.0
第五部,3.0,0.0,1.0,0.0
非常少,3.0,0.0,1.0,0.0
王健林,0.0,3.0,0.0,1.0
启幕,0.0,6.0,0.0,1.0
家庭,3.0,0.0,1.0,0.0
浮躁,3.0,0.0,1.0,0.0
艺术家,0.0,3.0,0.0,1.0
不管,0.0,2.0,0.0,1.0
渐趋,3.0,0.0,1.0,0.0
挑大梁,3.0,0.0,1.0,0.0
农村,3.0,0.0,1.0,0.0
未知,3.0,0.0,1.0,0.0
26,0.0,9.0,0.0,1.0
600977,19.0,21.0,0.475,0.525
瀛,3.0,0.0,1.0,0.0
寒冬,0.0,6.0,0.0,1.0
排名,3.0,9.0,0.25,0.75
市场需求,3.0,0.0,1.0,0.0
834246,0.0,6.0,0.0,1.0
不可估量,3.0,0.0,1.0,0.0
褪去,3.0,0.0,1.0,0.0
清楚,3.0,0.0,1.0,0.0
如何,3.0,0.0,1.0,0.0
成本,0.0,3.0,0.0,1.0
类,0.0,3.0,0.0,1.0
层面,0.0,3.0,0.0,1.0
最好,9.0,0.0,1.0,0.0
年度,9.0,3.0,0.75,0.25
img1,3.0,0.0,1.0,0.0
展望,3.0,0.0,1.0,0.0
探讨,3.0,0.0,1.0,0.0
净增,3.0,0.0,1.0,0.0
SRC,15.0,0.0,1.0,0.0
星美,0.0,3.0,0.0,1.0
打,6.0,0.0,1.0,0.0
套路,3.0,0.0,1.0,0.0
华语,6.0,0.0,1.0,0.0
画面,3.0,0.0,1.0,0.0
出现,6.0,12.0,0.3333333333333333,0.6666666666666666
基地,0.0,18.0,0.0,1.0
有关,0.0,3.0,0.0,1.0
最低点,3.0,0.0,1.0,0.0
如下,0.0,3.0,0.0,1.0
按照,0.0,3.0,0.0,1.0
让,9.0,0.0,1.0,0.0
互动,0.0,6.0,0.0,1.0
路径,3.0,0.0,1.0,0.0
垄断,0.0,3.0,0.0,1.0
新增,3.0,0.0,1.0,0.0
tx1,3.0,0.0,1.0,0.0
最大,3.0,0.0,1.0,0.0
价值体系,3.0,0.0,1.0,0.0
净亏损,0.0,3.0,0.0,1.0
约定俗成,3.0,0.0,1.0,0.0
出让,3.0,0.0,1.0,0.0
遴选,3.0,0.0,1.0,0.0
被,12.0,3.0,0.8,0.2
三高,3.0,0.0,1.0,0.0
生产,0.0,3.0,0.0,1.0
关注,3.0,9.0,0.25,0.75
召开,3.0,3.0,0.5,0.5
担当,6.0,0.0,1.0,0.0
基因,3.0,0.0,1.0,0.0
指,6.0,0.0,1.0,0.0
第一,12.0,6.0,0.6666666666666666,0.3333333333333333
之日起,0.0,3.0,0.0,1.0
应该,3.0,3.0,0.5,0.5
三部,0.0,3.0,0.0,1.0
记者,12.0,3.0,0.8,0.2
如今,3.0,0.0,1.0,0.0
日渐,0.0,2.0,0.0,1.0
北,3.0,0.0,1.0,0.0
跻身,3.0,0.0,1.0,0.0
系列,3.0,0.0,1.0,0.0
35.49,0.0,3.0,0.0,1.0
下发,0.0,3.0,0.0,1.0
理想,0.0,3.0,0.0,1.0
电影院,12.0,0.0,1.0,0.0
4479,3.0,0.0,1.0,0.0
爆款,0.0,3.0,0.0,1.0
除了,0.0,3.0,0.0,1.0
看得入,3.0,0.0,1.0,0.0
周边,3.0,0.0,1.0,0.0
整合,0.0,3.0,0.0,1.0
商业,3.0,3.0,0.5,0.5
放缓,15.0,0.0,1.0,0.0
轨道,9.0,3.0,0.75,0.25
辞职报告,0.0,3.0,0.0,1.0
政府,0.0,3.0,0.0,1.0
逆袭,3.0,0.0,1.0,0.0
资本,3.0,0.0,1.0,0.0
增幅,3.0,3.0,0.5,0.5
改编,3.0,0.0,1.0,0.0
超越,12.0,0.0,1.0,0.0
接受,3.0,0.0,1.0,0.0
敬畏,3.0,0.0,1.0,0.0
五部,3.0,0.0,1.0,0.0
建党,0.0,6.0,0.0,1.0
展示区,0.0,3.0,0.0,1.0
较,0.0,9.0,0.0,1.0
良性,3.0,0.0,1.0,0.0
34,6.0,0.0,1.0,0.0
留名,3.0,0.0,1.0,0.0
社会,0.0,6.0,0.0,1.0
馆内,0.0,3.0,0.0,1.0
回暖,0.0,3.0,0.0,1.0
基础,3.0,6.0,0.3333333333333333,0.6666666666666666
总局,3.0,0.0,1.0,0.0
元,3.0,0.0,1.0,0.0
局面,3.0,0.0,1.0,0.0
为首,3.0,0.0,1.0,0.0
运作,3.0,0.0,1.0,0.0
&,3.0,0.0,1.0,0.0
合拍,12.0,0.0,1.0,0.0
到,24.0,18.0,0.5714285714285714,0.42857142857142855
张斐斐,3.0,0.0,1.0,0.0
依托,0.0,3.0,0.0,1.0
薪酬,0.0,3.0,0.0,1.0
拥有,0.0,3.0,0.0,1.0
弱化,3.0,0.0,1.0,0.0
驻美,3.0,0.0,1.0,0.0
传播学院,3.0,0.0,1.0,0.0
军团,3.0,0.0,1.0,0.0
获得,6.0,0.0,1.0,0.0
蕾,3.0,0.0,1.0,0.0
美,3.0,3.0,0.5,0.5
立得,3.0,0.0,1.0,0.0
超过,21.0,0.0,1.0,0.0
54.35,0.0,6.0,0.0,1.0
受益,0.0,6.0,0.0,1.0
纪闻,3.0,0.0,1.0,0.0
补充,3.0,0.0,1.0,0.0
龙头,0.0,3.0,0.0,1.0
称,9.0,3.0,0.75,0.25
相比,9.0,3.0,0.75,0.25
没,0.0,3.0,0.0,1.0
750,0.0,6.0,0.0,1.0
日益,3.0,0.0,1.0,0.0
签章,0.0,3.0,0.0,1.0
岁末年初,3.0,0.0,1.0,0.0
去除,3.0,0.0,1.0,0.0
范围,3.0,0.0,1.0,0.0
能,3.0,0.0,1.0,0.0
积极向上,3.0,0.0,1.0,0.0
国外,0.0,6.0,0.0,1.0
质量,0.0,3.0,0.0,1.0
亚,0.0,3.0,0.0,1.0
对,48.0,18.0,0.7272727272727273,0.2727272727272727
合伙人,3.0,0.0,1.0,0.0
仍,9.0,0.0,1.0,0.0
中,9.0,18.0,0.3333333333333333,0.6666666666666666
istocknews,0.0,3.0,0.0,1.0
竟是,3.0,0.0,1.0,0.0
影响,0.0,3.0,0.0,1.0
收到,0.0,3.0,0.0,1.0
分成,0.0,3.0,0.0,1.0
院线,15.0,12.0,0.5555555555555556,0.4444444444444444
携手,0.0,3.0,0.0,1.0
第二季度,3.0,0.0,1.0,0.0
环球,6.0,0.0,1.0,0.0
教授,3.0,0.0,1.0,0.0
中有,3.0,0.0,1.0,0.0
自我,3.0,0.0,1.0,0.0
回到,0.0,6.0,0.0,1.0
山西省政府,0.0,3.0,0.0,1.0
持续,10.0,3.0,0.7692307692307693,0.23076923076923078
隐形,0.0,3.0,0.0,1.0
类似,3.0,0.0,1.0,0.0
成长,15.0,0.0,1.0,0.0
无法,0.0,3.0,0.0,1.0
对此,3.0,0.0,1.0,0.0
33.92,9.0,0.0,1.0,0.0
选择,3.0,0.0,1.0,0.0
3000,3.0,0.0,1.0,0.0
又,4.0,0.0,1.0,0.0
电影局,3.0,0.0,1.0,0.0
金鸡奖,3.0,0.0,1.0,0.0
非常,6.0,0.0,1.0,0.0
很长,3.0,0.0,1.0,0.0
未来,3.0,0.0,1.0,0.0
合计,0.0,6.0,0.0,1.0
明星,3.0,0.0,1.0,0.0
总,6.0,3.0,0.6666666666666666,0.3333333333333333
________________,0.0,6.0,0.0,1.0
六部,6.0,0.0,1.0,0.0
<,15.0,0.0,1.0,0.0
数字,3.0,0.0,1.0,0.0
仅次于,3.0,0.0,1.0,0.0
４,3.0,0.0,1.0,0.0
中信,0.0,18.0,0.0,1.0
不够,3.0,0.0,1.0,0.0
给予,0.0,9.0,0.0,1.0
联合,3.0,0.0,1.0,0.0
中视,0.0,3.0,0.0,1.0
国内,6.0,6.0,0.5,0.5
四五,3.0,0.0,1.0,0.0
8c31d0f3680c,3.0,0.0,1.0,0.0
业绩,0.0,9.0,0.0,1.0
排行榜,6.0,0.0,1.0,0.0
一是,0.0,3.0,0.0,1.0
国内外,0.0,3.0,0.0,1.0
预期,0.0,6.0,0.0,1.0
迅速,6.0,0.0,1.0,0.0
420,0.0,6.0,0.0,1.0
?,6.0,0.0,1.0,0.0
互联网,3.0,0.0,1.0,0.0
145.07,3.0,0.0,1.0,0.0
法庭,0.0,3.0,0.0,1.0
com,15.0,0.0,1.0,0.0
板块,0.0,3.0,0.0,1.0
青年,6.0,0.0,1.0,0.0
好消息,3.0,6.0,0.3333333333333333,0.6666666666666666
周年,0.0,3.0,0.0,1.0
全民,3.0,0.0,1.0,0.0
全天,0.0,3.0,0.0,1.0
尝试,3.0,0.0,1.0,0.0
首,0.0,3.0,0.0,1.0
建国,0.0,6.0,0.0,1.0
■,3.0,0.0,1.0,0.0
相通,3.0,0.0,1.0,0.0
仪式,0.0,3.0,0.0,1.0
广电总局,3.0,3.0,0.5,0.5
res,3.0,0.0,1.0,0.0
历史性,3.0,0.0,1.0,0.0
配合,0.0,3.0,0.0,1.0
造就,3.0,0.0,1.0,0.0
遭遇,0.0,3.0,0.0,1.0
通常,3.0,0.0,1.0,0.0
线,3.0,0.0,1.0,0.0
向,9.0,0.0,1.0,0.0
即将,3.0,0.0,1.0,0.0
批准,0.0,3.0,0.0,1.0
逐渐,9.0,0.0,1.0,0.0
路演,0.0,3.0,0.0,1.0
32,3.0,0.0,1.0,0.0
很,3.0,0.0,1.0,0.0
觉得,6.0,0.0,1.0,0.0
格局,6.0,0.0,1.0,0.0
国,0.0,3.0,0.0,1.0
其他,0.0,3.0,0.0,1.0
开发,3.0,0.0,1.0,0.0
中说,0.0,3.0,0.0,1.0
取益,0.0,3.0,0.0,1.0
萨,18.0,0.0,1.0,0.0
27,6.0,6.0,0.5,0.5
关系,0.0,3.0,0.0,1.0
年里,3.0,0.0,1.0,0.0
进口,9.0,24.0,0.2727272727272727,0.7272727272727273
一部,3.0,0.0,1.0,0.0
西方,3.0,0.0,1.0,0.0
BAT,3.0,0.0,1.0,0.0
外国,0.0,3.0,0.0,1.0
小钱,3.0,0.0,1.0,0.0
有限责任,0.0,3.0,0.0,1.0
3.73,0.0,6.0,0.0,1.0
优异成绩,3.0,0.0,1.0,0.0
长足进步,3.0,0.0,1.0,0.0
网,3.0,0.0,1.0,0.0
另一方面,3.0,0.0,1.0,0.0
中国电影家协会,6.0,0.0,1.0,0.0
自,3.0,6.0,0.3333333333333333,0.6666666666666666
35,0.0,3.0,0.0,1.0
邓超,0.0,3.0,0.0,1.0
参股,0.0,3.0,0.0,1.0
习惯,3.0,0.0,1.0,0.0
大片,3.0,6.0,0.3333333333333333,0.6666666666666666
个位数,3.0,3.0,0.5,0.5
打破,6.0,0.0,1.0,0.0
骑士,3.0,0.0,1.0,0.0
6.69,0.0,3.0,0.0,1.0
预计,3.0,0.0,1.0,0.0
基金,0.0,3.0,0.0,1.0
万,3.0,6.0,0.3333333333333333,0.6666666666666666
亿,30.0,14.0,0.6818181818181818,0.3181818181818182
广深,3.0,0.0,1.0,0.0
上线,0.0,3.0,0.0,1.0
合作伙伴,0.0,3.0,0.0,1.0
参与,3.0,6.0,0.3333333333333333,0.6666666666666666
制品,3.0,0.0,1.0,0.0
主任,0.0,30.0,0.0,1.0
赵保乐,0.0,3.0,0.0,1.0
借,3.0,0.0,1.0,0.0
保荐,0.0,9.0,0.0,1.0
还有,3.0,0.0,1.0,0.0
把,6.0,0.0,1.0,0.0
背后,6.0,3.0,0.6666666666666666,0.3333333333333333
国家,12.0,6.0,0.6666666666666666,0.3333333333333333
imageView,3.0,0.0,1.0,0.0
已有,3.0,0.0,1.0,0.0
王力军,0.0,3.0,0.0,1.0
看到,6.0,0.0,1.0,0.0
秋菊,3.0,0.0,1.0,0.0
jpg,15.0,0.0,1.0,0.0
最新,3.0,0.0,1.0,0.0
银幕,21.0,0.0,1.0,0.0
目前,12.0,12.0,0.5,0.5
2014,6.0,3.0,0.6666666666666666,0.3333333333333333
高于,0.0,3.0,0.0,1.0
经历,9.0,0.0,1.0,0.0
权力,6.0,0.0,1.0,0.0
2017,21.0,3.0,0.875,0.125
时任,3.0,0.0,1.0,0.0
改口,0.0,3.0,0.0,1.0
新疆,0.0,12.0,0.0,1.0
董事,3.0,0.0,1.0,0.0
杨新磊,0.0,3.0,0.0,1.0
3.7,3.0,0.0,1.0,0.0
表现,3.0,0.0,1.0,0.0
宣传,3.0,0.0,1.0,0.0
佳作,3.0,0.0,1.0,0.0
独立,3.0,0.0,1.0,0.0
17,0.0,9.0,0.0,1.0
[,0.0,6.0,0.0,1.0
许茹,3.0,0.0,1.0,0.0
23,6.0,0.0,1.0,0.0
有益,0.0,6.0,0.0,1.0
塔尔,3.0,0.0,1.0,0.0
36,3.0,3.0,0.5,0.5
最快,6.0,0.0,1.0,0.0
之一,6.0,0.0,1.0,0.0
改革,9.0,0.0,1.0,0.0
人民币,12.0,3.0,0.8,0.2
收藏,0.0,3.0,0.0,1.0
对应,0.0,3.0,0.0,1.0
保底,3.0,0.0,1.0,0.0
参与方,0.0,3.0,0.0,1.0
高校,3.0,0.0,1.0,0.0
倍,0.0,3.0,0.0,1.0
重新,4.0,0.0,1.0,0.0
来源,6.0,0.0,1.0,0.0
早盘,0.0,3.0,0.0,1.0
万手,0.0,3.0,0.0,1.0
培训,0.0,3.0,0.0,1.0
纪要,0.0,6.0,0.0,1.0
路,3.0,0.0,1.0,0.0
群众,3.0,3.0,0.5,0.5
评价,3.0,0.0,1.0,0.0
他人,0.0,3.0,0.0,1.0
游览区,0.0,3.0,0.0,1.0
侵犯,0.0,3.0,0.0,1.0
微博,0.0,3.0,0.0,1.0
2008,3.0,0.0,1.0,0.0
男,6.0,0.0,1.0,0.0
欲,3.0,0.0,1.0,0.0
角力,3.0,0.0,1.0,0.0
最,3.0,5.0,0.375,0.625
net,3.0,0.0,1.0,0.0
能够,3.0,3.0,0.5,0.5
加上,0.0,3.0,0.0,1.0
保证,0.0,6.0,0.0,1.0
受益者,0.0,3.0,0.0,1.0
董事局,3.0,0.0,1.0,0.0
全景网,0.0,3.0,0.0,1.0
美术片,3.0,0.0,1.0,0.0
基金会,0.0,36.0,0.0,1.0
要求,6.0,6.0,0.5,0.5
暨,0.0,3.0,0.0,1.0
要,12.0,3.0,0.8,0.2
报告,6.0,0.0,1.0,0.0
讲,0.0,3.0,0.0,1.0
13.72,3.0,0.0,1.0,0.0
广域,3.0,0.0,1.0,0.0
长假,1.0,0.0,1.0,0.0
超级,3.0,3.0,0.5,0.5
远,6.0,0.0,1.0,0.0
阎晓明,0.0,3.0,0.0,1.0
值得,3.0,3.0,0.5,0.5
叔叔,3.0,0.0,1.0,0.0
上年,3.0,0.0,1.0,0.0
功夫,3.0,0.0,1.0,0.0
日讯,0.0,3.0,0.0,1.0
一场,3.0,3.0,0.5,0.5
屏幕,3.0,0.0,1.0,0.0
美人鱼,21.0,0.0,1.0,0.0
承包,0.0,3.0,0.0,1.0
15,3.0,3.0,0.5,0.5
 ,405.0,279.0,0.5921052631578947,0.40789473684210525
注意力,3.0,0.0,1.0,0.0
陈静华,0.0,9.0,0.0,1.0
涨约,0.0,3.0,0.0,1.0
董事长,3.0,12.0,0.2,0.8
总政,0.0,3.0,0.0,1.0
热点问题,3.0,0.0,1.0,0.0
该,0.0,15.0,0.0,1.0
标签,3.0,0.0,1.0,0.0
支持,0.0,6.0,0.0,1.0
海外,12.0,0.0,1.0,0.0
成交量,0.0,6.0,0.0,1.0
为例,0.0,3.0,0.0,1.0
强势,0.0,3.0,0.0,1.0
孩子,6.0,0.0,1.0,0.0
军事,3.0,0.0,1.0,0.0
电影票房,66.0,3.0,0.9565217391304348,0.043478260869565216
建设,3.0,18.0,0.14285714285714285,0.8571428571428571
仍然,6.0,0.0,1.0,0.0
以来,9.0,0.0,1.0,0.0
两点,0.0,3.0,0.0,1.0
报,0.0,3.0,0.0,1.0
增添,3.0,0.0,1.0,0.0
汤喆,0.0,3.0,0.0,1.0
财报,0.0,9.0,0.0,1.0
博物馆,0.0,3.0,0.0,1.0
功能,0.0,3.0,0.0,1.0
两年,3.0,0.0,1.0,0.0
热络,1.0,0.0,1.0,0.0
内,3.0,3.0,0.5,0.5
万块,6.0,0.0,1.0,0.0
一名,3.0,0.0,1.0,0.0
【,3.0,0.0,1.0,0.0
可知,0.0,3.0,0.0,1.0
巴节,18.0,0.0,1.0,0.0
再,3.0,3.0,0.5,0.5
492.83,6.0,0.0,1.0,0.0
保障,0.0,3.0,0.0,1.0
国产片,15.0,0.0,1.0,0.0
人民,0.0,3.0,0.0,1.0
集体,3.0,0.0,1.0,0.0
9.56,3.0,0.0,1.0,0.0
李梦达,3.0,0.0,1.0,0.0
股价,3.0,9.0,0.25,0.75
作为,6.0,3.0,0.6666666666666666,0.3333333333333333
推出,0.0,3.0,0.0,1.0
有趣,3.0,0.0,1.0,0.0
董事会,0.0,6.0,0.0,1.0
p5w,3.0,0.0,1.0,0.0
超乎,3.0,0.0,1.0,0.0
榜,0.0,3.0,0.0,1.0
两家,0.0,3.0,0.0,1.0
连续,6.0,3.0,0.6666666666666666,0.3333333333333333
截至,6.0,5.0,0.5454545454545454,0.45454545454545453
留给,3.0,0.0,1.0,0.0
变化,15.0,3.0,0.8333333333333334,0.16666666666666666
秘,0.0,3.0,0.0,1.0
去,6.0,0.0,1.0,0.0
持有,0.0,3.0,0.0,1.0
调整,6.0,0.0,1.0,0.0
巴萨,18.0,0.0,1.0,0.0
缺,6.0,0.0,1.0,0.0
《,150.0,76.0,0.6637168141592921,0.336283185840708
高涨,0.0,2.0,0.0,1.0
公告,0.0,3.0,0.0,1.0
诉求,3.0,0.0,1.0,0.0
世纪,6.0,0.0,1.0,0.0
百姓,3.0,0.0,1.0,0.0
陆川,3.0,3.0,0.5,0.5
监事,0.0,9.0,0.0,1.0
买入,6.0,3.0,0.6666666666666666,0.3333333333333333
起点,0.0,3.0,0.0,1.0
连阳,0.0,6.0,0.0,1.0
涵盖,0.0,3.0,0.0,1.0
女士,6.0,6.0,0.5,0.5
做,0.0,6.0,0.0,1.0
开启,6.0,0.0,1.0,0.0
团长,3.0,0.0,1.0,0.0
吴京,3.0,0.0,1.0,0.0
微影,15.0,0.0,1.0,0.0
俞,3.0,0.0,1.0,0.0
粗放型,3.0,0.0,1.0,0.0
要素,3.0,0.0,1.0,0.0
本土,3.0,0.0,1.0,0.0
□,3.0,0.0,1.0,0.0
美媒称,6.0,0.0,1.0,0.0
已,3.0,3.0,0.5,0.5
供职,0.0,3.0,0.0,1.0
发布会,6.0,3.0,0.6666666666666666,0.3333333333333333
可能,9.0,3.0,0.75,0.25
得,3.0,0.0,1.0,0.0
势如破竹,3.0,0.0,1.0,0.0
第二,9.0,0.0,1.0,0.0
回应,0.0,3.0,0.0,1.0
最佳,9.0,0.0,1.0,0.0
固定,3.0,0.0,1.0,0.0
飙升,3.0,0.0,1.0,0.0
多元,3.0,0.0,1.0,0.0
一定,0.0,3.0,0.0,1.0
影业,9.0,9.0,0.5,0.5
现实,0.0,3.0,0.0,1.0
了解,9.0,6.0,0.6,0.4
行渐,3.0,0.0,1.0,0.0
推广,3.0,0.0,1.0,0.0
委托,0.0,3.0,0.0,1.0
人次,6.0,0.0,1.0,0.0
满意,3.0,0.0,1.0,0.0
以,12.0,6.0,0.6666666666666666,0.3333333333333333
冲破,3.0,0.0,1.0,0.0
书记,0.0,6.0,0.0,1.0
危机,3.0,0.0,1.0,0.0
一度,3.0,0.0,1.0,0.0
晚间,0.0,3.0,0.0,1.0
无论是,0.0,6.0,0.0,1.0
控股公司,0.0,3.0,0.0,1.0
电影节,18.0,0.0,1.0,0.0
赚钱,0.0,2.0,0.0,1.0
迈向,3.0,0.0,1.0,0.0
过,0.0,6.0,0.0,1.0
目前为止,3.0,0.0,1.0,0.0
第三季度,0.0,9.0,0.0,1.0
IP,6.0,3.0,0.6666666666666666,0.3333333333333333
副,0.0,9.0,0.0,1.0
八个,3.0,0.0,1.0,0.0
兼,3.0,0.0,1.0,0.0
资源,0.0,3.0,0.0,1.0
京,0.0,3.0,0.0,1.0
最高,12.0,0.0,1.0,0.0
展开,0.0,3.0,0.0,1.0
；,21.0,6.0,0.7777777777777778,0.2222222222222222
崇高,3.0,0.0,1.0,0.0
现形,3.0,0.0,1.0,0.0
市场潜力,3.0,0.0,1.0,0.0
华影,3.0,0.0,1.0,0.0
比较,3.0,0.0,1.0,0.0
九层,0.0,3.0,0.0,1.0
一起,3.0,0.0,1.0,0.0
助阵,0.0,3.0,0.0,1.0
演讲,0.0,3.0,0.0,1.0
114048455,3.0,0.0,1.0,0.0
增加,9.0,0.0,1.0,0.0
直接,0.0,9.0,0.0,1.0
精心,3.0,0.0,1.0,0.0
间接,0.0,3.0,0.0,1.0
无疑,0.0,9.0,0.0,1.0
点,9.0,0.0,1.0,0.0
真实性,0.0,3.0,0.0,1.0
纪文君,3.0,0.0,1.0,0.0
www,6.0,0.0,1.0,0.0
更多更好,3.0,0.0,1.0,0.0
腰斩,0.0,6.0,0.0,1.0
联合会,0.0,6.0,0.0,1.0
进程,3.0,0.0,1.0,0.0
跌幅,0.0,6.0,0.0,1.0
执行官,3.0,0.0,1.0,0.0
会长,0.0,3.0,0.0,1.0
统计,0.0,3.0,0.0,1.0
~,0.0,3.0,0.0,1.0
精神,6.0,0.0,1.0,0.0
不由,0.0,3.0,0.0,1.0
估值,0.0,6.0,0.0,1.0
距离,6.0,0.0,1.0,0.0
告上,0.0,3.0,0.0,1.0
事项,0.0,3.0,0.0,1.0
沉闷,3.0,0.0,1.0,0.0
好,9.0,9.0,0.5,0.5
三成,0.0,3.0,0.0,1.0
还,6.0,6.0,0.5,0.5
称有,0.0,3.0,0.0,1.0
每天,3.0,0.0,1.0,0.0
剧烈,3.0,0.0,1.0,0.0
意见,0.0,9.0,0.0,1.0
准备,3.0,0.0,1.0,0.0
高达,0.0,6.0,0.0,1.0
目标,0.0,2.0,0.0,1.0
并,9.0,12.0,0.42857142857142855,0.5714285714285714
用,9.0,0.0,1.0,0.0
文艺片,3.0,0.0,1.0,0.0
来宾,0.0,3.0,0.0,1.0
香港,9.0,0.0,1.0,0.0
请,3.0,0.0,1.0,0.0
8a5f,3.0,0.0,1.0,0.0
在,135.0,54.0,0.7142857142857143,0.2857142857142857
工业化,0.0,3.0,0.0,1.0
七月,3.0,0.0,1.0,0.0
daisongyang,3.0,0.0,1.0,0.0
19,3.0,0.0,1.0,0.0
二季度,3.0,0.0,1.0,0.0
生成,3.0,0.0,1.0,0.0
国家广电总局,3.0,0.0,1.0,0.0
|,6.0,0.0,1.0,0.0
差距,3.0,0.0,1.0,0.0
信号,0.0,3.0,0.0,1.0
近两年,3.0,0.0,1.0,0.0
无异议,0.0,3.0,0.0,1.0
印发,0.0,6.0,0.0,1.0
台上,0.0,3.0,0.0,1.0
出去,0.0,3.0,0.0,1.0
末,3.0,0.0,1.0,0.0
透露,3.0,0.0,1.0,0.0
这个,6.0,3.0,0.6666666666666666,0.3333333333333333
宇剑,0.0,3.0,0.0,1.0
结构性,6.0,0.0,1.0,0.0
指出,0.0,3.0,0.0,1.0
中华文化,0.0,3.0,0.0,1.0
整体,6.0,6.0,0.5,0.5
通行,0.0,3.0,0.0,1.0
层次,6.0,0.0,1.0,0.0
师资,3.0,0.0,1.0,0.0
8.02,3.0,0.0,1.0,0.0
开展,3.0,0.0,1.0,0.0
rmrbhwb,3.0,0.0,1.0,0.0
下降,6.0,0.0,1.0,0.0
隆重举行,0.0,3.0,0.0,1.0
集约型,3.0,0.0,1.0,0.0
细分,3.0,0.0,1.0,0.0
复杂,3.0,0.0,1.0,0.0
观众,48.0,0.0,1.0,0.0
依赖,3.0,0.0,1.0,0.0
水平,9.0,3.0,0.75,0.25
全面,0.0,6.0,0.0,1.0
90,0.0,3.0,0.0,1.0
童刚,3.0,0.0,1.0,0.0
四,3.0,0.0,1.0,0.0
服务费,3.0,0.0,1.0,0.0
年,90.0,78.0,0.5357142857142857,0.4642857142857143
1.7,3.0,0.0,1.0,0.0
具体,3.0,3.0,0.5,0.5
使得,3.0,0.0,1.0,0.0
关键字,3.0,0.0,1.0,0.0
只,0.0,3.0,0.0,1.0
/,90.0,3.0,0.967741935483871,0.03225806451612903
刘乃生,0.0,3.0,0.0,1.0
很大,0.0,3.0,0.0,1.0
高峰期,3.0,0.0,1.0,0.0
免费,6.0,0.0,1.0,0.0
时代风貌,3.0,0.0,1.0,0.0
人才,9.0,3.0,0.75,0.25
两位数,3.0,3.0,0.5,0.5
255,3.0,0.0,1.0,0.0
颁,3.0,0.0,1.0,0.0
爱梦,3.0,0.0,1.0,0.0
杰森,3.0,0.0,1.0,0.0
201707,3.0,0.0,1.0,0.0
扩张,3.0,0.0,1.0,0.0
努力,6.0,0.0,1.0,0.0
天后,3.0,0.0,1.0,0.0
累计,6.0,0.0,1.0,0.0
们,3.0,0.0,1.0,0.0
7.83,0.0,3.0,0.0,1.0
乐意,3.0,0.0,1.0,0.0
34.24,3.0,0.0,1.0,0.0
40,6.0,5.0,0.5454545454545454,0.45454545454545453
白,3.0,0.0,1.0,0.0
趁机,3.0,0.0,1.0,0.0
紧密结合,0.0,3.0,0.0,1.0
府,0.0,3.0,0.0,1.0
一家,3.0,3.0,0.5,0.5
梦想,3.0,0.0,1.0,0.0
近期,0.0,3.0,0.0,1.0
首次,3.0,9.0,0.25,0.75
大闹天宫,3.0,0.0,1.0,0.0
０,6.0,0.0,1.0,0.0
有用,0.0,3.0,0.0,1.0
而且,3.0,0.0,1.0,0.0
09,0.0,3.0,0.0,1.0
已经,45.0,16.0,0.7377049180327869,0.26229508196721313
两部,0.0,6.0,0.0,1.0
中央军委,0.0,3.0,0.0,1.0
朝阳区,0.0,3.0,0.0,1.0
川财,0.0,3.0,0.0,1.0
热门话题,3.0,0.0,1.0,0.0
展品,0.0,3.0,0.0,1.0
M3108N,0.0,3.0,0.0,1.0
商人,3.0,0.0,1.0,0.0
着,0.0,3.0,0.0,1.0
群体,15.0,0.0,1.0,0.0
数年,3.0,0.0,1.0,0.0
培养,0.0,3.0,0.0,1.0
兄弟,3.0,0.0,1.0,0.0
北京,9.0,9.0,0.5,0.5
3,9.0,6.0,0.6,0.4
起来,1.0,0.0,1.0,0.0
共同,3.0,6.0,0.3333333333333333,0.6666666666666666
IMAGE,15.0,0.0,1.0,0.0
欧阳,0.0,3.0,0.0,1.0
股票代码,0.0,3.0,0.0,1.0
作品,0.0,18.0,0.0,1.0
12.4,0.0,3.0,0.0,1.0
活动,3.0,0.0,1.0,0.0
高,3.0,9.0,0.25,0.75
院校,3.0,0.0,1.0,0.0
之所以,3.0,0.0,1.0,0.0
其时,0.0,3.0,0.0,1.0
电影协会,3.0,0.0,1.0,0.0
继,1.0,0.0,1.0,0.0
归来,3.0,0.0,1.0,0.0
举行,3.0,0.0,1.0,0.0
自带,9.0,0.0,1.0,0.0
清晰,3.0,0.0,1.0,0.0
北美票房,0.0,3.0,0.0,1.0
背景,3.0,0.0,1.0,0.0
集中,6.0,0.0,1.0,0.0
国产,9.0,3.0,0.75,0.25
272,3.0,0.0,1.0,0.0
贡献率,6.0,0.0,1.0,0.0
),24.0,15.0,0.6153846153846154,0.38461538461538464
CEO,3.0,0.0,1.0,0.0
讯,0.0,6.0,0.0,1.0
过去,6.0,0.0,1.0,0.0
无需,3.0,0.0,1.0,0.0
八一建军节,3.0,0.0,1.0,0.0
询问,0.0,3.0,0.0,1.0
帮助,6.0,0.0,1.0,0.0
青春,3.0,0.0,1.0,0.0
具有,0.0,3.0,0.0,1.0
8107a2b60f0ba6c03ad8ed66b2aa57e6,3.0,0.0,1.0,0.0
救志明,6.0,0.0,1.0,0.0
华山,0.0,3.0,0.0,1.0
平均,9.0,0.0,1.0,0.0
限制,3.0,0.0,1.0,0.0
一旦,0.0,6.0,0.0,1.0
平,0.0,3.0,0.0,1.0
上述,0.0,3.0,0.0,1.0
开路,3.0,0.0,1.0,0.0
面上,0.0,3.0,0.0,1.0
下滑,0.0,3.0,0.0,1.0
署名权,0.0,3.0,0.0,1.0
问题,12.0,3.0,0.8,0.2
下乡,3.0,0.0,1.0,0.0
多位,3.0,0.0,1.0,0.0
致电,0.0,3.0,0.0,1.0
年底,0.0,6.0,0.0,1.0
取得,3.0,6.0,0.3333333333333333,0.6666666666666666
新闻,9.0,6.0,0.6,0.4
发展势头,3.0,0.0,1.0,0.0
不会,3.0,0.0,1.0,0.0
107,0.0,3.0,0.0,1.0
前来,6.0,0.0,1.0,0.0
21,3.0,3.0,0.5,0.5
将会,0.0,3.0,0.0,1.0
捐赠,0.0,3.0,0.0,1.0
斩获,3.0,3.0,0.5,0.5
万顺,0.0,3.0,0.0,1.0
大,27.0,3.0,0.9,0.1
重工业,3.0,0.0,1.0,0.0
每年,6.0,0.0,1.0,0.0
公益,0.0,3.0,0.0,1.0
人爱聊,3.0,0.0,1.0,0.0
收盘,0.0,6.0,0.0,1.0
对于,3.0,6.0,0.3333333333333333,0.6666666666666666
武剑,3.0,0.0,1.0,0.0
利好,0.0,3.0,0.0,1.0
涉及,0.0,3.0,0.0,1.0
歌华有线,0.0,3.0,0.0,1.0
传媒,3.0,12.0,0.2,0.8
编辑,6.0,0.0,1.0,0.0
好看,3.0,0.0,1.0,0.0
覆盖,3.0,0.0,1.0,0.0
聚合,3.0,0.0,1.0,0.0
告别,6.0,0.0,1.0,0.0
明振江,0.0,3.0,0.0,1.0
派格,0.0,6.0,0.0,1.0
将,15.0,21.0,0.4166666666666667,0.5833333333333334
随着,3.0,0.0,1.0,0.0
已显,3.0,0.0,1.0,0.0
thumbnail,3.0,0.0,1.0,0.0
这是,6.0,6.0,0.5,0.5
跃居,3.0,0.0,1.0,0.0
共同提高,3.0,0.0,1.0,0.0
研究,3.0,0.0,1.0,0.0
拉升,0.0,6.0,0.0,1.0
复合,3.0,0.0,1.0,0.0
基础设施,3.0,0.0,1.0,0.0
苗晓天,3.0,0.0,1.0,0.0
人士,3.0,3.0,0.5,0.5
网络,3.0,0.0,1.0,0.0
今日,3.0,0.0,1.0,0.0
至今,0.0,6.0,0.0,1.0
青睐,3.0,0.0,1.0,0.0
一位,6.0,0.0,1.0,0.0
国庆,3.0,0.0,1.0,0.0
所,0.0,3.0,0.0,1.0
专家,9.0,0.0,1.0,0.0
仍待,3.0,0.0,1.0,0.0
往,3.0,0.0,1.0,0.0
大陆,3.0,6.0,0.3333333333333333,0.6666666666666666
摄影,0.0,6.0,0.0,1.0
快,6.0,0.0,1.0,0.0
13,6.0,6.0,0.5,0.5
6,12.0,23.0,0.34285714285714286,0.6571428571428571
５,3.0,0.0,1.0,0.0
微,0.0,3.0,0.0,1.0
副局长,3.0,0.0,1.0,0.0
重生,3.0,0.0,1.0,0.0
优势,3.0,3.0,0.5,0.5
提质,3.0,0.0,1.0,0.0
加速,9.0,0.0,1.0,0.0
一份,0.0,3.0,0.0,1.0
起任,0.0,6.0,0.0,1.0
投资收益,0.0,3.0,0.0,1.0
http,12.0,0.0,1.0,0.0
熊猫,3.0,0.0,1.0,0.0
现场,3.0,0.0,1.0,0.0
优秀,3.0,3.0,0.5,0.5
尾盘,0.0,6.0,0.0,1.0
花,3.0,0.0,1.0,0.0
分众化,3.0,0.0,1.0,0.0
证券,0.0,24.0,0.0,1.0
路上,3.0,0.0,1.0,0.0
当前,6.0,0.0,1.0,0.0
承诺,0.0,6.0,0.0,1.0
张宏森,3.0,0.0,1.0,0.0
特别,3.0,0.0,1.0,0.0
大概,3.0,0.0,1.0,0.0
还是,0.0,9.0,0.0,1.0
执行,3.0,3.0,0.5,0.5
把脉,3.0,0.0,1.0,0.0
艺术馆,0.0,15.0,0.0,1.0
28.65,3.0,0.0,1.0,0.0
超高,0.0,3.0,0.0,1.0
日趋,9.0,0.0,1.0,0.0
截止,0.0,3.0,0.0,1.0
更新换代,3.0,0.0,1.0,0.0
６,3.0,0.0,1.0,0.0
这部,6.0,0.0,1.0,0.0
均,0.0,12.0,0.0,1.0
深感,3.0,0.0,1.0,0.0
等,15.0,9.0,0.625,0.375
容易,3.0,0.0,1.0,0.0
成功,3.0,0.0,1.0,0.0
带动,6.0,0.0,1.0,0.0
野蛮,9.0,0.0,1.0,0.0
知情,3.0,0.0,1.0,0.0
天下,3.0,3.0,0.5,0.5
道,3.0,0.0,1.0,0.0
创作,3.0,12.0,0.2,0.8
影响力,12.0,0.0,1.0,0.0
转变,3.0,0.0,1.0,0.0
之下,3.0,0.0,1.0,0.0
提供,3.0,3.0,0.5,0.5
更为,3.0,0.0,1.0,0.0
忧郁,3.0,0.0,1.0,0.0
综上,0.0,3.0,0.0,1.0
基数,3.0,0.0,1.0,0.0
捷成,0.0,3.0,0.0,1.0
讲故事,3.0,0.0,1.0,0.0
出席,3.0,0.0,1.0,0.0
产业化,6.0,0.0,1.0,0.0
商报,3.0,0.0,1.0,0.0
导致,0.0,3.0,0.0,1.0
慢,3.0,0.0,1.0,0.0
浮华,3.0,0.0,1.0,0.0
参考消息,3.0,0.0,1.0,0.0
股票,0.0,6.0,0.0,1.0
稳中有升,3.0,0.0,1.0,0.0
显现,3.0,0.0,1.0,0.0
迪斯尼,3.0,0.0,1.0,0.0
影城,0.0,9.0,0.0,1.0
1502064019437,3.0,0.0,1.0,0.0
放松,6.0,0.0,1.0,0.0
喧嚣,3.0,0.0,1.0,0.0
于,3.0,6.0,0.3333333333333333,0.6666666666666666
追赶,0.0,3.0,0.0,1.0
丰收,3.0,0.0,1.0,0.0
一年,0.0,3.0,0.0,1.0
影联,3.0,0.0,1.0,0.0
速度,12.0,3.0,0.8,0.2
排片,0.0,15.0,0.0,1.0
分析师,3.0,3.0,0.5,0.5
能否,3.0,2.0,0.6,0.4
25,3.0,3.0,0.5,0.5
提出,3.0,3.0,0.5,0.5
烂片,6.0,0.0,1.0,0.0
总公司,0.0,3.0,0.0,1.0
数超,3.0,0.0,1.0,0.0
大获,3.0,0.0,1.0,0.0
30.35,3.0,0.0,1.0,0.0
去年同期,3.0,0.0,1.0,0.0
收购,0.0,3.0,0.0,1.0
揭牌,0.0,3.0,0.0,1.0
2010,0.0,6.0,0.0,1.0
胃口,3.0,0.0,1.0,0.0
娱乐,3.0,0.0,1.0,0.0
9,3.0,3.0,0.5,0.5
听取,3.0,0.0,1.0,0.0
阿里,6.0,0.0,1.0,0.0
稳健,0.0,3.0,0.0,1.0
办事处,0.0,3.0,0.0,1.0
节日,3.0,0.0,1.0,0.0
想要,3.0,0.0,1.0,0.0
增效,3.0,0.0,1.0,0.0
健康,3.0,3.0,0.5,0.5
同期,0.0,3.0,0.0,1.0
陈志强,0.0,3.0,0.0,1.0
实现,6.0,8.0,0.42857142857142855,0.5714285714285714
本身,0.0,3.0,0.0,1.0
综合,9.0,9.0,0.5,0.5
前进,3.0,0.0,1.0,0.0
无正文,0.0,3.0,0.0,1.0
新,18.0,0.0,1.0,0.0
略微,3.0,0.0,1.0,0.0
是,55.0,45.0,0.55,0.45
文化传媒,3.0,0.0,1.0,0.0
迎接,0.0,3.0,0.0,1.0
喜爱,0.0,3.0,0.0,1.0
推断,0.0,3.0,0.0,1.0
爱心,0.0,3.0,0.0,1.0
座位,3.0,0.0,1.0,0.0
改写,3.0,0.0,1.0,0.0
疯狂,3.0,0.0,1.0,0.0
Jason,3.0,0.0,1.0,0.0
标志,6.0,3.0,0.6666666666666666,0.3333333333333333
半拍,3.0,0.0,1.0,0.0
52,3.0,0.0,1.0,0.0
>,18.0,0.0,1.0,0.0
规划,0.0,6.0,0.0,1.0
危言,3.0,0.0,1.0,0.0
2015,12.0,9.0,0.5714285714285714,0.42857142857142855
骤降,3.0,0.0,1.0,0.0
美国,24.0,3.0,0.8888888888888888,0.1111111111111111
远远,3.0,0.0,1.0,0.0
全球,9.0,0.0,1.0,0.0
处于,3.0,0.0,1.0,0.0
做出,0.0,6.0,0.0,1.0
产生,3.0,0.0,1.0,0.0
观感,3.0,0.0,1.0,0.0
轨迹,3.0,0.0,1.0,0.0
爸妈,3.0,0.0,1.0,0.0
在内,0.0,3.0,0.0,1.0
下沉,3.0,0.0,1.0,0.0
感受,3.0,3.0,0.5,0.5
时间,9.0,3.0,0.75,0.25
吴量,0.0,3.0,0.0,1.0
届,6.0,0.0,1.0,0.0
逐年,3.0,0.0,1.0,0.0
方面,6.0,6.0,0.5,0.5
例如,3.0,0.0,1.0,0.0
波澜不惊,0.0,3.0,0.0,1.0
片大年,0.0,3.0,0.0,1.0
几个,3.0,0.0,1.0,0.0
各方,0.0,3.0,0.0,1.0
落成,0.0,3.0,0.0,1.0
更进一步,0.0,3.0,0.0,1.0
全天候,9.0,0.0,1.0,0.0
香港回归,3.0,0.0,1.0,0.0
经营,0.0,3.0,0.0,1.0
猜谜,3.0,0.0,1.0,0.0
更敢,3.0,0.0,1.0,0.0
出品,3.0,15.0,0.16666666666666666,0.8333333333333334
摆渡人,3.0,0.0,1.0,0.0
接近,3.0,0.0,1.0,0.0
·,3.0,0.0,1.0,0.0
迈入,3.0,0.0,1.0,0.0
最多,3.0,0.0,1.0,0.0
副总经理,3.0,0.0,1.0,0.0
姐妹,3.0,0.0,1.0,0.0
地,15.0,0.0,1.0,0.0
性格,3.0,0.0,1.0,0.0
寻龙诀,0.0,3.0,0.0,1.0
诞生,3.0,0.0,1.0,0.0
行业,3.0,0.0,1.0,0.0
闻所未闻,3.0,0.0,1.0,0.0
前五,3.0,0.0,1.0,0.0
回头,0.0,3.0,0.0,1.0
20,18.0,3.0,0.8571428571428571,0.14285714285714285
特意,3.0,0.0,1.0,0.0
上证,0.0,3.0,0.0,1.0
比,3.0,0.0,1.0,0.0
岁,3.0,0.0,1.0,0.0
菲索,6.0,0.0,1.0,0.0
足够,3.0,0.0,1.0,0.0
达到,21.0,2.0,0.9130434782608695,0.08695652173913043
有限公司,6.0,60.0,0.09090909090909091,0.9090909090909091
改善,0.0,6.0,0.0,1.0
　,102.0,0.0,1.0,0.0
条款,0.0,3.0,0.0,1.0
期待,3.0,6.0,0.3333333333333333,0.6666666666666666
片,3.0,15.0,0.16666666666666666,0.8333333333333334
构建,0.0,3.0,0.0,1.0
奠定,0.0,3.0,0.0,1.0
任,0.0,9.0,0.0,1.0
电影界,3.0,0.0,1.0,0.0
分账,3.0,12.0,0.2,0.8
２,18.0,0.0,1.0,0.0
举办,0.0,3.0,0.0,1.0
走,9.0,3.0,0.75,0.25
个,3.0,3.0,0.5,0.5
20170715,3.0,0.0,1.0,0.0
来讲,0.0,3.0,0.0,1.0
地区,3.0,0.0,1.0,0.0
积极,0.0,6.0,0.0,1.0
短期,3.0,0.0,1.0,0.0
毕竟,3.0,0.0,1.0,0.0
中国电影集团,3.0,6.0,0.3333333333333333,0.6666666666666666
集团,3.0,3.0,0.5,0.5
日新月异,3.0,0.0,1.0,0.0
100,3.0,3.0,0.5,0.5
秘书长,3.0,0.0,1.0,0.0
年代,3.0,0.0,1.0,0.0
引进,3.0,3.0,0.5,0.5
驻,0.0,3.0,0.0,1.0
第四届,3.0,0.0,1.0,0.0
三条,0.0,3.0,0.0,1.0
打官司,3.0,0.0,1.0,0.0
爆料,0.0,3.0,0.0,1.0
4,3.0,3.0,0.5,0.5
4.5,6.0,0.0,1.0,0.0
知名,3.0,0.0,1.0,0.0
亿冲,3.0,0.0,1.0,0.0
TNABO,0.0,3.0,0.0,1.0
这一,3.0,2.0,0.6,0.4
业内人士,3.0,0.0,1.0,0.0
更是,6.0,0.0,1.0,0.0
而是,3.0,0.0,1.0,0.0
大学,3.0,0.0,1.0,0.0
高科技,0.0,6.0,0.0,1.0
说,18.0,6.0,0.75,0.25
递交,0.0,3.0,0.0,1.0
等等,3.0,0.0,1.0,0.0
深切,0.0,3.0,0.0,1.0
_,6.0,6.0,0.5,0.5
实力,3.0,0.0,1.0,0.0
脚,3.0,0.0,1.0,0.0
艺术,12.0,3.0,0.8,0.2
地产商,3.0,0.0,1.0,0.0
姜涛,0.0,3.0,0.0,1.0
国产电影,9.0,6.0,0.6,0.4
之后,6.0,0.0,1.0,0.0
-,18.0,3.0,0.8571428571428571,0.14285714285714285
档期,9.0,0.0,1.0,0.0
自然,3.0,0.0,1.0,0.0
县级,3.0,0.0,1.0,0.0
伴随,0.0,3.0,0.0,1.0
科技,9.0,0.0,1.0,0.0
第一个,6.0,0.0,1.0,0.0
引导,0.0,3.0,0.0,1.0
完整权,0.0,3.0,0.0,1.0
周末,0.0,6.0,0.0,1.0
仅为,3.0,0.0,1.0,0.0
可谓,0.0,3.0,0.0,1.0
机构,0.0,6.0,0.0,1.0
老百姓,3.0,0.0,1.0,0.0
方,3.0,3.0,0.5,0.5
定军山,0.0,12.0,0.0,1.0
代表人,0.0,3.0,0.0,1.0
竞,3.0,0.0,1.0,0.0
paperdata,3.0,0.0,1.0,0.0
代表,0.0,6.0,0.0,1.0
%,45.0,60.0,0.42857142857142855,0.5714285714285714
caijing,6.0,0.0,1.0,0.0
签署,3.0,0.0,1.0,0.0
更加,6.0,0.0,1.0,0.0
第一步,3.0,0.0,1.0,0.0
国际,6.0,3.0,0.6666666666666666,0.3333333333333333
记忆,6.0,0.0,1.0,0.0
自导自演,3.0,0.0,1.0,0.0
编剧,3.0,3.0,0.5,0.5
(,24.0,15.0,0.6153846153846154,0.38461538461538464
浮现,0.0,3.0,0.0,1.0
在于,6.0,0.0,1.0,0.0
（,25.0,54.0,0.31645569620253167,0.6835443037974683
考虑,0.0,3.0,0.0,1.0
更,12.0,0.0,1.0,0.0
未,0.0,3.0,0.0,1.0
1,12.0,15.0,0.4444444444444444,0.5555555555555556
表示,15.0,9.0,0.625,0.375
wallstcn,3.0,0.0,1.0,0.0
高管,0.0,3.0,0.0,1.0
鉴赏能力,3.0,0.0,1.0,0.0
临近,0.0,3.0,0.0,1.0
献上,3.0,0.0,1.0,0.0
120,0.0,3.0,0.0,1.0
以及,3.0,3.0,0.5,0.5
阿法,3.0,0.0,1.0,0.0
人们,3.0,0.0,1.0,0.0
金砖,9.0,0.0,1.0,0.0
影片,39.0,9.0,0.8125,0.1875
14,3.0,0.0,1.0,0.0
港台,3.0,0.0,1.0,0.0
想来,3.0,0.0,1.0,0.0
严格,3.0,0.0,1.0,0.0
第,6.0,0.0,1.0,0.0
本次,3.0,6.0,0.3333333333333333,0.6666666666666666
展现,3.0,0.0,1.0,0.0
极,3.0,0.0,1.0,0.0
变现,3.0,0.0,1.0,0.0
战狼,45.0,22.0,0.6716417910447762,0.3283582089552239
发电设备,3.0,0.0,1.0,0.0
罕见,3.0,0.0,1.0,0.0
书画,0.0,6.0,0.0,1.0
公司,6.0,30.0,0.16666666666666666,0.8333333333333334
影院,12.0,15.0,0.4444444444444444,0.5555555555555556
不知情,0.0,3.0,0.0,1.0
出来,6.0,0.0,1.0,0.0
理工,3.0,0.0,1.0,0.0
后,7.0,3.0,0.7,0.3
非洲人,6.0,0.0,1.0,0.0
中国剧院,0.0,3.0,0.0,1.0
更多为,0.0,3.0,0.0,1.0
展会,3.0,0.0,1.0,0.0
三年,3.0,0.0,1.0,0.0
共生,0.0,3.0,0.0,1.0
发行,6.0,27.0,0.18181818181818182,0.8181818181818182
欢乐,3.0,0.0,1.0,0.0
创,3.0,0.0,1.0,0.0
看,21.0,9.0,0.7,0.3
记录,3.0,0.0,1.0,0.0
合作,6.0,12.0,0.3333333333333333,0.6666666666666666
左右,0.0,6.0,0.0,1.0
争相,3.0,0.0,1.0,0.0
建议,6.0,3.0,0.6666666666666666,0.3333333333333333
参展,6.0,0.0,1.0,0.0
块,3.0,0.0,1.0,0.0
图,0.0,3.0,0.0,1.0
