日,0.0,63.0,0.0,1.0
一支,0.0,12.0,0.0,1.0
广大,0.0,6.0,0.0,1.0
之王,0.0,3.0,0.0,1.0
检阅,0.0,3.0,0.0,1.0
…,0.0,72.0,0.0,1.0
至,0.0,6.0,0.0,1.0
多月,0.0,6.0,0.0,1.0
符号,0.0,3.0,0.0,1.0
保障系统,0.0,3.0,0.0,1.0
中外,0.0,6.0,0.0,1.0
聚焦,0.0,3.0,0.0,1.0
90,0.0,3.0,0.0,1.0
花比,0.0,3.0,0.0,1.0
颠覆,0.0,3.0,0.0,1.0
邀请,0.0,18.0,0.0,1.0
创意,0.0,3.0,0.0,1.0
乐队,0.0,3.0,0.0,1.0
香味,0.0,3.0,0.0,1.0
同比,0.0,6.0,0.0,1.0
领导,0.0,6.0,0.0,1.0
八方来客,0.0,3.0,0.0,1.0
2,0.0,6.0,0.0,1.0
凭,0.0,3.0,0.0,1.0
法,0.0,3.0,0.0,1.0
青啤到,0.0,3.0,0.0,1.0
精酿,0.0,102.0,0.0,1.0
建厂,0.0,6.0,0.0,1.0
此次,0.0,6.0,0.0,1.0
彰显,0.0,3.0,0.0,1.0
年轻人,0.0,15.0,0.0,1.0
北美,0.0,3.0,0.0,1.0
i2,0.0,18.0,0.0,1.0
:,0.0,78.0,0.0,1.0
派对,0.0,3.0,0.0,1.0
半个,0.0,6.0,0.0,1.0
现任,0.0,3.0,0.0,1.0
认可,0.0,12.0,0.0,1.0
一包,1.0,0.0,1.0,0.0
万千,0.0,3.0,0.0,1.0
12,0.0,24.0,0.0,1.0
名片,0.0,12.0,0.0,1.0
竞赛,0.0,6.0,0.0,1.0
巡游,0.0,3.0,0.0,1.0
监事会,0.0,6.0,0.0,1.0
推,0.0,3.0,0.0,1.0
为此,0.0,3.0,0.0,1.0
当头,0.0,6.0,0.0,1.0
闪,0.0,3.0,0.0,1.0
每位,0.0,3.0,0.0,1.0
西餐厅,1.0,0.0,1.0,0.0
标准,0.0,15.0,0.0,1.0
激情,0.0,21.0,0.0,1.0
改变,0.0,3.0,0.0,1.0
员工,0.0,6.0,0.0,1.0
经销商,0.0,9.0,0.0,1.0
官方,0.0,21.0,0.0,1.0
举动,0.0,3.0,0.0,1.0
成,0.0,3.0,0.0,1.0
崂山,0.0,15.0,0.0,1.0
满足,0.0,12.0,0.0,1.0
清爽,0.0,3.0,0.0,1.0
那款,0.0,9.0,0.0,1.0
坚持,0.0,15.0,0.0,1.0
原,0.0,3.0,0.0,1.0
程度,0.0,9.0,0.0,1.0
字号,0.0,3.0,0.0,1.0
世界,0.0,42.0,0.0,1.0
各种各样,0.0,6.0,0.0,1.0
华为,0.0,3.0,0.0,1.0
上海,0.0,51.0,0.0,1.0
老外,0.0,3.0,0.0,1.0
地方,0.0,12.0,0.0,1.0
10,0.0,9.0,0.0,1.0
品牌形象,0.0,6.0,0.0,1.0
热身,0.0,3.0,0.0,1.0
1499333559864,0.0,3.0,0.0,1.0
股份,0.0,12.0,0.0,1.0
内容,0.0,3.0,0.0,1.0
亿元,0.0,18.0,0.0,1.0
之中,0.0,3.0,0.0,1.0
出,0.0,30.0,0.0,1.0
颁发,0.0,3.0,0.0,1.0
金红利,0.0,6.0,0.0,1.0
上传,0.0,3.0,0.0,1.0
白酒,1.0,0.0,1.0,0.0
举杯,0.0,27.0,0.0,1.0
来自,1.0,24.0,0.04,0.96
168,0.0,3.0,0.0,1.0
越来越,0.0,6.0,0.0,1.0
参与者,0.0,3.0,0.0,1.0
建成,0.0,3.0,0.0,1.0
喜欢,0.0,54.0,0.0,1.0
形式,0.0,6.0,0.0,1.0
听到,0.0,3.0,0.0,1.0
广获,0.0,3.0,0.0,1.0
搭配,0.0,3.0,0.0,1.0
酿好,0.0,12.0,0.0,1.0
上映,0.0,3.0,0.0,1.0
南腔北调,0.0,3.0,0.0,1.0
考官,0.0,6.0,0.0,1.0
大热,0.0,3.0,0.0,1.0
精品,0.0,3.0,0.0,1.0
姿势,0.0,6.0,0.0,1.0
过硬,0.0,3.0,0.0,1.0
奢华,0.0,6.0,0.0,1.0
极致,0.0,6.0,0.0,1.0
框架,0.0,3.0,0.0,1.0
项,0.0,3.0,0.0,1.0
中华,0.0,12.0,0.0,1.0
经过,0.0,6.0,0.0,1.0
资格,0.0,3.0,0.0,1.0
变形金刚,0.0,18.0,0.0,1.0
网友,0.0,9.0,0.0,1.0
开幕,0.0,3.0,0.0,1.0
总部,0.0,15.0,0.0,1.0
1499333504788,0.0,3.0,0.0,1.0
波兰,0.0,3.0,0.0,1.0
排,0.0,3.0,0.0,1.0
洗净,0.0,6.0,0.0,1.0
音乐节,0.0,3.0,0.0,1.0
期间,0.0,15.0,0.0,1.0
搬进,0.0,3.0,0.0,1.0
png,0.0,21.0,0.0,1.0
卖起,0.0,3.0,0.0,1.0
7,0.0,48.0,0.0,1.0
八,0.0,8.0,0.0,1.0
毫不犹豫,0.0,6.0,0.0,1.0
还是,0.0,12.0,0.0,1.0
高雅,0.0,3.0,0.0,1.0
参加,0.0,27.0,0.0,1.0
还有,0.0,15.0,0.0,1.0
】,0.0,6.0,0.0,1.0
一滴,0.0,12.0,0.0,1.0
条,0.0,3.0,0.0,1.0
逆势,0.0,3.0,0.0,1.0
联想,0.0,3.0,0.0,1.0
不到,0.0,3.0,0.0,1.0
发展,0.0,12.0,0.0,1.0
不太,0.0,3.0,0.0,1.0
情,0.0,6.0,0.0,1.0
从,0.0,39.0,0.0,1.0
50,0.0,6.0,0.0,1.0
工作,0.0,3.0,0.0,1.0
=,0.0,75.0,0.0,1.0
to,0.0,3.0,0.0,1.0
大家庭,0.0,3.0,0.0,1.0
酒客,0.0,3.0,0.0,1.0
细节,0.0,3.0,0.0,1.0
不用说,0.0,3.0,0.0,1.0
发送到,0.0,3.0,0.0,1.0
1993,0.0,6.0,0.0,1.0
二重奏,0.0,6.0,0.0,1.0
163,0.0,3.0,0.0,1.0
专业,0.0,6.0,0.0,1.0
刷新,0.0,3.0,0.0,1.0
接轨,0.0,3.0,0.0,1.0
五方,0.0,3.0,0.0,1.0
喝到,0.0,3.0,0.0,1.0
都,0.0,123.0,0.0,1.0
近,0.0,3.0,0.0,1.0
不止,0.0,3.0,0.0,1.0
神秘,0.0,3.0,0.0,1.0
互动,0.0,9.0,0.0,1.0
营销,0.0,9.0,0.0,1.0
咖,0.0,9.0,0.0,1.0
1704567548676781048,0.0,3.0,0.0,1.0
最长,0.0,6.0,0.0,1.0
穿梭,0.0,12.0,0.0,1.0
3,0.0,9.0,0.0,1.0
中新网,0.0,6.0,0.0,1.0
life,0.0,3.0,0.0,1.0
果味,0.0,9.0,0.0,1.0
采访,0.0,6.0,0.0,1.0
神圣,0.0,3.0,0.0,1.0
如火如荼,0.0,3.0,0.0,1.0
好人,0.0,12.0,0.0,1.0
0.35,0.0,3.0,0.0,1.0
大师,0.0,15.0,0.0,1.0
’,0.0,15.0,0.0,1.0
点赞,0.0,3.0,0.0,1.0
国际化,0.0,15.0,0.0,1.0
紧扣,0.0,6.0,0.0,1.0
McBeer,0.0,3.0,0.0,1.0
早餐,0.0,3.0,0.0,1.0
榜中,0.0,3.0,0.0,1.0
心仪,0.0,3.0,0.0,1.0
得,0.0,3.0,0.0,1.0
45,0.0,3.0,0.0,1.0
富豪,0.0,3.0,0.0,1.0
tsingtaobeer,0.0,3.0,0.0,1.0
下海,0.0,6.0,0.0,1.0
仪器,0.0,3.0,0.0,1.0
前夕,0.0,3.0,0.0,1.0
售价,0.0,24.0,0.0,1.0
芬芳,0.0,6.0,0.0,1.0
深深,0.0,3.0,0.0,1.0
朱智强,1.0,0.0,1.0,0.0
增长,0.0,24.0,0.0,1.0
秀出,0.0,9.0,0.0,1.0
山航,0.0,3.0,0.0,1.0
花生米,1.0,0.0,1.0,0.0
符合,0.0,6.0,0.0,1.0
中国,0.0,156.0,0.0,1.0
心中,0.0,6.0,0.0,1.0
时至今日,0.0,3.0,0.0,1.0
卖酒,0.0,3.0,0.0,1.0
诚邀,0.0,6.0,0.0,1.0
揭示,0.0,3.0,0.0,1.0
双双,0.0,3.0,0.0,1.0
坚定,0.0,3.0,0.0,1.0
同期相比,0.0,3.0,0.0,1.0
口,0.0,3.0,0.0,1.0
瓶,0.0,6.0,0.0,1.0
世界各地,0.0,9.0,0.0,1.0
品评,0.0,45.0,0.0,1.0
态度,0.0,3.0,0.0,1.0
容器,0.0,6.0,0.0,1.0
川辣嫩,0.0,3.0,0.0,1.0
酒去,1.0,0.0,1.0,0.0
po,0.0,3.0,0.0,1.0
刚,0.0,6.0,0.0,1.0
打开,0.0,9.0,0.0,1.0
独特,0.0,3.0,0.0,1.0
司机,1.0,0.0,1.0,0.0
科学,0.0,3.0,0.0,1.0
风范,0.0,3.0,0.0,1.0
现代化,0.0,3.0,0.0,1.0
豪华,0.0,3.0,0.0,1.0
喜悦,0.0,3.0,0.0,1.0
技术支持,0.0,6.0,0.0,1.0
咨询,0.0,3.0,0.0,1.0
涵盖,0.0,3.0,0.0,1.0
特质,0.0,3.0,0.0,1.0
民族,0.0,3.0,0.0,1.0
热衷,0.0,3.0,0.0,1.0
香气,0.0,6.0,0.0,1.0
chinanews,0.0,21.0,0.0,1.0
邮箱,0.0,3.0,0.0,1.0
曹杰,0.0,12.0,0.0,1.0
升,0.0,3.0,0.0,1.0
会,0.0,45.0,0.0,1.0
拥有,0.0,12.0,0.0,1.0
与众不同,0.0,6.0,0.0,1.0
孙明波,0.0,6.0,0.0,1.0
惊喜,0.0,14.0,0.0,1.0
内地,0.0,3.0,0.0,1.0
意义,0.0,6.0,0.0,1.0
摆宴,0.0,3.0,0.0,1.0
金融界,0.0,3.0,0.0,1.0
缩影,0.0,3.0,0.0,1.0
拓展,0.0,6.0,0.0,1.0
之旅,0.0,3.0,0.0,1.0
机甲,0.0,78.0,0.0,1.0
股权,0.0,3.0,0.0,1.0
珠海,0.0,6.0,0.0,1.0
招募,0.0,6.0,0.0,1.0
身影,0.0,3.0,0.0,1.0
地球,0.0,3.0,0.0,1.0
十足,0.0,12.0,0.0,1.0
风雨,0.0,3.0,0.0,1.0
加油,0.0,3.0,0.0,1.0
高度,0.0,3.0,0.0,1.0
中心,0.0,27.0,0.0,1.0
一只,0.0,3.0,0.0,1.0
高踞,0.0,3.0,0.0,1.0
加入,0.0,6.0,0.0,1.0
造型,0.0,6.0,0.0,1.0
炫奇,0.0,9.0,0.0,1.0
对,0.0,93.0,0.0,1.0
公用,0.0,3.0,0.0,1.0
两件事,0.0,3.0,0.0,1.0
含税,0.0,6.0,0.0,1.0
主办,0.0,6.0,0.0,1.0
6.99,0.0,3.0,0.0,1.0
早已,0.0,3.0,0.0,1.0
实行,0.0,3.0,0.0,1.0
风味,0.0,3.0,0.0,1.0
父亲节,0.0,6.0,0.0,1.0
外,0.0,3.0,0.0,1.0
呈现,0.0,6.0,0.0,1.0
室外,0.0,3.0,0.0,1.0
人,0.0,27.0,0.0,1.0
机票,0.0,6.0,0.0,1.0
高端化,0.0,3.0,0.0,1.0
此,0.0,3.0,0.0,1.0
大幅,0.0,3.0,0.0,1.0
均,0.0,6.0,0.0,1.0
尊重,0.0,9.0,0.0,1.0
专家,0.0,9.0,0.0,1.0
pf,0.0,3.0,0.0,1.0
有个,0.0,6.0,0.0,1.0
每股,0.0,3.0,0.0,1.0
公仔,0.0,6.0,0.0,1.0
诊股,0.0,3.0,0.0,1.0
调查报告,0.0,6.0,0.0,1.0
二维码,0.0,3.0,0.0,1.0
—,0.0,30.0,0.0,1.0
亮相,0.0,18.0,0.0,1.0
爽口,0.0,6.0,0.0,1.0
路线,0.0,3.0,0.0,1.0
精益求精,0.0,3.0,0.0,1.0
高度重视,0.0,6.0,0.0,1.0
运用,0.0,3.0,0.0,1.0
楼间,0.0,3.0,0.0,1.0
抓住,0.0,3.0,0.0,1.0
18,0.0,6.0,0.0,1.0
写下,0.0,3.0,0.0,1.0
南航,0.0,3.0,0.0,1.0
届满,0.0,3.0,0.0,1.0
用酒,0.0,12.0,0.0,1.0
500,0.0,3.0,0.0,1.0
解读,0.0,3.0,0.0,1.0
传递,0.0,3.0,0.0,1.0
全球,0.0,129.0,0.0,1.0
20170801,0.0,15.0,0.0,1.0
其中,0.0,6.0,0.0,1.0
成排,0.0,3.0,0.0,1.0
两个,0.0,12.0,0.0,1.0
三五,0.0,6.0,0.0,1.0
qdpj,0.0,3.0,0.0,1.0
负责人,0.0,15.0,0.0,1.0
最前沿,0.0,3.0,0.0,1.0
国外市场,0.0,3.0,0.0,1.0
正是,0.0,6.0,0.0,1.0
分钟,0.0,6.0,0.0,1.0
依然,0.0,3.0,0.0,1.0
超大,0.0,3.0,0.0,1.0
评定,0.0,3.0,0.0,1.0
带去,0.0,6.0,0.0,1.0
2016,0.0,21.0,0.0,1.0
赢得,0.0,3.0,0.0,1.0
1391754097608794551,0.0,3.0,0.0,1.0
响当当,0.0,3.0,0.0,1.0
分,0.0,12.0,0.0,1.0
公开,0.0,9.0,0.0,1.0
亲眼目睹,0.0,3.0,0.0,1.0
签署,0.0,3.0,0.0,1.0
走过,0.0,3.0,0.0,1.0
麦香,0.0,12.0,0.0,1.0
微信,0.0,15.0,0.0,1.0
作出,0.0,3.0,0.0,1.0
保留,0.0,6.0,0.0,1.0
残留,0.0,6.0,0.0,1.0
位置,0.0,3.0,0.0,1.0
莫夫,0.0,3.0,0.0,1.0
品鉴,0.0,3.0,0.0,1.0
部长,0.0,6.0,0.0,1.0
后,0.0,12.0,0.0,1.0
食用,0.0,3.0,0.0,1.0
市占率,0.0,3.0,0.0,1.0
建议,0.0,6.0,0.0,1.0
力量,0.0,3.0,0.0,1.0
96,0.0,3.0,0.0,1.0
新品,0.0,9.0,0.0,1.0
城市,0.0,15.0,0.0,1.0
于高端,0.0,3.0,0.0,1.0
大型,0.0,3.0,0.0,1.0
阻挡,0.0,3.0,0.0,1.0
出口,0.0,9.0,0.0,1.0
局势,0.0,3.0,0.0,1.0
强大,0.0,6.0,0.0,1.0
连接起来,0.0,3.0,0.0,1.0
日益,0.0,3.0,0.0,1.0
事业,0.0,9.0,0.0,1.0
时,0.0,39.0,0.0,1.0
一部分,0.0,3.0,0.0,1.0
峰会,0.0,3.0,0.0,1.0
知萌,0.0,12.0,0.0,1.0
大规模,0.0,6.0,0.0,1.0
两瓶,1.0,0.0,1.0,0.0
tsingtao,0.0,3.0,0.0,1.0
管理,0.0,24.0,0.0,1.0
解渴,1.0,0.0,1.0,0.0
受,0.0,3.0,0.0,1.0
意思,0.0,6.0,0.0,1.0
images,0.0,9.0,0.0,1.0
天,0.0,3.0,0.0,1.0
牛,0.0,3.0,0.0,1.0
国家标准,0.0,9.0,0.0,1.0
稳健,0.0,3.0,0.0,1.0
别人,0.0,3.0,0.0,1.0
市北区,0.0,3.0,0.0,1.0
三高,0.0,3.0,0.0,1.0
种类,0.0,3.0,0.0,1.0
各种,0.0,3.0,0.0,1.0
告诉,0.0,6.0,0.0,1.0
来袭,0.0,3.0,0.0,1.0
旗下,0.0,3.0,0.0,1.0
晒,0.0,3.0,0.0,1.0
共,0.0,27.0,0.0,1.0
代表,0.0,48.0,0.0,1.0
不想,0.0,3.0,0.0,1.0
自然法则,0.0,6.0,0.0,1.0
菜单,0.0,6.0,0.0,1.0
第二个,0.0,6.0,0.0,1.0
舞台,0.0,9.0,0.0,1.0
最佳,0.0,6.0,0.0,1.0
每种,0.0,3.0,0.0,1.0
件,0.0,6.0,0.0,1.0
有力,0.0,3.0,0.0,1.0
成熟,0.0,6.0,0.0,1.0
男孩,0.0,6.0,0.0,1.0
城堡,0.0,3.0,0.0,1.0
能,0.0,21.0,0.0,1.0
工厂,0.0,9.0,0.0,1.0
第八届,0.0,3.0,0.0,1.0
大米,0.0,6.0,0.0,1.0
惊艳,0.0,3.0,0.0,1.0
双十,0.0,3.0,0.0,1.0
20170619gjsb08bGJSB08BC,0.0,3.0,0.0,1.0
畅快,0.0,6.0,0.0,1.0
且,0.0,3.0,0.0,1.0
餐,0.0,6.0,0.0,1.0
600090,0.0,3.0,0.0,1.0
成绩单,0.0,3.0,0.0,1.0
1856,0.0,3.0,0.0,1.0
爆发式,0.0,3.0,0.0,1.0
浸泡,0.0,3.0,0.0,1.0
年前,0.0,3.0,0.0,1.0
系,0.0,3.0,0.0,1.0
国外,0.0,15.0,0.0,1.0
Facebook,0.0,6.0,0.0,1.0
化,0.0,3.0,0.0,1.0
爸爸,0.0,6.0,0.0,1.0
最后,0.0,6.0,0.0,1.0
日常生活,0.0,6.0,0.0,1.0
便,0.0,9.0,0.0,1.0
服务,0.0,6.0,0.0,1.0
可以,0.0,24.0,0.0,1.0
处为,0.0,3.0,0.0,1.0
制造,0.0,15.0,0.0,1.0
当然,0.0,6.0,0.0,1.0
六,0.0,3.0,0.0,1.0
回甘,0.0,3.0,0.0,1.0
登记,0.0,3.0,0.0,1.0
小,0.0,9.0,0.0,1.0
最灵,0.0,3.0,0.0,1.0
庆典,0.0,6.0,0.0,1.0
远方,0.0,3.0,0.0,1.0
之际,0.0,9.0,0.0,1.0
老魏,0.0,3.0,0.0,1.0
低调,0.0,6.0,0.0,1.0
改进,0.0,9.0,0.0,1.0
原装,0.0,3.0,0.0,1.0
奏,0.0,3.0,0.0,1.0
您,0.0,12.0,0.0,1.0
：,0.0,63.0,0.0,1.0
嗨,0.0,3.0,0.0,1.0
打造,0.0,21.0,0.0,1.0
受欢迎,0.0,3.0,0.0,1.0
APEC,0.0,3.0,0.0,1.0
操作法,0.0,6.0,0.0,1.0
范,0.0,12.0,0.0,1.0
索纳塔,0.0,6.0,0.0,1.0
绝无仅有,0.0,3.0,0.0,1.0
趣味性,0.0,3.0,0.0,1.0
要说,0.0,3.0,0.0,1.0
）,0.0,36.0,0.0,1.0
四十年代,0.0,3.0,0.0,1.0
时刻,0.0,3.0,0.0,1.0
希望,0.0,6.0,0.0,1.0
日至,0.0,3.0,0.0,1.0
西班牙,0.0,3.0,0.0,1.0
展示,0.0,15.0,0.0,1.0
大爱,0.0,3.0,0.0,1.0
旨在,0.0,3.0,0.0,1.0
狂欢节,0.0,3.0,0.0,1.0
婚丧嫁娶,0.0,3.0,0.0,1.0
8,0.0,21.0,0.0,1.0
形成,0.0,3.0,0.0,1.0
之余,0.0,3.0,0.0,1.0
虎,0.0,3.0,0.0,1.0
居然,0.0,3.0,0.0,1.0
智能,0.0,3.0,0.0,1.0
霓虹灯,0.0,3.0,0.0,1.0
黑啤,0.0,12.0,0.0,1.0
体验,0.0,39.0,0.0,1.0
走来,0.0,3.0,0.0,1.0
公布,0.0,3.0,0.0,1.0
感,0.0,9.0,0.0,1.0
一探,0.0,3.0,0.0,1.0
经营者,0.0,3.0,0.0,1.0
上榜,0.0,3.0,0.0,1.0
商贾,0.0,3.0,0.0,1.0
H股,0.0,3.0,0.0,1.0
促进,0.0,3.0,0.0,1.0
大奖,0.0,3.0,0.0,1.0
委员会,0.0,3.0,0.0,1.0
消费市场,0.0,3.0,0.0,1.0
生产线,0.0,6.0,0.0,1.0
建立,0.0,6.0,0.0,1.0
做到,0.0,3.0,0.0,1.0
楼顶,0.0,3.0,0.0,1.0
114,0.0,30.0,0.0,1.0
落实,0.0,3.0,0.0,1.0
pic,0.0,9.0,0.0,1.0
年轻化,0.0,6.0,0.0,1.0
附近,0.0,6.0,0.0,1.0
网络平台,0.0,3.0,0.0,1.0
蝉联,0.0,3.0,0.0,1.0
曾经,0.0,15.0,0.0,1.0
酿法,0.0,3.0,0.0,1.0
保持稳定,0.0,3.0,0.0,1.0
歌诗达,0.0,3.0,0.0,1.0
特,0.0,3.0,0.0,1.0
首席,0.0,6.0,0.0,1.0
当做,0.0,3.0,0.0,1.0
17785536881730457412,0.0,3.0,0.0,1.0
操作,0.0,9.0,0.0,1.0
广告,0.0,3.0,0.0,1.0
VIP,0.0,3.0,0.0,1.0
占有,0.0,3.0,0.0,1.0
sd,0.0,6.0,0.0,1.0
epaper,0.0,6.0,0.0,1.0
余位,0.0,6.0,0.0,1.0
再续,0.0,3.0,0.0,1.0
享誉,0.0,3.0,0.0,1.0
监测点,0.0,3.0,0.0,1.0
脱壳,0.0,6.0,0.0,1.0
嘴巴,1.0,0.0,1.0,0.0
精彩演出,0.0,3.0,0.0,1.0
不经意,0.0,3.0,0.0,1.0
股本,0.0,3.0,0.0,1.0
没有,0.0,6.0,0.0,1.0
的士,1.0,0.0,1.0,0.0
叫,0.0,6.0,0.0,1.0
亚洲,0.0,3.0,0.0,1.0
整体,0.0,3.0,0.0,1.0
热情,0.0,3.0,0.0,1.0
吸氧,0.0,3.0,0.0,1.0
汇聚,0.0,3.0,0.0,1.0
精耕细作,0.0,3.0,0.0,1.0
当下,0.0,3.0,0.0,1.0
浓度,0.0,6.0,0.0,1.0
ERP,0.0,3.0,0.0,1.0
喝啤酒,0.0,6.0,0.0,1.0
德式,0.0,3.0,0.0,1.0
精良,0.0,3.0,0.0,1.0
分享,0.0,45.0,0.0,1.0
趋势,0.0,6.0,0.0,1.0
延期,0.0,3.0,0.0,1.0
开车,1.0,0.0,1.0,0.0
新时尚,0.0,3.0,0.0,1.0
米,0.0,9.0,0.0,1.0
多种,0.0,3.0,0.0,1.0
Phoebe,0.0,6.0,0.0,1.0
有限公司,0.0,9.0,0.0,1.0
三天,0.0,3.0,0.0,1.0
国家,0.0,60.0,0.0,1.0
发达国家,0.0,3.0,0.0,1.0
环球,0.0,3.0,0.0,1.0
得到,0.0,9.0,0.0,1.0
小镇,0.0,3.0,0.0,1.0
投票,0.0,9.0,0.0,1.0
下午,0.0,3.0,0.0,1.0
upload,0.0,15.0,0.0,1.0
所用,0.0,6.0,0.0,1.0
会展中心,0.0,3.0,0.0,1.0
生命周期,0.0,3.0,0.0,1.0
自信,0.0,3.0,0.0,1.0
1499333515225,0.0,3.0,0.0,1.0
产品,0.0,57.0,0.0,1.0
这次,0.0,18.0,0.0,1.0
于,0.0,33.0,0.0,1.0
贴,0.0,3.0,0.0,1.0
1158197342466825811,0.0,3.0,0.0,1.0
罐高,0.0,3.0,0.0,1.0
主题,0.0,3.0,0.0,1.0
挥汗如雨,0.0,6.0,0.0,1.0
时代,0.0,6.0,0.0,1.0
甚至,0.0,3.0,0.0,1.0
前,0.0,27.0,0.0,1.0
港,0.0,3.0,0.0,1.0
46,0.0,3.0,0.0,1.0
够,0.0,6.0,0.0,1.0
黑衣人,0.0,6.0,0.0,1.0
鲜酿,0.0,3.0,0.0,1.0
啤,0.0,78.0,0.0,1.0
网站,0.0,3.0,0.0,1.0
常见,0.0,3.0,0.0,1.0
再就是,0.0,3.0,0.0,1.0
不怕,0.0,6.0,0.0,1.0
战略,0.0,12.0,0.0,1.0
表现,0.0,9.0,0.0,1.0
这支,0.0,3.0,0.0,1.0
收藏,0.0,6.0,0.0,1.0
各式各样,0.0,3.0,0.0,1.0
品牌,0.0,162.0,0.0,1.0
uploadfile,0.0,3.0,0.0,1.0
一共,0.0,6.0,0.0,1.0
材质,0.0,3.0,0.0,1.0
真是,0.0,3.0,0.0,1.0
探究,0.0,3.0,0.0,1.0
之,0.0,6.0,0.0,1.0
转型,0.0,12.0,0.0,1.0
1963,0.0,3.0,0.0,1.0
化身,0.0,9.0,0.0,1.0
别开生面,0.0,6.0,0.0,1.0
高于,0.0,6.0,0.0,1.0
《,0.0,42.0,0.0,1.0
客观,0.0,3.0,0.0,1.0
视觉,0.0,6.0,0.0,1.0
这点,0.0,6.0,0.0,1.0
故乡,0.0,3.0,0.0,1.0
榜样,0.0,3.0,0.0,1.0
几倍,0.0,3.0,0.0,1.0
事物,0.0,6.0,0.0,1.0
有着,0.0,12.0,0.0,1.0
演出,0.0,3.0,0.0,1.0
情理之中,0.0,3.0,0.0,1.0
第一口,0.0,3.0,0.0,1.0
官,0.0,6.0,0.0,1.0
正值,0.0,3.0,0.0,1.0
区,0.0,12.0,0.0,1.0
各国,0.0,3.0,0.0,1.0
多个,0.0,9.0,0.0,1.0
竞争对手,0.0,3.0,0.0,1.0
或许,0.0,3.0,0.0,1.0
发音,0.0,3.0,0.0,1.0
翻译,0.0,6.0,0.0,1.0
熟悉,0.0,12.0,0.0,1.0
特大,0.0,6.0,0.0,1.0
方案,0.0,3.0,0.0,1.0
当,0.0,12.0,0.0,1.0
重要依据,0.0,6.0,0.0,1.0
近日,0.0,6.0,0.0,1.0
预示,0.0,3.0,0.0,1.0
衡量,0.0,3.0,0.0,1.0
cnfina,0.0,3.0,0.0,1.0
核心,0.0,3.0,0.0,1.0
狂欢,0.0,11.0,0.0,1.0
首选,0.0,3.0,0.0,1.0
抛出,0.0,3.0,0.0,1.0
高,0.0,33.0,0.0,1.0
卖,0.0,6.0,0.0,1.0
麦当劳,0.0,9.0,0.0,1.0
两,0.0,6.0,0.0,1.0
0721,0.0,3.0,0.0,1.0
不远处,0.0,3.0,0.0,1.0
最强,0.0,6.0,0.0,1.0
带给,0.0,6.0,0.0,1.0
里程碑,0.0,3.0,0.0,1.0
高品质,0.0,15.0,0.0,1.0
保险箱,0.0,3.0,0.0,1.0
请来,0.0,3.0,0.0,1.0
启动,0.0,12.0,0.0,1.0
6,0.0,30.0,0.0,1.0
酿制,0.0,9.0,0.0,1.0
纯,0.0,3.0,0.0,1.0
大蓬,0.0,15.0,0.0,1.0
十分,0.0,3.0,0.0,1.0
拉美,0.0,6.0,0.0,1.0
罗茨,0.0,3.0,0.0,1.0
介绍,0.0,24.0,0.0,1.0
1997,0.0,3.0,0.0,1.0
引入,0.0,6.0,0.0,1.0
产品质量,0.0,6.0,0.0,1.0
comnews,0.0,3.0,0.0,1.0
其,0.0,24.0,0.0,1.0
进行,0.0,27.0,0.0,1.0
 ,0.0,243.0,0.0,1.0
当代,0.0,3.0,0.0,1.0
平台,0.0,9.0,0.0,1.0
传奇,0.0,6.0,0.0,1.0
具备,0.0,3.0,0.0,1.0
布列塔尼,0.0,6.0,0.0,1.0
给出,0.0,3.0,0.0,1.0
记者,0.0,15.0,0.0,1.0
cn,0.0,21.0,0.0,1.0
发布公告,0.0,3.0,0.0,1.0
立体,0.0,3.0,0.0,1.0
青,0.0,36.0,0.0,1.0
得知,0.0,6.0,0.0,1.0
报名,0.0,6.0,0.0,1.0
粉丝团,0.0,3.0,0.0,1.0
奇艺,0.0,6.0,0.0,1.0
匠心,0.0,9.0,0.0,1.0
20170619,0.0,3.0,0.0,1.0
收到,0.0,3.0,0.0,1.0
清新,0.0,3.0,0.0,1.0
Instagram,0.0,9.0,0.0,1.0
弦乐,0.0,3.0,0.0,1.0
每次,0.0,3.0,0.0,1.0
设备,0.0,12.0,0.0,1.0
策略,0.0,6.0,0.0,1.0
最近,0.0,3.0,0.0,1.0
观,0.0,3.0,0.0,1.0
关于,0.0,6.0,0.0,1.0
欢迎,0.0,3.0,0.0,1.0
当中,0.0,6.0,0.0,1.0
未来,0.0,12.0,0.0,1.0
4d0347520adb43f4a6f0ad15b1836976,0.0,3.0,0.0,1.0
模式,0.0,3.0,0.0,1.0
月底,0.0,3.0,0.0,1.0
重视,0.0,6.0,0.0,1.0
一杯,0.0,12.0,0.0,1.0
公益,0.0,3.0,0.0,1.0
毗邻,0.0,3.0,0.0,1.0
咨询机构,0.0,9.0,0.0,1.0
好些,0.0,3.0,0.0,1.0
酒吧,0.0,18.0,0.0,1.0
p,0.0,6.0,0.0,1.0
一定,0.0,6.0,0.0,1.0
济南,0.0,6.0,0.0,1.0
创新,0.0,33.0,0.0,1.0
观看,0.0,3.0,0.0,1.0
塑造,0.0,9.0,0.0,1.0
.,0.0,288.0,0.0,1.0
不仅,0.0,18.0,0.0,1.0
0706,0.0,15.0,0.0,1.0
园,0.0,3.0,0.0,1.0
国人,0.0,3.0,0.0,1.0
绽放,0.0,9.0,0.0,1.0
定制,0.0,9.0,0.0,1.0
典雅,0.0,3.0,0.0,1.0
输酒,0.0,6.0,0.0,1.0
包括,0.0,6.0,0.0,1.0
几十年,0.0,3.0,0.0,1.0
这家,0.0,3.0,0.0,1.0
新思路,0.0,3.0,0.0,1.0
精细化,0.0,3.0,0.0,1.0
不同,0.0,18.0,0.0,1.0
拉拉,0.0,3.0,0.0,1.0
据,0.0,18.0,0.0,1.0
博士,0.0,12.0,0.0,1.0
工作人员,0.0,6.0,0.0,1.0
共计,0.0,3.0,0.0,1.0
赛马会,0.0,3.0,0.0,1.0
社区,0.0,3.0,0.0,1.0
许多,0.0,6.0,0.0,1.0
这份,0.0,3.0,0.0,1.0
出售,0.0,6.0,0.0,1.0
誉满,0.0,3.0,0.0,1.0
股,0.0,5.0,0.0,1.0
别具一格,0.0,3.0,0.0,1.0
范达人,0.0,6.0,0.0,1.0
找到,0.0,3.0,0.0,1.0
备受,0.0,3.0,0.0,1.0
前缘,0.0,3.0,0.0,1.0
透出,0.0,3.0,0.0,1.0
坐,0.0,6.0,0.0,1.0
喜庆,0.0,3.0,0.0,1.0
生活,0.0,27.0,0.0,1.0
多方,0.0,3.0,0.0,1.0
成员,0.0,3.0,0.0,1.0
口感,0.0,15.0,0.0,1.0
审计,0.0,3.0,0.0,1.0
王开文,0.0,3.0,0.0,1.0
酒,0.0,12.0,0.0,1.0
第二十四,0.0,3.0,0.0,1.0
带来,0.0,33.0,0.0,1.0
篷,0.0,3.0,0.0,1.0
爱好者,0.0,6.0,0.0,1.0
一边,0.0,6.0,0.0,1.0
实施,0.0,9.0,0.0,1.0
李榜兴,0.0,6.0,0.0,1.0
减少,0.0,6.0,0.0,1.0
定位,0.0,3.0,0.0,1.0
日电,0.0,6.0,0.0,1.0
舌尖,0.0,9.0,0.0,1.0
熟知,0.0,6.0,0.0,1.0
服装,0.0,3.0,0.0,1.0
负责,0.0,6.0,0.0,1.0
07,0.0,21.0,0.0,1.0
低温,0.0,6.0,0.0,1.0
厂区,0.0,3.0,0.0,1.0
beer,0.0,3.0,0.0,1.0
中式,0.0,3.0,0.0,1.0
调戏,0.0,3.0,0.0,1.0
炫酷,0.0,18.0,0.0,1.0
副总裁,0.0,12.0,0.0,1.0
资讯,0.0,3.0,0.0,1.0
主会场,0.0,3.0,0.0,1.0
民族音乐,0.0,3.0,0.0,1.0
去年,0.0,9.0,0.0,1.0
每一款,0.0,6.0,0.0,1.0
健身房,0.0,6.0,0.0,1.0
提高,0.0,3.0,0.0,1.0
至今已有,0.0,3.0,0.0,1.0
一辆,0.0,9.0,0.0,1.0
多项,0.0,3.0,0.0,1.0
再次,0.0,3.0,0.0,1.0
建筑,0.0,3.0,0.0,1.0
种,0.0,3.0,0.0,1.0
远销,0.0,18.0,0.0,1.0
控制点,0.0,12.0,0.0,1.0
下,0.0,15.0,0.0,1.0
啤酒厂,0.0,21.0,0.0,1.0
上市公司,0.0,3.0,0.0,1.0
运营,0.0,6.0,0.0,1.0
广泛,0.0,9.0,0.0,1.0
送上,0.0,12.0,0.0,1.0
飞行,0.0,3.0,0.0,1.0
选出,0.0,6.0,0.0,1.0
英国,0.0,15.0,0.0,1.0
朋友圈,0.0,9.0,0.0,1.0
兰桂坊,0.0,3.0,0.0,1.0
一直,0.0,27.0,0.0,1.0
最常,0.0,3.0,0.0,1.0
、,1.0,453.0,0.0022026431718061676,0.9977973568281938
时光,0.0,6.0,0.0,1.0
够本,0.0,3.0,0.0,1.0
年轻,0.0,9.0,0.0,1.0
一个,0.0,42.0,0.0,1.0
组织,0.0,30.0,0.0,1.0
转向,0.0,3.0,0.0,1.0
免费,0.0,6.0,0.0,1.0
但,0.0,12.0,0.0,1.0
邻居,0.0,3.0,0.0,1.0
深夜,0.0,9.0,0.0,1.0
出彩,0.0,3.0,0.0,1.0
freestyle,0.0,9.0,0.0,1.0
条件,0.0,3.0,0.0,1.0
年头,0.0,3.0,0.0,1.0
一张,0.0,6.0,0.0,1.0
软,0.0,6.0,0.0,1.0
指令,0.0,3.0,0.0,1.0
永久,0.0,3.0,0.0,1.0
全过程,0.0,12.0,0.0,1.0
过程,0.0,15.0,0.0,1.0
KFC,0.0,3.0,0.0,1.0
纯净,0.0,3.0,0.0,1.0
亚太,0.0,6.0,0.0,1.0
792,0.0,3.0,0.0,1.0
不断,0.0,15.0,0.0,1.0
重要,0.0,9.0,0.0,1.0
被誉为,0.0,3.0,0.0,1.0
坚守,0.0,3.0,0.0,1.0
故事,0.0,18.0,0.0,1.0
香江,0.0,12.0,0.0,1.0
华润,0.0,6.0,0.0,1.0
激动,0.0,6.0,0.0,1.0
真正,0.0,3.0,0.0,1.0
当晚,0.0,3.0,0.0,1.0
欧盟,0.0,12.0,0.0,1.0
发展中国家,0.0,3.0,0.0,1.0
深度,0.0,3.0,0.0,1.0
任期,0.0,3.0,0.0,1.0
行情,0.0,3.0,0.0,1.0
集合,0.0,3.0,0.0,1.0
生,0.0,3.0,0.0,1.0
邮轮,0.0,3.0,0.0,1.0
统一,0.0,27.0,0.0,1.0
生产方式,0.0,6.0,0.0,1.0
一拍,0.0,6.0,0.0,1.0
会场,0.0,21.0,0.0,1.0
规定,0.0,3.0,0.0,1.0
不要,0.0,3.0,0.0,1.0
上涨,0.0,3.0,0.0,1.0
合唱团,0.0,3.0,0.0,1.0
是,1.0,216.0,0.004608294930875576,0.9953917050691244
良好,0.0,3.0,0.0,1.0
巨大,0.0,3.0,0.0,1.0
诚意,0.0,3.0,0.0,1.0
稳定,0.0,3.0,0.0,1.0
@,0.0,6.0,0.0,1.0
答案,0.0,3.0,0.0,1.0
市场,0.0,63.0,0.0,1.0
显示,0.0,15.0,0.0,1.0
来到,0.0,3.0,0.0,1.0
0.8,0.0,6.0,0.0,1.0
争当,0.0,3.0,0.0,1.0
6000,0.0,3.0,0.0,1.0
首先,0.0,3.0,0.0,1.0
一次,0.0,12.0,0.0,1.0
计划,0.0,21.0,0.0,1.0
之路,0.0,3.0,0.0,1.0
追逐,0.0,3.0,0.0,1.0
杰出,0.0,3.0,0.0,1.0
四种,0.0,3.0,0.0,1.0
邀,0.0,6.0,0.0,1.0
新鲜,0.0,27.0,0.0,1.0
网上,0.0,3.0,0.0,1.0
点滴,0.0,3.0,0.0,1.0
simg,0.0,18.0,0.0,1.0
家人,0.0,6.0,0.0,1.0
全麦,0.0,21.0,0.0,1.0
顶级,0.0,3.0,0.0,1.0
作业,0.0,3.0,0.0,1.0
普遍,0.0,3.0,0.0,1.0
车,0.0,6.0,0.0,1.0
品尝,0.0,15.0,0.0,1.0
佛,0.0,3.0,0.0,1.0
生意,0.0,3.0,0.0,1.0
情感,0.0,3.0,0.0,1.0
》,0.0,42.0,0.0,1.0
0703,0.0,9.0,0.0,1.0
世界级,0.0,6.0,0.0,1.0
百国,0.0,9.0,0.0,1.0
每隔,0.0,6.0,0.0,1.0
口味,0.0,33.0,0.0,1.0
如此,0.0,3.0,0.0,1.0
资深,0.0,3.0,0.0,1.0
只要,0.0,3.0,0.0,1.0
爱好,0.0,3.0,0.0,1.0
空中,0.0,3.0,0.0,1.0
名流,0.0,3.0,0.0,1.0
仿佛,0.0,3.0,0.0,1.0
父亲,0.0,3.0,0.0,1.0
旅游,0.0,3.0,0.0,1.0
06,0.0,6.0,0.0,1.0
正式,0.0,18.0,0.0,1.0
+,0.0,6.0,0.0,1.0
热舞,0.0,3.0,0.0,1.0
因,0.0,9.0,0.0,1.0
秦慧生,0.0,6.0,0.0,1.0
并,0.0,57.0,0.0,1.0
黄克兴,0.0,3.0,0.0,1.0
飞往,0.0,3.0,0.0,1.0
一厂,0.0,3.0,0.0,1.0
主要,0.0,3.0,0.0,1.0
称为,0.0,3.0,0.0,1.0
华联,0.0,3.0,0.0,1.0
继续,0.0,6.0,0.0,1.0
与此同时,0.0,3.0,0.0,1.0
一,0.0,15.0,0.0,1.0
酒龄,0.0,3.0,0.0,1.0
盖内,0.0,3.0,0.0,1.0
加,0.0,3.0,0.0,1.0
今年,0.0,18.0,0.0,1.0
掌门,0.0,3.0,0.0,1.0
注重,0.0,6.0,0.0,1.0
发酵,0.0,9.0,0.0,1.0
斗乐,0.0,6.0,0.0,1.0
招待会,0.0,3.0,0.0,1.0
釀,0.0,3.0,0.0,1.0
二是,0.0,3.0,0.0,1.0
细菌,0.0,6.0,0.0,1.0
一条街,0.0,3.0,0.0,1.0
鲜活,0.0,12.0,0.0,1.0
拍,0.0,3.0,0.0,1.0
越老越,0.0,3.0,0.0,1.0
利润,0.0,3.0,0.0,1.0
第一次,0.0,15.0,0.0,1.0
>,0.0,81.0,0.0,1.0
总数,0.0,3.0,0.0,1.0
碰撞,0.0,3.0,0.0,1.0
原因,0.0,12.0,0.0,1.0
shtml,0.0,3.0,0.0,1.0
39.09,0.0,3.0,0.0,1.0
过滤,0.0,3.0,0.0,1.0
达,0.0,9.0,0.0,1.0
买,1.0,0.0,1.0,0.0
2ff1b1dfa28944acbd4161ed26519a1c,0.0,3.0,0.0,1.0
出口量,0.0,3.0,0.0,1.0
绝对,0.0,3.0,0.0,1.0
成为,0.0,57.0,0.0,1.0
招展,0.0,3.0,0.0,1.0
纪念日,0.0,3.0,0.0,1.0
啤酒节,0.0,93.0,0.0,1.0
严于,0.0,3.0,0.0,1.0
可,0.0,18.0,0.0,1.0
旗舰,0.0,6.0,0.0,1.0
基于,0.0,6.0,0.0,1.0
出口国,0.0,3.0,0.0,1.0
荣获,0.0,3.0,0.0,1.0
即刻,0.0,3.0,0.0,1.0
同时,0.0,24.0,0.0,1.0
酒液,0.0,3.0,0.0,1.0
30,0.0,12.0,0.0,1.0
‘,0.0,15.0,0.0,1.0
G20,0.0,3.0,0.0,1.0
第一位,0.0,3.0,0.0,1.0
乐团,0.0,3.0,0.0,1.0
行驶,0.0,6.0,0.0,1.0
20170721093228364,0.0,3.0,0.0,1.0
上天入地,0.0,6.0,0.0,1.0
照片,0.0,6.0,0.0,1.0
数据,0.0,6.0,0.0,1.0
多家,0.0,6.0,0.0,1.0
我家,0.0,3.0,0.0,1.0
西欧,0.0,6.0,0.0,1.0
摊位,0.0,3.0,0.0,1.0
深刻,0.0,3.0,0.0,1.0
体系,0.0,9.0,0.0,1.0
围绕,0.0,3.0,0.0,1.0
常客,0.0,3.0,0.0,1.0
徐州,0.0,6.0,0.0,1.0
销售,0.0,12.0,0.0,1.0
会谈,0.0,6.0,0.0,1.0
客厅,0.0,3.0,0.0,1.0
连接,0.0,3.0,0.0,1.0
销量,0.0,15.0,0.0,1.0
03,0.0,6.0,0.0,1.0
发布,0.0,27.0,0.0,1.0
见到,0.0,12.0,0.0,1.0
醇,0.0,3.0,0.0,1.0
资料,0.0,9.0,0.0,1.0
洞察,0.0,6.0,0.0,1.0
国标,0.0,3.0,0.0,1.0
filippomelloni,0.0,6.0,0.0,1.0
参节,0.0,3.0,0.0,1.0
群落,0.0,3.0,0.0,1.0
家庭,0.0,3.0,0.0,1.0
重点,0.0,3.0,0.0,1.0
践行,0.0,3.0,0.0,1.0
港民,0.0,3.0,0.0,1.0
艺术家,0.0,3.0,0.0,1.0
antoniotevio,0.0,3.0,0.0,1.0
一瓶,0.0,9.0,0.0,1.0
编者按,0.0,3.0,0.0,1.0
大篷,0.0,3.0,0.0,1.0
回馈,0.0,3.0,0.0,1.0
合格,0.0,6.0,0.0,1.0
28,0.0,9.0,0.0,1.0
品质,0.0,24.0,0.0,1.0
履历,0.0,3.0,0.0,1.0
装置,0.0,3.0,0.0,1.0
漂亮,0.0,12.0,0.0,1.0
理由,0.0,3.0,0.0,1.0
类,0.0,3.0,0.0,1.0
再用,0.0,6.0,0.0,1.0
【,0.0,6.0,0.0,1.0
尽兴,0.0,3.0,0.0,1.0
专业级,0.0,6.0,0.0,1.0
文化,0.0,15.0,0.0,1.0
股为,0.0,3.0,0.0,1.0
袭,0.0,3.0,0.0,1.0
全自动,0.0,3.0,0.0,1.0
喝酒,0.0,3.0,0.0,1.0
闪秀,0.0,6.0,0.0,1.0
融入,0.0,6.0,0.0,1.0
享受,0.0,3.0,0.0,1.0
盛会,0.0,3.0,0.0,1.0
慢,0.0,6.0,0.0,1.0
香港联交所,0.0,6.0,0.0,1.0
向,0.0,6.0,0.0,1.0
有关,0.0,6.0,0.0,1.0
速度,0.0,3.0,0.0,1.0
筛选,0.0,3.0,0.0,1.0
公司,0.0,63.0,0.0,1.0
目的,0.0,3.0,0.0,1.0
按照,0.0,3.0,0.0,1.0
让,0.0,39.0,0.0,1.0
学,0.0,6.0,0.0,1.0
看好,0.0,3.0,0.0,1.0
用米,0.0,3.0,0.0,1.0
离不开,0.0,6.0,0.0,1.0
fff1eac47a0a41d79b155551b9ef73f0,0.0,3.0,0.0,1.0
人家,0.0,3.0,0.0,1.0
闪来,0.0,3.0,0.0,1.0
一处,0.0,3.0,0.0,1.0
支撑,0.0,9.0,0.0,1.0
流程,0.0,9.0,0.0,1.0
被,0.0,27.0,0.0,1.0
载入史册,0.0,3.0,0.0,1.0
马煜环,0.0,3.0,0.0,1.0
生产,0.0,39.0,0.0,1.0
好几个,0.0,6.0,0.0,1.0
酒精,0.0,6.0,0.0,1.0
今天,0.0,6.0,0.0,1.0
主张,0.0,3.0,0.0,1.0
音乐,0.0,12.0,0.0,1.0
走进,0.0,3.0,0.0,1.0
态势,0.0,3.0,0.0,1.0
时候,0.0,12.0,0.0,1.0
环节,0.0,6.0,0.0,1.0
如今,0.0,9.0,0.0,1.0
第一杯,0.0,3.0,0.0,1.0
标题,0.0,3.0,0.0,1.0
委员,0.0,3.0,0.0,1.0
变过,0.0,3.0,0.0,1.0
指标,0.0,3.0,0.0,1.0
迎合,0.0,3.0,0.0,1.0
经销,0.0,15.0,0.0,1.0
家族,0.0,9.0,0.0,1.0
系列,0.0,3.0,0.0,1.0
氛围,0.0,3.0,0.0,1.0
各地,0.0,12.0,0.0,1.0
叮叮,0.0,6.0,0.0,1.0
各色,0.0,6.0,0.0,1.0
关键,0.0,12.0,0.0,1.0
票选,0.0,6.0,0.0,1.0
发展前景,0.0,3.0,0.0,1.0
除了,0.0,12.0,0.0,1.0
事实上,0.0,6.0,0.0,1.0
放缓,0.0,3.0,0.0,1.0
cj,0.0,6.0,0.0,1.0
奉上,0.0,3.0,0.0,1.0
秀自,0.0,3.0,0.0,1.0
论道,0.0,3.0,0.0,1.0
HK,0.0,3.0,0.0,1.0
奇异,0.0,3.0,0.0,1.0
瞬间,0.0,3.0,0.0,1.0
新体验,0.0,12.0,0.0,1.0
五重奏,0.0,3.0,0.0,1.0
接受,0.0,3.0,0.0,1.0
股东,0.0,3.0,0.0,1.0
品酒,0.0,6.0,0.0,1.0
亮眼,0.0,3.0,0.0,1.0
好友,0.0,12.0,0.0,1.0
知识产权,0.0,3.0,0.0,1.0
协议,0.0,3.0,0.0,1.0
价格,0.0,18.0,0.0,1.0
游戏,0.0,3.0,0.0,1.0
参访,0.0,3.0,0.0,1.0
湖南,1.0,0.0,1.0,0.0
萎缩,0.0,3.0,0.0,1.0
接触,0.0,6.0,0.0,1.0
四溢,0.0,3.0,0.0,1.0
鸿运,0.0,6.0,0.0,1.0
减龄,0.0,3.0,0.0,1.0
利润分配,0.0,3.0,0.0,1.0
后来,0.0,3.0,0.0,1.0
要么,0.0,6.0,0.0,1.0
外形,0.0,6.0,0.0,1.0
元,0.0,9.0,0.0,1.0
感而,0.0,3.0,0.0,1.0
圆满,0.0,3.0,0.0,1.0
广场,0.0,3.0,0.0,1.0
明星,0.0,9.0,0.0,1.0
矗立,0.0,3.0,0.0,1.0
瓦夫,0.0,3.0,0.0,1.0
七届,0.0,6.0,0.0,1.0
爱,0.0,24.0,0.0,1.0
设计师,0.0,3.0,0.0,1.0
检验,0.0,6.0,0.0,1.0
不断加强,0.0,3.0,0.0,1.0
包装,0.0,15.0,0.0,1.0
获得,0.0,12.0,0.0,1.0
3D,0.0,3.0,0.0,1.0
杯,1.0,0.0,1.0,0.0
乐趣,0.0,3.0,0.0,1.0
超过,0.0,3.0,0.0,1.0
page1,0.0,3.0,0.0,1.0
满满的,0.0,3.0,0.0,1.0
高空,0.0,3.0,0.0,1.0
称,0.0,3.0,0.0,1.0
没,0.0,3.0,0.0,1.0
老街坊,0.0,3.0,0.0,1.0
两侧,0.0,3.0,0.0,1.0
置身其中,0.0,3.0,0.0,1.0
巨幅,0.0,3.0,0.0,1.0
所有,0.0,21.0,0.0,1.0
称作,0.0,3.0,0.0,1.0
中兴,0.0,3.0,0.0,1.0
阳台,0.0,3.0,0.0,1.0
几款,0.0,3.0,0.0,1.0
最爱,0.0,6.0,0.0,1.0
团队,0.0,15.0,0.0,1.0
李,0.0,9.0,0.0,1.0
大蓬外,0.0,3.0,0.0,1.0
质量,0.0,57.0,0.0,1.0
世界闻名,0.0,3.0,0.0,1.0
登上,0.0,3.0,0.0,1.0
巡回,0.0,9.0,0.0,1.0
感染,0.0,6.0,0.0,1.0
样品,0.0,6.0,0.0,1.0
qq,0.0,3.0,0.0,1.0
自家,0.0,3.0,0.0,1.0
青岛,1.0,1102.0,0.0009066183136899365,0.99909338168631
两场,0.0,2.0,0.0,1.0
传家宝,0.0,9.0,0.0,1.0
法国,0.0,6.0,0.0,1.0
;,0.0,3.0,0.0,1.0
美国市场,0.0,3.0,0.0,1.0
电影,0.0,3.0,0.0,1.0
影响,0.0,18.0,0.0,1.0
当地,0.0,12.0,0.0,1.0
形象,0.0,18.0,0.0,1.0
实验室,0.0,3.0,0.0,1.0
加拿大,0.0,3.0,0.0,1.0
董建军,0.0,12.0,0.0,1.0
14990707707041n,0.0,3.0,0.0,1.0
日本,0.0,3.0,0.0,1.0
携手,0.0,9.0,0.0,1.0
评审,0.0,12.0,0.0,1.0
肯德基,0.0,18.0,0.0,1.0
100,0.0,63.0,0.0,1.0
FDA,0.0,3.0,0.0,1.0
入选,0.0,3.0,0.0,1.0
最早,0.0,9.0,0.0,1.0
咖啡,1.0,0.0,1.0,0.0
自我,0.0,3.0,0.0,1.0
一大,0.0,3.0,0.0,1.0
方阵,0.0,3.0,0.0,1.0
月,0.0,72.0,0.0,1.0
持续,0.0,3.0,0.0,1.0
qdcaijing,0.0,15.0,0.0,1.0
银发,1.0,0.0,1.0,0.0
项目,0.0,6.0,0.0,1.0
即日起,0.0,3.0,0.0,1.0
除,0.0,3.0,0.0,1.0
选择,0.0,18.0,0.0,1.0
姑娘,0.0,3.0,0.0,1.0
正确,0.0,3.0,0.0,1.0
姿态,0.0,3.0,0.0,1.0
3000,0.0,3.0,0.0,1.0
又,0.0,12.0,0.0,1.0
最全,0.0,3.0,0.0,1.0
引领,0.0,12.0,0.0,1.0
分别,0.0,6.0,0.0,1.0
里,0.0,18.0,0.0,1.0
发型,0.0,6.0,0.0,1.0
公司员工,0.0,6.0,0.0,1.0
十几年,0.0,3.0,0.0,1.0
总,0.0,6.0,0.0,1.0
女孩子,0.0,3.0,0.0,1.0
<,0.0,72.0,0.0,1.0
有名,0.0,6.0,0.0,1.0
年,0.0,105.0,0.0,1.0
205.66,0.0,3.0,0.0,1.0
前奏,0.0,5.0,0.0,1.0
限量版,0.0,6.0,0.0,1.0
箱,0.0,3.0,0.0,1.0
精美,0.0,3.0,0.0,1.0
酒瓶,0.0,6.0,0.0,1.0
vip,0.0,6.0,0.0,1.0
传承,0.0,21.0,0.0,1.0
联合,0.0,9.0,0.0,1.0
凸显,0.0,3.0,0.0,1.0
用水,0.0,15.0,0.0,1.0
国内,0.0,12.0,0.0,1.0
餐馆,0.0,9.0,0.0,1.0
中文,0.0,12.0,0.0,1.0
便利店,0.0,3.0,0.0,1.0
业绩,0.0,6.0,0.0,1.0
厄瓜多尔,0.0,9.0,0.0,1.0
广告牌,0.0,3.0,0.0,1.0
谈,0.0,3.0,0.0,1.0
年间,0.0,3.0,0.0,1.0
多年,0.0,9.0,0.0,1.0
上合,0.0,6.0,0.0,1.0
3.5,0.0,3.0,0.0,1.0
技术标准,0.0,3.0,0.0,1.0
软水,0.0,3.0,0.0,1.0
大都会,0.0,3.0,0.0,1.0
奥古,0.0,9.0,0.0,1.0
特性,0.0,3.0,0.0,1.0
工匠,0.0,15.0,0.0,1.0
即可,0.0,3.0,0.0,1.0
?,0.0,6.0,0.0,1.0
为,1.0,98.0,0.010101010101010102,0.98989898989899
所在,0.0,3.0,0.0,1.0
同事,0.0,3.0,0.0,1.0
com,0.0,75.0,0.0,1.0
工艺,0.0,51.0,0.0,1.0
青年,0.0,6.0,0.0,1.0
周年,0.0,6.0,0.0,1.0
这种,0.0,6.0,0.0,1.0
尝试,0.0,3.0,0.0,1.0
相关,0.0,12.0,0.0,1.0
印象,0.0,9.0,0.0,1.0
以后,0.0,3.0,0.0,1.0
欧元,0.0,12.0,0.0,1.0
魔兽,0.0,24.0,0.0,1.0
仪式,0.0,3.0,0.0,1.0
雄厚,0.0,6.0,0.0,1.0
当麦香,0.0,3.0,0.0,1.0
～,0.0,6.0,0.0,1.0
双方,0.0,3.0,0.0,1.0
很多,0.0,45.0,0.0,1.0
健谈,0.0,3.0,0.0,1.0
472,0.0,3.0,0.0,1.0
如织,0.0,3.0,0.0,1.0
不能,0.0,6.0,0.0,1.0
特设,0.0,6.0,0.0,1.0
购酒,0.0,3.0,0.0,1.0
刚到,0.0,6.0,0.0,1.0
音乐家,0.0,6.0,0.0,1.0
32,0.0,3.0,0.0,1.0
a0e302996413425cb6e0c64513026696,0.0,3.0,0.0,1.0
很,0.0,18.0,0.0,1.0
基本,0.0,3.0,0.0,1.0
其他,0.0,6.0,0.0,1.0
新闻网,0.0,6.0,0.0,1.0
开发,0.0,3.0,0.0,1.0
百余年,0.0,3.0,0.0,1.0
资源优势,0.0,3.0,0.0,1.0
大片,0.0,3.0,0.0,1.0
27,0.0,20.0,0.0,1.0
携百国,0.0,3.0,0.0,1.0
他会,0.0,6.0,0.0,1.0
赢取,0.0,3.0,0.0,1.0
进口,0.0,3.0,0.0,1.0
一款,0.0,6.0,0.0,1.0
外国,0.0,12.0,0.0,1.0
体现,0.0,3.0,0.0,1.0
奥秘,0.0,9.0,0.0,1.0
特点,0.0,6.0,0.0,1.0
搬,0.0,3.0,0.0,1.0
爱酒,0.0,6.0,0.0,1.0
节日,0.0,3.0,0.0,1.0
关注,0.0,9.0,0.0,1.0
享,0.0,3.0,0.0,1.0
自,0.0,3.0,0.0,1.0
卷,0.0,3.0,0.0,1.0
1297.62,0.0,6.0,0.0,1.0
级,0.0,6.0,0.0,1.0
习惯,0.0,3.0,0.0,1.0
评选,0.0,12.0,0.0,1.0
油条,0.0,3.0,0.0,1.0
德意志,0.0,3.0,0.0,1.0
带,0.0,9.0,0.0,1.0
预计,0.0,3.0,0.0,1.0
20170703023255194,0.0,3.0,0.0,1.0
整个,0.0,9.0,0.0,1.0
爷爷,0.0,3.0,0.0,1.0
评委,0.0,30.0,0.0,1.0
24,0.0,3.0,0.0,1.0
生意兴隆,0.0,3.0,0.0,1.0
经常,0.0,18.0,0.0,1.0
味蕾,0.0,3.0,0.0,1.0
视,0.0,3.0,0.0,1.0
充分发挥,0.0,3.0,0.0,1.0
人民币,0.0,6.0,0.0,1.0
c,0.0,15.0,0.0,1.0
12155413708235113108,0.0,3.0,0.0,1.0
酒花,0.0,9.0,0.0,1.0
全方位,0.0,3.0,0.0,1.0
把,0.0,18.0,0.0,1.0
没能,0.0,3.0,0.0,1.0
1499333580507,0.0,3.0,0.0,1.0
主流,0.0,3.0,0.0,1.0
青岛市,0.0,3.0,0.0,1.0
Twitter,0.0,3.0,0.0,1.0
60.18,0.0,3.0,0.0,1.0
者,0.0,3.0,0.0,1.0
雅,0.0,3.0,0.0,1.0
催化,0.0,3.0,0.0,1.0
之内,0.0,6.0,0.0,1.0
企业,0.0,21.0,0.0,1.0
最新,0.0,3.0,0.0,1.0
冰,0.0,6.0,0.0,1.0
IPAD,0.0,6.0,0.0,1.0
目前,0.0,12.0,0.0,1.0
历届,0.0,2.0,0.0,1.0
2014,0.0,3.0,0.0,1.0
一身,0.0,6.0,0.0,1.0
面向,0.0,9.0,0.0,1.0
味道,0.0,3.0,0.0,1.0
135.37,0.0,3.0,0.0,1.0
经历,0.0,15.0,0.0,1.0
2017,0.0,72.0,0.0,1.0
29,0.0,18.0,0.0,1.0
告终,0.0,3.0,0.0,1.0
节点,0.0,3.0,0.0,1.0
专门,0.0,6.0,0.0,1.0
htm,0.0,3.0,0.0,1.0
；,0.0,78.0,0.0,1.0
三分之一,0.0,3.0,0.0,1.0
既,0.0,3.0,0.0,1.0
水,0.0,6.0,0.0,1.0
啤酒瓶,0.0,3.0,0.0,1.0
感觉,0.0,9.0,0.0,1.0
讨论,0.0,3.0,0.0,1.0
战略地位,0.0,3.0,0.0,1.0
至少,0.0,3.0,0.0,1.0
受访者,0.0,6.0,0.0,1.0
消费,0.0,21.0,0.0,1.0
之一,0.0,12.0,0.0,1.0
两大,0.0,3.0,0.0,1.0
),0.0,14.0,0.0,1.0
名副其实,0.0,3.0,0.0,1.0
出厂,0.0,18.0,0.0,1.0
营业,0.0,3.0,0.0,1.0
收官,0.0,3.0,0.0,1.0
5.53,0.0,3.0,0.0,1.0
历史,0.0,9.0,0.0,1.0
余平方米,0.0,3.0,0.0,1.0
两天,0.0,12.0,0.0,1.0
趣味,0.0,3.0,0.0,1.0
营收,0.0,3.0,0.0,1.0
还要,0.0,9.0,0.0,1.0
他常,0.0,3.0,0.0,1.0
苦头,0.0,3.0,0.0,1.0
这座,0.0,6.0,0.0,1.0
管道,0.0,6.0,0.0,1.0
观点,0.0,3.0,0.0,1.0
20170630,0.0,9.0,0.0,1.0
培训,0.0,12.0,0.0,1.0
魅力,0.0,3.0,0.0,1.0
好去处,0.0,3.0,0.0,1.0
路,1.0,6.0,0.14285714285714285,0.8571428571428571
68877916f4b346599f8ab68db0d7040f,0.0,3.0,0.0,1.0
流通渠道,0.0,3.0,0.0,1.0
非常,0.0,39.0,0.0,1.0
航班,0.0,3.0,0.0,1.0
一种,0.0,6.0,0.0,1.0
畅销,0.0,9.0,0.0,1.0
70,0.0,3.0,0.0,1.0
选购,0.0,6.0,0.0,1.0
北欧,0.0,3.0,0.0,1.0
到,1.0,54.0,0.01818181818181818,0.9818181818181818
最,0.0,84.0,0.0,1.0
能够,0.0,15.0,0.0,1.0
定价,0.0,6.0,0.0,1.0
酒来,0.0,3.0,0.0,1.0
保证,0.0,3.0,0.0,1.0
http,0.0,78.0,0.0,1.0
潮流,0.0,3.0,0.0,1.0
要求,0.0,3.0,0.0,1.0
位,0.0,45.0,0.0,1.0
40,0.0,9.0,0.0,1.0
报告,0.0,12.0,0.0,1.0
德国,0.0,9.0,0.0,1.0
登州,0.0,3.0,0.0,1.0
斯里兰卡,0.0,3.0,0.0,1.0
吃饭,0.0,3.0,0.0,1.0
第三代,0.0,3.0,0.0,1.0
时期,0.0,3.0,0.0,1.0
比较,1.0,0.0,1.0,0.0
上年,0.0,3.0,0.0,1.0
亲密,0.0,18.0,0.0,1.0
功夫,0.0,3.0,0.0,1.0
客户,0.0,3.0,0.0,1.0
两周岁,0.0,3.0,0.0,1.0
一场,0.0,18.0,0.0,1.0
整座,0.0,3.0,0.0,1.0
工程,0.0,9.0,0.0,1.0
15,0.0,6.0,0.0,1.0
亿,0.0,3.0,0.0,1.0
1499333580355,0.0,3.0,0.0,1.0
更好,0.0,6.0,0.0,1.0
国家级,0.0,18.0,0.0,1.0
携,0.0,3.0,0.0,1.0
毅然,0.0,3.0,0.0,1.0
长城,0.0,3.0,0.0,1.0
生成,0.0,3.0,0.0,1.0
媒体,0.0,3.0,0.0,1.0
汉斯,0.0,3.0,0.0,1.0
炫奇果,0.0,6.0,0.0,1.0
该,0.0,6.0,0.0,1.0
标签,0.0,3.0,0.0,1.0
海外,0.0,36.0,0.0,1.0
摆放,0.0,3.0,0.0,1.0
提前,0.0,6.0,0.0,1.0
宪法,0.0,6.0,0.0,1.0
一家,0.0,12.0,0.0,1.0
面前,0.0,3.0,0.0,1.0
超市,0.0,12.0,0.0,1.0
浓郁,0.0,21.0,0.0,1.0
职业,0.0,3.0,0.0,1.0
10.43,0.0,3.0,0.0,1.0
半打,0.0,3.0,0.0,1.0
795,0.0,3.0,0.0,1.0
管,0.0,3.0,0.0,1.0
以来,0.0,15.0,0.0,1.0
两点,0.0,6.0,0.0,1.0
配方,0.0,3.0,0.0,1.0
一百年,0.0,3.0,0.0,1.0
金牌,0.0,12.0,0.0,1.0
是因为,0.0,12.0,0.0,1.0
看到,0.0,9.0,0.0,1.0
两年,0.0,3.0,0.0,1.0
内,0.0,18.0,0.0,1.0
清凉,0.0,3.0,0.0,1.0
jpg,0.0,60.0,0.0,1.0
干涩,1.0,0.0,1.0,0.0
各位,0.0,3.0,0.0,1.0
金属,0.0,3.0,0.0,1.0
厂房,0.0,3.0,0.0,1.0
奇怪,0.0,3.0,0.0,1.0
魔幻,0.0,3.0,0.0,1.0
另外,0.0,9.0,0.0,1.0
占据,0.0,3.0,0.0,1.0
一抹,0.0,3.0,0.0,1.0
攻略,0.0,6.0,0.0,1.0
保障,0.0,3.0,0.0,1.0
闲暇,0.0,3.0,0.0,1.0
展出,0.0,6.0,0.0,1.0
时尚,0.0,57.0,0.0,1.0
招牌,0.0,3.0,0.0,1.0
才能,0.0,12.0,0.0,1.0
1903,0.0,18.0,0.0,1.0
宋先生,0.0,3.0,0.0,1.0
基数,0.0,3.0,0.0,1.0
表达,0.0,6.0,0.0,1.0
流连,0.0,3.0,0.0,1.0
坐下,0.0,6.0,0.0,1.0
作为,0.0,32.0,0.0,1.0
推出,0.0,42.0,0.0,1.0
有趣,0.0,9.0,0.0,1.0
家里,0.0,3.0,0.0,1.0
39,0.0,3.0,0.0,1.0
挂,0.0,3.0,0.0,1.0
竞争,0.0,3.0,0.0,1.0
连续,0.0,18.0,0.0,1.0
相同,0.0,3.0,0.0,1.0
酵母,0.0,18.0,0.0,1.0
变化,0.0,3.0,0.0,1.0
人员,0.0,6.0,0.0,1.0
去,0.0,6.0,0.0,1.0
已经,0.0,18.0,0.0,1.0
84,0.0,3.0,0.0,1.0
口口相传,0.0,3.0,0.0,1.0
表演,0.0,6.0,0.0,1.0
调整,0.0,6.0,0.0,1.0
博物馆,0.0,30.0,0.0,1.0
奖,0.0,6.0,0.0,1.0
公告,0.0,3.0,0.0,1.0
秉承,0.0,9.0,0.0,1.0
世纪,0.0,21.0,0.0,1.0
百姓,0.0,3.0,0.0,1.0
尖沙咀,0.0,3.0,0.0,1.0
蛤蜊,0.0,3.0,0.0,1.0
通泰行,0.0,3.0,0.0,1.0
2003,0.0,6.0,0.0,1.0
装修,1.0,0.0,1.0,0.0
做,1.0,3.0,0.25,0.75
开启,0.0,12.0,0.0,1.0
采用,0.0,6.0,0.0,1.0
年报,0.0,6.0,0.0,1.0
代言人,0.0,60.0,0.0,1.0
遵从,0.0,6.0,0.0,1.0
欢聚,0.0,3.0,0.0,1.0
本土,0.0,6.0,0.0,1.0
高出,0.0,3.0,0.0,1.0
前有,0.0,3.0,0.0,1.0
已,0.0,30.0,0.0,1.0
跟着,0.0,3.0,0.0,1.0
知名品牌,0.0,3.0,0.0,1.0
东航,0.0,3.0,0.0,1.0
发布会,0.0,3.0,0.0,1.0
可能,0.0,3.0,0.0,1.0
英德,0.0,3.0,0.0,1.0
纯生,0.0,15.0,0.0,1.0
微博,0.0,6.0,0.0,1.0
实力,0.0,9.0,0.0,1.0
原浆,0.0,9.0,0.0,1.0
根据,0.0,6.0,0.0,1.0
凝聚,0.0,3.0,0.0,1.0
升级,0.0,9.0,0.0,1.0
舞蹈,0.0,3.0,0.0,1.0
意大利,0.0,6.0,0.0,1.0
打探,0.0,3.0,0.0,1.0
了解,1.0,39.0,0.025,0.975
万人次,0.0,3.0,0.0,1.0
洗,0.0,6.0,0.0,1.0
宣传语,0.0,6.0,0.0,1.0
场景,0.0,3.0,0.0,1.0
董事,0.0,3.0,0.0,1.0
尤其,0.0,6.0,0.0,1.0
喝青,0.0,3.0,0.0,1.0
接下来,0.0,6.0,0.0,1.0
末,0.0,3.0,0.0,1.0
全国,0.0,18.0,0.0,1.0
晚间,0.0,3.0,0.0,1.0
名,0.0,9.0,0.0,1.0
人流,0.0,6.0,0.0,1.0
主办方,0.0,3.0,0.0,1.0
过,0.0,18.0,0.0,1.0
投料,0.0,9.0,0.0,1.0
IP,0.0,3.0,0.0,1.0
副,0.0,3.0,0.0,1.0
饮料,0.0,6.0,0.0,1.0
指导书,0.0,3.0,0.0,1.0
眼中,0.0,6.0,0.0,1.0
守正,0.0,3.0,0.0,1.0
开朗,0.0,3.0,0.0,1.0
3399459760791211044,0.0,3.0,0.0,1.0
京,0.0,3.0,0.0,1.0
从头,0.0,3.0,0.0,1.0
柔性化,0.0,3.0,0.0,1.0
为何,0.0,3.0,0.0,1.0
分手,0.0,3.0,0.0,1.0
展示区,0.0,3.0,0.0,1.0
一起,0.0,21.0,0.0,1.0
助阵,0.0,3.0,0.0,1.0
阿利,0.0,3.0,0.0,1.0
261.06,0.0,3.0,0.0,1.0
接力棒,0.0,3.0,0.0,1.0
精心,0.0,12.0,0.0,1.0
野心,0.0,3.0,0.0,1.0
名品,0.0,3.0,0.0,1.0
工艺流程,0.0,3.0,0.0,1.0
www,0.0,18.0,0.0,1.0
系统,0.0,6.0,0.0,1.0
17,0.0,3.0,0.0,1.0
相宜,0.0,3.0,0.0,1.0
00168,0.0,3.0,0.0,1.0
sandyvega,0.0,6.0,0.0,1.0
皮尔森,0.0,15.0,0.0,1.0
物美价廉,0.0,3.0,0.0,1.0
想,0.0,9.0,0.0,1.0
自然,0.0,9.0,0.0,1.0
饭店,0.0,3.0,0.0,1.0
精神,0.0,15.0,0.0,1.0
2953412937973684380,0.0,3.0,0.0,1.0
当成,0.0,3.0,0.0,1.0
耳熟能详,0.0,3.0,0.0,1.0
十分重视,0.0,6.0,0.0,1.0
为了,0.0,21.0,0.0,1.0
16,0.0,9.0,0.0,1.0
大典,0.0,3.0,0.0,1.0
好,0.0,45.0,0.0,1.0
专业化,0.0,3.0,0.0,1.0
还,0.0,24.0,0.0,1.0
保持,0.0,6.0,0.0,1.0
控制,0.0,24.0,0.0,1.0
每天,0.0,9.0,0.0,1.0
人生,0.0,6.0,0.0,1.0
意见,0.0,42.0,0.0,1.0
准备,0.0,3.0,0.0,1.0
1964,0.0,3.0,0.0,1.0
高素质,0.0,3.0,0.0,1.0
用,0.0,21.0,0.0,1.0
越卖,0.0,3.0,0.0,1.0
北大,0.0,6.0,0.0,1.0
环境,0.0,3.0,0.0,1.0
投资者,0.0,3.0,0.0,1.0
香港,0.0,87.0,0.0,1.0
讲解,0.0,3.0,0.0,1.0
海尔,0.0,3.0,0.0,1.0
请,0.0,3.0,0.0,1.0
在,0.0,365.0,0.0,1.0
爆,0.0,3.0,0.0,1.0
界,0.0,6.0,0.0,1.0
产品设计,0.0,3.0,0.0,1.0
19,0.0,3.0,0.0,1.0
净利润,0.0,3.0,0.0,1.0
冰爽,0.0,6.0,0.0,1.0
需求,0.0,18.0,0.0,1.0
近两年,0.0,3.0,0.0,1.0
吉祥,0.0,3.0,0.0,1.0
活力,0.0,12.0,0.0,1.0
现身,0.0,12.0,0.0,1.0
出去,0.0,6.0,0.0,1.0
词,0.0,3.0,0.0,1.0
cmshd,0.0,18.0,0.0,1.0
这个,0.0,18.0,0.0,1.0
一席之地,0.0,3.0,0.0,1.0
研发,0.0,6.0,0.0,1.0
工业,0.0,3.0,0.0,1.0
始创,0.0,3.0,0.0,1.0
谈到,0.0,6.0,0.0,1.0
受邀,0.0,3.0,0.0,1.0
可谓,0.0,3.0,0.0,1.0
旅行,0.0,3.0,0.0,1.0
确保,0.0,12.0,0.0,1.0
开展,0.0,3.0,0.0,1.0
基础,0.0,3.0,0.0,1.0
下降,0.0,3.0,0.0,1.0
多为,0.0,3.0,0.0,1.0
1800,0.0,15.0,0.0,1.0
细分,0.0,3.0,0.0,1.0
容纳,0.0,3.0,0.0,1.0
图说,0.0,6.0,0.0,1.0
势头,0.0,3.0,0.0,1.0
香港黄金,0.0,3.0,0.0,1.0
中午,1.0,0.0,1.0,0.0
前列,0.0,3.0,0.0,1.0
酿造,0.0,87.0,0.0,1.0
啤酒罐,0.0,3.0,0.0,1.0
制麦,0.0,3.0,0.0,1.0
要,0.0,45.0,0.0,1.0
扎根,0.0,3.0,0.0,1.0
美誉度,0.0,3.0,0.0,1.0
吨,0.0,6.0,0.0,1.0
只,0.0,15.0,0.0,1.0
/,0.0,522.0,0.0,1.0
带回家,0.0,3.0,0.0,1.0
旺角,0.0,3.0,0.0,1.0
水分,0.0,6.0,0.0,1.0
纪念,0.0,9.0,0.0,1.0
haiwainet,0.0,9.0,0.0,1.0
内控,0.0,3.0,0.0,1.0
发电机,0.0,3.0,0.0,1.0
西门子,0.0,3.0,0.0,1.0
人才,0.0,6.0,0.0,1.0
来源于,0.0,3.0,0.0,1.0
有酒,0.0,3.0,0.0,1.0
归属于,0.0,3.0,0.0,1.0
编制,0.0,6.0,0.0,1.0
正因如此,0.0,3.0,0.0,1.0
一百多年,0.0,3.0,0.0,1.0
游客,0.0,21.0,0.0,1.0
们,0.0,6.0,0.0,1.0
慢酿,0.0,12.0,0.0,1.0
陪伴,0.0,3.0,0.0,1.0
传统,0.0,3.0,0.0,1.0
开始,0.0,9.0,0.0,1.0
交流活动,0.0,3.0,0.0,1.0
白,0.0,27.0,0.0,1.0
皮向荣,0.0,6.0,0.0,1.0
cnfolimg,0.0,15.0,0.0,1.0
这是,0.0,6.0,0.0,1.0
五千,0.0,3.0,0.0,1.0
微妙,0.0,3.0,0.0,1.0
食堂,0.0,12.0,0.0,1.0
窗口,0.0,3.0,0.0,1.0
焦,0.0,3.0,0.0,1.0
传到,0.0,3.0,0.0,1.0
著名,0.0,3.0,0.0,1.0
由,0.0,15.0,0.0,1.0
景点,0.0,3.0,0.0,1.0
相当于,0.0,6.0,0.0,1.0
压缩空气,0.0,6.0,0.0,1.0
商人,0.0,3.0,0.0,1.0
着,0.0,33.0,0.0,1.0
群体,0.0,3.0,0.0,1.0
设定,0.0,6.0,0.0,1.0
xinhuanet,0.0,6.0,0.0,1.0
更大,0.0,3.0,0.0,1.0
白啤书,0.0,12.0,0.0,1.0
培养,0.0,3.0,0.0,1.0
北京,0.0,9.0,0.0,1.0
国际标准,0.0,3.0,0.0,1.0
%,0.0,24.0,0.0,1.0
共同,0.0,33.0,0.0,1.0
当作,0.0,3.0,0.0,1.0
增厚,0.0,3.0,0.0,1.0
产出,0.0,3.0,0.0,1.0
路段,0.0,3.0,0.0,1.0
晚上,1.0,0.0,1.0,0.0
活动,0.0,60.0,0.0,1.0
好事,0.0,6.0,0.0,1.0
低价,0.0,6.0,0.0,1.0
见证,0.0,9.0,0.0,1.0
843,0.0,3.0,0.0,1.0
总裁,0.0,3.0,0.0,1.0
可见,0.0,3.0,0.0,1.0
尝鲜,0.0,6.0,0.0,1.0
主角,0.0,2.0,0.0,1.0
精华,0.0,3.0,0.0,1.0
参与,0.0,24.0,0.0,1.0
一口,0.0,3.0,0.0,1.0
...,0.0,3.0,0.0,1.0
归来,0.0,3.0,0.0,1.0
比赛,0.0,3.0,0.0,1.0
举行,0.0,18.0,0.0,1.0
大麦,0.0,9.0,0.0,1.0
效应,0.0,3.0,0.0,1.0
面对,0.0,3.0,0.0,1.0
背景,0.0,3.0,0.0,1.0
集中,0.0,3.0,0.0,1.0
营造,0.0,3.0,0.0,1.0
荟萃,0.0,3.0,0.0,1.0
组合,0.0,6.0,0.0,1.0
印章,0.0,3.0,0.0,1.0
湘潭,1.0,0.0,1.0,0.0
评比,0.0,6.0,0.0,1.0
究竟,0.0,3.0,0.0,1.0
优美,0.0,3.0,0.0,1.0
不论是,0.0,3.0,0.0,1.0
科研,0.0,12.0,0.0,1.0
规格,0.0,3.0,0.0,1.0
讯,0.0,3.0,0.0,1.0
过去,0.0,6.0,0.0,1.0
美元,0.0,6.0,0.0,1.0
篆刻,0.0,3.0,0.0,1.0
遍布,0.0,3.0,0.0,1.0
比如,0.0,9.0,0.0,1.0
IMAGE,0.0,72.0,0.0,1.0
IPA,0.0,18.0,0.0,1.0
523747c6b2414eaca0de1fccf1bfb1c6,0.0,3.0,0.0,1.0
截止,0.0,3.0,0.0,1.0
方式,0.0,15.0,0.0,1.0
多,1.0,42.0,0.023255813953488372,0.9767441860465116
第七届,0.0,6.0,0.0,1.0
面积,0.0,3.0,0.0,1.0
TSINGTAO1903,0.0,3.0,0.0,1.0
做过,0.0,3.0,0.0,1.0
qingdaonews,0.0,3.0,0.0,1.0
逐一,0.0,6.0,0.0,1.0
百年,0.0,33.0,0.0,1.0
指纹识别,0.0,3.0,0.0,1.0
景区,0.0,3.0,0.0,1.0
四重奏,0.0,6.0,0.0,1.0
特色,0.0,3.0,0.0,1.0
这条,0.0,3.0,0.0,1.0
归零,0.0,3.0,0.0,1.0
实现,0.0,6.0,0.0,1.0
社交,0.0,3.0,0.0,1.0
食宿,0.0,6.0,0.0,1.0
6.17,0.0,6.0,0.0,1.0
始终,0.0,3.0,0.0,1.0
董事会,0.0,6.0,0.0,1.0
知名度,0.0,3.0,0.0,1.0
宝藏,0.0,3.0,0.0,1.0
健硕,0.0,6.0,0.0,1.0
Freestyle,0.0,3.0,0.0,1.0
6952343682051076885,0.0,3.0,0.0,1.0
俨然,0.0,3.0,0.0,1.0
大,0.0,42.0,0.0,1.0
占领,0.0,3.0,0.0,1.0
每年,0.0,6.0,0.0,1.0
第一个,0.0,12.0,0.0,1.0
冲掉,0.0,6.0,0.0,1.0
全,0.0,3.0,0.0,1.0
早,0.0,9.0,0.0,1.0
信心,0.0,3.0,0.0,1.0
适合,0.0,3.0,0.0,1.0
特惠,0.0,3.0,0.0,1.0
祖父,0.0,3.0,0.0,1.0
每个,0.0,3.0,0.0,1.0
啤酒杯,0.0,3.0,0.0,1.0
赛马,0.0,6.0,0.0,1.0
引来,0.0,3.0,0.0,1.0
留学,0.0,6.0,0.0,1.0
9,0.0,9.0,0.0,1.0
拉货,0.0,3.0,0.0,1.0
棒,0.0,3.0,0.0,1.0
上市,0.0,15.0,0.0,1.0
大佛,0.0,3.0,0.0,1.0
随着,0.0,3.0,0.0,1.0
看法,0.0,12.0,0.0,1.0
接过,0.0,3.0,0.0,1.0
朱蕾,0.0,3.0,0.0,1.0
00291,0.0,3.0,0.0,1.0
得名,0.0,6.0,0.0,1.0
14990707919221n,0.0,3.0,0.0,1.0
研究,0.0,9.0,0.0,1.0
提及,0.0,3.0,0.0,1.0
千锤百炼,0.0,12.0,0.0,1.0
更,0.0,45.0,0.0,1.0
硕士,0.0,3.0,0.0,1.0
网络,0.0,6.0,0.0,1.0
水果,0.0,3.0,0.0,1.0
至今,0.0,9.0,0.0,1.0
一位,0.0,15.0,0.0,1.0
之处,0.0,3.0,0.0,1.0
所,0.0,3.0,0.0,1.0
果,0.0,3.0,0.0,1.0
往,0.0,6.0,0.0,1.0
英语,0.0,3.0,0.0,1.0
夜晚,0.0,6.0,0.0,1.0
快,0.0,18.0,0.0,1.0
优惠条件,0.0,3.0,0.0,1.0
各界,0.0,3.0,0.0,1.0
AAAA,0.0,3.0,0.0,1.0
花园,0.0,3.0,0.0,1.0
蓬,0.0,3.0,0.0,1.0
优势,0.0,3.0,0.0,1.0
去过,0.0,6.0,0.0,1.0
上,0.0,95.0,0.0,1.0
一份,0.0,3.0,0.0,1.0
成立,0.0,3.0,0.0,1.0
熊猫,0.0,6.0,0.0,1.0
现场,0.0,48.0,0.0,1.0
起,0.0,6.0,0.0,1.0
曾,0.0,9.0,0.0,1.0
证券,0.0,3.0,0.0,1.0
深受,0.0,9.0,0.0,1.0
严峻,0.0,3.0,0.0,1.0
1954,0.0,3.0,0.0,1.0
特别,0.0,12.0,0.0,1.0
罐,0.0,15.0,0.0,1.0
70703023255187,0.0,3.0,0.0,1.0
老板,1.0,6.0,0.14285714285714285,0.8571428571428571
大概,0.0,3.0,0.0,1.0
更要,0.0,3.0,0.0,1.0
执行,0.0,6.0,0.0,1.0
观摩,0.0,9.0,0.0,1.0
畅饮,0.0,9.0,0.0,1.0
暗藏玄机,0.0,3.0,0.0,1.0
之前,0.0,9.0,0.0,1.0
设计,0.0,9.0,0.0,1.0
连锁,0.0,6.0,0.0,1.0
SOHO,0.0,6.0,0.0,1.0
酿酒师,0.0,30.0,0.0,1.0
平时,0.0,3.0,0.0,1.0
60,0.0,9.0,0.0,1.0
朋友,1.0,51.0,0.019230769230769232,0.9807692307692307
惊讶,0.0,6.0,0.0,1.0
等,0.0,72.0,0.0,1.0
知音,0.0,6.0,0.0,1.0
三代,0.0,3.0,0.0,1.0
成功,0.0,6.0,0.0,1.0
代码,0.0,3.0,0.0,1.0
高端,0.0,18.0,0.0,1.0
食品安全,0.0,15.0,0.0,1.0
调查,0.0,3.0,0.0,1.0
600600,0.0,5.0,0.0,1.0
本,0.0,3.0,0.0,1.0
底气,0.0,3.0,0.0,1.0
道,0.0,15.0,0.0,1.0
影响力,0.0,6.0,0.0,1.0
喜好,0.0,24.0,0.0,1.0
这两点,0.0,3.0,0.0,1.0
牌子,0.0,3.0,0.0,1.0
转变,0.0,3.0,0.0,1.0
港人,0.0,6.0,0.0,1.0
提供,0.0,9.0,0.0,1.0
精彩,0.0,6.0,0.0,1.0
原料,0.0,15.0,0.0,1.0
留着,0.0,6.0,0.0,1.0
一路,0.0,3.0,0.0,1.0
中,0.0,48.0,0.0,1.0
讲故事,0.0,3.0,0.0,1.0
找个,0.0,3.0,0.0,1.0
能力,0.0,12.0,0.0,1.0
汹涌,0.0,3.0,0.0,1.0
出新,0.0,3.0,0.0,1.0
下滑,0.0,3.0,0.0,1.0
c2c,0.0,3.0,0.0,1.0
棒极了,0.0,3.0,0.0,1.0
满满,0.0,3.0,0.0,1.0
717cdfbcfab84228923560f5ff09ed27,0.0,3.0,0.0,1.0
排队,0.0,3.0,0.0,1.0
那辈,0.0,3.0,0.0,1.0
贸易,0.0,3.0,0.0,1.0
people,0.0,9.0,0.0,1.0
艰难,0.0,3.0,0.0,1.0
消费者,0.0,260.0,0.0,1.0
可见度,0.0,12.0,0.0,1.0
77,0.0,6.0,0.0,1.0
啤酒花,0.0,3.0,0.0,1.0
应用,0.0,3.0,0.0,1.0
制定,0.0,3.0,0.0,1.0
啤酒,1.0,1286.0,0.000777000777000777,0.9992229992229992
20170703023255340,0.0,3.0,0.0,1.0
多重,0.0,3.0,0.0,1.0
好评,0.0,3.0,0.0,1.0
提出,0.0,6.0,0.0,1.0
完善,0.0,3.0,0.0,1.0
才,0.0,6.0,0.0,1.0
以,0.0,45.0,0.0,1.0
出海,0.0,12.0,0.0,1.0
中坚力量,0.0,3.0,0.0,1.0
引发,0.0,3.0,0.0,1.0
嘴边,0.0,3.0,0.0,1.0
开业,0.0,3.0,0.0,1.0
老字号,0.0,18.0,0.0,1.0
难忘,0.0,3.0,0.0,1.0
国货,0.0,6.0,0.0,1.0
鸡肉,0.0,3.0,0.0,1.0
知道,0.0,3.0,0.0,1.0
唯一,0.0,9.0,0.0,1.0
晒出,0.0,3.0,0.0,1.0
存在,0.0,3.0,0.0,1.0
始终认为,0.0,12.0,0.0,1.0
层层,0.0,3.0,0.0,1.0
垒墙,0.0,3.0,0.0,1.0
认同,0.0,3.0,0.0,1.0
听取,0.0,6.0,0.0,1.0
人群,0.0,3.0,0.0,1.0
模样,0.0,3.0,0.0,1.0
英国伦敦,0.0,3.0,0.0,1.0
作者,0.0,3.0,0.0,1.0
赛马场,0.0,3.0,0.0,1.0
购买,0.0,3.0,0.0,1.0
万箱,0.0,3.0,0.0,1.0
宝贝,0.0,6.0,0.0,1.0
这些,0.0,12.0,0.0,1.0
政务,0.0,3.0,0.0,1.0
机会,0.0,18.0,0.0,1.0
市民,0.0,3.0,0.0,1.0
越,0.0,3.0,0.0,1.0
独一无二,0.0,3.0,0.0,1.0
手法,0.0,3.0,0.0,1.0
鸡,0.0,3.0,0.0,1.0
质造,0.0,3.0,0.0,1.0
理念,0.0,3.0,0.0,1.0
新,0.0,12.0,0.0,1.0
488,0.0,3.0,0.0,1.0
指纹,0.0,3.0,0.0,1.0
前途,0.0,3.0,0.0,1.0
变革,0.0,3.0,0.0,1.0
法则,0.0,6.0,0.0,1.0
350,0.0,3.0,0.0,1.0
喜爱,0.0,30.0,0.0,1.0
1121255908,0.0,6.0,0.0,1.0
众多,0.0,9.0,0.0,1.0
突出,0.0,3.0,0.0,1.0
另一端,0.0,3.0,0.0,1.0
使用,0.0,12.0,0.0,1.0
亮色,0.0,3.0,0.0,1.0
标志,0.0,3.0,0.0,1.0
中间,0.0,3.0,0.0,1.0
重奏,0.0,11.0,0.0,1.0
约,0.0,9.0,0.0,1.0
2015,0.0,3.0,0.0,1.0
美国,0.0,9.0,0.0,1.0
霍,0.0,6.0,0.0,1.0
技术,0.0,3.0,0.0,1.0
最大,0.0,9.0,0.0,1.0
产生,0.0,9.0,0.0,1.0
组成,0.0,9.0,0.0,1.0
融合,0.0,6.0,0.0,1.0
时尚品牌,0.0,3.0,0.0,1.0
回国,0.0,3.0,0.0,1.0
通过,0.0,24.0,0.0,1.0
感受,0.0,21.0,0.0,1.0
时间,0.0,9.0,0.0,1.0
届,0.0,8.0,0.0,1.0
万米,0.0,3.0,0.0,1.0
方面,0.0,6.0,0.0,1.0
将会,0.0,3.0,0.0,1.0
例如,0.0,3.0,0.0,1.0
城里,0.0,3.0,0.0,1.0
海陆空,0.0,3.0,0.0,1.0
出现,0.0,9.0,0.0,1.0
驱动,0.0,3.0,0.0,1.0
看着,0.0,3.0,0.0,1.0
震撼,0.0,9.0,0.0,1.0
意外,0.0,3.0,0.0,1.0
收入,0.0,6.0,0.0,1.0
聘为,0.0,3.0,0.0,1.0
香港回归,0.0,9.0,0.0,1.0
经营,0.0,6.0,0.0,1.0
什么样,0.0,3.0,0.0,1.0
照,0.0,12.0,0.0,1.0
钦点,0.0,6.0,0.0,1.0
全球化,0.0,3.0,0.0,1.0
自上,0.0,3.0,0.0,1.0
吃,0.0,6.0,0.0,1.0
最多,0.0,3.0,0.0,1.0
副总经理,0.0,3.0,0.0,1.0
SRC,0.0,72.0,0.0,1.0
品类,0.0,9.0,0.0,1.0
产品品质,0.0,6.0,0.0,1.0
地,0.0,12.0,0.0,1.0
相比,0.0,3.0,0.0,1.0
因其,0.0,3.0,0.0,1.0
进入,0.0,12.0,0.0,1.0
诞生,0.0,3.0,0.0,1.0
行业,0.0,45.0,0.0,1.0
监控,0.0,3.0,0.0,1.0
间,0.0,3.0,0.0,1.0
首位,0.0,3.0,0.0,1.0
个性化,0.0,6.0,0.0,1.0
20,0.0,6.0,0.0,1.0
票,0.0,3.0,0.0,1.0
特意,0.0,3.0,0.0,1.0
海上,0.0,12.0,0.0,1.0
身边,0.0,18.0,0.0,1.0
比,0.0,9.0,0.0,1.0
足够,0.0,3.0,0.0,1.0
达到,0.0,3.0,0.0,1.0
储存,0.0,3.0,0.0,1.0
一是,0.0,3.0,0.0,1.0
好喝,0.0,12.0,0.0,1.0
　,0.0,354.0,0.0,1.0
品牌价值,0.0,3.0,0.0,1.0
老,0.0,3.0,0.0,1.0
一反,0.0,3.0,0.0,1.0
战车,0.0,3.0,0.0,1.0
酿酒,0.0,33.0,0.0,1.0
举办,0.0,27.0,0.0,1.0
走,0.0,15.0,0.0,1.0
个,1.0,54.0,0.01818181818181818,0.9818181818181818
参观,0.0,9.0,0.0,1.0
抢占,0.0,3.0,0.0,1.0
动静,0.0,3.0,0.0,1.0
原则,0.0,15.0,0.0,1.0
地区,0.0,36.0,0.0,1.0
全新,0.0,3.0,0.0,1.0
积极,0.0,3.0,0.0,1.0
香港地区,0.0,3.0,0.0,1.0
品种齐全,0.0,3.0,0.0,1.0
聊天,0.0,6.0,0.0,1.0
觉得,1.0,12.0,0.07692307692307693,0.9230769230769231
诗,0.0,3.0,0.0,1.0
万众瞩目,0.0,3.0,0.0,1.0
扫码,0.0,6.0,0.0,1.0
引领者,0.0,3.0,0.0,1.0
树立,0.0,6.0,0.0,1.0
秘书长,0.0,6.0,0.0,1.0
年代,0.0,6.0,0.0,1.0
一滴水,0.0,3.0,0.0,1.0
驻,0.0,6.0,0.0,1.0
垫,0.0,3.0,0.0,1.0
奉献,0.0,2.0,0.0,1.0
董事长,0.0,9.0,0.0,1.0
质感,0.0,9.0,0.0,1.0
电子,0.0,3.0,0.0,1.0
发现,0.0,15.0,0.0,1.0
生物,0.0,3.0,0.0,1.0
11,0.0,15.0,0.0,1.0
知名,0.0,3.0,0.0,1.0
放心,0.0,3.0,0.0,1.0
地理,0.0,3.0,0.0,1.0
吧台,0.0,3.0,0.0,1.0
丰年,0.0,9.0,0.0,1.0
只有,0.0,12.0,0.0,1.0
小伙,0.0,3.0,0.0,1.0
据悉,0.0,6.0,0.0,1.0
更是,0.0,6.0,0.0,1.0
而是,0.0,9.0,0.0,1.0
大学,0.0,3.0,0.0,1.0
说,0.0,51.0,0.0,1.0
跨界,0.0,3.0,0.0,1.0
必须,0.0,27.0,0.0,1.0
等等,0.0,3.0,0.0,1.0
算,0.0,6.0,0.0,1.0
美女,0.0,6.0,0.0,1.0
_,0.0,9.0,0.0,1.0
任何,0.0,3.0,0.0,1.0
一粒,0.0,3.0,0.0,1.0
凑热闹,0.0,3.0,0.0,1.0
pcqq,0.0,3.0,0.0,1.0
艺术,0.0,3.0,0.0,1.0
移动,0.0,15.0,0.0,1.0
火爆,0.0,6.0,0.0,1.0
商务活动,0.0,3.0,0.0,1.0
墨西哥,0.0,6.0,0.0,1.0
街,0.0,3.0,0.0,1.0
经典,0.0,15.0,0.0,1.0
点,0.0,3.0,0.0,1.0
餐厅,0.0,9.0,0.0,1.0
吸引,0.0,3.0,0.0,1.0
黄岛,0.0,9.0,0.0,1.0
圈粉,0.0,3.0,0.0,1.0
科技,0.0,3.0,0.0,1.0
勇于,0.0,6.0,0.0,1.0
指定,0.0,12.0,0.0,1.0
现状,0.0,3.0,0.0,1.0
实时,0.0,3.0,0.0,1.0
仅为,0.0,3.0,0.0,1.0
晚,0.0,6.0,0.0,1.0
突袭,0.0,3.0,0.0,1.0
苦味,0.0,3.0,0.0,1.0
逗留,0.0,6.0,0.0,1.0
打分,0.0,18.0,0.0,1.0
颇,0.0,3.0,0.0,1.0
一段,0.0,3.0,0.0,1.0
978.25,0.0,3.0,0.0,1.0
正如,0.0,3.0,0.0,1.0
交易所,0.0,3.0,0.0,1.0
不仅仅,0.0,3.0,0.0,1.0
而且,0.0,15.0,0.0,1.0
甄选,0.0,6.0,0.0,1.0
怎样,0.0,6.0,0.0,1.0
最深,0.0,6.0,0.0,1.0
动感,0.0,9.0,0.0,1.0
繁华,0.0,3.0,0.0,1.0
更加,0.0,9.0,0.0,1.0
检测,0.0,12.0,0.0,1.0
货车,0.0,3.0,0.0,1.0
国际,0.0,68.0,0.0,1.0
发展趋势,0.0,3.0,0.0,1.0
z,0.0,3.0,0.0,1.0
庆生,0.0,3.0,0.0,1.0
favorite,0.0,3.0,0.0,1.0
(,0.0,14.0,0.0,1.0
红砖,0.0,3.0,0.0,1.0
黄晓明,0.0,9.0,0.0,1.0
（,0.0,36.0,0.0,1.0
只能,0.0,3.0,0.0,1.0
美食,0.0,18.0,0.0,1.0
依据,0.0,6.0,0.0,1.0
方法,0.0,9.0,0.0,1.0
锁定,0.0,3.0,0.0,1.0
标准化,0.0,15.0,0.0,1.0
1,0.0,24.0,0.0,1.0
表示,0.0,15.0,0.0,1.0
征集,0.0,18.0,0.0,1.0
师,0.0,3.0,0.0,1.0
金石,0.0,3.0,0.0,1.0
以及,0.0,21.0,0.0,1.0
人们,0.0,3.0,0.0,1.0
淡爽,0.0,6.0,0.0,1.0
左右,0.0,6.0,0.0,1.0
喝,2.0,33.0,0.05714285714285714,0.9428571428571428
14,0.0,18.0,0.0,1.0
突破,0.0,3.0,0.0,1.0
而同,0.0,3.0,0.0,1.0
严格,0.0,6.0,0.0,1.0
第,0.0,8.0,0.0,1.0
本次,0.0,6.0,0.0,1.0
方向,0.0,3.0,0.0,1.0
将,0.0,80.0,0.0,1.0
mediafile,0.0,9.0,0.0,1.0
20170703023255375,0.0,3.0,0.0,1.0
9.49,0.0,3.0,0.0,1.0
小时,0.0,6.0,0.0,1.0
期内,0.0,3.0,0.0,1.0
携精酿,0.0,6.0,0.0,1.0
派,0.0,9.0,0.0,1.0
次数,0.0,3.0,0.0,1.0
59,0.0,3.0,0.0,1.0
截然不同,0.0,3.0,0.0,1.0
深谙,0.0,3.0,0.0,1.0
finance,0.0,3.0,0.0,1.0
街头,0.0,6.0,0.0,1.0
醉美,0.0,3.0,0.0,1.0
shd,0.0,3.0,0.0,1.0
舞会,0.0,3.0,0.0,1.0
阅兵,0.0,9.0,0.0,1.0
准则,0.0,3.0,0.0,1.0
70703023255772,0.0,3.0,0.0,1.0
-,0.0,30.0,0.0,1.0
管理水平,0.0,3.0,0.0,1.0
TSINGTAO,0.0,3.0,0.0,1.0
创,0.0,3.0,0.0,1.0
看,0.0,6.0,0.0,1.0
振兴,0.0,6.0,0.0,1.0
金色,0.0,3.0,0.0,1.0
合作,0.0,39.0,0.0,1.0
美誉,0.0,3.0,0.0,1.0
争相,0.0,3.0,0.0,1.0
提升,0.0,9.0,0.0,1.0
架构,0.0,3.0,0.0,1.0
982,0.0,3.0,0.0,1.0
三重奏,0.0,3.0,0.0,1.0
图,0.0,3.0,0.0,1.0
韩国,0.0,3.0,0.0,1.0
