日,12.0,51.0,0.19047619047619047,0.8095238095238095
前往,0.0,3.0,0.0,1.0
火,0.0,3.0,0.0,1.0
通达,0.0,3.0,0.0,1.0
无人机,0.0,12.0,0.0,1.0
副经理,0.0,3.0,0.0,1.0
…,0.0,6.0,0.0,1.0
拖轮,0.0,6.0,0.0,1.0
纸业,0.0,6.0,0.0,1.0
及其,0.0,3.0,0.0,1.0
货船,0.0,3.0,0.0,1.0
90,0.0,3.0,0.0,1.0
完成,0.0,39.0,0.0,1.0
书面,0.0,3.0,0.0,1.0
恢复,0.0,3.0,0.0,1.0
运输船,0.0,6.0,0.0,1.0
万至,0.0,3.0,0.0,1.0
同比,0.0,27.0,0.0,1.0
二连浩特,0.0,3.0,0.0,1.0
3.8,0.0,3.0,0.0,1.0
市,0.0,9.0,0.0,1.0
产业,0.0,6.0,0.0,1.0
317,3.0,0.0,1.0,0.0
车道,0.0,9.0,0.0,1.0
62,0.0,3.0,0.0,1.0
环保,0.0,9.0,0.0,1.0
五家,0.0,3.0,0.0,1.0
船舶,0.0,27.0,0.0,1.0
拿到,0.0,3.0,0.0,1.0
:,3.0,30.0,0.09090909090909091,0.9090909090909091
持股,0.0,6.0,0.0,1.0
会同,0.0,3.0,0.0,1.0
进出口,3.0,3.0,0.5,0.5
2013,0.0,3.0,0.0,1.0
码头,12.0,57.0,0.17391304347826086,0.8260869565217391
5.5,0.0,6.0,0.0,1.0
边,0.0,3.0,0.0,1.0
12,3.0,24.0,0.1111111111111111,0.8888888888888888
实际,0.0,3.0,0.0,1.0
至,0.0,30.0,0.0,1.0
载有,3.0,0.0,1.0,0.0
综合性,0.0,3.0,0.0,1.0
为此,0.0,3.0,0.0,1.0
复团,3.0,0.0,1.0,0.0
承压,0.0,3.0,0.0,1.0
铁路运输,0.0,9.0,0.0,1.0
货运,0.0,3.0,0.0,1.0
改变,0.0,3.0,0.0,1.0
秘书,0.0,9.0,0.0,1.0
利益,0.0,9.0,0.0,1.0
列表,0.0,3.0,0.0,1.0
增持,0.0,3.0,0.0,1.0
原,0.0,24.0,0.0,1.0
程度,0.0,6.0,0.0,1.0
副组长,0.0,3.0,0.0,1.0
pj208i05o3z6,0.0,3.0,0.0,1.0
05,0.0,3.0,0.0,1.0
煤运,0.0,4.0,0.0,1.0
18520,0.0,3.0,0.0,1.0
万艘,0.0,3.0,0.0,1.0
large,0.0,3.0,0.0,1.0
10,0.0,12.0,0.0,1.0
80,0.0,3.0,0.0,1.0
乌鲁木齐,0.0,3.0,0.0,1.0
场地,0.0,6.0,0.0,1.0
股份,0.0,6.0,0.0,1.0
蒙,0.0,9.0,0.0,1.0
之中,0.0,3.0,0.0,1.0
出,0.0,6.0,0.0,1.0
封闭,0.0,3.0,0.0,1.0
号路,0.0,3.0,0.0,1.0
建成,0.0,3.0,0.0,1.0
稳稳地,0.0,3.0,0.0,1.0
货场,0.0,3.0,0.0,1.0
谋划,0.0,6.0,0.0,1.0
人员伤亡,0.0,6.0,0.0,1.0
采访团,0.0,6.0,0.0,1.0
随津沽,0.0,3.0,0.0,1.0
唐港,0.0,6.0,0.0,1.0
祖传,2.0,0.0,1.0,0.0
微,0.0,3.0,0.0,1.0
年末,0.0,3.0,0.0,1.0
框架,0.0,3.0,0.0,1.0
天津市政府,0.0,3.0,0.0,1.0
经过,3.0,9.0,0.25,0.75
放眼望去,0.0,3.0,0.0,1.0
网友,0.0,3.0,0.0,1.0
发出,2.0,0.0,1.0,0.0
这般,0.0,3.0,0.0,1.0
期间,0.0,6.0,0.0,1.0
png,0.0,6.0,0.0,1.0
爱人,3.0,0.0,1.0,0.0
7,3.0,18.0,0.14285714285714285,0.8571428571428571
智慧,0.0,6.0,0.0,1.0
还有,0.0,3.0,0.0,1.0
】,3.0,3.0,0.5,0.5
单位,0.0,9.0,0.0,1.0
条,0.0,6.0,0.0,1.0
京津冀,3.0,27.0,0.1,0.9
不到,3.0,0.0,1.0,0.0
发力,0.0,3.0,0.0,1.0
发展,3.0,141.0,0.020833333333333332,0.9791666666666666
当时,0.0,3.0,0.0,1.0
成立,0.0,3.0,0.0,1.0
从,9.0,15.0,0.375,0.625
50,2.0,0.0,1.0,0.0
=,0.0,30.0,0.0,1.0
新高,0.0,3.0,0.0,1.0
进出境,0.0,3.0,0.0,1.0
4000,0.0,3.0,0.0,1.0
距雄安,0.0,3.0,0.0,1.0
海南,6.0,0.0,1.0,0.0
幅度,0.0,3.0,0.0,1.0
南北,0.0,6.0,0.0,1.0
领导,6.0,0.0,1.0,0.0
抓斗,0.0,3.0,0.0,1.0
消息,0.0,3.0,0.0,1.0
新港,0.0,3.0,0.0,1.0
都,0.0,6.0,0.0,1.0
火海,0.0,9.0,0.0,1.0
如何,0.0,3.0,0.0,1.0
双进,0.0,3.0,0.0,1.0
近,2.0,12.0,0.14285714285714285,0.8571428571428571
31.2,0.0,3.0,0.0,1.0
53.50,0.0,3.0,0.0,1.0
加强,0.0,12.0,0.0,1.0
互动,0.0,3.0,0.0,1.0
大变样,0.0,6.0,0.0,1.0
集装箱船,0.0,3.0,0.0,1.0
途中,3.0,0.0,1.0,0.0
‰,0.0,3.0,0.0,1.0
压缩,0.0,3.0,0.0,1.0
价格,0.0,6.0,0.0,1.0
采访,0.0,3.0,0.0,1.0
一批,0.0,3.0,0.0,1.0
新南,0.0,9.0,0.0,1.0
三,0.0,3.0,0.0,1.0
运散,0.0,3.0,0.0,1.0
辟建,0.0,3.0,0.0,1.0
’,0.0,3.0,0.0,1.0
0.81,0.0,3.0,0.0,1.0
霍尔果斯,0.0,3.0,0.0,1.0
按,0.0,3.0,0.0,1.0
运输,6.0,33.0,0.15384615384615385,0.8461538461538461
无法,0.0,6.0,0.0,1.0
45,0.0,6.0,0.0,1.0
开通,0.0,9.0,0.0,1.0
效率,0.0,12.0,0.0,1.0
主自,0.0,3.0,0.0,1.0
费力,3.0,0.0,1.0,0.0
35.5,0.0,3.0,0.0,1.0
增长,0.0,24.0,0.0,1.0
道路,0.0,3.0,0.0,1.0
业务部,0.0,3.0,0.0,1.0
中国,0.0,18.0,0.0,1.0
爆炸,11.0,3.0,0.7857142857142857,0.21428571428571427
柴油车,0.0,9.0,0.0,1.0
协调,0.0,6.0,0.0,1.0
科学,0.0,6.0,0.0,1.0
状态,3.0,0.0,1.0,0.0
假油,3.0,0.0,1.0,0.0
显得,0.0,3.0,0.0,1.0
外向型,0.0,3.0,0.0,1.0
商品,3.0,0.0,1.0,0.0
两会,0.0,3.0,0.0,1.0
督办,3.0,0.0,1.0,0.0
部分,0.0,6.0,0.0,1.0
冀,3.0,0.0,1.0,0.0
仓库,3.0,0.0,1.0,0.0
班列,0.0,9.0,0.0,1.0
模范,6.0,0.0,1.0,0.0
豪华,0.0,3.0,0.0,1.0
支撑,0.0,3.0,0.0,1.0
其所,0.0,3.0,0.0,1.0
接下来,2.0,0.0,1.0,0.0
会,0.0,3.0,0.0,1.0
推动,0.0,24.0,0.0,1.0
先后,0.0,6.0,0.0,1.0
主动,0.0,3.0,0.0,1.0
航海,0.0,6.0,0.0,1.0
304,3.0,0.0,1.0,0.0
拓展,0.0,3.0,0.0,1.0
股权,0.0,6.0,0.0,1.0
主营业务,0.0,9.0,0.0,1.0
两者,0.0,3.0,0.0,1.0
铁路,0.0,39.0,0.0,1.0
44,0.0,3.0,0.0,1.0
5,3.0,30.0,0.09090909090909091,0.9090909090909091
基本面,0.0,3.0,0.0,1.0
短重,0.0,6.0,0.0,1.0
全封闭式,0.0,3.0,0.0,1.0
下行,0.0,3.0,0.0,1.0
开始,0.0,3.0,0.0,1.0
由,6.0,16.0,0.2727272727272727,0.7272727272727273
下称,0.0,3.0,0.0,1.0
滨海新区,3.0,9.0,0.25,0.75
卡子,0.0,3.0,0.0,1.0
海林,3.0,0.0,1.0,0.0
张建富,0.0,3.0,0.0,1.0
外,3.0,0.0,1.0,0.0
包景岭,0.0,3.0,0.0,1.0
月,12.0,93.0,0.11428571428571428,0.8857142857142857
列,0.0,6.0,0.0,1.0
人,9.0,9.0,0.5,0.5
后果,3.0,0.0,1.0,0.0
有力,0.0,3.0,0.0,1.0
12672276042014216114,0.0,3.0,0.0,1.0
0612,0.0,9.0,0.0,1.0
专家,0.0,3.0,0.0,1.0
报道,3.0,6.0,0.3333333333333333,0.6666666666666666
箭,3.0,0.0,1.0,0.0
曾,3.0,3.0,0.5,0.5
协同,3.0,9.0,0.25,0.75
解决,0.0,12.0,0.0,1.0
诊股,0.0,13.0,0.0,1.0
601000,0.0,3.0,0.0,1.0
调查,0.0,6.0,0.0,1.0
—,0.0,12.0,0.0,1.0
经夜,0.0,3.0,0.0,1.0
制约,0.0,3.0,0.0,1.0
大降,0.0,1.0,0.0,1.0
物流,3.0,69.0,0.041666666666666664,0.9583333333333334
今晨,0.0,3.0,0.0,1.0
缺斤短两,0.0,9.0,0.0,1.0
事件,3.0,0.0,1.0,0.0
曹妃甸,0.0,3.0,0.0,1.0
通知,0.0,3.0,0.0,1.0
全球,0.0,3.0,0.0,1.0
控股,0.0,18.0,0.0,1.0
污染,3.0,33.0,0.08333333333333333,0.9166666666666666
很少,0.0,3.0,0.0,1.0
其中,0.0,27.0,0.0,1.0
经济圈,3.0,0.0,1.0,0.0
两个,0.0,3.0,0.0,1.0
历史,0.0,3.0,0.0,1.0
经贸,0.0,3.0,0.0,1.0
先生,0.0,6.0,0.0,1.0
运输成本,3.0,3.0,0.5,0.5
人大代表,0.0,3.0,0.0,1.0
应对,0.0,3.0,0.0,1.0
分,6.0,6.0,0.5,0.5
重大,2.0,9.0,0.18181818181818182,0.8181818181818182
签署,0.0,21.0,0.0,1.0
清澜港,3.0,0.0,1.0,0.0
退税,3.0,0.0,1.0,0.0
增强,0.0,12.0,0.0,1.0
0608,0.0,3.0,0.0,1.0
后,11.0,15.0,0.4230769230769231,0.5769230769230769
被困,9.0,0.0,1.0,0.0
航道,0.0,21.0,0.0,1.0
遥二,3.0,0.0,1.0,0.0
建议,3.0,0.0,1.0,0.0
力量,0.0,6.0,0.0,1.0
公安局,0.0,9.0,0.0,1.0
城市,0.0,3.0,0.0,1.0
不进,0.0,3.0,0.0,1.0
大型,0.0,6.0,0.0,1.0
张锐,0.0,3.0,0.0,1.0
俄罗斯,0.0,27.0,0.0,1.0
占,0.0,12.0,0.0,1.0
凸显,0.0,3.0,0.0,1.0
时,9.0,9.0,0.5,0.5
找,3.0,0.0,1.0,0.0
一部分,0.0,3.0,0.0,1.0
处置,0.0,6.0,0.0,1.0
22,0.0,6.0,0.0,1.0
版,0.0,3.0,0.0,1.0
唐,0.0,3.0,0.0,1.0
管理,0.0,3.0,0.0,1.0
办公室,0.0,9.0,0.0,1.0
受,0.0,3.0,0.0,1.0
大量,0.0,3.0,0.0,1.0
天,3.0,0.0,1.0,0.0
31,0.0,6.0,0.0,1.0
溢油,0.0,3.0,0.0,1.0
承担,0.0,12.0,0.0,1.0
煤,6.0,30.0,0.16666666666666666,0.8333333333333334
东疆,6.0,0.0,1.0,0.0
做强,0.0,3.0,0.0,1.0
消费结构,0.0,3.0,0.0,1.0
强,0.0,3.0,0.0,1.0
运营,0.0,18.0,0.0,1.0
世界各地,0.0,3.0,0.0,1.0
共,0.0,9.0,0.0,1.0
五号,3.0,0.0,1.0,0.0
摄自汽,0.0,3.0,0.0,1.0
180,3.0,3.0,0.5,0.5
爆发,0.0,3.0,0.0,1.0
47.9,0.0,3.0,0.0,1.0
集疏港,0.0,3.0,0.0,1.0
敲定,0.0,3.0,0.0,1.0
艘次,0.0,15.0,0.0,1.0
陆续,0.0,3.0,0.0,1.0
荣威,0.0,3.0,0.0,1.0
空气,0.0,3.0,0.0,1.0
接待,0.0,12.0,0.0,1.0
最高人民检察院,0.0,3.0,0.0,1.0
抓住,0.0,6.0,0.0,1.0
打下,0.0,3.0,0.0,1.0
这场,0.0,3.0,0.0,1.0
合练,3.0,0.0,1.0,0.0
提供,4.0,6.0,0.4,0.6
职务,0.0,3.0,0.0,1.0
一步,0.0,3.0,0.0,1.0
近日,0.0,3.0,0.0,1.0
有近,0.0,3.0,0.0,1.0
万辆次,0.0,9.0,0.0,1.0
蒙四省,3.0,0.0,1.0,0.0
两翼,0.0,3.0,0.0,1.0
空气质量,0.0,3.0,0.0,1.0
％,0.0,6.0,0.0,1.0
草原,3.0,0.0,1.0,0.0
化,0.0,3.0,0.0,1.0
区域,0.0,9.0,0.0,1.0
230,0.0,3.0,0.0,1.0
新型,0.0,6.0,0.0,1.0
服务,0.0,12.0,0.0,1.0
可以,0.0,6.0,0.0,1.0
便捷,0.0,6.0,0.0,1.0
制造,0.0,3.0,0.0,1.0
委还,0.0,3.0,0.0,1.0
40.7,0.0,3.0,0.0,1.0
多亏,3.0,0.0,1.0,0.0
交易价格,0.0,3.0,0.0,1.0
之际,3.0,0.0,1.0,0.0
无水,0.0,15.0,0.0,1.0
天津,0.0,66.0,0.0,1.0
梳理,0.0,6.0,0.0,1.0
有所,0.0,3.0,0.0,1.0
筹备组,0.0,3.0,0.0,1.0
中心站,0.0,3.0,0.0,1.0
观景,0.0,3.0,0.0,1.0
交通运输,0.0,15.0,0.0,1.0
打造,0.0,24.0,0.0,1.0
LOCAL201706121824000011681359161,0.0,3.0,0.0,1.0
部,0.0,3.0,0.0,1.0
消防官兵,3.0,0.0,1.0,0.0
第二发,3.0,0.0,1.0,0.0
孙埠,0.0,6.0,0.0,1.0
mediafile,0.0,3.0,0.0,1.0
）,6.0,54.0,0.1,0.9
环渤海,3.0,0.0,1.0,0.0
尾气,0.0,9.0,0.0,1.0
周边地区,0.0,6.0,0.0,1.0
550,0.0,6.0,0.0,1.0
正在,0.0,6.0,0.0,1.0
项,0.0,3.0,0.0,1.0
8,6.0,6.0,0.5,0.5
files,0.0,3.0,0.0,1.0
形成,0.0,9.0,0.0,1.0
凶猛,0.0,3.0,0.0,1.0
有效,0.0,3.0,0.0,1.0
摄影记者,0.0,3.0,0.0,1.0
备忘录,0.0,30.0,0.0,1.0
延伸,3.0,0.0,1.0,0.0
体验,3.0,0.0,1.0,0.0
京津,0.0,3.0,0.0,1.0
运入,0.0,3.0,0.0,1.0
联盟,0.0,3.0,0.0,1.0
一探,0.0,3.0,0.0,1.0
余起,0.0,3.0,0.0,1.0
信息,2.0,0.0,1.0,0.0
后续,0.0,6.0,0.0,1.0
身体,3.0,0.0,1.0,0.0
上半年,0.0,13.0,0.0,1.0
余条,2.0,0.0,1.0,0.0
正,0.0,6.0,0.0,1.0
崔蕴,6.0,0.0,1.0,0.0
一直,0.0,3.0,0.0,1.0
189297409,0.0,3.0,0.0,1.0
附近,3.0,3.0,0.5,0.5
本网,0.0,3.0,0.0,1.0
曾经,0.0,3.0,0.0,1.0
巡航,0.0,3.0,0.0,1.0
查处,0.0,3.0,0.0,1.0
波动,0.0,3.0,0.0,1.0
展销,0.0,3.0,0.0,1.0
船同,0.0,3.0,0.0,1.0
量,0.0,6.0,0.0,1.0
货车运输,0.0,6.0,0.0,1.0
仅,3.0,0.0,1.0,0.0
运输网络,0.0,3.0,0.0,1.0
通力合作,0.0,6.0,0.0,1.0
图片,3.0,3.0,0.5,0.5
起,0.0,3.0,0.0,1.0
渤海湾,0.0,3.0,0.0,1.0
第一次,3.0,0.0,1.0,0.0
雷诺,0.0,3.0,0.0,1.0
方圆,0.0,3.0,0.0,1.0
一度,3.0,0.0,1.0,0.0
整理,0.0,3.0,0.0,1.0
S90,0.0,3.0,0.0,1.0
地位,0.0,3.0,0.0,1.0
以此,0.0,3.0,0.0,1.0
布局,0.0,3.0,0.0,1.0
日晚,0.0,3.0,0.0,1.0
今天,0.0,3.0,0.0,1.0
现在,0.0,3.0,0.0,1.0
场,0.0,3.0,0.0,1.0
其后,0.0,3.0,0.0,1.0
实践,3.0,0.0,1.0,0.0
库存,0.0,6.0,0.0,1.0
叫停,0.0,6.0,0.0,1.0
业务,0.0,69.0,0.0,1.0
堆场,0.0,9.0,0.0,1.0
大陆桥,0.0,3.0,0.0,1.0
滚装,0.0,15.0,0.0,1.0
依法,0.0,3.0,0.0,1.0
牵手,0.0,6.0,0.0,1.0
化解,0.0,6.0,0.0,1.0
海铁,0.0,12.0,0.0,1.0
吞吐,0.0,9.0,0.0,1.0
一体,0.0,3.0,0.0,1.0
：,12.0,57.0,0.17391304347826086,0.8260869565217391
苫盖,0.0,9.0,0.0,1.0
中外合资,0.0,3.0,0.0,1.0
workercn,0.0,3.0,0.0,1.0
常态,0.0,3.0,0.0,1.0
下调,0.0,6.0,0.0,1.0
签,0.0,9.0,0.0,1.0
经理,0.0,3.0,0.0,1.0
产品,3.0,0.0,1.0,0.0
这次,3.0,0.0,1.0,0.0
协同效应,0.0,3.0,0.0,1.0
利用,0.0,3.0,0.0,1.0
获悉,0.0,6.0,0.0,1.0
主题,0.0,3.0,0.0,1.0
798,3.0,0.0,1.0,0.0
时代,0.0,6.0,0.0,1.0
1.04,0.0,3.0,0.0,1.0
前,0.0,15.0,0.0,1.0
回到,3.0,0.0,1.0,0.0
港,3.0,45.0,0.0625,0.9375
高速,0.0,3.0,0.0,1.0
或者,0.0,3.0,0.0,1.0
战略,0.0,15.0,0.0,1.0
签订,0.0,3.0,0.0,1.0
地面,0.0,3.0,0.0,1.0
仓储,3.0,3.0,0.5,0.5
品牌,0.0,9.0,0.0,1.0
围绕,0.0,3.0,0.0,1.0
显示,0.0,4.0,0.0,1.0
7533,3.0,0.0,1.0,0.0
转型,0.0,6.0,0.0,1.0
坑洼,0.0,3.0,0.0,1.0
船歌,3.0,0.0,1.0,0.0
结构,0.0,12.0,0.0,1.0
瑞海,3.0,0.0,1.0,0.0
项目,3.0,3.0,0.5,0.5
142,0.0,3.0,0.0,1.0
党委书记,0.0,6.0,0.0,1.0
吞吐量,0.0,48.0,0.0,1.0
两港,0.0,6.0,0.0,1.0
大幅,0.0,9.0,0.0,1.0
装卸,0.0,36.0,0.0,1.0
节约,3.0,0.0,1.0,0.0
率,0.0,3.0,0.0,1.0
依靠,0.0,6.0,0.0,1.0
区间,0.0,3.0,0.0,1.0
多个,2.0,6.0,0.25,0.75
巨大变化,0.0,3.0,0.0,1.0
发生,5.0,6.0,0.45454545454545453,0.5454545454545454
实现,0.0,21.0,0.0,1.0
熟悉,3.0,0.0,1.0,0.0
825,0.0,3.0,0.0,1.0
方案,0.0,12.0,0.0,1.0
航运业,0.0,3.0,0.0,1.0
分析,0.0,6.0,0.0,1.0
通过,2.0,24.0,0.07692307692307693,0.9230769230769231
海涛,9.0,0.0,1.0,0.0
核心,0.0,9.0,0.0,1.0
5600,0.0,3.0,0.0,1.0
货物,6.0,24.0,0.2,0.8
两,3.0,6.0,0.3333333333333333,0.6666666666666666
高,3.0,3.0,0.5,0.5
一处,0.0,3.0,0.0,1.0
进一步,0.0,18.0,0.0,1.0
经济,0.0,18.0,0.0,1.0
着火点,0.0,3.0,0.0,1.0
深水,0.0,3.0,0.0,1.0
比例,0.0,6.0,0.0,1.0
竞争力,0.0,15.0,0.0,1.0
集团公司,0.0,3.0,0.0,1.0
6,0.0,30.0,0.0,1.0
存放,0.0,15.0,0.0,1.0
铁矿,0.0,3.0,0.0,1.0
逐步,0.0,3.0,0.0,1.0
附属,0.0,6.0,0.0,1.0
车位,0.0,3.0,0.0,1.0
最终,0.0,3.0,0.0,1.0
调配,0.0,3.0,0.0,1.0
特色,0.0,3.0,0.0,1.0
周小飏,0.0,3.0,0.0,1.0
全,0.0,6.0,0.0,1.0
其,3.0,18.0,0.14285714285714285,0.8571428571428571
进行,0.0,21.0,0.0,1.0
回流,0.0,6.0,0.0,1.0
覆盖,0.0,3.0,0.0,1.0
保驾护航,0.0,3.0,0.0,1.0
潮水,3.0,0.0,1.0,0.0
运量,0.0,31.0,0.0,1.0
仍,0.0,9.0,0.0,1.0
cn,0.0,24.0,0.0,1.0
发布公告,0.0,3.0,0.0,1.0
架次,0.0,3.0,0.0,1.0
多来,0.0,3.0,0.0,1.0
优化,0.0,24.0,0.0,1.0
航空,0.0,12.0,0.0,1.0
便,3.0,0.0,1.0,0.0
港区,0.0,21.0,0.0,1.0
幸运,6.0,0.0,1.0,0.0
people,0.0,15.0,0.0,1.0
设备,0.0,3.0,0.0,1.0
深度,0.0,6.0,0.0,1.0
最近,0.0,3.0,0.0,1.0
全资,0.0,3.0,0.0,1.0
收购,0.0,9.0,0.0,1.0
自治区,0.0,3.0,0.0,1.0
未来,0.0,9.0,0.0,1.0
模式,0.0,6.0,0.0,1.0
月底,0.0,9.0,0.0,1.0
整车,0.0,3.0,0.0,1.0
参,0.0,3.0,0.0,1.0
认为,0.0,3.0,0.0,1.0
0.87,0.0,3.0,0.0,1.0
进出港,0.0,3.0,0.0,1.0
首条,0.0,9.0,0.0,1.0
清,0.0,6.0,0.0,1.0
先进,0.0,9.0,0.0,1.0
部长,0.0,9.0,0.0,1.0
存在,0.0,3.0,0.0,1.0
行,0.0,6.0,0.0,1.0
深入,0.0,3.0,0.0,1.0
绿色,0.0,6.0,0.0,1.0
火灾,5.0,6.0,0.45454545454545453,0.5454545454545454
创新,0.0,6.0,0.0,1.0
自由,0.0,3.0,0.0,1.0
多,0.0,6.0,0.0,1.0
不仅,0.0,3.0,0.0,1.0
重型,0.0,3.0,0.0,1.0
园,0.0,3.0,0.0,1.0
细分,0.0,3.0,0.0,1.0
年内,0.0,3.0,0.0,1.0
划分,0.0,3.0,0.0,1.0
包括,0.0,6.0,0.0,1.0
几十年,0.0,3.0,0.0,1.0
介绍,0.0,9.0,0.0,1.0
直接,3.0,6.0,0.3333333333333333,0.6666666666666666
津,0.0,3.0,0.0,1.0
张瑞元,0.0,3.0,0.0,1.0
据,0.0,12.0,0.0,1.0
一滴,3.0,0.0,1.0,0.0
工作人员,0.0,3.0,0.0,1.0
辆,3.0,0.0,1.0,0.0
接报,3.0,0.0,1.0,0.0
指导,0.0,3.0,0.0,1.0
海滩,6.0,0.0,1.0,0.0
经过努力,3.0,0.0,1.0,0.0
禁止,0.0,12.0,0.0,1.0
出售,0.0,6.0,0.0,1.0
安吉,0.0,15.0,0.0,1.0
股,0.0,3.0,0.0,1.0
商贸,0.0,18.0,0.0,1.0
世界,0.0,12.0,0.0,1.0
上海,0.0,3.0,0.0,1.0
投资,0.0,6.0,0.0,1.0
施工,0.0,6.0,0.0,1.0
几年,0.0,3.0,0.0,1.0
带来,0.0,6.0,0.0,1.0
实施,0.0,6.0,0.0,1.0
资产,0.0,18.0,0.0,1.0
减少,0.0,9.0,0.0,1.0
据统计,0.0,3.0,0.0,1.0
定位,0.0,9.0,0.0,1.0
日电,0.0,9.0,0.0,1.0
4852,0.0,3.0,0.0,1.0
回报,0.0,3.0,0.0,1.0
负责,0.0,3.0,0.0,1.0
接到,3.0,3.0,0.5,0.5
建立,0.0,3.0,0.0,1.0
商,0.0,3.0,0.0,1.0
副总裁,0.0,3.0,0.0,1.0
多次,3.0,3.0,0.5,0.5
hqpick,0.0,3.0,0.0,1.0
去年,0.0,6.0,0.0,1.0
于汝民,0.0,12.0,0.0,1.0
即期,0.0,3.0,0.0,1.0
提高,0.0,3.0,0.0,1.0
重组,0.0,9.0,0.0,1.0
主任,0.0,3.0,0.0,1.0
重点项目,0.0,3.0,0.0,1.0
eastmoney,0.0,3.0,0.0,1.0
鲜明,0.0,3.0,0.0,1.0
建造,0.0,6.0,0.0,1.0
张家口,3.0,0.0,1.0,0.0
下,0.0,15.0,0.0,1.0
过境,0.0,15.0,0.0,1.0
上市公司,0.0,18.0,0.0,1.0
港口,0.0,109.0,0.0,1.0
飞行,0.0,6.0,0.0,1.0
收入,0.0,9.0,0.0,1.0
情况,0.0,18.0,0.0,1.0
pic,0.0,3.0,0.0,1.0
测试,3.0,0.0,1.0,0.0
代理,0.0,3.0,0.0,1.0
、,35.0,198.0,0.15021459227467812,0.8497854077253219
不可避免,0.0,3.0,0.0,1.0
迎来,0.0,3.0,0.0,1.0
一个,0.0,3.0,0.0,1.0
钢,0.0,3.0,0.0,1.0
组织,0.0,6.0,0.0,1.0
但,3.0,3.0,0.5,0.5
两人,3.0,0.0,1.0,0.0
船,0.0,3.0,0.0,1.0
万元,2.0,0.0,1.0,0.0
阻拦,3.0,0.0,1.0,0.0
咨询电话,2.0,0.0,1.0,0.0
夜间,0.0,3.0,0.0,1.0
南疆,0.0,9.0,0.0,1.0
已成,0.0,3.0,0.0,1.0
截断,3.0,0.0,1.0,0.0
受伤,3.0,0.0,1.0,0.0
距离,0.0,3.0,0.0,1.0
地处,3.0,0.0,1.0,0.0
重要,6.0,9.0,0.4,0.6
贡献,0.0,6.0,0.0,1.0
扮演着,3.0,0.0,1.0,0.0
激增,0.0,6.0,0.0,1.0
内贸,0.0,3.0,0.0,1.0
1050,0.0,3.0,0.0,1.0
董事长,0.0,12.0,0.0,1.0
通关,3.0,0.0,1.0,0.0
16,6.0,9.0,0.4,0.6
尚无,0.0,6.0,0.0,1.0
塌方,3.0,0.0,1.0,0.0
纸制品,0.0,6.0,0.0,1.0
柴油,0.0,9.0,0.0,1.0
计划,0.0,6.0,0.0,1.0
老港,0.0,6.0,0.0,1.0
73.1,0.0,3.0,0.0,1.0
没想到,0.0,3.0,0.0,1.0
600,2.0,0.0,1.0,0.0
自贸区,0.0,6.0,0.0,1.0
2,0.0,6.0,0.0,1.0
层级,0.0,3.0,0.0,1.0
变动,0.0,3.0,0.0,1.0
政策,0.0,3.0,0.0,1.0
着火,0.0,9.0,0.0,1.0
@,0.0,3.0,0.0,1.0
求助,3.0,0.0,1.0,0.0
两地,0.0,9.0,0.0,1.0
来到,0.0,6.0,0.0,1.0
五洲,0.0,3.0,0.0,1.0
受损,3.0,0.0,1.0,0.0
6000,0.0,3.0,0.0,1.0
内陆,3.0,6.0,0.3333333333333333,0.6666666666666666
内蒙古,3.0,0.0,1.0,0.0
杨亮,0.0,3.0,0.0,1.0
赵晓雯,0.0,9.0,0.0,1.0
沃尔沃,0.0,3.0,0.0,1.0
评级,0.0,3.0,0.0,1.0
完备,0.0,3.0,0.0,1.0
业务收入,0.0,6.0,0.0,1.0
操作,6.0,6.0,0.5,0.5
一周年,3.0,0.0,1.0,0.0
市场,0.0,15.0,0.0,1.0
铁矿石,0.0,9.0,0.0,1.0
作业,0.0,3.0,0.0,1.0
接收,0.0,18.0,0.0,1.0
纸业公司,0.0,3.0,0.0,1.0
枢纽,0.0,3.0,0.0,1.0
解答,2.0,0.0,1.0,0.0
紧急,3.0,0.0,1.0,0.0
资本运作,0.0,3.0,0.0,1.0
<,0.0,30.0,0.0,1.0
sinaimg,0.0,6.0,0.0,1.0
不用,0.0,9.0,0.0,1.0
突出,0.0,3.0,0.0,1.0
大幅度,0.0,3.0,0.0,1.0
一律,0.0,3.0,0.0,1.0
上升,0.0,6.0,0.0,1.0
旅游,6.0,0.0,1.0,0.0
正式,0.0,9.0,0.0,1.0
防波堤,9.0,0.0,1.0,0.0
com,0.0,21.0,0.0,1.0
法律顾问,0.0,3.0,0.0,1.0
便宜,3.0,0.0,1.0,0.0
交警支队,0.0,3.0,0.0,1.0
公路,0.0,12.0,0.0,1.0
启动,0.0,3.0,0.0,1.0
一,3.0,9.0,0.25,0.75
北京铁路局,0.0,6.0,0.0,1.0
加,0.0,3.0,0.0,1.0
控购,0.0,3.0,0.0,1.0
今年,0.0,36.0,0.0,1.0
车辆,0.0,9.0,0.0,1.0
市场份额,0.0,4.0,0.0,1.0
省市,0.0,3.0,0.0,1.0
进口,6.0,15.0,0.2857142857142857,0.7142857142857143
国投,0.0,6.0,0.0,1.0
压力,0.0,3.0,0.0,1.0
全部,0.0,9.0,0.0,1.0
约,6.0,12.0,0.3333333333333333,0.6666666666666666
原因,0.0,9.0,0.0,1.0
上汽,0.0,3.0,0.0,1.0
修复,3.0,0.0,1.0,0.0
双向,0.0,3.0,0.0,1.0
采取,0.0,3.0,0.0,1.0
有利于,0.0,3.0,0.0,1.0
号,6.0,3.0,0.6666666666666666,0.3333333333333333
成为,3.0,15.0,0.16666666666666666,0.8333333333333334
牢牢,0.0,3.0,0.0,1.0
不断,0.0,3.0,0.0,1.0
2015,6.0,3.0,0.6666666666666666,0.3333333333333333
诗坤,3.0,0.0,1.0,0.0
可,0.0,6.0,0.0,1.0
1.1,0.0,6.0,0.0,1.0
可达,0.0,3.0,0.0,1.0
基于,0.0,3.0,0.0,1.0
增,0.0,3.0,0.0,1.0
视觉,0.0,3.0,0.0,1.0
日讯,0.0,6.0,0.0,1.0
30,12.0,12.0,0.5,0.5
‘,0.0,3.0,0.0,1.0
处于,0.0,3.0,0.0,1.0
筹划,0.0,3.0,0.0,1.0
数据,0.0,7.0,0.0,1.0
参事,0.0,3.0,0.0,1.0
班子,3.0,0.0,1.0,0.0
除此之外,0.0,3.0,0.0,1.0
发布,0.0,3.0,0.0,1.0
圆满完成,3.0,0.0,1.0,0.0
深水港,0.0,3.0,0.0,1.0
无,3.0,0.0,1.0,0.0
接听,2.0,0.0,1.0,0.0
比重,0.0,3.0,0.0,1.0
航道局,0.0,3.0,0.0,1.0
事项,0.0,6.0,0.0,1.0
核心区,0.0,6.0,0.0,1.0
扑灭,0.0,3.0,0.0,1.0
停牌,0.0,3.0,0.0,1.0
进港,0.0,9.0,0.0,1.0
伤员,4.0,0.0,1.0,0.0
歌,3.0,0.0,1.0,0.0
重点,0.0,9.0,0.0,1.0
大,3.0,18.0,0.14285714285714285,0.8571428571428571
出口,3.0,3.0,0.5,0.5
26,0.0,21.0,0.0,1.0
200,0.0,9.0,0.0,1.0
区,3.0,0.0,1.0,0.0
28,0.0,3.0,0.0,1.0
粮食,0.0,3.0,0.0,1.0
转运,0.0,9.0,0.0,1.0
诗达,6.0,0.0,1.0,0.0
成本,5.0,3.0,0.625,0.375
尹,3.0,0.0,1.0,0.0
陶建,0.0,9.0,0.0,1.0
撮合,0.0,6.0,0.0,1.0
再用,0.0,3.0,0.0,1.0
率先,0.0,3.0,0.0,1.0
资源整合,0.0,3.0,0.0,1.0
设立,0.0,3.0,0.0,1.0
提质,0.0,3.0,0.0,1.0
消防支队,9.0,0.0,1.0,0.0
简单,3.0,0.0,1.0,0.0
从试,0.0,3.0,0.0,1.0
相当于,0.0,3.0,0.0,1.0
雄安,0.0,6.0,0.0,1.0
融入,0.0,3.0,0.0,1.0
很多,3.0,0.0,1.0,0.0
里程,0.0,3.0,0.0,1.0
同样,0.0,3.0,0.0,1.0
符拉迪沃斯托克,0.0,18.0,0.0,1.0
基地,3.0,3.0,0.5,0.5
太原,0.0,3.0,0.0,1.0
坐镇,3.0,0.0,1.0,0.0
要求,0.0,3.0,0.0,1.0
快速增长,0.0,6.0,0.0,1.0
470,0.0,3.0,0.0,1.0
录,0.0,9.0,0.0,1.0
.,0.0,102.0,0.0,1.0
至此,0.0,3.0,0.0,1.0
内一,0.0,3.0,0.0,1.0
决定,0.0,3.0,0.0,1.0
最大,0.0,30.0,0.0,1.0
子行,0.0,3.0,0.0,1.0
被,3.0,18.0,0.14285714285714285,0.8571428571428571
9,0.0,9.0,0.0,1.0
关注,3.0,3.0,0.5,0.5
召开,0.0,6.0,0.0,1.0
亮,0.0,3.0,0.0,1.0
白俄罗斯,0.0,3.0,0.0,1.0
衔接,0.0,3.0,0.0,1.0
较大,0.0,6.0,0.0,1.0
ww1,0.0,3.0,0.0,1.0
记者,3.0,24.0,0.1111111111111111,0.8888888888888888
两名,3.0,0.0,1.0,0.0
指标,0.0,3.0,0.0,1.0
｜,0.0,3.0,0.0,1.0
手续,3.0,0.0,1.0,0.0
除了,0.0,3.0,0.0,1.0
陷入,3.0,0.0,1.0,0.0
辞职报告,0.0,3.0,0.0,1.0
政府,0.0,6.0,0.0,1.0
大气污染,0.0,6.0,0.0,1.0
轮,0.0,3.0,0.0,1.0
人力,0.0,3.0,0.0,1.0
受贿罪,0.0,9.0,0.0,1.0
喷淋,0.0,3.0,0.0,1.0
股东,0.0,27.0,0.0,1.0
各自,0.0,3.0,0.0,1.0
两艘,0.0,3.0,0.0,1.0
余雷,0.0,3.0,0.0,1.0
双创,0.0,3.0,0.0,1.0
较,0.0,6.0,0.0,1.0
良性,0.0,3.0,0.0,1.0
公路运输,0.0,21.0,0.0,1.0
人民网,0.0,6.0,0.0,1.0
距,6.0,0.0,1.0,0.0
元,0.0,9.0,0.0,1.0
局面,0.0,3.0,0.0,1.0
160.3,0.0,3.0,0.0,1.0
成就,0.0,3.0,0.0,1.0
宫伟,3.0,0.0,1.0,0.0
走廊,0.0,6.0,0.0,1.0
陆上,0.0,9.0,0.0,1.0
燃起,0.0,6.0,0.0,1.0
月份,0.0,9.0,0.0,1.0
到,9.0,10.0,0.47368421052631576,0.5263157894736842
火苗,0.0,3.0,0.0,1.0
不少,0.0,3.0,0.0,1.0
刘凝哲,3.0,0.0,1.0,0.0
拥有,0.0,9.0,0.0,1.0
良好基础,0.0,6.0,0.0,1.0
零星,0.0,3.0,0.0,1.0
宽,3.0,0.0,1.0,0.0
世界排名,0.0,6.0,0.0,1.0
渤海,0.0,3.0,0.0,1.0
超过,0.0,6.0,0.0,1.0
标准箱,0.0,12.0,0.0,1.0
165,3.0,3.0,0.5,0.5
一带,0.0,12.0,0.0,1.0
通衢,3.0,0.0,1.0,0.0
十八号,3.0,0.0,1.0,0.0
委与市,0.0,3.0,0.0,1.0
称,3.0,3.0,0.5,0.5
药膏,4.0,0.0,1.0,0.0
检察院,0.0,3.0,0.0,1.0
tj,0.0,12.0,0.0,1.0
做,3.0,9.0,0.25,0.75
行情,0.0,13.0,0.0,1.0
利于,0.0,3.0,0.0,1.0
新区,0.0,12.0,0.0,1.0
范围,0.0,6.0,0.0,1.0
能,3.0,0.0,1.0,0.0
国外,3.0,0.0,1.0,0.0
申请,0.0,3.0,0.0,1.0
6007171,0.0,3.0,0.0,1.0
晋,3.0,0.0,1.0,0.0
大火,0.0,9.0,0.0,1.0
中,3.0,27.0,0.1,0.9
istocknews,0.0,3.0,0.0,1.0
影响,0.0,18.0,0.0,1.0
公安,9.0,0.0,1.0,0.0
收到,0.0,3.0,0.0,1.0
高效,0.0,6.0,0.0,1.0
携手,0.0,3.0,0.0,1.0
秘书科,0.0,3.0,0.0,1.0
56.81,0.0,3.0,0.0,1.0
得到,0.0,9.0,0.0,1.0
受限,0.0,3.0,0.0,1.0
持续,0.0,6.0,0.0,1.0
统筹,0.0,3.0,0.0,1.0
《,0.0,6.0,0.0,1.0
业内人士,0.0,3.0,0.0,1.0
4770,0.0,3.0,0.0,1.0
2101,0.0,3.0,0.0,1.0
多公里,3.0,0.0,1.0,0.0
今年以来,0.0,9.0,0.0,1.0
东北亚,0.0,3.0,0.0,1.0
短期内,0.0,3.0,0.0,1.0
3000,3.0,3.0,0.5,0.5
海上,0.0,30.0,0.0,1.0
宇,0.0,3.0,0.0,1.0
黄兴国,3.0,0.0,1.0,0.0
分别,0.0,12.0,0.0,1.0
开端,0.0,3.0,0.0,1.0
办理,3.0,0.0,1.0,0.0
一定,0.0,9.0,0.0,1.0
总,0.0,3.0,0.0,1.0
靠泊,0.0,3.0,0.0,1.0
之地,3.0,0.0,1.0,0.0
交易,0.0,3.0,0.0,1.0
快速,0.0,6.0,0.0,1.0
股东大会,0.0,6.0,0.0,1.0
通航,0.0,6.0,0.0,1.0
幢,3.0,0.0,1.0,0.0
运煤,0.0,51.0,0.0,1.0
环保部,3.0,3.0,0.5,0.5
空旷,0.0,3.0,0.0,1.0
推进,3.0,9.0,0.25,0.75
国内,0.0,15.0,0.0,1.0
分拨,0.0,3.0,0.0,1.0
71.5,0.0,3.0,0.0,1.0
坚实基础,0.0,3.0,0.0,1.0
封关,3.0,0.0,1.0,0.0
多年,0.0,3.0,0.0,1.0
国内外,0.0,3.0,0.0,1.0
室主任,0.0,3.0,0.0,1.0
涨跌,0.0,3.0,0.0,1.0
决策,0.0,3.0,0.0,1.0
?,3.0,0.0,1.0,0.0
为,4.0,51.0,0.07272727272727272,0.9272727272727272
文昌,6.0,0.0,1.0,0.0
逾,0.0,6.0,0.0,1.0
板块,0.0,12.0,0.0,1.0
停止,0.0,9.0,0.0,1.0
相关,0.0,15.0,0.0,1.0
电,3.0,0.0,1.0,0.0
印象,0.0,3.0,0.0,1.0
以后,0.0,6.0,0.0,1.0
盈利,0.0,3.0,0.0,1.0
面貌,0.0,3.0,0.0,1.0
利润,0.0,3.0,0.0,1.0
事故,5.0,0.0,1.0,0.0
油,3.0,0.0,1.0,0.0
包含,0.0,3.0,0.0,1.0
大力发展,0.0,3.0,0.0,1.0
向,0.0,12.0,0.0,1.0
西北,3.0,0.0,1.0,0.0
不能,0.0,3.0,0.0,1.0
山港,0.0,3.0,0.0,1.0
第一,0.0,3.0,0.0,1.0
欧洲,0.0,3.0,0.0,1.0
得以,0.0,6.0,0.0,1.0
角色,3.0,0.0,1.0,0.0
很,0.0,3.0,0.0,1.0
基本,0.0,9.0,0.0,1.0
其他,0.0,3.0,0.0,1.0
向北,0.0,3.0,0.0,1.0
开发,0.0,3.0,0.0,1.0
首航,0.0,6.0,0.0,1.0
27,0.0,3.0,0.0,1.0
关系,0.0,3.0,0.0,1.0
主要,0.0,15.0,0.0,1.0
潘法,3.0,0.0,1.0,0.0
装载,0.0,3.0,0.0,1.0
委与,0.0,3.0,0.0,1.0
大厦,0.0,3.0,0.0,1.0
在此期间,0.0,3.0,0.0,1.0
600717,6.0,13.0,0.3157894736842105,0.6842105263157895
translate,0.0,3.0,0.0,1.0
相当,0.0,3.0,0.0,1.0
网,0.0,15.0,0.0,1.0
商向,0.0,3.0,0.0,1.0
自,0.0,6.0,0.0,1.0
35,0.0,6.0,0.0,1.0
举措,0.0,3.0,0.0,1.0
长轴距,0.0,3.0,0.0,1.0
预计,0.0,12.0,0.0,1.0
整个,0.0,6.0,0.0,1.0
市场部,0.0,3.0,0.0,1.0
万,0.0,9.0,0.0,1.0
聚集,0.0,3.0,0.0,1.0
矿石,0.0,3.0,0.0,1.0
救起,3.0,0.0,1.0,0.0
高能,3.0,0.0,1.0,0.0
充分发挥,0.0,3.0,0.0,1.0
),0.0,37.0,0.0,1.0
营业,0.0,9.0,0.0,1.0
地区,0.0,15.0,0.0,1.0
高层,0.0,3.0,0.0,1.0
把,3.0,0.0,1.0,0.0
北疆,0.0,3.0,0.0,1.0
方便,0.0,3.0,0.0,1.0
国家,0.0,18.0,0.0,1.0
经管,0.0,3.0,0.0,1.0
已有,0.0,3.0,0.0,1.0
接,3.0,0.0,1.0,0.0
中交,0.0,3.0,0.0,1.0
企业,0.0,12.0,0.0,1.0
最新,0.0,7.0,0.0,1.0
人员,3.0,0.0,1.0,0.0
天威,0.0,3.0,0.0,1.0
2014,3.0,6.0,0.3333333333333333,0.6666666666666666
劳动模范,0.0,3.0,0.0,1.0
2017,0.0,39.0,0.0,1.0
29,0.0,3.0,0.0,1.0
首个,0.0,3.0,0.0,1.0
直达,0.0,3.0,0.0,1.0
节点,3.0,3.0,0.5,0.5
明知,3.0,0.0,1.0,0.0
散货,0.0,27.0,0.0,1.0
七号,3.0,0.0,1.0,0.0
；,3.0,15.0,0.16666666666666666,0.8333333333333334
保税,6.0,0.0,1.0,0.0
增加,0.0,9.0,0.0,1.0
17,0.0,3.0,0.0,1.0
顺利,0.0,3.0,0.0,1.0
口径,0.0,3.0,0.0,1.0
讨论,0.0,3.0,0.0,1.0
23,3.0,6.0,0.3333333333333333,0.6666666666666666
大大,0.0,9.0,0.0,1.0
汽车品牌,0.0,3.0,0.0,1.0
36,8.0,0.0,1.0,0.0
受到,0.0,3.0,0.0,1.0
失踪,3.0,0.0,1.0,0.0
66.3,0.0,3.0,0.0,1.0
100,0.0,9.0,0.0,1.0
救援,0.0,9.0,0.0,1.0
土壤,3.0,0.0,1.0,0.0
来源,0.0,12.0,0.0,1.0
扬尘,0.0,6.0,0.0,1.0
辞去,0.0,3.0,0.0,1.0
路,3.0,0.0,1.0,0.0
五,6.0,0.0,1.0,0.0
豪华轿车,0.0,3.0,0.0,1.0
55000,0.0,3.0,0.0,1.0
小幅,0.0,3.0,0.0,1.0
天津市,3.0,21.0,0.125,0.875
2300,2.0,0.0,1.0,0.0
船运,3.0,0.0,1.0,0.0
媒体报道,0.0,3.0,0.0,1.0
北方,0.0,31.0,0.0,1.0
试运行,0.0,3.0,0.0,1.0
保证,0.0,3.0,0.0,1.0
\,3.0,0.0,1.0,0.0
http,0.0,30.0,0.0,1.0
后方,0.0,6.0,0.0,1.0
负增长,0.0,3.0,0.0,1.0
翼,0.0,3.0,0.0,1.0
直线,0.0,3.0,0.0,1.0
一站式,3.0,0.0,1.0,0.0
火势,0.0,3.0,0.0,1.0
同时,0.0,9.0,0.0,1.0
通用,0.0,3.0,0.0,1.0
等级,0.0,6.0,0.0,1.0
部副,0.0,6.0,0.0,1.0
接待量,0.0,3.0,0.0,1.0
15,0.0,3.0,0.0,1.0
 ,81.0,201.0,0.2872340425531915,0.7127659574468085
曾任,0.0,3.0,0.0,1.0
发现,3.0,0.0,1.0,0.0
双出,0.0,3.0,0.0,1.0
领域,0.0,3.0,0.0,1.0
巴西,0.0,9.0,0.0,1.0
海外,0.0,3.0,0.0,1.0
提前,0.0,9.0,0.0,1.0
据此,0.0,3.0,0.0,1.0
发,0.0,4.0,0.0,1.0
一半,0.0,3.0,0.0,1.0
建设,0.0,51.0,0.0,1.0
仍然,3.0,0.0,1.0,0.0
船次,0.0,6.0,0.0,1.0
以来,0.0,3.0,0.0,1.0
企发,0.0,3.0,0.0,1.0
功能,3.0,6.0,0.3333333333333333,0.6666666666666666
道德,6.0,0.0,1.0,0.0
两年,0.0,3.0,0.0,1.0
内,2.0,21.0,0.08695652173913043,0.9130434782608695
区内,0.0,3.0,0.0,1.0
泊位,0.0,3.0,0.0,1.0
不再,0.0,12.0,0.0,1.0
【,3.0,3.0,0.5,0.5
900,0.0,3.0,0.0,1.0
jpg,0.0,21.0,0.0,1.0
再,3.0,0.0,1.0,0.0
大队,6.0,0.0,1.0,0.0
夯实,0.0,6.0,0.0,1.0
保障,0.0,3.0,0.0,1.0
1450,0.0,3.0,0.0,1.0
LOCAL2017061218240002,0.0,3.0,0.0,1.0
》,0.0,6.0,0.0,1.0
铁路局,0.0,6.0,0.0,1.0
审议,0.0,3.0,0.0,1.0
林肯,0.0,3.0,0.0,1.0
作为,0.0,9.0,0.0,1.0
董事会,0.0,9.0,0.0,1.0
钢材,0.0,3.0,0.0,1.0
竞争,0.0,21.0,0.0,1.0
截至,0.0,3.0,0.0,1.0
变化,3.0,3.0,0.5,0.5
万辆,0.0,9.0,0.0,1.0
目前,0.0,3.0,0.0,1.0
航线,0.0,9.0,0.0,1.0
优做,0.0,3.0,0.0,1.0
持有,0.0,12.0,0.0,1.0
调整,0.0,9.0,0.0,1.0
远东地区,0.0,6.0,0.0,1.0
母港,0.0,6.0,0.0,1.0
煤炭,0.0,133.0,0.0,1.0
公告,0.0,12.0,0.0,1.0
世纪,0.0,9.0,0.0,1.0
起点,0.0,6.0,0.0,1.0
制造商,0.0,3.0,0.0,1.0
人力资源部,0.0,3.0,0.0,1.0
开启,3.0,6.0,0.3333333333333333,0.6666666666666666
采用,0.0,9.0,0.0,1.0
金桥,0.0,9.0,0.0,1.0
大港,0.0,6.0,0.0,1.0
支付现金,0.0,3.0,0.0,1.0
散杂货,0.0,6.0,0.0,1.0
满洲里,0.0,3.0,0.0,1.0
支点,0.0,6.0,0.0,1.0
k,0.0,3.0,0.0,1.0
连接,3.0,3.0,0.5,0.5
根据,0.0,21.0,0.0,1.0
升级,0.0,9.0,0.0,1.0
现实,0.0,3.0,0.0,1.0
长五,3.0,0.0,1.0,0.0
状况,3.0,0.0,1.0,0.0
vHxq,0.0,3.0,0.0,1.0
唯独,0.0,3.0,0.0,1.0
万人次,0.0,9.0,0.0,1.0
html,0.0,3.0,0.0,1.0
正义网,0.0,3.0,0.0,1.0
外轮,0.0,3.0,0.0,1.0
赤峰,3.0,0.0,1.0,0.0
大连,0.0,3.0,0.0,1.0
卡口,0.0,3.0,0.0,1.0
招商,0.0,3.0,0.0,1.0
沧州,0.0,3.0,0.0,1.0
全国,6.0,12.0,0.3333333333333333,0.6666666666666666
晚间,0.0,3.0,0.0,1.0
名,3.0,0.0,1.0,0.0
因涉嫌,0.0,3.0,0.0,1.0
控股公司,0.0,3.0,0.0,1.0
为了,0.0,3.0,0.0,1.0
设施,0.0,3.0,0.0,1.0
津保,0.0,3.0,0.0,1.0
开挖,0.0,3.0,0.0,1.0
跨境,0.0,9.0,0.0,1.0
副,0.0,6.0,0.0,1.0
我国,0.0,21.0,0.0,1.0
首批,0.0,3.0,0.0,1.0
全年,0.0,9.0,0.0,1.0
卸下,0.0,3.0,0.0,1.0
国际航运,0.0,9.0,0.0,1.0
同业,0.0,21.0,0.0,1.0
京,3.0,6.0,0.3333333333333333,0.6666666666666666
沿海,0.0,6.0,0.0,1.0
最高,0.0,6.0,0.0,1.0
之重,0.0,3.0,0.0,1.0
宣传,0.0,3.0,0.0,1.0
万吨级,0.0,6.0,0.0,1.0
机遇期,0.0,6.0,0.0,1.0
协助,0.0,3.0,0.0,1.0
13.8,0.0,3.0,0.0,1.0
烟台,0.0,3.0,0.0,1.0
已,3.0,9.0,0.25,0.75
防治,0.0,6.0,0.0,1.0
研,3.0,0.0,1.0,0.0
长征,6.0,0.0,1.0,0.0
精心,0.0,3.0,0.0,1.0
沿海港口,0.0,3.0,0.0,1.0
监控,0.0,15.0,0.0,1.0
对外,0.0,3.0,0.0,1.0
正局级,0.0,3.0,0.0,1.0
科长,0.0,3.0,0.0,1.0
万吨,0.0,42.0,0.0,1.0
黄,0.0,3.0,0.0,1.0
3,0.0,9.0,0.0,1.0
运行,3.0,0.0,1.0,0.0
系统,3.0,3.0,0.5,0.5
余班,0.0,6.0,0.0,1.0
旅客,3.0,18.0,0.14285714285714285,0.8571428571428571
~,0.0,3.0,0.0,1.0
摄,0.0,6.0,0.0,1.0
贸易往来,0.0,3.0,0.0,1.0
加工,3.0,3.0,0.5,0.5
20170529,0.0,3.0,0.0,1.0
数量,0.0,6.0,0.0,1.0
邮轮,9.0,24.0,0.2727272727272727,0.7272727272727273
规定,0.0,3.0,0.0,1.0
专业化,0.0,3.0,0.0,1.0
称其,0.0,3.0,0.0,1.0
还,3.0,3.0,0.5,0.5
保持,0.0,6.0,0.0,1.0
问题,2.0,12.0,0.14285714285714285,0.8571428571428571
启用,0.0,6.0,0.0,1.0
准备,3.0,0.0,1.0,0.0
高达,0.0,3.0,0.0,1.0
目标,0.0,6.0,0.0,1.0
队,6.0,0.0,1.0,0.0
维护,0.0,3.0,0.0,1.0
并,0.0,6.0,0.0,1.0
环境,3.0,9.0,0.25,0.75
基础性,0.0,3.0,0.0,1.0
每股,0.0,3.0,0.0,1.0
合理,0.0,3.0,0.0,1.0
熊熊大火,0.0,3.0,0.0,1.0
在,20.0,88.0,0.18518518518518517,0.8148148148148148
阿拉山口,0.0,3.0,0.0,1.0
自主,0.0,3.0,0.0,1.0
赶海,3.0,0.0,1.0,0.0
19,0.0,6.0,0.0,1.0
整整,0.0,3.0,0.0,1.0
净利润,0.0,6.0,0.0,1.0
信号,0.0,3.0,0.0,1.0
试运营,0.0,3.0,0.0,1.0
2020,0.0,3.0,0.0,1.0
次,0.0,3.0,0.0,1.0
fyhneam2902169,0.0,3.0,0.0,1.0
危险品,3.0,0.0,1.0,0.0
迈出,0.0,3.0,0.0,1.0
功能定位,0.0,3.0,0.0,1.0
这个,3.0,0.0,1.0,0.0
检察机关,0.0,3.0,0.0,1.0
整合,0.0,15.0,0.0,1.0
指挥,0.0,6.0,0.0,1.0
通行,0.0,6.0,0.0,1.0
落马,9.0,3.0,0.75,0.25
呛,0.0,3.0,0.0,1.0
12428,3.0,0.0,1.0,0.0
下降,0.0,7.0,0.0,1.0
生产型,0.0,3.0,0.0,1.0
祥瑞,12.0,0.0,1.0,0.0
陆向,0.0,3.0,0.0,1.0
造成,3.0,3.0,0.5,0.5
全面,0.0,3.0,0.0,1.0
主航道,0.0,3.0,0.0,1.0
通道,0.0,15.0,0.0,1.0
四,0.0,6.0,0.0,1.0
协议,0.0,3.0,0.0,1.0
年,6.0,60.0,0.09090909090909091,0.9090909090909091
周转,0.0,3.0,0.0,1.0
使得,0.0,3.0,0.0,1.0
只,0.0,3.0,0.0,1.0
/,0.0,171.0,0.0,1.0
以雄安,0.0,3.0,0.0,1.0
上层,3.0,0.0,1.0,0.0
hexun,0.0,3.0,0.0,1.0
中心,6.0,33.0,0.15384615384615385,0.8461538461538461
朝阳,0.0,3.0,0.0,1.0
免费,2.0,0.0,1.0,0.0
业内,0.0,3.0,0.0,1.0
此举,0.0,3.0,0.0,1.0
之间,0.0,6.0,0.0,1.0
潮汐,3.0,0.0,1.0,0.0
游客,9.0,0.0,1.0,0.0
累计,0.0,6.0,0.0,1.0
2018E,0.0,6.0,0.0,1.0
本市,0.0,3.0,0.0,1.0
中西亚,0.0,3.0,0.0,1.0
丝绸之路,0.0,12.0,0.0,1.0
公里,6.0,6.0,0.5,0.5
努力完成,0.0,3.0,0.0,1.0
40,0.0,3.0,0.0,1.0
一家,0.0,3.0,0.0,1.0
梦想,0.0,3.0,0.0,1.0
孔,12.0,0.0,1.0,0.0
製,3.0,0.0,1.0,0.0
LOCAL201706080923000231608842366,0.0,3.0,0.0,1.0
等候,0.0,3.0,0.0,1.0
降低,0.0,9.0,0.0,1.0
已经,3.0,9.0,0.25,0.75
每月,0.0,6.0,0.0,1.0
对,0.0,18.0,0.0,1.0
余,2.0,0.0,1.0,0.0
未消,0.0,3.0,0.0,1.0
转,0.0,3.0,0.0,1.0
着,0.0,9.0,0.0,1.0
资源共享,0.0,3.0,0.0,1.0
预警,0.0,6.0,0.0,1.0
多式,0.0,3.0,0.0,1.0
外围,0.0,3.0,0.0,1.0
汽运,0.0,3.0,0.0,1.0
发生意外,3.0,0.0,1.0,0.0
北京,6.0,0.0,1.0,0.0
www,0.0,3.0,0.0,1.0
%,0.0,56.0,0.0,1.0
共同,0.0,6.0,0.0,1.0
IMAGE,0.0,30.0,0.0,1.0
谅解,0.0,21.0,0.0,1.0
上岸,0.0,3.0,0.0,1.0
沿线,0.0,3.0,0.0,1.0
1670,3.0,0.0,1.0,0.0
活动,0.0,3.0,0.0,1.0
基础,0.0,9.0,0.0,1.0
调度,0.0,3.0,0.0,1.0
见证,0.0,3.0,0.0,1.0
初步,0.0,3.0,0.0,1.0
报表,0.0,3.0,0.0,1.0
可见,0.0,3.0,0.0,1.0
离开,3.0,0.0,1.0,0.0
增厚,0.0,3.0,0.0,1.0
背景,0.0,3.0,0.0,1.0
促进,0.0,18.0,0.0,1.0
停滞,3.0,0.0,1.0,0.0
系,0.0,3.0,0.0,1.0
集运,0.0,3.0,0.0,1.0
受汽,0.0,3.0,0.0,1.0
究竟,0.0,3.0,0.0,1.0
辐射,0.0,12.0,0.0,1.0
专治,2.0,0.0,1.0,0.0
控制,0.0,6.0,0.0,1.0
讯,3.0,3.0,0.5,0.5
透露,0.0,3.0,0.0,1.0
LOCAL201706121823000445094065389,0.0,3.0,0.0,1.0
具有,3.0,0.0,1.0,0.0
亿吨级,0.0,3.0,0.0,1.0
8000,0.0,3.0,0.0,1.0
经济带,0.0,3.0,0.0,1.0
截止,0.0,3.0,0.0,1.0
方式,0.0,21.0,0.0,1.0
卫星,3.0,0.0,1.0,0.0
带动,0.0,3.0,0.0,1.0
为什么,3.0,0.0,1.0,0.0
了解,0.0,3.0,0.0,1.0
第十位,0.0,3.0,0.0,1.0
进出,0.0,9.0,0.0,1.0
大提速,3.0,0.0,1.0,0.0
年底,3.0,0.0,1.0,0.0
违章,0.0,3.0,0.0,1.0
新闻,0.0,12.0,0.0,1.0
神华集团,0.0,3.0,0.0,1.0
俄,0.0,36.0,0.0,1.0
量大增,0.0,3.0,0.0,1.0
21,0.0,9.0,0.0,1.0
将会,0.0,6.0,0.0,1.0
每年,0.0,9.0,0.0,1.0
1300,0.0,3.0,0.0,1.0
51,0.0,3.0,0.0,1.0
拾贝,3.0,0.0,1.0,0.0
东风,0.0,3.0,0.0,1.0
利好,0.0,3.0,0.0,1.0
出台,0.0,3.0,0.0,1.0
旅游包,3.0,0.0,1.0,0.0
靠,0.0,3.0,0.0,1.0
立案侦查,0.0,9.0,0.0,1.0
最,0.0,6.0,0.0,1.0
中欧,0.0,3.0,0.0,1.0
人工,0.0,9.0,0.0,1.0
告别,0.0,3.0,0.0,1.0
一段,3.0,0.0,1.0,0.0
变身,0.0,3.0,0.0,1.0
检测,0.0,3.0,0.0,1.0
位于,3.0,6.0,0.3333333333333333,0.6666666666666666
随着,0.0,6.0,0.0,1.0
省,3.0,0.0,1.0,0.0
一旦,3.0,0.0,1.0,0.0
环保局,0.0,9.0,0.0,1.0
未雨绸缪,0.0,3.0,0.0,1.0
这是,3.0,0.0,1.0,0.0
河北省,0.0,3.0,0.0,1.0
出海口,3.0,0.0,1.0,0.0
降至,0.0,3.0,0.0,1.0
存量,0.0,3.0,0.0,1.0
基础设施,0.0,9.0,0.0,1.0
网络,3.0,3.0,0.5,0.5
门内,0.0,3.0,0.0,1.0
张艳玲,0.0,6.0,0.0,1.0
所,0.0,3.0,0.0,1.0
引进,0.0,3.0,0.0,1.0
航程,6.0,0.0,1.0,0.0
刘家,0.0,3.0,0.0,1.0
加快,0.0,9.0,0.0,1.0
分明,0.0,3.0,0.0,1.0
交通,3.0,6.0,0.3333333333333333,0.6666666666666666
近年来,0.0,3.0,0.0,1.0
分行,0.0,6.0,0.0,1.0
上,6.0,12.0,0.3333333333333333,0.6666666666666666
改由,0.0,3.0,0.0,1.0
出发,9.0,0.0,1.0,0.0
猪肉,0.0,3.0,0.0,1.0
回查,0.0,3.0,0.0,1.0
干净,0.0,3.0,0.0,1.0
滞后,0.0,6.0,0.0,1.0
披露,0.0,3.0,0.0,1.0
当前,0.0,3.0,0.0,1.0
承诺,0.0,6.0,0.0,1.0
特别,3.0,0.0,1.0,0.0
集装箱,3.0,48.0,0.058823529411764705,0.9411764705882353
500,3.0,3.0,0.5,0.5
涉嫌,0.0,6.0,0.0,1.0
天津港,53.0,595.0,0.08179012345679013,0.9182098765432098
设计,0.0,15.0,0.0,1.0
一步步,0.0,3.0,0.0,1.0
举办,0.0,3.0,0.0,1.0
走势,0.0,3.0,0.0,1.0
均,0.0,6.0,0.0,1.0
等,6.0,48.0,0.1111111111111111,0.8888888888888888
成功,3.0,6.0,0.3333333333333333,0.6666666666666666
事,3.0,0.0,1.0,0.0
强制措施,0.0,3.0,0.0,1.0
门户,0.0,6.0,0.0,1.0
本,0.0,3.0,0.0,1.0
注水,0.0,9.0,0.0,1.0
公斤,5.0,0.0,1.0,0.0
转变,0.0,3.0,0.0,1.0
因素,0.0,3.0,0.0,1.0
更为,0.0,3.0,0.0,1.0
燃烧,0.0,3.0,0.0,1.0
烧烫伤,2.0,0.0,1.0,0.0
17.1,0.0,1.0,0.0,1.0
一路,0.0,12.0,0.0,1.0
NMediaFile,0.0,12.0,0.0,1.0
能力,0.0,21.0,0.0,1.0
激发,0.0,3.0,0.0,1.0
预测,0.0,6.0,0.0,1.0
时天,0.0,3.0,0.0,1.0
三队,0.0,3.0,0.0,1.0
股票,0.0,9.0,0.0,1.0
秦皇岛,0.0,3.0,0.0,1.0
神华,0.0,9.0,0.0,1.0
突破,0.0,9.0,0.0,1.0
助推,0.0,3.0,0.0,1.0
汽车,3.0,51.0,0.05555555555555555,0.9444444444444444
于,3.0,3.0,0.5,0.5
遇难,3.0,3.0,0.5,0.5
一年,0.0,6.0,0.0,1.0
制定,0.0,6.0,0.0,1.0
集港,0.0,18.0,0.0,1.0
中蒙,0.0,3.0,0.0,1.0
证券时报,0.0,3.0,0.0,1.0
提出,3.0,0.0,1.0,0.0
以,0.0,18.0,0.0,1.0
各类,0.0,6.0,0.0,1.0
本次,0.0,6.0,0.0,1.0
新格局,0.0,3.0,0.0,1.0
710c95f3ly1fgkiwg6mqfj20rs0fmmzf,0.0,3.0,0.0,1.0
81,0.0,3.0,0.0,1.0
唯一,0.0,6.0,0.0,1.0
六轴,0.0,3.0,0.0,1.0
工作,0.0,15.0,0.0,1.0
燃油,0.0,3.0,0.0,1.0
大有可为,0.0,3.0,0.0,1.0
起火,0.0,9.0,0.0,1.0
以前,3.0,1.0,0.75,0.25
微信,2.0,0.0,1.0,0.0
购买,0.0,3.0,0.0,1.0
明确,0.0,6.0,0.0,1.0
助,0.0,3.0,0.0,1.0
押船,3.0,0.0,1.0,0.0
增效,0.0,3.0,0.0,1.0
报警,9.0,0.0,1.0,0.0
110,0.0,3.0,0.0,1.0
亿吨,0.0,21.0,0.0,1.0
同向,0.0,3.0,0.0,1.0
广汽传祺,0.0,3.0,0.0,1.0
双边贸易,0.0,12.0,0.0,1.0
理念,3.0,0.0,1.0,0.0
新,3.0,21.0,0.125,0.875
中新社,0.0,9.0,0.0,1.0
上涨,3.0,0.0,1.0,0.0
是,3.0,24.0,0.1111111111111111,0.8888888888888888
排放,0.0,6.0,0.0,1.0
议案,0.0,3.0,0.0,1.0
众多,0.0,3.0,0.0,1.0
宋,0.0,3.0,0.0,1.0
班轮,0.0,6.0,0.0,1.0
因,0.0,3.0,0.0,1.0
58.8,0.0,3.0,0.0,1.0
标志,0.0,6.0,0.0,1.0
运抵,3.0,0.0,1.0,0.0
腹地,0.0,6.0,0.0,1.0
规模,0.0,15.0,0.0,1.0
跟随,0.0,3.0,0.0,1.0
>,0.0,27.0,0.0,1.0
规划,0.0,18.0,0.0,1.0
始终,0.0,3.0,0.0,1.0
25,3.0,6.0,0.3333333333333333,0.6666666666666666
技术,0.0,3.0,0.0,1.0
融合,0.0,3.0,0.0,1.0
火箭,6.0,0.0,1.0,0.0
损害,0.0,3.0,0.0,1.0
时间,3.0,9.0,0.25,0.75
技术水平,0.0,6.0,0.0,1.0
方面,0.0,18.0,0.0,1.0
三个,0.0,6.0,0.0,1.0
出现,0.0,9.0,0.0,1.0
中国银行,0.0,9.0,0.0,1.0
646,0.0,3.0,0.0,1.0
界面,0.0,3.0,0.0,1.0
大公报,3.0,0.0,1.0,0.0
经营,3.0,6.0,0.3333333333333333,0.6666666666666666
拟以,0.0,3.0,0.0,1.0
接近,0.0,3.0,0.0,1.0
SRC,0.0,30.0,0.0,1.0
日起,0.0,6.0,0.0,1.0
公园,6.0,0.0,1.0,0.0
路面,0.0,3.0,0.0,1.0
finance,0.0,3.0,0.0,1.0
123,0.0,3.0,0.0,1.0
20,0.0,12.0,0.0,1.0
日前,0.0,6.0,0.0,1.0
比,0.0,9.0,0.0,1.0
达到,0.0,6.0,0.0,1.0
共同开发,0.0,3.0,0.0,1.0
有限公司,0.0,75.0,0.0,1.0
改善,0.0,6.0,0.0,1.0
无偿,2.0,0.0,1.0,0.0
　,0.0,156.0,0.0,1.0
建筑物,3.0,0.0,1.0,0.0
老,0.0,3.0,0.0,1.0
构建,0.0,6.0,0.0,1.0
奠定,0.0,6.0,0.0,1.0
万线,0.0,3.0,0.0,1.0
岸边,3.0,0.0,1.0,0.0
队长,6.0,3.0,0.6666666666666666,0.3333333333333333
20170626,0.0,3.0,0.0,1.0
个,5.0,12.0,0.29411764705882354,0.7058823529411765
费事,3.0,0.0,1.0,0.0
开行,0.0,6.0,0.0,1.0
通讯员,3.0,3.0,0.5,0.5
参与,3.0,0.0,1.0,0.0
转口贸易,3.0,0.0,1.0,0.0
积极,0.0,6.0,0.0,1.0
短期,0.0,3.0,0.0,1.0
集团,0.0,99.0,0.0,1.0
明显,0.0,9.0,0.0,1.0
航班,0.0,6.0,0.0,1.0
园东疆,0.0,3.0,0.0,1.0
网络体系,0.0,3.0,0.0,1.0
三条,0.0,3.0,0.0,1.0
4,9.0,27.0,0.25,0.75
服务平台,0.0,3.0,0.0,1.0
102.4,0.0,3.0,0.0,1.0
纪念,6.0,0.0,1.0,0.0
不堪设想,3.0,0.0,1.0,0.0
这一,0.0,3.0,0.0,1.0
运,0.0,3.0,0.0,1.0
据悉,0.0,3.0,0.0,1.0
徐秀芳,2.0,0.0,1.0,0.0
新增,0.0,6.0,0.0,1.0
说,3.0,9.0,0.25,0.75
广州,0.0,3.0,0.0,1.0
双方,0.0,6.0,0.0,1.0
增运,0.0,3.0,0.0,1.0
满意度,0.0,3.0,0.0,1.0
实力,0.0,3.0,0.0,1.0
海里,3.0,0.0,1.0,0.0
应急,0.0,9.0,0.0,1.0
标题,0.0,15.0,0.0,1.0
资源,3.0,9.0,0.25,0.75
津冀,0.0,9.0,0.0,1.0
第五位,0.0,3.0,0.0,1.0
新一轮,0.0,3.0,0.0,1.0
日产,0.0,3.0,0.0,1.0
2016,0.0,21.0,0.0,1.0
着力,0.0,9.0,0.0,1.0
吸引,0.0,3.0,0.0,1.0
接卸量,0.0,3.0,0.0,1.0
第一个,0.0,3.0,0.0,1.0
装船,0.0,6.0,0.0,1.0
水陆,3.0,0.0,1.0,0.0
内外贸,0.0,3.0,0.0,1.0
主体,0.0,9.0,0.0,1.0
回落,0.0,3.0,0.0,1.0
充数,0.0,6.0,0.0,1.0
块钱,6.0,0.0,1.0,0.0
而且,0.0,6.0,0.0,1.0
平台,0.0,9.0,0.0,1.0
顶楼,0.0,3.0,0.0,1.0
构想,0.0,3.0,0.0,1.0
起来,0.0,3.0,0.0,1.0
160,0.0,3.0,0.0,1.0
更加,0.0,9.0,0.0,1.0
将,3.0,66.0,0.043478260869565216,0.9565217391304348
货车,0.0,12.0,0.0,1.0
国际,0.0,33.0,0.0,1.0
2002,0.0,3.0,0.0,1.0
赵明奎,0.0,3.0,0.0,1.0
入区,3.0,0.0,1.0,0.0
看,0.0,6.0,0.0,1.0
(,0.0,37.0,0.0,1.0
剩下,0.0,3.0,0.0,1.0
（,6.0,51.0,0.10526315789473684,0.8947368421052632
更,0.0,3.0,0.0,1.0
出清,0.0,6.0,0.0,1.0
1,0.0,18.0,0.0,1.0
表示,0.0,6.0,0.0,1.0
高管,0.0,3.0,0.0,1.0
海空,0.0,3.0,0.0,1.0
120,0.0,3.0,0.0,1.0
承受,0.0,3.0,0.0,1.0
作用,0.0,9.0,0.0,1.0
左右,3.0,6.0,0.3333333333333333,0.6666666666666666
14,0.0,3.0,0.0,1.0
联运,0.0,15.0,0.0,1.0
n,0.0,3.0,0.0,1.0
合资,0.0,3.0,0.0,1.0
力促,0.0,3.0,0.0,1.0
国产,0.0,3.0,0.0,1.0
任务,3.0,6.0,0.3333333333333333,0.6666666666666666
小时,2.0,18.0,0.1,0.9
公司,9.0,36.0,0.2,0.8
14.4,0.0,3.0,0.0,1.0
关键时期,0.0,3.0,0.0,1.0
东部,0.0,6.0,0.0,1.0
8500,0.0,3.0,0.0,1.0
线路,0.0,3.0,0.0,1.0
日均,0.0,6.0,0.0,1.0
全新,0.0,3.0,0.0,1.0
汽,0.0,18.0,0.0,1.0
530,0.0,3.0,0.0,1.0
接卸,0.0,3.0,0.0,1.0
-,0.0,24.0,0.0,1.0
合并,0.0,3.0,0.0,1.0
只出,0.0,3.0,0.0,1.0
高水平,0.0,3.0,0.0,1.0
腾格里沙漠,3.0,0.0,1.0,0.0
i9,0.0,3.0,0.0,1.0
需要,3.0,0.0,1.0,0.0
卡车,0.0,6.0,0.0,1.0
合作,0.0,39.0,0.0,1.0
14.2,0.0,4.0,0.0,1.0
立体车库,0.0,3.0,0.0,1.0
复式,0.0,21.0,0.0,1.0
提升,0.0,30.0,0.0,1.0
一个月,3.0,0.0,1.0,0.0
图,3.0,3.0,0.5,0.5
