日,19.0,24.0,0.4418604651162791,0.5581395348837209
共同体,0.0,6.0,0.0,1.0
1.34,0.0,3.0,0.0,1.0
广大,9.0,0.0,1.0,0.0
紫荆,85.0,0.0,1.0,0.0
复苏,0.0,3.0,0.0,1.0
至,6.0,21.0,0.2222222222222222,0.7777777777777778
重庆百货,0.0,12.0,0.0,1.0
5500,6.0,0.0,1.0,0.0
流水线,9.0,0.0,1.0,0.0
90,3.0,6.0,0.3333333333333333,0.6666666666666666
完成,15.0,6.0,0.7142857142857143,0.2857142857142857
注资,0.0,3.0,0.0,1.0
过去,3.0,3.0,0.5,0.5
父母,6.0,0.0,1.0,0.0
同比,0.0,9.0,0.0,1.0
涨幅,0.0,9.0,0.0,1.0
首店,0.0,3.0,0.0,1.0
产业,0.0,9.0,0.0,1.0
帕拓逊,0.0,9.0,0.0,1.0
声誉,0.0,3.0,0.0,1.0
【,6.0,39.0,0.13333333333333333,0.8666666666666667
此次,6.0,0.0,1.0,0.0
62,0.0,3.0,0.0,1.0
中国,0.0,3.0,0.0,1.0
存入,3.0,0.0,1.0,0.0
查询,3.0,0.0,1.0,0.0
:,0.0,30.0,0.0,1.0
持股,0.0,9.0,0.0,1.0
进出口,0.0,3.0,0.0,1.0
批,0.0,3.0,0.0,1.0
0,3.0,24.0,0.1111111111111111,0.8888888888888888
甜维,0.0,3.0,0.0,1.0
码头,3.0,0.0,1.0,0.0
消费者,12.0,3.0,0.8,0.2
入股,0.0,3.0,0.0,1.0
15.93,0.0,3.0,0.0,1.0
塘,0.0,3.0,0.0,1.0
12,0.0,12.0,0.0,1.0
届时,3.0,0.0,1.0,0.0
新通,3.0,0.0,1.0,0.0
当地,3.0,0.0,1.0,0.0
所,0.0,6.0,0.0,1.0
内为,0.0,3.0,0.0,1.0
增持,0.0,27.0,0.0,1.0
可不可以,3.0,0.0,1.0,0.0
最后,6.0,3.0,0.6666666666666666,0.3333333333333333
坚持,3.0,0.0,1.0,0.0
原,0.0,3.0,0.0,1.0
虽,0.0,3.0,0.0,1.0
丨,0.0,6.0,0.0,1.0
海峡,3.0,0.0,1.0,0.0
邓少炜,0.0,9.0,0.0,1.0
王府井,0.0,21.0,0.0,1.0
建新,0.0,9.0,0.0,1.0
请问,3.0,0.0,1.0,0.0
10,0.0,9.0,0.0,1.0
65,0.0,3.0,0.0,1.0
降低成本,3.0,0.0,1.0,0.0
内容,3.0,0.0,1.0,0.0
亿元,0.0,30.0,0.0,1.0
自营,0.0,9.0,0.0,1.0
华立,3.0,0.0,1.0,0.0
来自,3.0,0.0,1.0,0.0
获,0.0,6.0,0.0,1.0
执业,0.0,3.0,0.0,1.0
仓储,15.0,6.0,0.7142857142857143,0.2857142857142857
可用,0.0,3.0,0.0,1.0
陈,15.0,0.0,1.0,0.0
投诉,6.0,0.0,1.0,0.0
费用,3.0,3.0,0.5,0.5
化,3.0,0.0,1.0,0.0
截止,0.0,3.0,0.0,1.0
正品,3.0,0.0,1.0,0.0
现金支付,0.0,3.0,0.0,1.0
要点,0.0,3.0,0.0,1.0
mmbiz,0.0,42.0,0.0,1.0
徐占股,0.0,3.0,0.0,1.0
年末,0.0,6.0,0.0,1.0
框架,3.0,0.0,1.0,0.0
获批,0.0,9.0,0.0,1.0
经过,9.0,0.0,1.0,0.0
↓,9.0,0.0,1.0,0.0
该行,3.0,0.0,1.0,0.0
10000,0.0,3.0,0.0,1.0
综合,12.0,0.0,1.0,0.0
河南省,6.0,0.0,1.0,0.0
2.08,0.0,3.0,0.0,1.0
水源,0.0,3.0,0.0,1.0
节目,3.0,0.0,1.0,0.0
期间,0.0,6.0,0.0,1.0
护肤,3.0,0.0,1.0,0.0
png,0.0,12.0,0.0,1.0
7,12.0,12.0,0.5,0.5
优势,12.0,25.0,0.32432432432432434,0.6756756756756757
会上,3.0,0.0,1.0,0.0
归母,0.0,3.0,0.0,1.0
分行,18.0,0.0,1.0,0.0
还有,3.0,3.0,0.5,0.5
】,6.0,39.0,0.13333333333333333,0.8666666666666667
增速,0.0,15.0,0.0,1.0
股加,0.0,3.0,0.0,1.0
发展,6.0,27.0,0.18181818181818182,0.8181818181818182
当时,0.0,3.0,0.0,1.0
煤气化,0.0,3.0,0.0,1.0
情,0.0,3.0,0.0,1.0
从,6.0,18.0,0.25,0.75
中策,3.0,0.0,1.0,0.0
任职,0.0,3.0,0.0,1.0
+,21.0,21.0,0.5,0.5
刷卡,9.0,0.0,1.0,0.0
出境,3.0,0.0,1.0,0.0
等值,3.0,0.0,1.0,0.0
公司公告,0.0,6.0,0.0,1.0
icW2dG59ajsR6vYqdTGDp1e9tPgcQzMW32GUricdkK1JueHompRcEcg6U3ib4yibNVfg,0.0,3.0,0.0,1.0
默认,6.0,0.0,1.0,0.0
蓝海,0.0,8.0,0.0,1.0
借记卡,42.0,0.0,1.0,0.0
生态,0.0,12.0,0.0,1.0
都,6.0,0.0,1.0,0.0
通,223.0,275.0,0.44779116465863456,0.5522088353413654
国企改革,0.0,3.0,0.0,1.0
购,25.0,0.0,1.0,0.0
行业协会,0.0,3.0,0.0,1.0
多少,3.0,0.0,1.0,0.0
加强,0.0,3.0,0.0,1.0
造成,3.0,0.0,1.0,0.0
营销,0.0,9.0,0.0,1.0
梅花,0.0,18.0,0.0,1.0
最长,0.0,3.0,0.0,1.0
政府,3.0,0.0,1.0,0.0
三七,0.0,3.0,0.0,1.0
大礼,3.0,0.0,1.0,0.0
平方米,6.0,0.0,1.0,0.0
举办,12.0,0.0,1.0,0.0
拟将,0.0,9.0,0.0,1.0
需求,18.0,0.0,1.0,0.0
14.77,0.0,3.0,0.0,1.0
按,0.0,6.0,0.0,1.0
更能,3.0,0.0,1.0,0.0
6.27,0.0,3.0,0.0,1.0
亚米,6.0,0.0,1.0,0.0
低于,0.0,3.0,0.0,1.0
82,0.0,3.0,0.0,1.0
李晶,0.0,3.0,0.0,1.0
前身,0.0,3.0,0.0,1.0
周岁,3.0,0.0,1.0,0.0
开通,3.0,0.0,1.0,0.0
效率,0.0,3.0,0.0,1.0
阿里,0.0,3.0,0.0,1.0
650.00,0.0,3.0,0.0,1.0
增长,6.0,44.0,0.12,0.88
购汇,6.0,0.0,1.0,0.0
优质,6.0,3.0,0.6666666666666666,0.3333333333333333
现金管理,6.0,0.0,1.0,0.0
协调,3.0,0.0,1.0,0.0
状态,0.0,3.0,0.0,1.0
承载,3.0,0.0,1.0,0.0
财富,0.0,21.0,0.0,1.0
坚定,0.0,6.0,0.0,1.0
显得,3.0,0.0,1.0,0.0
世界各地,3.0,0.0,1.0,0.0
全力支持,0.0,3.0,0.0,1.0
真,0.0,3.0,0.0,1.0
态度,3.0,0.0,1.0,0.0
大力支持,6.0,0.0,1.0,0.0
部分,0.0,6.0,0.0,1.0
时除,6.0,0.0,1.0,0.0
合作伙伴,3.0,0.0,1.0,0.0
通实,0.0,12.0,0.0,1.0
》,0.0,6.0,0.0,1.0
39,0.0,3.0,0.0,1.0
现有,3.0,0.0,1.0,0.0
报告书,0.0,6.0,0.0,1.0
涵盖,9.0,0.0,1.0,0.0
资产重组,0.0,3.0,0.0,1.0
致力于,3.0,0.0,1.0,0.0
先发,0.0,13.0,0.0,1.0
一股,0.0,6.0,0.0,1.0
总额,0.0,3.0,0.0,1.0
会,3.0,3.0,0.5,0.5
检验,3.0,0.0,1.0,0.0
律师,0.0,18.0,0.0,1.0
馆,6.0,0.0,1.0,0.0
激烈,0.0,6.0,0.0,1.0
主动,0.0,6.0,0.0,1.0
意义,3.0,0.0,1.0,0.0
线上,3.0,0.0,1.0,0.0
纳入,0.0,3.0,0.0,1.0
多喜爱,0.0,3.0,0.0,1.0
纺服,0.0,6.0,0.0,1.0
宣传费,0.0,3.0,0.0,1.0
协议,0.0,12.0,0.0,1.0
股权,0.0,39.0,0.0,1.0
WPpPyOgfstjGbPa2icxGWVoVyrWwU8I6iaPJ9J5Qic4X97e4ibiapmiclyInp4YsXmJnLg,0.0,3.0,0.0,1.0
易,0.0,3.0,0.0,1.0
杨,0.0,6.0,0.0,1.0
通在,0.0,17.0,0.0,1.0
较弱,0.0,5.0,0.0,1.0
高度,0.0,3.0,0.0,1.0
中心,18.0,3.0,0.8571428571428571,0.14285714285714285
亦,0.0,6.0,0.0,1.0
开始,0.0,3.0,0.0,1.0
对,21.0,18.0,0.5384615384615384,0.46153846153846156
通宝,0.0,12.0,0.0,1.0
50.72,0.0,3.0,0.0,1.0
苏宁,0.0,27.0,0.0,1.0
外,6.0,3.0,0.6666666666666666,0.3333333333333333
月,10.0,45.0,0.18181818181818182,0.8181818181818182
人,0.0,12.0,0.0,1.0
两次,0.0,3.0,0.0,1.0
经贸合作,3.0,0.0,1.0,0.0
均,3.0,5.0,0.375,0.625
安赐,0.0,18.0,0.0,1.0
报检,3.0,0.0,1.0,0.0
专家,3.0,0.0,1.0,0.0
恒逸,3.0,0.0,1.0,0.0
相应,0.0,3.0,0.0,1.0
亿股,0.0,3.0,0.0,1.0
贸易商,3.0,0.0,1.0,0.0
持续增长,0.0,6.0,0.0,1.0
—,0.0,6.0,0.0,1.0
以下,0.0,9.0,0.0,1.0
无条件,0.0,9.0,0.0,1.0
61.3,0.0,3.0,0.0,1.0
通先发,0.0,3.0,0.0,1.0
贸易,9.0,3.0,0.75,0.25
物流,6.0,12.0,0.3333333333333333,0.6666666666666666
国际金融,3.0,0.0,1.0,0.0
想,6.0,0.0,1.0,0.0
多边,6.0,0.0,1.0,0.0
外资企业,3.0,0.0,1.0,0.0
资不超,0.0,3.0,0.0,1.0
事件,0.0,9.0,0.0,1.0
实际,0.0,12.0,0.0,1.0
食品,3.0,0.0,1.0,0.0
拟,0.0,3.0,0.0,1.0
提高,0.0,3.0,0.0,1.0
全球,12.0,3.0,0.8,0.2
控股,12.0,12.0,0.5,0.5
逐年,3.0,0.0,1.0,0.0
优秀人才,0.0,6.0,0.0,1.0
近百家,0.0,3.0,0.0,1.0
01,0.0,3.0,0.0,1.0
下面,0.0,3.0,0.0,1.0
商务部,0.0,12.0,0.0,1.0
82.05,0.0,3.0,0.0,1.0
严海芸,3.0,0.0,1.0,0.0
先生,6.0,0.0,1.0,0.0
0.73,0.0,3.0,0.0,1.0
粗放式,0.0,6.0,0.0,1.0
联动,6.0,0.0,1.0,0.0
海关总署,3.0,0.0,1.0,0.0
支付,3.0,3.0,0.5,0.5
重大,0.0,3.0,0.0,1.0
企业家,3.0,0.0,1.0,0.0
帕托逊,0.0,6.0,0.0,1.0
2019,0.0,6.0,0.0,1.0
下一阶段,3.0,0.0,1.0,0.0
增强,0.0,9.0,0.0,1.0
东方,0.0,9.0,0.0,1.0
发展前景,0.0,3.0,0.0,1.0
后,6.0,24.0,0.2,0.8
建议,0.0,6.0,0.0,1.0
力量,3.0,0.0,1.0,0.0
之,0.0,3.0,0.0,1.0
显然,0.0,3.0,0.0,1.0
走向,3.0,0.0,1.0,0.0
大型,0.0,3.0,0.0,1.0
减免,9.0,0.0,1.0,0.0
互惠,0.0,3.0,0.0,1.0
占,0.0,9.0,0.0,1.0
然后,3.0,0.0,1.0,0.0
结算,0.0,3.0,0.0,1.0
配送,3.0,3.0,0.5,0.5
时,0.0,6.0,0.0,1.0
22,0.0,12.0,0.0,1.0
张,0.0,3.0,0.0,1.0
领先,3.0,0.0,1.0,0.0
管理,0.0,9.0,0.0,1.0
依次,0.0,3.0,0.0,1.0
办公室,3.0,15.0,0.16666666666666666,0.8333333333333334
受,0.0,9.0,0.0,1.0
26.50,0.0,3.0,0.0,1.0
格外,3.0,0.0,1.0,0.0
对接,24.0,0.0,1.0,0.0
PE,0.0,6.0,0.0,1.0
上市公司,0.0,39.0,0.0,1.0
调研,0.0,6.0,0.0,1.0
关闭,3.0,0.0,1.0,0.0
经纬,27.0,0.0,1.0,0.0
提交,0.0,3.0,0.0,1.0
旗下,3.0,3.0,0.5,0.5
商品,6.0,0.0,1.0,0.0
对外贸易,9.0,0.0,1.0,0.0
使,3.0,0.0,1.0,0.0
利益,0.0,24.0,0.0,1.0
18.09,0.0,3.0,0.0,1.0
主席,6.0,0.0,1.0,0.0
成熟,0.0,3.0,0.0,1.0
RISO,0.0,6.0,0.0,1.0
宽松,0.0,6.0,0.0,1.0
强劲,0.0,3.0,0.0,1.0
代理商,3.0,0.0,1.0,0.0
长龙,3.0,0.0,1.0,0.0
许世刚,0.0,3.0,0.0,1.0
凝智,3.0,0.0,1.0,0.0
近日,9.0,0.0,1.0,0.0
多方面,0.0,6.0,0.0,1.0
历史,3.0,0.0,1.0,0.0
创始人,0.0,3.0,0.0,1.0
流程,6.0,0.0,1.0,0.0
HKp0xJeZMO8DKlibbGOqWB2NDf3FicWBux0YrE2HwbFCBy,0.0,3.0,0.0,1.0
新型,18.0,0.0,1.0,0.0
傅盛宁,0.0,3.0,0.0,1.0
必要,3.0,0.0,1.0,0.0
便捷,3.0,0.0,1.0,0.0
延续,0.0,6.0,0.0,1.0
限额,30.0,0.0,1.0,0.0
小,0.0,9.0,0.0,1.0
茂悦,1.0,0.0,1.0,0.0
服务,27.0,33.0,0.45,0.55
代理,0.0,3.0,0.0,1.0
本周,0.0,3.0,0.0,1.0
之际,3.0,0.0,1.0,0.0
可以,3.0,6.0,0.3333333333333333,0.6666666666666666
多人,3.0,0.0,1.0,0.0
使命,3.0,0.0,1.0,0.0
：,21.0,122.0,0.14685314685314685,0.8531468531468531
造假,3.0,0.0,1.0,0.0
打造,15.0,9.0,0.625,0.375
4IHZCPFxtgV4rPf7o6SicxKRnsB2IbIChoicWibHpE0owRAS16v8bYudPibYWEhVNw,0.0,3.0,0.0,1.0
山煤,0.0,3.0,0.0,1.0
亮点,0.0,6.0,0.0,1.0
发稿,0.0,3.0,0.0,1.0
互赢,0.0,3.0,0.0,1.0
）,6.0,90.0,0.0625,0.9375
业态,0.0,3.0,0.0,1.0
外汇,0.0,3.0,0.0,1.0
保持,6.0,3.0,0.6666666666666666,0.3333333333333333
展示,3.0,0.0,1.0,0.0
投资,12.0,15.0,0.4444444444444444,0.5555555555555556
渠道,3.0,20.0,0.13043478260869565,0.8695652173913043
项,0.0,3.0,0.0,1.0
8,0.0,3.0,0.0,1.0
有效,3.0,0.0,1.0,0.0
智能,9.0,0.0,1.0,0.0
元计,0.0,3.0,0.0,1.0
l1qAwlKQTYHrQfBxhrjh0jico5QIw0valJFQ7FyompwMlDsEbeUHHeghtHdJQria9hAeMx4GIFmNuETHlwA4DUdA,0.0,3.0,0.0,1.0
出席,3.0,0.0,1.0,0.0
经营者,0.0,3.0,0.0,1.0
促进,3.0,0.0,1.0,0.0
上半年,6.0,0.0,1.0,0.0
建立,0.0,6.0,0.0,1.0
正,0.0,6.0,0.0,1.0
现金,0.0,12.0,0.0,1.0
6.61,0.0,3.0,0.0,1.0
规模化,0.0,6.0,0.0,1.0
特别,3.0,0.0,1.0,0.0
一直,6.0,3.0,0.6666666666666666,0.3333333333333333
制药,0.0,3.0,0.0,1.0
简式,0.0,3.0,0.0,1.0
远高于,0.0,3.0,0.0,1.0
终端,0.0,3.0,0.0,1.0
夫妻关系,0.0,3.0,0.0,1.0
三板,6.0,0.0,1.0,0.0
职能部门,3.0,0.0,1.0,0.0
展销,0.0,6.0,0.0,1.0
dDGzkTlibpNedeLaIVoMh7P9KZG32U3b3KBJIEEgjB80DwUWjq1PBbicice8WGFgalib9umLhVvcSLEZg,0.0,3.0,0.0,1.0
平均,0.0,3.0,0.0,1.0
网银转,3.0,0.0,1.0,0.0
关苗,3.0,0.0,1.0,0.0
广阔,3.0,0.0,1.0,0.0
高效,6.0,0.0,1.0,0.0
公布,0.0,3.0,0.0,1.0
jpeg,0.0,18.0,0.0,1.0
版图,0.0,3.0,0.0,1.0
中银,6.0,0.0,1.0,0.0
股份,0.0,90.0,0.0,1.0
一个,9.0,0.0,1.0,0.0
股本,0.0,9.0,0.0,1.0
地位,0.0,9.0,0.0,1.0
金卡,3.0,0.0,1.0,0.0
省事,3.0,0.0,1.0,0.0
美丽,3.0,0.0,1.0,0.0
钥匙,3.0,0.0,1.0,0.0
换,0.0,3.0,0.0,1.0
以此,0.0,3.0,0.0,1.0
布局,0.0,21.0,0.0,1.0
张鼎映,0.0,3.0,0.0,1.0
日晚,0.0,3.0,0.0,1.0
今天,0.0,6.0,0.0,1.0
现在,0.0,3.0,0.0,1.0
近三年,0.0,3.0,0.0,1.0
实践,3.0,0.0,1.0,0.0
仅指,3.0,0.0,1.0,0.0
证明,3.0,0.0,1.0,0.0
业务,21.0,42.0,0.3333333333333333,0.6666666666666666
③,0.0,3.0,0.0,1.0
最早,0.0,3.0,0.0,1.0
依法,0.0,3.0,0.0,1.0
风险,0.0,12.0,0.0,1.0
海运,3.0,0.0,1.0,0.0
环球,0.0,3.0,0.0,1.0
小镇,0.0,3.0,0.0,1.0
无限,3.0,3.0,0.5,0.5
逻辑,0.0,3.0,0.0,1.0
引领,0.0,3.0,0.0,1.0
盈利性,0.0,6.0,0.0,1.0
三位,3.0,0.0,1.0,0.0
产品,36.0,12.0,0.75,0.25
潜在,0.0,6.0,0.0,1.0
②,0.0,3.0,0.0,1.0
前,0.0,6.0,0.0,1.0
国浩,0.0,21.0,0.0,1.0
高速,0.0,14.0,0.0,1.0
类型,3.0,0.0,1.0,0.0
网站,3.0,0.0,1.0,0.0
才能,3.0,0.0,1.0,0.0
问,12.0,0.0,1.0,0.0
战略,15.0,6.0,0.7142857142857143,0.2857142857142857
表现,0.0,6.0,0.0,1.0
已经,3.0,3.0,0.5,0.5
能为,3.0,0.0,1.0,0.0
开润,0.0,3.0,0.0,1.0
品牌,3.0,6.0,0.3333333333333333,0.6666666666666666
围绕,6.0,0.0,1.0,0.0
苏州,12.0,0.0,1.0,0.0
转型,0.0,3.0,0.0,1.0
重要,3.0,0.0,1.0,0.0
阶段,12.0,19.0,0.3870967741935484,0.6129032258064516
嘉化,3.0,0.0,1.0,0.0
项目,3.0,24.0,0.1111111111111111,0.8888888888888888
报关,3.0,0.0,1.0,0.0
海关,9.0,0.0,1.0,0.0
仍为,0.0,3.0,0.0,1.0
E,6.0,3.0,0.6666666666666666,0.3333333333333333
境内外,0.0,3.0,0.0,1.0
交流,3.0,0.0,1.0,0.0
已,0.0,12.0,0.0,1.0
简称,0.0,12.0,0.0,1.0
区,3.0,0.0,1.0,0.0
0.11,0.0,3.0,0.0,1.0
29.5,0.0,6.0,0.0,1.0
不超,0.0,3.0,0.0,1.0
方案,6.0,3.0,0.6666666666666666,0.3333333333333333
25,0.0,3.0,0.0,1.0
骄傲,3.0,0.0,1.0,0.0
核心,0.0,18.0,0.0,1.0
入口,0.0,3.0,0.0,1.0
子公司,3.0,9.0,0.25,0.75
应用,3.0,0.0,1.0,0.0
高,0.0,6.0,0.0,1.0
潜力,0.0,9.0,0.0,1.0
精细化,0.0,24.0,0.0,1.0
进一步,3.0,18.0,0.14285714285714285,0.8571428571428571
宝钻会,0.0,3.0,0.0,1.0
连连,3.0,0.0,1.0,0.0
说明,0.0,3.0,0.0,1.0
26.5,0.0,3.0,0.0,1.0
6.38,0.0,3.0,0.0,1.0
比例,0.0,6.0,0.0,1.0
动力,0.0,6.0,0.0,1.0
6,4.0,18.0,0.18181818181818182,0.8181818181818182
留学生,9.0,0.0,1.0,0.0
逐步,3.0,0.0,1.0,0.0
第三方,3.0,6.0,0.3333333333333333,0.6666666666666666
交易中心,0.0,3.0,0.0,1.0
6.6,0.0,3.0,0.0,1.0
可控,0.0,12.0,0.0,1.0
介绍,3.0,3.0,0.5,0.5
特色,6.0,0.0,1.0,0.0
宣布,3.0,0.0,1.0,0.0
全,3.0,0.0,1.0,0.0
58,6.0,0.0,1.0,0.0
其,3.0,12.0,0.2,0.8
9,3.0,3.0,0.5,0.5
当代,0.0,3.0,0.0,1.0
网络,21.0,6.0,0.7777777777777778,0.2222222222222222
fmt,0.0,27.0,0.0,1.0
进而,0.0,3.0,0.0,1.0
具备,0.0,6.0,0.0,1.0
动态,0.0,15.0,0.0,1.0
仍,0.0,8.0,0.0,1.0
cn,0.0,21.0,0.0,1.0
发布公告,0.0,9.0,0.0,1.0
账户,3.0,0.0,1.0,0.0
声明,3.0,0.0,1.0,0.0
广宝,0.0,3.0,0.0,1.0
分别,0.0,12.0,0.0,1.0
优化,3.0,6.0,0.3333333333333333,0.6666666666666666
航空,3.0,0.0,1.0,0.0
13641623426,0.0,3.0,0.0,1.0
设备,3.0,0.0,1.0,0.0
关于,0.0,3.0,0.0,1.0
全资,6.0,3.0,0.6666666666666666,0.3333333333333333
使用指南,6.0,0.0,1.0,0.0
模式,6.0,0.0,1.0,0.0
省建,3.0,0.0,1.0,0.0
重视,3.0,0.0,1.0,0.0
裤业,0.0,12.0,0.0,1.0
绑定,0.0,27.0,0.0,1.0
带领,0.0,3.0,0.0,1.0
仓存,0.0,3.0,0.0,1.0
线下,3.0,3.0,0.5,0.5
审查,0.0,15.0,0.0,1.0
互动,3.0,0.0,1.0,0.0
年度,0.0,3.0,0.0,1.0
深入,3.0,3.0,0.5,0.5
海淘,3.0,0.0,1.0,0.0
创新,6.0,3.0,0.6666666666666666,0.3333333333333333
研究所,0.0,3.0,0.0,1.0
冯江,0.0,3.0,0.0,1.0
不仅,3.0,0.0,1.0,0.0
而言,0.0,3.0,0.0,1.0
下午,3.0,0.0,1.0,0.0
中原,3.0,0.0,1.0,0.0
定制,3.0,0.0,1.0,0.0
金服,3.0,0.0,1.0,0.0
15.78,0.0,3.0,0.0,1.0
包括,6.0,9.0,0.4,0.6
下半年,3.0,0.0,1.0,0.0
坚,0.0,3.0,0.0,1.0
津,0.0,3.0,0.0,1.0
据,6.0,6.0,0.5,0.5
季报,0.0,3.0,0.0,1.0
厂商,0.0,3.0,0.0,1.0
指导,3.0,0.0,1.0,0.0
社区,9.0,0.0,1.0,0.0
存活,0.0,3.0,0.0,1.0
出售,0.0,3.0,0.0,1.0
到位,0.0,3.0,0.0,1.0
增信,3.0,0.0,1.0,0.0
股,0.0,8.0,0.0,1.0
流通,0.0,3.0,0.0,1.0
gif,0.0,3.0,0.0,1.0
qpic,0.0,21.0,0.0,1.0
永辉,0.0,24.0,0.0,1.0
上海,16.0,18.0,0.47058823529411764,0.5294117647058824
接着,3.0,0.0,1.0,0.0
生活,6.0,0.0,1.0,0.0
成员,0.0,6.0,0.0,1.0
五位,0.0,3.0,0.0,1.0
山西,0.0,9.0,0.0,1.0
鲜有,0.0,3.0,0.0,1.0
妻子,0.0,3.0,0.0,1.0
带来,0.0,6.0,0.0,1.0
百大,0.0,3.0,0.0,1.0
实施,9.0,3.0,0.75,0.25
阮义彬,3.0,0.0,1.0,0.0
民生,3.0,0.0,1.0,0.0
减少,0.0,3.0,0.0,1.0
.,3.0,42.0,0.06666666666666667,0.9333333333333333
服装,0.0,3.0,0.0,1.0
负责,9.0,0.0,1.0,0.0
经验,0.0,3.0,0.0,1.0
出区,6.0,0.0,1.0,0.0
副总裁,3.0,0.0,1.0,0.0
资讯,0.0,6.0,0.0,1.0
振石,3.0,0.0,1.0,0.0
良好,3.0,0.0,1.0,0.0
去年,0.0,3.0,0.0,1.0
3C,3.0,0.0,1.0,0.0
前行,0.0,3.0,0.0,1.0
实验区,3.0,0.0,1.0,0.0
闲货售,0.0,3.0,0.0,1.0
重组,0.0,30.0,0.0,1.0
全国,3.0,0.0,1.0,0.0
多项,3.0,0.0,1.0,0.0
变更,0.0,3.0,0.0,1.0
苏州工业园区,3.0,0.0,1.0,0.0
局,0.0,12.0,0.0,1.0
从事,3.0,3.0,0.5,0.5
下,12.0,19.0,0.3870967741935484,0.6129032258064516
来说,3.0,0.0,1.0,0.0
运营,12.0,18.0,0.4,0.6
渠道商,0.0,6.0,0.0,1.0
百联,0.0,33.0,0.0,1.0
落地,6.0,3.0,0.6666666666666666,0.3333333333333333
收入,0.0,9.0,0.0,1.0
英国,3.0,0.0,1.0,0.0
情况,0.0,9.0,0.0,1.0
测试,15.0,0.0,1.0,0.0
大类,3.0,0.0,1.0,0.0
、,183.0,324.0,0.3609467455621302,0.6390532544378699
转向,0.0,6.0,0.0,1.0
但,0.0,9.0,0.0,1.0
178,0.0,3.0,0.0,1.0
万元,9.0,21.0,0.3,0.7
各地,3.0,0.0,1.0,0.0
条件,0.0,3.0,0.0,1.0
中小型,3.0,0.0,1.0,0.0
货,0.0,3.0,0.0,1.0
排,0.0,5.0,0.0,1.0
亚太,3.0,0.0,1.0,0.0
描述,0.0,3.0,0.0,1.0
不断,3.0,6.0,0.3333333333333333,0.6666666666666666
核放,6.0,0.0,1.0,0.0
力争,3.0,0.0,1.0,0.0
母婴,3.0,3.0,0.5,0.5
分散,0.0,9.0,0.0,1.0
长期,0.0,6.0,0.0,1.0
分析,0.0,3.0,0.0,1.0
概念,0.0,9.0,0.0,1.0
谷,85.0,0.0,1.0,0.0
董事长,9.0,6.0,0.6,0.4
通关,15.0,6.0,0.7142857142857143,0.2857142857142857
由百圆,0.0,3.0,0.0,1.0
深度,0.0,9.0,0.0,1.0
国际贸易,12.0,0.0,1.0,0.0
密码,6.0,0.0,1.0,0.0
凭借,0.0,6.0,0.0,1.0
个人,3.0,0.0,1.0,0.0
百分点,0.0,3.0,0.0,1.0
愈强,0.0,6.0,0.0,1.0
外贸,0.0,3.0,0.0,1.0
600,0.0,3.0,0.0,1.0
自贸区,3.0,0.0,1.0,0.0
2,18.0,15.0,0.5454545454545454,0.45454545454545453
权益,0.0,6.0,0.0,1.0
5.95,0.0,3.0,0.0,1.0
宝,0.0,3.0,0.0,1.0
政策,3.0,3.0,0.5,0.5
容忍,6.0,0.0,1.0,0.0
工商银行,3.0,0.0,1.0,0.0
市场,3.0,27.0,0.1,0.9
极具,3.0,0.0,1.0,0.0
6000,0.0,3.0,0.0,1.0
首先,0.0,3.0,0.0,1.0
一次,12.0,0.0,1.0,0.0
再下,0.0,12.0,0.0,1.0
樊,0.0,15.0,0.0,1.0
计划,3.0,0.0,1.0,0.0
变动,0.0,6.0,0.0,1.0
武商,0.0,18.0,0.0,1.0
评级,0.0,6.0,0.0,1.0
交易类型,3.0,0.0,1.0,0.0
投,3.0,0.0,1.0,0.0
签字,6.0,0.0,1.0,0.0
签证,3.0,0.0,1.0,0.0
5000,0.0,3.0,0.0,1.0
其余,3.0,0.0,1.0,0.0
全程,0.0,6.0,0.0,1.0
资本运作,0.0,6.0,0.0,1.0
=,0.0,51.0,0.0,1.0
103,0.0,3.0,0.0,1.0
增值,3.0,0.0,1.0,0.0
资深,3.0,0.0,1.0,0.0
S0570512080004,0.0,3.0,0.0,1.0
玉石,0.0,3.0,0.0,1.0
上升,3.0,0.0,1.0,0.0
正式,6.0,3.0,0.6666666666666666,0.3333333333333333
cFibZ010MwhskrkMdW7QuMCyLl9RIDKeWh1EIz0bpg,0.0,3.0,0.0,1.0
意愿,0.0,3.0,0.0,1.0
管家,3.0,0.0,1.0,0.0
彩妆,3.0,0.0,1.0,0.0
无国界,3.0,0.0,1.0,0.0
程筱琳,3.0,0.0,1.0,0.0
主要,15.0,8.0,0.6521739130434783,0.34782608695652173
华,0.0,3.0,0.0,1.0
一,3.0,3.0,0.5,0.5
今年,12.0,6.0,0.6666666666666666,0.3333333333333333
市场份额,0.0,6.0,0.0,1.0
联通,0.0,3.0,0.0,1.0
案件,0.0,3.0,0.0,1.0
进口,3.0,30.0,0.09090909090909091,0.9090909090909091
较为,0.0,9.0,0.0,1.0
通过,15.0,24.0,0.38461538461538464,0.6153846153846154
拍,0.0,6.0,0.0,1.0
约,0.0,6.0,0.0,1.0
减持,0.0,3.0,0.0,1.0
双向,0.0,3.0,0.0,1.0
试点,3.0,0.0,1.0,0.0
上线,28.0,3.0,0.9032258064516129,0.0967741935483871
市值,0.0,21.0,0.0,1.0
湖南省,6.0,0.0,1.0,0.0
④,0.0,3.0,0.0,1.0
2015,0.0,18.0,0.0,1.0
本表,3.0,0.0,1.0,0.0
可,15.0,6.0,0.7142857142857143,0.2857142857142857
一系列,0.0,3.0,0.0,1.0
费用率,0.0,3.0,0.0,1.0
同时,9.0,12.0,0.42857142857142855,0.5714285714285714
30,0.0,6.0,0.0,1.0
杭,6.0,0.0,1.0,0.0
反垄断,0.0,18.0,0.0,1.0
在,82.0,41.0,0.6666666666666666,0.3333333333333333
银通,3.0,0.0,1.0,0.0
开业,0.0,3.0,0.0,1.0
对价,0.0,9.0,0.0,1.0
处于,0.0,10.0,0.0,1.0
系列产品,9.0,0.0,1.0,0.0
数据,3.0,3.0,0.5,0.5
多家,3.0,3.0,0.5,0.5
5.66,0.0,3.0,0.0,1.0
满足,3.0,0.0,1.0,0.0
东北,0.0,9.0,0.0,1.0
集中度,0.0,6.0,0.0,1.0
体系,6.0,3.0,0.6666666666666666,0.3333333333333333
高级,3.0,0.0,1.0,0.0
销售,3.0,14.0,0.17647058823529413,0.8235294117647058
转让,0.0,27.0,0.0,1.0
看出,0.0,3.0,0.0,1.0
消息,0.0,3.0,0.0,1.0
强者,0.0,6.0,0.0,1.0
85.4,0.0,3.0,0.0,1.0
霍岩,3.0,0.0,1.0,0.0
发布,0.0,9.0,0.0,1.0
鄂,0.0,18.0,0.0,1.0
零售商,3.0,0.0,1.0,0.0
五新,3.0,0.0,1.0,0.0
冒牌,3.0,0.0,1.0,0.0
行政许可,0.0,6.0,0.0,1.0
境外,15.0,3.0,0.8333333333333334,0.16666666666666666
践行,0.0,3.0,0.0,1.0
出口,0.0,39.0,0.0,1.0
立体,3.0,12.0,0.2,0.8
中国商会,6.0,0.0,1.0,0.0
目标价,0.0,6.0,0.0,1.0
凭,6.0,0.0,1.0,0.0
合格,3.0,0.0,1.0,0.0
作业区,3.0,0.0,1.0,0.0
秒,12.0,0.0,1.0,0.0
28,1.0,0.0,1.0,0.0
拓逊,0.0,24.0,0.0,1.0
透支,3.0,0.0,1.0,0.0
领跑,0.0,10.0,0.0,1.0
方面,3.0,9.0,0.25,0.75
类,3.0,0.0,1.0,0.0
再用,3.0,0.0,1.0,0.0
睿,0.0,3.0,0.0,1.0
占率,0.0,12.0,0.0,1.0
此前,0.0,3.0,0.0,1.0
英镑,3.0,0.0,1.0,0.0
推介会,15.0,0.0,1.0,0.0
渗透率,0.0,3.0,0.0,1.0
有助于,0.0,6.0,0.0,1.0
定增,0.0,3.0,0.0,1.0
今日,0.0,6.0,0.0,1.0
<,0.0,21.0,0.0,1.0
有关,0.0,3.0,0.0,1.0
速度,3.0,0.0,1.0,0.0
吻合,0.0,3.0,0.0,1.0
口岸,6.0,0.0,1.0,0.0
电话,3.0,0.0,1.0,0.0
目的,0.0,3.0,0.0,1.0
运作,3.0,0.0,1.0,0.0
让,6.0,0.0,1.0,0.0
优异,0.0,3.0,0.0,1.0
垂直,0.0,6.0,0.0,1.0
看好,0.0,9.0,0.0,1.0
丁,0.0,3.0,0.0,1.0
公共服务,3.0,0.0,1.0,0.0
002640,0.0,41.0,0.0,1.0
最大,0.0,6.0,0.0,1.0
设置,3.0,0.0,1.0,0.0
SRC,0.0,21.0,0.0,1.0
通等,0.0,6.0,0.0,1.0
关注,0.0,3.0,0.0,1.0
透露,3.0,0.0,1.0,0.0
之日起,0.0,3.0,0.0,1.0
11.64,0.0,3.0,0.0,1.0
服务平台,9.0,0.0,1.0,0.0
态势,0.0,3.0,0.0,1.0
记者,3.0,3.0,0.5,0.5
环节,0.0,3.0,0.0,1.0
电子商务,24.0,12.0,0.6666666666666666,0.3333333333333333
募集,0.0,9.0,0.0,1.0
煤企,0.0,3.0,0.0,1.0
裴灵燕,0.0,3.0,0.0,1.0
系列,6.0,6.0,0.5,0.5
源头,3.0,0.0,1.0,0.0
可圈可点,3.0,0.0,1.0,0.0
对台,3.0,0.0,1.0,0.0
开篇,3.0,0.0,1.0,0.0
除了,0.0,3.0,0.0,1.0
据介绍,3.0,0.0,1.0,0.0
监管,9.0,0.0,1.0,0.0
汇总,0.0,3.0,0.0,1.0
商业,3.0,0.0,1.0,0.0
共赢,3.0,0.0,1.0,0.0
不菲,0.0,3.0,0.0,1.0
资金,3.0,9.0,0.25,0.75
一季度,0.0,3.0,0.0,1.0
平台,60.0,18.0,0.7692307692307693,0.23076923076923078
资本,0.0,11.0,0.0,1.0
接受,0.0,3.0,0.0,1.0
股东,0.0,24.0,0.0,1.0
时共,0.0,3.0,0.0,1.0
总行,3.0,0.0,1.0,0.0
中国证监会,0.0,9.0,0.0,1.0
供应商,0.0,18.0,0.0,1.0
网点,3.0,0.0,1.0,0.0
价即,0.0,3.0,0.0,1.0
民生银行,18.0,0.0,1.0,0.0
自由贸易,3.0,0.0,1.0,0.0
安排,3.0,0.0,1.0,0.0
值得注意,0.0,3.0,0.0,1.0
元,0.0,15.0,0.0,1.0
640,0.0,6.0,0.0,1.0
vUBiclWn2tIqzU288DdPs3GkJvI0cMepM7GyUxRCwmGvTw3WXjAVG8FIH7icMZzkQkSIGMXsxnA,0.0,3.0,0.0,1.0
过程,3.0,3.0,0.5,0.5
到,6.0,6.0,0.5,0.5
拥有,3.0,0.0,1.0,0.0
通及,0.0,3.0,0.0,1.0
37.2,6.0,0.0,1.0,0.0
主营业务,0.0,3.0,0.0,1.0
一下,0.0,6.0,0.0,1.0
获得,0.0,6.0,0.0,1.0
多维,3.0,0.0,1.0,0.0
地,0.0,3.0,0.0,1.0
一带,12.0,0.0,1.0,0.0
龙头,0.0,57.0,0.0,1.0
相比,0.0,3.0,0.0,1.0
用卓隽,6.0,0.0,1.0,0.0
所有,6.0,0.0,1.0,0.0
努尔,0.0,3.0,0.0,1.0
阳光,3.0,0.0,1.0,0.0
全场,3.0,0.0,1.0,0.0
利于,0.0,6.0,0.0,1.0
范围,6.0,3.0,0.6666666666666666,0.3333333333333333
首家,6.0,0.0,1.0,0.0
鼎力相助,0.0,3.0,0.0,1.0
团队,0.0,15.0,0.0,1.0
会员,0.0,3.0,0.0,1.0
行业,3.0,40.0,0.06976744186046512,0.9302325581395349
质量,0.0,6.0,0.0,1.0
申请,6.0,6.0,0.5,0.5
用品,3.0,0.0,1.0,0.0
法律法规,3.0,0.0,1.0,0.0
增量,0.0,3.0,0.0,1.0
中,0.0,11.0,0.0,1.0
寄售,0.0,3.0,0.0,1.0
;,3.0,0.0,1.0,0.0
复杂,0.0,3.0,0.0,1.0
影响,0.0,3.0,0.0,1.0
2018,0.0,3.0,0.0,1.0
收到,0.0,3.0,0.0,1.0
王晓艳,0.0,9.0,0.0,1.0
携手,0.0,3.0,0.0,1.0
老凤祥,0.0,21.0,0.0,1.0
国际化,6.0,0.0,1.0,0.0
证监会,0.0,12.0,0.0,1.0
①,0.0,3.0,0.0,1.0
教授,3.0,0.0,1.0,0.0
一大,0.0,6.0,0.0,1.0
福建,27.0,0.0,1.0,0.0
持续,0.0,12.0,0.0,1.0
《,0.0,6.0,0.0,1.0
对此,3.0,0.0,1.0,0.0
作价,0.0,12.0,0.0,1.0
免密,6.0,0.0,1.0,0.0
首选,3.0,0.0,1.0,0.0
分红,0.0,9.0,0.0,1.0
实时,3.0,0.0,1.0,0.0
非常,0.0,3.0,0.0,1.0
里,3.0,0.0,1.0,0.0
未来,6.0,6.0,0.5,0.5
办理,9.0,0.0,1.0,0.0
景,0.0,3.0,0.0,1.0
总,0.0,6.0,0.0,1.0
mastercard,6.0,0.0,1.0,0.0
金融服务,18.0,0.0,1.0,0.0
交易,27.0,15.0,0.6428571428571429,0.35714285714285715
快速,0.0,3.0,0.0,1.0
数字,0.0,3.0,0.0,1.0
万事达,3.0,0.0,1.0,0.0
之作,3.0,0.0,1.0,0.0
往卓隽里,3.0,0.0,1.0,0.0
生态圈,0.0,3.0,0.0,1.0
促共赢,0.0,12.0,0.0,1.0
推进,9.0,3.0,0.75,0.25
EPS,0.0,3.0,0.0,1.0
国内,6.0,6.0,0.5,0.5
看看,0.0,3.0,0.0,1.0
业绩,0.0,30.0,0.0,1.0
具体,0.0,3.0,0.0,1.0
一是,0.0,3.0,0.0,1.0
lxubUbic6XSW8olZxictP8ZMmWmEmqVWKD9QGbPXdKyUAVArTgeVPN0tRC7lNeVWUXZaAtQKn8ZbYibxdT0kSSdOw,0.0,3.0,0.0,1.0
迅速,0.0,6.0,0.0,1.0
宝等,0.0,3.0,0.0,1.0
聚力,3.0,0.0,1.0,0.0
积极,0.0,3.0,0.0,1.0
即可,3.0,0.0,1.0,0.0
万股,0.0,12.0,0.0,1.0
?,21.0,30.0,0.4117647058823529,0.5882352941176471
为,27.0,51.0,0.34615384615384615,0.6538461538461539
激励机制,0.0,3.0,0.0,1.0
com,3.0,0.0,1.0,0.0
板块,0.0,12.0,0.0,1.0
周年,9.0,0.0,1.0,0.0
尝试,6.0,0.0,1.0,0.0
相关,3.0,0.0,1.0,0.0
盈利,0.0,6.0,0.0,1.0
振东,0.0,3.0,0.0,1.0
仪式,3.0,0.0,1.0,0.0
交由,3.0,0.0,1.0,0.0
f28SEaj1JL1ryEQlfxQicwXf6OUISiaKHGnDZ3wN9qahRwaNwtfC8RFfdrDFsUnLUfNujA,0.0,3.0,0.0,1.0
利润,0.0,3.0,0.0,1.0
纽约,3.0,0.0,1.0,0.0
遭遇,0.0,3.0,0.0,1.0
双方,0.0,3.0,0.0,1.0
希,0.0,3.0,0.0,1.0
线,0.0,3.0,0.0,1.0
向,6.0,12.0,0.3333333333333333,0.6666666666666666
不能,3.0,0.0,1.0,0.0
第一,0.0,5.0,0.0,1.0
调高,3.0,0.0,1.0,0.0
柜台,3.0,0.0,1.0,0.0
品牌化,0.0,6.0,0.0,1.0
格局,0.0,6.0,0.0,1.0
申请材料,0.0,3.0,0.0,1.0
其他,9.0,0.0,1.0,0.0
鹏飞,0.0,3.0,0.0,1.0
针对,3.0,0.0,1.0,0.0
资源优势,3.0,0.0,1.0,0.0
总监,6.0,0.0,1.0,0.0
关系,0.0,5.0,0.0,1.0
转账,3.0,0.0,1.0,0.0
交运,0.0,9.0,0.0,1.0
红狮,3.0,0.0,1.0,0.0
VISA,3.0,0.0,1.0,0.0
有幸,0.0,3.0,0.0,1.0
更具,3.0,0.0,1.0,0.0
更名,0.0,3.0,0.0,1.0
值得,3.0,3.0,0.5,0.5
自,0.0,9.0,0.0,1.0
厂家,3.0,0.0,1.0,0.0
级,3.0,0.0,1.0,0.0
中国民生银行,9.0,0.0,1.0,0.0
符合,3.0,0.0,1.0,0.0
预计,0.0,6.0,0.0,1.0
整个,3.0,3.0,0.5,0.5
收取,6.0,0.0,1.0,0.0
核验,12.0,0.0,1.0,0.0
换成,3.0,0.0,1.0,0.0
充分发挥,9.0,0.0,1.0,0.0
明显改善,0.0,3.0,0.0,1.0
互娱,0.0,3.0,0.0,1.0
娜,0.0,3.0,0.0,1.0
金融,33.0,0.0,1.0,0.0
全方位,3.0,3.0,0.5,0.5
把,6.0,0.0,1.0,0.0
冯晓奕,0.0,3.0,0.0,1.0
国家,9.0,0.0,1.0,0.0
参会,0.0,3.0,0.0,1.0
成为,6.0,9.0,0.4,0.6
受让,0.0,3.0,0.0,1.0
告白,0.0,3.0,0.0,1.0
通打,3.0,0.0,1.0,0.0
企业,18.0,12.0,0.6,0.4
期到,3.0,0.0,1.0,0.0
目前,0.0,14.0,0.0,1.0
2014,0.0,6.0,0.0,1.0
浪奇,0.0,3.0,0.0,1.0
面向,3.0,0.0,1.0,0.0
663.95,0.0,3.0,0.0,1.0
经历,0.0,6.0,0.0,1.0
海量,3.0,0.0,1.0,0.0
2017,0.0,24.0,0.0,1.0
董事,0.0,6.0,0.0,1.0
跨境,346.0,435.0,0.44302176696542894,0.5569782330345711
116,0.0,3.0,0.0,1.0
；,27.0,12.0,0.6923076923076923,0.3076923076923077
保税,0.0,6.0,0.0,1.0
增加,0.0,3.0,0.0,1.0
集团,33.0,3.0,0.9166666666666666,0.08333333333333333
顺利,0.0,9.0,0.0,1.0
大大,3.0,0.0,1.0,0.0
主任,6.0,0.0,1.0,0.0
消费,9.0,3.0,0.75,0.25
额,0.0,3.0,0.0,1.0
道路,3.0,0.0,1.0,0.0
之一,0.0,15.0,0.0,1.0
菜鸟,48.0,0.0,1.0,0.0
行业龙头,0.0,6.0,0.0,1.0
即将,3.0,0.0,1.0,0.0
家居,3.0,0.0,1.0,0.0
通将,6.0,0.0,1.0,0.0
营业,0.0,6.0,0.0,1.0
优壹,0.0,48.0,0.0,1.0
解决方案,6.0,0.0,1.0,0.0
箱包,3.0,0.0,1.0,0.0
出国,18.0,0.0,1.0,0.0
浙川,0.0,3.0,0.0,1.0
来源,0.0,3.0,0.0,1.0
举行,3.0,0.0,1.0,0.0
通从,0.0,3.0,0.0,1.0
管理层,0.0,6.0,0.0,1.0
跟踪,0.0,6.0,0.0,1.0
筹备,3.0,0.0,1.0,0.0
最,3.0,0.0,1.0,0.0
张冉及,0.0,3.0,0.0,1.0
加上,0.0,3.0,0.0,1.0
保证,0.0,6.0,0.0,1.0
用时,6.0,0.0,1.0,0.0
投入使用,3.0,0.0,1.0,0.0
http,0.0,21.0,0.0,1.0
要求,3.0,0.0,1.0,0.0
暨,9.0,0.0,1.0,0.0
亨利,15.0,0.0,1.0,0.0
要,3.0,3.0,0.5,0.5
报告,6.0,3.0,0.6666666666666666,0.3333333333333333
证书编号,0.0,3.0,0.0,1.0
竭诚,3.0,0.0,1.0,0.0
一站式,9.0,0.0,1.0,0.0
开个,3.0,0.0,1.0,0.0
稳固,0.0,6.0,0.0,1.0
助力,15.0,10.0,0.6,0.4
合伙人,0.0,6.0,0.0,1.0
15,3.0,0.0,1.0,0.0
亿,0.0,21.0,0.0,1.0
客户经理,3.0,0.0,1.0,0.0
开放,3.0,0.0,1.0,0.0
长城,36.0,0.0,1.0,0.0
进入,0.0,5.0,0.0,1.0
网获,6.0,0.0,1.0,0.0
售,0.0,3.0,0.0,1.0
该,0.0,9.0,0.0,1.0
支持,9.0,0.0,1.0,0.0
海外,3.0,0.0,1.0,0.0
女士,6.0,6.0,0.5,0.5
18900662068,0.0,3.0,0.0,1.0
已有,6.0,0.0,1.0,0.0
通卡,3.0,0.0,1.0,0.0
建设,9.0,0.0,1.0,0.0
普通,3.0,0.0,1.0,0.0
以来,3.0,0.0,1.0,0.0
订单,18.0,0.0,1.0,0.0
金牌,3.0,0.0,1.0,0.0
夫妇,0.0,3.0,0.0,1.0
内,18.0,0.0,1.0,0.0
主导,0.0,3.0,0.0,1.0
针对性,0.0,3.0,0.0,1.0
一名,3.0,0.0,1.0,0.0
3.32,0.0,3.0,0.0,1.0
jpg,0.0,6.0,0.0,1.0
继续,3.0,3.0,0.5,0.5
最新,0.0,3.0,0.0,1.0
夯实,0.0,3.0,0.0,1.0
嘉宾,3.0,0.0,1.0,0.0
有望,0.0,6.0,0.0,1.0
研判,0.0,3.0,0.0,1.0
单一,3.0,0.0,1.0,0.0
表达,0.0,3.0,0.0,1.0
国君,0.0,6.0,0.0,1.0
股价,0.0,12.0,0.0,1.0
作为,18.0,12.0,0.6,0.4
胜出,0.0,6.0,0.0,1.0
41,0.0,3.0,0.0,1.0
竞争,0.0,20.0,0.0,1.0
人员,0.0,3.0,0.0,1.0
去,6.0,0.0,1.0,0.0
法律,0.0,12.0,0.0,1.0
多角度,0.0,3.0,0.0,1.0
之高,0.0,3.0,0.0,1.0
国检,6.0,0.0,1.0,0.0
99.5,6.0,0.0,1.0,0.0
持有,6.0,15.0,0.2857142857142857,0.7142857142857143
调整,6.0,6.0,0.5,0.5
推出,3.0,0.0,1.0,0.0
三江,3.0,0.0,1.0,0.0
募资,6.0,0.0,1.0,0.0
通承,3.0,0.0,1.0,0.0
年报,0.0,3.0,0.0,1.0
zibrAoWRtyHNBlLwCSUc5hDGqZLM6aia,0.0,3.0,0.0,1.0
卓隽卡,3.0,0.0,1.0,0.0
分钟,6.0,0.0,1.0,0.0
本土,3.0,0.0,1.0,0.0
支付现金,0.0,6.0,0.0,1.0
其中,9.0,3.0,0.75,0.25
帮,3.0,0.0,1.0,0.0
可溯,3.0,0.0,1.0,0.0
463.95,0.0,3.0,0.0,1.0
发布会,4.0,3.0,0.5714285714285714,0.42857142857142855
发掘,0.0,6.0,0.0,1.0
根据,0.0,3.0,0.0,1.0
流量,0.0,3.0,0.0,1.0
互利,3.0,0.0,1.0,0.0
升级,3.0,0.0,1.0,0.0
此事,3.0,0.0,1.0,0.0
了解,6.0,3.0,0.6666666666666666,0.3333333333333333
存,12.0,0.0,1.0,0.0
推广,0.0,3.0,0.0,1.0
黄峰,3.0,0.0,1.0,0.0
屡试不爽,0.0,3.0,0.0,1.0
近几年,0.0,3.0,0.0,1.0
场景,3.0,0.0,1.0,0.0
扩大,3.0,0.0,1.0,0.0
国贸,3.0,0.0,1.0,0.0
全力,3.0,0.0,1.0,0.0
境内,0.0,3.0,0.0,1.0
列示,3.0,0.0,1.0,0.0
为华斯,0.0,3.0,0.0,1.0
要闻,6.0,0.0,1.0,0.0
电子产品,3.0,0.0,1.0,0.0
震惊,3.0,0.0,1.0,0.0
IP,0.0,3.0,0.0,1.0
副,6.0,0.0,1.0,0.0
会展,3.0,0.0,1.0,0.0
输送,3.0,0.0,1.0,0.0
配置,3.0,0.0,1.0,0.0
银卡转,3.0,0.0,1.0,0.0
一千,6.0,0.0,1.0,0.0
予以,0.0,3.0,0.0,1.0
最高,0.0,3.0,0.0,1.0
里程碑,3.0,0.0,1.0,0.0
为何,0.0,6.0,0.0,1.0
直播,6.0,0.0,1.0,0.0
曲线,0.0,3.0,0.0,1.0
比较,3.0,0.0,1.0,0.0
Online,0.0,3.0,0.0,1.0
定,0.0,3.0,0.0,1.0
直接,3.0,0.0,1.0,0.0
监控,3.0,0.0,1.0,0.0
10.5,0.0,3.0,0.0,1.0
点,0.0,9.0,0.0,1.0
3,0.0,12.0,0.0,1.0
运行,3.0,0.0,1.0,0.0
系统,9.0,0.0,1.0,0.0
配套,3.0,18.0,0.14285714285714285,0.8571428571428571
两大,0.0,3.0,0.0,1.0
第二次,0.0,3.0,0.0,1.0
ATM,6.0,0.0,1.0,0.0
16,3.0,12.0,0.2,0.8
好,0.0,3.0,0.0,1.0
两岸,3.0,0.0,1.0,0.0
前海,0.0,6.0,0.0,1.0
还,9.0,0.0,1.0,0.0
控制,0.0,12.0,0.0,1.0
献礼,3.0,0.0,1.0,0.0
启用,6.0,0.0,1.0,0.0
准备,3.0,0.0,1.0,0.0
内生,0.0,9.0,0.0,1.0
理顺,0.0,12.0,0.0,1.0
并,18.0,6.0,0.75,0.25
保健食品,3.0,0.0,1.0,0.0
上证指数,0.0,3.0,0.0,1.0
公式,0.0,3.0,0.0,1.0
香港,34.0,0.0,1.0,0.0
第一个,3.0,0.0,1.0,0.0
大罗,0.0,3.0,0.0,1.0
相互之间,0.0,5.0,0.0,1.0
中原地区,3.0,0.0,1.0,0.0
出库,3.0,0.0,1.0,0.0
自主,3.0,6.0,0.3333333333333333,0.6666666666666666
海淘零,3.0,0.0,1.0,0.0
19,0.0,3.0,0.0,1.0
净利润,0.0,9.0,0.0,1.0
|,0.0,24.0,0.0,1.0
印克,6.0,0.0,1.0,0.0
过会,0.0,6.0,0.0,1.0
大酒店,1.0,0.0,1.0,0.0
审慎,0.0,3.0,0.0,1.0
出去,3.0,0.0,1.0,0.0
17.9,0.0,3.0,0.0,1.0
货物,3.0,0.0,1.0,0.0
网络科技,9.0,0.0,1.0,0.0
这个,3.0,3.0,0.5,0.5
整合,12.0,24.0,0.3333333333333333,0.6666666666666666
股权结构,0.0,15.0,0.0,1.0
受邀,3.0,0.0,1.0,0.0
广东省,0.0,3.0,0.0,1.0
确保,3.0,0.0,1.0,0.0
下降,0.0,3.0,0.0,1.0
隆重举行,1.0,3.0,0.25,0.75
支出,0.0,3.0,0.0,1.0
少有,0.0,3.0,0.0,1.0
全面,9.0,0.0,1.0,0.0
通道,6.0,0.0,1.0,0.0
5,6.0,9.0,0.4,0.6
年,0.0,63.0,0.0,1.0
早期,0.0,5.0,0.0,1.0
化工,3.0,0.0,1.0,0.0
湖畔,3.0,0.0,1.0,0.0
/,0.0,132.0,0.0,1.0
学子,3.0,0.0,1.0,0.0
厉力,3.0,0.0,1.0,0.0
此举,0.0,6.0,0.0,1.0
扩张,0.0,3.0,0.0,1.0
累计,3.0,0.0,1.0,0.0
们,3.0,0.0,1.0,0.0
陪伴,0.0,9.0,0.0,1.0
金鸡,3.0,0.0,1.0,0.0
公里,3.0,0.0,1.0,0.0
传统,0.0,3.0,0.0,1.0
40,0.0,3.0,0.0,1.0
蚂蚁,3.0,0.0,1.0,0.0
俱乐部,3.0,0.0,1.0,0.0
瞿永忠,0.0,9.0,0.0,1.0
不足,0.0,6.0,0.0,1.0
带给,3.0,0.0,1.0,0.0
ibJ8H1XpXDIYjeyVEA5t8gl1nuT5Vm,0.0,3.0,0.0,1.0
降低,3.0,0.0,1.0,0.0
渐入,0.0,3.0,0.0,1.0
窗口,3.0,0.0,1.0,0.0
自身,0.0,3.0,0.0,1.0
14.34,0.0,3.0,0.0,1.0
由,6.0,6.0,0.5,0.5
竞争力,3.0,0.0,1.0,0.0
着,3.0,0.0,1.0,0.0
见面,3.0,0.0,1.0,0.0
用于,3.0,0.0,1.0,0.0
北京,0.0,15.0,0.0,1.0
估值,0.0,6.0,0.0,1.0
明显,0.0,3.0,0.0,1.0
共同,3.0,0.0,1.0,0.0
IMAGE,0.0,21.0,0.0,1.0
参考,0.0,3.0,0.0,1.0
供应链,0.0,3.0,0.0,1.0
活动,3.0,0.0,1.0,0.0
保税仓,3.0,0.0,1.0,0.0
基础,0.0,6.0,0.0,1.0
见证,3.0,0.0,1.0,0.0
让给,0.0,6.0,0.0,1.0
案,0.0,6.0,0.0,1.0
950.00,0.0,3.0,0.0,1.0
客户,30.0,3.0,0.9090909090909091,0.09090909090909091
通市,0.0,12.0,0.0,1.0
士兰微,0.0,3.0,0.0,1.0
自行,6.0,0.0,1.0,0.0
B2C,0.0,23.0,0.0,1.0
橡胶,3.0,0.0,1.0,0.0
7200,0.0,3.0,0.0,1.0
背景,0.0,16.0,0.0,1.0
工行,9.0,0.0,1.0,0.0
集中,0.0,6.0,0.0,1.0
组合,0.0,3.0,0.0,1.0
),0.0,20.0,0.0,1.0
CEO,3.0,0.0,1.0,0.0
学校,3.0,0.0,1.0,0.0
美元,3.0,0.0,1.0,0.0
能,0.0,3.0,0.0,1.0
具有,0.0,3.0,0.0,1.0
8000,0.0,3.0,0.0,1.0
释放,0.0,3.0,0.0,1.0
核准,0.0,3.0,0.0,1.0
走势,0.0,6.0,0.0,1.0
方式,6.0,0.0,1.0,0.0
卫星,3.0,0.0,1.0,0.0
上述,3.0,0.0,1.0,0.0
平潭,27.0,0.0,1.0,0.0
审核,0.0,9.0,0.0,1.0
在线,3.0,0.0,1.0,0.0
02,0.0,9.0,0.0,1.0
信任,3.0,0.0,1.0,0.0
使用费,0.0,3.0,0.0,1.0
上调,0.0,3.0,0.0,1.0
进口商品,6.0,0.0,1.0,0.0
尊享,3.0,0.0,1.0,0.0
充分,6.0,0.0,1.0,0.0
年底,3.0,3.0,0.5,0.5
取得,3.0,3.0,0.5,0.5
107,0.0,6.0,0.0,1.0
网银,3.0,0.0,1.0,0.0
前五,0.0,3.0,0.0,1.0
避险,3.0,0.0,1.0,0.0
商机,3.0,0.0,1.0,0.0
51,0.0,3.0,0.0,1.0
对于,3.0,3.0,0.5,0.5
做客,3.0,0.0,1.0,0.0
7.05,0.0,3.0,0.0,1.0
常用,6.0,0.0,1.0,0.0
留学,21.0,0.0,1.0,0.0
进行,18.0,12.0,0.6,0.4
标记,3.0,0.0,1.0,0.0
检测,6.0,0.0,1.0,0.0
随着,3.0,6.0,0.3333333333333333,0.6666666666666666
A股,0.0,6.0,0.0,1.0
同年,0.0,3.0,0.0,1.0
学成归国,3.0,0.0,1.0,0.0
绝无仅有,3.0,0.0,1.0,0.0
研究,0.0,15.0,0.0,1.0
决定,0.0,3.0,0.0,1.0
复合,0.0,6.0,0.0,1.0
推荐,9.0,0.0,1.0,0.0
增募,0.0,3.0,0.0,1.0
于,6.0,12.0,0.3333333333333333,0.6666666666666666
万美金,6.0,0.0,1.0,0.0
开辟,3.0,0.0,1.0,0.0
成,3.0,0.0,1.0,0.0
2910,6.0,0.0,1.0,0.0
大陆,3.0,0.0,1.0,0.0
成长,0.0,9.0,0.0,1.0
快,0.0,6.0,0.0,1.0
离不开,0.0,3.0,0.0,1.0
13,3.0,3.0,0.5,0.5
为百圆,0.0,3.0,0.0,1.0
近年来,0.0,3.0,0.0,1.0
1.67,0.0,3.0,0.0,1.0
350.00,0.0,3.0,0.0,1.0
孙妤,0.0,3.0,0.0,1.0
参加,3.0,0.0,1.0,0.0
上,12.0,0.0,1.0,0.0
一份,3.0,0.0,1.0,0.0
成立,6.0,0.0,1.0,0.0
零售,0.0,36.0,0.0,1.0
优秀,0.0,3.0,0.0,1.0
瓶颈,0.0,3.0,0.0,1.0
证券,0.0,9.0,0.0,1.0
杭州,3.0,0.0,1.0,0.0
承诺,0.0,3.0,0.0,1.0
发行,0.0,24.0,0.0,1.0
融资,18.0,0.0,1.0,0.0
重百,0.0,6.0,0.0,1.0
银行,6.0,0.0,1.0,0.0
导向,0.0,6.0,0.0,1.0
示范,3.0,0.0,1.0,0.0
时尚服饰,3.0,0.0,1.0,0.0
之前,3.0,0.0,1.0,0.0
20,9.0,0.0,1.0,0.0
连锁,0.0,6.0,0.0,1.0
中百,0.0,3.0,0.0,1.0
60,3.0,6.0,0.3333333333333333,0.6666666666666666
并购,0.0,42.0,0.0,1.0
商报讯,0.0,3.0,0.0,1.0
5.03,0.0,9.0,0.0,1.0
等,24.0,21.0,0.5333333333333333,0.4666666666666667
成功,27.0,0.0,1.0,0.0
费,0.0,3.0,0.0,1.0
代码,0.0,3.0,0.0,1.0
办个,3.0,0.0,1.0,0.0
电商,36.0,122.0,0.22784810126582278,0.7721518987341772
五大,6.0,0.0,1.0,0.0
法宝,0.0,3.0,0.0,1.0
方杨,0.0,3.0,0.0,1.0
周丽琼,0.0,3.0,0.0,1.0
成绩,3.0,3.0,0.5,0.5
－,0.0,6.0,0.0,1.0
文投,0.0,3.0,0.0,1.0
广告业务,0.0,3.0,0.0,1.0
提供,39.0,21.0,0.65,0.35
同行,3.0,0.0,1.0,0.0
清关,3.0,0.0,1.0,0.0
申报,9.0,12.0,0.42857142857142855,0.5714285714285714
能源,3.0,3.0,0.5,0.5
一路,12.0,0.0,1.0,0.0
亮相,3.0,0.0,1.0,0.0
手续费,9.0,0.0,1.0,0.0
同增,0.0,6.0,0.0,1.0
昨天,3.0,0.0,1.0,0.0
能力,3.0,9.0,0.25,0.75
预测,0.0,6.0,0.0,1.0
美锦,0.0,3.0,0.0,1.0
仅,0.0,12.0,0.0,1.0
股票,0.0,12.0,0.0,1.0
信贷,6.0,0.0,1.0,0.0
教育,3.0,0.0,1.0,0.0
荣盛,3.0,0.0,1.0,0.0
佣金,0.0,3.0,0.0,1.0
番禺,0.0,3.0,0.0,1.0
大伙,0.0,3.0,0.0,1.0
中行,6.0,0.0,1.0,0.0
取现,6.0,0.0,1.0,0.0
用网,3.0,0.0,1.0,0.0
通是,3.0,3.0,0.5,0.5
6.75,0.0,3.0,0.0,1.0
一笔,6.0,0.0,1.0,0.0
快件,6.0,0.0,1.0,0.0
人民币,18.0,0.0,1.0,0.0
完善,0.0,3.0,0.0,1.0
以,3.0,9.0,0.25,0.75
配饰,3.0,0.0,1.0,0.0
维格,0.0,3.0,0.0,1.0
假货,6.0,0.0,1.0,0.0
收购,3.0,54.0,0.05263157894736842,0.9473684210526315
唯一,0.0,3.0,0.0,1.0
授牌,3.0,0.0,1.0,0.0
18,0.0,3.0,0.0,1.0
从而,0.0,3.0,0.0,1.0
按照,0.0,3.0,0.0,1.0
wx,0.0,27.0,0.0,1.0
一城,0.0,12.0,0.0,1.0
稳健,3.0,0.0,1.0,0.0
会议,3.0,0.0,1.0,0.0
购买,3.0,3.0,0.5,0.5
资产,0.0,3.0,0.0,1.0
3800,0.0,3.0,0.0,1.0
同期,0.0,3.0,0.0,1.0
检疫,3.0,0.0,1.0,0.0
总经理,0.0,3.0,0.0,1.0
打包,6.0,0.0,1.0,0.0
实现,6.0,12.0,0.3333333333333333,0.6666666666666666
稳步,0.0,3.0,0.0,1.0
理念,3.0,0.0,1.0,0.0
新,12.0,12.0,0.5,0.5
上涨,0.0,6.0,0.0,1.0
是,39.0,21.0,0.65,0.35
变革,0.0,6.0,0.0,1.0
自动,18.0,0.0,1.0,0.0
解读,0.0,6.0,0.0,1.0
众多,6.0,0.0,1.0,0.0
华泰,0.0,12.0,0.0,1.0
认为,3.0,6.0,0.3333333333333333,0.6666666666666666
使用,3.0,0.0,1.0,0.0
规模,0.0,20.0,0.0,1.0
打开,3.0,0.0,1.0,0.0
>,0.0,30.0,0.0,1.0
备案,3.0,0.0,1.0,0.0
始终,3.0,0.0,1.0,0.0
天猫,6.0,0.0,1.0,0.0
技术,0.0,6.0,0.0,1.0
必备条件,0.0,6.0,0.0,1.0
 ,216.0,225.0,0.4897959183673469,0.5102040816326531
广州,0.0,6.0,0.0,1.0
时间,3.0,11.0,0.21428571428571427,0.7857142857142857
200,3.0,0.0,1.0,0.0
提升,6.0,12.0,0.3333333333333333,0.6666666666666666
驱动,0.0,3.0,0.0,1.0
中国银行,12.0,0.0,1.0,0.0
清,6.0,3.0,0.6666666666666666,0.3333333333333333
香港回归,9.0,0.0,1.0,0.0
经营,3.0,12.0,0.2,0.8
八大,3.0,0.0,1.0,0.0
13122052776,0.0,3.0,0.0,1.0
·,36.0,0.0,1.0,0.0
HKshop,3.0,0.0,1.0,0.0
由国浩,0.0,6.0,0.0,1.0
缩短,0.0,3.0,0.0,1.0
珠宝,0.0,9.0,0.0,1.0
部门,3.0,0.0,1.0,0.0
鞋靴,3.0,0.0,1.0,0.0
间,3.0,0.0,1.0,0.0
D1,0.0,6.0,0.0,1.0
关注度,0.0,3.0,0.0,1.0
转换,3.0,0.0,1.0,0.0
领域,0.0,12.0,0.0,1.0
达到,0.0,3.0,0.0,1.0
有限公司,24.0,21.0,0.5333333333333333,0.4666666666666667
改善,0.0,3.0,0.0,1.0
　,0.0,210.0,0.0,1.0
!,3.0,0.0,1.0,0.0
构建,3.0,0.0,1.0,0.0
受理,0.0,6.0,0.0,1.0
商户,27.0,0.0,1.0,0.0
走,3.0,0.0,1.0,0.0
个,0.0,3.0,0.0,1.0
丝,0.0,3.0,0.0,1.0
参与,0.0,3.0,0.0,1.0
公司简介,0.0,3.0,0.0,1.0
201,0.0,3.0,0.0,1.0
零,9.0,0.0,1.0,0.0
配股,0.0,3.0,0.0,1.0
节省,3.0,0.0,1.0,0.0
原百圆,0.0,3.0,0.0,1.0
一键,6.0,0.0,1.0,0.0
100,3.0,9.0,0.25,0.75
tibFoyFnCvQvBgV3sE36JKuhZbggQicLTL7Q7icuCuoC9h6oX9MUx9dEialsXk7ql1xrqylMBPV9oKeV03DdqzzfmA,0.0,3.0,0.0,1.0
产业园,3.0,0.0,1.0,0.0
市场趋势,0.0,3.0,0.0,1.0
但任,0.0,3.0,0.0,1.0
金井,3.0,0.0,1.0,0.0
而樊,0.0,3.0,0.0,1.0
讲,0.0,3.0,0.0,1.0
多,3.0,0.0,1.0,0.0
4,3.0,6.0,0.3333333333333333,0.6666666666666666
借助,3.0,3.0,0.5,0.5
电子,9.0,0.0,1.0,0.0
发现,0.0,3.0,0.0,1.0
4.5,0.0,3.0,0.0,1.0
zibrAoWRtyHNBlLwCSUc5hDGqZLM6aiaA9QRlNyr,0.0,3.0,0.0,1.0
放心,3.0,0.0,1.0,0.0
覆盖率,6.0,0.0,1.0,0.0
特殊,0.0,3.0,0.0,1.0
超市,0.0,24.0,0.0,1.0
据悉,3.0,0.0,1.0,0.0
新兴,0.0,3.0,0.0,1.0
递交,6.0,0.0,1.0,0.0
必须,3.0,0.0,1.0,0.0
基于,0.0,3.0,0.0,1.0
_,0.0,39.0,0.0,1.0
实力,0.0,6.0,0.0,1.0
咨询服务,3.0,0.0,1.0,0.0
流通股,0.0,3.0,0.0,1.0
资源,9.0,15.0,0.375,0.625
直播间,6.0,0.0,1.0,0.0
时即,3.0,0.0,1.0,0.0
2016,3.0,18.0,0.14285714285714285,0.8571428571428571
着力,6.0,0.0,1.0,0.0
吸引,0.0,3.0,0.0,1.0
个股,0.0,15.0,0.0,1.0
1.59,0.0,6.0,0.0,1.0
河南,3.0,0.0,1.0,0.0
劝业,0.0,3.0,0.0,1.0
百圆,0.0,3.0,0.0,1.0
外币,9.0,0.0,1.0,0.0
相对,0.0,6.0,0.0,1.0
机构,0.0,6.0,0.0,1.0
积极探索,3.0,0.0,1.0,0.0
深化,0.0,3.0,0.0,1.0
同心,3.0,0.0,1.0,0.0
竞,0.0,3.0,0.0,1.0
委,0.0,9.0,0.0,1.0
代表,0.0,3.0,0.0,1.0
%,12.0,99.0,0.10810810810810811,0.8918918918918919
小额,6.0,0.0,1.0,0.0
详细,0.0,6.0,0.0,1.0
更加,3.0,0.0,1.0,0.0
将,36.0,9.0,0.8,0.2
台,3.0,0.0,1.0,0.0
国际,48.0,3.0,0.9411764705882353,0.058823529411764705
28X,0.0,6.0,0.0,1.0
速卖,0.0,6.0,0.0,1.0
网上银行,3.0,0.0,1.0,0.0
复盘,0.0,6.0,0.0,1.0
(,0.0,20.0,0.0,1.0
云商,0.0,15.0,0.0,1.0
天内,0.0,3.0,0.0,1.0
（,6.0,75.0,0.07407407407407407,0.9259259259259259
只能,3.0,0.0,1.0,0.0
⑤,0.0,3.0,0.0,1.0
更,3.0,0.0,1.0,0.0
未,3.0,3.0,0.5,0.5
1,6.0,21.0,0.2222222222222222,0.7777777777777778
表示,6.0,3.0,0.6666666666666666,0.3333333333333333
以及,3.0,8.0,0.2727272727272727,0.7272727272727273
控人,0.0,12.0,0.0,1.0
观众,3.0,0.0,1.0,0.0
锐意,0.0,3.0,0.0,1.0
获取,0.0,12.0,0.0,1.0
CEGE,3.0,0.0,1.0,0.0
14,6.0,3.0,0.6666666666666666,0.3333333333333333
深圳,0.0,12.0,0.0,1.0
本次,3.0,24.0,0.1111111111111111,0.8888888888888888
焦化,0.0,3.0,0.0,1.0
变现,0.0,3.0,0.0,1.0
仅凭,6.0,0.0,1.0,0.0
易购,0.0,3.0,0.0,1.0
小时,6.0,0.0,1.0,0.0
公司,36.0,81.0,0.3076923076923077,0.6923076923076923
放行,6.0,0.0,1.0,0.0
秉持,3.0,0.0,1.0,0.0
报告期,0.0,3.0,0.0,1.0
持,0.0,3.0,0.0,1.0
全新,3.0,0.0,1.0,0.0
营收,0.0,6.0,0.0,1.0
从业者,3.0,0.0,1.0,0.0
前海帕,0.0,24.0,0.0,1.0
-,6.0,30.0,0.16666666666666666,0.8333333333333334
三年,9.0,0.0,1.0,0.0
岚台,3.0,0.0,1.0,0.0
看,0.0,6.0,0.0,1.0
记录,6.0,0.0,1.0,0.0
合作,21.0,3.0,0.875,0.125
交易额,6.0,0.0,1.0,0.0
每日,0.0,6.0,0.0,1.0
点评,0.0,9.0,0.0,1.0
