示范性,0.0,3.0,0.0,1.0
日,3.0,114.0,0.02564102564102564,0.9743589743589743
一片,3.0,0.0,1.0,0.0
96,0.0,3.0,0.0,1.0
安全性,0.0,3.0,0.0,1.0
扩产,0.0,3.0,0.0,1.0
北美,0.0,3.0,0.0,1.0
行政,0.0,12.0,0.0,1.0
反馈,0.0,3.0,0.0,1.0
之,0.0,3.0,0.0,1.0
Josef,0.0,3.0,0.0,1.0
至,0.0,6.0,0.0,1.0
和谐,0.0,45.0,0.0,1.0
大幅度降低,0.0,3.0,0.0,1.0
孵化,6.0,3.0,0.6666666666666666,0.3333333333333333
德豪,0.0,3.0,0.0,1.0
48,0.0,12.0,0.0,1.0
浩数,0.0,6.0,0.0,1.0
管理层,0.0,15.0,0.0,1.0
完成,0.0,24.0,0.0,1.0
太龙,0.0,3.0,0.0,1.0
国际,0.0,18.0,0.0,1.0
创意,0.0,3.0,0.0,1.0
回归,0.0,3.0,0.0,1.0
同比,0.0,36.0,0.0,1.0
吉安市,0.0,18.0,0.0,1.0
郁郁,0.0,3.0,0.0,1.0
为何,0.0,3.0,0.0,1.0
经贸关系,0.0,3.0,0.0,1.0
qdzeMAO9TScj6bsD7lIFk9msCKHTnPz4MUfTsQSpbhl7S9aTcDYXO97tib5Picud0Bf9plmUQbLLhy73XA,0.0,3.0,0.0,1.0
生产流程,0.0,6.0,0.0,1.0
幼儿园,0.0,6.0,0.0,1.0
规则,0.0,12.0,0.0,1.0
投建覆,0.0,6.0,0.0,1.0
厂房,0.0,3.0,0.0,1.0
此次,0.0,12.0,0.0,1.0
日才,0.0,3.0,0.0,1.0
经营范围,0.0,6.0,0.0,1.0
查询,0.0,6.0,0.0,1.0
祝福,0.0,3.0,0.0,1.0
下属,0.0,12.0,0.0,1.0
拿到,0.0,3.0,0.0,1.0
相比之下,0.0,3.0,0.0,1.0
深圳市,0.0,24.0,0.0,1.0
持股,0.0,6.0,0.0,1.0
令人,0.0,3.0,0.0,1.0
发挥,0.0,3.0,0.0,1.0
进出口,0.0,3.0,0.0,1.0
2013,0.0,3.0,0.0,1.0
0,0.0,63.0,0.0,1.0
各个环节,0.0,3.0,0.0,1.0
认可,0.0,3.0,0.0,1.0
现有,0.0,15.0,0.0,1.0
…,0.0,42.0,0.0,1.0
继续,0.0,15.0,0.0,1.0
林纪良,0.0,12.0,0.0,1.0
实际,0.0,3.0,0.0,1.0
当地,0.0,3.0,0.0,1.0
监事会,0.0,3.0,0.0,1.0
M0x913PTXTLevQbib8h9gBPhia6nnXticxMVkESRTqR5vO9kVkKAC1jmRHCicFFdialocJicTWZXm28oeTIlTbgAPYYA,0.0,3.0,0.0,1.0
QKOYtKdun2e3noPvYREvcODXvnCXRnBBWN2Wibylb9jZ0Fe,0.0,3.0,0.0,1.0
工作室,6.0,0.0,1.0,0.0
备受,0.0,6.0,0.0,1.0
三驾,0.0,3.0,0.0,1.0
看,0.0,12.0,0.0,1.0
文章,3.0,9.0,0.25,0.75
星帅尔,0.0,3.0,0.0,1.0
秘书,0.0,3.0,0.0,1.0
利益,0.0,9.0,0.0,1.0
指引,0.0,3.0,0.0,1.0
属木,0.0,3.0,0.0,1.0
有望,0.0,6.0,0.0,1.0
最后,0.0,3.0,0.0,1.0
Q3auHgzwzM7qEgiaUI80Qdf5I6RAGQd0Ict,0.0,3.0,0.0,1.0
6.02,0.0,3.0,0.0,1.0
GP,0.0,6.0,0.0,1.0
发表,0.0,3.0,0.0,1.0
衷心祝愿,0.0,3.0,0.0,1.0
chart,0.0,3.0,0.0,1.0
广州,0.0,3.0,0.0,1.0
瑞丰,0.0,12.0,0.0,1.0
429,0.0,3.0,0.0,1.0
明芯处,0.0,3.0,0.0,1.0
半导体,0.0,30.0,0.0,1.0
10,3.0,15.0,0.16666666666666666,0.8333333333333334
杨润及,0.0,3.0,0.0,1.0
股份,0.0,129.0,0.0,1.0
亿元,0.0,60.0,0.0,1.0
请君往,0.0,3.0,0.0,1.0
kpic,0.0,3.0,0.0,1.0
峰会,0.0,9.0,0.0,1.0
景象,3.0,0.0,1.0,0.0
31.35,0.0,3.0,0.0,1.0
生歌,3.0,0.0,1.0,0.0
来自,0.0,3.0,0.0,1.0
不可思议,0.0,3.0,0.0,1.0
获,0.0,6.0,0.0,1.0
井冈山,0.0,36.0,0.0,1.0
期内,0.0,6.0,0.0,1.0
形式,0.0,6.0,0.0,1.0
财产,0.0,3.0,0.0,1.0
回顾,0.0,3.0,0.0,1.0
出色,0.0,3.0,0.0,1.0
不堪,0.0,6.0,0.0,1.0
谋划,0.0,3.0,0.0,1.0
联手,0.0,3.0,0.0,1.0
交叉,0.0,6.0,0.0,1.0
靶向,0.0,3.0,0.0,1.0
现金支付,0.0,3.0,0.0,1.0
mmbiz,0.0,102.0,0.0,1.0
温州,0.0,9.0,0.0,1.0
无论,0.0,3.0,0.0,1.0
119.9,0.0,3.0,0.0,1.0
产能,0.0,12.0,0.0,1.0
夜景,0.0,3.0,0.0,1.0
经过,0.0,6.0,0.0,1.0
资格,0.0,6.0,0.0,1.0
↓,0.0,9.0,0.0,1.0
作为,0.0,15.0,0.0,1.0
诚实,0.0,3.0,0.0,1.0
竞购,0.0,6.0,0.0,1.0
封板,0.0,6.0,0.0,1.0
971.7130,0.0,3.0,0.0,1.0
施工,3.0,6.0,0.3333333333333333,0.6666666666666666
期间,0.0,12.0,0.0,1.0
png,0.0,33.0,0.0,1.0
亚灯,0.0,6.0,0.0,1.0
董事会,0.0,33.0,0.0,1.0
固晶机,0.0,3.0,0.0,1.0
还是,0.0,3.0,0.0,1.0
第,0.0,15.0,0.0,1.0
314,0.0,3.0,0.0,1.0
】,6.0,33.0,0.15384615384615385,0.8461538461538461
300063,0.0,3.0,0.0,1.0
加速,0.0,6.0,0.0,1.0
5.76,0.0,3.0,0.0,1.0
条,0.0,9.0,0.0,1.0
Designer,0.0,3.0,0.0,1.0
数据处理,0.0,3.0,0.0,1.0
一席之地,0.0,3.0,0.0,1.0
前沿,3.0,0.0,1.0,0.0
@,3.0,3.0,0.5,0.5
杨润作,0.0,3.0,0.0,1.0
发力,0.0,9.0,0.0,1.0
发展,0.0,36.0,0.0,1.0
发展壮大,0.0,3.0,0.0,1.0
撼动,0.0,3.0,0.0,1.0
从,0.0,33.0,0.0,1.0
50,0.0,3.0,0.0,1.0
工作,0.0,18.0,0.0,1.0
=,0.0,138.0,0.0,1.0
加大,0.0,3.0,0.0,1.0
......,0.0,3.0,0.0,1.0
大家庭,0.0,3.0,0.0,1.0
吃,0.0,3.0,0.0,1.0
出征,0.0,3.0,0.0,1.0
杜绝,0.0,3.0,0.0,1.0
到,0.0,45.0,0.0,1.0
是否,0.0,6.0,0.0,1.0
幅度,0.0,3.0,0.0,1.0
163,3.0,3.0,0.5,0.5
其次,0.0,6.0,0.0,1.0
因信,0.0,3.0,0.0,1.0
总资产,0.0,15.0,0.0,1.0
1.00,0.0,3.0,0.0,1.0
列席会议,0.0,3.0,0.0,1.0
冠群,0.0,6.0,0.0,1.0
花果,0.0,9.0,0.0,1.0
消息,0.0,6.0,0.0,1.0
事务所,0.0,6.0,0.0,1.0
走进,0.0,6.0,0.0,1.0
全镇,0.0,3.0,0.0,1.0
i8,0.0,3.0,0.0,1.0
都,0.0,9.0,0.0,1.0
下,0.0,18.0,0.0,1.0
津膜,0.0,3.0,0.0,1.0
通,0.0,3.0,0.0,1.0
市,0.0,3.0,0.0,1.0
展,0.0,6.0,0.0,1.0
近,0.0,21.0,0.0,1.0
jrjimg,0.0,3.0,0.0,1.0
行业协会,0.0,3.0,0.0,1.0
中均,0.0,3.0,0.0,1.0
想象,0.0,3.0,0.0,1.0
互动,0.0,6.0,0.0,1.0
营销,0.0,33.0,0.0,1.0
咖,0.0,6.0,0.0,1.0
形容,0.0,3.0,0.0,1.0
二十年,0.0,6.0,0.0,1.0
蒋中友,0.0,3.0,0.0,1.0
监管,0.0,18.0,0.0,1.0
除外,0.0,9.0,0.0,1.0
政府,0.0,48.0,0.0,1.0
林森为,0.0,3.0,0.0,1.0
价格,0.0,15.0,0.0,1.0
饰品,0.0,6.0,0.0,1.0
轰鸣,3.0,0.0,1.0,0.0
如火如荼,3.0,0.0,1.0,0.0
547,0.0,9.0,0.0,1.0
三,0.0,12.0,0.0,1.0
照明灯,0.0,15.0,0.0,1.0
DoiaehWxH0hPUg0Aj7Pf8JXj388iaPZUOw7KtnHskOKYmaOy1,0.0,3.0,0.0,1.0
超,0.0,12.0,0.0,1.0
远眺,0.0,3.0,0.0,1.0
恒瑞医药,0.0,6.0,0.0,1.0
不错,0.0,3.0,0.0,1.0
光电,9.0,147.0,0.057692307692307696,0.9423076923076923
无法,0.0,6.0,0.0,1.0
DoiaehWxH0hPUg0Aj7Pf8JXj388iaPZUOwV8fyic6nMMbpicKRIuMbntoU5w3KqxqfIm22jotC5biba0GZEOcEicdBhw,0.0,3.0,0.0,1.0
金线,0.0,3.0,0.0,1.0
日趋激烈,0.0,3.0,0.0,1.0
持有,0.0,3.0,0.0,1.0
雷曼,0.0,3.0,0.0,1.0
召集,0.0,3.0,0.0,1.0
铝合金,0.0,3.0,0.0,1.0
效率,0.0,6.0,0.0,1.0
151,0.0,3.0,0.0,1.0
公示,0.0,3.0,0.0,1.0
300219,0.0,3.0,0.0,1.0
Thomas,0.0,3.0,0.0,1.0
行动,0.0,3.0,0.0,1.0
增长,0.0,63.0,0.0,1.0
收,0.0,6.0,0.0,1.0
道路,0.0,3.0,0.0,1.0
签约,0.0,3.0,0.0,1.0
中国,0.0,72.0,0.0,1.0
 ,117.0,399.0,0.22674418604651161,0.7732558139534884
曼谷,0.0,3.0,0.0,1.0
177,0.0,18.0,0.0,1.0
科学,0.0,3.0,0.0,1.0
Forest,0.0,6.0,0.0,1.0
通知书,0.0,6.0,0.0,1.0
162.70,0.0,3.0,0.0,1.0
药物,0.0,3.0,0.0,1.0
美好,0.0,3.0,0.0,1.0
Galoso,0.0,3.0,0.0,1.0
莆,0.0,3.0,0.0,1.0
351,0.0,3.0,0.0,1.0
部分,0.0,9.0,0.0,1.0
4.74,0.0,3.0,0.0,1.0
》,0.0,87.0,0.0,1.0
bicHUF4OF8AUV680wD2LpBpHdyYB8Elvvpo86L2LqNJk4okvytxZibGibHWialeIBSfv3jnCyBA,0.0,3.0,0.0,1.0
39,0.0,3.0,0.0,1.0
共有,0.0,3.0,0.0,1.0
缪寿良,0.0,3.0,0.0,1.0
凝心,0.0,3.0,0.0,1.0
开发区,0.0,6.0,0.0,1.0
咨询,0.0,12.0,0.0,1.0
:,0.0,105.0,0.0,1.0
资产重组,0.0,9.0,0.0,1.0
承接,0.0,3.0,0.0,1.0
奠定,0.0,3.0,0.0,1.0
一期,3.0,3.0,0.5,0.5
大吃一惊,0.0,3.0,0.0,1.0
游乐园,3.0,0.0,1.0,0.0
邮箱,3.0,3.0,0.5,0.5
铜,0.0,3.0,0.0,1.0
水电工,0.0,3.0,0.0,1.0
锦龙,0.0,3.0,0.0,1.0
总额,0.0,3.0,0.0,1.0
我国,0.0,6.0,0.0,1.0
设,0.0,9.0,0.0,1.0
覆盖,0.0,18.0,0.0,1.0
律师,0.0,9.0,0.0,1.0
馆,0.0,3.0,0.0,1.0
主动,0.0,3.0,0.0,1.0
顾问,0.0,3.0,0.0,1.0
认证,0.0,3.0,0.0,1.0
二极管,0.0,3.0,0.0,1.0
金融界,0.0,3.0,0.0,1.0
小鱼,0.0,3.0,0.0,1.0
纳入,0.0,3.0,0.0,1.0
壮大,0.0,6.0,0.0,1.0
工人,3.0,0.0,1.0,0.0
协议,0.0,3.0,0.0,1.0
股权,0.0,6.0,0.0,1.0
德豪润,0.0,3.0,0.0,1.0
李贤君,0.0,9.0,0.0,1.0
国际舞台,0.0,3.0,0.0,1.0
张跃,0.0,3.0,0.0,1.0
杨,0.0,3.0,0.0,1.0
5,0.0,63.0,0.0,1.0
做,0.0,3.0,0.0,1.0
中心,3.0,15.0,0.16666666666666666,0.8333333333333334
明显提高,0.0,3.0,0.0,1.0
立即,0.0,3.0,0.0,1.0
加入,0.0,6.0,0.0,1.0
150,0.0,9.0,0.0,1.0
开始,0.0,3.0,0.0,1.0
获得,0.0,21.0,0.0,1.0
政治,0.0,3.0,0.0,1.0
由,0.0,6.0,0.0,1.0
以华帝,0.0,3.0,0.0,1.0
作,0.0,9.0,0.0,1.0
守信,0.0,3.0,0.0,1.0
专项资金,0.0,3.0,0.0,1.0
技术开发,0.0,6.0,0.0,1.0
光芒,0.0,3.0,0.0,1.0
天电,0.0,3.0,0.0,1.0
年报,0.0,12.0,0.0,1.0
外,0.0,6.0,0.0,1.0
朋友,0.0,6.0,0.0,1.0
月,6.0,123.0,0.046511627906976744,0.9534883720930233
空气,0.0,3.0,0.0,1.0
人,6.0,27.0,0.18181818181818182,0.8181818181818182
有力,0.0,3.0,0.0,1.0
起到,0.0,3.0,0.0,1.0
背景,0.0,6.0,0.0,1.0
塔牌,0.0,9.0,0.0,1.0
收益,0.0,3.0,0.0,1.0
知名度,0.0,6.0,0.0,1.0
7.7,0.0,3.0,0.0,1.0
指派,0.0,3.0,0.0,1.0
解决,0.0,3.0,0.0,1.0
指挥部,3.0,0.0,1.0,0.0
光明,3.0,3.0,0.5,0.5
—,0.0,60.0,0.0,1.0
促使,0.0,3.0,0.0,1.0
101,0.0,3.0,0.0,1.0
81,0.0,3.0,0.0,1.0
运用,6.0,6.0,0.5,0.5
d10e7c0d6759f95e,0.0,3.0,0.0,1.0
18,0.0,3.0,0.0,1.0
通信,0.0,3.0,0.0,1.0
工艺,0.0,12.0,0.0,1.0
意见书,0.0,3.0,0.0,1.0
事件,0.0,6.0,0.0,1.0
500,0.0,9.0,0.0,1.0
拟,0.0,63.0,0.0,1.0
第一季度,0.0,12.0,0.0,1.0
电气,0.0,3.0,0.0,1.0
孙,0.0,45.0,0.0,1.0
开场,0.0,3.0,0.0,1.0
增长点,0.0,6.0,0.0,1.0
崛起,0.0,6.0,0.0,1.0
华工,0.0,3.0,0.0,1.0
两个,0.0,6.0,0.0,1.0
林建华,0.0,3.0,0.0,1.0
01,0.0,6.0,0.0,1.0
窜,0.0,3.0,0.0,1.0
历史,0.0,9.0,0.0,1.0
明显,0.0,9.0,0.0,1.0
先生,0.0,27.0,0.0,1.0
补贴款,0.0,3.0,0.0,1.0
搜索,0.0,6.0,0.0,1.0
召集人,0.0,3.0,0.0,1.0
2016,0.0,78.0,0.0,1.0
赢得,0.0,6.0,0.0,1.0
同兴达,0.0,3.0,0.0,1.0
支付,0.0,18.0,0.0,1.0
重大,0.0,27.0,0.0,1.0
签署,0.0,6.0,0.0,1.0
金,0.0,3.0,0.0,1.0
作出,0.0,3.0,0.0,1.0
再次,0.0,3.0,0.0,1.0
致使,0.0,3.0,0.0,1.0
300466,0.0,3.0,0.0,1.0
极快,0.0,3.0,0.0,1.0
东方,0.0,18.0,0.0,1.0
701.5210,0.0,3.0,0.0,1.0
806.26,0.0,3.0,0.0,1.0
工程项目,3.0,0.0,1.0,0.0
志赢,0.0,3.0,0.0,1.0
提升,0.0,39.0,0.0,1.0
大族,0.0,18.0,0.0,1.0
焊接,0.0,3.0,0.0,1.0
新品,0.0,18.0,0.0,1.0
城市,0.0,3.0,0.0,1.0
理事长,0.0,3.0,0.0,1.0
亚军,0.0,3.0,0.0,1.0
产业,0.0,30.0,0.0,1.0
其中,0.0,33.0,0.0,1.0
占,0.0,18.0,0.0,1.0
蒋总说,0.0,3.0,0.0,1.0
603528,0.0,3.0,0.0,1.0
结算,0.0,3.0,0.0,1.0
强大,0.0,6.0,0.0,1.0
联系,3.0,3.0,0.5,0.5
看重,0.0,3.0,0.0,1.0
事业,0.0,3.0,0.0,1.0
从事,0.0,3.0,0.0,1.0
一部分,0.0,3.0,0.0,1.0
大关,0.0,3.0,0.0,1.0
346,0.0,3.0,0.0,1.0
处置,0.0,3.0,0.0,1.0
徐伟平,0.0,3.0,0.0,1.0
请木,0.0,3.0,0.0,1.0
097.2,0.0,3.0,0.0,1.0
生产商,0.0,3.0,0.0,1.0
领先,0.0,3.0,0.0,1.0
管理,0.0,60.0,0.0,1.0
涌金,0.0,3.0,0.0,1.0
办公室,0.0,15.0,0.0,1.0
深,0.0,3.0,0.0,1.0
大量,0.0,12.0,0.0,1.0
共同努力,0.0,3.0,0.0,1.0
PE,0.0,6.0,0.0,1.0
五洋,0.0,3.0,0.0,1.0
名称,0.0,6.0,0.0,1.0
3.2,0.0,3.0,0.0,1.0
Martin,0.0,3.0,0.0,1.0
调研,0.0,12.0,0.0,1.0
哪些方面,0.0,3.0,0.0,1.0
强,0.0,3.0,0.0,1.0
生物学,3.0,0.0,1.0,0.0
告诉,0.0,6.0,0.0,1.0
旗下,0.0,15.0,0.0,1.0
世界各地,0.0,3.0,0.0,1.0
甄志辉,0.0,6.0,0.0,1.0
旗舰店,0.0,6.0,0.0,1.0
使,0.0,3.0,0.0,1.0
招生,0.0,3.0,0.0,1.0
本期,0.0,3.0,0.0,1.0
每经,0.0,12.0,0.0,1.0
陆续,0.0,3.0,0.0,1.0
许可,0.0,6.0,0.0,1.0
龙头企业,0.0,9.0,0.0,1.0
工厂,0.0,9.0,0.0,1.0
区域,0.0,6.0,0.0,1.0
两照,0.0,3.0,0.0,1.0
铜线,0.0,3.0,0.0,1.0
hexun,0.0,3.0,0.0,1.0
且,0.0,3.0,0.0,1.0
交易日,0.0,6.0,0.0,1.0
基础设施,3.0,0.0,1.0,0.0
典型,0.0,6.0,0.0,1.0
因素,0.0,3.0,0.0,1.0
十八,0.0,3.0,0.0,1.0
飞荣达,0.0,3.0,0.0,1.0
一步,0.0,6.0,0.0,1.0
近日,3.0,3.0,0.5,0.5
多方面,0.0,3.0,0.0,1.0
会计准则,0.0,3.0,0.0,1.0
李,0.0,6.0,0.0,1.0
绿化,3.0,3.0,0.5,0.5
561,0.0,3.0,0.0,1.0
大洋,0.0,9.0,0.0,1.0
第八届,0.0,9.0,0.0,1.0
一生,0.0,9.0,0.0,1.0
投产,0.0,6.0,0.0,1.0
0429.22,0.0,3.0,0.0,1.0
服务,0.0,3.0,0.0,1.0
可以,0.0,12.0,0.0,1.0
主营,0.0,3.0,0.0,1.0
东延,6.0,0.0,1.0,0.0
制造,0.0,18.0,0.0,1.0
理性,0.0,6.0,0.0,1.0
UUib1GsJ6J02by7vK7cKWf5icJODIH7HXq1dVt0MwDEt69kVACT5WcSm3Ps4EGiaxniaQuE8bbWhtqiaNsA,0.0,3.0,0.0,1.0
坚持,0.0,3.0,0.0,1.0
登记,0.0,6.0,0.0,1.0
相继,0.0,12.0,0.0,1.0
小,0.0,6.0,0.0,1.0
版块,3.0,0.0,1.0,0.0
pe30TXsV7Nf3Nuia1oNMqPQ8Vnh8xbSao1icp8AHX0Y2eQOVATPWbNwwfia8PrMwczlBkGVqV97uPgQkIBlgoAD7g,0.0,3.0,0.0,1.0
现金,0.0,21.0,0.0,1.0
精密,0.0,9.0,0.0,1.0
亚太地区,0.0,3.0,0.0,1.0
答卷,0.0,3.0,0.0,1.0
电机,0.0,9.0,0.0,1.0
IHS,0.0,3.0,0.0,1.0
顺利,0.0,6.0,0.0,1.0
出资,0.0,9.0,0.0,1.0
生产工艺,0.0,3.0,0.0,1.0
并称,0.0,3.0,0.0,1.0
确认,0.0,3.0,0.0,1.0
123.3,0.0,6.0,0.0,1.0
变得,0.0,12.0,0.0,1.0
晚间,0.0,18.0,0.0,1.0
一路,0.0,6.0,0.0,1.0
创造,0.0,3.0,0.0,1.0
300157,0.0,3.0,0.0,1.0
期,3.0,3.0,0.5,0.5
两家,0.0,3.0,0.0,1.0
发稿,0.0,3.0,0.0,1.0
财年,0.0,6.0,0.0,1.0
）,15.0,261.0,0.05434782608695652,0.9456521739130435
台湾,3.0,0.0,1.0,0.0
终止,0.0,6.0,0.0,1.0
保持,0.0,3.0,0.0,1.0
投资,0.0,51.0,0.0,1.0
正在,6.0,0.0,1.0,0.0
节能,0.0,6.0,0.0,1.0
渠道,0.0,66.0,0.0,1.0
退还,0.0,3.0,0.0,1.0
形成,0.0,6.0,0.0,1.0
有效,0.0,6.0,0.0,1.0
国星,0.0,3.0,0.0,1.0
智能,3.0,6.0,0.3333333333333333,0.6666666666666666
体验,0.0,3.0,0.0,1.0
中小企业,0.0,3.0,0.0,1.0
辉煌,0.0,3.0,0.0,1.0
价值,0.0,6.0,0.0,1.0
能力,0.0,21.0,0.0,1.0
事宜,0.0,15.0,0.0,1.0
谋略,0.0,9.0,0.0,1.0
市委,0.0,6.0,0.0,1.0
信息,0.0,24.0,0.0,1.0
激光,0.0,24.0,0.0,1.0
收紧,0.0,3.0,0.0,1.0
47,0.0,6.0,0.0,1.0
公开,0.0,12.0,0.0,1.0
协会,0.0,3.0,0.0,1.0
上半年,0.0,6.0,0.0,1.0
本周,0.0,6.0,0.0,1.0
正,3.0,0.0,1.0,0.0
扶持,0.0,3.0,0.0,1.0
须,0.0,9.0,0.0,1.0
3003,0.0,3.0,0.0,1.0
16,0.0,33.0,0.0,1.0
规模化,0.0,3.0,0.0,1.0
一直,0.0,15.0,0.0,1.0
内部,0.0,3.0,0.0,1.0
走,0.0,3.0,0.0,1.0
终端,0.0,9.0,0.0,1.0
收到,0.0,27.0,0.0,1.0
瞩目,0.0,6.0,0.0,1.0
事实上,0.0,3.0,0.0,1.0
期望,0.0,3.0,0.0,1.0
变轨,0.0,9.0,0.0,1.0
扩大,0.0,15.0,0.0,1.0
据调查,0.0,3.0,0.0,1.0
量,0.0,3.0,0.0,1.0
操作,0.0,3.0,0.0,1.0
广告,0.0,3.0,0.0,1.0
线路板,0.0,3.0,0.0,1.0
cOp4o3argvJfBvywmwkH73s9OljwNhxw,0.0,3.0,0.0,1.0
占有,0.0,3.0,0.0,1.0
公布,0.0,15.0,0.0,1.0
丰富,0.0,3.0,0.0,1.0
jpeg,0.0,42.0,0.0,1.0
西城,3.0,3.0,0.5,0.5
绝对,0.0,3.0,0.0,1.0
基本,0.0,3.0,0.0,1.0
4.16,0.0,3.0,0.0,1.0
2500,0.0,3.0,0.0,1.0
工商,0.0,6.0,0.0,1.0
一个,3.0,12.0,0.2,0.8
焊线,0.0,3.0,0.0,1.0
地位,0.0,15.0,0.0,1.0
没有,0.0,6.0,0.0,1.0
知名企业,0.0,3.0,0.0,1.0
车灯,0.0,6.0,0.0,1.0
521,0.0,3.0,0.0,1.0
错过,0.0,3.0,0.0,1.0
后市,0.0,3.0,0.0,1.0
助力,0.0,15.0,0.0,1.0
U,3.0,3.0,0.5,0.5
热情,0.0,3.0,0.0,1.0
文化,0.0,9.0,0.0,1.0
布局,0.0,6.0,0.0,1.0
整并,0.0,3.0,0.0,1.0
249,0.0,3.0,0.0,1.0
法人资格,0.0,6.0,0.0,1.0
现在,0.0,3.0,0.0,1.0
分享,3.0,9.0,0.25,0.75
金鸡湖,6.0,0.0,1.0,0.0
连年,0.0,6.0,0.0,1.0
｜,0.0,6.0,0.0,1.0
IDG,0.0,33.0,0.0,1.0
业务,0.0,54.0,0.0,1.0
高薪,0.0,6.0,0.0,1.0
来看,0.0,9.0,0.0,1.0
依法,0.0,12.0,0.0,1.0
片区,0.0,3.0,0.0,1.0
永德,0.0,3.0,0.0,1.0
吸收,0.0,21.0,0.0,1.0
风险,0.0,6.0,0.0,1.0
初创,0.0,3.0,0.0,1.0
东南亚,0.0,3.0,0.0,1.0
分子,0.0,3.0,0.0,1.0
：,15.0,165.0,0.08333333333333333,0.9166666666666666
311.8321,0.0,3.0,0.0,1.0
一诺,0.0,6.0,0.0,1.0
2640,0.0,3.0,0.0,1.0
得到,0.0,6.0,0.0,1.0
小镇,0.0,3.0,0.0,1.0
生生不息,6.0,0.0,1.0,0.0
逻辑,0.0,3.0,0.0,1.0
引领,0.0,3.0,0.0,1.0
打造,0.0,6.0,0.0,1.0
会展中心,0.0,3.0,0.0,1.0
辞职,0.0,3.0,0.0,1.0
国际形象,0.0,3.0,0.0,1.0
经理,0.0,9.0,0.0,1.0
木,24.0,1110.0,0.021164021164021163,0.9788359788359788
J2AwhibXBoAfJCbU7CPkicOOpzlbTNxcAgbpwoVSnDTQ9ze2IyIibY2Yw,0.0,3.0,0.0,1.0
产品,0.0,96.0,0.0,1.0
这次,0.0,3.0,0.0,1.0
协同效应,0.0,12.0,0.0,1.0
于,6.0,63.0,0.08695652173913043,0.9130434782608695
自有,0.0,3.0,0.0,1.0
三倍,0.0,3.0,0.0,1.0
电工证,3.0,3.0,0.5,0.5
表明,0.0,3.0,0.0,1.0
申请材料,0.0,3.0,0.0,1.0
高速,0.0,3.0,0.0,1.0
b09fec511280bc07,0.0,3.0,0.0,1.0
微电,0.0,6.0,0.0,1.0
aE5dfckF1nVzOhBInIMvaFcaC6zFqr3dgrH7jZVcCpic9dTdFmxrpq3qIhNnmJQrQ,0.0,3.0,0.0,1.0
不可,0.0,6.0,0.0,1.0
技术创新,0.0,9.0,0.0,1.0
战略,0.0,36.0,0.0,1.0
表现,0.0,9.0,0.0,1.0
签订,0.0,9.0,0.0,1.0
责任,0.0,3.0,0.0,1.0
品牌,0.0,45.0,0.0,1.0
万美元,0.0,15.0,0.0,1.0
第三届,0.0,15.0,0.0,1.0
行业龙头,0.0,6.0,0.0,1.0
力度,0.0,3.0,0.0,1.0
时期,0.0,3.0,0.0,1.0
124.6,0.0,6.0,0.0,1.0
十,0.0,6.0,0.0,1.0
40.59,0.0,3.0,0.0,1.0
难,0.0,3.0,0.0,1.0
阶段,0.0,3.0,0.0,1.0
681.05,0.0,9.0,0.0,1.0
成长,0.0,9.0,0.0,1.0
142,0.0,6.0,0.0,1.0
灯光,0.0,9.0,0.0,1.0
作用,0.0,3.0,0.0,1.0
党委书记,0.0,3.0,0.0,1.0
眼睛,0.0,3.0,0.0,1.0
3C,0.0,3.0,0.0,1.0
难以,0.0,3.0,0.0,1.0
大专,3.0,3.0,0.5,0.5
补助,0.0,6.0,0.0,1.0
文化宫,3.0,0.0,1.0,0.0
得,0.0,9.0,0.0,1.0
简称,0.0,66.0,0.0,1.0
久已,0.0,3.0,0.0,1.0
新年伊始,0.0,3.0,0.0,1.0
组微信,3.0,0.0,1.0,0.0
多个,0.0,6.0,0.0,1.0
发生,0.0,9.0,0.0,1.0
171.52140,0.0,3.0,0.0,1.0
熟悉,0.0,3.0,0.0,1.0
冠军,0.0,3.0,0.0,1.0
方案,0.0,3.0,0.0,1.0
当,0.0,6.0,0.0,1.0
独立,0.0,6.0,0.0,1.0
值得一提的是,0.0,6.0,0.0,1.0
3.5,0.0,3.0,0.0,1.0
本所,0.0,3.0,0.0,1.0
大鱼,0.0,3.0,0.0,1.0
核心,3.0,6.0,0.3333333333333333,0.6666666666666666
企,0.0,3.0,0.0,1.0
芯片,0.0,3.0,0.0,1.0
7.0,0.0,3.0,0.0,1.0
子公司,0.0,135.0,0.0,1.0
弥漫着,0.0,3.0,0.0,1.0
两,0.0,3.0,0.0,1.0
高,0.0,9.0,0.0,1.0
卖,0.0,6.0,0.0,1.0
函中,0.0,3.0,0.0,1.0
流动资产,0.0,3.0,0.0,1.0
进一步,0.0,15.0,0.0,1.0
经济,0.0,48.0,0.0,1.0
余人,0.0,3.0,0.0,1.0
说明,0.0,3.0,0.0,1.0
公众,3.0,0.0,1.0,0.0
光源,0.0,12.0,0.0,1.0
147,0.0,9.0,0.0,1.0
许可证,0.0,3.0,0.0,1.0
覆盖全国,0.0,3.0,0.0,1.0
124,0.0,6.0,0.0,1.0
逐步,0.0,3.0,0.0,1.0
交出,0.0,3.0,0.0,1.0
huauSQKkOMH4pcWdCQRdIL4j152AoN1nFPEibVViaZjo4z8uqiawHdLpibrWxTscultHNlAaibonicPf58UqxLrmsv2Q,0.0,3.0,0.0,1.0
最终,0.0,12.0,0.0,1.0
介绍,0.0,3.0,0.0,1.0
黄巧灵,0.0,3.0,0.0,1.0
宣布,0.0,9.0,0.0,1.0
全,0.0,6.0,0.0,1.0
58,0.0,3.0,0.0,1.0
其,0.0,36.0,0.0,1.0
9,0.0,3.0,0.0,1.0
平台,6.0,6.0,0.5,0.5
fmt,0.0,66.0,0.0,1.0
稳居,0.0,3.0,0.0,1.0
具备,0.0,12.0,0.0,1.0
动态,6.0,9.0,0.4,0.6
顺势,0.0,3.0,0.0,1.0
仍,0.0,3.0,0.0,1.0
cn,0.0,69.0,0.0,1.0
发布公告,0.0,6.0,0.0,1.0
Dreier,0.0,3.0,0.0,1.0
报名,0.0,6.0,0.0,1.0
工艺流程,0.0,12.0,0.0,1.0
精彩,3.0,0.0,1.0,0.0
出炉,0.0,15.0,0.0,1.0
精耕细作,0.0,3.0,0.0,1.0
04,0.0,3.0,0.0,1.0
agQnHytQt5ecpbK0KdK1b0XfoEJY8fYQ5Xh,0.0,3.0,0.0,1.0
提到,0.0,6.0,0.0,1.0
畅想,0.0,3.0,0.0,1.0
5.2,0.0,3.0,0.0,1.0
关于,0.0,48.0,0.0,1.0
全资,0.0,120.0,0.0,1.0
现,0.0,3.0,0.0,1.0
1.987,0.0,3.0,0.0,1.0
之势,0.0,3.0,0.0,1.0
模式,0.0,6.0,0.0,1.0
重视,0.0,3.0,0.0,1.0
认为,0.0,3.0,0.0,1.0
延伸,3.0,6.0,0.3333333333333333,0.6666666666666666
专栏,3.0,0.0,1.0,0.0
肉食,0.0,3.0,0.0,1.0
首位,0.0,6.0,0.0,1.0
一定,0.0,3.0,0.0,1.0
音响,0.0,24.0,0.0,1.0
老,0.0,6.0,0.0,1.0
AutoCAD,0.0,3.0,0.0,1.0
创新,0.0,21.0,0.0,1.0
DoiaehWxH0hOFFIlGK7v7Z6JPesjHRvkqzeB7BfHicM6yFj2iahvIH2icukjNkqOOMjmHVMhGkyD0EJOLmBt5SSvOQ,0.0,3.0,0.0,1.0
拟向,0.0,6.0,0.0,1.0
光,0.0,3.0,0.0,1.0
中以,0.0,3.0,0.0,1.0
.,15.0,243.0,0.05813953488372093,0.9418604651162791
11,0.0,15.0,0.0,1.0
1.33,0.0,3.0,0.0,1.0
四个,3.0,0.0,1.0,0.0
卓越,0.0,6.0,0.0,1.0
查看,0.0,3.0,0.0,1.0
年内,0.0,3.0,0.0,1.0
定制,0.0,3.0,0.0,1.0
pe30TXsV7Nf3Nuia1oNMqPQ8Vnh8xbSaoxa8WyDSAQ32zsVh7h06LUNRpHa6oSwf42jv36KcKMxa1GqRRBYdbXw,0.0,3.0,0.0,1.0
发达,0.0,3.0,0.0,1.0
包括,0.0,18.0,0.0,1.0
工信部,0.0,3.0,0.0,1.0
商家,0.0,6.0,0.0,1.0
玩转,0.0,3.0,0.0,1.0
据,0.0,12.0,0.0,1.0
厂商,0.0,33.0,0.0,1.0
共计,0.0,6.0,0.0,1.0
第八次,0.0,3.0,0.0,1.0
吓死,0.0,3.0,0.0,1.0
wx,0.0,69.0,0.0,1.0
考量,0.0,15.0,0.0,1.0
闭幕,0.0,3.0,0.0,1.0
吉安,0.0,39.0,0.0,1.0
禁止,0.0,9.0,0.0,1.0
福晶,0.0,3.0,0.0,1.0
出售,0.0,3.0,0.0,1.0
电路,0.0,6.0,0.0,1.0
211.60,0.0,3.0,0.0,1.0
LEDinside,0.0,3.0,0.0,1.0
协议书,0.0,6.0,0.0,1.0
在内,0.0,3.0,0.0,1.0
找到,0.0,3.0,0.0,1.0
首屈一指,0.0,3.0,0.0,1.0
qpic,0.0,51.0,0.0,1.0
0918.2558,0.0,3.0,0.0,1.0
047,0.0,3.0,0.0,1.0
tRNib500YEFnkpldSqsGGcvwxOljV8,0.0,3.0,0.0,1.0
联,3.0,3.0,0.5,0.5
世界,0.0,3.0,0.0,1.0
上海,0.0,9.0,0.0,1.0
刘小姐,3.0,3.0,0.5,0.5
说明书,0.0,9.0,0.0,1.0
名品,0.0,3.0,0.0,1.0
锦,0.0,6.0,0.0,1.0
国有资本,0.0,18.0,0.0,1.0
几年,0.0,3.0,0.0,1.0
审计,0.0,15.0,0.0,1.0
担任,0.0,18.0,0.0,1.0
表决,0.0,15.0,0.0,1.0
少之又少,0.0,3.0,0.0,1.0
带来,0.0,6.0,0.0,1.0
002233,0.0,3.0,0.0,1.0
造成,0.0,3.0,0.0,1.0
资产,0.0,9.0,0.0,1.0
注册资金,0.0,3.0,0.0,1.0
股,0.0,42.0,0.0,1.0
减少,0.0,12.0,0.0,1.0
Lumileds,0.0,3.0,0.0,1.0
定位,0.0,6.0,0.0,1.0
AUTOCAD,3.0,3.0,0.5,0.5
叶,0.0,9.0,0.0,1.0
经验,0.0,6.0,0.0,1.0
洽谈,0.0,6.0,0.0,1.0
公益性,3.0,0.0,1.0,0.0
~,0.0,15.0,0.0,1.0
致力于,0.0,3.0,0.0,1.0
阐述,0.0,3.0,0.0,1.0
所言,0.0,3.0,0.0,1.0
资讯,0.0,3.0,0.0,1.0
多次,0.0,3.0,0.0,1.0
巅峰,0.0,9.0,0.0,1.0
中共,0.0,6.0,0.0,1.0
天风,0.0,3.0,0.0,1.0
去年,0.0,21.0,0.0,1.0
7,0.0,24.0,0.0,1.0
剔除,0.0,3.0,0.0,1.0
经营规模,0.0,6.0,0.0,1.0
百灵,0.0,3.0,0.0,1.0
600651,0.0,3.0,0.0,1.0
旭日东升,0.0,3.0,0.0,1.0
重组,0.0,18.0,0.0,1.0
机及,0.0,3.0,0.0,1.0
全国,0.0,12.0,0.0,1.0
资金来源,0.0,3.0,0.0,1.0
多项,0.0,9.0,0.0,1.0
gif,0.0,24.0,0.0,1.0
美的,0.0,6.0,0.0,1.0
因未,0.0,9.0,0.0,1.0
机会,0.0,12.0,0.0,1.0
推进,3.0,6.0,0.3333333333333333,0.6666666666666666
显示,0.0,36.0,0.0,1.0
31,0.0,18.0,0.0,1.0
工业园区,0.0,3.0,0.0,1.0
上市公司,0.0,87.0,0.0,1.0
运营,0.0,36.0,0.0,1.0
进者,0.0,3.0,0.0,1.0
2012,0.0,3.0,0.0,1.0
限,3.0,3.0,0.5,0.5
收入,0.0,48.0,0.0,1.0
证代,0.0,3.0,0.0,1.0
年前,0.0,6.0,0.0,1.0
情况,0.0,3.0,0.0,1.0
增加值,0.0,3.0,0.0,1.0
、,54.0,621.0,0.08,0.92
角度,0.0,3.0,0.0,1.0
报,3.0,9.0,0.25,0.75
迎来,0.0,6.0,0.0,1.0
范围,0.0,3.0,0.0,1.0
徕,0.0,3.0,0.0,1.0
764,0.0,3.0,0.0,1.0
但,0.0,9.0,0.0,1.0
0.2,0.0,3.0,0.0,1.0
注入,0.0,6.0,0.0,1.0
出彩,0.0,3.0,0.0,1.0
洲明,0.0,3.0,0.0,1.0
万元,0.0,72.0,0.0,1.0
各地,0.0,6.0,0.0,1.0
掌舵人,0.0,3.0,0.0,1.0
新余市,3.0,6.0,0.3333333333333333,0.6666666666666666
112.87,0.0,6.0,0.0,1.0
27.63,0.0,3.0,0.0,1.0
mmhead,0.0,3.0,0.0,1.0
牵手,0.0,3.0,0.0,1.0
非常感谢,0.0,3.0,0.0,1.0
泰,3.0,0.0,1.0,0.0
401.4032,0.0,3.0,0.0,1.0
囊中,0.0,9.0,0.0,1.0
国务院,0.0,6.0,0.0,1.0
跃升,0.0,3.0,0.0,1.0
121.9,0.0,3.0,0.0,1.0
突破,0.0,3.0,0.0,1.0
依法办理,0.0,6.0,0.0,1.0
第三,0.0,6.0,0.0,1.0
一条,0.0,3.0,0.0,1.0
如果说,0.0,3.0,0.0,1.0
环保,0.0,3.0,0.0,1.0
若干意见,0.0,6.0,0.0,1.0
长期,0.0,9.0,0.0,1.0
分析,0.0,3.0,0.0,1.0
注意,0.0,12.0,0.0,1.0
到场,0.0,3.0,0.0,1.0
概况,0.0,3.0,0.0,1.0
董事长,0.0,9.0,0.0,1.0
实际上,0.0,3.0,0.0,1.0
Agrilution,0.0,3.0,0.0,1.0
创业,3.0,0.0,1.0,0.0
标杆,0.0,3.0,0.0,1.0
行情,0.0,3.0,0.0,1.0
原文,0.0,6.0,0.0,1.0
密码,0.0,6.0,0.0,1.0
凭借,0.0,3.0,0.0,1.0
数,0.0,3.0,0.0,1.0
增长速度,0.0,3.0,0.0,1.0
统一,0.0,3.0,0.0,1.0
刘翔,0.0,6.0,0.0,1.0
提高,3.0,24.0,0.1111111111111111,0.8888888888888888
2.7,0.0,3.0,0.0,1.0
古,0.0,3.0,0.0,1.0
600,0.0,3.0,0.0,1.0
规定,0.0,12.0,0.0,1.0
2,6.0,54.0,0.1,0.9
新北区,0.0,3.0,0.0,1.0
有限,0.0,9.0,0.0,1.0
良好,0.0,6.0,0.0,1.0
政策,0.0,6.0,0.0,1.0
热线,0.0,3.0,0.0,1.0
bHAb3WicW1PICPlzgAd5YMlKjGyDyicWAxuG0FKjBAQic9n5VNd0wdAWJj3jp1qHiaJwMwXwjSNcnwyecQvMLOIeGg,0.0,6.0,0.0,1.0
稳定,0.0,3.0,0.0,1.0
市场,0.0,96.0,0.0,1.0
通讯,0.0,6.0,0.0,1.0
img,0.0,12.0,0.0,1.0
南昌,0.0,3.0,0.0,1.0
CM350,3.0,3.0,0.5,0.5
首先,0.0,6.0,0.0,1.0
721.06,0.0,9.0,0.0,1.0
计划,0.0,6.0,0.0,1.0
变动,0.0,12.0,0.0,1.0
隆重召开,0.0,3.0,0.0,1.0
追求,0.0,3.0,0.0,1.0
同泰,0.0,6.0,0.0,1.0
曾于,0.0,3.0,0.0,1.0
网上,0.0,12.0,0.0,1.0
三安,0.0,9.0,0.0,1.0
云,0.0,3.0,0.0,1.0
拟近,0.0,3.0,0.0,1.0
太阳能,0.0,3.0,0.0,1.0
麦达,0.0,3.0,0.0,1.0
服务网络,0.0,3.0,0.0,1.0
江西省,12.0,48.0,0.2,0.8
联系方式,0.0,3.0,0.0,1.0
istocknews,0.0,3.0,0.0,1.0
关闭,0.0,6.0,0.0,1.0
直至,0.0,3.0,0.0,1.0
云南省,0.0,6.0,0.0,1.0
即可,0.0,3.0,0.0,1.0
景福,3.0,0.0,1.0,0.0
最大化,0.0,3.0,0.0,1.0
较金低,0.0,3.0,0.0,1.0
奇正,0.0,3.0,0.0,1.0
同意,0.0,21.0,0.0,1.0
000975,0.0,3.0,0.0,1.0
6.4,0.0,3.0,0.0,1.0
YRDibSTFGmXwPMxqJ3qEbLGXd04Nqbafk6N2BurCic1wwxB37snianRkM7bTiay9qzMtBQsA,0.0,3.0,0.0,1.0
恒泰艾普,0.0,6.0,0.0,1.0
PADS,0.0,3.0,0.0,1.0
成果,0.0,3.0,0.0,1.0
板,0.0,3.0,0.0,1.0
动作,0.0,3.0,0.0,1.0
广电,0.0,3.0,0.0,1.0
正式,0.0,3.0,0.0,1.0
彩印,3.0,0.0,1.0,0.0
+,0.0,12.0,0.0,1.0
雷菊芳,0.0,3.0,0.0,1.0
计算机网络,0.0,6.0,0.0,1.0
逾,0.0,9.0,0.0,1.0
400,0.0,3.0,0.0,1.0
行列,0.0,3.0,0.0,1.0
全球,0.0,57.0,0.0,1.0
不多见,0.0,3.0,0.0,1.0
云南,0.0,45.0,0.0,1.0
七彩,0.0,9.0,0.0,1.0
主要,0.0,24.0,0.0,1.0
鲜花,0.0,3.0,0.0,1.0
759.44,0.0,3.0,0.0,1.0
一,0.0,24.0,0.0,1.0
ASM,0.0,3.0,0.0,1.0
天城,0.0,6.0,0.0,1.0
今年,0.0,24.0,0.0,1.0
注重,3.0,6.0,0.3333333333333333,0.6666666666666666
大会,0.0,3.0,0.0,1.0
agQnHytQt5ePbHFFqLExswMU5uTWyGqKicIzyxJxL892S1gcbXpk5Vo0J63qZxFLgicapJ4TJgmGnyEs6qObMC2A,0.0,3.0,0.0,1.0
较为,0.0,6.0,0.0,1.0
专心致志,0.0,3.0,0.0,1.0
约定,0.0,9.0,0.0,1.0
重庆,0.0,3.0,0.0,1.0
002726,0.0,3.0,0.0,1.0
剑,0.0,9.0,0.0,1.0
约,0.0,15.0,0.0,1.0
展馆,0.0,3.0,0.0,1.0
原因,0.0,3.0,0.0,1.0
36.85,0.0,3.0,0.0,1.0
发布会,0.0,18.0,0.0,1.0
宝宝,0.0,3.0,0.0,1.0
达,0.0,6.0,0.0,1.0
买,0.0,3.0,0.0,1.0
规划,0.0,18.0,0.0,1.0
聘任,0.0,6.0,0.0,1.0
有利于,0.0,21.0,0.0,1.0
38,0.0,3.0,0.0,1.0
号,3.0,12.0,0.2,0.8
飞乐,0.0,24.0,0.0,1.0
不断,0.0,15.0,0.0,1.0
一年,0.0,6.0,0.0,1.0
拿下,0.0,6.0,0.0,1.0
0.21,0.0,3.0,0.0,1.0
知识,6.0,0.0,1.0,0.0
可,0.0,9.0,0.0,1.0
未经,0.0,15.0,0.0,1.0
杀出重围,0.0,6.0,0.0,1.0
数码产品,0.0,6.0,0.0,1.0
应当,0.0,3.0,0.0,1.0
一系列,0.0,3.0,0.0,1.0
增,0.0,3.0,0.0,1.0
全能型,0.0,3.0,0.0,1.0
四年,0.0,3.0,0.0,1.0
专业,0.0,9.0,0.0,1.0
同时,0.0,21.0,0.0,1.0
30,0.0,45.0,0.0,1.0
由木,0.0,3.0,0.0,1.0
过来,0.0,6.0,0.0,1.0
龙大,0.0,3.0,0.0,1.0
天猫,0.0,12.0,0.0,1.0
对价,0.0,18.0,0.0,1.0
系列产品,0.0,3.0,0.0,1.0
爆料,0.0,3.0,0.0,1.0
令人叹服,0.0,3.0,0.0,1.0
CAM,3.0,3.0,0.5,0.5
行为,0.0,3.0,0.0,1.0
数据,0.0,3.0,0.0,1.0
多家,3.0,0.0,1.0,0.0
南塘,3.0,0.0,1.0,0.0
认真,0.0,3.0,0.0,1.0
得天独厚,0.0,3.0,0.0,1.0
发布,0.0,21.0,0.0,1.0
默认,0.0,9.0,0.0,1.0
三季度,0.0,18.0,0.0,1.0
组成,0.0,6.0,0.0,1.0
在座,0.0,3.0,0.0,1.0
改造,6.0,0.0,1.0,0.0
2.903,0.0,3.0,0.0,1.0
4.87,0.0,3.0,0.0,1.0
召开,0.0,9.0,0.0,1.0
拓展,0.0,21.0,0.0,1.0
03,0.0,6.0,0.0,1.0
事项,0.0,18.0,0.0,1.0
壹桥,0.0,3.0,0.0,1.0
资料,3.0,6.0,0.3333333333333333,0.6666666666666666
看一看,0.0,3.0,0.0,1.0
停牌,0.0,18.0,0.0,1.0
尖端,0.0,6.0,0.0,1.0
630,0.0,3.0,0.0,1.0
可恋,3.0,0.0,1.0,0.0
振幅,0.0,6.0,0.0,1.0
净利润,0.0,42.0,0.0,1.0
大幅度,0.0,3.0,0.0,1.0
对方,0.0,3.0,0.0,1.0
推动,3.0,3.0,0.5,0.5
紧随其后,0.0,3.0,0.0,1.0
26,0.0,3.0,0.0,1.0
凤凰,0.0,3.0,0.0,1.0
轻装上阵,0.0,3.0,0.0,1.0
4900,0.0,6.0,0.0,1.0
塘路,3.0,0.0,1.0,0.0
8273555,0.0,3.0,0.0,1.0
板业,0.0,6.0,0.0,1.0
窦林平,0.0,3.0,0.0,1.0
28,0.0,9.0,0.0,1.0
排名,0.0,15.0,0.0,1.0
会议,0.0,42.0,0.0,1.0
开拓,0.0,3.0,0.0,1.0
如何,0.0,12.0,0.0,1.0
成本,0.0,30.0,0.0,1.0
类,0.0,3.0,0.0,1.0
星光,0.0,3.0,0.0,1.0
140,0.0,6.0,0.0,1.0
以来,3.0,24.0,0.1111111111111111,0.8888888888888888
年度,0.0,24.0,0.0,1.0
推荐,3.0,6.0,0.3333333333333333,0.6666666666666666
占率,0.0,3.0,0.0,1.0
标的,0.0,9.0,0.0,1.0
设立,0.0,33.0,0.0,1.0
位置,0.0,3.0,0.0,1.0
全体,0.0,3.0,0.0,1.0
建成投产,3.0,0.0,1.0,0.0
以上学历,3.0,3.0,0.5,0.5
打,0.0,6.0,0.0,1.0
出海,0.0,3.0,0.0,1.0
电,0.0,6.0,0.0,1.0
全市,0.0,3.0,0.0,1.0
产业化,0.0,3.0,0.0,1.0
tRNib500YEFnkpldSqsGGcvwxOljV8RDvu0n1VmWJN2YWTBzsqs57h2qutkNb2MGChpnZwKJPphlueMg7otjwvg,0.0,3.0,0.0,1.0
基地,3.0,15.0,0.16666666666666666,0.8333333333333334
有关,0.0,3.0,0.0,1.0
速度,0.0,6.0,0.0,1.0
002447,0.0,3.0,0.0,1.0
如下,0.0,9.0,0.0,1.0
目的,0.0,3.0,0.0,1.0
运作,0.0,6.0,0.0,1.0
让,0.0,12.0,0.0,1.0
东侧,3.0,3.0,0.5,0.5
优异,0.0,3.0,0.0,1.0
学,3.0,0.0,1.0,0.0
看好,0.0,3.0,0.0,1.0
002008,0.0,3.0,0.0,1.0
111.88,0.0,9.0,0.0,1.0
下跌,0.0,3.0,0.0,1.0
最大,0.0,9.0,0.0,1.0
不能,0.0,3.0,0.0,1.0
计算,0.0,3.0,0.0,1.0
遇上,0.0,6.0,0.0,1.0
被,0.0,9.0,0.0,1.0
后,0.0,24.0,0.0,1.0
博弈,0.0,3.0,0.0,1.0
生产,0.0,39.0,0.0,1.0
关注,0.0,15.0,0.0,1.0
000988,0.0,3.0,0.0,1.0
今天,0.0,6.0,0.0,1.0
上下游,0.0,12.0,0.0,1.0
指,0.0,9.0,0.0,1.0
第一,0.0,3.0,0.0,1.0
覆,0.0,3.0,0.0,1.0
Altium,0.0,3.0,0.0,1.0
较大,0.0,6.0,0.0,1.0
0.299,0.0,3.0,0.0,1.0
87.36,0.0,3.0,0.0,1.0
如今,0.0,3.0,0.0,1.0
深交所,0.0,3.0,0.0,1.0
募集,0.0,6.0,0.0,1.0
复牌,0.0,9.0,0.0,1.0
公,3.0,0.0,1.0,0.0
168.1098,0.0,3.0,0.0,1.0
最新版,0.0,6.0,0.0,1.0
第十二,0.0,3.0,0.0,1.0
趋势,0.0,15.0,0.0,1.0
家族,0.0,9.0,0.0,1.0
系列,0.0,6.0,0.0,1.0
981.16,0.0,3.0,0.0,1.0
解散,0.0,6.0,0.0,1.0
VAnF4r6VhWiaaWicRk9HUUJGvq4ekibUJicSeP0vYqyooBug2F0Vkm5iaA,0.0,3.0,0.0,1.0
下发,0.0,15.0,0.0,1.0
州,0.0,6.0,0.0,1.0
万润,0.0,3.0,0.0,1.0
人士,0.0,6.0,0.0,1.0
应用领域,0.0,3.0,0.0,1.0
190234740,0.0,3.0,0.0,1.0
除了,0.0,3.0,0.0,1.0
拨付,0.0,9.0,0.0,1.0
厉害,0.0,6.0,0.0,1.0
入驻,0.0,3.0,0.0,1.0
整合,0.0,24.0,0.0,1.0
委员会,0.0,27.0,0.0,1.0
不知,0.0,3.0,0.0,1.0
972,0.0,12.0,0.0,1.0
bHAb3WicW1PLP7ia5KCTwUvdaE5dfckF1nVzOhBInIMvaFcaC6zFqr3dgrH7jZVcCpic9dTdFmxrpq3qIhNnmJQrQ,0.0,6.0,0.0,1.0
一季度,0.0,24.0,0.0,1.0
雷士,0.0,3.0,0.0,1.0
资本,0.0,6.0,0.0,1.0
高性价比,0.0,3.0,0.0,1.0
财务报表,0.0,3.0,0.0,1.0
接受,0.0,3.0,0.0,1.0
股东,0.0,24.0,0.0,1.0
导电,0.0,3.0,0.0,1.0
各自,0.0,3.0,0.0,1.0
技术开发区,0.0,30.0,0.0,1.0
知识产权,0.0,3.0,0.0,1.0
视讯,0.0,3.0,0.0,1.0
2.8,0.0,6.0,0.0,1.0
163.61,0.0,3.0,0.0,1.0
世运,0.0,6.0,0.0,1.0
较,0.0,6.0,0.0,1.0
中国证监会,0.0,3.0,0.0,1.0
实体,0.0,3.0,0.0,1.0
历次,0.0,3.0,0.0,1.0
供应商,0.0,12.0,0.0,1.0
网点,0.0,6.0,0.0,1.0
具体情况,0.0,9.0,0.0,1.0
蓝思,0.0,9.0,0.0,1.0
华东科技,0.0,3.0,0.0,1.0
补贴,0.0,33.0,0.0,1.0
安排,0.0,3.0,0.0,1.0
元,0.0,51.0,0.0,1.0
640,0.0,24.0,0.0,1.0
GQY,0.0,3.0,0.0,1.0
技术改造,0.0,3.0,0.0,1.0
退市,0.0,3.0,0.0,1.0
有华灿,0.0,3.0,0.0,1.0
过程,0.0,3.0,0.0,1.0
月份,0.0,9.0,0.0,1.0
203,0.0,3.0,0.0,1.0
合伙,0.0,9.0,0.0,1.0
一批,3.0,0.0,1.0,0.0
专利,0.0,3.0,0.0,1.0
0YEFnkpldSqsGGcvwxOljV8RDvo6ticwFt6rUUKDkzrwt7CMdWww1BKzia0pIolXicZhEUUbQ52EY0mJQ7w,0.0,3.0,0.0,1.0
UL,0.0,3.0,0.0,1.0
拥有,0.0,6.0,0.0,1.0
利亚德,0.0,3.0,0.0,1.0
主营业务,0.0,6.0,0.0,1.0
取消,0.0,6.0,0.0,1.0
300334,0.0,3.0,0.0,1.0
银泰,0.0,3.0,0.0,1.0
张威,0.0,3.0,0.0,1.0
渤海,0.0,3.0,0.0,1.0
续写,0.0,3.0,0.0,1.0
地州,0.0,3.0,0.0,1.0
受益,0.0,6.0,0.0,1.0
概念股,0.0,3.0,0.0,1.0
乾景,0.0,3.0,0.0,1.0
一带,0.0,6.0,0.0,1.0
建议,0.0,3.0,0.0,1.0
OTC,0.0,3.0,0.0,1.0
称,0.0,36.0,0.0,1.0
外招,9.0,9.0,0.5,0.5
所有,0.0,3.0,0.0,1.0
退伙,0.0,12.0,0.0,1.0
阳光,0.0,9.0,0.0,1.0
前三大,0.0,3.0,0.0,1.0
新区,6.0,0.0,1.0,0.0
能源管理,0.0,3.0,0.0,1.0
能,0.0,9.0,0.0,1.0
团队,0.0,27.0,0.0,1.0
国外,0.0,3.0,0.0,1.0
举办,0.0,3.0,0.0,1.0
亚,0.0,3.0,0.0,1.0
登上,0.0,3.0,0.0,1.0
对,0.0,39.0,0.0,1.0
概述,0.0,3.0,0.0,1.0
合伙人,0.0,9.0,0.0,1.0
1.442,0.0,3.0,0.0,1.0
中,0.0,60.0,0.0,1.0
;,6.0,6.0,0.5,0.5
汇源,0.0,3.0,0.0,1.0
影响,0.0,24.0,0.0,1.0
形象,0.0,3.0,0.0,1.0
辅助,0.0,3.0,0.0,1.0
转移,0.0,6.0,0.0,1.0
高效,0.0,3.0,0.0,1.0
环境影响,0.0,3.0,0.0,1.0
★,0.0,6.0,0.0,1.0
提醒,0.0,3.0,0.0,1.0
国际化,3.0,6.0,0.3333333333333333,0.6666666666666666
2.053,0.0,3.0,0.0,1.0
入选,0.0,15.0,0.0,1.0
580.42,0.0,3.0,0.0,1.0
持续,0.0,6.0,0.0,1.0
贵州,0.0,3.0,0.0,1.0
投票,0.0,9.0,0.0,1.0
项目,6.0,63.0,0.08695652173913043,0.9130434782608695
四家,0.0,6.0,0.0,1.0
作价,0.0,12.0,0.0,1.0
总计,0.0,3.0,0.0,1.0
亿美元,0.0,12.0,0.0,1.0
选择,0.0,3.0,0.0,1.0
一套套,0.0,3.0,0.0,1.0
3000,0.0,6.0,0.0,1.0
又,0.0,18.0,0.0,1.0
300465,0.0,3.0,0.0,1.0
80.23,0.0,3.0,0.0,1.0
净流入,0.0,6.0,0.0,1.0
分别,0.0,36.0,0.0,1.0
兰州,0.0,3.0,0.0,1.0
里,0.0,6.0,0.0,1.0
未来,0.0,15.0,0.0,1.0
合计,0.0,3.0,0.0,1.0
3.1,0.0,3.0,0.0,1.0
总,0.0,12.0,0.0,1.0
2.243,0.0,3.0,0.0,1.0
<,0.0,81.0,0.0,1.0
交易,0.0,51.0,0.0,1.0
快速,0.0,9.0,0.0,1.0
数字,0.0,3.0,0.0,1.0
市场份额,0.0,3.0,0.0,1.0
股东大会,0.0,21.0,0.0,1.0
第六位,0.0,3.0,0.0,1.0
来临,0.0,3.0,0.0,1.0
IVSa0GeFYib2FbOjxPgDd2Hu6H,0.0,3.0,0.0,1.0
该,0.0,15.0,0.0,1.0
中信,0.0,3.0,0.0,1.0
联合,0.0,27.0,0.0,1.0
极大,0.0,3.0,0.0,1.0
IMPACT,0.0,3.0,0.0,1.0
为准,0.0,6.0,0.0,1.0
华灿,0.0,15.0,0.0,1.0
PCB,3.0,12.0,0.2,0.8
36.90,0.0,3.0,0.0,1.0
福清,0.0,3.0,0.0,1.0
业绩,0.0,12.0,0.0,1.0
多年,0.0,6.0,0.0,1.0
其实,0.0,3.0,0.0,1.0
孙清焕,0.0,15.0,0.0,1.0
国内外,0.0,12.0,0.0,1.0
天龙,0.0,3.0,0.0,1.0
井,6.0,0.0,1.0,0.0
聚力,0.0,3.0,0.0,1.0
积极,0.0,6.0,0.0,1.0
穿戴,3.0,0.0,1.0,0.0
灯泡,0.0,3.0,0.0,1.0
?,0.0,90.0,0.0,1.0
为,0.0,159.0,0.0,1.0
欣喜,0.0,3.0,0.0,1.0
所在,0.0,3.0,0.0,1.0
com,3.0,6.0,0.3333333333333333,0.6666666666666666
板块,0.0,12.0,0.0,1.0
墙,0.0,3.0,0.0,1.0
144,0.0,6.0,0.0,1.0
素养,3.0,0.0,1.0,0.0
相关,3.0,45.0,0.0625,0.9375
盈利,0.0,30.0,0.0,1.0
男女,3.0,3.0,0.5,0.5
义务,0.0,6.0,0.0,1.0
体系,0.0,9.0,0.0,1.0
甘肃,0.0,3.0,0.0,1.0
土地,0.0,3.0,0.0,1.0
利润,0.0,15.0,0.0,1.0
租房,3.0,0.0,1.0,0.0
如向,0.0,3.0,0.0,1.0
～,0.0,3.0,0.0,1.0
而木,0.0,9.0,0.0,1.0
晋升,0.0,6.0,0.0,1.0
余杭,0.0,3.0,0.0,1.0
双方,0.0,9.0,0.0,1.0
第十一次,0.0,12.0,0.0,1.0
pic430,0.0,3.0,0.0,1.0
广饶,0.0,6.0,0.0,1.0
多伦,0.0,3.0,0.0,1.0
资源配置,0.0,15.0,0.0,1.0
加之,0.0,3.0,0.0,1.0
thsi,0.0,12.0,0.0,1.0
逐渐,0.0,3.0,0.0,1.0
消费者,0.0,3.0,0.0,1.0
LED,0.0,174.0,0.0,1.0
角色,0.0,3.0,0.0,1.0
品牌化,0.0,3.0,0.0,1.0
很,0.0,3.0,0.0,1.0
电器,0.0,21.0,0.0,1.0
时代,0.0,3.0,0.0,1.0
系,3.0,3.0,0.5,0.5
开发,3.0,0.0,1.0,0.0
人头攒动,3.0,0.0,1.0,0.0
针对,0.0,12.0,0.0,1.0
安置,6.0,0.0,1.0,0.0
0790,3.0,3.0,0.5,0.5
尚,0.0,3.0,0.0,1.0
27,0.0,3.0,0.0,1.0
曹德旺,0.0,3.0,0.0,1.0
15.36,0.0,3.0,0.0,1.0
教师,3.0,0.0,1.0,0.0
洋河,0.0,6.0,0.0,1.0
外国,0.0,6.0,0.0,1.0
体现,0.0,9.0,0.0,1.0
68.65,0.0,3.0,0.0,1.0
非线性,0.0,3.0,0.0,1.0
给予,0.0,3.0,0.0,1.0
更具,0.0,3.0,0.0,1.0
更名,6.0,0.0,1.0,0.0
梁荣佳,0.0,3.0,0.0,1.0
义乌市,0.0,12.0,0.0,1.0
总监,0.0,9.0,0.0,1.0
三强,0.0,9.0,0.0,1.0
威力,3.0,0.0,1.0,0.0
自,0.0,12.0,0.0,1.0
包含,3.0,0.0,1.0,0.0
级,0.0,9.0,0.0,1.0
07,0.0,6.0,0.0,1.0
藏药,0.0,3.0,0.0,1.0
带,0.0,3.0,0.0,1.0
预计,0.0,9.0,0.0,1.0
及时,0.0,12.0,0.0,1.0
基金,0.0,45.0,0.0,1.0
整个,0.0,3.0,0.0,1.0
万,0.0,24.0,0.0,1.0
退出,0.0,3.0,0.0,1.0
远达,0.0,3.0,0.0,1.0
欧元,0.0,24.0,0.0,1.0
民营企业,0.0,3.0,0.0,1.0
主任,0.0,9.0,0.0,1.0
人民币,0.0,21.0,0.0,1.0
营业,0.0,39.0,0.0,1.0
热火朝天,3.0,0.0,1.0,0.0
仅仅,0.0,3.0,0.0,1.0
全方位,0.0,3.0,0.0,1.0
把,0.0,3.0,0.0,1.0
国家,0.0,9.0,0.0,1.0
店铺,0.0,6.0,0.0,1.0
新台阶,0.0,6.0,0.0,1.0
成为,0.0,24.0,0.0,1.0
阻挡,0.0,3.0,0.0,1.0
栏中,0.0,6.0,0.0,1.0
看到,3.0,6.0,0.3333333333333333,0.6666666666666666
拳脚,0.0,3.0,0.0,1.0
医疗,0.0,3.0,0.0,1.0
文件,0.0,6.0,0.0,1.0
企业,3.0,81.0,0.03571428571428571,0.9642857142857143
最新,3.0,0.0,1.0,0.0
步骤,0.0,6.0,0.0,1.0
升至,0.0,3.0,0.0,1.0
副总经理,0.0,3.0,0.0,1.0
目前,0.0,15.0,0.0,1.0
2014,3.0,24.0,0.1111111111111111,0.8888888888888888
中小板,0.0,24.0,0.0,1.0
11.11,0.0,3.0,0.0,1.0
灯珠,0.0,3.0,0.0,1.0
有目共睹,0.0,3.0,0.0,1.0
2017,0.0,114.0,0.0,1.0
产业链,0.0,15.0,0.0,1.0
29,0.0,3.0,0.0,1.0
爆发力,0.0,3.0,0.0,1.0
自筹资金,0.0,15.0,0.0,1.0
铜板,0.0,12.0,0.0,1.0
跨境,0.0,24.0,0.0,1.0
以上,0.0,18.0,0.0,1.0
宣传,0.0,3.0,0.0,1.0
开工,0.0,6.0,0.0,1.0
增加,0.0,9.0,0.0,1.0
无疑,0.0,3.0,0.0,1.0
17,0.0,12.0,0.0,1.0
景气,0.0,3.0,0.0,1.0
使用,0.0,18.0,0.0,1.0
递延,0.0,3.0,0.0,1.0
品牌优势,0.0,3.0,0.0,1.0
之一,0.0,3.0,0.0,1.0
华斯,0.0,3.0,0.0,1.0
),0.0,102.0,0.0,1.0
对应,0.0,3.0,0.0,1.0
100,0.0,24.0,0.0,1.0
亏损,0.0,6.0,0.0,1.0
002504,0.0,3.0,0.0,1.0
206.44,0.0,6.0,0.0,1.0
立场,0.0,3.0,0.0,1.0
趣味,3.0,0.0,1.0,0.0
营收,0.0,33.0,0.0,1.0
05,0.0,18.0,0.0,1.0
倍,0.0,6.0,0.0,1.0
重新,0.0,3.0,0.0,1.0
常山,0.0,3.0,0.0,1.0
财务,0.0,6.0,0.0,1.0
魅力,0.0,3.0,0.0,1.0
结果,0.0,12.0,0.0,1.0
800,0.0,3.0,0.0,1.0
流通渠道,0.0,12.0,0.0,1.0
非常,0.0,3.0,0.0,1.0
继,0.0,6.0,0.0,1.0
万斯,0.0,72.0,0.0,1.0
畅销,0.0,3.0,0.0,1.0
工程设计,0.0,3.0,0.0,1.0
房,6.0,0.0,1.0,0.0
建材,0.0,6.0,0.0,1.0
表现出色,0.0,3.0,0.0,1.0
情势,0.0,3.0,0.0,1.0
1.40,0.0,3.0,0.0,1.0
物料,0.0,3.0,0.0,1.0
能够,0.0,3.0,0.0,1.0
超过,0.0,27.0,0.0,1.0
195,0.0,3.0,0.0,1.0
陈华,0.0,3.0,0.0,1.0
至今,0.0,3.0,0.0,1.0
富源,0.0,3.0,0.0,1.0
后方,0.0,6.0,0.0,1.0
暨,0.0,9.0,0.0,1.0
位,0.0,3.0,0.0,1.0
销售,0.0,69.0,0.0,1.0
报告,0.0,27.0,0.0,1.0
德国,0.0,15.0,0.0,1.0
亿在,0.0,6.0,0.0,1.0
披露,0.0,18.0,0.0,1.0
088.28,0.0,3.0,0.0,1.0
czdxM52HlkJOl4iaW4RavE2WAHOu9PIIOgkTVJnmICxEB62nJ4gxgcN2tQOB6qgIiatxcGgy1icO1ejg,0.0,3.0,0.0,1.0
大道,9.0,3.0,0.75,0.25
值得,0.0,6.0,0.0,1.0
招,0.0,6.0,0.0,1.0
赛摩,0.0,3.0,0.0,1.0
上年,0.0,6.0,0.0,1.0
不超,0.0,3.0,0.0,1.0
杨润,0.0,3.0,0.0,1.0
数额,0.0,3.0,0.0,1.0
通用,0.0,9.0,0.0,1.0
工程,0.0,3.0,0.0,1.0
承包,0.0,3.0,0.0,1.0
就职,0.0,3.0,0.0,1.0
结构,0.0,3.0,0.0,1.0
鸿利,0.0,15.0,0.0,1.0
亿,0.0,45.0,0.0,1.0
更好,0.0,24.0,0.0,1.0
携,0.0,15.0,0.0,1.0
Lighting,0.0,6.0,0.0,1.0
借着,0.0,3.0,0.0,1.0
进入,0.0,12.0,0.0,1.0
34,0.0,3.0,0.0,1.0
领域,0.0,3.0,0.0,1.0
125,0.0,3.0,0.0,1.0
周期,0.0,18.0,0.0,1.0
不懈,0.0,3.0,0.0,1.0
海外,0.0,27.0,0.0,1.0
如期,0.0,3.0,0.0,1.0
专卖,0.0,3.0,0.0,1.0
份额,0.0,9.0,0.0,1.0
第一批,0.0,6.0,0.0,1.0
职业,0.0,3.0,0.0,1.0
智汇,0.0,12.0,0.0,1.0
pngdata,0.0,3.0,0.0,1.0
所有者,0.0,3.0,0.0,1.0
代表,0.0,15.0,0.0,1.0
2.1,0.0,6.0,0.0,1.0
普通,0.0,6.0,0.0,1.0
活跃,0.0,6.0,0.0,1.0
煤矿,3.0,0.0,1.0,0.0
贝达,0.0,3.0,0.0,1.0
法规,0.0,15.0,0.0,1.0
跨国公司,0.0,3.0,0.0,1.0
000,0.0,21.0,0.0,1.0
方正,0.0,3.0,0.0,1.0
财报,0.0,3.0,0.0,1.0
课外,6.0,0.0,1.0,0.0
甜香,0.0,3.0,0.0,1.0
首次,0.0,6.0,0.0,1.0
闽北,0.0,3.0,0.0,1.0
每日,0.0,12.0,0.0,1.0
明星效应,0.0,3.0,0.0,1.0
不再,0.0,6.0,0.0,1.0
各位,0.0,3.0,0.0,1.0
及其,0.0,3.0,0.0,1.0
【,6.0,33.0,0.15384615384615385,0.8461538461538461
900,0.0,9.0,0.0,1.0
jpg,0.0,18.0,0.0,1.0
另外,0.0,6.0,0.0,1.0
12,3.0,0.0,1.0,0.0
马车,0.0,3.0,0.0,1.0
夯实,0.0,3.0,0.0,1.0
十年,0.0,3.0,0.0,1.0
多元化,0.0,3.0,0.0,1.0
化学,0.0,6.0,0.0,1.0
集体,0.0,3.0,0.0,1.0
用友,0.0,3.0,0.0,1.0
审议,0.0,18.0,0.0,1.0
民生,3.0,0.0,1.0,0.0
雨虹,0.0,15.0,0.0,1.0
单位成本,0.0,3.0,0.0,1.0
表达,0.0,3.0,0.0,1.0
圈,0.0,6.0,0.0,1.0
资金,0.0,18.0,0.0,1.0
排版,3.0,3.0,0.5,0.5
综合,0.0,9.0,0.0,1.0
亮化,3.0,0.0,1.0,0.0
龙头,0.0,12.0,0.0,1.0
管理部,0.0,15.0,0.0,1.0
积极响应,0.0,3.0,0.0,1.0
竞争,0.0,6.0,0.0,1.0
光明大道,3.0,3.0,0.5,0.5
截至,3.0,9.0,0.25,0.75
提振,0.0,3.0,0.0,1.0
人员,9.0,15.0,0.375,0.625
查阅,0.0,6.0,0.0,1.0
已经,0.0,24.0,0.0,1.0
淮海中路,0.0,3.0,0.0,1.0
缺席,0.0,3.0,0.0,1.0
向,0.0,15.0,0.0,1.0
分拆,0.0,3.0,0.0,1.0
日冲,0.0,3.0,0.0,1.0
0.3,0.0,3.0,0.0,1.0
封装,0.0,78.0,0.0,1.0
《,0.0,90.0,0.0,1.0
公告,0.0,51.0,0.0,1.0
002475,0.0,3.0,0.0,1.0
0.4,0.0,3.0,0.0,1.0
安顺,0.0,3.0,0.0,1.0
北侧,3.0,3.0,0.5,0.5
起点,0.0,6.0,0.0,1.0
注销,0.0,75.0,0.0,1.0
装修,0.0,3.0,0.0,1.0
光亚展,0.0,6.0,0.0,1.0
制造商,0.0,3.0,0.0,1.0
开启,0.0,3.0,0.0,1.0
采用,0.0,6.0,0.0,1.0
开区,6.0,0.0,1.0,0.0
国光,0.0,6.0,0.0,1.0
踏上,0.0,6.0,0.0,1.0
fbb761d1b2e6a860,0.0,3.0,0.0,1.0
阅读,0.0,6.0,0.0,1.0
本土,0.0,9.0,0.0,1.0
斥资,0.0,12.0,0.0,1.0
支付现金,0.0,12.0,0.0,1.0
已,3.0,36.0,0.07692307692307693,0.9230769230769231
公司地址,3.0,3.0,0.5,0.5
立讯,0.0,9.0,0.0,1.0
忍受,0.0,6.0,0.0,1.0
可能,0.0,3.0,0.0,1.0
涨超,0.0,3.0,0.0,1.0
第二,0.0,12.0,0.0,1.0
光学,0.0,6.0,0.0,1.0
重点,0.0,9.0,0.0,1.0
百年,0.0,12.0,0.0,1.0
根据,0.0,12.0,0.0,1.0
-,9.0,123.0,0.06818181818181818,0.9318181818181818
老朋友,0.0,3.0,0.0,1.0
升级,0.0,9.0,0.0,1.0
242.8725,0.0,3.0,0.0,1.0
战斗,0.0,3.0,0.0,1.0
推广,0.0,15.0,0.0,1.0
委托,0.0,3.0,0.0,1.0
一整套,0.0,3.0,0.0,1.0
以及,0.0,39.0,0.0,1.0
随之,0.0,3.0,0.0,1.0
创新能力,0.0,3.0,0.0,1.0
尤其,0.0,3.0,0.0,1.0
特定,0.0,6.0,0.0,1.0
家具,0.0,6.0,0.0,1.0
招商,0.0,3.0,0.0,1.0
中山,0.0,24.0,0.0,1.0
境内,0.0,3.0,0.0,1.0
名,0.0,9.0,0.0,1.0
态势,0.0,6.0,0.0,1.0
函,0.0,15.0,0.0,1.0
应邀参加,0.0,3.0,0.0,1.0
当年,0.0,9.0,0.0,1.0
电子产品,0.0,3.0,0.0,1.0
目前为止,0.0,3.0,0.0,1.0
第三季度,0.0,6.0,0.0,1.0
工作汇报,0.0,3.0,0.0,1.0
存续,0.0,6.0,0.0,1.0
明芯,0.0,39.0,0.0,1.0
会,3.0,9.0,0.25,0.75
首批,0.0,9.0,0.0,1.0
销售部,0.0,15.0,0.0,1.0
分销,0.0,3.0,0.0,1.0
全年,0.0,12.0,0.0,1.0
应能,0.0,3.0,0.0,1.0
营收前,0.0,6.0,0.0,1.0
供应,0.0,6.0,0.0,1.0
合力,3.0,0.0,1.0,0.0
；,0.0,66.0,0.0,1.0
e,0.0,12.0,0.0,1.0
投入,0.0,9.0,0.0,1.0
学生,6.0,0.0,1.0,0.0
协助,0.0,3.0,0.0,1.0
317.71,0.0,6.0,0.0,1.0
比较,0.0,3.0,0.0,1.0
当日,0.0,3.0,0.0,1.0
专卖店,0.0,3.0,0.0,1.0
一起,0.0,9.0,0.0,1.0
巧用,0.0,3.0,0.0,1.0
这种,0.0,3.0,0.0,1.0
二十,0.0,3.0,0.0,1.0
日亚,0.0,6.0,0.0,1.0
间接,0.0,6.0,0.0,1.0
水,0.0,3.0,0.0,1.0
274,0.0,3.0,0.0,1.0
历史使命,0.0,3.0,0.0,1.0
0.003,0.0,3.0,0.0,1.0
惊喜,0.0,3.0,0.0,1.0
违反,0.0,3.0,0.0,1.0
田玄路,3.0,0.0,1.0,0.0
完整,0.0,3.0,0.0,1.0
配套,0.0,6.0,0.0,1.0
跌幅,0.0,6.0,0.0,1.0
销售额,0.0,3.0,0.0,1.0
显示屏,0.0,3.0,0.0,1.0
竞标,0.0,6.0,0.0,1.0
照明,6.0,261.0,0.02247191011235955,0.9775280898876404
精神,0.0,3.0,0.0,1.0
名单,0.0,6.0,0.0,1.0
加工,0.0,3.0,0.0,1.0
金科,0.0,3.0,0.0,1.0
为了,0.0,6.0,0.0,1.0
用覆,0.0,3.0,0.0,1.0
64,0.0,3.0,0.0,1.0
好,0.0,3.0,0.0,1.0
相识,0.0,3.0,0.0,1.0
避免,0.0,6.0,0.0,1.0
还,0.0,18.0,0.0,1.0
问题,0.0,18.0,0.0,1.0
产值,0.0,3.0,0.0,1.0
教育,0.0,12.0,0.0,1.0
意见,0.0,3.0,0.0,1.0
十六,0.0,3.0,0.0,1.0
因,0.0,3.0,0.0,1.0
原材料,0.0,6.0,0.0,1.0
目标,0.0,6.0,0.0,1.0
并,0.0,69.0,0.0,1.0
工期,3.0,0.0,1.0,0.0
香港,0.0,30.0,0.0,1.0
放量,0.0,3.0,0.0,1.0
欧司朗,0.0,45.0,0.0,1.0
出击,0.0,6.0,0.0,1.0
在,3.0,171.0,0.017241379310344827,0.9827586206896551
抗,0.0,3.0,0.0,1.0
FPC,3.0,3.0,0.5,0.5
自主,0.0,3.0,0.0,1.0
19,0.0,6.0,0.0,1.0
二季度,0.0,3.0,0.0,1.0
对标,0.0,3.0,0.0,1.0
|,0.0,9.0,0.0,1.0
信号,0.0,3.0,0.0,1.0
54.77,0.0,6.0,0.0,1.0
大酒店,0.0,3.0,0.0,1.0
49,0.0,3.0,0.0,1.0
印发,0.0,6.0,0.0,1.0
天山,0.0,3.0,0.0,1.0
游资,0.0,9.0,0.0,1.0
莫淑婷,0.0,6.0,0.0,1.0
出去,0.0,3.0,0.0,1.0
告知,0.0,3.0,0.0,1.0
呈现,0.0,6.0,0.0,1.0
于木,0.0,3.0,0.0,1.0
这个,0.0,3.0,0.0,1.0
星辰,0.0,3.0,0.0,1.0
研发,3.0,30.0,0.09090909090909091,0.9090909090909091
指出,0.0,3.0,0.0,1.0
注册资本,0.0,12.0,0.0,1.0
整体,0.0,36.0,0.0,1.0
变,0.0,3.0,0.0,1.0
正文,0.0,3.0,0.0,1.0
朗德,0.0,72.0,0.0,1.0
家长学校,3.0,0.0,1.0,0.0
980,0.0,3.0,0.0,1.0
下降,0.0,3.0,0.0,1.0
昨日,0.0,12.0,0.0,1.0
老总,0.0,3.0,0.0,1.0
应用,0.0,33.0,0.0,1.0
支出,0.0,3.0,0.0,1.0
地球,0.0,3.0,0.0,1.0
提,0.0,3.0,0.0,1.0
履行,0.0,6.0,0.0,1.0
水平,0.0,3.0,0.0,1.0
全面,0.0,9.0,0.0,1.0
规范,0.0,6.0,0.0,1.0
费用,0.0,12.0,0.0,1.0
捷捷,0.0,6.0,0.0,1.0
全固态,0.0,3.0,0.0,1.0
年,3.0,189.0,0.015625,0.984375
31.242,0.0,3.0,0.0,1.0
领军,0.0,3.0,0.0,1.0
使得,0.0,3.0,0.0,1.0
只,0.0,12.0,0.0,1.0
/,0.0,396.0,0.0,1.0
89,0.0,3.0,0.0,1.0
常州,0.0,3.0,0.0,1.0
很大,0.0,3.0,0.0,1.0
缩影,3.0,3.0,0.5,0.5
免费,0.0,3.0,0.0,1.0
国,0.0,3.0,0.0,1.0
年木,0.0,3.0,0.0,1.0
招股,0.0,9.0,0.0,1.0
建平,0.0,3.0,0.0,1.0
归属于,0.0,12.0,0.0,1.0
大,0.0,30.0,0.0,1.0
倒排,3.0,0.0,1.0,0.0
',0.0,6.0,0.0,1.0
生物学科,3.0,0.0,1.0,0.0
扩张,0.0,6.0,0.0,1.0
余彬,0.0,3.0,0.0,1.0
激光器,0.0,3.0,0.0,1.0
们,0.0,9.0,0.0,1.0
一篇,0.0,9.0,0.0,1.0
09318279666,0.0,3.0,0.0,1.0
sV7NckHwFs2S7Lhz1tINlmo5vBkmgoHr5pEpBWWKPJmX55LzwO8Eqkiap0HibUvtnZqZnqkTovqoFRnx0w,0.0,3.0,0.0,1.0
积累,0.0,3.0,0.0,1.0
那木,0.0,3.0,0.0,1.0
传统,0.0,12.0,0.0,1.0
40,3.0,18.0,0.14285714285714285,0.8571428571428571
000712,0.0,3.0,0.0,1.0
一家,0.0,3.0,0.0,1.0
打下基础,0.0,3.0,0.0,1.0
近期,0.0,18.0,0.0,1.0
福斯特,0.0,3.0,0.0,1.0
解决方案,0.0,3.0,0.0,1.0
资质,0.0,3.0,0.0,1.0
降低,0.0,24.0,0.0,1.0
09,0.0,18.0,0.0,1.0
法律,0.0,21.0,0.0,1.0
著名,0.0,3.0,0.0,1.0
kpldSqsGGcvwxOljV8RDv5uia0yVpiaj37o7icibMnMfbdx3oo1wLJvjyMxI4uM2qAO8icGOXG29ibqPA,0.0,3.0,0.0,1.0
大手笔,0.0,6.0,0.0,1.0
效益,0.0,15.0,0.0,1.0
战略性,0.0,3.0,0.0,1.0
第十三次,0.0,3.0,0.0,1.0
转,0.0,3.0,0.0,1.0
竞争力,0.0,9.0,0.0,1.0
着,0.0,3.0,0.0,1.0
李总在,0.0,3.0,0.0,1.0
14.57,0.0,3.0,0.0,1.0
成立,6.0,36.0,0.14285714285714285,0.8571428571428571
登榜,0.0,6.0,0.0,1.0
用于,0.0,15.0,0.0,1.0
教研组,3.0,0.0,1.0,0.0
培养,0.0,6.0,0.0,1.0
北京,0.0,3.0,0.0,1.0
3,0.0,90.0,0.0,1.0
灯具,0.0,3.0,0.0,1.0
董秘,0.0,6.0,0.0,1.0
IMAGE,0.0,72.0,0.0,1.0
药业,0.0,6.0,0.0,1.0
0.0,0.0,18.0,0.0,1.0
拉动,0.0,3.0,0.0,1.0
约合,0.0,6.0,0.0,1.0
股票代码,0.0,6.0,0.0,1.0
2.85,0.0,3.0,0.0,1.0
反过来,0.0,3.0,0.0,1.0
活动,0.0,6.0,0.0,1.0
再,0.0,6.0,0.0,1.0
基础,0.0,6.0,0.0,1.0
宋城,0.0,3.0,0.0,1.0
之所以,0.0,3.0,0.0,1.0
初步,0.0,3.0,0.0,1.0
报表,0.0,3.0,0.0,1.0
重大项目,3.0,0.0,1.0,0.0
更加,0.0,3.0,0.0,1.0
六中,12.0,0.0,1.0,0.0
8.2,0.0,3.0,0.0,1.0
85.27,0.0,3.0,0.0,1.0
面临,0.0,3.0,0.0,1.0
路,6.0,3.0,0.6666666666666666,0.3333333333333333
修订,0.0,3.0,0.0,1.0
002745,0.0,72.0,0.0,1.0
效应,0.0,3.0,0.0,1.0
软件,3.0,6.0,0.3333333333333333,0.6666666666666666
42.22,0.0,3.0,0.0,1.0
000605,0.0,3.0,0.0,1.0
光亚,0.0,6.0,0.0,1.0
经销商,0.0,27.0,0.0,1.0
600703,0.0,3.0,0.0,1.0
552,0.0,3.0,0.0,1.0
000791,0.0,3.0,0.0,1.0
稿,0.0,3.0,0.0,1.0
组合,0.0,3.0,0.0,1.0
讲解,0.0,3.0,0.0,1.0
精通,0.0,3.0,0.0,1.0
究竟,0.0,9.0,0.0,1.0
黄红云,0.0,3.0,0.0,1.0
120.6,0.0,9.0,0.0,1.0
蛇吞象,0.0,27.0,0.0,1.0
控制,0.0,6.0,0.0,1.0
684,0.0,3.0,0.0,1.0
讯,0.0,6.0,0.0,1.0
过去,0.0,6.0,0.0,1.0
杨小姐,0.0,3.0,0.0,1.0
帮助,3.0,0.0,1.0,0.0
MClalmDev260fzrHmYnEicia4icLlI3Cds2rryqmqbKXBfOJkxesFOOZCWo5RMKgTX8NE3lDOZibg,0.0,3.0,0.0,1.0
1000,0.0,3.0,0.0,1.0
园林,0.0,9.0,0.0,1.0
核准,0.0,6.0,0.0,1.0
限制,0.0,9.0,0.0,1.0
一旦,0.0,3.0,0.0,1.0
方式,0.0,30.0,0.0,1.0
上述,0.0,21.0,0.0,1.0
净资产,0.0,18.0,0.0,1.0
东北部,0.0,3.0,0.0,1.0
了解,3.0,21.0,0.125,0.875
对木,0.0,12.0,0.0,1.0
导热性,0.0,3.0,0.0,1.0
漫漫,3.0,0.0,1.0,0.0
02,0.0,24.0,0.0,1.0
17307901759,0.0,3.0,0.0,1.0
连续,0.0,15.0,0.0,1.0
总体,0.0,3.0,0.0,1.0
紫外,0.0,6.0,0.0,1.0
中科,0.0,3.0,0.0,1.0
李总,0.0,6.0,0.0,1.0
表像,0.0,3.0,0.0,1.0
具,0.0,12.0,0.0,1.0
取得,0.0,12.0,0.0,1.0
新闻,0.0,24.0,0.0,1.0
拆分,0.0,3.0,0.0,1.0
不会,0.0,6.0,0.0,1.0
mlszpliu,3.0,3.0,0.5,0.5
9.992,0.0,3.0,0.0,1.0
樟树,3.0,0.0,1.0,0.0
棚户区,3.0,0.0,1.0,0.0
qlogo,0.0,3.0,0.0,1.0
莫过于,0.0,3.0,0.0,1.0
招聘,0.0,6.0,0.0,1.0
000586,0.0,3.0,0.0,1.0
发光,0.0,6.0,0.0,1.0
一周,0.0,3.0,0.0,1.0
东芝,0.0,6.0,0.0,1.0
涨,0.0,9.0,0.0,1.0
OSRAM,0.0,3.0,0.0,1.0
对于,0.0,9.0,0.0,1.0
早,0.0,3.0,0.0,1.0
信心,0.0,3.0,0.0,1.0
3.4,0.0,3.0,0.0,1.0
编辑,0.0,6.0,0.0,1.0
浙南,0.0,3.0,0.0,1.0
大力,3.0,0.0,1.0,0.0
制作,3.0,9.0,0.25,0.75
不可或缺,0.0,3.0,0.0,1.0
一段,0.0,3.0,0.0,1.0
上市,0.0,9.0,0.0,1.0
席位,0.0,9.0,0.0,1.0
2.113,0.0,3.0,0.0,1.0
随着,0.0,6.0,0.0,1.0
花朵,0.0,3.0,0.0,1.0
收于,0.0,3.0,0.0,1.0
陈燕生,0.0,6.0,0.0,1.0
损失,0.0,3.0,0.0,1.0
出海口,0.0,6.0,0.0,1.0
华帝,0.0,3.0,0.0,1.0
决定,0.0,12.0,0.0,1.0
同行业,0.0,6.0,0.0,1.0
潜心,0.0,3.0,0.0,1.0
蝉联冠军,0.0,3.0,0.0,1.0
网络,0.0,15.0,0.0,1.0
961,0.0,9.0,0.0,1.0
仅,0.0,9.0,0.0,1.0
未,0.0,21.0,0.0,1.0
大陆,0.0,18.0,0.0,1.0
吉,0.0,3.0,0.0,1.0
产业基地,0.0,3.0,0.0,1.0
离不开,0.0,3.0,0.0,1.0
13,0.0,6.0,0.0,1.0
办发,0.0,3.0,0.0,1.0
扮演,0.0,3.0,0.0,1.0
报价,0.0,3.0,0.0,1.0
微,0.0,3.0,0.0,1.0
出具,0.0,3.0,0.0,1.0
亿购,0.0,3.0,0.0,1.0
优势,0.0,15.0,0.0,1.0
参加,0.0,3.0,0.0,1.0
上,0.0,51.0,0.0,1.0
161,0.0,3.0,0.0,1.0
学习,6.0,0.0,1.0,0.0
灯饰,0.0,9.0,0.0,1.0
109.56,0.0,3.0,0.0,1.0
http,0.0,72.0,0.0,1.0
现场,3.0,3.0,0.5,0.5
优秀,0.0,6.0,0.0,1.0
0.375,0.0,3.0,0.0,1.0
证券,0.0,21.0,0.0,1.0
收前,0.0,3.0,0.0,1.0
长沙,0.0,3.0,0.0,1.0
杭州,0.0,6.0,0.0,1.0
不锈钢,0.0,3.0,0.0,1.0
工程施工,0.0,3.0,0.0,1.0
特别,0.0,9.0,0.0,1.0
张海妮,0.0,6.0,0.0,1.0
Uk4xQjqVibvzMluaqAiaic2vicYkYWtUU5yia5usIOJK6aIwvV0NbuY6KQSicyo4xGXwTqUWS2j6UQ,0.0,3.0,0.0,1.0
释放,0.0,9.0,0.0,1.0
执行,0.0,6.0,0.0,1.0
收盘价,0.0,3.0,0.0,1.0
示范,0.0,12.0,0.0,1.0
601688,0.0,3.0,0.0,1.0
设计,0.0,3.0,0.0,1.0
换手率,0.0,3.0,0.0,1.0
20,3.0,18.0,0.14285714285714285,0.8571428571428571
发行股票,0.0,6.0,0.0,1.0
1,3.0,63.0,0.045454545454545456,0.9545454545454546
截止,0.0,15.0,0.0,1.0
并购,0.0,84.0,0.0,1.0
点击,0.0,3.0,0.0,1.0
太空,0.0,6.0,0.0,1.0
均,0.0,21.0,0.0,1.0
为辅,0.0,3.0,0.0,1.0
全自动,0.0,3.0,0.0,1.0
挺身而出,0.0,3.0,0.0,1.0
等,12.0,96.0,0.1111111111111111,0.8888888888888888
市场占有率,0.0,12.0,0.0,1.0
成功,0.0,6.0,0.0,1.0
带动,0.0,6.0,0.0,1.0
高端,0.0,3.0,0.0,1.0
电商,0.0,27.0,0.0,1.0
专注,0.0,3.0,0.0,1.0
SZ,0.0,6.0,0.0,1.0
道,0.0,3.0,0.0,1.0
落户,0.0,6.0,0.0,1.0
影响力,0.0,6.0,0.0,1.0
却是,0.0,3.0,0.0,1.0
LEDVANCE,0.0,108.0,0.0,1.0
人民政府,0.0,6.0,0.0,1.0
录取,0.0,6.0,0.0,1.0
展览会,0.0,3.0,0.0,1.0
配置,0.0,6.0,0.0,1.0
财务状况,0.0,3.0,0.0,1.0
300,0.0,18.0,0.0,1.0
再次发生,0.0,3.0,0.0,1.0
能源,3.0,0.0,1.0,0.0
优化,0.0,18.0,0.0,1.0
程序,0.0,6.0,0.0,1.0
元整,0.0,12.0,0.0,1.0
暂定名,0.0,6.0,0.0,1.0
亮相,0.0,12.0,0.0,1.0
365,0.0,9.0,0.0,1.0
出席,0.0,9.0,0.0,1.0
激发,3.0,0.0,1.0,0.0
050,0.0,3.0,0.0,1.0
预案,0.0,9.0,0.0,1.0
导致,0.0,3.0,0.0,1.0
成品,0.0,21.0,0.0,1.0
策略,0.0,9.0,0.0,1.0
股票,0.0,12.0,0.0,1.0
146,0.0,3.0,0.0,1.0
贸易,0.0,3.0,0.0,1.0
日前,0.0,6.0,0.0,1.0
一件件,0.0,3.0,0.0,1.0
Q,0.0,6.0,0.0,1.0
真正,0.0,3.0,0.0,1.0
设备,0.0,15.0,0.0,1.0
足以,0.0,3.0,0.0,1.0
同场竞技,0.0,3.0,0.0,1.0
porote199se,0.0,3.0,0.0,1.0
坤彩,0.0,3.0,0.0,1.0
间距,0.0,3.0,0.0,1.0
锦富,0.0,3.0,0.0,1.0
工程师,3.0,3.0,0.5,0.5
分析师,0.0,3.0,0.0,1.0
提出,0.0,3.0,0.0,1.0
实施,0.0,9.0,0.0,1.0
完善,0.0,15.0,0.0,1.0
买入,0.0,9.0,0.0,1.0
以,0.0,42.0,0.0,1.0
各类,0.0,3.0,0.0,1.0
大举,0.0,3.0,0.0,1.0
披,0.0,3.0,0.0,1.0
工序,0.0,3.0,0.0,1.0
投资者,0.0,12.0,0.0,1.0
情形,0.0,3.0,0.0,1.0
进军,0.0,3.0,0.0,1.0
昆明,0.0,3.0,0.0,1.0
收购,0.0,105.0,0.0,1.0
前,0.0,21.0,0.0,1.0
京基,0.0,3.0,0.0,1.0
营,0.0,6.0,0.0,1.0
存在,0.0,3.0,0.0,1.0
江西,3.0,63.0,0.045454545454545456,0.9545454545454546
从而,0.0,3.0,0.0,1.0
按照,0.0,6.0,0.0,1.0
2043,0.0,3.0,0.0,1.0
显著,0.0,3.0,0.0,1.0
集聚,0.0,3.0,0.0,1.0
839.02,0.0,3.0,0.0,1.0
办事处,0.0,9.0,0.0,1.0
吸取教训,0.0,3.0,0.0,1.0
购买,0.0,3.0,0.0,1.0
机器设备,0.0,9.0,0.0,1.0
棕榈,0.0,6.0,0.0,1.0
健康,0.0,3.0,0.0,1.0
同期,0.0,6.0,0.0,1.0
总经理,0.0,12.0,0.0,1.0
实现,0.0,57.0,0.0,1.0
商务,0.0,48.0,0.0,1.0
陈金霞,0.0,3.0,0.0,1.0
002494,0.0,3.0,0.0,1.0
300128,0.0,3.0,0.0,1.0
新,0.0,42.0,0.0,1.0
四倍,0.0,6.0,0.0,1.0
上涨,0.0,6.0,0.0,1.0
是,6.0,90.0,0.0625,0.9375
义乌,0.0,27.0,0.0,1.0
议案,0.0,24.0,0.0,1.0
谢兵,0.0,6.0,0.0,1.0
众多,0.0,6.0,0.0,1.0
很多,0.0,6.0,0.0,1.0
授权,0.0,12.0,0.0,1.0
天河,3.0,0.0,1.0,0.0
网站,0.0,3.0,0.0,1.0
远大,0.0,3.0,0.0,1.0
警示,0.0,3.0,0.0,1.0
观察,0.0,3.0,0.0,1.0
规模,0.0,12.0,0.0,1.0
御晟,0.0,3.0,0.0,1.0
>,0.0,114.0,0.0,1.0
家装,0.0,6.0,0.0,1.0
26.18,0.0,3.0,0.0,1.0
2015,0.0,12.0,0.0,1.0
美国,0.0,3.0,0.0,1.0
15,0.0,9.0,0.0,1.0
888,3.0,3.0,0.5,0.5
技术,0.0,30.0,0.0,1.0
高新,0.0,3.0,0.0,1.0
产生,0.0,9.0,0.0,1.0
小榄,0.0,9.0,0.0,1.0
结合,0.0,3.0,0.0,1.0
21,0.0,6.0,0.0,1.0
合同,0.0,6.0,0.0,1.0
通过,0.0,63.0,0.0,1.0
损害,0.0,6.0,0.0,1.0
时间,0.0,3.0,0.0,1.0
通宇,0.0,6.0,0.0,1.0
方面,0.0,15.0,0.0,1.0
将会,0.0,3.0,0.0,1.0
晶体,0.0,3.0,0.0,1.0
出现,0.0,3.0,0.0,1.0
各方,0.0,3.0,0.0,1.0
活跃度,0.0,3.0,0.0,1.0
任职,0.0,3.0,0.0,1.0
电子商务,0.0,33.0,0.0,1.0
经营,0.0,45.0,0.0,1.0
什么样,0.0,3.0,0.0,1.0
封胶机,0.0,3.0,0.0,1.0
55,0.0,3.0,0.0,1.0
688,0.0,3.0,0.0,1.0
SRC,0.0,72.0,0.0,1.0
大展,0.0,3.0,0.0,1.0
弘高,0.0,3.0,0.0,1.0
考,3.0,0.0,1.0,0.0
窥探,0.0,3.0,0.0,1.0
4897.2,0.0,3.0,0.0,1.0
日起,0.0,3.0,0.0,1.0
地,0.0,3.0,0.0,1.0
临安,0.0,3.0,0.0,1.0
597,0.0,3.0,0.0,1.0
北上,0.0,6.0,0.0,1.0
行业,0.0,48.0,0.0,1.0
中徕,0.0,3.0,0.0,1.0
涨停,0.0,9.0,0.0,1.0
财团,0.0,6.0,0.0,1.0
知其,0.0,3.0,0.0,1.0
123,0.0,3.0,0.0,1.0
0af1cd1a4300d1d2,0.0,3.0,0.0,1.0
特意,0.0,3.0,0.0,1.0
欢迎,0.0,3.0,0.0,1.0
以下,0.0,69.0,0.0,1.0
比,0.0,12.0,0.0,1.0
岁,3.0,3.0,0.5,0.5
有何,0.0,3.0,0.0,1.0
达到,0.0,9.0,0.0,1.0
329.83,0.0,6.0,0.0,1.0
新股,0.0,3.0,0.0,1.0
有限公司,0.0,171.0,0.0,1.0
1608,0.0,3.0,0.0,1.0
深入,0.0,6.0,0.0,1.0
期待,0.0,12.0,0.0,1.0
绿色,0.0,27.0,0.0,1.0
高新区,3.0,3.0,0.5,0.5
前景,0.0,3.0,0.0,1.0
08,0.0,3.0,0.0,1.0
之外,0.0,3.0,0.0,1.0
启示,0.0,6.0,0.0,1.0
蝉联,0.0,3.0,0.0,1.0
个,0.0,15.0,0.0,1.0
林森,24.0,1140.0,0.020618556701030927,0.979381443298969
元器件,0.0,6.0,0.0,1.0
支持,0.0,15.0,0.0,1.0
参与,0.0,6.0,0.0,1.0
预估,0.0,3.0,0.0,1.0
历史悠久,0.0,3.0,0.0,1.0
财务决算,0.0,3.0,0.0,1.0
6,3.0,30.0,0.09090909090909091,0.9090909090909091
反对,0.0,9.0,0.0,1.0
中信证券,0.0,9.0,0.0,1.0
欧普,0.0,6.0,0.0,1.0
集团,0.0,36.0,0.0,1.0
CHKibAyqBoQOMjRTTtPEiabeWessg49xcYs2GUVv0IKfBjgol3uiaHf0A,0.0,3.0,0.0,1.0
再度,0.0,3.0,0.0,1.0
星星,0.0,6.0,0.0,1.0
华泰,0.0,9.0,0.0,1.0
产业园,3.0,6.0,0.3333333333333333,0.6666666666666666
秘书长,0.0,3.0,0.0,1.0
所致,0.0,6.0,0.0,1.0
北路,0.0,3.0,0.0,1.0
数家,0.0,3.0,0.0,1.0
603826,0.0,3.0,0.0,1.0
多,3.0,6.0,0.3333333333333333,0.6666666666666666
4,0.0,39.0,0.0,1.0
服务平台,0.0,3.0,0.0,1.0
电子,0.0,27.0,0.0,1.0
生物,24.0,0.0,1.0,0.0
不仅,0.0,6.0,0.0,1.0
福耀,0.0,3.0,0.0,1.0
2176,0.0,3.0,0.0,1.0
这一,0.0,12.0,0.0,1.0
据悉,0.0,3.0,0.0,1.0
更是,0.0,9.0,0.0,1.0
记者,3.0,30.0,0.09090909090909091,0.9090909090909091
新兴,0.0,3.0,0.0,1.0
新增,0.0,6.0,0.0,1.0
说,0.0,9.0,0.0,1.0
12.55,0.0,6.0,0.0,1.0
有条不紊,3.0,0.0,1.0,0.0
学会,0.0,3.0,0.0,1.0
基于,0.0,15.0,0.0,1.0
_,0.0,111.0,0.0,1.0
7103333,3.0,3.0,0.5,0.5
事务,0.0,3.0,0.0,1.0
Genesis,3.0,3.0,0.5,0.5
国内,0.0,51.0,0.0,1.0
对外,0.0,12.0,0.0,1.0
极好,0.0,6.0,0.0,1.0
轻描淡写,0.0,3.0,0.0,1.0
资源,0.0,3.0,0.0,1.0
之后,0.0,24.0,0.0,1.0
借力,0.0,3.0,0.0,1.0
镇,0.0,3.0,0.0,1.0
展会,0.0,9.0,0.0,1.0
爱旭,0.0,3.0,0.0,1.0
合并,0.0,39.0,0.0,1.0
科锐,0.0,9.0,0.0,1.0
29.31,0.0,6.0,0.0,1.0
个股,0.0,27.0,0.0,1.0
伴随,0.0,3.0,0.0,1.0
科技,3.0,63.0,0.045454545454545456,0.9545454545454546
现状,0.0,3.0,0.0,1.0
引导,0.0,6.0,0.0,1.0
兴盛,0.0,3.0,0.0,1.0
下线,0.0,3.0,0.0,1.0
机构,0.0,18.0,0.0,1.0
回落,0.0,3.0,0.0,1.0
tUdZ6yE1DO3pJ6Wprr12sfK5SDfialJkOZXwRxWH8mvXlYQgyCpeh3Q5aUwA,0.0,3.0,0.0,1.0
清算,0.0,30.0,0.0,1.0
募投,0.0,6.0,0.0,1.0
为主,0.0,3.0,0.0,1.0
不仅仅,0.0,3.0,0.0,1.0
13.5,0.0,3.0,0.0,1.0
而且,0.0,6.0,0.0,1.0
东南亚地区,0.0,3.0,0.0,1.0
建材市场,0.0,3.0,0.0,1.0
315.84,0.0,3.0,0.0,1.0
建设,15.0,21.0,0.4166666666666667,0.5833333333333334
%,0.0,138.0,0.0,1.0
38.82,0.0,6.0,0.0,1.0
摘要,0.0,3.0,0.0,1.0
将,0.0,69.0,0.0,1.0
全省,0.0,3.0,0.0,1.0
联系电话,3.0,6.0,0.3333333333333333,0.6666666666666666
电投,0.0,3.0,0.0,1.0
诠释,0.0,3.0,0.0,1.0
PuS4uBg371jJuclbicHUF4OF8AUV680wDFq16ZaSXJDXaCic0nLMWXj8N0WLBhqQvIUBhevLQyRCyLcdkp3ndzEg,0.0,3.0,0.0,1.0
笔者,0.0,3.0,0.0,1.0
002222,0.0,3.0,0.0,1.0
隔空,0.0,3.0,0.0,1.0
知识性,3.0,0.0,1.0,0.0
(,0.0,96.0,0.0,1.0
　,0.0,789.0,0.0,1.0
（,15.0,264.0,0.053763440860215055,0.946236559139785
碳元,0.0,3.0,0.0,1.0
兴趣,3.0,0.0,1.0,0.0
296.17,0.0,6.0,0.0,1.0
更,3.0,15.0,0.16666666666666666,0.8333333333333334
安防,0.0,3.0,0.0,1.0
举行,0.0,3.0,0.0,1.0
002271,0.0,3.0,0.0,1.0
表示,0.0,36.0,0.0,1.0
仇,0.0,3.0,0.0,1.0
二期,3.0,0.0,1.0,0.0
全通,0.0,6.0,0.0,1.0
十大,0.0,6.0,0.0,1.0
LP,0.0,12.0,0.0,1.0
润欣,0.0,3.0,0.0,1.0
方可,0.0,3.0,0.0,1.0
标准厂房,3.0,0.0,1.0,0.0
饰,0.0,3.0,0.0,1.0
财务数据,0.0,15.0,0.0,1.0
申报,0.0,3.0,0.0,1.0
伟达,0.0,3.0,0.0,1.0
彩虹,0.0,3.0,0.0,1.0
14,0.0,6.0,0.0,1.0
百亿元,0.0,3.0,0.0,1.0
材料,0.0,12.0,0.0,1.0
缘由,0.0,3.0,0.0,1.0
巨头,0.0,21.0,0.0,1.0
增强,0.0,6.0,0.0,1.0
本次,0.0,54.0,0.0,1.0
泰国,0.0,12.0,0.0,1.0
城中村,3.0,0.0,1.0,0.0
●,0.0,3.0,0.0,1.0
国产,0.0,3.0,0.0,1.0
300344,0.0,3.0,0.0,1.0
公司,0.0,318.0,0.0,1.0
进行,3.0,27.0,0.1,0.9
龙虎榜,0.0,3.0,0.0,1.0
吉在,0.0,3.0,0.0,1.0
拟以,0.0,9.0,0.0,1.0
姜伟,0.0,3.0,0.0,1.0
出来,0.0,6.0,0.0,1.0
优势互补,0.0,6.0,0.0,1.0
苹果,0.0,3.0,0.0,1.0
全新,0.0,6.0,0.0,1.0
智能家居,0.0,3.0,0.0,1.0
亦,0.0,3.0,0.0,1.0
25.6,0.0,3.0,0.0,1.0
太平洋,0.0,6.0,0.0,1.0
g,0.0,3.0,0.0,1.0
设想,0.0,3.0,0.0,1.0
弃权,0.0,18.0,0.0,1.0
三年,0.0,15.0,0.0,1.0
周末,0.0,3.0,0.0,1.0
发行,0.0,21.0,0.0,1.0
市占率,0.0,6.0,0.0,1.0
工业,0.0,9.0,0.0,1.0
上海市,0.0,6.0,0.0,1.0
八部,3.0,3.0,0.5,0.5
机械,3.0,3.0,0.5,0.5
需要,0.0,6.0,0.0,1.0
金色,0.0,3.0,0.0,1.0
合作,0.0,9.0,0.0,1.0
协同,0.0,3.0,0.0,1.0
深圳,3.0,15.0,0.16666666666666666,0.8333333333333334
液晶显示,0.0,3.0,0.0,1.0
洗牌,0.0,3.0,0.0,1.0
内,0.0,3.0,0.0,1.0
参展,0.0,3.0,0.0,1.0
呈,0.0,3.0,0.0,1.0
